{
	"dissimilarities": [[0.0, 8.189928999889135, 15.89445792174628, 25.878603200034796, 17.29754677088092, 10.41038483002819, 6.484154415286007, 41.17661575413175, 48.16521716364957, 56.581612598124295, 63.85268170419221, 72.1082638619595, 65.53704567309077, 57.14323254112173, 48.723212449744956, 17.53823941187971, 18.727281096848333, 21.081128623846066, 26.85874985908229, 33.50361125308604, 30.291276423022673, 23.592566026187868, 15.730395594902562, 9.89131633582659, 10.739658534569243, 48.43515311959396, 55.866362203136056, 61.9734750299984, 70.10752024546389, 76.35710718213673, 75.43198412351099, 68.99660925214728, 60.61934555860724, 54.26580077777351, 48.086878526313654, 18.494992047742812, 26.223698208130386, 34.99087927464786, 37.06571004308, 45.37305301921292, 53.26929337495851, 58.06894276862363, 59.71088698432545, 55.702582415039736, 48.55249584662229, 38.59102425008908, 34.415154445232915, 65.40107005189682, 62.4626047747013, 62.15467050213181, 66.51199519513713, 67.17163436588811, 71.79267302519568, 80.56565967307782, 79.96854689976458, 78.93944707190145, 76.36095871268057, 72.89593567168475, 68.95770030614041, 65.52845715237633, 64.66152115235217, 68.25751261253527, 73.15602309549176, 78.32625915269676, 73.93232058793245, 68.97473080286284, 65.49264949396196, 54.21158475625276, 57.0392219470331, 68.43333530580452, 75.08562459066589, 88.66054341840662, 95.39633884116114, 101.89909279868945, 106.10150250061614, 114.1006666392041, 118.21407520974266, 110.08616025085217, 103.34182649691232, 101.94382883614907, 93.17568154771993, 91.28617389255652], [8.189928999889135, 0.0, 8.932974893379583, 21.512257675425097, 13.714906470058262, 10.73518031941886, 11.710219950249186, 48.8431200823894, 55.4991010242018, 63.75493424764162, 71.21442469916921, 79.82648397607852, 73.26759711897373, 64.8302528333595, 56.461214404788876, 18.22832936249019, 14.925017224457196, 14.721207041920337, 19.683957882555376, 26.93657134277354, 23.38662278293948, 15.863483816585969, 8.690285138631811, 7.129707299127154, 13.228048710039626, 54.479509916505734, 61.91245229780764, 68.14198682907764, 76.57056204563067, 83.16097940023432, 82.42465582980711, 75.71640755130896, 67.23129556773101, 60.902212152958924, 54.683265626691586, 23.927570597658157, 31.41846389430874, 39.44872865049119, 41.494882375117356, 49.86606795980703, 57.93980496846612, 63.37670710958534, 66.2721133373438, 62.685596674453215, 54.642585526190196, 45.14200291233864, 40.93796942460105, 68.69539824452163, 66.3821338326515, 66.67152511788133, 71.55499514690979, 72.70584982072164, 77.815140182486, 87.3001891869481, 86.07633724333748, 84.50487506491079, 81.45781898886614, 77.31851523248373, 72.88125824937809, 69.21881702311337, 68.98687266419427, 73.28630356637152, 79.04762360402944, 84.82879444493305, 79.82731208961803, 74.02734105505434, 69.84037833524685, 49.38616056224818, 54.376617444076814, 67.6295758777363, 75.69822397161703, 89.84480235332266, 97.620826065666, 105.20993713061814, 110.99470283939941, 120.91519180127516, 125.69588660092738, 117.94369901141714, 111.41630386834908, 110.08257491747008, 100.98806731672406, 98.10251335750824], [15.89445792174628, 8.932974893379583, 0.0, 13.738725456156695, 8.77323751316229, 12.710913086436003, 16.936919352496606, 57.06994375618231, 63.95330615312771, 72.29442393227197, 79.62734419857935, 87.83826214946653, 81.40373221829044, 73.03448712092151, 64.60800627015726, 26.426576048640886, 20.5976632120868, 16.610227728938845, 16.406517642421683, 20.559336574873345, 16.49853910920764, 11.408671358745723, 11.750751470781132, 15.244952376262809, 22.071594786577634, 63.34935955179672, 70.73098203612244, 76.86649501655079, 85.0827792491268, 91.43787055179507, 90.7652388460447, 84.30360716146834, 75.95208951345217, 69.6526879638974, 63.46193201779959, 32.69880573741496, 38.859531053528805, 45.173857879974946, 45.33246357958069, 53.30471714306382, 62.46947915538932, 68.77066446263404, 72.14001154345223, 69.30117304663094, 61.86259558306173, 53.24403807678907, 49.715207664788004, 69.16581398717041, 68.29722110659606, 70.0828811112839, 75.55402035843709, 77.34079113912696, 82.63181890191001, 92.23134898870511, 90.38690090472669, 88.25644274147861, 84.62312700560518, 79.66273411460345, 74.22163765096359, 70.24130486569668, 71.51417986151677, 76.95244331971212, 83.50357142520835, 89.55990927440605, 84.20737574982644, 77.61075051683675, 72.28849732056457, 43.32494248977304, 47.46175826827568, 61.53326279340677, 70.81351071634086, 85.5298133188015, 94.60296342824431, 103.65697502902815, 112.72820662520301, 124.28382862244544, 129.8455816160371, 122.88265599749084, 117.01875376669018, 116.26146735976471, 107.9421337736497, 105.58739471929167], [25.878603200034796, 21.512257675425097, 13.738725456156695, 0.0, 10.64605067633092, 19.295126485325405, 24.30572267247839, 65.25882373269384, 72.7004916341495, 81.24326189867506, 88.05923328079298, 94.99796300136583, 88.92918712946161, 80.87864319178655, 72.42669710287146, 39.66326887803162, 34.01416617512653, 28.97373857814695, 24.352808771713175, 20.6830646169996, 17.524727905553743, 20.299007030378036, 25.1760886402809, 28.419692897495164, 34.544224701293054, 74.0869188874027, 81.31900720018666, 87.10287733760818, 94.52725646450823, 99.99540961806238, 99.27237125220445, 93.6574642937781, 85.7597770227052, 79.55257825517569, 73.51286552679879, 44.00390169010881, 48.52815544928517, 52.66119532469173, 49.34756650510662, 56.22434174229672, 67.2111583578472, 74.34569021933113, 77.05727923674469, 75.21629228365985, 70.02797535848981, 62.539458816857476, 60.06586746823954, 66.84044708832269, 68.4108625996114, 72.61411281943857, 78.54872563434509, 80.98986928847832, 85.94489262611208, 94.6922095506448, 92.41063642554704, 89.85165442836181, 85.6348904356588, 79.86990720803682, 72.92991374010975, 68.60579113438206, 72.37167145725583, 79.2414591131431, 86.22028979051203, 91.94780011420653, 86.74885158054147, 79.68088364635956, 72.927411435345, 37.866203553578885, 34.9431710089082, 48.205096028825515, 58.55933255826219, 74.06847025886128, 84.92266260048349, 95.97102063774521, 110.5463013529876, 122.80047635786838, 129.02359662128612, 123.27936643803436, 118.55258837147805, 118.88070050239749, 112.5372128305955, 112.37063026443202], [17.29754677088092, 13.714906470058262, 8.77323751316229, 10.64605067633092, 0.0, 9.062571066831637, 14.900737629881412, 56.79613412131292, 64.44042672408779, 73.01807954128014, 79.99736572432528, 87.45226511683722, 80.8236598778921, 72.4752705795438, 64.06462302738657, 31.55926113525223, 27.919258866398977, 25.135165180281966, 24.76891145082327, 26.262081824460356, 22.30762410575627, 19.76849077373528, 19.65921826567885, 20.740279242684387, 25.99458718033185, 65.55041075015929, 73.05146670223198, 79.1547105961932, 87.09346778413843, 92.9576800944745, 91.94944210852339, 85.86409933793855, 77.56403711650023, 71.17544008380861, 65.00324559727315, 34.45006543613995, 38.02367856664291, 42.24988624275301, 40.003421820760515, 47.428055518431805, 57.69691289923318, 64.56301543382473, 67.73525992553401, 65.72069310695647, 59.729054465154384, 52.469247858488515, 50.7613689241095, 61.27620741297076, 61.233182497866714, 64.10951965008182, 69.83723363540176, 72.00688361252395, 77.19173511306929, 86.57698273918545, 84.33840887456587, 81.92130882116537, 77.98576638902914, 72.66694508087046, 66.65361945668279, 62.54864491870282, 64.76089650023961, 70.88058647047205, 77.7361459037963, 83.7860780957473, 78.35504295609879, 71.43494250121833, 65.44328738487982, 46.66998829655056, 44.835540478925004, 55.318034147198595, 63.30104577255114, 77.3959528741957, 85.96388534341246, 94.92254124161532, 104.96980538468237, 117.34518369598713, 123.74318146280174, 117.68643542967376, 112.79134534679253, 113.06189523424608, 106.8199714393514, 106.84150191480853], [10.41038483002819, 10.73518031941886, 12.710913086436003, 19.295126485325405, 9.062571066831637, 0.0, 6.4169994929825265, 48.211349491352905, 55.9796543146648, 64.56327374548505, 71.56580904125596, 79.23841404259703, 72.32748117915499, 63.853894890917616, 55.49062412984433, 25.771863528824106, 25.14357866108677, 25.184886985783457, 28.33907594093318, 32.592233588453134, 28.75045367053922, 23.67641351850442, 18.956449684909963, 16.43773080837197, 19.47391129531043, 57.27113685313776, 64.87287363662408, 71.08196924517834, 79.18689207580033, 85.16668847181502, 83.95557256038312, 77.6942241989924, 69.23868012770329, 62.77749631361245, 56.58032809266957, 26.095130672845254, 29.277343139473807, 34.357828768418855, 33.357013795170346, 41.29087654474159, 50.78866672512025, 57.00883380657325, 59.79495634600613, 57.28161597415486, 50.987010362630855, 43.420844418904316, 42.02656018077086, 58.384014936023874, 56.780465264988116, 58.21796034213131, 63.44587452851254, 65.07262191602688, 70.13669613199146, 79.53531267334644, 77.77381033417379, 75.82824530773462, 72.41124932476357, 67.85860517284073, 62.845943626687045, 59.05720248196164, 59.713988564829336, 64.7911528703832, 70.99068562947461, 76.87645299563962, 71.68039287504715, 65.42397783968065, 60.4797315750222, 53.45615747529292, 52.118421528245115, 61.13564103858093, 67.40959272662964, 80.56294851608818, 87.41413899515517, 94.5936902808836, 100.95236572695842, 112.03267269333236, 117.95332400771933, 111.3288381303306, 106.03497170291335, 106.04158840535918, 99.67103848509598, 99.90069469364461], [6.484154415286007, 11.710219950249186, 16.936919352496606, 24.30572267247839, 14.900737629881412, 6.4169994929825265, 0.0, 41.9476033482179, 49.67521541670982, 58.2730783871081, 65.23988394971869, 72.8950658311001, 66.07277137498164, 57.646343231658136, 49.24805639938844, 22.964898216821123, 24.483384611419353, 26.175943140699, 30.78236157013298, 35.93530849632905, 32.445860984644405, 26.793472603029436, 20.25209637258842, 15.384945736132089, 16.09856667105892, 51.35924915156066, 58.878214056752704, 64.97519868978999, 72.92036519600381, 78.79787659784041, 77.57259996648122, 71.40620714485698, 63.04706794541496, 56.624084824791446, 50.47829033561984, 21.15530184267899, 25.45472584808047, 32.09451984760866, 32.15291052423508, 40.234531728610754, 49.099363317541396, 54.49189089315536, 56.20723955828421, 52.96537988080358, 46.88134015766549, 38.34755877481588, 36.26440365259109, 59.17373492264338, 56.70090541344181, 57.15847500584383, 61.79541289378181, 62.814421662840154, 67.47271485999164, 76.3008080604983, 75.27594725716914, 73.94327255274523, 71.07535712085225, 67.2812522991851, 62.942064608815635, 59.41526608584905, 59.13842407490449, 63.29641181714029, 68.57909911905108, 73.90357552650602, 69.29969401918183, 63.94858309166836, 59.91833534113579, 56.137347370381804, 55.439457137285885, 64.40234363881768, 70.04336088361758, 83.01480246594525, 89.2345443733663, 95.5538881928589, 100.22241763469754, 109.21221728124921, 114.17291345232276, 106.83154315547314, 100.93618566914581, 100.45384601526122, 93.49617730997039, 93.5850372606936], [41.17661575413175, 48.8431200823894, 57.06994375618231, 65.25882373269384, 56.79613412131292, 48.211349491352905, 41.9476033482179, 0.0, 9.040281955543367, 17.39981036189573, 23.631637733328958, 31.92277903025395, 24.513699469902154, 15.996550098285848, 7.687348254191492, 40.65748717875697, 50.14156727081412, 56.84412567077795, 65.08877467982342, 72.59911119943555, 70.20602029093521, 63.31349862746743, 53.69678427008255, 45.85643449393827, 38.823430925655515, 19.516092363089133, 24.431372093471175, 28.813582123624755, 35.100232503169, 40.06323205004486, 37.71014047479785, 31.990134757466556, 24.454554331825598, 18.856919967064055, 14.872734663252654, 28.60892505656228, 30.484010269411897, 38.61779281940994, 44.57356370269711, 49.11890017790367, 49.712897017586826, 47.425415388521635, 41.24647330405601, 32.785225329973755, 30.53886158363203, 19.328037754020247, 14.468287270985188, 73.13010138752779, 65.67918366083755, 59.50875710512041, 59.08617278687035, 55.663040302033885, 56.63909361800277, 60.41021805038964, 64.6937759091643, 67.73804322064754, 69.12673583636656, 70.94098506137809, 72.03656616093659, 70.85490471022045, 64.45500140152916, 61.49872124257032, 59.51819545832862, 60.268838307739436, 60.3847928852198, 62.219950528819766, 65.22191542063766, 89.4405806385455, 90.31886959968394, 96.56266757817929, 97.85708979494802, 107.72306904176166, 108.79037904574724, 108.64463590358149, 99.46517485919036, 95.33539659407501, 94.01398766649082, 82.02001640139284, 72.08704742879604, 67.94787851091957, 57.425549856555456, 57.83374658942543], [48.16521716364957, 55.4991010242018, 63.95330615312771, 72.7004916341495, 64.44042672408779, 55.9796543146648, 49.67521541670982, 9.040281955543367, 0.0, 8.678588001864878, 15.773415243542217, 25.796818943438943, 19.164473084750494, 11.895440470328367, 7.559769254647788, 45.380121600825746, 54.929415506284, 61.935240246495454, 70.45539482584483, 78.39368465112041, 76.2665422863339, 69.2045087682867, 59.494970383388726, 51.81756081468804, 44.62330470514247, 14.425345362561997, 16.908005328912843, 20.216115832637165, 26.131927040210197, 31.484581065024276, 29.18558849208904, 22.986211419245862, 15.605610599905951, 10.664312011469658, 9.003212769909085, 34.64376331931111, 37.651566817498804, 46.19678038689762, 53.08978331667789, 57.45195328427912, 56.933251915330935, 53.67093083990325, 47.07575577219011, 38.20029220487411, 35.81455677311363, 25.14974776579986, 18.53800692379769, 81.6350878106632, 73.80441689862171, 66.92407863079472, 65.90754208397526, 61.96421018239579, 62.44147573800538, 65.28301264464844, 70.38934797466888, 74.02988795849836, 76.00158152448542, 78.46222606081811, 80.16206512206209, 79.20146669013896, 72.24006079736988, 68.46558723171653, 65.56612326174553, 65.59034126594304, 66.44627559496463, 69.20735717617704, 73.01348369399655, 94.66661291142303, 97.2974789138006, 104.55719642692249, 106.13047630978699, 116.14528618481108, 117.1798452984042, 116.66897181774996, 106.07715746012926, 99.61204118843875, 96.60967182912283, 83.42115680475067, 72.17000797704297, 66.34261882317449, 52.887747318339144, 50.57896572780603], [56.581612598124295, 63.75493424764162, 72.29442393227197, 81.24326189867506, 73.01807954128014, 64.56327374548505, 58.2730783871081, 17.39981036189573, 8.678588001864878, 0.0, 8.088454353172612, 19.934132769603675, 14.364181172075874, 10.685283409068521, 12.924487390624087, 52.65190783892252, 62.25380905043776, 69.43894011235092, 78.12768085127708, 86.28894721474366, 84.28420712141089, 77.11973116837575, 67.34354915467057, 59.75954460787927, 52.495102469510314, 15.913910828314139, 14.103120039887276, 14.658607597499634, 18.927745740440564, 24.14756550561841, 21.41150609000911, 14.915884394613077, 8.807409530609666, 7.684829061426483, 11.561999923314698, 42.47617578814545, 45.171501393110795, 53.22454940036917, 60.53514125058533, 64.3845195331529, 62.68924609174467, 58.39547437560063, 51.17135265565517, 42.17827129766223, 40.475854456672835, 31.403046852986833, 25.634438414860156, 88.43687205109246, 80.15659549297995, 72.54592300729978, 70.81382790948155, 66.32997978342945, 66.17532431384156, 67.94094004783133, 73.84506599447157, 78.1109538735016, 80.73193194215462, 83.96157569369385, 86.40875359768268, 85.76983498558445, 78.15886082175184, 73.45253698786345, 69.49848183443689, 68.7074454548834, 70.37310779830311, 74.19143660258551, 78.91807963417438, 102.17909705751656, 105.45384139916189, 112.76202169129705, 114.05957575913763, 123.7554711876323, 124.2490504536065, 122.9411948810904, 110.2852946982664, 101.55660152857556, 97.13135581586543, 83.04470656594113, 70.87047074255464, 63.77171158575178, 48.54314844918828, 44.78422995003828], [63.85268170419221, 71.21442469916921, 79.62734419857935, 88.05923328079298, 79.99736572432528, 71.56580904125596, 65.23988394971869, 23.631637733328958, 15.773415243542217, 8.088454353172612, 0.0, 12.445188085877295, 8.811161635621605, 11.213611641492227, 17.346309176368095, 60.63664146207629, 70.16589358141047, 77.23276136344525, 85.71081428585545, 93.53025739084381, 91.59164822395721, 84.69596864039815, 75.06954836206688, 67.46823815964824, 60.26689190392505, 23.515873635879508, 19.982719552950073, 17.77202103852246, 17.396388045018917, 19.641903279481983, 15.921686638944697, 12.473598904334265, 12.184357860506681, 14.752342999576374, 19.565016704292436, 50.22009383937286, 52.17161717851484, 59.26740693914282, 65.891055525802, 68.99564437111997, 66.82214959545779, 61.80558658924792, 53.238926618352345, 44.43905580018815, 44.955608339571356, 37.635181836275706, 33.356892109177394, 92.01094105004064, 83.68198685900843, 75.89119773835247, 73.48637549739844, 68.56708980039977, 67.49653724858413, 67.5496517582477, 74.37283559481797, 79.32524715182086, 82.55731238234536, 86.52844748309224, 89.46521041978254, 89.14054460169822, 81.34016916719939, 75.96060131701825, 70.82952303206314, 68.84721814528852, 71.63143783219115, 76.61409593492792, 82.0158056075408, 108.67320313253963, 111.08076606745719, 117.47516902778197, 118.00727539188738, 127.0896747206943, 126.86648330681695, 124.68454806706893, 110.71893030663514, 99.10278574975854, 93.16122149378648, 78.33390030391085, 65.46056808951042, 57.49880688414065, 41.80601743469576, 39.629453553152544], [72.1082638619595, 79.82648397607852, 87.83826214946653, 94.99796300136583, 87.45226511683722, 79.23841404259703, 72.8950658311001, 31.92277903025395, 25.796818943438943, 19.934132769603675, 12.445188085877295, 0.0, 9.439395898461724, 17.779640801500356, 24.741440813013828, 70.97598366262234, 80.17580500243348, 86.7987495761777, 94.61699604814655, 101.4840141475496, 99.66963373724971, 93.50970805986387, 84.37183844881167, 76.78394004106345, 69.85687653017412, 35.70949225913252, 32.0522937764705, 28.646178789551065, 23.977767492930887, 20.4543105395686, 16.48891332753866, 20.130737234130727, 23.982478258772865, 27.03156865169142, 31.443655193126236, 60.108499304431504, 61.392804556847324, 67.28015417497483, 72.13373547965061, 74.2550626766718, 72.37695408382103, 66.99007491173127, 56.36343991660971, 48.25814243932672, 52.39565706447654, 46.80782208585687, 43.952486553964356, 94.91195285711714, 87.11895747548768, 79.85613453076859, 76.8068313644101, 71.57840998934529, 69.16478807589121, 66.36855036781571, 74.41770770445643, 80.21584161327463, 84.07339295983364, 88.8004836989663, 91.9077670216236, 91.8998450034833, 84.54868079907429, 78.7997874661007, 72.2516162285028, 68.40524237560582, 72.88092472596828, 79.25757812803701, 85.04633311000227, 115.06124271541688, 115.38721763165772, 120.07926556809535, 119.40813488118573, 127.59917515493069, 126.58187167433658, 123.48186557566957, 109.32188157291746, 93.0608646531146, 84.6722574587042, 68.80392867012759, 54.882723962524274, 45.739515830187464, 30.026435515337006, 34.01943939737886], [65.53704567309077, 73.26759711897373, 81.40373221829044, 88.92918712946161, 80.8236598778921, 72.32748117915499, 66.07277137498164, 24.513699469902154, 19.164473084750494, 14.364181172075874, 8.811161635621605, 9.439395898461724, 0.0, 8.974880670234231, 16.94923490090848, 64.26796659681435, 73.87355835227687, 80.73365409440669, 88.93543718557025, 96.19780296204792, 94.07597128635919, 87.47929897255199, 77.96577837151067, 70.19295294778847, 63.08882173388716, 29.93482405366641, 27.83949510851519, 26.46383039819884, 25.632355905022326, 25.687319040883867, 21.531520300015742, 20.718528956057114, 20.58164535180171, 21.786353059060023, 25.26337623249779, 52.66587101373243, 52.802942897809906, 58.23991343468368, 63.529108270729175, 65.67015040720368, 63.35736435371054, 57.95634253379906, 47.936999698248876, 39.54432774313573, 42.97676378478726, 37.75827208472593, 36.18845149633785, 87.23924493342466, 78.9924185419844, 71.31730611012448, 68.4107213199745, 63.25389234222196, 61.38793250756773, 60.09051585638449, 67.47373087949167, 72.86650663507241, 76.47774796163652, 80.97065379938658, 84.22417155744124, 84.19077146613, 76.38890512185284, 70.61390688459839, 64.60837841667767, 61.70651588707327, 65.32369877042092, 71.15738173665059, 76.9632327764545, 111.2500958033807, 111.21350481091756, 115.53295452394664, 114.7902392602644, 122.82369916126305, 121.52827015559524, 118.36569165364567, 103.36908439148026, 90.47439316293553, 84.46830330599873, 69.8303061700884, 57.40752004217723, 50.410845023557435, 38.43752934056958, 42.534147721102116], [57.14323254112173, 64.8302528333595, 73.03448712092151, 80.87864319178655, 72.4752705795438, 63.853894890917616, 57.646343231658136, 15.996550098285848, 11.895440470328367, 10.685283409068521, 11.213611641492227, 17.779640801500356, 8.974880670234231, 0.0, 8.477297304207633, 55.85972211158588, 65.60450415392694, 72.53422568630154, 80.90594259090575, 88.39705982040618, 86.1031859383706, 79.26004246158216, 69.57669359571689, 61.73367616302614, 54.57474676818471, 23.95683134187468, 24.122181766949215, 25.13599528682787, 27.831666519762933, 30.51764017615443, 26.89143428241696, 23.109975011483353, 18.962984140400188, 17.320371872005232, 18.835268515201104, 43.90605045877033, 43.852782901635294, 49.68594447175911, 55.421440821167806, 58.13241933412013, 56.235113781597406, 51.48564303913445, 42.56797782704844, 33.77403374084342, 35.48190290811936, 29.041142651938216, 27.549338061378915, 80.82572717429689, 72.5237200040891, 64.95566265501081, 62.692090184689064, 57.94214887817714, 57.03491794446488, 57.72935377431876, 64.06725461218299, 68.71948654333187, 71.6884771882127, 75.44333775455821, 78.25625388285742, 77.93415032774051, 70.21904899089381, 65.06956793213254, 60.26668877028858, 58.71049315720706, 61.067615549951796, 65.70244503072036, 70.87960286145717, 104.40896138315706, 104.53445753368165, 109.22012726758597, 108.96274930094121, 117.40450934730707, 116.596594627466, 114.16378517617373, 100.2712962756522, 90.93277016436309, 87.02943147988047, 73.51386467272233, 62.25531888270519, 56.70568575931424, 45.96135480971652, 48.77080139215669], [48.723212449744956, 56.461214404788876, 64.60800627015726, 72.42669710287146, 64.06462302738657, 55.49062412984433, 49.24805639938844, 7.687348254191492, 7.559769254647788, 12.924487390624087, 17.346309176368095, 24.741440813013828, 16.94923490090848, 8.477297304207633, 0.0, 48.184195818132906, 57.73956342129236, 64.47906245236786, 72.67963455272532, 80.03376275367839, 77.70233007342766, 70.94741203226253, 61.37910711822854, 53.54332853671987, 46.500440525015044, 21.234198134952702, 23.90859328540659, 26.758050695721334, 31.37827473001785, 35.212210426381034, 32.29927808690223, 27.534461536441945, 21.34892270918069, 17.255505259117335, 15.86012054197401, 36.116975574914356, 36.8490418621846, 43.640382347305746, 49.219023997910334, 52.76360450348037, 52.26010352145372, 48.76166985712985, 40.890706489401495, 32.1206828769729, 32.31122160510056, 23.549012456892985, 20.812200761802796, 75.99427890572355, 68.18933414290933, 61.42124678250369, 60.080605071825346, 55.987701957193536, 55.967330969956755, 58.11786388974658, 63.469257184791395, 67.3407946026008, 69.50515774483274, 72.28489879379198, 74.16805069881511, 73.40675532658116, 66.4379606593274, 62.43096318428056, 59.00010114679475, 58.53231591674611, 59.82519816860229, 63.09177253046491, 67.13734184150496, 96.28236360132222, 96.48604001429725, 101.7649990518234, 102.1833803529813, 111.31269609694193, 111.44143114654202, 110.17513719999221, 98.92201730353162, 92.0918147557053, 89.50701664154377, 76.7818993873792, 66.23497978343484, 61.536313759214046, 51.09137743625562, 52.99987208629692], [17.53823941187971, 18.22832936249019, 26.426576048640886, 39.66326887803162, 31.55926113525223, 25.771863528824106, 22.964898216821123, 40.65748717875697, 45.380121600825746, 52.65190783892252, 60.63664146207629, 70.97598366262234, 64.26796659681435, 55.85972211158588, 48.184195818132906, 0.0, 10.650174706940069, 18.72855336251503, 29.169881049683315, 40.062389599556155, 37.333010201627594, 27.849711578028614, 17.086955671224672, 11.254456971376316, 6.983932165304942, 40.446102527938365, 47.781397470216845, 54.379680811991015, 63.85744626440752, 71.69424419366742, 71.09719538624446, 63.23254969585688, 54.32903373743282, 48.15985139401893, 42.03356732943381, 14.038527147367882, 25.76178866352284, 37.531699633538764, 45.020313283956305, 53.50617180277958, 57.86832362537602, 61.07568045514444, 63.9713830649049, 58.71332697870367, 47.852724922999904, 36.37298845779868, 29.302701969299353, 77.1341530970539, 72.06337961778667, 69.02695831098816, 72.62580275556716, 72.49125238479655, 77.45536745702772, 87.1471148854533, 86.9787954576039, 86.369210203615, 84.48698591219406, 81.91195370492008, 79.69344310585527, 76.73930245299637, 73.39556904138368, 75.20279750975844, 79.5286106678755, 85.05684166708825, 80.50061729754462, 76.17133230721029, 74.44130211211703, 62.12112094294939, 71.4787773956658, 85.27746978664177, 92.47715057890618, 105.88464672157039, 111.93819216754109, 117.31359155933042, 116.7314338245454, 124.41864965548736, 127.72545655456128, 118.28856998825857, 110.15808134709975, 107.12584225676427, 95.16590096911723, 88.9473624154302], [18.727281096848333, 14.925017224457196, 20.5976632120868, 34.01416617512653, 27.919258866398977, 25.14357866108677, 24.483384611419353, 50.14156727081412, 54.929415506284, 62.25380905043776, 70.16589358141047, 80.17580500243348, 73.87355835227687, 65.60450415392694, 57.73956342129236, 10.650174706940069, 0.0, 8.324750278678936, 19.060317812229837, 30.637344436275686, 28.14176143199242, 18.461939727269424, 9.070401925366319, 9.11043596951249, 12.678156331612296, 50.1516573508218, 57.16112961139402, 63.45144096140911, 72.53411204633575, 80.16117367532085, 79.90500709365733, 72.35783519178311, 63.7996027426044, 57.81284170767804, 51.80633253096086, 23.846714554123952, 34.575876466886186, 45.04451870336967, 50.85563922699374, 59.46040625269842, 65.16273746608357, 69.36586567851866, 72.76171597423388, 68.03460252446294, 57.584918225975436, 46.59347312958065, 39.66579496932416, 80.97506363051137, 77.20928509896385, 75.57484035811659, 79.86279027016339, 80.34643322508066, 85.57755360060682, 95.45170783494065, 94.77810823648036, 93.65630268029706, 91.1808094030552, 87.7474540060335, 84.47527963938559, 81.1241156602315, 79.1952749353961, 82.1802042399422, 87.35093697905684, 93.17690296393462, 88.26798249357583, 83.09157036644014, 80.19201416485713, 53.2100135853408, 65.15218750068952, 81.32182874190715, 90.28073096625855, 104.71822049938619, 112.46642950521615, 119.56440295527675, 122.49712593241517, 131.45224961227703, 135.13970815776375, 126.08101185640324, 118.1663494298162, 115.25833594408735, 103.04830821697657, 96.16199949282775], [21.081128623846066, 14.721207041920337, 16.610227728938845, 28.97373857814695, 25.135165180281966, 25.184886985783457, 26.175943140699, 56.84412567077795, 61.935240246495454, 69.43894011235092, 77.23276136344525, 86.7987495761777, 80.73365409440669, 72.53422568630154, 64.47906245236786, 18.72855336251503, 8.324750278678936, 0.0, 10.816046381823025, 22.679746327981533, 20.317983013635118, 10.801018792146506, 6.394158077910649, 12.621545867016849, 18.969776931488624, 57.86562043406965, 64.76217107129818, 70.84880834628991, 79.55185666251107, 86.84791429839083, 86.73562072797775, 79.54837787304585, 71.22567028828587, 65.29013919658209, 59.313014240946345, 30.978233414596676, 40.950453727597925, 50.37696578471106, 54.59199199597043, 63.1180584238353, 69.96252335919148, 74.91132167252405, 78.44674433054834, 74.18586241315803, 64.39014521469755, 53.80205997875268, 47.23586182223279, 82.60759814657497, 79.99182156620714, 79.58127529139081, 84.358749103659, 85.31372406370036, 90.64736603425573, 100.49511488989316, 99.45230418623922, 97.95970967831715, 95.03469969240088, 90.96284221307342, 86.82188824033183, 83.18138043571177, 82.4836602760103, 86.40368643086705, 92.1442721872379, 98.0935384184331, 93.00016929204709, 87.24438159132214, 83.41597071350252, 45.73599058093615, 58.92754160007904, 76.60259808432548, 86.79112012745962, 101.91568192523727, 110.94203039091194, 119.36992174412384, 125.29531146642506, 135.11709554300998, 139.1611772266146, 130.54682173149695, 122.97600130695778, 120.37306484246491, 108.46724060014452, 101.78734666560065], [26.85874985908229, 19.683957882555376, 16.406517642421683, 24.352808771713175, 24.76891145082327, 28.33907594093318, 30.78236157013298, 65.08877467982342, 70.45539482584483, 78.12768085127708, 85.71081428585545, 94.61699604814655, 88.93543718557025, 80.90594259090575, 72.67963455272532, 29.169881049683315, 19.060317812229837, 10.816046381823025, 0.0, 12.21899258899272, 10.570798552659591, 5.46212897195306, 13.707027246715786, 21.069134218330117, 28.18284612626285, 67.36932552873485, 74.09133883292535, 79.8742373782844, 88.00391556551607, 94.78569159085524, 94.85103756006131, 88.20704391790842, 80.24726848470725, 74.40857790975028, 68.50887327801392, 40.39043763366791, 49.78726521600374, 58.19204754827403, 60.479666813868164, 68.74320522619428, 76.89546441107622, 82.55467048822342, 85.90108723191359, 82.10258358824547, 73.32855959611793, 63.05112805511221, 56.70379100903944, 85.50892466239665, 84.374648927157, 85.45389073446215, 90.68768990001374, 92.10800836568231, 97.39853310549239, 106.92828637491598, 105.6011865517006, 103.7862782876995, 100.4127994743003, 95.6942933343273, 90.51964675631233, 86.57323680512057, 87.42138236744306, 92.36383803459672, 98.56465412794444, 104.44981431533394, 99.33347722069749, 93.09767106138828, 88.25036819830433, 35.613532424825735, 50.58477680851027, 70.43081937277914, 82.25573271846365, 98.28110533587211, 109.02407002917236, 119.16071155343955, 129.05808694665984, 139.397040605987, 143.64421949003233, 135.52083182902368, 128.3278657362992, 126.05093581762355, 114.52474426479469, 108.21650223795561], [33.50361125308604, 26.93657134277354, 20.559336574873345, 20.6830646169996, 26.262081824460356, 32.592233588453134, 35.93530849632905, 72.59911119943555, 78.39368465112041, 86.28894721474366, 93.53025739084381, 101.4840141475496, 96.19780296204792, 88.39705982040618, 80.03376275367839, 40.062389599556155, 30.637344436275686, 22.679746327981533, 12.21899258899272, 0.0, 4.434646388748598, 13.53501143435431, 23.935301424553103, 30.601502448044698, 37.77383410103303, 76.84672572947406, 83.44850851323085, 88.91153110855232, 96.33661009860711, 102.3857637246604, 102.52065416199163, 96.59510757224142, 89.0391326042028, 83.27000235690275, 77.45327085876029, 49.703249400264504, 58.334999456244816, 65.61485168315454, 65.65575120702445, 73.42348589544176, 82.97822676854652, 89.27386795460318, 92.07161423795537, 88.81657638637951, 81.54531426118761, 71.70302326442332, 65.82980716090461, 86.88391724695852, 87.43798532318529, 90.17963158065727, 95.77324754646415, 97.62582110521907, 102.68815503544033, 111.57100611152225, 110.0371940969984, 107.97162052602604, 104.19570633716037, 98.90869843705445, 92.64314259535043, 88.43258116594694, 91.01869326890318, 96.9773378934175, 103.4615885301754, 109.06759385212021, 104.11312316322076, 97.5637292945124, 91.70220690547961, 24.66441979075658, 39.63893310386098, 61.51560379170956, 74.91439192734201, 91.79058456918779, 104.31685633063461, 116.2170410354698, 130.61367410085407, 141.07367457079053, 145.4886165301221, 138.04630363943855, 131.45086972200713, 129.735317555775, 119.18910826153652, 114.09240481305416], [30.291276423022673, 23.38662278293948, 16.49853910920764, 17.524727905553743, 22.30762410575627, 28.75045367053922, 32.445860984644405, 70.20602029093521, 76.2665422863339, 84.28420712141089, 91.59164822395721, 99.66963373724971, 94.07597128635919, 86.1031859383706, 77.70233007342766, 37.333010201627594, 28.14176143199242, 20.317983013635118, 10.570798552659591, 4.434646388748598, 0.0, 10.193689614291237, 20.717607399712666, 27.442347774006276, 34.785560687048715, 74.79984455478606, 81.62026753836021, 87.28733129450535, 94.97489363678757, 101.16161960215149, 101.11297357626486, 95.00037636291387, 87.20592265178338, 81.2873485963362, 75.35165444166013, 46.638775535442385, 54.669590457387024, 61.587150999526166, 61.592182094067304, 69.3632945308902, 78.85997381515809, 85.26613397315455, 88.39420545466331, 85.32583017686704, 77.91389914108545, 68.44309291439835, 63.14186668940755, 83.02115785056824, 83.40495764315065, 86.06971818014598, 91.72550436946315, 93.65976226653032, 98.8531303717588, 108.02335479459214, 106.2876562541526, 104.097550900588, 100.26099677029868, 94.91813011193209, 88.7391826752856, 84.54339521042553, 86.97912567927104, 92.95748029436749, 99.61468574024337, 105.43406611003091, 100.27565111997502, 93.56013266615646, 87.68229659485094, 28.6533629409356, 40.6796083546618, 60.944373122127715, 73.65011968948949, 90.10380332573709, 102.0142722994148, 113.46610231055824, 126.96062455849186, 138.11359119767434, 142.98299458778217, 135.76607730885337, 129.4263576464743, 128.00100214374754, 118.01826195997265, 113.51627953382139], [23.592566026187868, 15.863483816585969, 11.408671358745723, 20.299007030378036, 19.76849077373528, 23.67641351850442, 26.793472603029436, 63.31349862746743, 69.2045087682867, 77.11973116837575, 84.69596864039815, 93.50970805986387, 87.47929897255199, 79.26004246158216, 70.94741203226253, 27.849711578028614, 18.461939727269424, 10.801018792146506, 5.46212897195306, 13.53501143435431, 10.193689614291237, 0.0, 11.003570132174374, 18.490695511235213, 25.997775808115893, 66.70456221697911, 73.72648108113572, 79.72320357942384, 88.03388049393763, 94.79586387981604, 94.59752148650496, 87.88878341649134, 79.69060919930823, 73.64709076019662, 67.59354512789396, 38.03832443268865, 46.31408231534703, 53.94999037746985, 55.69791909367729, 63.873165996568176, 72.26184183630615, 78.22088723139214, 81.88640145892147, 78.48059265861046, 69.87974594789802, 60.25203655082853, 54.92251802431543, 80.25633397191967, 79.22343518198258, 80.54109254627652, 85.93240117595238, 87.55532668325252, 92.96793153734686, 102.73436427626069, 101.08996791364997, 99.0574322513553, 95.52095450698721, 90.61890220355131, 85.34353714404337, 81.37118629731741, 82.36414071305222, 87.54138107554559, 94.02891214756434, 100.1344110107442, 94.78374825692356, 88.26411734327498, 83.18804721518318, 37.98682934973271, 49.489325555366094, 67.60738611780975, 78.75701803168023, 94.33181144368288, 104.57452457917267, 114.43341302678576, 124.04708889501497, 135.30199481047117, 140.20345049102903, 132.56297841583773, 125.88564960080639, 124.17121015168992, 113.74610598676635, 108.689471545561], [15.730395594902562, 8.690285138631811, 11.750751470781132, 25.1760886402809, 19.65921826567885, 18.956449684909963, 20.25209637258842, 53.69678427008255, 59.494970383388726, 67.34354915467057, 75.06954836206688, 84.37183844881167, 77.96577837151067, 69.57669359571689, 61.37910711822854, 17.086955671224672, 9.070401925366319, 6.394158077910649, 13.707027246715786, 23.935301424553103, 20.717607399712666, 11.003570132174374, 0.0, 7.970899346998558, 15.36533252026314, 56.499959193152534, 63.73512036968315, 70.00185544792727, 78.7611966585439, 85.88129534358109, 85.45856894016865, 78.33809064597294, 69.81543291042011, 63.64484890907529, 57.49617720020153, 27.37327883733971, 36.18307482749575, 44.93912164750185, 48.47097807411307, 56.956674054926076, 64.18600233483409, 69.42222261537289, 73.02823526481396, 69.1378280866969, 59.778184876222745, 49.792128893998346, 44.39866263966298, 76.22152104237391, 73.6730035040014, 73.50452327645344, 78.39556222729567, 79.50450994474724, 84.87316326989564, 94.80348360110274, 93.53596113448116, 91.90285566658582, 88.86291988380556, 84.6828689395784, 80.44751048156306, 76.79528063799327, 76.22875864691737, 80.34560342017654, 86.25884881927416, 92.31238673747663, 87.0929373870612, 81.16219454517305, 77.1456152921849, 47.55835156224448, 57.20132973908739, 72.93946775395504, 82.23893316725297, 96.85875283363099, 105.27770351872185, 113.31366586784061, 118.95235246622173, 129.31692355482366, 133.9072637594883, 125.76470072445352, 118.73035202720148, 116.74842964054363, 106.14344327670496, 101.10454005657158], [9.89131633582659, 7.129707299127154, 15.244952376262809, 28.419692897495164, 20.740279242684387, 16.43773080837197, 15.384945736132089, 45.85643449393827, 51.81756081468804, 59.75954460787927, 67.46823815964824, 76.78394004106345, 70.19295294778847, 61.73367616302614, 53.54332853671987, 11.254456971376316, 9.11043596951249, 12.621545867016849, 21.069134218330117, 30.601502448044698, 27.442347774006276, 18.490695511235213, 7.970899346998558, 0.0, 7.5861691050509785, 49.29199645850637, 56.69004983986051, 63.04902000742058, 71.8687502211522, 78.95337426936686, 78.32065677030413, 71.167957638352, 62.52709308993114, 56.24797364199391, 50.03339827699815, 19.5559464336096, 29.034130784363033, 38.751276616169065, 43.055714219491584, 51.62354903526659, 58.31841878850794, 62.96702946786706, 65.9353518874956, 61.66241717562285, 52.41747939352564, 42.01823239241866, 36.60143653765345, 72.51243907860177, 69.10903934585382, 68.09915869472088, 72.53850292506543, 73.21214973874797, 78.31833766346419, 87.95139901575077, 87.12628141603943, 85.90823763074447, 83.28527131196734, 79.71033606345735, 76.10543204605312, 72.69195320264014, 71.24464253701422, 74.61778214444003, 79.88552702635371, 85.61446269387547, 80.74586409535299, 75.45552518963768, 72.18255351260878, 53.20298336761239, 60.713131983399855, 74.61250240772789, 82.53164358603101, 96.50071308212549, 103.73287785934657, 110.56199729716984, 113.99196644071263, 123.081963235443, 127.25637411761713, 118.79028882779308, 111.56679240632846, 109.50221215703931, 99.10340781092643, 94.71170092793986], [10.739658534569243, 13.228048710039626, 22.071594786577634, 34.544224701293054, 25.99458718033185, 19.47391129531043, 16.09856667105892, 38.823430925655515, 44.62330470514247, 52.495102469510314, 60.26689190392505, 69.85687653017412, 63.08882173388716, 54.57474676818471, 46.500440525015044, 6.983932165304942, 12.678156331612296, 18.969776931488624, 28.18284612626285, 37.77383410103303, 34.785560687048715, 25.997775808115893, 15.36533252026314, 7.5861691050509785, 0.0, 41.941247601184365, 49.46084492020929, 55.94383324477043, 64.95571667616261, 72.18545022356604, 71.39563277811358, 64.04959861343283, 55.25208381917313, 48.90517170572002, 42.64830317829536, 12.208878942338892, 23.366404124398027, 34.56124385921434, 40.3691381515231, 48.89149138708895, 54.47589326047651, 58.21986672681165, 60.58483774776161, 55.70324684524426, 46.15658324799228, 35.01885876517716, 29.0514525732725, 71.63314821010052, 67.15727851232866, 64.9514423939561, 68.77959748883761, 68.87512230002497, 73.70548483012642, 83.07367111276307, 82.79751770840967, 82.08548979696114, 80.00139508972012, 77.1846408976291, 74.44774492445384, 71.35801892671753, 68.73693558885361, 71.08515720261025, 75.55220537038927, 80.93668082956395, 76.46075581653216, 71.97020630001956, 69.71398664967472, 59.57079946020079, 66.32330221162903, 78.98310818942059, 85.7604721003646, 99.08279759167108, 105.16330945082443, 110.73368786667918, 111.50156099650975, 119.18077646337635, 122.77050734568952, 113.78433358751816, 106.15730152072061, 103.75505694882233, 93.08105310361913, 88.71543199354169], [48.43515311959396, 54.479509916505734, 63.34935955179672, 74.0869188874027, 65.55041075015929, 57.27113685313776, 51.35924915156066, 19.516092363089133, 14.425345362561997, 15.913910828314139, 23.515873635879508, 35.70949225913252, 29.93482405366641, 23.95683134187468, 21.234198134952702, 40.446102527938365, 50.1516573508218, 57.86562043406965, 67.36932552873485, 76.84672572947406, 74.79984455478606, 66.70456221697911, 56.499959193152534, 49.29199645850637, 41.941247601184365, 0.0, 7.993374530511377, 15.116885495054925, 25.505331539778105, 34.188168045090656, 32.91024603750013, 23.839813349049944, 14.41573398081922, 8.861976255992166, 5.452097040784488, 32.502160855375834, 37.631422704439174, 47.994346101645874, 57.59891273487078, 63.00141709838588, 61.55809661187732, 58.54841593328765, 54.983735890630726, 46.27035171788299, 39.04627228395149, 27.168493866016973, 17.058858350406982, 89.06965535469435, 80.69370920666871, 73.