{
	"dissimilarities": [[0.0, 7.702717986424084, 15.885691222764628, 26.426157839224544, 17.196824551036013, 10.394332163726824, 6.369614086123819, 42.30797411440314, 48.100738303109964, 56.46505373134053, 64.82915452351735, 73.21952797982577, 65.40909171090188, 57.06403113255814, 48.66614180555607, 15.588115594207629, 16.864489629570652, 19.78622526496436, 26.37327494691014, 34.130387246405306, 29.979621531914862, 23.057038332907503, 14.650977173050197, 9.620042018963176, 10.290840461939057, 47.85517748544415, 55.52900888425177, 61.71589574341545, 70.12857414020883, 76.2061217271832, 75.20057250329465, 68.91051100940402, 60.495764294907865, 53.96335879647791, 47.97713981107705, 17.346522953136745, 24.409437823699978, 33.724129278651084, 37.235553988036024, 45.21871421207861, 52.34580585654325, 57.550077057354386, 59.62937882364683, 55.44813715016808, 48.08438557549462, 37.95977480179492, 34.04202881246741, 65.27188576453322, 60.95153030684536, 61.56144116275757, 66.39944055649272, 67.50609402187457, 71.54873712391654, 81.01072430678103, 81.84660660793811, 80.2640976078135, 77.73686521666083, 74.28613482315292, 68.8121966014807, 65.39854234188027, 64.28459658640932, 67.83699038850297, 72.54807442198374, 78.04660614634857, 73.35448311952338, 69.3483652478082, 66.05231395699869, 56.24687636625887, 60.25308208940421, 69.42142052122914, 76.98825706996081, 89.25016185843592, 98.44344691055085, 104.13318299409893, 107.13506841611066, 120.17424079399939, 119.96650984918612, 121.7899368740242, 113.14754900081863, 109.34303172923269, 101.2212688623467, 91.62382205280447], [7.702717986424084, 0.0, 9.068918354077182, 21.5335549374085, 12.592846182042642, 9.557572130382747, 11.325200590896484, 49.86584489436257, 55.457462025055214, 63.69924428501804, 72.18734050897258, 80.7811701772275, 72.94598520724075, 64.57834169591646, 56.219722318717515, 17.595949149196073, 14.283532196398795, 14.444795773999191, 20.001672365857686, 28.124288781433084, 23.456871026048592, 15.922937269281032, 8.486596690223998, 7.9065238894739345, 13.526958847848435, 54.321254691776936, 61.93665160457759, 68.22456619286906, 76.82856796144085, 83.15964578498357, 82.292172520843, 75.7971066528064, 67.29096062750389, 60.839803578571576, 54.746538845111665, 23.366812114102363, 29.90816938401851, 38.0253105519706, 41.10893649242147, 49.138918945469285, 56.55821973147211, 62.420386740832306, 65.78860636159807, 61.96608737035288, 53.99185239243546, 44.52327728123039, 40.759016964379555, 67.7383565663829, 64.07550344140044, 65.55382940400521, 70.84707731012267, 72.55750279211802, 77.05953836915626, 87.10783080062373, 87.26568117083487, 85.06800795194668, 82.0443059249041, 77.90514548321738, 71.94572919533536, 68.28026389798289, 67.94940664919098, 72.297313540533, 77.79711112336358, 83.85618561214729, 78.5925903634436, 73.82070010976825, 69.7235544645179, 51.67095057405591, 57.11027158469708, 67.75577609258102, 76.61613466044975, 89.34671002373534, 99.47983344995353, 106.17314455361652, 111.02778306292436, 125.95549279333629, 126.47512309375712, 128.63012625661878, 120.23711267102456, 116.685564652944, 108.56021058839245, 98.42186137105068], [15.885691222764628, 9.068918354077182, 0.0, 13.429526250527006, 7.441996313244049, 12.08523166587323, 17.41883493556805, 58.07347077330262, 63.92723762176203, 72.28305459391933, 80.62453989974145, 88.7805894337566, 81.17097770735944, 72.86014090051277, 64.42903349941051, 26.05490677634127, 20.117439812581644, 16.2321527433837, 16.474410105408236, 21.557297229551036, 16.146235797017148, 11.39581727065615, 11.669455506077524, 15.916735414846983, 22.463228993014766, 63.258101922551745, 70.79012128104073, 76.93554299360554, 85.27730752076336, 91.39906923100058, 90.64473824585687, 84.3887915636727, 76.06854344372654, 69.64098626667018, 63.610154060849084, 32.35040409137569, 37.6983292528057, 44.06654513452361, 45.369648213018586, 52.89293856195809, 61.30321305732204, 68.05200382133839, 71.81712621164456, 68.7479767598095, 61.459015919250504, 52.837175103597126, 49.6721057267479, 68.27184473067699, 66.07572303207105, 69.18895678635128, 74.88342183284051, 77.31352661466212, 82.01198889424079, 92.07277283390013, 91.52572872133595, 88.73241053139355, 85.12403012525087, 80.13779485272059, 73.36249444436304, 69.38677852584443, 70.6455576240841, 76.1446528391696, 82.3204635619179, 88.59719741161979, 83.03079012422391, 77.47367902362812, 72.24192977456711, 45.471306597568216, 50.03678397693705, 61.453651409285946, 71.57502108454544, 84.90939427524644, 96.1703219873555, 104.28187079461577, 112.73398410295016, 128.933521690135, 130.41144763504363, 132.90668515415962, 125.04150464704372, 122.22004998063325, 114.93342018413466, 105.7814598115033], [26.426157839224544, 21.5335549374085, 13.429526250527006, 0.0, 11.879677081094671, 20.098267692362022, 25.85202675881096, 66.26289910506024, 72.68888625563842, 81.28289799236298, 89.10222381334343, 96.0310318713152, 89.04188032035177, 80.99348830017125, 72.50299958274826, 38.935675267228305, 32.93481189658354, 27.733553429510703, 23.029871661637305, 19.74344006494585, 15.38929586717638, 19.477732268694247, 24.60287783417893, 28.90141413687154, 34.88404827056368, 73.82080370463866, 81.1885254840564, 86.89084111603113, 94.41636485536672, 99.76669691860933, 99.1095635947052, 93.63560002849194, 85.8724503191434, 79.46846995000946, 73.72707227480134, 43.66248795544158, 47.660134973517586, 52.168486181619976, 50.57659183180407, 56.846983336731604, 66.80555270774954, 74.42838007516244, 77.2733318065669, 75.32945582360645, 70.19965722199662, 62.47333936640606, 60.14264429667799, 66.80927151397927, 67.08384531337674, 72.5467169143924, 78.4027136483366, 81.5141026906841, 85.9361707305062, 95.0577771656346, 93.94538152386902, 90.75594826150089, 86.60002780595295, 80.76418781012794, 72.89616083687248, 68.6242228700639, 72.37137559284375, 79.21563941445184, 85.67493877944194, 91.5451562208244, 86.20471246745319, 80.07952466418139, 73.53216280221156, 39.05818099207167, 37.70274422428204, 48.63201360726133, 60.05586133856602, 74.38462357028031, 87.03338623834688, 97.1211303089779, 111.4424347123811, 127.45199075371418, 129.98881169432732, 132.66744703159839, 125.65113712323794, 124.10470761083076, 118.64877715429226, 112.33922058706506], [17.196824551036013, 12.592846182042642, 7.441996313244049, 11.879677081094671, 0.0, 8.952283056975858, 15.87407864483794, 57.65325825515346, 64.17644721547016, 72.74091101663532, 80.81897540053235, 88.43992496449938, 80.67875518742258, 72.33413501602293, 63.932378165108744, 29.89535654360931, 26.014991065394486, 23.353984189012827, 23.64887389445851, 26.5814709638315, 21.106389817105484, 18.519407206789776, 18.052353387190188, 20.34873778717928, 25.543080194934067, 64.82941822490913, 72.61468117320302, 78.78364609581416, 86.98407954914929, 92.69824413456662, 91.63530331957361, 85.6861247180549, 77.34928773888383, 70.71140040570289, 64.79059697240787, 33.48019220435956, 36.327210086811895, 40.80072338116308, 40.3835600908774, 47.3910684548183, 56.53276445652525, 63.84550105168554, 67.6394032806717, 65.33541873948258, 59.09562614124186, 51.74252292523963, 50.2946432974392, 61.184625057470484, 59.54990308389519, 63.496158360554126, 69.3297402810485, 72.1588909725946, 76.910552977831, 86.97410919839048, 85.91452916581422, 82.79314949894686, 78.91289224018364, 73.59085753557193, 66.51693942532465, 62.455446726827496, 64.3825482792928, 70.43784004553929, 76.92684146380631, 83.3240846638776, 77.57496257306687, 71.62004453130609, 65.86268377703752, 49.05917051436917, 49.053215962095344, 57.037172713338734, 65.86418214497967, 78.44038598633631, 89.27066274731641, 97.08040930987453, 105.87308705324946, 123.08737952422646, 125.41204760668298, 128.76183092176436, 121.6494402106882, 119.6724958756724, 114.12202729782902, 107.144347937127], [10.394332163726824, 9.557572130382747, 12.08523166587323, 20.098267692362022, 8.952283056975858, 0.0, 7.431081987431776, 49.16238750216108, 55.762471875520596, 64.31248335495252, 72.41494246795958, 80.24204932315796, 72.189631854692, 63.7603870647301, 55.42182104676786, 24.096848410481172, 23.40457112399477, 23.753172114390914, 27.59970759524075, 33.0352653952965, 27.89856841202163, 22.801445596236874, 17.592349292074495, 16.21832625402637, 19.164759987394312, 56.60447890345506, 64.54841734837991, 70.83463149814268, 79.19503204094389, 84.929462322511, 83.63603542066805, 77.59580056578028, 69.095929347079, 62.35766270462409, 56.446373257885384, 25.229680093353263, 27.582473046459285, 32.986308472473496, 33.73185617792547, 41.26929844376497, 49.76120476394302, 56.42420797400001, 59.80574843586175, 56.999144628956486, 50.477642087268904, 42.80255167071941, 41.67116212678405, 58.3571155617142, 55.225780719684536, 57.670543734460814, 63.16195578039342, 65.37301258337186, 69.96107345869562, 80.06597804886114, 79.5805282448364, 76.97769931056553, 73.62195514260226, 69.09323580008227, 62.788646842467195, 59.027410535754385, 59.40182479747659, 64.42733047351535, 70.33364172870476, 76.57321713560383, 71.05513475438251, 65.77606091645606, 61.04994976479786, 55.58750136403814, 55.84878431363772, 62.46364588987101, 69.60720258558389, 81.30079888945448, 90.76253030138295, 96.94018664699632, 101.9640205436761, 118.1506422654085, 119.74360140850483, 123.02193443059258, 115.60151455465116, 113.16372898438337, 107.37238094242909, 100.22405970178414], [6.369614086123819, 11.325200590896484, 17.41883493556805, 25.85202675881096, 15.87407864483794, 7.431081987431776, 0.0, 41.84630960097027, 48.41171543513752, 56.988825055967496, 65.05443612652007, 72.88003836902796, 64.90414664450388, 56.51117629941403, 48.1300551144057, 20.748158391639294, 22.82386954873137, 25.22844343716538, 30.75035965095532, 37.08672111796713, 32.566207783184915, 26.790811957384438, 19.512105845935054, 15.288059149040665, 15.361655637604983, 49.65184684036188, 57.53415707994073, 63.70030044797006, 71.91595776374076, 77.5505302856648, 76.23485637353608, 70.28405933776894, 61.891219431035594, 55.16667184324446, 49.33958976259877, 19.183073323686248, 22.639223626506187, 30.06437468134869, 32.00381749030584, 39.70119282200869, 47.56854534280085, 53.299832323573206, 55.31952695124421, 51.8273077088735, 45.51669494403758, 36.69199805392824, 34.86127090486802, 58.98158883361042, 54.928733071942936, 56.09872322186212, 61.04958517358941, 62.45926919989794, 66.54813102276822, 76.05462593741228, 76.48444524268521, 74.65785847305295, 71.93405738446006, 68.26902763736284, 62.603395070289864, 59.14780561633461, 58.41570057679504, 62.365890325786204, 67.31606734143939, 72.92750174765612, 68.0754826491425, 63.76355447329806, 60.10425983427988, 58.797363959238076, 59.58163422738253, 66.139194308875, 72.51401089841164, 84.04836737606708, 92.73034796624687, 98.00771655768085, 100.98291021682007, 114.81586337412033, 115.32015860878177, 117.92125272140521, 109.94112427813874, 106.90805025783607, 100.43685480787066, 92.97638630935691], [42.30797411440314, 49.86584489436257, 58.07347077330262, 66.26289910506024, 57.65325825515346, 49.16238750216108, 41.84630960097027, 0.0, 8.288411887724088, 16.619562172726393, 23.592001289012085, 31.641081672525576, 23.129318952156176, 14.826872882451546, 6.360207165521341, 41.48507303838633, 50.99704185586166, 57.77282499207435, 66.11263722639802, 73.88879661222732, 70.98240001490625, 64.29411658996439, 54.70075096208978, 47.23700402769017, 40.25390726286642, 19.299535666635943, 24.66204361382059, 28.774628411538853, 35.0474314563955, 39.093821306664935, 36.52794792790393, 31.692343216195518, 24.563957978281618, 18.411897638378996, 15.903422160679316, 29.65113103112908, 30.49126238819077, 38.56150558139582, 44.297335290952404, 48.3952679528576, 49.12219989105991, 47.089157612698465, 39.70860444631512, 32.08806113066869, 30.566291903870724, 19.518933467552493, 15.821207112345284, 72.27041867542525, 64.29772309668209, 58.208347827897114, 58.748931575796284, 54.97924943624921, 55.067243323499035, 59.27226759607075, 65.40989159407236, 68.53507272264946, 70.0314022498828, 71.91633304883621, 71.04468949669993, 69.93086310268379, 63.29594082571525, 60.12828392085093, 58.26304226045355, 59.03531338881451, 59.138826375511336, 61.590332492491335, 64.87880445696754, 91.42354072603837, 92.71807274198959, 96.64581890697305, 98.39518733120464, 107.14413396957089, 110.81776232720394, 110.3219001103148, 99.6797357432683, 100.30602239117842, 94.33736912058507, 93.48010499100927, 82.66260556083785, 75.71542110176699, 65.69754713012657, 57.389300820341774], [48.100738303109964, 55.457462025055214, 63.92723762176203, 72.68888625563842, 64.17644721547016, 55.762471875520596, 48.41171543513752, 8.288411887724088, 0.0, 8.754327260020043, 16.764487744038526, 26.622033434323715, 18.43615262527724, 11.137242020555133, 6.4542821757482045, 45.15787883270384, 54.77181552345964, 61.869974330015005, 70.52809405237167, 78.79324166765647, 76.1990623824666, 69.17733428526302, 59.44460160947178, 51.965598219008264, 44.779286099362594, 14.03298784066754, 17.34448677243028, 20.705495447064795, 26.99084318165546, 31.54804416826074, 28.985608787837887, 23.523652945015662, 16.3626702525285, 10.656136429311989, 10.138280506696388, 34.39711181519678, 36.56438724252763, 45.13459677554146, 51.779631242139715, 55.897561361808215, 55.65723649668769, 52.6990494123714, 45.247803392527544, 37.20603754790839, 35.05649618343358, 24.29820383656395, 18.46602739690779, 80.16943692698412, 71.85704067704036, 65.03992914681001, 65.18340829170664, 60.90271427650256, 60.63418902087433, 64.14996149123303, 70.97341849748902, 74.63844480206683, 76.60590100629706, 79.02500235178964, 78.64277812960735, 77.70059295740151, 70.52199994864014, 66.64403708011666, 64.1304687876477, 64.37308585534045, 65.03088665154336, 68.18158997501335, 72.14221005352766, 95.86883828691988, 98.88559769312565, 104.00380222834193, 106.13683249154641, 115.12239540324853, 118.74826848687849, 118.04589212664855, 106.11408559580606, 104.84565043954368, 97.52246077583328, 95.47707666425853, 83.77975227789466, 75.4310820774449, 62.83866496763982, 51.235140987592736], [56.46505373134053, 63.69924428501804, 72.28305459391933, 81.28289799236298, 72.74091101663532, 64.31248335495252, 56.988825055967496, 16.619562172726393, 8.754327260020043, 0.0, 9.090518845883, 20.865224471055228, 13.26421389323653, 9.60854704795522, 12.210501239673457, 52.379763148931104, 62.07574726549867, 69.37507892450077, 78.23457193399564, 86.76598048683391, 84.31736245740703, 77.09935462807309, 67.26747663882084, 59.789222634369864, 52.50831141950648, 15.314198599485021, 14.292195573978512, 15.194290624341269, 20.19789583727778, 24.492357600475398, 21.324879826568523, 15.673630529632057, 9.622989552917273, 7.353451133813838, 11.976031102980901, 42.14557916405693, 44.101456813453005, 52.09348473639299, 59.064374109527826, 62.726016249649085, 61.328733382527915, 57.23520935027632, 49.21449159293044, 41.07239145097778, 39.453385629297635, 30.41845170755936, 25.303866572248975, 86.98567987948698, 78.27127960864058, 70.56101003125768, 70.05583207275433, 65.12073396783725, 64.25867147380285, 66.74296923625596, 74.3367217891411, 78.7032797003288, 81.31291483672015, 84.51433516676715, 84.88732094414914, 84.2716842572301, 76.3816017269136, 71.5321669243876, 68.06412197309167, 67.52997793683863, 68.96567353244535, 73.0852679805225, 77.98292786563975, 103.48552844939293, 107.15857028745157, 112.39609874290711, 114.23959562149736, 122.91898923069505, 125.97731657659997, 124.5248743408124, 110.33831929288138, 106.94665707773373, 98.30708594775128, 95.39822815067839, 83.14164358800296, 73.62714884307138, 59.406587347981024, 45.86967122280631], [64.82915452351735, 72.18734050897258, 80.62453989974145, 89.10222381334343, 80.81897540053235, 72.41494246795958, 65.05443612652007, 23.592001289012085, 16.764487744038526, 9.090518845883, 0.0, 12.519703378678503, 7.46742698463902, 11.221813381673433, 17.87987439288937, 61.363857410783176, 70.96511260340313, 78.13493615538559, 86.76288936425063, 94.89613625397382, 92.56832482842941, 85.67473644171487, 76.00258108617713, 68.5557037832681, 61.33770254766878, 23.859351058526318, 20.660597531086584, 18.335846685450523, 18.338871175759675, 19.352445981534657, 15.112662649010765, 13.076046274293542, 13.372722316842484, 15.317068431485906, 20.86237516938256, 50.944935687145566, 52.18024783513785, 59.15277996180275, 65.36793715963348, 68.16585625411491, 66.27277290012816, 61.38647351752464, 51.65291371201943, 44.014184037476774, 44.82445497209559, 37.74723022018327, 34.141328672716725, 91.20984831562282, 82.59013649980432, 74.51578684175037, 73.24379857052915, 67.69896674070708, 65.840084892731, 66.35011725425234, 74.92090473764064, 80.1960282007898, 83.49796999262112, 87.51593825611295, 88.51757314140688, 88.26846559471832, 80.16053878117074, 74.52306632919327, 69.80985329224009, 67.90935536524246, 70.62674036809743, 75.87562397860862, 81.57355332713874, 110.77435916901881, 113.55223880101128, 117.88087515160926, 118.84896245227712, 126.94068582341512, 129.11737038860872, 126.78780965318204, 111.10762961547198, 104.21738239717183, 94.10729497597426, 90.15439684711568, 77.45137174526917, 67.08613905743567, 52.33164311819648, 40.20975934044019], [73.21952797982577, 80.7811701772275, 88.7805894337566, 96.0310318713152, 88.43992496449938, 80.24204932315796, 72.88003836902796, 31.641081672525576, 26.622033434323715, 20.865224471055228, 12.519703378678503, 0.0, 10.72622940445621, 18.72715164225604, 25.66033113011656, 71.57701755147379, 80.82949903429437, 87.54967102323387, 95.50859126288006, 102.61666073443469, 100.48239804790181, 94.42478382568633, 85.23538553977798, 77.93048844520584, 70.97312651444837, 35.9783007949195, 32.61039670507774, 28.94093257096538, 24.54007643805954, 20.283508244497177, 16.391184066059015, 20.892770423709486, 25.199554536194345, 27.564007434321557, 32.77551600242263, 60.760849831022284, 61.34074480519847, 67.21989839456273, 71.80637406493678, 73.49735030241449, 71.91184407146184, 66.7811931450912, 54.56710342321451, 48.1285425127579, 52.53392500537057, 47.06853406138161, 44.78930101426122, 93.94822931434102, 86.08780316373911, 78.39308632446834, 76.36082267123945, 70.40055132389475, 67.22278903536319, 64.71371845069045, 74.40570074739098, 80.72705231125401, 84.67797035376842, 89.41066500669562, 90.7728129802551, 90.87385139587697, 83.2564276465466, 77.21913015410658, 71.12574268999866, 67.26466581242371, 71.7561553043264, 78.13657848329082, 84.30041074880492, 116.95083115842569, 117.63962601650164, 120.3607348429112, 120.05704995261601, 127.41774598493961, 128.53777425301857, 125.4135358170559, 109.67255206044172, 97.3788018959719, 85.3863534422848, 79.72582548745311, 66.39791448154908, 55.22943772394896, 40.67335081030863, 34.81721500766998], [65.40909171090188, 72.94598520724075, 81.17097770735944, 89.04188032035177, 80.67875518742258, 72.189631854692, 64.90414664450388, 23.129318952156176, 18.43615262527724, 13.26421389323653, 7.46742698463902, 10.72622940445621, 0.0, 8.703614266813183, 16.80070261075286, 63.38470713608766, 73.10716129566997, 80.13878745578457, 88.58936869167886, 96.30520088291365, 93.7205924725229, 87.10444307714316, 77.47121082259001, 69.97235029901881, 62.814711541576315, 28.33341311059608, 26.814445911080206, 25.52522513112227, 25.548708427447796, 25.140075335996233, 20.713341488101772, 20.39799921902001, 20.094009288349056, 20.356104063418645, 24.854087590356094, 52.0137744748946, 51.57877300161583, 57.13436656115944, 62.33059176887822, 64.29797711630454, 62.240530680480646, 57.079793236275485, 46.056264057999776, 38.92839589229194, 42.02659493930492, 36.71494431989717, 35.528721148044745, 86.23793743125012, 77.71920766163616, 69.56455708892948, 67.86070590161113, 62.07184294478937, 59.67655207284069, 59.32341525341861, 68.19858718173539, 73.81874638621343, 77.39860464536793, 81.79615737499765, 83.1485282440062, 83.14450199892516, 74.96272621357468, 68.97367216747362, 63.65240221169285, 61.13238390043755, 64.40964423341504, 70.16631244652929, 76.23389026607947, 112.36556093400655, 113.16770056357647, 115.68145163079251, 115.53736589522737, 122.74961015068907, 124.10583109510434, 120.99184654696373, 104.29252899528335, 96.92631761587182, 87.0539426524629, 83.87655714667981, 71.79248287381184, 62.27271545612989, 50.47920297299638, 43.72670652559011], [57.06403113255814, 64.57834169591646, 72.86014090051277, 80.99348830017125, 72.33413501602293, 63.7603870647301, 56.51117629941403, 14.826872882451546, 11.137242020555133, 9.60854704795522, 11.221813381673433, 18.72715164225604, 8.703614266813183, 0.0, 8.516364191562149, 55.153198173153605, 64.98460196455574, 72.05599734742643, 80.63123942657636, 88.5448175008636, 85.74650880286873, 78.94252664336834, 69.1854210481062, 61.64039182220311, 54.460947085134706, 22.566407090112858, 23.533536622894186, 24.67639783859642, 28.018025558299467, 29.98919205658125, 26.120481784775908, 23.072954180990237, 18.84510680689653, 16.085024715494875, 18.759224968879362, 43.496280563805094, 42.91092044460154, 48.89546326209603, 54.4700422943416, 57.035748518690006, 55.458022999779885, 51.00695851397436, 41.18665120527752, 33.49460623158842, 34.990859392286865, 28.347918948060645, 27.193472189816987, 80.04120443737341, 71.41113018098575, 63.57163674365278, 62.53892486867799, 57.2854019148292, 55.79418131483457, 57.39665234802686, 65.31306432851869, 70.06682722540442, 72.99302014233548, 76.6487158994643, 77.43587301247625, 77.11933297052906, 69.10433609807606, 63.81444767311315, 59.619274292750305, 58.41187231435096, 60.45618815823523, 65.1767134644008, 70.53597338877027, 105.46660743688008, 106.42147616542289, 109.21301687358829, 109.58210959079919, 117.13469818578182, 119.15041198917135, 116.71202426833138, 101.30413526012255, 97.54518002926534, 89.34193669433708, 87.47355085159555, 76.03911765411041, 67.65006485069425, 56.928435050921664, 49.44385911402819], [48.66614180555607, 56.219722318717515, 64.42903349941051, 72.50299958274826, 63.932378165108744, 55.42182104676786, 48.1300551144057, 6.360207165521341, 6.4542821757482045, 12.210501239673457, 17.87987439288937, 25.66033113011656, 16.80070261075286, 8.516364191562149, 0.0, 47.455621426686115, 57.08857265421907, 63.96727995836519, 72.36273942720727, 80.12643874525374, 77.29128620568346, 70.61495139486517, 60.98744017824408, 53.49863714438447, 46.442536889911395, 19.85435693747279, 23.40026224753338, 26.324556356277114, 31.45171926206795, 34.6668371774653, 31.619924255475663, 27.479153660987325, 21.340136271852252, 16.208120573481523, 15.965979767413614, 35.68821739360543, 35.82433200884871, 42.884700897425674, 48.45526134454538, 51.81114722625518, 51.56308119667936, 48.44829004014413, 39.71817215693505, 31.9697535773411, 32.035577019779524, 22.917579940325325, 20.523464746493364, 75.25302394064154, 67.01981972552746, 60.17715436266221, 60.004222634359614, 55.55000363810398, 54.893735497180884, 57.89182859397559, 64.87346722693574, 68.75384478932067, 70.88975504041575, 73.56742324021933, 73.40655933532705, 72.64710777837303, 65.43037270745491, 61.32076924812917, 58.37597058810371, 58.216828274353325, 59.23120194282481, 62.72119192477563, 66.93234594014302, 97.2713238308395, 98.30054022536271, 101.65940532780759, 102.74948357504861, 110.97428445878087, 113.90225508437338, 112.56068437374458, 99.96500645255543, 98.5068427064417, 91.54031717197286, 90.1944771339325, 79.06641653435399, 71.51986467005553, 61.21429410982403, 53.39011257548076], [15.588115594207629, 17.595949149196073, 26.05490677634127, 38.935675267228305, 29.89535654360931, 24.096848410481172, 20.748158391639294, 41.48507303838633, 45.15787883270384, 52.379763148931104, 61.363857410783176, 71.57701755147379, 63.38470713608766, 55.153198173153605, 47.455621426686115, 0.0, 10.723159312628859, 18.84730680462779, 29.36279083472089, 40.765412523712804, 37.27854924056919, 27.564599177814447, 16.849205943731146, 10.16682957579923, 5.431226430625499, 40.44251547984579, 47.84301012056772, 54.55004408330235, 64.11160108075148, 71.49547826458097, 70.65809091248435, 63.14306680366728, 54.15679386505219, 48.06547999345494, 41.78013644019848, 13.290362496832469, 24.651974777865483, 36.49461362175312, 44.11962148030341, 52.5967677814561, 56.84380584164267, 60.3110137031699, 63.60436005925347, 57.89925638383272, 47.296769223702626, 35.755563910053134, 28.907834606056436, 76.25113539490303, 70.02336703214024, 68.11470288537727, 72.49667696038253, 72.7252603459693, 76.920892411991, 87.07669319980891, 88.57701389357575, 87.47292090395713, 85.60363347408249, 83.08887203319344, 78.87712149064531, 75.8649809831451, 72.49236848339085, 74.40446230242428, 78.58351996279974, 84.31527964384159, 79.57111184170303, 76.38911611656496, 74.6252005059179, 63.38382835230754, 72.94516853203626, 84.49727100894648, 92.54565703674373, 104.65322426926632, 113.44992057715855, 118.2019341079523, 116.79479904630625, 129.7781603705371, 128.29735490119174, 129.47760000227908, 119.79262007345001, 114.29552044575405, 103.21992669451092, 88.79415083556842], [16.864489629570652, 14.283532196398795, 20.117439812581644, 32.93481189658354, 26.014991065394486, 23.40457112399477, 22.82386954873137, 50.99704185586166, 54.77181552345964, 62.07574726549867, 70.96511260340313, 80.82949903429437, 73.10716129566997, 64.98460196455574, 57.08857265421907, 10.723159312628859, 0.0, 8.356136754476077, 19.14901260667364, 31.266338242595882, 28.08674402978061, 18.024510984845325, 8.731171735232675, 7.621901988788951, 11.81272548745132, 50.191026920521246, 57.15394309539895, 63.505556242463776, 72.65263845722627, 79.96739476694866, 79.53617963483971, 72.22733862381293, 63.64106788385014, 57.78322982489641, 51.60341001776912, 23.23550701230692, 33.60762336328094, 44.14176053955822, 50.294080396109614, 58.787411670240765, 64.2386654753502, 68.7283361006647, 72.48750212322649, 67.33262599716905, 57.16319849302951, 46.09392020700102, 39.34663190707191, 80.13874938798979, 75.17305212642427, 74.8166457262585, 79.72731914198226, 80.66018843569218, 85.12220850688449, 95.37655089189475, 96.32799514403345, 94.67510657239791, 92.21771888117547, 88.82743906287365, 83.71226184646592, 80.31152154772562, 78.41125537037277, 81.50536911741199, 86.4208374773031, 92.40800730841427, 87.3467418774357, 83.35319142368222, 80.4328039488825, 54.315663803631764, 66.30204762416525, 80.38505946892067, 90.28781975205584, 103.48342777638678, 113.71022608099163, 120.14475737577995, 122.54372944260004, 136.42146705462306, 135.52243948258825, 136.5480092291131, 126.95532700302658, 121.78321386550405, 110.55866300326316, 95.9042097070883], [19.78622526496436, 14.444795773999191, 16.2321527433837, 27.733553429510703, 23.353984189012827, 23.753172114390914, 25.22844343716538, 57.77282499207435, 61.869974330015005, 69.37507892450077, 78.13493615538559, 87.54967102323387, 80.13878745578457, 72.05599734742643, 63.96727995836519, 18.84730680462779, 8.356136754476077, 0.0, 10.873407221550657, 23.315321145301727, 20.31766965720717, 10.353368751586023, 6.448146110747492, 12.041149354537673, 18.655977604642757, 57.952662123808764, 64.76775181009641, 70.87331721610799, 79.6307421577185, 86.70565230363508, 86.47314023324682, 79.45753967316766, 71.15489837256551, 65.33949084919351, 59.23525533431941, 30.502978384897204, 40.061048280049654, 49.569530891985146, 54.3385446189137, 62.64669179670835, 69.10455256192891, 74.37570618759155, 78.23089751381644, 73.59901067720925, 64.08518129206749, 53.413437652710826, 47.04080363205787, 81.80849055304552, 77.97130669390961, 78.91772952195073, 84.17564135647248, 85.64472249329663, 90.22618731532573, 100.40904013360296, 100.92658902061876, 98.87370104590093, 95.97073268976276, 91.91905488222277, 86.09255411346446, 82.41719118904997, 81.77969975122821, 85.80105901541573, 91.21017885266775, 97.29696631025938, 92.0699012593963, 87.49024165419125, 83.66546280330128, 46.83812307980737, 59.95378461456756, 75.64227081046474, 86.83124173540911, 100.76020765802502, 112.01953205219951, 119.74456841815558, 125.34156721546407, 139.77526579790933, 139.44584493480764, 140.46994666847678, 131.11842562786205, 126.4166045174672, 115.57023623814922, 101.54640156561545], [26.37327494691014, 20.001672365857686, 16.474410105408236, 23.029871661637305, 23.64887389445851, 27.59970759524075, 30.75035965095532, 66.11263722639802, 70.52809405237167, 78.23457193399564, 86.76288936425063, 95.50859126288006, 88.58936869167886, 80.63123942657636, 72.36273942720727, 29.36279083472089, 19.14901260667364, 10.873407221550657, 0.0, 12.836216214683045, 10.86815733365914, 5.818918280099836, 14.223438324319266, 21.250281607135026, 28.32547585205407, 67.53607911525155, 74.13648259290359, 79.8786881472209, 88.04819766219697, 94.7272916996266, 94.74946997212265, 88.19025867198626, 80.31841421312994, 74.58110958401075, 68.61872720206493, 40.05951438126885, 48.981988472930794, 57.51678409554652, 60.625861771103835, 68.52799162647354, 76.13650028164957, 82.17151872487824, 85.7288614338325, 81.68196115477762, 73.1907477947055, 62.809037615528105, 56.67662583310982, 84.73990502790738, 82.39667728000485, 84.8913517373895, 90.43331788046984, 92.42845722520423, 96.9870503460123, 106.79251062117385, 106.93814803893225, 104.54598954874926, 101.19830392717144, 96.45857484919918, 89.81060956029569, 85.85432493825017, 86.80334531239811, 91.83020054862419, 97.6192186629107, 103.6058841979207, 98.38437185038397, 93.27989417172103, 88.47321776258453, 36.699763770079144, 51.36440647205066, 69.42758721035341, 82.32799658229061, 97.25971241846445, 109.82239285208526, 119.23485027671398, 129.11158032051048, 143.565930670326, 143.78479178117357, 144.62158550154254, 135.5414179760731, 131.4152027085856, 121.05047797564193, 108.01714913182366], [34.130387246405306, 28.124288781433084, 21.557297229551036, 19.74344006494585, 26.5814709638315, 33.0352653952965, 37.08672111796713, 73.88879661222732, 78.79324166765647, 86.76598048683391, 94.89613625397382, 102.61666073443469, 96.30520088291365, 88.5448175008636, 80.12643874525374, 40.765412523712804, 31.266338242595882, 23.315321145301727, 12.836216214683045, 0.0, 6.032642697965877, 15.047503477381358, 25.17738091285076, 31.809836555631986, 38.75711134773403, 77.35298863292176, 83.80303749219013, 89.11560750039126, 96.50226397260045, 102.5073245286857, 102.70927846094013, 96.84813943533165, 89.50836069403493, 83.79289584340228, 78.04874633537469, 49.90055288988147, 57.98885213854094, 65.4755112231685, 66.57530958188633, 73.7745077020068, 82.66840718730776, 89.41970245289629, 92.15424212755715, 88.85290638107041, 81.96611085403224, 71.96447616769446, 66.31628961563271, 86.2718098225758, 85.7468477097577, 89.97453951293295, 95.6667026679659, 98.1407173167066, 102.46798313007713, 111.48529218330741, 111.32347407420966, 108.69946714066785, 104.95818686971997, 99.59035811807182, 92.08790192385538, 87.89965738698338, 90.6985506962743, 96.73313653482903, 102.700033220764, 108.31182723195832, 103.33191511304624, 97.83656980927223, 92.05045163342872, 25.23859114599581, 39.59337909177629, 60.072767907450924, 74.6919025740341, 90.69360935512815, 104.56244537853858, 115.81171345860146, 130.77365019743252, 144.54128650192976, 145.36429359203925, 145.9887130504181, 137.3888710380743, 134.13868172798107, 124.87340619818198, 113.93272848738499], [29.979621531914862, 23.456871026048592, 16.146235797017148, 15.38929586717638, 21.106389817105484, 27.89856841202163, 32.566207783184915, 70.98240001490625, 76.1990623824666, 84.31736245740703, 92.56832482842941, 100.48239804790181, 93.7205924725229, 85.74650880286873, 77.29128620568346, 37.27854924056919, 28.08674402978061, 20.31766965720717, 10.86815733365914, 6.032642697965877, 0.0, 10.706826942172972, 20.979766020120742, 27.795137591391953, 34.98018502391149, 74.85734623163478, 81.68015468910241, 87.30722874752354, 95.07118732647187, 101.17929062150718, 101.09200402616867, 95.04614039005727, 87.33969771861076, 81.3806136924595, 75.49715531480207, 46.074599561338744, 53.29547984683056, 60.20168307227534, 61.205600534926425, 68.4341260566784, 77.24834325311717, 84.15582121754991, 87.48765276075713, 84.3655308898148, 77.26385206450384, 67.82274181183743, 62.97635307411751, 81.20639295422832, 80.42943815093521, 84.5920604006253, 90.388098564799, 93.015005549886, 97.56237234176142, 107.03555438682534, 106.55464450686158, 103.70283179732276, 99.85959545451887, 94.41079368623855, 86.99238256974238, 82.80781183834576, 85.40740505134596, 91.50322758382387, 97.73603571945127, 103.68936321425997, 98.3842014179589, 92.66447398118505, 86.8188419230032, 30.798398665617746, 41.58974377411966, 59.4961902589277, 73.1434578494922, 88.43722882712999, 101.8026270673123, 112.40779345809325, 126.00080116794896, 141.12396444240102, 142.41599732798375, 143.77819090582483, 135.51950541972278, 132.52266229609484, 123.97638469724794, 113.56667944292191], [23.057038332907503, 15.922937269281032, 11.39581727065615, 19.477732268694247, 18.519407206789776, 22.801445596236874, 26.790811957384438, 64.29411658996439, 69.17733428526302, 77.09935462807309, 85.67473644171487, 94.42478382568633, 87.10444307714316, 78.94252664336834, 70.61495139486517, 27.564599177814447, 18.024510984845325, 10.353368751586023, 5.818918280099836, 15.047503477381358, 10.706826942172972, 0.0, 10.975889293373635, 18.45329702158346, 25.91596437615876, 66.64001983773615, 73.65710407409459, 79.67845136951757, 88.11449705360326, 94.7526735277917, 94.46506258107398, 87.84869868966783, 79.66203582975218, 73.64182252131512, 67.56668135837454, 37.49640910803387, 45.179003892032554, 52.87737019180603, 55.60015428319267, 63.44305909544023, 71.14970664338783, 77.47567540302212, 81.57454918828017, 77.85849477589025, 69.38968212049095, 59.739406152978994, 54.699314358121626, 79.446855844623, 77.07489784652647, 79.73526622613339, 85.41022384401994, 87.6453946588183, 92.40916149969544, 102.58601942296731, 102.3307825554061, 99.65707939912875, 96.14363122947958, 91.2334769537809, 84.56821769639772, 80.59424272178694, 81.57645465573817, 86.80988536567784, 92.91329894553019, 99.21266320843662, 93.67503474572426, 88.26972353726359, 83.26384071852398, 40.098171896685045, 51.49600461011531, 67.38154612578514, 79.46216701494163, 93.75229871782352, 105.92470197034272, 114.89816595201408, 124.06207224000647, 139.83444535164185, 140.66777787067147, 142.27982102109402, 133.67867427883397, 130.00833239808892, 120.6969850855549, 108.752593230653], [14.650977173050197, 8.486596690223998, 11.669455506077524, 24.60287783417893, 18.052353387190188, 17.592349292074495, 19.512105845935054, 54.70075096208978, 59.44460160947178, 67.26747663882084, 76.00258108617713, 85.23538553977798, 77.47121082259001, 69.1854210481062, 60.98744017824408, 16.849205943731146, 8.731171735232675, 6.448146110747492, 14.223438324319266, 25.17738091285076, 20.979766020120742, 10.975889293373635, 0.0, 7.709146895402304, 15.20911983894584, 56.461439187858, 63.74642192356048, 70.076206480482, 78.96281855153883, 85.83291047367028, 85.25988651309426, 78.33233674000147, 69.77951715207989, 63.626904008168026, 57.44245694386419, 26.869822767423045, 35.044354210532184, 43.83010544917323, 48.10691878221837, 56.36473691682275, 63.06228668867236, 68.63256065311637, 72.72911847540672, 68.45777543223146, 59.24520779190773, 49.261425451336855, 44.17424075078584, 75.41859322603743, 71.5461631250783, 72.6526120996505, 77.99615160564147, 79.64920460469372, 84.3425443255046, 94.73432678473475, 94.94180654123328, 92.69758099671927, 89.68040540883588, 85.52795463027819, 79.68661219288862, 76.01281558383471, 75.40582174968519, 79.593244041286, 85.20491917059447, 91.47927987162112, 86.05152919552609, 81.26052939519349, 77.28603038036026, 49.49274845474682, 59.267833597621454, 72.66558853818576, 82.84547544925988, 96.11826552423537, 106.86821262742701, 114.07436195697426, 119.00910333894451, 134.30721446812314, 134.52056091487816, 136.25522187445924, 127.40293184504316, 123.23207442420144, 113.64097482242258, 101.19201200016198], [9.620042018963176, 7.9065238894739345, 15.916735414846983, 28.90141413687154, 20.34873778717928, 16.21832625402637, 15.288059149040665, 47.23700402769017, 51.965598219008264, 59.789222634369864, 68.5557037832681, 77.93048844520584, 69.97235029901881, 61.64039182220311, 53.49863714438447, 10.16682957579923, 7.621901988788951, 12.041149354537673, 21.250281607135026, 31.809836555631986, 27.795137591391953, 18.45329702158346, 7.709146895402304, 0.0, 7.53909706267342, 49.10165203961508, 56.57363477676532, 63.02555794328185, 72.05328903343698, 78.91976964001839, 78.15133993154872, 71.16498005167472, 62.464286640096496, 56.19908292375338, 49.98747867680668, 19.175989999510453, 28.152447234132843, 38.102903256550384, 43.358672016648484, 51.75221133266687, 57.819165971673605, 62.72899487197945, 66.2548031575398, 61.56371718065606, 52.23258788589022, 41.74797736597302, 36.48302148441784, 72.6914393428651, 67.90754543524316, 67.94258021099549, 72.92101006526917, 74.03972031132184, 78.48743999590259, 88.69274074315794, 89.40479947071368, 87.62760222550175, 85.05464981299288, 81.54640317317019, 76.28951239212992, 72.86757278893208, 71.23525697477868, 74.59642908521491, 79.62489939827348, 85.62517177821502, 80.51224219130457, 76.34581635703626, 73.19007001688364, 55.274206244322706, 63.628820909072, 75.40695103378336, 84.27352724183993, 96.92029567529734, 106.67428195805941, 112.71824934540747, 115.09964983299314, 129.3176544416504, 128.94733469746677, 130.58529033540393, 121.53480524381898, 117.04797948377502, 107.36010774839723, 94.96028318878625], [10.290840461939057, 13.526958847848435, 22.463228993014766, 34.88404827056368, 25.543080194934067, 19.164759987394312, 15.361655637604983, 40.25390726286642, 44.779286099362594, 52.50831141950648, 61.33770254766878, 70.97312651444837, 62.814711541576315, 54.460947085134706, 46.442536889911395, 5.431226430625499, 11.81272548745132, 18.655977604642757, 28.32547585205407, 38.75711134773403, 34.98018502391149, 25.91596437615876, 15.20911983894584, 7.53909706267342, 0.0, 41.75949483721731, 49.391805931108856, 55.98093448167839, 65.19806931352987, 72.12823255977467, 71.17725447244027, 64.06631277541189, 55.1987275959966, 48.857092568178935, 42.6114394408685, 11.86780485018767, 22.515758902245356, 33.9896514729363, 40.52538025521956, 48.93000298491262, 54.049734833049826, 58.04626642993713, 60.908770469078185, 55.638817723171556, 46.03690495435036, 34.79898292802838, 28.976006434093655, 71.77069583085144, 66.01216308439922, 64.7716462966601, 69.27879377156076, 69.74076344948593, 73.8827279322386, 83.8420450972194, 85.16651793316187, 83.94506890543042, 81.90357305832289, 79.1530033660407, 74.60508249466746, 71.49340182139713, 68.69833290868365, 71.05029212447525, 75.36064164205199, 81.01788994145649, 76.29706136045114, 72.89868911639053, 70.7308743091145, 61.39022379381854, 68.98830855590326, 79.55156504898683, 87.26276678261023, 99.29892904733391, 108.07927633318613, 112.96862105865011, 112.6415886008783, 125.60326059191026, 124.51091280044369, 125.94421210375306, 116.60426796976674, 111.66008928140947, 101.629781636821, 88.9401211608141], [47.85517748544415, 54.321254691776936, 63.258101922551745, 73.82080370463866, 64.82941822490913, 56.60447890345506, 49.65184684036188, 19.299535666635943, 14.03298784066754, 15.314198599485021, 23.859351058526318, 35.9783007949195, 28.33341311059608, 22.566407090112858, 19.85435693747279, 40.44251547984579, 50.191026920521246, 57.952662123808764, 67.53607911525155, 77.35298863292176, 74.85734623163478, 66.64001983773615, 56.461439187858, 49.10165203961508, 41.75949483721731, 0.0, 8.509348142115352, 15.818447107230153, 26.28410427717966, 34.00415616437185, 32.233535916860966, 23.820909802781824, 14.070432619940796, 8.612025380914117, 3.959580234243399, 32.225122389601765, 36.848567902566174, 47.12633219500675, 56.14953349383252, 61.55005845828968, 60.52752264242246, 57.667260879204946, 53.75073835570712, 45.245113389452015, 38.27332411536508, 26.296749065620258, 16.446644883884677, 87.87406582147871, 78.8970638110742, 71.61