{
	"dissimilarities": [[0.0, 7.33653608906301, 16.11503439189008, 25.310079369584006, 16.37684489346422, 7.639039682464023, 2.1997783292663824, 42.12929476396068, 48.25459801220071, 56.56827132321431, 64.99349335268693, 73.14514526153386, 65.12349798281187, 56.72874247169908, 48.42248620631232, 17.601589721625373, 16.742038780382515, 19.28522135563637, 26.562591005788086, 35.603941245349006, 30.938444073540172, 22.16727742049145, 14.915040477226873, 10.159512162784882, 10.697805768980151, 47.71323490562077, 55.30355632665367, 61.19904359675779, 69.7089430103855, 75.6735159667636, 74.91815850781194, 68.72380448227375, 60.40659727406998, 53.88184971190511, 47.773755142836386, 18.620544980623258, 24.06627028104955, 33.19431064484046, 32.01440238129838, 41.080255768078054, 50.92032903112823, 56.33296427218292, 56.49854679825829, 53.8167505499829, 46.84237926837215, 37.905553192347256, 35.273144404136765, 62.46719369337292, 52.281802508453445, 55.86569214807442, 60.199830133283555, 62.021640087559355, 68.8572418931286, 79.8798968792116, 82.24633341460572, 84.47163539414632, 83.67667310176307, 78.15765147667082, 70.03839906962587, 63.977947089280796, 58.338532813061605, 64.32323111212031, 69.02570132866978, 76.81739727633816, 75.83394916472372, 73.33264489956126, 68.94869628228265, 59.31452730050575, 63.796938228583336, 71.36653583901087, 76.72095614739413, 88.19084459635248, 101.5992125402504, 103.58877960793183, 109.31437413162678, 122.32925471978362, 120.68165601362213, 124.33278689963545, 117.04750909179087, 110.78201291476624, 103.25117688059653, 93.42737272240394], [7.33653608906301, 0.0, 9.118536203798726, 19.275056308464524, 9.576215028574552, 2.145671380593031, 7.670288783080983, 49.43071290750062, 55.58192554288846, 63.88994618925787, 72.32143010236592, 80.45187075352513, 72.44346502520594, 64.04096757975081, 55.73403853273856, 21.254638955933547, 16.918451228709205, 16.474680391553246, 21.616172612033473, 30.33884656867502, 25.017875783380433, 16.383135934720496, 11.036692027466563, 10.461278439851696, 15.076742370837575, 54.74753863350261, 62.34342072948999, 68.32488292673091, 76.88972154577415, 82.92764116505195, 82.22179697044284, 75.97184272823272, 67.60913013772068, 61.10707748580579, 54.964962321293605, 25.030884971885627, 29.53501847897754, 36.908016804073895, 34.613499267869116, 43.65347081851891, 54.086379327923744, 60.320370148171115, 61.66978481563932, 59.7736400581966, 52.50338592962306, 44.41647365507914, 42.214838943173206, 63.26437340454415, 53.63838029144505, 58.55978430637928, 63.42528355575447, 65.85254159247208, 73.29269856042072, 84.41893201569252, 86.21367539845647, 87.53635906486613, 86.06534621465971, 79.752520177283, 70.96872953567483, 65.3468651420424, 60.19166803230595, 67.36597172768055, 72.82765927235252, 81.04708560757943, 79.43615520585544, 75.94929361943885, 70.7627064367777, 55.158236544968055, 59.801179652935566, 67.93480303510145, 74.19283998393301, 86.09347432461092, 100.34495361932275, 103.28542556141534, 111.17974413251807, 126.18192388260422, 125.43345281649319, 129.51686087342102, 122.6031445280227, 116.93657143835642, 109.93332122017988, 100.31895922595122], [16.11503439189008, 9.118536203798726, 0.0, 11.02181826333087, 2.1849069764859554, 9.227709562364215, 16.139620714970288, 57.96904775114244, 64.12631183223219, 72.51613174758978, 80.87420092779463, 88.68105261228213, 80.95696010121281, 72.59899757170948, 64.21838043868402, 29.059278021231087, 22.150296231538398, 18.056175563530864, 17.510797776048186, 23.329070149783682, 17.391341071301, 12.429419458824697, 13.62323870531512, 17.49718113896447, 23.58138611238833, 63.674785496839284, 71.14368378790749, 77.00001603711615, 85.29154581533203, 91.20744527659319, 90.64085705630636, 84.5868562741445, 76.40015634509817, 69.93786533126058, 63.835924509740266, 34.12529452784714, 38.14204890017925, 44.10590451519929, 40.15030140654045, 48.84865691209765, 60.33103568209601, 67.3474287687295, 69.00509029067736, 67.55324691828609, 60.75775539594607, 53.267156844073554, 51.27585992199403, 65.22341190912739, 56.881520533204636, 63.47398330927758, 68.8113939763156, 71.78418031581157, 79.44932899183414, 90.15441754868593, 91.375787540522, 91.90833590736128, 89.67247540124087, 82.59850498596064, 72.93321480202987, 67.91555398605684, 63.847168532707805, 72.3031553125641, 78.33180318988967, 86.54687754260958, 84.35652814120606, 79.86912158165211, 73.79452727109476, 48.639761310103744, 52.74352289408892, 61.83903017698367, 69.51778336810331, 82.22215961884888, 97.54720205288145, 102.21452072815143, 113.69521370662179, 129.85101617491108, 129.95162033201336, 134.1349548205987, 127.55738952468015, 122.68875633945763, 116.3581827648025, 107.49277120056033], [25.310079369584006, 19.275056308464524, 11.02181826333087, 0.0, 10.187727034719222, 18.809929204724558, 24.854404641407886, 65.32059804795998, 71.50352257326529, 80.0419834458083, 88.14746608875967, 95.15707971047935, 88.08255283566434, 79.87135130676542, 71.39927726529106, 39.695671822405096, 32.37511612155938, 27.07206167750574, 21.615047528332155, 19.643067082751667, 14.512647584182599, 19.02845505793731, 23.948502930147132, 28.253035706155927, 34.02143578012808, 72.57664334472088, 79.88713469777466, 85.36190931264541, 93.00959310129811, 98.40617162711769, 97.9287355775303, 92.47730586762233, 84.7048549523059, 78.2276737039023, 72.3033195296075, 43.89135225219633, 47.07627710706492, 51.840622364186956, 45.55603417711206, 53.580117751553104, 66.73348044568353, 74.45615605025199, 75.15162417288032, 73.83825691573455, 68.58511238512735, 61.74897794215057, 60.39584740113556, 65.26166191697313, 58.998436399105316, 67.39840482344297, 73.04250549053265, 76.41195005768809, 83.74138932074108, 93.30603381630199, 93.96558498182921, 93.95283705536492, 90.965978281125, 83.38048452238355, 72.75423528476688, 68.43921153019319, 66.13082894004903, 75.74428266397545, 81.97959582082619, 89.57661431624896, 86.91806425687882, 81.5642375434832, 74.67693102512473, 42.63182973151954, 42.54872925401721, 51.45799392235422, 60.39963777203772, 74.03655590425238, 90.30613820951122, 97.14829566756929, 113.23743173074072, 129.24557150988937, 130.17583322629721, 134.2737567261156, 128.18357298439184, 124.54562755491675, 119.65325486536142, 113.0182138283071], [16.37684489346422, 9.576215028574552, 2.1849069764859554, 10.187727034719222, 0.0, 9.184462667960766, 16.105510998082025, 57.89848725962324, 64.13273953435517, 72.56818726844482, 80.8855563378551, 88.57291598090488, 80.90829246076957, 72.5498363338732, 64.14819649853061, 30.236893468582537, 23.85861966245284, 20.12962830880049, 19.55387549442931, 24.461973769645592, 18.527593522841816, 14.553551220032622, 15.468569328697242, 18.77336836541815, 24.48185037327404, 64.08586583485895, 71.63077255149739, 77.45898864463749, 85.72084804519812, 91.51078510691667, 90.8601762191063, 84.90864564099593, 76.72351971889108, 70.19128659418455, 64.11546987584514, 34.53492841027363, 37.86879581407082, 43.32939802066447, 38.81489862277722, 47.410133327802804, 59.241307593678265, 66.44416653107386, 67.99583057191859, 66.70218853499763, 60.16794791793668, 53.03630995296127, 51.56921062812544, 63.222277578225466, 55.07322584718562, 61.93179939128719, 67.33719499885449, 70.40347868294131, 78.07802322036976, 88.67700163449938, 89.77296053825773, 90.1713656445056, 87.82872429056486, 80.6809781611218, 70.92262426114716, 65.96568452429129, 62.073674737767874, 70.71469841732448, 76.82050504524886, 85.01712027754402, 82.71423943542688, 78.07315224225736, 71.8899354448029, 49.49409130200776, 52.26181801942123, 60.41192398778727, 67.71147087872437, 80.23780911513808, 95.48434527548807, 100.05291586530524, 111.70055646520126, 128.11262068636032, 128.44756049733803, 132.85452569283848, 126.47437818479126, 121.87273294332248, 116.05497687037571, 107.85807106376602], [7.639039682464023, 2.145671380593031, 9.227709562364215, 18.809929204724558, 9.184462667960766, 0.0, 7.346897613761474, 49.30218086218297, 55.54806381945471, 63.90743439676913, 72.29971098872944, 80.31556987953711, 72.35641983973616, 63.94692098173292, 55.61449544486505, 22.664235626974765, 18.930244338414337, 18.584050094752467, 23.244740277779616, 31.24049831820811, 25.819095204123652, 17.93998185918932, 13.036158855047141, 12.234928126173443, 16.250712654308337, 55.150812534062574, 62.834584017067826, 68.7898866340859, 77.33216986906902, 83.23863437421325, 82.43667109394156, 76.28928477483512, 67.92029598190575, 61.33933459580608, 55.22496053932825, 25.44327111375379, 29.036406429629082, 35.83823752055144, 32.95254907374481, 41.95000075429962, 52.755599533011896, 59.19797418948281, 60.466160446868706, 58.75077829384344, 51.72016153885347, 44.040666049070275, 42.47636081894457, 61.175736708538246, 51.66338426050513, 56.81496378471789, 61.755501333749784, 64.27968267656254, 71.75682367290408, 82.81762942602681, 84.49139221811143, 85.68291539495175, 84.11757170283093, 77.73681497213154, 68.88199771282534, 63.29417058157386, 58.25698917298702, 65.6036522819668, 71.15402501417135, 79.38636445233168, 77.6625073060847, 74.03083911536216, 68.7497675990622, 55.98432933079147, 59.48267998763783, 66.74036625806859, 72.5955014599498, 84.28079613030766, 98.41728162412277, 101.19656446798416, 109.13638648453997, 124.43262918973915, 123.91891680709747, 128.2499332695961, 121.53729051382842, 116.13221577644643, 109.65597615632224, 100.72582214734746], [2.1997783292663824, 7.670288783080983, 16.139620714970288, 24.854404641407886, 16.105510998082025, 7.346897613761474, 0.0, 41.98357717265097, 48.21965231479116, 56.59964102799923, 64.97451111942901, 72.97637841902255, 65.02923034904788, 56.62915445725712, 48.284858259525514, 19.432265973209454, 18.874865980202294, 21.164939045502518, 27.87544355946642, 36.27250933572667, 31.50700623404469, 23.34784012276643, 16.53101653891708, 12.115284772225618, 12.454648179241076, 48.234263883173135, 55.903698158498, 61.74802043336613, 70.2010872542269, 76.00378012431399, 75.15063675393776, 69.09087778333614, 60.78874656624131, 54.181176730628685, 48.11517635473965, 19.300662902967503, 23.59748533357394, 32.14642710632737, 30.291235703330788, 39.33932447424997, 49.63033613545339, 55.25994891557727, 55.24943482240699, 52.72181793889838, 46.06674800082933, 37.557564177022996, 35.66600843261655, 60.348555106267874, 50.287547401069354, 54.09663589935771, 58.50046082893971, 60.40904204996132, 67.25537264007777, 78.18582198970267, 80.44116404556472, 82.56343406146046, 81.68201828285052, 76.11284733007746, 67.91858258281324, 61.87853800520077, 56.37479770884939, 62.52052519071626, 67.29118372718986, 75.06786535700526, 73.98281103673372, 71.35275275238826, 66.88373046056616, 59.93868122688521, 63.311185183897244, 70.05386176025712, 75.01561706299289, 86.28203709512, 99.56386501094993, 101.41313067200942, 107.22011408279894, 120.44096761286401, 119.01445574287182, 122.89526896823884, 115.80743922772433, 109.82016573353405, 102.85150281138151, 93.79865852077808], [42.12929476396068, 49.43071290750062, 57.96904775114244, 65.32059804795998, 57.89848725962324, 49.30218086218297, 41.98357717265097, 0.0, 6.638066927844131, 15.056811600803174, 23.140894640905444, 31.49263576949504, 23.07121981981963, 14.662573837982302, 6.3826858274558695, 40.555731675498556, 49.31448283842714, 56.141245081718715, 65.61343474676815, 74.2180278433732, 71.1114993057358, 62.82313992244798, 54.27735660284647, 46.843493241365, 39.79363594658812, 16.41197637268339, 21.794389968577743, 25.271253548686143, 32.38010074858224, 36.652269617129555, 34.686679134692994, 29.661472831441063, 22.375221066748484, 15.845552490694415, 12.445962927913653, 28.627442076532247, 29.300566900413887, 38.05978153193446, 42.92014277039358, 46.60787978104, 48.68156964758851, 46.800353404350545, 37.58741020197791, 28.629880609364545, 28.363312990990067, 17.848229387993925, 15.40965053399797, 69.91296788685517, 59.50328168714312, 54.49729629923945, 54.17997234294468, 51.443450921960604, 52.18993827887415, 60.47646554395355, 66.54646625505416, 74.39210763086575, 77.98409621249257, 78.04725400546438, 75.18725859570182, 68.0461820047819, 61.07062815756202, 58.327313823224415, 56.866672130329206, 60.16743551463854, 63.71668182942856, 68.06810561693273, 69.39782309695728, 93.04465105851392, 95.451127095663, 99.03029028998687, 99.4802993334901, 107.45578509943735, 115.41280435910282, 111.72851989066915, 103.93974495766064, 104.27209142900874, 96.95044036287595, 98.08905835318662, 88.90966873796255, 78.66012292458488, 68.3203953839972, 58.71778647724955], [48.25459801220071, 55.58192554288846, 64.12631183223219, 71.50352257326529, 64.13273953435517, 55.54806381945471, 48.21965231479116, 6.638066927844131, 0.0, 8.599846481140988, 16.757136310138858, 25.537529199729722, 16.911153020271918, 8.651124708830004, 2.2679514140488086, 45.52282400613527, 54.43655159336206, 61.4044605285803, 70.9809877909079, 79.65639369416543, 76.79578288382686, 68.47432445003703, 59.92819860637269, 52.50432907655982, 45.372996076986105, 14.767149885302107, 17.717119619639256, 19.803200805350535, 26.12439045254932, 30.123046788977046, 28.0576700307795, 23.218604602609485, 16.645433869870594, 10.915296813358493, 10.092065912398466, 34.188852844269626, 35.33852114151794, 43.80233582778039, 49.151243336931614, 52.3672208077509, 53.35156086244831, 50.471375850031734, 40.60871782046177, 31.151961214623935, 31.932897260790323, 22.468776011205193, 19.108915965796438, 75.26916650816179, 65.06630507070246, 59.32382635161149, 58.44350078492405, 55.17302874954766, 54.917158588651155, 62.36925958253675, 68.94858799424239, 77.52545655558527, 81.67899920289872, 82.4584958646428, 80.22312517507936, 73.11892202594156, 66.17599612206376, 62.48106005011403, 60.18323829041374, 62.60211173898009, 66.81759125205765, 72.05348837244456, 74.05437284077435, 97.75411182278835, 100.73225914677298, 104.64772143235314, 105.03317097895788, 112.88565789282526, 120.38307684865542, 116.38304436049914, 107.2430122543975, 105.21277542265607, 96.70316828467735, 96.89413945116605, 87.13601218692305, 75.80907363131426, 63.913436282525204, 53.010885825220875], [56.56827132321431, 63.88994618925787, 72.51613174758978, 80.0419834458083, 72.56818726844482, 63.90743439676913, 56.59964102799923, 15.056811600803174, 8.599846481140988, 0.0, 8.60800104948617, 18.760839831132536, 9.272671168964472, 3.3836195057828222, 9.291267797646617, 52.61839691433788, 61.853073060405485, 69.0462407494342, 78.88264079613765, 87.80994460006721, 85.05077075224469, 76.48210723671258, 67.79575827955047, 60.325735518420494, 53.07727835933826, 16.41110589389158, 15.437643071120835, 14.861076110721223, 19.699010641822216, 22.996461355802836, 20.26970356183309, 15.664273514892704, 10.684456749212007, 8.268859200323407, 12.396734316902258, 41.6792251923737, 42.55764378621724, 50.214431571638656, 56.32191438301836, 58.79231434780007, 58.08162337725182, 53.88838508170349, 43.648711810030775, 34.106099225131054, 35.78371019928407, 28.161215490160597, 25.182787616897162, 81.3698932501267, 71.29563186674825, 64.42745966816474, 62.80235415523371, 58.886922123138376, 57.53404699162362, 64.15264174115084, 71.2584443592461, 80.56547458962585, 85.44432376617391, 87.13634642462613, 85.87709921588532, 78.8414425502104, 71.75827521508775, 66.75674461497644, 63.48577603980266, 65.0127012404637, 69.97202564972807, 76.28334446327439, 79.1910695737743, 105.5076269659434, 108.9101197454563, 112.77156676639773, 112.78961425088502, 120.21175861458525, 126.9924915037283, 122.16410127647791, 110.56294293321871, 106.34024538826029, 96.62213191725787, 96.11858782992935, 85.96557984233827, 73.46281565312478, 60.153499971717345, 47.92587371175735], [64.99349335268693, 72.32143010236592, 80.87420092779463, 88.14746608875967, 80.8855563378551, 72.29971098872944, 64.97451111942901, 23.140894640905444, 16.757136310138858, 8.60800104948617, 0.0, 11.025348722233781, 2.230353568193616, 8.654272348192249, 16.913729912342163, 61.17163053542001, 70.37503034267769, 77.52877389064162, 87.23256864526343, 95.87038647370015, 93.25928786841743, 84.95022033303802, 76.34946798214229, 68.90374204564698, 61.673284607665956, 23.81149611499907, 20.475421913639632, 16.96829639513555, 17.20087808986105, 17.52726828460425, 13.733980681388262, 12.417601244332257, 13.15789903508265, 14.984505479916049, 20.408964622297844, 50.27641178555508, 50.68381011388769, 57.46697583281777, 63.3928961634681, 65.10311721320893, 63.65224112191876, 58.660010271747275, 47.33425794262784, 37.746785828380645, 41.38619996300361, 35.633811851029996, 33.63571131571815, 86.35777340994332, 76.87729072795138, 69.31850607620298, 67.02553127325113, 62.554206354333516, 59.790225620778955, 64.85898560728317, 72.42995564635201, 82.55847983073159, 88.07975379780379, 90.74794642850404, 90.32550355657226, 83.44242560419815, 76.68234687498042, 70.59372859313808, 66.25822062141458, 66.41493112419387, 72.12056050197732, 79.45986301402537, 83.2081444327912, 112.86978686959371, 115.75954206153432, 119.04956889701438, 118.4526246972406, 125.32070617967865, 131.17590393240283, 125.66615233875928, 112.232826310548, 104.84362639652986, 93.79988881039853, 92.3655846774968, 81.84822090936085, 68.38445993166665, 54.290096561290675, 42.84609418023175], [73.14514526153386, 80.45187075352513, 88.68105261228213, 95.15707971047935, 88.57291598090488, 80.31556987953711, 72.97637841902255, 31.49263576949504, 25.537529199729722, 18.760839831132536, 11.025348722233781, 0.0, 10.115554129940888, 17.74067393475854, 25.134885768062407, 70.80039777827213, 79.53972593118664, 86.3235776121351, 95.3669325893356, 102.98302148490471, 100.66467793659838, 93.31308041154006, 85.1343478023996, 77.83904052862114, 70.80395021939533, 34.58229003757609, 30.815582068504796, 26.091015642352065, 21.781734154845015, 17.267938895974467, 13.695692645095464, 18.74061742444112, 23.355061088822417, 25.80453915140509, 30.983766388104517, 59.722011232435996, 59.74631452397866, 65.81889898476517, 70.47480110219344, 71.51636949955581, 70.66146539187356, 65.62886071493314, 52.38765283808536, 42.68023870642167, 49.239333327202864, 44.85592336503256, 43.82688903900055, 90.11532321563836, 81.89120117729378, 74.35568116267213, 71.57949318826446, 66.73204959309875, 62.22431930826158, 64.70471181206118, 72.63888589425555, 83.71451729745955, 89.69136855339373, 93.34956804082415, 93.44789880335465, 86.84532050053, 81.09972240497261, 74.36556013768323, 68.92001974936922, 67.03546942363147, 73.45882397813898, 81.68002647283808, 86.0874436565577, 118.64006702179135, 119.94748773611957, 122.19092221211002, 120.78763259779201, 127.03403553307973, 131.73067621758074, 125.9831512860877, 112.09011646675502, 99.74882630817923, 87.01390960947417, 83.91274548053, 72.80351854272892, 58.453655988003995, 44.0661073707552, 37.25286252749524], [65.12349798281187, 72.44346502520594, 80.95696010121281, 88.08255283566434, 80.90829246076957, 72.35641983973616, 65.02923034904788, 23.07121981981963, 16.911153020271918, 9.272671168964472, 2.230353568193616, 10.115554129940888, 0.0, 8.46741574024761, 16.76762966088415, 61.83638518041142, 71.00995853058454, 78.10473745042289, 87.71404272693216, 96.17711857754057, 93.51205967256901, 85.34485612430295, 76.77179725467921, 69.31713125182193, 62.10920225211494, 25.05892587896883, 22.276520177759227, 19.093652967852538, 19.28531671396241, 19.054700621484248, 15.157819451402172, 14.58357882595524, 15.124989604795465, 16.32665840253069, 21.435508689636524, 50.65965719590936, 50.59751765936137, 56.99812113919723, 62.647068232106825, 64.12439903493156, 62.750540460862275, 57.7678926643249, 45.9692001704323, 36.31635769393178, 40.67096177832555, 35.439276055506916, 34.221880571007695, 84.90590685468494, 75.62049250941294, 67.99994202339614, 65.60440605961277, 61.06018716418269, 58.03300910773179, 62.827926549746365, 70.4369703805406, 80.67000452923432, 86.24976976413653, 89.05881446238993, 88.75533092345394, 81.91233924310318, 75.28358596030273, 69.04598049164694, 64.53733119323942, 64.45408671847302, 70.24208877492799, 77.70551001543949, 81.57295532150303, 113.23156354704098, 115.51322311213978, 118.28528786360275, 117.3721282972921, 124.00058115173579, 129.61532863224295, 123.89734348809671, 110.23352578328068, 102.6291472682819, 91.62916848911803, 90.3854147510483, 80.02464305193133, 66.77629129768394, 53.48947499116306, 43.65425301194526], [56.72874247169908, 64.04096757975081, 72.59899757170948, 79.87135130676542, 72.5498363338732, 63.94692098173292, 56.62915445725712, 14.662573837982302, 8.651124708830004, 3.3836195057828222, 8.654272348192249, 17.74067393475854, 8.46741574024761, 0.0, 8.47734001593218, 53.730950824020134, 62.88864668399003, 69.96715360514393, 79.62666039714976, 88.24646902263551, 85.40580407917717, 77.09045107307033, 68.46304694489618, 60.98528563016012, 53.78466150461837, 18.88245879541086, 18.691925008603825, 18.18279296681698, 22.255917712117895, 24.59172088821051, 21.570090031237537, 18.08820780595897, 13.8801360883103, 11.239613112174059, 14.59774470999264, 42.31416952357995, 42.36077095886001, 49.38386547473451, 55.014573411818745, 57.12136975704891, 56.58681781426706, 52.42863582868928, 41.366305758493574, 31.619700128887676, 34.50273661810659, 27.728332555855303, 26.260610973819688, 79.0004428077556, 69.21299014939305, 62.25728682524118, 60.48471246127746, 56.45907977742824, 54.729805598919576, 60.99130213668252, 68.14862991583836, 77.60818931378311, 82.56174576057477, 84.44829861461396, 83.34256486835592, 76.35150361269149, 69.46636529553284, 64.2530151483084, 60.73263129205361, 61.9310013809268, 66.99974894308845, 73.481433063691, 76.55366846921763, 106.00816807801105, 108.4251950851011, 111.46788393047292, 110.99304607042977, 118.05728701292323, 124.48314132664875, 119.3540797775048, 107.46563051979446, 102.9675797486618, 93.35011581751768, 93.13700470140265, 83.22180628433242, 71.07188537949116, 58.91484130350951, 48.86958378605803], [48.42248620631232, 55.73403853273856, 64.21838043868402, 71.39927726529106, 64.14819649853061, 55.61449544486505, 48.284858259525514, 6.3826858274558695, 2.2679514140488086, 9.291267797646617, 16.913729912342163, 25.134885768062407, 16.76762966088415, 8.47734001593218, 0.0, 46.4333278033586, 55.263171960257466, 62.130214944425404, 71.55945648678515, 79.99681502530083, 77.07966879978225, 68.95670605038433, 60.46765521784726, 53.05185109558607, 45.97479562236063, 16.77438775612433, 19.828141534229278, 21.69005406990425, 27.547718829770098, 31.027206129602554, 28.7797119617901, 24.467559870977617, 18.290142215221103, 12.759352520052184, 12.101322062222005, 34.7736187058167, 35.25006874168869, 43.22688845112549, 48.20053472840386, 51.1640720168925, 52.32074039320183, 49.492817126115646, 39.047219212424444, 29.43222955034542, 31.063844504699127, 22.221135990750607, 20.177522926617478, 73.59198545178084, 63.58222549134199, 57.79846434683854, 56.832078635219354, 53.499151136421794, 53.015129557777506, 60.25168097883871, 66.84996804083032, 75.51465041391039, 79.70284252196531, 80.5966829850919, 78.44371079756593, 71.36159860653441, 64.55777095528649, 60.74313428197641, 58.296699201294686, 60.51724483050909, 64.78632628886892, 70.11360667810123, 72.20802935440712, 98.12486587423129, 100.38863850825142, 103.71650521953694, 103.75353290207977, 111.36292343363554, 118.62496784759972, 114.42854574010127, 105.13848323971162, 102.96089226729671, 94.54610603555179, 94.93994573299614, 85.35022600564366, 74.28760690135584, 63.159921323675725, 53.61682453637684], [17.601589721625373, 21.254638955933547, 29.059278021231087, 39.695671822405096, 30.236893468582537, 22.664235626974765, 19.432265973209454, 40.555731675498556, 45.52282400613527, 52.61839691433788, 61.17163053542001, 70.80039777827213, 61.83638518041142, 53.730950824020134, 46.4333278033586, 0.0, 10.818427900084004, 19.066581901304204, 31.199317997766073, 44.37390456666336, 40.39693301439966, 27.820752367665435, 18.149410039487016, 11.61989279283841, 6.999215123529279, 39.67216345889331, 46.771078627871425, 53.328502019539954, 62.864012534459086, 70.11873825473977, 69.63053026627394, 62.120360162253064, 53.37277674590995, 47.599464594855704, 41.41406209026883, 13.40042828131646, 24.366544124216404, 36.12180621756383, 40.94621099541309, 49.42960141074976, 54.34483018178242, 57.40867585493486, 59.57970182654212, 56.35430591899935, 46.36069411559405, 35.489629247775625, 28.583363047062694, 75.05314501766786, 63.16827770898315, 63.72130063494424, 67.12313729982552, 68.0353746589739, 74.8676879981815, 87.10148694034133, 90.36895190527997, 93.39601121042853, 93.6924907776788, 89.02918370789816, 82.43951235019289, 75.994645342747, 68.4860215184376, 72.26931268026621, 76.25277856417033, 84.48606670886369, 84.39335694575742, 83.33686538478898, 80.25168277799092, 67.42273581636434, 77.99519937975862, 88.33285529949389, 94.29800851711731, 105.68782852949003, 118.77982411068632, 119.51322819707642, 120.71177497154154, 133.22650394705155, 130.06891376910156, 133.0213334394711, 124.70264058407092, 116.22759610262595, 105.14238349045603, 89.67774973805724], [16.742038780382515, 16.918451228709205, 22.150296231538398, 32.37511612155938, 23.85861966245284, 18.930244338414337, 18.874865980202294, 49.31448283842714, 54.43655159336206, 61.853073060405485, 70.37503034267769, 79.53972593118664, 71.00995853058454, 62.88864668399003, 55.263171960257466, 10.818427900084004, 0.0, 8.316602676338519, 20.597691390955102, 34.347538127277886, 30.561190313782692, 17.75320221387595, 9.330468087531944, 7.427574649870172, 11.127937971766961, 49.545431312212195, 56.31247913688953, 62.55031440292393, 71.50190784896435, 78.61361596960408, 78.46404219911203, 71.27497114638302, 62.90995965476782, 57.215192257962755, 51.075439192447334, 22.71515337991399, 32.61847261133122, 43.1369874756844, 45.56224359586963, 54.51485915682566, 61.37683761584692, 65.64441767010871, 67.95976722013837, 65.02340659055633, 55.7034817502479, 45.274570856887195, 38.70750279931855, 77.79222764159786, 66.82854664475586, 69.35212444168849, 73.44374924686753, 75.00769041755345, 82.1950084688282, 94.08194910914638, 96.84230160250998, 99.1864687522043, 98.68515665823703, 93.14595452543668, 85.41751499892337, 79.38113113561982, 72.84181222345127, 78.21033459000707, 82.89432643958298, 91.18881247625778, 90.51140275416805, 88.38494881829519, 84.26635943978549, 57.6371527938859, 69.96859598512236, 82.46061625770277, 90.19544775496414, 102.70554804908606, 117.04161045432319, 119.77028050173975, 124.95085093124132, 138.24137338936353, 135.7079807525598, 138.40226359595587, 130.13994774388416, 122.29712200088159, 111.40061283840498, 96.25448282698639], [19.28522135563637, 16.474680391553246, 18.056175563530864, 27.07206167750574, 20.12962830880049, 18.584050094752467, 21.164939045502518, 56.141245081718715, 61.4044605285803, 69.0462407494342, 77.52877389064162, 86.3235776121351, 78.10473745042289, 69.96715360514393, 62.130214944425404, 19.066581901304204, 8.316602676338519, 0.0, 12.393779036024041, 26.59321391021486, 22.891492084363527, 10.146483312503252, 6.461792426971405, 11.495601448707632, 17.885460220921466, 57.33921662351377, 63.998319954027465, 70.03423834270085, 78.6045208356123, 85.52777617312611, 85.53448047438076, 78.62001792172256, 70.47980982419766, 64.76815159665847, 58.65766368679915, 30.111960160682248, 39.078031424525804, 48.577980791927956, 49.27228026267436, 58.335602567157316, 66.5321020621315, 71.63121701115425, 73.9772166737214, 71.31061897972704, 62.5366825259496, 52.54478193335173, 46.47893351409778, 79.49119725087971, 69.38182476149194, 73.33053149644999, 77.88267696348878, 79.91252892380619, 87.31091743387766, 98.87479859107593, 101.2155553565682, 103.0104397387862, 101.90023741702319, 95.73720977657828, 87.21078189182894, 81.5481328620518, 75.82429201197988, 82.31368801003592, 87.48137174629018, 95.77596872341695, 94.64640781895623, 91.71872490558113, 86.8552030509056, 50.29465806276801, 63.585046773055716, 77.52475069507594, 86.54290167463103, 99.79831661232224, 115.00313837422189, 119.22556142583893, 127.43823318959183, 141.3885899174915, 139.44113135529776, 142.06947800032108, 133.97909333119068, 126.76281984829461, 116.3395464492282, 101.90192685086583], [26.562591005788086, 21.616172612033473, 17.510797776048186, 21.615047528332155, 19.55387549442931, 23.244740277779616, 27.87544355946642, 65.61343474676815, 70.9809877909079, 78.88264079613765, 87.23256864526343, 95.3669325893356, 87.71404272693216, 79.62666039714976, 71.55945648678515, 31.199317997766073, 20.597691390955102, 12.393779036024041, 0.0, 14.742603099515161, 11.871065055329158, 6.770317414712106, 15.182673586852678, 22.070007279109717, 28.929450724971137, 68.25410705223119, 74.72234821162449, 80.39084473409191, 88.29628129744691, 94.8358908209412, 95.06952455542205, 88.6638175780468, 80.93409378031629, 75.21898955447911, 69.20485335772553, 41.09607545847936, 49.194917023827685, 57.650626323145225, 56.04690336665734, 65.01868292496803, 75.02753522688873, 81.05478620612898, 82.87476692986478, 80.33651499289645, 72.66388766431301, 63.07766862701682, 57.49519186222769, 82.71514355724008, 74.11422030948356, 79.90355548608926, 84.9364689377676, 87.46069077645936, 94.83874595608948, 105.64309877731327, 107.48318728339822, 108.71229732363255, 106.83648651945143, 99.99514175300601, 90.42210255951878, 85.32578585763812, 80.97078165725532, 88.79334632625749, 94.37969657410957, 102.36194265429721, 100.73939416455539, 96.87905186310797, 91.11127884652775, 38.82831705381643, 53.3880336267698, 69.79882704718851, 80.84759948131678, 95.24923540068417, 111.6031767301538, 118.21707448639246, 131.05194658534936, 145.10369528963577, 143.8207940116141, 146.1172740951348, 138.23726557345802, 131.95096617829066, 122.26246296847553, 109.16782258691521], [35.603941245349006, 30.33884656867502, 23.329070149783682, 19.643067082751667, 24.461973769645592, 31.24049831820811, 36.27250933572667, 74.2180278433732, 79.65639369416543, 87.80994460006721, 95.87038647370015, 102.98302148490471, 96.17711857754057, 88.24646902263551, 79.99681502530083, 44.37390456666336, 34.347538127277886, 26.59321391021486, 14.742603099515161, 0.0, 6.531031821072149, 18.9469873179994, 28.132368135662166, 34.44166671168888, 40.9401833148665, 78.99014434258416, 85.27699328756836, 90.41687392041128, 97.41270399083865, 103.25450286375572, 103.65476672564837, 98.06283123426103, 90.90210878215518, 85.14454062822139, 79.3300798595665, 52.400912228155704, 59.52255452539521, 67.0530886482239, 62.91507699659651, 71.48967857835854, 83.54917665512554, 90.38079955667916, 90.82429937879951, 88.21038087053773, 82.33918714071176, 73.22000833158523, 68.37678767872116, 84.74177060389206, 78.21295266275774, 85.80486115915058, 91.14921117104727, 94.02433268003462, 100.9384766212484, 110.41653401501416, 111.77586023927137, 112.64277571727007, 110.0507170324321, 102.78477635609457, 92.20990242712702, 87.77231511717972, 85.24132623625367, 94.19544898990112, 99.887917275691, 107.06726091579968, 105.06656695040411, 100.43606175859823, 93.89545485419643, 25.990314621327794, 39.39494801130529, 58.52709907595104, 71.76406926662263, 87.40726984715194, 104.71978746312968, 114.1507199930627, 132.34359824358165, 145.3282025271746, 144.66778985809393, 146.4315745482466, 138.89898630871397, 133.9112375963409, 125.60385678448799, 115.13325038958783], [30.938444073540172, 25.017875783380433, 17.391341071301, 14.512647584182599, 18.527593522841816, 25.819095204123652, 31.50700623404469, 71.1114993057358, 76.79578288382686, 85.05077075224469, 93.25928786841743, 100.66467793659838, 93.51205967256901, 85.40580407917717, 77.07966879978225, 40.39693301439966, 30.561190313782692, 22.891492084363527, 11.871065055329158, 6.531031821072149, 0.0, 13.987673167384385, 23.263116526930457, 29.787974116326353, 36.585738514732085, 75.99007287268515, 82.66947634990774, 88.09983943440764, 95.58101857013921, 101.53286327777668, 101.65279947455906, 95.83566030365544, 88.29404390202484, 82.30859844498197, 76.35398200215897, 48.19148356259874, 54.50194515855197, 61.40864001517965, 57.285696825128426, 65.84220620849187, 77.70586672988364, 84.70992683357167, 85.83741625790306, 83.71548713086182, 77.40389625750684, 68.8256781431573, 64.76287834791947, 79.57947562759595, 72.67795675890062, 80.22021769805242, 85.66004261555439, 88.68582169974171, 95.97295098326065, 105.88759841628254, 107.08023016839579, 107.62089255585312, 104.97398675343754, 97.56711387909611, 87.12642237920127, 82.65192868201986, 79.77224933887327, 88.8142103018715, 94.77671082582573, 102.38958160763814, 100.19109783627852, 95.37832153666628, 88.79586680899848, 32.33030145644161, 42.497846637477544, 58.71972883029963, 70.6665960147142, 85.59174724812189, 102.61152252238692, 110.89768753484672, 127.64432919640137, 142.20142831688133, 142.00228980244273, 144.6319930086428, 137.46434530596102, 132.60706854056912, 124.93893137151602, 114.81946733224656], [22.16727742049145, 16.383135934720496, 12.429419458824697, 19.02845505793731, 14.553551220032622, 17.93998185918932, 23.34784012276643, 62.82313992244798, 68.47432445003703, 76.48210723671258, 84.95022033303802, 93.31308041154006, 85.34485612430295, 77.09045107307033, 68.95670605038433, 27.820752367665435, 17.75320221387595, 10.146483312503252, 6.770317414712106, 18.9469873179994, 13.987673167384385, 0.0, 10.09251388923919, 17.55953608063248, 24.900914179075013, 65.77958369045737, 72.71067690672017, 78.66757255357068, 87.05151971392347, 93.61671014748735, 93.5135894097908, 86.94258151765533, 78.82344673992444, 72.83771419568848, 66.69427735785031, 37.18073756588623, 44.10549092632427, 51.75482441307923, 50.1677449958247, 59.08140099029071, 68.87776857935616, 75.12474694655897, 77.66789851832048, 75.71192539711059, 67.6221562820377, 58.75768723115141, 54.27629088439129, 77.21525840511879, 68.26759848079575, 73.97698824670819, 79.10215624859512, 81.7930033694898, 89.54994734474327, 100.75461146773095, 102.38753747605445, 103.2530071271772, 101.31059516096816, 94.34749918698374, 84.95517856897088, 79.84637791462607, 75.15385701096356, 83.04771157018072, 88.91122307203501, 97.31666934837303, 95.47140216724296, 91.41397667321878, 85.62114227542993, 44.37430868863151, 55.84464333025921, 69.62459543911848, 79.37149671985406, 92.96724202665443, 108.91770707814938, 114.39501365976179, 125.80040624714489, 141.41733974814866, 140.67402768807858, 143.89077601457055, 136.46866019357628, 130.4552974769462, 121.67624068852426, 109.35523287726767], [14.915040477226873, 11.036692027466563, 13.62323870531512, 23.948502930147132, 15.468569328697242, 13.036158855047141, 16.53101653891708, 54.27735660284647, 59.92819860637269, 67.79575827955047, 76.34946798214229, 85.1343478023996, 76.77179725467921, 68.46304694489618, 60.46765521784726, 18.149410039487016, 9.330468087531944, 6.461792426971405, 15.182673586852678, 28.132368135662166, 23.263116526930457, 10.09251388923919, 0.0, 7.7361326522201, 15.186311837194081, 56.567196862348744, 63.741075860884465, 69.95414571120772, 78.8137139467556, 85.55669700626638, 85.2128366465267, 78.34460589209175, 69.90949849380038, 63.84774450580629, 57.63373563489854, 27.52754728493794, 34.77049007490336, 43.25385799540297, 43.37565267413248, 52.402572451488204, 60.93135466984076, 66.49066439893058, 69.2366191702702, 67.17049043678084, 58.3664520075256, 49.276227098100065, 44.79256083077395, 73.36141815832295, 63.20592093407526, 67.40701819181609, 72.13214354486169, 74.40757824837647, 82.12106897283833, 93.85550225157694, 95.89566460799264, 97.27324534900092, 95.97274087651331, 89.62184957712975, 81.0929715923294, 75.4915148929406, 69.72601384652481, 76.50782665776035, 81.98631651343283, 90.57186396817272, 89.14102252189335, 85.8751887133274, 80.85095213114295, 53.13565686309164, 63.33934302152448, 74.9705056413773, 82.90896450774979, 95.49787961485046, 110.37825333454596, 113.86209313343875, 121.4961382461458, 136.79412494611955, 135.52278164757556, 139.02489573866652, 131.4940308155084, 124.8533727772382, 115.76388585793693, 102.88952423171159], [10.159512162784882, 10.461278439851696, 17.49718113896447, 28.253035706155927, 18.77336836541815, 12.234928126173443, 12.115284772225618, 46.843493241365, 52.50432907655982, 60.325735518420494, 68.90374204564698, 77.83904052862114, 69.31713125182193, 60.98528563016012, 53.05185109558607, 11.61989279283841, 7.427574649870172, 11.495601448707632, 22.070007279109717, 34.44166671168888, 29.787974116326353, 17.55953608063248, 7.7361326522201, 0.0, 7.484977293708314, 49.104209918591984, 56.45739619660157, 62.75244137029007, 71.80298591044215, 78.53210075894816, 78.01492841511396, 71.08343759668082, 62.51124123480408, 56.35696362458855, 50.11893174788399, 19.791697559474933, 27.647813395433264, 37.287911762711694, 38.59357227010541, 47.62212991318472, 55.41266589049746, 60.32381888640913, 62.520555243888005, 60.08338208402417, 51.17404643121061, 41.66371810986505, 37.11907938831346, 70.39818030851691, 59.56477113689559, 62.54642479736685, 66.85067578159692, 68.67491464841456, 76.05914095999088, 87.90579820320211, 90.35048154517594, 92.34355305596546, 91.61075194905412, 85.89853930773896, 78.0365318529438, 72.0488791772923, 65.67921691693435, 71.45046489401958, 76.4032539052834, 84.82744295995595, 83.8441632577317, 81.35119120472986, 77.01789831909356, 58.841749339319236, 67.747061736137, 77.89449309434474, 84.53829864125098, 96.44377520107285, 110.43061592082618, 112.61606911665379, 117.71870400856724, 131.94279033800177, 130.10491783335016, 133.5981272541782, 125.93672802448825, 118.87002840080419, 109.64022362003962, 96.77197065697813], [10.697805768980151, 15.076742370837575, 23.58138611238833, 34.02143578012808, 24.48185037327404, 16.250712654308337, 12.454648179241076, 39.79363594658812, 45.372996076986105, 53.07727835933826, 61.673284607665956, 70.80395021939533, 62.10920225211494, 53.78466150461837, 45.97479562236063, 6.999215123529279, 11.127937971766961, 17.885460220921466, 28.929450724971137, 40.9401833148665, 36.585738514732085, 24.900914179075013, 15.186311837194081, 7.484977293708314, 0.0, 41.72663396730105, 49.21094480624746, 55.58174918616657, 64.81910917413425, 71.57145760733182, 70.91289744675353, 63.88579566088113, 55.19414432988401, 48.99431908514078, 42.74077031647899, 12.40544845080495, 21.799549810503105, 33.050088986036116, 35.94135704180615, 44.7437751122627, 51.4472561354121, 55.4416802952222, 56.91865323725597, 53.92633090832349, 44.90370205292439, 34.66734781545248, 29.638064450929615, 69.22423834078336, 57.80466902081544, 59.34453786990699, 63.09563071074676, 64.34356203158909, 71.25179452278039, 83.15161960165163, 86.09211268066936, 88.82209807432437, 88.74226673679065, 83.77887552226852, 76.6882907883842, 70.33941397172306, 63.38440837372313, 67.92478010650049, 72.19734243405398, 80.35043485410738, 79.92560530953735, 78.35847583716885, 74.83529774941883, 64.54979911602997, 72.73551240438907, 81.84020090415405, 87.40967726947486, 98.69737211193237, 111.80247456553434, 112.80241146852133, 115.36349019629834, 128.2051640599453, 125.64865846628236, 128.97892136312078, 121.09172270680378, 113.4624481517983, 103.84159620088116, 90.68950098795541], [47.71323490562077, 54.74753863350261, 63.674785496839284, 72.57664334472088, 64.08586583485895, 55.150812534062574, 48.234263883173135, 16.41197637268339, 14.767149885302107, 16.41110589389158, 23.81149611499907, 34.58229003757609, 25.05892587896883, 18.88245879541086, 16.77438775612433, 39.67216345889331, 49.545431312212195, 57.33921662351377, 68.25410705223119, 78.99014434258416, 75.99007287268515, 65.77958369045737, 56.567196862348744, 49.104209918591984, 41.72663396730105, 0.0, 8.470400878786197, 15.220675587621132, 25.856172237605897, 32.96908047147415, 31.54888356280732, 23.407337504701083, 14.010963031256669, 8.850299268636396, 4.7051838136898505, 30.58678589488816, 34.17832583123486, 44.10188274335224, 52.38033284363929, 56.54148261634152, 55.31771848953741, 51.89643071177878, 46.658784429914874, 38.95860721582082, 33.99284540716567, 22.77144336926656, 13.51802