{
	"dissimilarities": [[0.0, 7.414198339429149, 15.967237318377935, 24.48201573065259, 16.61394979756665, 8.481333177225912, 4.349582148310919, 42.180622490195354, 48.161781044217726, 56.461849111162735, 64.8876974445831, 72.96765862245287, 65.10133758575266, 56.821905123993076, 48.43014985809762, 15.527892933850518, 15.625075534648943, 19.660941374436216, 25.758531048089466, 33.98026692343326, 29.782730164706443, 22.54989395024564, 14.738997960001688, 8.704146747099564, 9.168448661430732, 47.35705857329674, 55.023785451578284, 61.21226328874211, 69.6532167518768, 75.76082165621379, 74.894057427466, 68.5977545733554, 60.22069189022663, 53.712613671535834, 47.57571436554304, 18.21373788672677, 24.06061222172821, 35.489303407633166, 35.719090283110525, 43.030151268196846, 50.496525700295514, 56.48607505317891, 57.886093077340114, 54.53843945197929, 46.9711084017718, 37.30620498106385, 34.778500818699605, 63.32332619388977, 53.41834772907328, 56.21212717676232, 61.35985101062207, 63.57822845427728, 68.94004319215398, 79.69666846044672, 82.37931161777381, 83.36229221183525, 82.49199027014069, 76.98246323738812, 69.87873369925565, 63.57690569326793, 58.31239256964038, 63.58471914622108, 68.98923998895842, 76.66877536648163, 74.2623852596493, 71.53426889671985, 67.71465109506626, 57.519283841127724, 62.088551110085945, 71.09816086438347, 78.99335956967639, 90.73499332902398, 101.10861129711249, 102.6728151262967, 107.40916469659328, 121.0566367082828, 120.873440620894, 121.67064308114865, 113.5780609622893, 108.21369118467341, 101.02933376191993, 92.03090053740978], [7.414198339429149, 0.0, 9.087177205799998, 18.63463494192642, 10.63091784605436, 5.409012751961028, 9.159977041711569, 49.574471243263524, 55.519209095900244, 63.75097965218879, 72.23590489270616, 80.36534480332072, 72.48386581573222, 64.20243000044272, 55.8243903431795, 18.41451880097606, 14.74051591675064, 15.41495091000539, 19.92313337835555, 28.148377288823543, 23.370047771673665, 15.843852478951861, 9.748244969452399, 8.140111498759827, 13.500792751875313, 54.21826424824758, 61.833064784919735, 68.08669947093478, 76.62872032190131, 82.87804832023618, 82.10620976504148, 75.69846038907619, 67.27337397643414, 60.82806687051277, 54.651106403908095, 24.545385601910066, 29.491481878101833, 39.391752027528206, 38.817085912140556, 46.30292959175765, 54.21246560428121, 60.8928630569964, 63.580822728616376, 60.77634285414371, 52.93086212694754, 43.855022257677454, 41.680484754130525, 65.03225029596295, 55.68491599533387, 59.684061557968214, 65.2952577164206, 68.15075328792683, 74.0804917569944, 85.03086341660108, 87.09197759667789, 87.34644307050344, 85.84067170278612, 79.57722958041117, 71.94757756559983, 65.7427326398683, 61.09448405813674, 67.47028205817091, 73.58618824043042, 81.72173756982771, 78.69688185713098, 75.22522282648852, 70.53835625684444, 53.02965665631763, 58.41662614068326, 68.48447453890583, 77.5288229248031, 89.65714628691737, 100.94370843590984, 103.48979779602331, 110.3043829733746, 125.86164153179698, 126.4352363875702, 127.6560132656019, 119.88329368661041, 114.95648356938722, 107.98210730282884, 98.81252390944512], [15.967237318377935, 9.087177205799998, 0.0, 10.142064720930644, 4.259733315548991, 9.631520693768458, 16.375366151426725, 57.89823562904788, 63.97187547298956, 72.35222459645055, 80.69021638504013, 88.50006633852482, 80.84374484412484, 72.5759000080659, 64.14639618079832, 26.748752220852282, 20.957183253537963, 17.102693374688652, 16.451219982997312, 21.560113920758813, 16.039390844202845, 11.477004322928957, 12.973660102357433, 16.14300164590133, 22.458624730833588, 63.16678659574949, 70.71601583203227, 76.82744378734624, 85.12781890849587, 91.18661757530941, 90.52296060470728, 84.34512797118488, 76.08114597594859, 69.63398791286362, 63.495013391309286, 33.587508636154446, 37.42616764603811, 45.69370137694601, 43.141934735273175, 50.31933927701342, 59.23275317732355, 66.8013757930693, 69.8266719063241, 67.80921674833202, 60.60593637103255, 52.32791508905512, 50.6501667447033, 65.79371598340764, 57.89996837905902, 63.67288181484253, 69.70027708604569, 73.2206319590806, 79.4421472160595, 89.94837315901114, 91.31035334444498, 90.87856470430444, 88.59915269486117, 81.47655808293081, 73.04689857949701, 67.04429790001133, 63.7347850017826, 71.56891353068747, 78.1999338648901, 86.35507983248738, 82.72070100743396, 78.45077274997641, 72.67769561623408, 46.98914942319366, 51.39735815181517, 62.150597923022545, 72.46452821118565, 85.10661744040033, 97.47962812423276, 101.61485023735005, 111.97803516417004, 128.86960737691155, 130.31840188690023, 131.97074745023372, 124.6808245938269, 120.62182653885569, 114.43390825813663, 106.179113662826], [24.48201573065259, 18.63463494192642, 10.142064720930644, 0.0, 9.314844081918707, 17.508882035586055, 23.888836211618308, 64.84545687924091, 71.08727483139187, 79.70934038549053, 87.69285949833737, 94.85550185696538, 87.65840346231556, 79.47977149518171, 71.02072377457182, 36.60748234214497, 30.50238582426696, 24.949457024356285, 20.17237801736855, 18.42062175734332, 13.445946812839848, 16.513736409416857, 22.401250607504462, 26.049425666292702, 32.02433233484811, 71.5185971920842, 78.96900196924116, 84.75403960816938, 92.50870662605367, 98.07507236096745, 97.51789860395297, 91.8733961314734, 83.97146062652118, 77.50082589995078, 71.49361020932278, 42.590922086062115, 45.581251886706355, 52.739047142603944, 47.83309173026324, 54.26784397553178, 64.38663123787423, 72.70481167445628, 74.92643019725553, 73.70405423660738, 67.87514731307537, 60.34162033155609, 59.086726611437655, 65.51100811643462, 59.73207989042274, 67.2850538581135, 73.500635939429, 77.46834297602719, 83.53759216327255, 92.95006778248865, 93.75399508580036, 92.93080678768402, 89.98692729310548, 82.2008404710835, 72.9262231169087, 67.21510947567747, 65.70053912500035, 74.86629569550115, 81.57368751843919, 89.18345208227703, 85.17565406596637, 80.33402566589501, 73.60192504368145, 41.43003649640326, 42.05102622397884, 52.821667501091895, 64.32182499775973, 77.6037029606779, 91.00357204990851, 97.1053387786537, 111.79454458739144, 128.72331829271488, 130.87700556581666, 132.79049831162504, 126.02700153145378, 123.07863718222461, 118.08346300159691, 111.66767748890713], [16.61394979756665, 10.63091784605436, 4.259733315548991, 9.314844081918707, 0.0, 8.796454494425127, 15.888782894573456, 57.70113255547987, 64.00784444816217, 72.5263146114215, 80.72128566119916, 88.33953784241291, 80.7040828335124, 72.3663445455969, 63.96660137267529, 28.90240451056029, 24.136099842846154, 21.197306429163614, 20.544559482996807, 24.264176763670225, 18.683152870880388, 15.519023174487883, 16.542886799269922, 18.44117006354177, 24.00334164750129, 63.9051215801678, 71.62009049046537, 77.75449339254045, 85.98564010674968, 91.81740099628574, 90.97616609522993, 84.96820086891981, 76.68034467713653, 70.0954541537887, 64.00151690519378, 34.170513233744806, 36.598042198722325, 43.93016809294854, 40.26826691681307, 47.22251347164555, 56.58599275770134, 64.51474913089724, 67.49489563252129, 65.94565920339741, 59.27276536537383, 51.75056375914937, 51.049791270848054, 61.75875557688334, 54.21725667900702, 60.49956984277001, 66.62467404837419, 70.35962039623455, 76.65669545931455, 86.99918034247891, 88.07117062985472, 87.40947717929575, 84.92670793542113, 77.6278692818164, 69.05268483789723, 63.094584771989595, 60.11438108638652, 68.35457167511534, 75.11891753191097, 83.28772796274185, 79.42465813147719, 74.91731565774339, 68.88554802169406, 49.02810944934335, 50.757507640667654, 59.6086172958814, 69.1584147779637, 81.45581082867618, 93.60752328722994, 97.4715052746566, 108.04204157518087, 125.54831293500075, 127.46730746922314, 129.60043613737565, 122.77703313311099, 119.23866356101806, 114.01965563230536, 106.97263319863254], [8.481333177225912, 5.409012751961028, 9.631520693768458, 17.508882035586055, 8.796454494425127, 0.0, 7.336405834387165, 49.19547186091894, 55.49509272274655, 63.955187853584846, 72.22249596239251, 80.04752297167798, 72.22668723466955, 63.846081783087264, 55.48208214797599, 22.15696326510228, 19.86680485216005, 20.65112607260275, 23.921928961809705, 30.352564053285878, 25.297533834939763, 19.406376631045166, 14.902847997478437, 12.724787804540435, 16.419640999028754, 55.308023310473324, 63.1296138863152, 69.36870480731223, 77.75248569990228, 83.6504132042401, 82.65562124105263, 76.52714942786864, 68.11190671623002, 61.47704865062768, 55.37553472120237, 25.556502779424125, 28.291459722102005, 37.01965389603374, 34.828780197134925, 42.09377938957861, 50.72281863020111, 57.92230828711046, 60.39221149218785, 58.19923903083474, 51.14985421342329, 43.08726182957822, 42.31310248240805, 59.813781297669216, 50.857957349578015, 55.49462698495957, 61.240249361928555, 64.35628082420307, 70.35559257756873, 81.06126084882592, 82.7910127621424, 82.80863585609661, 81.07018151447816, 74.60659301968964, 66.77908830763506, 60.59628089019182, 56.33750642451185, 63.22845407985453, 69.48609657426417, 77.6026622759711, 74.31206904719579, 70.5670705485608, 65.57448255046496, 54.82052981907835, 57.14903028441791, 65.0906115736273, 73.20513389212478, 84.92431667106797, 95.90588482127866, 98.13689249792408, 105.24065340304755, 121.39000227396669, 122.51660134424023, 124.3078199127097, 117.10481201436889, 112.86289146835567, 107.16358485646786, 99.67511229736283], [4.349582148310919, 9.159977041711569, 16.375366151426725, 23.888836211618308, 15.888782894573456, 7.336405834387165, 0.0, 41.88266456141191, 48.190785014114006, 56.69322221059062, 64.9126121646946, 72.71209032115604, 64.90796090605963, 56.54334011016885, 48.16402507139915, 19.227763997511982, 19.817434154495984, 23.314791814359978, 28.438884445480173, 35.51140597337208, 31.080769199735037, 24.78715609411467, 18.032316586931064, 12.593483342698677, 12.662679146460201, 48.423428227000834, 56.2467728249554, 62.39956097474227, 70.67517630362784, 76.46076695551358, 75.40337623109927, 69.36713390219325, 61.01963966145323, 54.35605159133504, 48.30478705909954, 19.469963164317623, 23.04482562865395, 33.5171076771643, 32.37573509351431, 39.51063866179692, 47.60007159768864, 54.01722788686408, 55.14806981716957, 52.306225886074884, 45.45742935591922, 36.687265841203896, 35.479975943715694, 59.10673666213391, 49.4837539597161, 52.73950195275375, 57.98519625538358, 60.395111600809685, 65.79535212714795, 76.34615749408174, 78.78368974329604, 79.60830905797039, 78.57366858107491, 72.93161963703179, 65.68404666848355, 59.387365070116694, 54.404881105252635, 60.05590263760886, 65.5493487649386, 73.19807275009339, 70.59441417620313, 67.67220387529878, 63.64049686461834, 58.843089063132446, 61.11517241228284, 68.47654619587657, 75.59823271696561, 86.99571420863151, 97.08600954459281, 98.3715845418085, 103.28505761432619, 117.33682231688874, 117.58605205527044, 118.84275166719839, 111.2112710688523, 106.4169987941051, 100.31398543826643, 92.77127492867629], [42.180622490195354, 49.574471243263524, 57.89823562904788, 64.84545687924091, 57.70113255547987, 49.19547186091894, 41.88266456141191, 0.0, 7.035151133254637, 15.763713963726854, 23.225606872947886, 31.25193951924157, 23.038254198196118, 14.683260132201704, 6.300877680435558, 41.117803919214694, 49.23785549731126, 57.381701166008575, 65.4343315725062, 73.43985917327998, 70.57585846028684, 63.75776657569651, 54.46217644556005, 46.690720783309885, 39.57989227202354, 16.507840876076983, 22.15889839644422, 26.419845506021478, 33.014831089162904, 37.34974915339675, 35.117898641868116, 30.064078017916355, 22.74385048880867, 16.253617965763933, 12.874053468117685, 28.520744986548408, 30.518541591865148, 39.64652726760392, 44.873185140930936, 47.458492541501215, 48.306431607619714, 47.00750945602127, 38.404816680961936, 30.44440350196386, 28.220666054656242, 19.02220330746454, 14.688794440530547, 70.33433015652226, 59.61843909962785, 54.07384162304644, 54.58356018128675, 51.600590149477334, 51.45489933589199, 59.276446996514316, 66.35186641421187, 72.25162081984551, 75.82251507681835, 75.98123693548192, 73.5077463678566, 68.03660424143054, 60.187409204955436, 56.742759708920836, 55.92046204917177, 59.001979158442204, 61.65895915152319, 64.65408862349281, 67.29526559170436, 91.8930073405482, 93.85485787896744, 98.09035059776126, 100.31174864051103, 109.00461630435541, 113.93133202013689, 109.80357923735471, 100.98070166721844, 101.78423751703023, 96.2063012491889, 93.94274846004376, 83.74872986031234, 74.61976993111364, 65.48519034406293, 57.524251412260504], [48.161781044217726, 55.519209095900244, 63.97187547298956, 71.08727483139187, 64.00784444816217, 55.49509272274655, 48.190785014114006, 7.035151133254637, 0.0, 8.92035393782248, 16.737983076774515, 25.451456359018376, 17.083784029119396, 9.36567785263608, 3.276894730468008, 45.70558928177976, 53.945079948277055, 62.24509585160663, 70.53471840942208, 78.77705775212253, 76.16798286220241, 69.2010785447455, 59.76997926267328, 52.097509728311145, 44.887944546571134, 13.56660781807575, 16.892211062403703, 20.05595159700235, 26.1667519237173, 30.530026730867085, 28.22385169660796, 23.043552174415755, 16.15010964873013, 10.296652901630997, 9.256098485191318, 33.797098958816775, 36.53628156661026, 45.381671967480315, 51.395768747141595, 53.741828298947276, 53.67424950126954, 51.349644774657996, 42.279044705312074, 33.874236472655575, 32.068151627191504, 23.613144969673332, 17.970640196933974, 76.56498886683649, 65.86977545703884, 59.58634973175225, 59.559225406504915, 55.9808901273807, 55.073102651249094, 62.220944135582705, 69.88155069066941, 76.37958635661266, 80.5032202562218, 81.34208052371183, 79.409205732977, 74.10329107086099, 66.09561180666354, 61.73058744585132, 60.152903997334455, 62.47760072439432, 65.87339738262624, 69.57423310604054, 72.91091852996303, 96.56374477019247, 99.5306392422358, 104.35416565111646, 106.61920235064578, 115.29115630356308, 119.91816196776065, 115.5419436667849, 105.35925311173567, 103.94063478476394, 97.1506603469797, 93.84858179901669, 82.89035852882671, 72.50026211608892, 61.54713486493775, 51.718872395503965], [56.461849111162735, 63.75097965218879, 72.35222459645055, 79.70934038549053, 72.5263146114215, 63.955187853584846, 56.69322221059062, 15.763713963726854, 8.92035393782248, 0.0, 9.088922847370473, 19.257681241979107, 10.542588045455915, 6.659694562003648, 10.373631566644056, 52.65945856419496, 61.11599326901863, 69.66750717359311, 78.26389866715168, 86.86774463608143, 84.36730491420434, 77.11263884678876, 67.44957728711742, 59.83373095377359, 52.52680872667263, 14.627191755170404, 13.450831672225517, 14.20873600831932, 19.21373011721967, 23.403408173689442, 20.442639746116868, 14.898878346743626, 8.93239541639817, 6.552446686615699, 11.16810690996357, 41.2221990774867, 43.807160489865645, 51.705169733253015, 58.66754468026029, 60.58715764106896, 59.16309810339398, 55.49403929350642, 46.234696607209564, 37.55144746878054, 36.220329684886224, 29.399526258164265, 24.17349649687645, 83.45600413266396, 72.65501238080623, 65.26566411817907, 64.52352891025316, 60.23018200218223, 58.50214633105552, 65.04992330232108, 73.2613431972423, 80.33637081233313, 85.1480981189788, 86.89085999956929, 85.81351132048187, 80.76287553037119, 72.39498211486054, 66.74464388231472, 64.30980831923279, 65.9135501989333, 70.10100971341501, 74.62864067053934, 78.90349089227034, 104.34470900111958, 108.08808183746973, 113.05452637208306, 115.03287161788161, 123.39926068826753, 127.44506385982433, 122.30370746918173, 109.65187645337382, 106.2425856920137, 98.28252066684769, 94.1556707513966, 82.69213363577693, 70.98545347646953, 58.463691661342814, 46.750278391587926], [64.8876974445831, 72.23590489270616, 80.69021638504013, 87.69285949833737, 80.72128566119916, 72.22249596239251, 64.9126121646946, 23.225606872947886, 16.737983076774515, 9.088922847370473, 0.0, 10.570324991265357, 3.262037030620129, 9.400933652391128, 17.033622660271043, 61.65974474222302, 70.01739030562025, 78.41491761131101, 86.80532500972339, 94.99723621965178, 92.62639547106582, 85.7094098073053, 76.22570173711746, 68.6107125624098, 61.34968817405713, 23.292262259633564, 19.99315373377822, 17.41763967099845, 17.24013650982616, 18.0422262618339, 13.96433741585164, 12.213351318571533, 12.812833276613803, 14.765965567446514, 20.171464078950365, 50.07963186971101, 51.96900079418371, 58.821386528784146, 65.19147449730202, 66.27806201552818, 64.37463316646316, 59.93795826725202, 48.89450748644805, 40.57869617524069, 41.7196756219715, 37.018692835696115, 33.14210222823008, 87.65529253270053, 77.57341655678366, 69.62484686985538, 68.09818884734295, 63.10408931048943, 60.01460932866871, 64.7080662690485, 73.55873198929413, 81.50595120777751, 86.99692173328408, 89.73535937479332, 89.369803251095, 84.68975584390647, 76.64021208745443, 70.00003769097542, 66.29001694602387, 66.295154041635, 71.49921159602492, 76.99197881227978, 82.17000086748578, 111.62086388768246, 114.43196563510637, 118.5095792709194, 119.5985655430483, 127.3916818409139, 130.48311623245067, 124.68369201669985, 110.39116658116536, 103.37461796932169, 94.02244503970493, 88.8800807003956, 76.97694048301277, 64.3518279315756, 51.433318225754064, 41.33575580899687], [72.96765862245287, 80.36534480332072, 88.50006633852482, 94.85550185696538, 88.33953784241291, 80.04752297167798, 72.71209032115604, 31.25193951924157, 25.451456359018376, 19.257681241979107, 10.570324991265357, 0.0, 9.56176030285062, 17.543746974918584, 25.02315790360733, 70.95717983355462, 79.00468240931866, 87.00825628741111, 94.92475569538234, 102.31288078917474, 100.16651262708653, 93.92152377119787, 84.86620390582141, 77.30561532034328, 70.19853963440585, 33.62228801645806, 29.87478947730777, 25.78724600161611, 21.250442503488863, 17.10220494796756, 13.219593718157945, 17.887412694564187, 22.538018658866115, 25.16448484548359, 30.34871142368015, 59.24062281108391, 60.73001400148047, 66.97032521022102, 72.06802120770406, 72.35688965217786, 70.68476366797695, 66.07846474404892, 52.88613411144647, 45.39631782965203, 49.252354791395646, 45.98962243119517, 42.89195737710251, 91.41534416122506, 82.54570104161925, 74.63919236835464, 72.49833937295263, 67.02573992032568, 62.512929910927625, 64.59429204723105, 74.00098539013942, 82.86761469580757, 88.87564080845915, 92.46158069277604, 92.5246919992237, 88.24244665362784, 81.00590527203545, 73.88951138510993, 68.91216043916825, 66.89907658916744, 73.09852635670322, 79.43967289930777, 85.25536272592585, 117.58913327718152, 118.90638897284101, 121.91369709386993, 122.05108366909282, 129.2851067214568, 131.40274753613556, 125.35731526599272, 110.61149082470725, 98.78306780618111, 87.7254836903335, 81.08580565296984, 68.48414917530053, 54.922731214351046, 41.74710640470752, 35.85820613710043], [65.10133758575266, 72.48386581573222, 80.84374484412484, 87.65840346231556, 80.7040828335124, 72.22668723466955, 64.90796090605963, 23.038254198196118, 17.083784029119396, 10.542588045455915, 3.262037030620129, 9.56176030285062, 0.0, 8.578790863549768, 16.74708094678933, 62.54166169738893, 70.90612755688888, 79.25401029994535, 87.5179064397456, 95.49996070921608, 93.03085126189555, 86.25991941597286, 76.84870349974379, 69.16187609136571, 61.920882476842316, 25.07744977278497, 22.603963837625315, 20.544935069902312, 20.316288229091256, 20.31969182467352, 16.12031387059827, 15.386243978845712, 15.667002542312966, 16.713396311668703, 21.65602496932357, 50.553988097664394, 51.740532322246686, 58.05262847083906, 63.96845061576593, 64.71033674384974, 62.792212637991476, 58.30118830293734, 46.57096962032612, 38.442226016561456, 40.57258359684074, 36.69955454215075, 33.854567850875895, 85.4963779743592, 75.67654763885109, 67.64494441087535, 65.92999429935638, 60.803186093336365, 57.39494624375179, 61.68185982221948, 70.61455561324858, 78.70948321735386, 84.30081396732565, 87.23151563213, 87.02576561091855, 82.4559985771043, 74.53804783680374, 67.70709554243055, 63.702332350554244, 63.36405618327589, 68.73412984913118, 74.40468468024453, 79.76794474652942, 112.2124492542556, 114.11308631897123, 117.41829804327142, 118.01097435723379, 125.48548318495445, 128.23251610694123, 122.11443112996199, 107.4524661181859, 100.14981847000857, 90.88404154804255, 86.00282576784143, 74.38601513628862, 62.11557926694675, 50.435094012394366, 42.637587208154514], [56.821905123993076, 64.20243000044272, 72.5759000080659, 79.47977149518171, 72.3663445455969, 63.846081783087264, 56.54334011016885, 14.683260132201704, 9.36567785263608, 6.659694562003648, 9.400933652391128, 17.543746974918584, 8.578790863549768, 0.0, 8.49621316546772, 54.66013985118651, 63.07167364360804, 71.45489343013041, 79.7201311236314, 87.79707890108571, 85.10802598733645, 78.23177544372528, 68.77594185710818, 61.01263956404101, 53.772533804187624, 19.524274561654323, 19.921334635365223, 20.709888303144535, 24.145905667838033, 26.454076892662062, 22.980289366182706, 19.592009462147594, 15.28978231095165, 12.52271544561019, 15.510163801192848, 42.30105791578937, 43.26453197724966, 50.021901075057485, 55.901240087159366, 57.08444153444606, 55.738048752104284, 52.02086163913883, 41.124991644797554, 32.7056487416003, 33.60414996537736, 28.59975851915556, 25.979510591803244, 78.76151661559315, 68.50269876633577, 60.9797211065695, 59.877321450923574, 55.31902295177999, 52.96263198006053, 58.75746893860426, 67.13270173412205, 74.50855661990656, 79.49725987099364, 81.58568646347133, 80.76855594807816, 75.91018683361271, 67.82732713102243, 61.83513082955186, 58.81609841908105, 59.763327346873126, 64.25531957204875, 69.11906400100996, 73.73501210742243, 105.35697201833482, 107.10968183029667, 110.45341612448912, 111.40657287094578, 119.15052791426882, 122.51677091913966, 116.78797394105015, 103.5751467309537, 99.6051703646554, 91.85823644583829, 88.24365976196115, 77.33562384684276, 66.3861792966635, 56.148082368954405, 48.566180940557906], [48.43014985809762, 55.8243903431795, 64.14639618079832, 71.02072377457182, 63.96660137267529, 55.48208214797599, 48.16402507139915, 6.300877680435558, 3.276894730468008, 10.373631566644056, 17.033622660271043, 25.02315790360733, 16.74708094678933, 8.49621316546772, 0.0, 46.88297860508583, 55.08411031403871, 63.28495745540257, 71.39144534545628, 79.35715930610752, 76.63653842227514, 69.86526560779755, 60.550187747750236, 52.809154957171856, 45.65432830381467, 16.44831757536463, 19.918313326437787, 22.821431619120656, 28.275027513172294, 31.909179844064468, 29.334938440135257, 24.86489392111469, 18.497740640519023, 12.931840335641752, 12.148969408047991, 34.4895152137267, 36.21269224016811, 44.3927192087109, 49.83364728368441, 51.79435828884575, 51.77697027178466, 49.44838822541388, 39.571527145905065, 31.287656263329573, 30.580580616085168, 23.121322995571337, 19.251676767613098, 74.07112914931265, 63.61956452915424, 57.26368955477104, 57.072579364584406, 53.38002816554653, 52.20842542788181, 59.059151995612815, 66.76929307605164, 73.38527586032316, 77.5777894756645, 78.56536559986779, 76.75036730556593, 71.52768651746338, 63.64135639587275, 59.11971004618203, 57.28832526130434, 59.35035609187248, 62.85520268592337, 66.69376864515519, 70.18356987434717, 97.2115537869933, 99.12152636498256, 103.07134856144411, 104.79438329922121, 113.14345442405936, 117.42895851699514, 112.73634820060718, 102.26790191695177, 100.70736356908489, 94.08539358605984, 91.09024656536667, 80.44663666111066, 70.47977089256423, 60.66993501477286, 52.73041874507038], [15.527892933850518, 18.41451880097606, 26.748752220852282, 36.60748234214497, 28.90240451056029, 22.15696326510228, 19.227763997511982, 41.117803919214694, 45.70558928177976, 52.65945856419496, 61.65974474222302, 70.95717983355462, 62.54166169738893, 54.66013985118651, 46.88297860508583, 0.0, 9.476306398098256, 19.240028532626162, 29.24598074111378, 41.028462141520414, 37.49235667298904, 27.50842107089122, 16.705912816607505, 10.605891882329225, 6.6357470904260625, 40.58463103863738, 47.781152796285575, 54.437674045001735, 63.88195916562433, 71.19801061240128, 70.50384631596947, 63.03800530223645, 54.2444185198445, 48.36192002259707, 42.1716868113616, 14.039360369521006, 24.578049837142817, 37.384533846265974, 42.97694028449994, 50.53389024043613, 54.85211958104825, 58.77152269477668, 61.87413661160671, 56.93056666882646, 46.5377573759763, 35.01293276728529, 29.54504941137994, 74.56168174414488, 62.8175026010672, 62.91862160816156, 67.43927568848045, 68.80338781848019, 74.15993489618236, 86.22754799240955, 89.6826106076332, 91.12517019775358, 91.12134063717893, 86.54336021559828, 80.70074429576673, 74.42441709523044, 67.29182131766404, 70.37507522090748, 75.43748762322322, 83.62979691408775, 81.89560090514057, 80.0456811550704, 77.5611434541221, 64.46202069340669, 74.71881458566668, 86.10013464067235, 94.49998573439596, 106.1641090115395, 116.24531111086009, 116.68336963822163, 117.28510659440944, 130.69627592125735, 129.3379871079423, 129.30897247991194, 120.19006139749445, 112.86158619336982, 102.75806711579374, 89.089375309156], [15.625075534648943, 14.74051591675064, 20.957183253537963, 30.50238582426696, 24.136099842846154, 19.86680485216005, 19.817434154495984, 49.23785549731126, 53.945079948277055, 61.11599326901863, 70.01739030562025, 79.00468240931866, 70.90612755688888, 63.07167364360804, 55.08411031403871, 9.476306398098256, 0.0, 9.840323259790756, 20.04832116630852, 32.36178751028697, 29.05772185770609, 18.84725988718705, 8.802580105786769, 7.558721340155424, 11.130593013081826, 49.28672664212868, 56.17078627719285, 62.493738125041475, 71.55260669248932, 78.76896765552709, 78.4154132983886, 71.180277598175, 62.72025848798489, 56.95910304775419, 50.80586318305518, 22.663666387309114, 32.119730462125084, 43.98799152206026, 47.709354083011746, 55.47729801355939, 61.051599633614686, 65.98676289471777, 69.35461766554286, 64.98071793389678, 55.08594385835964, 43.97764655403745, 38.579458416822234, 77.44032908609225, 66.64794630445192, 68.41935980578074, 73.47082409572471, 75.47025886181342, 81.1529503581229, 92.91466803306461, 95.8935385350826, 96.83454786088917, 96.16469963436114, 90.7470656213702, 84.03838617791787, 77.77355889408557, 71.66937128460745, 76.193095601949, 81.80052185612824, 90.05953153765087, 87.82166920449907, 85.26134514404133, 81.7498209441198, 56.12979806135541, 68.26944119935335, 81.70842816671758, 91.75027636867091, 104.22457009706103, 115.5077923954893, 117.6655836839244, 121.70128745940374, 135.8979215081746, 135.0070056803517, 134.96649053494053, 125.87431771000819, 119.01338768555297, 108.87264264903763, 95.18023867483443], [19.660941374436216, 15.41495091000539, 17.102693374688652, 24.949457024356285, 21.197306429163614, 20.65112607260275, 23.314791814359978, 57.381701166008575, 62.24509585160663, 69.66750717359311, 78.41491761131101, 87.00825628741111, 79.25401029994535, 71.45489343013041, 63.28495745540257, 19.240028532626162, 9.840323259790756, 0.0, 10.34878431901666, 23.120171925015807, 20.249844862634014, 10.444845372898397, 6.761665069634401, 12.971687940265985, 19.293123892268273, 58.31329183830275, 64.99110730112102, 70.9861913720844, 79.59797216016597, 86.58600233882821, 86.50961885301157, 79.60077589027091, 71.47474436199023, 65.76508487473232, 59.65750031426145, 31.630646569576378, 40.231093733407256, 51.267137548398125, 53.0712003428827, 60.80385383740766, 67.5819667282979, 73.42316861996306, 76.7107217724905, 72.90135806981088, 63.693487271177176, 52.97355378134747, 47.738790215787276, 80.27995044496724, 70.68793669377104, 74.07702290818342, 79.55122354635034, 82.09989454642935, 87.96501315143554, 99.23572971227834, 101.76228206416863, 102.2715734700518, 100.96766966230058, 94.78652237967688, 87.24395843841862, 81.0589197173589, 76.12917049461349, 81.99870710392808, 88.00001430187989, 96.15916919064031, 93.48691959464982, 90.29250633919585, 85.81810339675219, 47.18817610687597, 61.029026947376664, 76.55984023233178, 88.25949443147924, 101.51182601146084, 113.96545148969318, 117.96543931089651, 125.66269438104514, 140.34282577110764, 139.92252854488126, 139.8797008529855, 130.892717354594, 124.62873138296574, 114.7073053844913, 101.47396825251835], [25.758531048089466, 19.92313337835555, 16.451219982997312, 20.17237801736855, 20.544559482996807, 23.921928961809705, 28.438884445480173, 65.4343315725062, 70.53471840942208, 78.26389866715168, 86.80532500972339, 94.92475569538234, 87.5179064397456, 79.7201311236314, 71.39144534545628, 29.24598074111378, 20.04832116630852, 10.34878431901666, 0.0, 13.163636370261974, 10.971136465280793, 5.939870772644302, 14.036778191864583, 21.27260423190365, 28.168071351204617, 67.60624012269137, 74.21857359483462, 79.93498224898998, 88.0882471986369, 94.72500540002018, 94.82315667546816, 88.32104252395703, 80.48776426437857, 74.73603817426103, 68.67218081407917, 40.652956492632555, 48.28324009970468, 58.44071128800119, 58.22724840760975, 65.71782586176438, 73.6823112965861, 80.39704361361576, 83.40252880062579, 80.24655060128593, 71.91771563740082, 61.72181904744032, 56.9244223445462, 82.24059906259443, 74.10449203565977, 79.11570497875935, 84.9399355543138, 88.01077928906638, 93.973659576079, 104.59131549894212, 106.6150750390003, 106.68951970463768, 104.7377749906858, 97.83120679987866, 89.48124264649263, 83.45692933767444, 79.86203586826903, 87.047848869708, 93.35525212718643, 101.2985731013537, 98.1973267286475, 94.38445438878567, 88.96359815542465, 37.986648719785244, 52.67782632920361, 70.06439815584069, 83.34311708727977, 97.27415053033056, 110.8365653657745, 116.74832256238237, 128.3337996914519, 143.41350179756495, 143.5865852492586, 143.672914792693, 134.9783073021461, 129.5425229583342, 120.28705933316236, 108.17928718656157], [33.98026692343326, 28.148377288823543, 21.560113920758813, 18.42062175734332, 24.264176763670225, 30.352564053285878, 35.51140597337208, 73.43985917327998, 78.77705775212253, 86.86774463608143, 94.99723621965178, 102.31288078917474, 95.49996070921608, 87.79707890108571, 79.35715930610752, 41.028462141520414, 32.36178751028697, 23.120171925015807, 13.163636370261974, 0.0, 6.194180345649778, 15.624204107374238, 25.69048981517046, 32.08889105434111, 38.74346580357805, 77.46574997808213, 83.97277867116208, 89.24085883697627, 96.64238658322373, 102.63624617833753, 102.92573323047293, 97.12493044859617, 89.78151001389307, 83.98236049617603, 78.05318604099895, 50.822690730843796, 57.588281830563844, 67.05206027831737, 64.39793876837642, 71.29611704553024, 80.66305387338103, 88.20866121884082, 90.05537100469881, 87.62439143180333, 80.8093177676427, 71.17390525254332, 66.76924282703585, 83.82966327253895, 77.79992912493081, 84.55985211594192, 90.57761266525075, 94.0426506019257, 99.75193899286161, 109.10474556780257, 110.68767780823666, 110.52506951373563, 107.95921387777365, 100.4383726444187, 91.20318264821151, 85.44965807596418, 83.66535326507845, 92.16209661319107, 98.4455062622129, 105.67851705431133, 102.30966894026068, 98.01469665369947, 91.68178491105536, 26.537672931628393, 40.47455643945798, 60.24831974735386, 75.3857859479057, 90.17238712952656, 104.90471620597349, 113.33092071482109, 129.88142602858403, 144.2203910839144, 144.8833656156363, 144.93309188036366, 136.60347838888046, 132.30299580365386, 124.1298573688515, 114.08543065064138], [29.782730164706443, 23.370047771673665, 16.039390844202845, 13.445946812839848, 18.683152870880388, 25.297533834939763, 31.080769199735037, 70.57585846028684, 76.16798286220241, 84.36730491420434, 92.62639547106582, 100.16651262708653, 93.03085126189555, 85.10802598733645, 76.63653842227514, 37.49235667298904, 29.05772185770609, 20.249844862634014, 10.971136465280793, 6.194180345649778, 0.0, 11.068920381550768, 21.455667272523527, 27.91888224188359, 34.85833290102721, 74.84961376632322, 81.72039847324181, 87.31925108655567, 95.09611253902466, 101.1880681605079, 101.18086519908431, 95.18542806921961, 87.48260082096952, 81.46167651241, 75.42001074086426, 46.983836721996106, 52.8240223227358, 61.647596956832174, 58.92765375806179, 65.89778560563279, 75.15444817777855, 82.83646871898873, 85.40013590710903, 83.21283771099789, 76.1634296803924, 67.03200638253466, 63.512061187345026, 78.82020842710166, 72.42318122527233, 79.15881748303812, 85.27757347401355, 88.91672383335954, 94.93601153640495, 104.72414215086212, 106.0600134046585, 105.59532956693232, 102.93715010687936, 95.33443818869046, 86.22995506965798, 80.45904872478957, 78.38793235245477, 86.93878614476573, 93.51352927197232, 101.16873421149762, 97.54591312572899, 93.05747125604634, 86.6717633405133, 32.42419817384526, 42.902315731747876, 60.011624227669074, 74.03831753679569, 88.2515884593289, 102.5500585657528, 109.92380289804957, 125.14316454995263, 140.95228986467126, 142.11850803628235, 142.84123835369004, 134.9515358132887, 130.84531715508052, 123.37296237608142, 113.81867159217629], [22.54989395024564, 15.843852478951861, 11.477004322928957, 16.513736409416857, 15.519023174487883, 19.406376631045166, 24.78715609411467, 63.75776657569651, 69.2010785447455, 77.11263884678876, 85.7094098073053, 93.92152377119787, 86.25991941597286, 78.23177544372528, 69.86526560779755, 27.50842107089122, 18.84725988718705, 10.444845372898397, 5.939870772644302, 15.624204107374238, 11.068920381550768, 0.0, 10.97239635097252, 18.374663017541767, 25.7024613102521, 66.59380677753187, 73.62169992123593, 79.63789845680527, 88.0688863061266, 94.67016365145405, 94.4485935684434, 87.87198555526136, 79.71887163176174, 73.69793348839053, 67.53814307635002, 38.17723659943969, 44.45942558217963, 53.7494378811043, 53.136166609806374, 60.633162060116355, 68.66079939190806, 75.66123073024487, 79.31698152299548, 76.56529444628512, 68.20748311051057, 58.72292440809538, 55.12318798733671, 77.0530975843255, 68.79912351115378, 74.00176888339264, 79.96308914290034, 83.2868631233521, 89.55962672141347, 100.46023151383851, 102.13605423213525, 101.84068361496574, 99.70120765326203, 92.63263936036323, 84.32591474474171, 78.33435860118084, 74.66658004072468, 82.08053955271183, 88.70514020849612, 97.0052067198488, 93.58329095427135, 89.49171838898134, 83.8984990495868, 41.84765430619091, 53.24980232754225, 68.3840331449451, 80.72133618444992, 94.11182808215483, 107.3258791068229, 112.47405484874936, 123.32776814701236, 139.862988187909, 140.67322268092656, 141.50225792099337, 133.37963880715878, 128.3834560691606, 120.15966392670397, 109.08105028621344], [14.738997960001688, 9.748244969452399, 12.973660102357433, 22.401250607504462, 16.542886799269922, 14.902847997478437, 18.032316586931064, 54.46217644556005, 59.76997926267328, 67.44957728711742, 76.22570173711746, 84.86620390582141, 76.84870349974379, 68.77594185710818, 60.550187747750236, 16.705912816607505, 8.802580105786769, 6.761665069634401, 14.036778191864583, 25.69048981517046, 21.455667272523527, 10.97239635097252, 0.0, 7.9880422627268315, 15.299704297383037, 56.4212914186739, 63.618566518113134, 69.93451983321825, 78.80065858638689, 85.66562534841576, 85.20364421783363, 78.28037729246601, 69.81213430878505, 63.758148600649626, 57.54661348211633, 27.778047591186354, 34.78843268740371, 45.09702603678155, 46.542808448772455, 54.30945394885541, 61.15816974958863, 67.27987646267687, 71.09775127566384, 67.70104345509189, 58.52288622764325, 48.56711939037747, 44.81737497959408, 73.96342629904204, 64.14322418806285, 67.58433637008935, 73.16402952559332, 75.91826930014973, 82.05678289600417, 93.59588556315539, 95.81549992400298, 96.02339787600786, 94.59823160338716, 88.34390982312323, 80.91112682526801, 74.7382719750756, 69.63717371725144, 75.62451999309539, 81.88550122546765, 90.36982125907521, 87.42062915264975, 84.01611151330597, 79.46752404670838, 51.057619365054244, 61.53681743775462, 74.61718045619602, 85.1272306433943, 97.73793053702015, 109.65957510509381, 112.71723241173338, 119.38384945137277, 135.3248141251657, 135.51561761363368, 136.2417309560756, 127.87333389965664, 122.10725838131901, 113.41659458937771, 101.57415629647237], [8.704146747099564, 8.140111498759827, 16.14300164590133, 26.049425666292702, 18.44117006354177, 12.724787804540435, 12.593483342698677, 46.690720783309885, 52.097509728311145, 59.83373095377359, 68.6107125624098, 77.30561532034328, 69.16187609136571, 61.01263956404101, 52.809154957171856, 10.605891882329225, 7.558721340155424, 12.971687940265985, 21.27260423190365, 32.08889105434111, 27.91888224188359, 18.374663017541767, 7.9880422627268315, 0.0, 7.450666308208615, 49.053839491109585, 56.49077078343472, 62.92776406081183, 71.88942781705342, 78.66776367538402, 77.98163385076047, 71.06665942887642, 62.46385090339132, 56.25584160784778, 50.0221342251943, 19.8820996574814, 27.356418442075288, 38.715441893609565, 40.9942954742574, 48.71325719521693, 55.08423819285101, 60.67320345726902, 63.81649782684627, 60.06881130353271, 50.910279229463995, 40.67539936847093, 37.062280556618816, 69.99656563275046, 59.484249061925034, 61.8403103169588, 67.07246361465303, 69.35898140848245, 75.16660007372687, 86.74477641605772, 89.38010127699611, 90.07926866907687, 89.17033064734221, 83.54606971566578, 76.64229463579355, 70.37873141277231, 64.58496520900475, 69.62549523555519, 75.41565015198293, 83.70728992522419, 81.17571344898121, 78.32879725271926, 74.51828223863001, 56.69443588724514, 65.17693777445966, 76.39633806698146, 85.45363541529419, 97.49041586311567, 108.41287064358772, 110.18354778016221, 114.46175590922718, 129.32796123185923, 129.08412350407795, 129.73587260728377, 121.31330931268721, 115.28828100340233, 106.77158689029027, 95.3662269238338], [9.168448661430732, 13.500792751875313, 22.458624730833588, 32.02433233484811, 24.00334164750129, 16.419640999028754, 12.662679146460201, 39.57989227202354, 44.887944546571134, 52.52680872667263, 61.34968817405713, 70.19853963440585, 61.920882476842316, 53.772533804187624, 45.65432830381467, 6.6357470904260625, 11.130593013081826, 19.293123892268273, 28.168071351204617, 38.74346580357805, 34.85833290102721, 25.7024613102521, 15.299704297383037, 7.450666308208615, 0.0, 41.73008999735075, 49.29873205570599, 55.83980433255885, 64.9298693892536, 71.72846428306349, 70.88492157473098, 63.889963895938415, 55.17366818038361, 48.909145741017205, 42.665117912358944, 12.55218748466374, 21.76832101903447, 34.60350728398791, 38.354263144385115, 45.867962733789874, 51.33642257603645, 56.02664822947382, 58.373949387659074, 53.99258746161792, 44.65471093267341, 33.72186421992376, 29.612279927246572, 68.88057166453869, 57.668538223598965, 58.59280740938361, 63.318791713010384, 64.95083624967987, 70.29192499169933, 81.91307827926803, 85.1251355867634, 86.45529115706937, 86.1950687355704, 81.35464496662946, 75.12553825719706, 68.82065123139152, 62.24271806594874, 66.00807981306053, 71.15432439396074, 79.16175915186383, 77.21520301857564, 75.10561974956333, 72.23203454171919, 62.39546999956922, 70.09821876173004, 80.19615983881172, 88.11065987301565, 99.6547049476514, 109.64693800942052, 110.24962601829746, 111.99170531489125, 125.41990145520735, 124.49831991072882, 124.84250406598056, 116.15977132170555, 109.60185053021512, 100.7869972519218, 89.20591981139391], [47.35705857329674, 54.21826424824758, 63.16678659574949, 71.5185971920842, 63.9051215801678, 55.308023310473324, 48.423428227000834, 16.507840876076983, 13.56660781807575, 14.627191755170404, 23.292262259633564, 33.62228801645806, 25.07744977278497, 19.524274561654323, 16.44831757536463, 40.58463103863738, 49.28672664212868, 58.31329183830275, 67.60624012269137, 77.46574997808213, 74.84961376632322, 66.59380677753187, 56.4212914186739, 49.053839491109585, 41.73008999735075, 0.0, 8.449252401449494, 15.689726607773924, 25.82303596068884, 33.17930667094942, 31.47460418758835, 23.31597898466601, 13.875617989048054, 8.56446967973721, 4.343883616341604, 30.74001156457876, 35.76031275477284, 45.673931169900946, 54.547969387305436, 58.17887063913033, 57.05503504629035, 54.43514472719861, 49.662247137970034, 40.990538326371194, 34.47194145671702, 23.758703644999848, 13.950248816154392, 83.63