{
	"dissimilarities": [[0.0, 8.454485132732865, 15.878843095445147, 22.152971517310405, 17.393950157528796, 11.922031190733104, 7.405104665194409, 42.76555197488143, 48.311042090045916, 55.57909577118636, 64.2889245821623, 73.62828042587066, 64.53387828660085, 56.957087665714106, 48.565160602447285, 17.706127490608978, 17.619556898654007, 20.494417465726638, 27.76577166383297, 32.87071852310778, 29.95469567860208, 23.991509410416683, 15.741957411648846, 9.410949156263518, 10.100464392530968, 44.09639482369115, 50.53392706031983, 57.61137888379112, 66.1738042141665, 72.75856683114603, 70.72014435046675, 64.21653805223912, 56.63738034372768, 49.36799438206994, 43.06711800559342, 23.083546408361652, 33.15953666851617, 43.487638333092875, 42.158005493503204, 49.34412016526925, 57.0266825463873, 60.907505446986946, 62.01958811083503, 59.08348673634068, 48.53785798713236, 39.100870980339366, 34.25835910790955, 65.435008852731, 61.273683081027706, 63.13845288734296, 66.61694474870703, 69.40434607364762, 74.39049457884202, 81.1275340300926, 84.3379757557905, 83.98438341920252, 81.22555121594003, 78.10166472570788, 73.15626831600878, 66.74083740953682, 67.64634717850613, 70.07599375856157, 73.33435869597922, 78.895695234822, 75.13438472137797, 71.86324782587953, 68.60157718047213, 51.54882429212649, 52.449513322999984, 64.18603888172292, 70.76095118314993, 82.35512871124675, 89.83574515701359, 102.39159898018809, 101.07193535542406, 124.95082326638901, 114.33075412979049, 119.12565286502011, 110.25149945571467, 105.50106056514186, 98.04857781795444, 93.65219589820383], [8.454485132732865, 0.0, 7.863645953674351, 14.862449934649705, 11.2166007524307, 9.528201978402642, 11.9132071350063, 51.19300556256511, 56.74651802395817, 64.00031376711868, 72.72748227938924, 81.99432240209401, 72.9570205957152, 65.36903604812494, 56.96098775551408, 20.704675972700322, 16.268241793627144, 15.799962567405215, 20.912888091887186, 25.367074636809818, 22.075584110861687, 16.45828564542738, 9.51935839372901, 7.6486645492997, 13.935181283789781, 52.12785775694142, 58.53660224527631, 65.67666105482277, 74.23463653043518, 80.86517794548385, 79.01927166218655, 72.47279451808538, 64.97067849466389, 57.68353419621304, 51.403407276635676, 29.478466799329457, 38.39405297257565, 47.48818686701392, 45.436885641616875, 52.815295361561816, 61.134120149728, 66.09423712657724, 68.26173446459934, 66.03897894808411, 55.29885422779768, 46.60795020138734, 42.54935641775001, 66.88141513916584, 63.67611364114806, 66.38359854828309, 70.69895703321832, 74.27837211992924, 79.89006628809013, 86.88345438529387, 89.56609328903903, 88.56807848200889, 84.83849394363317, 80.87921625892183, 75.36616028790054, 68.80733601258949, 70.7699741351964, 74.0335314189482, 77.9293591056277, 84.37606665147864, 79.65588229502832, 75.75975593304533, 71.6998782246897, 45.44941422421658, 46.70590404380339, 60.09279742394009, 68.15170606809994, 80.45323914571772, 88.86791834023504, 102.7651255919979, 104.05878233303883, 129.82564169289503, 120.4206548841444, 125.53972720776721, 117.13399634594934, 112.91019367949664, 105.75362277885105, 101.30205244557305], [15.878843095445147, 7.863645953674351, 0.0, 7.310900742806593, 6.459439547478247, 10.708078774359992, 17.10248748346316, 58.211343319442896, 64.0525953014035, 71.3530537545919, 79.92631178894966, 88.78272655580044, 79.79505174683011, 72.27982315744654, 63.856138960149366, 27.651075367062763, 21.482588429034106, 18.23840468813819, 19.198637731191713, 21.053427909493003, 16.996464489362076, 14.02784702928878, 11.750320079494859, 14.332029286745998, 21.42973134530347, 59.879200222936134, 66.30871702688233, 73.42355471948245, 81.93748157062834, 88.40525435797953, 86.45690114634566, 80.06522880843168, 72.50344143679033, 65.24221839010924, 58.935005123013006, 36.39286854113523, 43.860458369903455, 51.41718545214136, 47.64655694482667, 54.85979870575405, 63.665397414148885, 69.51987590649766, 72.46451514327951, 70.9469196039657, 60.68811832873252, 52.98659281039532, 49.943283834995185, 66.16207267605469, 64.19153246139795, 67.7740882769275, 72.84719905296122, 77.07857775500571, 83.05836968021947, 90.11615744646903, 92.25110979218692, 90.67681928520093, 86.07593069072634, 81.32524367776014, 75.33801250322762, 68.73804525035095, 71.86218397809768, 75.92998898601788, 80.33627736763283, 87.39773726136347, 81.94517659047334, 77.53715543440099, 72.74028442701886, 41.57347862424497, 40.636281075032066, 54.2235492908328, 63.24836706159655, 76.01529509880673, 85.1832907312015, 100.17123914681252, 104.40231862248574, 131.4367241747148, 123.44677777160285, 128.97172794485067, 121.27865608309197, 117.8756193661539, 111.70590290368342, 108.22554258153072], [22.152971517310405, 14.862449934649705, 7.310900742806593, 0.0, 6.9350971057306765, 14.012944028698072, 21.682452163770733, 63.31338196420004, 69.52611615174438, 76.87239981937012, 85.19469777272681, 93.4834929452261, 84.54366714067424, 77.16292379882985, 68.7659542543125, 34.84674481537949, 28.53698038692801, 24.511278174079887, 22.855450454171585, 21.659935109068748, 17.204160148200437, 17.863431965137437, 18.424378904940866, 21.619816580944644, 28.543608881228494, 66.17770898751021, 72.64237473163686, 79.68375359708054, 88.13803127222604, 94.35167734079417, 92.1403826171537, 85.99748586815174, 78.31962241219924, 71.12358674930783, 64.78997441713615, 42.33172171394284, 48.46019787218622, 54.54905021397013, 48.70953425815936, 55.51980909245134, 64.62757066111341, 71.13807862604017, 74.5994029665006, 73.71999871814853, 64.31353149853771, 57.66134840701918, 55.663098928819096, 63.82684695567835, 63.15820123896774, 67.53200892275083, 73.21189556803358, 77.92116309746062, 84.05166877542126, 91.02927641157197, 92.65513445287736, 90.61286665173078, 85.31082471885195, 79.89432017073011, 73.55808049210519, 67.00219903724113, 71.22689827768605, 75.98003895366989, 80.7468353078596, 88.16859429012045, 82.21848476153633, 77.43942794027588, 72.03916426301559, 40.76882719773354, 35.49874337878254, 47.70268486007535, 57.125840915152665, 70.13290661240538, 79.83438630762959, 95.61482328355045, 102.64087062676978, 130.3926701461911, 123.79450296099552, 129.75434633040175, 122.87842053036354, 120.39812687053092, 115.5628070931755, 113.56806481534589], [17.393950157528796, 11.2166007524307, 6.459439547478247, 6.9350971057306765, 0.0, 7.517181498311783, 15.755386868553371, 57.67268792495336, 64.08769356127394, 71.47567226677877, 79.92484710512593, 88.52578339422273, 79.02428469338129, 71.46523153261458, 63.0369424053238, 30.48948065871918, 25.70894912841927, 23.5270637852663, 25.14170903875029, 26.464367163880283, 22.117534944054007, 19.803379979732856, 16.88298790142284, 18.025231692687363, 23.895337546531415, 60.76135019583719, 67.29509337430794, 74.43064006471621, 83.14289838921756, 89.62772421709232, 87.1599320145547, 80.81815537895685, 72.95037065415674, 65.73149125020025, 59.37460542386371, 35.96785972850782, 41.58290644898627, 47.73170851041434, 42.45340742373514, 49.49027098308855, 58.48515271339441, 64.81898342796688, 68.35477065412077, 67.48735357987063, 57.595550401987175, 51.076858247272774, 49.86117419113446, 59.90908268025279, 58.1675048808292, 62.04119453273425, 67.42882541503397, 71.9992732168526, 78.2659287868213, 85.4626362636774, 87.24127562194614, 85.31286945705546, 80.30788322468649, 75.30185163084535, 69.18818668233098, 62.58373669363456, 66.01511533126336, 70.39585936663438, 75.05598082702762, 82.5660072280063, 76.60969448271071, 71.95319313211347, 66.87476034693012, 46.59929094177621, 41.79800846797451, 51.686712844794506, 59.22445713324979, 71.2490028320731, 79.89311240768417, 94.71560298095207, 98.39468878273, 127.1611748873463, 119.67777509807436, 126.20706882745377, 119.33060465282439, 116.59949581856829, 111.9440271469811, 109.95012033493165], [11.922031190733104, 9.528201978402642, 10.708078774359992, 14.012944028698072, 7.517181498311783, 0.0, 8.455260533627632, 50.28078426465054, 56.81552698990702, 64.21695835829883, 72.67280073967632, 81.39081474446724, 71.64419400776274, 64.02957043975307, 55.59826152489375, 26.50154757118599, 24.133551779665112, 24.328742519487808, 28.786408388055726, 31.71904689065023, 27.70356061335512, 23.68784988342228, 17.782499222570127, 15.61089834107807, 19.373254363458738, 53.81397150048379, 60.36930205121948, 67.47919795090053, 76.26578660032821, 82.79695348379254, 80.11379842623346, 73.74921263921763, 65.77370668090869, 58.58198522639288, 52.224010154981954, 29.314783210959366, 35.19262253406559, 42.173565259906376, 37.428019267253475, 44.57811394033517, 53.24170133144736, 58.87187311936832, 61.801650767673685, 60.51525645773188, 50.51098740430448, 43.66648327408785, 42.56733531097844, 57.41949793667978, 54.55628281147129, 57.68380290248497, 62.439471485159395, 66.4669437007875, 72.41801540538312, 79.57047833954806, 81.75957149002757, 80.29360999010076, 76.03123348549649, 71.72691774936409, 66.05579284639212, 59.4781818556336, 61.88968057907685, 65.5927853636597, 69.81884631621134, 76.82341681646443, 71.46391479124053, 67.24166847906409, 62.79329586876523, 51.58855621937277, 47.260247600768515, 55.74279766285457, 61.70849330583774, 72.9697183842636, 80.62499464669048, 94.19516684097634, 94.92189903192363, 122.7913575338325, 114.18949097509727, 120.70795711076028, 113.52512142996979, 110.3877121556934, 105.63925940634245, 103.71825033103023], [7.405104665194409, 11.9132071350063, 17.10248748346316, 21.682452163770733, 15.755386868553371, 8.455260533627632, 0.0, 41.92326755835629, 48.38149270233277, 55.7802399131328, 64.23895513801034, 73.08609569636198, 63.37850725126612, 55.768542994744244, 47.32976478157357, 23.019167919612972, 23.669792726399063, 26.229114618334354, 32.79186386274983, 36.88222712440247, 33.36563785635536, 28.30996442240993, 20.59919448855003, 15.289345462473172, 15.650901799415326, 45.67538397135197, 52.212643357753656, 59.23140630995928, 67.95802690912481, 74.42633082829195, 71.66932740043362, 65.3467098009788, 57.36690622380836, 50.19988531604196, 43.84430331052924, 23.022952722876923, 30.384825338719985, 39.10432419457312, 35.577997763456985, 42.60886866054615, 50.5522343793152, 54.89226834410934, 56.537171016557366, 54.31159372407749, 44.3525621346596, 36.42200730867294, 34.306864215701516, 58.032706764179984, 54.02882605497174, 56.137205393037746, 59.89471870700493, 62.978283234751395, 68.20201677201305, 75.07389760139917, 77.93674416581351, 77.2588502964023, 74.15072795737478, 70.82190584690879, 65.80061732991408, 59.37492918767093, 60.526804275286615, 63.232276526054015, 66.70702632156143, 72.6599105890587, 68.45472988064269, 64.96913204908729, 61.46657923012805, 55.79567398031327, 52.737315882878846, 60.96277020042828, 65.91789329194023, 76.67052299035586, 83.50867897873958, 95.70975491232244, 93.8218533498341, 119.23522718218155, 109.20002128424491, 115.11158289987851, 107.20769968318235, 103.34277348344622, 97.89498090401827, 95.64997983875936], [42.76555197488143, 51.19300556256511, 58.211343319442896, 63.31338196420004, 57.67268792495336, 50.28078426465054, 41.92326755835629, 0.0, 8.21282292826949, 15.026005976667285, 22.957053681603703, 33.042727572770744, 22.06033795446038, 14.249522716211972, 6.121346858501893, 44.104229205751984, 52.64295916701626, 59.34808964823625, 68.74701483933384, 74.63783334784408, 72.25729087374502, 65.96570229416925, 57.04434640461669, 49.455468161348726, 42.85637342225757, 16.54318099684039, 19.871672144131555, 23.80612341662989, 31.25322006759683, 36.80622455606689, 32.034951108918364, 26.489396713644688, 18.14772536038721, 13.117399485826297, 9.869724340757546, 30.858481446374693, 34.9631488709682, 44.31607255103263, 47.12633985399582, 49.96028393016682, 51.13887657805495, 47.014253088487976, 40.27450399812748, 32.27242026970636, 27.855254965132808, 18.324404983215196, 11.419281130259908, 71.28108976091184, 63.33868525750289, 60.246003398418146, 58.046038970087686, 55.29118633861154, 55.173009685266415, 59.108124001652506, 65.33908051029773, 69.05695930634501, 72.4803744399493, 74.56030431441562, 73.52771295089728, 69.21177567301064, 64.30309128083871, 61.42931964824474, 60.14439445237471, 59.06028623488134, 62.04476682212228, 63.18885391271791, 65.17565041463496, 89.80868504224496, 88.89376526001388, 93.79116787083343, 94.01387680082007, 101.21033045703918, 103.7047203841764, 108.78899720915554, 93.2445270994792, 105.62780200236267, 87.96494958421017, 91.19728377378127, 80.11479821411987, 72.07488133149548, 63.87959515693689, 61.25161077226109], [48.311042090045916, 56.74651802395817, 64.0525953014035, 69.52611615174438, 64.08769356127394, 56.81552698990702, 48.38149270233277, 8.21282292826949, 0.0, 7.409931419257128, 16.428484381574126, 28.111998589583642, 18.54405375113759, 11.995978171515235, 8.528926794674582, 47.731684185406856, 56.561451675032444, 63.48406779625496, 73.0051459166875, 79.22184225887335, 77.18784720152618, 70.69406376938679, 61.874722967114074, 54.31875730764084, 47.43417588420018, 13.291105200877313, 14.049404350766086, 16.28268956652816, 23.087914252410158, 28.71440246677604, 24.255456682667035, 18.362087902751227, 10.125363832594363, 6.139449092299485, 7.266872274469464, 36.02093321456331, 40.95324219401008, 50.752770188888654, 54.95551641609671, 57.73427685998708, 58.44700377153941, 53.68106113337675, 46.290924111125385, 37.84154901212498, 34.097290594253685, 24.80645036112537, 15.81313712024483, 79.30422940218533, 71.20002844537365, 67.78603046368605, 65.12676270144944, 61.85111564925823, 61.07877300874932, 64.39030699608374, 70.9982780420834, 75.26631727558465, 79.39773917255526, 81.95758984761244, 81.23172482742245, 77.08650634119519, 71.8055101289117, 68.48423969546211, 66.7391179601824, 64.7528172118127, 68.61836916003045, 70.22534119238126, 72.66454398984823, 93.55182305443772, 94.47776105746257, 100.66355358538657, 101.37514514848283, 108.81414302622294, 111.38111386668538, 116.1318401739336, 99.97996719673097, 109.5435395538388, 90.71346520724649, 92.42850725809875, 80.11686965911503, 70.55988394864536, 59.60619451802744, 54.22754335548574], [55.57909577118636, 64.00031376711868, 71.3530537545919, 76.87239981937012, 71.47567226677877, 64.21695835829883, 55.7802399131328, 15.026005976667285, 7.409931419257128, 0.0, 9.683533011438492, 22.584453440564392, 14.274343688293417, 10.56093418010585, 12.69562368816696, 54.285345766122965, 63.25128452752907, 70.26397513593646, 79.82382061001066, 86.12917091063714, 84.22063583784634, 77.68757101193994, 68.91428387086076, 61.38713208157816, 54.40963389037765, 17.076722173996213, 14.713381839932415, 13.195266582487031, 17.607821218065283, 22.43742021285415, 17.28877798807316, 11.927110755488982, 4.978288915543775, 8.220949721479686, 13.293822899594042, 42.778674745535, 47.110271297673904, 56.3435058536001, 61.08496375775955, 63.35997368240301, 63.26441753987546, 57.5912239556259, 49.32695655177637, 40.554115042340214, 38.44257380050312, 30.551409971025738, 22.843035117096083, 84.83596492708605, 76.53677856386022, 72.64132272662727, 69.31323663888423, 65.32184435023154, 63.666270453019784, 66.21426630240781, 73.17110561432125, 78.05561442534628, 83.07748948380919, 86.31336530045667, 86.10641881904104, 82.31225284968895, 76.47877246282496, 72.53714953066405, 70.15310720554827, 67.03126712610246, 71.97333785135656, 74.21264114767745, 77.3002869159118, 99.94744145819507, 101.30118148588654, 107.39445734967036, 107.78793933110168, 114.8919820866849, 117.03105753496706, 120.91622240042854, 103.29061562874462, 110.1762955156953, 90.17925553344642, 90.9731107425595, 77.9784529590425, 67.34313799540979, 55.107395965579535, 48.76981000943237], [64.2889245821623, 72.72748227938924, 79.92631178894966, 85.19469777272681, 79.92484710512593, 72.67280073967632, 64.23895513801034, 22.957053681603703, 16.428484381574126, 9.683533011438492, 0.0, 13.506532084417444, 9.607091657868422, 12.761145529689527, 19.057005276628672, 63.786772226576836, 72.59130282427721, 79.45069142389531, 88.73074673990052, 94.66496033185973, 92.78019344198377, 86.59802427543556, 77.97000035317961, 70.46471988162814, 63.67896355477939, 26.468358730052245, 23.032717894786757, 18.80225308895187, 18.00469756690706, 18.57039371593772, 11.479894133602976, 11.799331266965007, 11.82509020431409, 17.680817925089947, 22.834158527206732, 52.20874795546762, 55.80636286462282, 64.05553111435303, 67.90021659181426, 69.34399362284411, 68.38785395296051, 61.69736016665459, 52.1138459243271, 43.08690335035719, 44.25411397287947, 38.34714581262564, 32.169336425834615, 89.52849854981832, 81.50164149991018, 77.25379110348584, 73.21116891712822, 68.3009971541296, 65.16505039342762, 66.35528429547323, 73.68202130381208, 79.41705408414127, 85.58158357322708, 89.57847869553942, 90.0467555021433, 86.77039551531404, 80.61256466799854, 76.05492141727, 72.80982461428118, 67.86751763782024, 74.47010344113693, 77.54982392960919, 81.3498782235457, 107.56379416515071, 108.10262804587892, 113.15097132417954, 112.7416815216991, 119.20807634203267, 120.68124325100203, 123.20395812879148, 104.8358275105906, 106.77762111120111, 85.65456557893923, 84.99179872469382, 71.2711553802503, 59.641401075365906, 46.923024481161065, 42.378539099335185], [73.62828042587066, 81.99432240209401, 88.78272655580044, 93.4834929452261, 88.52578339422273, 81.39081474446724, 73.08609569636198, 33.042727572770744, 28.111998589583642, 22.584453440564392, 13.506532084417444, 0.0, 14.128939995009421, 21.704391917379414, 28.64639888293708, 75.22129433758495, 83.5145344700818, 89.93151271357928, 98.53558996662233, 103.58968935995603, 101.66285016117693, 96.27839293757178, 87.98508685694412, 80.57385742388769, 74.31413834336901, 39.41459617184538, 36.26354383493458, 31.65765666858142, 28.187478263851997, 23.87077755523437, 17.45307495299994, 23.22395183940179, 25.173834401815405, 30.531236040206487, 34.936711660064084, 63.67002550839459, 66.78040899853171, 73.95629957519711, 75.47192709910811, 75.92697215337364, 74.34001098741689, 66.89345311542334, 55.93235642374159, 47.019390249255956, 52.41542321829394, 48.49060781869996, 43.537482878253925, 93.27427866071514, 86.23434857120934, 81.99004731042969, 77.44149973940982, 71.65796405811793, 66.60982664844161, 65.84080033564207, 73.38808605654067, 80.05991230437667, 87.37340809193924, 91.9893913200715, 93.15258320296871, 90.5092137398801, 84.55164086037789, 79.62995393527049, 75.48990381192766, 68.23578898797409, 76.8654939985086, 80.811978356498, 85.15416742316135, 115.01384844128029, 113.53203116784769, 116.68366413214959, 115.12641262787557, 120.73172510137837, 121.43721075938402, 122.22445666510595, 104.857748241421, 98.94356094815409, 77.07042190114718, 73.91275140149997, 59.22059354939198, 46.66568771810161, 34.67072734718195, 37.34769176942922], [64.53387828660085, 72.9570205957152, 79.79505174683011, 84.54366714067424, 79.02428469338129, 71.64419400776274, 63.37850725126612, 22.06033795446038, 18.54405375113759, 14.274343688293417, 9.607091657868422, 14.128939995009421, 0.0, 8.441879374768751, 16.53190194293948, 65.68804583257233, 74.42455864800952, 81.17889670761615, 90.43353861206116, 96.0331700478328, 93.74952576122888, 87.78021460581853, 78.99083049911147, 71.42129446186395, 64.83125745501225, 30.577098190415583, 28.599572988466825, 26.056003020863063, 27.08173633213255, 27.894148138423983, 20.503764967413886, 20.659464797420746, 18.156234451144492, 22.044354954861188, 25.720656282301995, 52.09048937752863, 53.654916323640876, 60.18705857747003, 62.664516616239354, 63.188759053879195, 61.45428462101228, 54.11863704996234, 43.820033930401486, 34.80068224439132, 38.58392404416924, 35.17858941481487, 32.727405048468675, 82.43553201634171, 74.41865182560636, 69.85003946372238, 65.33461824035011, 59.93185038160384, 56.14309617146095, 56.941641300082466, 64.33422153282216, 70.29487435524666, 76.90332248438258, 81.32501710048457, 82.2456576355769, 79.37640854398357, 72.86977256365567, 67.92484782968528, 64.23792577080796, 58.61925700714264, 65.8120105489821, 69.30843592065713, 73.54940263207777, 109.74569354390498, 107.74305581869817, 110.30562775090877, 108.4237358131978, 113.78027250143613, 114.30044238752556, 115.82770453183929, 95.77595357262703, 98.47363005029072, 77.32781069204887, 78.47106665270834, 66.15673773340981, 56.00044959732747, 48.20281817493904, 49.381922489403735], [56.957087665714106, 65.36903604812494, 72.27982315744654, 77.16292379882985, 71.46523153261458, 64.02957043975307, 55.768542994744244, 14.249522716211972, 11.995978171515235, 10.56093418010585, 12.761145529689527, 21.704391917379414, 8.441879374768751, 0.0, 8.46026096009869, 57.77571533065217, 66.61838990104513, 73.47553464607954, 82.96147134927921, 88.82827044171381, 86.45658602425118, 80.21402943989064, 71.26928037089243, 63.67229710491654, 56.9602963911525, 24.002934622558424, 23.351167783870274, 22.945506568809396, 27.063791745048107, 30.52544774647206, 23.875014028026435, 20.776433189921626, 14.970468318009095, 16.320601559169592, 18.79568461806664, 43.70872119384234, 45.338579164092096, 52.42428010249209, 55.54985614322412, 56.701804297539475, 55.62783454169502, 49.079058480744656, 39.86250468383663, 30.895795012950693, 31.76250932141201, 26.997204758729577, 24.649251427653475, 77.27456644799648, 68.90663194270785, 64.56983276673773, 60.6279226088666, 56.01374349052086, 53.63210396961845, 55.81290052121398, 62.86635919126611, 68.019772775438, 73.58726395774593, 77.35498241271301, 77.69237275596895, 74.36282640602984, 68.04377455811951, 63.5923252598424, 60.67015104679537, 56.7943387649372, 62.41018958911312, 65.15543750526113, 68.80434450287467, 103.46425918585848, 101.812766651969, 104.96135398554839, 103.60157695738154, 109.40810121413915, 110.4204955517745, 113.10446093357784, 93.44517727226376, 101.02273682587906, 80.99357324302113, 83.61434727338624, 72.06685545351874, 62.86658621876106, 55.282532918697235, 54.64983839375544], [48.565160602447285, 56.96098775551408, 63.856138960149366, 68.7659542543125, 63.0369424053238, 55.59826152489375, 47.32976478157357, 6.121346858501893, 8.528926794674582, 12.69562368816696, 19.057005276628672, 28.64639888293708, 16.53190194293948, 8.46026096009869, 0.0, 49.91550783031554, 58.579599050478436, 65.33514871470119, 74.7765213538374, 80.61488535648571, 78.16460348785007, 71.91632032214308, 62.95570190654567, 55.36579440752751, 48.75319286255338, 19.71844091780874, 21.39764322255367, 23.689296691708538, 30.101116348860586, 34.95238390283779, 29.275250882309123, 24.543434527352787, 16.71082971720238, 14.074315167600696, 13.508400054062989, 35.82710474029879, 38.26556555765298, 46.30488129503137, 49.090163104900846, 51.05507577780926, 51.14279786771378, 45.86546494170896, 37.960686939706925, 29.408833261878666, 27.338616177144644, 20.251163786323612, 16.88103635491675, 72.14130044301551, 63.92849884210995, 60.22273993502032, 57.21052478761207, 53.62202030511363, 52.57991751860858, 55.89261891010807, 62.4719648143629, 66.76698293820357, 71.09545780168143, 73.92836374821262, 73.51565252724743, 69.64385254016312, 64.0343477559392, 60.42964216931326, 58.429395697372684, 56.22534107800575, 60.27617483605827, 62.11448054618018, 64.86082708272771, 95.7350814597801, 94.08399891345421, 97.80177771771011, 97.0952733600882, 103.52255685762395, 105.23827719740997, 109.204912608351, 91.57654754711359, 102.51149298974103, 83.9405811439575, 87.31397490263964, 76.29726559374421, 68.05048611502463, 60.705878180292274, 59.42511970073979], [17.706127490608978, 20.704675972700322, 27.651075367062763, 34.84674481537949, 30.48948065871918, 26.50154757118599, 23.019167919612972, 44.104229205751984, 47.731684185406856, 54.285345766122965, 63.786772226576836, 75.22129433758495, 65.68804583257233, 57.77571533065217, 49.91550783031554, 0.0, 10.023164435739693, 17.982682972559626, 29.248484648899485, 38.26463093400063, 36.634062788816664, 27.612497066732143, 18.919552889537876, 13.477973855682093, 7.633609730001201, 39.03806590923227, 44.971850058280836, 52.37494977199132, 61.33163500633665, 69.32886822617232, 68.41048745440061, 60.69997580387313, 53.828943771173854, 46.643812655859364, 40.99549383272193, 18.94905475577019, 31.18322904986171, 43.628840763128345, 49.37671776502445, 56.920112155730706, 63.49113752678546, 66.53572950795002, 67.83314219468932, 64.30930115374213, 50.7886269266663, 39.758294339839956, 33.16190375296807, 77.43144376181354, 71.11382687854584, 71.60185823389101, 74.15726271241004, 76.53923005617537, 81.97873821818732, 89.2362385359806, 92.94943407912562, 92.88981612642108, 90.78643092361234, 88.55079367305754, 84.06024056313808, 77.78431418962381, 76.81603530375045, 78.20626151076446, 81.18763788822741, 87.01920788093528, 83.20701116060137, 80.25876559669165, 77.86475140087413, 57.72882672788534, 66.02930532079459, 80.6905227291553, 87.83276905953842, 99.17654277636684, 106.23325947754823, 118.39759304273707, 111.86248415388425, 137.8406434815533, 124.98647317099993, 129.7161404082644, 119.63956546301009, 112.93645172794865, 102.26902895494479, 92.73566302644787], [17.619556898654007, 16.268241793627144, 21.482588429034106, 28.53698038692801, 25.70894912841927, 24.133551779665112, 23.669792726399063, 52.64295916701626, 56.561451675032444, 63.25128452752907, 72.59130282427721, 83.5145344700818, 74.42455864800952, 66.61838990104513, 58.579599050478436, 10.023164435739693, 0.0, 7.9902962963296265, 19.344385053164494, 28.722256790239257, 27.34257906984186, 18.051157821507683, 10.515855866687312, 9.006055481888783, 10.577602488652902, 48.43143336493123, 54.351937182267726, 61.633242841867364, 70.2860033280193, 77.89475065869419, 77.17184118147196, 69.75443268849615, 62.970568245516276, 55.7577907723022, 49.98862583450739, 27.52265798235581, 38.51691991424379, 49.63417168984481, 53.39286606132548, 61.16413027243378, 68.60743686978905, 72.73822872636376, 74.76373757393972, 71.78200126273137, 58.702637356967706, 48.32663935602561, 42.137025060903404, 79.21921051548404, 74.15524212422979, 75.66429230420432, 79.14159729930874, 82.26474442090003, 88.10314277054124, 95.45564672420159, 98.70856224892475, 98.10668622508898, 95.07087696113439, 91.9215713515033, 86.81176959845547, 80.33013211676035, 80.67298435377081, 82.9970323461681, 86.57411866062043, 93.03493419214338, 88.50272418923664, 84.95877737029454, 81.6894591331002, 48.8677956759535, 58.641572874601806, 75.42951887200623, 84.23969981466747, 96.5000780335279, 104.67758849702051, 118.24101941812206, 115.45981474822095, 142.13425057377842, 130.67462425738677, 135.28392166225302, 125.51698890626783, 119.43226912735362, 109.0284492947589, 99.87060393790031], [20.494417465726638, 15.799962567405215, 18.23840468813819, 24.511278174079887, 23.5270637852663, 24.328742519487808, 26.229114618334354, 59.34808964823625, 63.48406779625496, 70.26397513593646, 79.45069142389531, 89.93151271357928, 81.17889670761615, 73.47553464607954, 65.33514871470119, 17.982682972559626, 7.9902962963296265, 0.0, 11.425739487109837, 21.0676619995009, 19.95595713260953, 10.566185301509012, 6.738028409138166, 11.340814665755541, 16.864504620703777, 55.86728642770476, 61.79631419294702, 68.98565887530474, 77.42336839730322, 84.70864174039994, 84.06531239880795, 76.89797511908559, 70.15001666244542, 62.93027073950591, 57.08146341561338, 34.67842511869887, 44.897812533131734, 55.03906690930977, 57.170339071820564, 64.95631184659926, 72.94448331347037, 77.78442524415946, 80.24444987550595, 77.63780654471476, 65.03838139659659, 55.141945540367104, 49.22520802675879, 80.85746637103776, 76.85797853985373, 79.12981128492866, 83.24863003238166, 86.86268568600514, 92.90453896141061, 100.25441531655102, 103.16101551508847, 102.18154004246874, 98.48750543413202, 94.67086834096744, 89.13484291412823, 82.55592028231324, 83.91660605124568, 86.91519011265673, 90.88339102510139, 97.71090535067145, 92.72814625474261, 88.78780600691998, 84.89741170790047, 41.8672950165914, 52.6717956589503, 71.15553997957672, 81.3041181350924, 94.24770628769267, 103.298709250996, 117.89784069468566, 118.22022130607674, 145.14342523487917, 134.82036955863092, 139.30822347483928, 129.8296114957364, 124.27718734837454, 114.21059351479417, 105.56110231644337], [27.76577166383297, 20.912888091887186, 19.198637731191713, 22.855450454171585, 25.14170903875029, 28.786408388055726, 32.79186386274983, 68.74701483933384, 73.0051459166875, 79.82382061001066, 88.73074673990052, 98.53558996662233, 90.43353861206116, 82.96147134927921, 74.7765213538374, 29.248484648899485, 19.344385053164494, 11.425739487109837, 0.0, 10.31568670530591, 10.63507692165224, 5.407927011715117, 13.19874522484429, 20.194537710372696, 27.16848867497428, 66.06369774921835, 71.94583889858234, 78.94702948200641, 86.99791131371998, 93.75361883864609, 93.27119734966645, 86.51537394336364, 79.90320913652631, 72.73245827211134, 66.84789685292453, 45.411844505803465, 55.127852498315455, 64.3467627528465, 64.40800725839809, 72.03459839135881, 80.54653285424656, 86.03998606637279, 88.74341960467973, 86.43655219483406, 74.68365244573761, 65.20044811684862, 59.21718245085891, 84.88872233022224, 82.40554315660997, 85.59718605147134, 90.39864554285208, 94.46313919806194, 100.53206187610368, 107.71079879033393, 110.25164724141646, 108.9232357770884, 104.55030233463499, 99.9646635799633, 93.97250201759397, 87.35050934594734, 90.01432116614558, 93.77416102399131, 98.0958192018257, 105.10405396137939, 99.81819469906743, 95.50797372358264, 90.93561052246507, 31.502782953448637, 44.53052423334045, 65.96034500862154, 78.18191354956647, 92.12190235808684, 102.4342562957907, 118.33082566280099, 123.27468955788014, 149.52568985110352, 140.708957258917, 144.70772577841416, 135.4954697963097, 130.58968381552268, 120.81096083400189, 112.80714979437349], [32.87071852310778, 25.367074636809818, 21.053427909493003, 21.659935109068748, 26.464367163880283, 31.71904689065023, 36.88222712440247, 74.63783334784408, 79.22184225887335, 86.12917091063714, 94.66496033185973, 103.58968935995603, 96.0331700478328, 88.82827044171381, 80.61488535648571, 38.26463093400063, 28.722256790239257, 21.0676619995009, 10.31568670530591, 0.0, 4.534036515152143, 11.595364956669409, 20.598160714095304, 27.332475331490226, 34.90580627547075, 73.44807275500133, 79.38557905319293, 86.21692152212962, 93.97096851614181, 100.12535054631667, 99.49529488654, 93.23949197201733, 86.59326755428667, 79.47487538206806, 73.5037084982317, 53.1164834031067, 62.37020094146836, 70.79426458646088, 68.44692446194489, 75.7294333074749, 84.59690866413064, 90.50640330215737, 93.21099006969649, 91.17766550190225, 80.62702912340093, 71.68988680360316, 65.92931750607953, 85.47474619809263, 84.50412186221843, 88.4921814464813, 93.80163869657595, 98.12795716432274, 103.99783604107425, 110.85232090694342, 113.0592999388034, 111.50144343853042, 106.6543860501079, 101.46565663945785, 95.17835094815106, 88.60649496185859, 92.45538367232447, 96.82765736745131, 101.33566691240034, 108.25247121979353, 102.9162142019897, 98.39555253470321, 93.30493358636615, 23.15609475273559, 35.08417374003478, 58.44628020841701, 72.18271957429762, 86.86276216639851, 98.14946005673566, 114.9126431029565, 124.26619924064208, 149.15390921430048, 141.88004411612013, 145.4886304482307, 136.76517082624753, 132.73639045097121, 123.91525624047657, 117.52893796126556], [29.95469567860208, 22.075584110861687, 16.996464489362076, 17.204160148200437, 22.117534944054007, 27.70356061335512, 33.36563785635536, 72.25729087374502, 77.18784720152618, 84.22063583784634, 92.78019344198377, 101.66285016117693, 93.74952576122888, 86.45658602425118, 78.16460348785007, 36.634062788816664, 27.34257906984186, 19.95595713260953, 10.63507692165224, 4.534036515152143, 0.0, 9.636141523737288, 18.17628545658937, 24.87831779920743, 32.67679913416763, 71.78181845009851, 77.86883907377863, 84.80251076263526, 92.7696694895018, 99.00985754922276, 98.05589373967706, 91.75836858499794, 84.86365930105718, 77.68225494096131, 71.6002331747864, 50.409190872136286, 59.10311492196697, 67.09123154625996, 64.23393170930605, 71.46508559706925, 80.39325058167043, 86.47012535203507, 89.40357749977179, 87.62404794284033, 77.1652898969334, 68.64269694828236, 63.629380927619884, 80.98618545237208, 80.04937756394519, 84.11580211497825, 89.52278630421723, 93.96710207724362, 99.95430473876274, 106.87993413298236, 108.95219314471188, 107.26016449883642, 102.27581442638768, 97.01693969749991, 90.69928944161177, 84.12724276511972, 88.04670371399622, 92.51315524605843, 97.10878280824734, 104.20465113429678, 98.67192938765986, 94.06617922848392, 88.89112000427129, 26.631555319768797, 34.363452991715036, 55.88741217613396, 68.9381268764057, 83.3301669661114, 94.3457606626396, 110.9905929428215, 119.83640586175017, 145.5738565424478, 138.4420209684822, 142.59731312627036, 134.2602654099924, 130.5364979769086, 122.50973059224627, 116.9527524849717], [23.991509410416683, 16.45828564542738, 14.02784702928878, 17.863431965137437, 19.803379979732856, 23.68784988342228, 28.30996442240993, 65.96570229416925, 70.69406376938679, 77.68757101193994, 86.59802427543556, 96.27839293757178, 87.78021460581853, 80.21402943989064, 71.91632032214308, 27.612497066732143, 18.051157821507683, 10.566185301509012, 5.407927011715117, 11.595364956669409, 9.636141523737288, 0.0, 9.530439111289157, 16.92710855222832, 24.469279665431472, 64.32606017638643, 70.41508954337294, 77.53515474246679, 85.82963837655917, 92.63103418646196, 91.72542007033034, 84.9649309529299, 78.02989061159057, 70.7761716025293, 64.73290734994242, 42.27500864624056, 51.33507550430365, 60.052845440350026, 59.37017709856044, 66.9464000168639, 75.55876672675575, 81.25703009100094, 84.20701784718737, 82.19903298297537, 70.61768485868801, 61.63622844478167, 56.582214025550265, 79.49238068967581, 77.0811359956095, 80.38247111265929, 85.30843186201048, 89.50848260798293, 95.69063740638302, 102.93079319521419, 105.31121818657388, 103.83259004167296, 99.30140687194849, 94.62578150903545, 88.59837426170819, 81.97595268598194, 84.74929126379288, 88.63137215514577, 93.0516469542924, 100.24230218103234, 94.7496479744944, 90.34267179491721, 85.66308909610507, 34.19851784295094, 43.17674389341884, 62.63934022864077, 74.0696416236003, 87.66265646346223, 97.6645929175699, 113.39852972230261, 117.93434415328387, 144.99052802726698, 136.41241563028382, 141.00634332442698, 132.270932502625, 127.78258848892737, 119.02735403316227, 112.19046799237155], [15.741957411648846, 9.51935839372901, 11.750320079494859, 18.424378904940866, 16.88298790142284, 17.782499222570127, 20.59919448855003, 57.04434640461669, 61.874722967114074, 68.91428387086076, 77.97000035317961, 87.98508685694412, 78.99083049911147, 71.26928037089243, 62.95570190654567, 18.919552889537876, 10.515855866687312, 6.738028409138166, 13.19874522484429, 20.598160714095304, 18.17628545658937, 9.530439111289157, 0.0, 7.613740684675108, 15.11180902372029, 55.448939589677295, 61.65164378549285, 68.89986878712462, 77.48373357607406, 84.56258125606188, 83.37484525732047, 76.40986046064435, 69.2694213397927, 61.96276495366647, 55.87285917137168, 32.75721702772642, 42.21934923368547, 51.689582601654664, 52.051420141563376, 59.734610580567086, 67.98565524004881, 73.12463103184668, 75.74772074586612, 73.48293912976924, 61.50673499420024, 52.26361253540846, 47.40708676352947, 74.60029318047602, 71.04909508470061, 73.64533235144347, 78.01764878787459, 81.80423191829287, 87.85086202911667, 95.15052328772236, 97.83900608791372, 96.69106871092634, 92.76118627591079, 88.7194382187759, 83.08092660874811, 76.48598989355241, 78.26398218402909, 81.53705473825592, 85.62647250601115, 92.5427700681914, 87.4120354887193, 83.34377829739468, 79.22135975828324, 42.20622752585578, 48.88550924961193, 65.48420646013936, 74.98194636345345, 87.71027702864393, 96.61540515623744, 111.1605465274832, 112.17774836477017, 139.29243057217352, 129.58843859816204, 134.5383969002324, 125.6650548966295, 120.8047968764711, 112.1369695678242, 105.35638294393247], [9.410949156263518, 7.6486645492997, 14.332029286745998, 21.619816580944644, 18.025231692687363, 15.61089834107807, 15.289345462473172, 49.455468161348726, 54.31875730764084, 61.38713208157816, 70.46471988162814, 80.57385742388769, 71.42129446186395, 63.67229710491654, 55.36579440752751, 13.477973855682093, 9.006055481888783, 11.340814665755541, 20.194537710372696, 27.332475331490226, 24.87831779920743, 16.92710855222832, 7.613740684675108, 0.0, 7.894556278064717, 48.106962602655734, 54.38901611794754, 61.65867944304451, 70.34218194679268, 77.4588103360367, 76.05807774528755, 69.07299127352053, 61.811711988480354, 54.488619242521075, 48.35936662897686, 25.834802583538533, 36.228468147698564, 46.679123068014654, 47.58803671766484, 55.20394442458254, 63.03743802909894, 67.43908840688428, 69.38273042175582, 66.67111991853017, 54.734499229950956, 45.01909115514871, 39.80319621917629, 71.72506964018959, 67.39246897573372, 69.36319298146223, 73.13802341824335, 76.37478935547455, 82.01850368118292, 89.17116473267544, 92.22458378816768, 91.52413128282606, 88.29250328673155, 84.87176402834226, 79.64639661653396, 73.13158723571202, 74.10034273659743, 76.76543276985231, 80.41059100922631, 86.74195141839321, 82.2550170259453, 78.62517907323145, 75.08146239799356, 47.68946596564128, 52.90338691788253, 67.64714723277915, 75.76831543304367, 87.90043362818662, 96.00340955872991, 109.47980031379859, 108.23819812430429, 134.19505855928637, 123.57418615675948, 128.43772436761228, 119.31212860522758, 114.11645390348966, 105.4087999984344, 98.81812505992059], [10.100464392530968, 13.935181283789781, 21.42973134530347, 28.543608881228494, 23.895337546531415, 19.373254363458738, 15.650901799415326, 42.85637342225757, 47.43417588420018, 54.40963389037765, 63.67896355477939, 74.31413834336901, 64.83125745501225, 56.9602963911525, 48.75319286255338, 7.633609730001201, 10.577602488652902, 16.864504620703777, 27.16848867497428, 34.90580627547075, 32.67679913416763, 24.469279665431472, 15.11180902372029, 7.894556278064717, 0.0, 40.6145803942579, 46.90357500421606, 54.272753235126025, 63.172607211722756, 70.62717307209553, 69.17793022761836, 61.91863143167879, 54.6302902089136, 47.29899216248272, 41.24096059119917, 18.80605049664405, 30.60374053336092, 42.382932499107575, 45.29716569998872, 52.81767491356508, 59.92925427172054, 63.40594472281811, 64.72800739690099, 61.4793442558039, 48.98214600813053, 38.49631296238853, 32.672164544502785, 71.73149910429007, 66.22206943369456, 67.27979439285143, 70.25872925671054, 72.86759362218179, 78.21080473377904, 85.32643277690197, 88.81581860292869, 88.5928887588687, 86.16505908176663, 83.53508910670419, 78.82681935016582, 72.46401065222769, 72.24953798732696, 74.09608124936457, 77.24362798504633, 83.06839633427738, 79.1835647440444, 76.05378844785083, 73.26712740542159, 54.53782448913429, 59.915546966408, 73.4305085412148, 80.33483717945148, 91.7498593587581, 98.96098621601841, 111.30919245928567, 106.79924882171207, 132.20463794934818, 120.28345271652384, 125.13933376535222, 115.59646729561094, 109.72512727411457, 100.45407554489138, 93.13209310220354], [44.09639482369115, 52.12785775694142, 59.879200222936134, 66.17770898751021, 60.76135019583719, 53.81397150048379, 45.67538397135197, 16.54318099684039, 13.291105200877313, 17.076722173996213, 26.468358730052245, 39.41459617184538, 30.577098190415583, 24.002934622558424, 19.71844091780874, 39.03806590923227, 48.43143336493123, 55.86728642770476, 66.06369774921835, 73.44807275500133, 71.78181845009851, 64.32606017638643, 55.448939589677295, 48.106962602655734, 40.6145803942579, 0.0, 6.587236521916075, 14.007210031148707, 23.637199358396078, 32.14350920456237, 30.288269008008445, 22.041606358325403, 15.244506628148056, 8.914682354686622, 7.225367960235726, 29.746897551976915, 36.98444427285704, 48.79387354958548, 56.289870700268466, 60.457961501531926, 62.162529067863304, 58.80334096949832, 53.6396155022428, 46.1612061054177, 37.669064132413865, 25.9332631960621, 13.421685384428775, 84.01739136570082, 75.38009448950102, 72.28998559441253