{
	"dissimilarities": [[0.0, 8.433680656064352, 15.893405060764891, 22.701477082111815, 18.026818350623525, 12.732444235061154, 9.653640131647492, 42.712945786131705, 48.21422931257846, 55.44910820957801, 64.11790739066609, 73.67982209428448, 64.51567092708221, 57.12874268033871, 48.480414242031486, 15.611466601057186, 15.683220473111925, 19.764960457144582, 27.23826005440878, 33.019754189386425, 30.185058695141542, 23.431848477884643, 15.536957282415724, 9.464142425055796, 8.757207331079124, 43.99335109549866, 50.33214720615246, 57.38302860530742, 66.0498868931878, 72.9941154644661, 70.56118023109278, 64.0527707931451, 56.563448181011786, 49.3772515392653, 42.96682712556943, 20.2245699544665, 30.072594329372784, 41.82261418780814, 41.493557883301875, 49.35286445711637, 56.20589040941448, 60.03500282217575, 61.70289226846921, 58.72342651738601, 47.617922258379295, 38.00415147431236, 33.14183608917783, 65.27435606914663, 62.85865330848857, 63.73051386383376, 67.1752357134253, 70.10268840686184, 74.09948851440072, 81.61067945018489, 82.33972650209347, 81.84319372266216, 80.20093721088264, 77.22073121350019, 71.96796051554806, 66.44604555046264, 68.23374918017137, 71.24023381410954, 74.07126091301801, 79.25618492714544, 74.07126091301801, 71.24023381410954, 69.22919874251622, 52.04206481989076, 55.411810246154715, 67.20625396959343, 74.72723806430649, 86.56194086200924, 92.84761676215088, 102.6912927098787, 106.78834815376123, 126.41358939335349, 120.21848727399828, 124.7911860851714, 115.72838744084298, 109.32964644779258, 102.11785339219773, 95.47866393702243], [8.433680656064352, 0.0, 7.920083503088146, 15.7332956629729, 12.271268668359397, 10.62960034735634, 13.571751910312281, 51.12595298051388, 56.63509163123667, 63.85408640145704, 72.53261465228928, 82.0006214942397, 72.90745308139105, 65.51174849635996, 56.86550008715786, 19.061286088069767, 14.298985590002287, 14.895645674895228, 20.271798474456304, 25.58915466319159, 22.38862926191494, 15.740805263231763, 9.263739457293958, 7.794525315553286, 13.125676856937929, 52.02355369542609, 58.34644593408045, 65.45757029653835, 74.10666004142031, 81.0516741854293, 78.83472742488824, 72.29385376084876, 64.85391361965146, 57.63673871317762, 51.28973666214241, 27.346953132822442, 35.614814643299354, 46.05539248347125, 44.68466360536323, 52.8691311879198, 60.393238950299015, 65.30951471495094, 67.86405772855453, 65.59388385686722, 54.51034869511784, 45.707414264480796, 41.4576675137858, 66.85530430362903, 65.38289620424509, 67.10894973959041, 71.37793188913989, 75.0726303730261, 79.61357407608843, 87.4242575950032, 87.65177579653067, 86.50638472365851, 83.95022161693288, 80.2320450451002, 74.31877499144903, 68.52661659821577, 71.48179115578552, 75.18102067640345, 78.75792345262927, 84.81234730848561, 78.75792345262927, 75.18102067640345, 72.44802407210794, 46.00478224612448, 49.97736524937297, 63.25731726784357, 72.23114437743318, 84.72759556398515, 91.8778096252565, 103.03274613687077, 109.75429446264833, 131.1863166608946, 126.09347396851307, 130.97391113994132, 122.28915517570078, 116.52986279537478, 109.59233204840753, 103.05559865715857], [15.893405060764891, 7.920083503088146, 0.0, 8.334133316309439, 7.407991417560231, 11.217590293752803, 17.847803604214278, 58.071937490302055, 63.90761773846704, 71.19601482600255, 79.72211095848688, 88.69683366162673, 79.69135995113369, 72.31547445971626, 63.70439789399685, 26.355475581433378, 19.87210886632866, 17.292749541397573, 18.046568091055704, 20.910373357383385, 17.2095604530822, 12.868001861668107, 11.595347308531299, 14.559721889302631, 20.83618730015175, 59.81626275469813, 66.14961701765826, 73.21505368149305, 81.75836407077493, 88.48288989298943, 86.25215704860979, 79.89065734844493, 72.44173187515058, 65.26928548736245, 58.84386632893854, 34.58685496121586, 41.18358564117645, 50.10241686318081, 46.66553231874576, 54.86107311770293, 62.97941517126263, 68.77443834283997, 71.93210182469038, 70.36354334478293, 59.974890683156445, 52.15280973948596, 48.81458072007594, 66.2219625446558, 65.89775977354262, 68.56850670424984, 73.57243545275385, 77.89031667420926, 82.78218941262908, 90.67050061021843, 90.40781032242127, 88.72510738009206, 85.30064558131505, 80.9251240985816, 74.42182292614525, 68.39197808722473, 72.59788039084327, 76.94275657352608, 81.16054132827584, 87.84615705681769, 81.16054132827584, 76.94275657352608, 73.51542075891892, 41.76870459238843, 43.85012744452679, 57.34751892792281, 67.27111428459838, 80.21181089944095, 88.07345592682196, 100.36054352567133, 109.92203442248803, 132.63878782539376, 128.80433606037053, 134.07229719358412, 125.97114875116732, 121.1965057058186, 115.1681466058721, 109.74841201839182], [22.701477082111815, 15.7332956629729, 8.334133316309439, 0.0, 6.549239904690083, 13.765317038368204, 21.638110608697122, 63.12632555509553, 69.4708320965542, 76.84528472242265, 85.06613808934229, 93.22653928576653, 84.33094876602232, 77.02875565279699, 68.53942545203122, 34.51004297596449, 28.153797868548768, 24.81489928103374, 22.477266687644764, 21.81827543226123, 18.160315336812076, 17.806675356688032, 19.520371726451188, 22.825633106364542, 28.69315284903912, 66.52607342253728, 72.8754502364858, 79.81172230630902, 88.19182532294737, 94.54121057976958, 92.09714124164691, 86.07527566018366, 78.58738566982224, 71.53867993922862, 64.97229935856333, 41.01242336178437, 45.90965688542453, 53.21913035507035, 46.97671672710696, 54.882647584446474, 63.486819608886115, 69.94509278972198, 73.45968832188716, 72.60355439480352, 63.47924979719667, 56.83735238556157, 54.677289298556, 63.03599341751583, 64.01912315842779, 67.68537355243642, 73.31294100532573, 78.1036226514885, 83.16343487586734, 90.92118488705759, 90.18326241188538, 88.07187230467915, 83.85002263515385, 78.91792925361553, 71.91580968565177, 65.68855311927098, 71.18109775836741, 76.10310507934406, 80.84457049701105, 87.93195111094514, 80.84457049701105, 76.10310507934406, 72.03221487944123, 40.80548830694342, 37.826055469393914, 49.65624911535406, 59.83860234212221, 72.99085904439563, 81.35786883654502, 94.53503678820248, 106.95451828666168, 130.46842315312844, 127.99593631666886, 133.75109280165503, 126.43746869053231, 122.93981510034453, 118.3943849935885, 114.92424737292392], [18.026818350623525, 12.271268668359397, 7.407991417560231, 6.549239904690083, 0.0, 7.518068025419899, 15.777594385899077, 57.616417150728935, 64.11283226437946, 71.49467894051664, 79.77629991980987, 88.16168971512639, 78.85125378325029, 71.4093015911452, 62.92404264834332, 30.503679980544597, 25.682659231304346, 24.33920516870586, 25.107222119662744, 26.57260117720979, 22.791837316258754, 19.84136753232987, 18.281329066193795, 19.53057069646697, 24.281351474845938, 61.24689026226261, 67.67498382983915, 74.69067724972093, 83.33993772330155, 89.91794844916555, 87.11038472617558, 80.94008234325248, 73.28897121695805, 66.21381756728125, 59.61926682192309, 35.1109022883706, 39.44180018441573, 46.8447190738514, 41.119560003938346, 49.1553258410447, 57.59320498518704, 63.862169340543204, 67.40744678409976, 66.51698827457191, 57.02748993463544, 50.5464061167712, 48.976215739884694, 59.115463036881515, 59.24762012153627, 62.388132621452954, 67.74457654523079, 72.3870305778665, 77.47714183429342, 85.4261851510766, 84.79930049199737, 82.7714842678425, 78.89717400665192, 74.2515397893976, 67.54321214604873, 61.438050731492126, 66.16647121143976, 70.811852691635, 75.35813909619047, 82.44121169505279, 75.35813909619047, 70.811852691635, 67.05497211285, 46.31314076399838, 43.384839255598465, 53.14472455390105, 61.541713752630805, 73.84882981396497, 81.26992086747775, 93.27813233656715, 102.97910903890215, 126.94257518852199, 123.89265292894258, 130.06194134733147, 122.77209621545212, 119.01503495981895, 114.67697354731206, 111.19627721937603], [12.732444235061154, 10.62960034735634, 11.217590293752803, 13.765317038368204, 7.518068025419899, 0.0, 8.3840945464994, 50.25611620273096, 56.86300846679431, 64.24674801948018, 72.51480093322499, 80.99780696377631, 71.47734534058056, 63.98107524445264, 55.5037026250867, 26.500936909499067, 24.092331996788545, 25.17668551352336, 28.81068695399114, 31.832709799158067, 28.2478286694275, 23.678591329158305, 19.068936288433, 17.225575071627105, 19.770800624389743, 54.35020062967956, 60.792869117133556, 67.77560465760601, 76.51170558709929, 83.14891359297755, 80.06944883396174, 73.88627615683161, 66.15661373122644, 59.11889506004946, 52.492739962055026, 28.368887722754675, 32.92015305315098, 41.18070390979767, 36.16732946966189, 44.22163569292007, 52.280043270068916, 57.846614590280225, 60.888508245554725, 59.568560815267624, 49.89011585820539, 43.09655236316137, 41.68664018200263, 56.476178663328646, 55.5716472615707, 57.929561161324024, 62.672017907918146, 66.79142102689059, 71.58243719417791, 79.4669630498111, 79.20180087295797, 77.62097318950411, 74.47346996647553, 70.41792914802777, 64.239772961823, 58.32110167913824, 61.954752722844475, 66.05650279153357, 70.06390906137577, 76.6293394464553, 70.06390906137577, 66.05650279153357, 62.88777151152184, 51.34733880028664, 48.72889811948375, 57.168933849541624, 63.99020990956027, 75.56864180951646, 82.05276816203269, 92.72778822661475, 99.60478073135617, 122.56669584993364, 118.56741652887767, 124.69814346700781, 117.16176285098317, 112.91175669761633, 108.49847748510206, 104.98623884692765], [9.653640131647492, 13.571751910312281, 17.847803604214278, 21.638110608697122, 15.777594385899077, 8.3840945464994, 0.0, 41.89174583020551, 48.56802981723136, 55.960992949288126, 64.1616559361607, 72.65100398630506, 63.11142316467524, 55.63648161148634, 47.15081322616743, 23.92221496597543, 24.588417745348927, 27.88878618674434, 33.58788948470186, 37.606559869320265, 34.38068936225885, 29.02044130584595, 22.521181882061963, 17.852792524632388, 17.09566859750378, 46.682157132494574, 53.070457147998965, 59.909722847787606, 68.55993125577471, 75.10677973767362, 71.84976886521444, 65.77218202106765, 58.04269366789651, 51.09833584228131, 44.43061122769398, 22.03263354146249, 27.78888083212426, 37.52901922665952, 33.58507040065958, 41.31539957734834, 48.65664908093439, 52.974631876892026, 54.95966888282957, 52.79891018563986, 43.15102408184683, 35.48720615597014, 33.666918353336484, 55.87515161594029, 53.89472336555566, 55.273463786559056, 59.071689153289086, 62.30422116716434, 66.46187849626897, 74.0046096053719, 74.32774603651609, 73.51771007597377, 71.41794447622864, 68.20762473651159, 62.77454219549262, 57.14538070820785, 59.44888904378263, 62.76167488235134, 65.90994760995301, 71.45828770393453, 65.90994760995301, 62.76167488235134, 60.419455026280026, 56.18274301200556, 54.10698327765271, 61.80775907176869, 67.36350223004276, 78.3300866122017, 83.96517933424096, 93.27776522083778, 97.46041416414481, 118.18347516773709, 112.94464634424381, 118.6214658517874, 110.59442780358243, 105.62730624181599, 100.841289061498, 97.22302151827991], [42.712945786131705, 51.12595298051388, 58.071937490302055, 63.12632555509553, 57.616417150728935, 50.25611620273096, 41.89174583020551, 0.0, 8.236957656613635, 15.049015045816418, 22.525649764628653, 32.21842998066571, 21.89721242129011, 14.585146137424196, 6.130019325647025, 43.71949811851909, 52.22732716088309, 59.2973530853201, 68.36737580608288, 74.29588314525918, 72.08693870929565, 65.59894116653058, 57.09812629384951, 49.624607784131705, 42.70901262113045, 17.73130266376368, 20.62100631945922, 24.1405054278467, 31.229084631475626, 36.96670235411455, 31.66538261885223, 26.5758195906734, 19.28655203368256, 15.051626267848235, 10.763883477847715, 29.95280894720499, 34.67561656185744, 44.080627236605615, 48.02786373626699, 50.535768499327546, 51.13274997156251, 46.81360128162333, 41.320370961662114, 33.300359569719575, 27.76571626248608, 17.70701275925225, 12.641619505013828, 70.62074420795469, 64.33505408410856, 60.61306170059338, 58.46409797621528, 55.845405378077544, 55.20236967803779, 59.156747747911, 63.20793381338367, 67.04057931014805, 71.16450439557634, 72.86540146396327, 72.11243414022556, 69.13448042839441, 64.56335710170993, 62.986446739659876, 60.65414394948971, 58.996645174526265, 60.65414394948971, 62.986446739659876, 65.47650621354902, 89.1557010271054, 89.50220977244531, 94.77311042731797, 95.87029652103254, 103.60093002835117, 105.43447148436113, 108.18682473729183, 98.50557852812898, 106.18080130806356, 93.63092636740475, 96.27248202149707, 85.4456317407808, 75.26152289347205, 67.37847818368475, 61.87704481026107], [48.21422931257846, 56.63509163123667, 63.90761773846704, 69.4708320965542, 64.11283226437946, 56.86300846679431, 48.56802981723136, 8.236957656613635, 0.0, 7.407474990400643, 16.06207003505442, 27.877506783114754, 18.581674365251914, 12.871658343009809, 8.50734780296363, 47.20122958954463, 56.075952196530345, 63.31549227574567, 72.70960530757324, 79.04702430920345, 77.07424329544779, 70.38223213634151, 61.80906212472739, 54.33072158873192, 47.218748955196666, 14.090223817329976, 14.478507260910598, 16.370096901379355, 23.022107929452098, 29.182938323697776, 23.983178933448272, 18.406958107520158, 11.252199541046407, 8.418280910855668, 7.917359026703851, 34.807579494748396, 40.41233228278967, 50.02933335059354, 55.64845133608269, 58.02867688349787, 58.077931774050725, 53.14701577232864, 47.21475600269833, 38.831306988380575, 33.48750423729833, 23.79435573524734, 16.997273097027946, 78.56027426312055, 71.97774186015188, 67.84544830775154, 65.21691368279681, 62.0930594699928, 60.95081216931638, 64.30344171478778, 68.8208190154675, 73.13780322284043, 77.91097028454335, 80.045310551114, 79.67983217407202, 76.92681846323451, 71.8425269489132, 69.84137815027233, 67.00152086212006, 64.5306979572183, 67.00152086212006, 69.84137815027233, 72.7425429837597, 93.32660416392324, 95.56165207947055, 102.04304264386599, 103.60869467368266, 111.51737992975357, 113.38227107368091, 115.90210778339411, 105.13061222590582, 110.64542451033343, 96.80557983500964, 98.20637318963243, 86.45795674488764, 74.55356270893192, 64.22444128955199, 55.6445080058468], [55.44910820957801, 63.85408640145704, 71.19601482600255, 76.84528472242265, 71.49467894051664, 64.24674801948018, 55.960992949288126, 15.049015045816418, 7.407474990400643, 0.0, 9.395372283463491, 22.82855686842044, 14.558571291137703, 11.689809552848196, 12.67544372909134, 53.64816458848906, 62.69921093653739, 70.02382508092835, 79.5485570813829, 86.01907597796571, 84.1316053010464, 77.3731089808793, 68.76723494797533, 61.29271701336939, 54.106309763960816, 17.326616350330553, 14.703265841449582, 12.967032888402848, 17.50829867393226, 23.282316655628303, 17.15131234309241, 11.94403892126081, 6.483749291100793, 9.574418806284692, 13.439376863109613, 41.49469199312329, 46.457826401289275, 55.30665469452044, 61.653218204036754, 63.44680786614163, 62.6817210363632, 56.85451703705344, 50.20628144557508, 41.558060882109416, 37.562576956517674, 29.410285156822347, 23.82182823321965, 83.99930046663728, 77.0710737147721, 72.43650891645888, 69.1229214322284, 65.28943961015543, 63.44034987096229, 65.99391958556664, 70.98862066086127, 75.88907310192458, 81.45885246218566, 84.20964163782699, 84.45542455961403, 82.09647102621241, 76.30203851181706, 73.71010631754521, 70.18324824711291, 66.65730129642097, 70.18324824711291, 73.71010631754521, 77.16578454105819, 99.93233353941358, 102.58254791036427, 108.95862304430425, 110.16721346900276, 117.71541395831716, 119.16527343280643, 120.89361879312143, 108.26999596038915, 111.62369142049066, 96.58750781146423, 97.25480155837795, 85.05944294374994, 71.97310204364553, 60.58342338736146, 50.72314243111783], [64.11790739066609, 72.53261465228928, 79.72211095848688, 85.06613808934229, 79.77629991980987, 72.51480093322499, 64.1616559361607, 22.525649764628653, 16.06207003505442, 9.395372283463491, 0.0, 14.29252151929589, 9.641854000375913, 12.871371156879093, 18.542037797932597, 62.92134988202536, 71.8398574190267, 79.01659103939419, 88.27179851582675, 94.44191029262258, 92.63327788544711, 86.16472773076013, 77.71475327482682, 70.28721910154363, 63.20274717252366, 26.38866730473015, 22.664204164690492, 18.181291553207405, 17.235012017803875, 19.131746479187125, 11.479976110303973, 11.702493817382813, 12.72477827632065, 18.538806365693016, 22.797684141978543, 50.618687658185884, 54.77905412497438, 62.573161842530936, 68.11125176617354, 69.05110191363592, 67.50916734496515, 60.61732634365123, 52.7388223495531, 43.86685082282448, 42.989954856987545, 36.85112287912776, 32.814661561666014, 88.49474729253203, 81.5732676279958, 76.64212681400042, 72.55703874988113, 67.76845145983754, 64.74035012228417, 65.7976412525515, 71.40531020686797, 77.22896024382017, 83.73603068873577, 87.2654482468025, 88.24404685215968, 86.33453588785554, 80.00908051250177, 76.76510055855704, 72.34518575613662, 67.10054878334684, 72.34518575613662, 76.76510055855704, 80.79973860245086, 107.51473020502885, 109.29536881339966, 114.67497655954195, 115.02251367734036, 121.91410841086757, 122.74328378397705, 123.35584684550541, 109.27120590609083, 108.52975102400612, 92.15841528240918, 91.65560458577976, 78.98255750936559, 64.83208981132482, 53.10394107867821, 44.41781343867005], [73.67982209428448, 82.0006214942397, 88.69683366162673, 93.22653928576653, 88.16168971512639, 80.99780696377631, 72.65100398630506, 32.21842998066571, 27.877506783114754, 22.82855686842044, 14.29252151929589, 0.0, 12.969376666925092, 20.513165491492995, 27.658601547154348, 74.57611535344412, 82.93853624693537, 89.62987118149006, 98.05400402617546, 103.3404468112177, 101.63090818987617, 95.953244368886, 87.97377472313102, 80.72790188819961, 74.02953169051585, 40.028329054804246, 36.667574471040844, 31.883523865096514, 27.785016466716662, 24.041179601618573, 18.431092806713497, 24.133553508319057, 26.875790807786736, 32.265878216598104, 35.47560727210171, 62.001327400106675, 65.4626138969117, 72.13390226230976, 74.93794031195017, 74.85539804667336, 72.83355141328867, 65.01840353898801, 55.57065310385878, 46.81396615118587, 50.72129928880792, 46.71260873344931, 44.21737465365316, 91.41423915353695, 85.17926695444429, 80.43572532909452, 75.70405519456877, 69.8761390767912, 65.20683410644614, 63.84695078793363, 70.1013499248072, 77.16941341051152, 84.54304235187216, 88.88581188326307, 90.59081500319795, 89.11767077226797, 82.79158248830058, 79.01071472531628, 73.63989375032254, 65.9952608900928, 73.63989375032254, 79.01071472531628, 83.45782397413575, 114.85605291901727, 114.15425106979292, 117.45044861338555, 116.3945848792581, 122.28911156168756, 122.34025913576482, 121.58844113316644, 107.36185181274942, 99.58724522024737, 81.85770456604449, 79.28689800494719, 65.93022372046856, 50.90758880814826, 40.286545781113155, 38.64990794207824], [64.51567092708221, 72.90745308139105, 79.69135995113369, 84.33094876602232, 78.85125378325029, 71.47734534058056, 63.11142316467524, 21.89721242129011, 18.581674365251914, 14.558571291137703, 9.641854000375913, 12.969376666925092, 0.0, 8.077835780668854, 16.358829344653056, 65.12857228881992, 73.88314554795491, 80.99145075300599, 89.97719079791274, 95.6878424971233, 93.61673539697114, 87.37583542619124, 78.95881630900723, 71.49686729797793, 64.53457847847504, 31.18168089570902, 29.01031558893548, 26.245256512270213, 26.848301649514312, 28.06019264085049, 20.414211501003045, 21.0132946198407, 19.89407870962948, 23.773136688526247, 26.183195554153066, 51.1146992022867, 53.221714874613276, 59.39314387635909, 63.24807036936842, 63.25419588904011, 61.13266565347062, 53.57378238263964, 44.8667946710033, 35.97850225256485, 38.05578501307618, 34.359681556466526, 33.5612020768232, 81.5166641785729, 74.60616814352497, 69.53438292167122, 64.99543082526517, 59.681954091186114, 56.034693001798885, 56.484117264526226, 62.252694733001086, 68.42796766021266, 75.30245700114251, 79.23514911466906, 80.6827101129667, 79.1350667726666, 72.46575733017687, 68.856055852349, 63.98393630815917, 57.9775190855254, 63.98393630815917, 68.856055852349, 73.19872490284288, 109.2122907299638, 108.29769940345396, 111.27760623109016, 110.10875572789192, 115.96148282277356, 115.95454898968723, 115.51328418139323, 100.16464856304366, 99.43723457156472, 83.32881944978912, 84.17304334230988, 72.55828764380541, 60.001374646931446, 52.463145518407195, 49.79883863148394], [57.12874268033871, 65.51174849635996, 72.31547445971626, 77.02875565279699, 71.4093015911452, 63.98107524445264, 55.63648161148634, 14.585146137424196, 12.871658343009809, 11.689809552848196, 12.871371156879093, 20.513165491492995, 8.077835780668854, 0.0, 8.652532438454188, 57.78476069810505, 66.5900243096726, 73.80442049510808, 82.95222199074723, 88.80781010160791, 86.58780641686472, 80.14152276477466, 71.58995831133885, 64.07751313805953, 57.06541452092792, 25.598736870163282, 24.875195276700946, 24.2669318420317, 28.017698326115138, 31.62513043084316, 24.276677440290076, 21.882058940374876, 17.631057008783248, 19.081141137556184, 20.023049830098184, 43.254366663035476, 45.18287550783958, 51.74297961453806, 55.958128971673894, 56.47183879171064, 54.85865883948577, 48.0215389413654, 40.20455207181931, 31.31562909410523, 31.052471898332985, 26.347556322185895, 25.938243976352023, 75.74227840495351, 68.71993677531415, 63.806158135241276, 59.831614486296424, 55.27125750400264, 52.65531032456554, 54.563429255246426, 59.7657489730665, 65.11018126293547, 71.2029338729856, 74.5107185139516, 75.39565628771967, 73.51385156947751, 67.16000287459808, 64.04214459019575, 59.892801114391, 55.437489493545165, 59.892801114391, 64.04214459019575, 67.95720249786409, 103.21533006471266, 102.38727794177929, 105.64652445410633, 104.86568906202831, 111.07066953806232, 111.41975005731028, 111.75034358734361, 97.32133890142255, 100.68115935847638, 85.93168217568737, 88.16565442024717, 77.22724992248511, 65.91925117365777, 59.042583618559455, 55.60898015548482], [48.480414242031486, 56.86550008715786, 63.70439789399685, 68.53942545203122, 62.92404264834332, 55.5037026250867, 47.15081322616743, 6.130019325647025, 8.50734780296363, 12.67544372909134, 18.542037797932597, 27.658601547154348, 16.358829344653056, 8.652532438454188, 0.0, 49.44736794817106, 58.10553656329665, 65.26431684162577, 74.38327420373274, 80.26710791591545, 78.00203681391233, 71.51165066633041, 62.962683932280406, 55.46109766514781, 48.498492528225675, 20.591380446041224, 21.984581121256305, 23.95256075383695, 30.075071600054574, 35.17074543444756, 28.884700269371724, 24.597148235014526, 18.032574251597552, 15.960605063483182, 14.049858224508926, 34.98739594223687, 37.9580775596997, 45.88795156779484, 49.94747617738984, 51.4963816727794, 51.06112996862896, 45.58753967361136, 39.07324366001049, 30.55922159196876, 27.12669966836198, 19.580924231878587, 17.734429434873288, 71.39937679004258, 64.70033597117612, 60.39627960305966, 57.43269828810454, 53.98892441880274, 52.58094232762544, 55.84739549195707, 60.34286551728843, 64.75592686721725, 69.69962051576157, 72.08346672385254, 72.04604258719482, 69.55539715240069, 64.12959446343484, 61.87306536286728, 58.776481266873105, 56.05669590725711, 58.776481266873105, 61.87306536286728, 64.99904926929032, 95.10165826710738, 94.66812940783501, 98.79477745035196, 98.91102804585817, 105.87989324743256, 106.9874549590643, 108.62583890425762, 96.71277841997824, 103.112946507951, 89.7841963558453, 92.5632029289273, 81.86016790224055, 71.44504814056228, 64.34630325391855, 59.97891750838617], [15.611466601057186, 19.061286088069767, 26.355475581433378, 34.51004297596449, 30.503679980544597, 26.500936909499067, 23.92221496597543, 43.71949811851909, 47.20122958954463, 53.64816458848906, 62.92134988202536, 74.57611535344412, 65.12857228881992, 57.78476069810505, 49.44736794817106, 0.0, 10.04586972400304, 18.42032486312196, 29.83012629203385, 38.53878862996602, 36.23638321618161, 27.37392371810751, 18.21018534976212, 11.894408412372298, 6.961335875951543, 38.67100248519018, 44.73204583038957, 52.172107621239086, 61.46151926540015, 69.67984847915803, 67.78335572799215, 60.189773116481824, 52.97045391773573, 45.64427028320529, 40.24028169825491, 17.80033229925669, 29.969019418177634, 43.04578164904035, 49.176060141127806, 56.838384393795224, 62.40386157634977, 65.47337507859844, 67.2925594937971, 63.666231266349875, 49.874972470929805, 38.98233594068675, 32.0028523264045, 76.2692289842394, 72.21445331968638, 71.68214006104797, 74.33611912287526, 76.86087752312154, 80.9506791296628, 88.89330649644981, 90.06062862689744, 89.71577524163484, 88.9120605703556, 86.47958559473791, 81.89220144442231, 76.88623318815026, 76.968054817824, 79.23050501406378, 81.55648304859204, 86.69591781784337, 81.55648304859204, 79.23050501406378, 78.01258887747119, 58.10405560428584, 67.80239801299025, 81.99221251440434, 90.0377869323346, 101.71973071087803, 107.68236587232595, 116.85598619942046, 117.12068290785463, 137.6060645117661, 129.77591041643598, 134.04969461768033, 124.08579028583326, 115.64454734153972, 105.76451557322429, 94.4966341500483], [15.683220473111925, 14.298985590002287, 19.87210886632866, 28.153797868548768, 25.682659231304346, 24.092331996788545, 24.588417745348927, 52.22732716088309, 56.075952196530345, 62.69921093653739, 71.8398574190267, 82.93853624693537, 73.88314554795491, 66.5900243096726, 58.10553656329665, 10.04586972400304, 0.0, 8.42326074869086, 19.968048234960428, 28.9812880205185, 26.764712843208933, 17.74664325885687, 9.338026842554163, 6.966923436845563, 10.38598213312352, 48.185505351410434, 54.16750175198311, 61.44716656626557, 70.31674890494848, 78.10588396659362, 76.61171914207121, 69.32212282596892, 62.251131139938636, 54.97078418211574, 49.41394887149322, 26.42966164235952, 37.13698974803958, 49.07629058177789, 52.926522295341734, 61.047283871994146, 67.56291285544502, 71.70585858070167, 74.11436151480787, 71.04675989947597, 57.853771782370906, 47.568560084809995, 41.05301434322192, 78.16773769792157, 75.3191173596252, 75.85202298672911, 79.39735252212937, 82.63547763205449, 87.11489095809927, 95.17087884098252, 95.89661641659478, 95.05644206883532, 93.31995459311605, 90.12958056964973, 84.78091642335538, 79.36654872593606, 80.8770755744341, 83.91146100921652, 86.96300062200719, 92.75246936746012, 86.96300062200719, 83.91146100921652, 81.8940304396943, 49.231578515423585, 60.49002895015547, 76.67792049871511, 86.42268068365875, 98.99122420477948, 106.0211209017537, 116.73281153796854, 120.58025176488002, 141.90710981212916, 135.23300130936357, 139.4290637671693, 129.676611283191, 121.95843024339447, 112.28074850878879, 101.5333035223316], [19.764960457144582, 14.895645674895228, 17.292749541397573, 24.81489928103374, 24.33920516870586, 25.17668551352336, 27.88878618674434, 59.2973530853201, 63.31549227574567, 70.02382508092835, 79.01659103939419, 89.62987118149006, 80.99145075300599, 73.80442049510808, 65.26431684162577, 18.42032486312196, 8.42326074869086, 0.0, 11.662938605081909, 21.00982321390575, 19.097296322057446, 10.359169091050784, 6.31854616793626, 11.150018295617997, 17.568444324467123, 55.93032341547265, 61.81988610645149, 68.93267731177106, 77.40680870862029, 84.79359967924321, 83.65274330837845, 76.65197475188226, 69.74278474348476, 62.53498514087942, 56.90476682643769, 34.263550742236546, 44.316195161035665, 55.50542260581139, 57.5665212197132, 65.85762980316017, 72.9724558981301, 77.7358439283152, 80.38489768738778, 77.61982422813911, 65.04038237552282, 55.0619652744073, 48.63617820021694, 80.93759515103177, 79.10225239909198, 80.44156500908875, 84.56677271133663, 88.2213969067126, 92.86020903271192, 100.86114418275052, 101.31686517222253, 100.20884647163075, 97.84561762322569, 94.14748070219318, 88.27481874860791, 82.58068777453938, 85.18309277167317, 88.74067078796121, 92.24143504834542, 98.33191077460332, 92.24143504834542, 88.74067078796121, 86.16967153859653, 41.57663281946599, 54.56494723771951, 72.73130307980611, 84.02146925964045, 97.34787174240547, 105.29948598694094, 117.26827445815415, 124.17858647554719, 145.60832579813498, 139.7880529322939, 143.732173404727, 134.08119724458362, 126.88556932809715, 117.27494132420136, 106.94279742502735], [27.23826005440878, 20.271798474456304, 18.046568091055704, 22.477266687644764, 25.107222119662744, 28.81068695399114, 33.58788948470186, 68.36737580608288, 72.70960530757324, 79.5485570813829, 88.27179851582675, 98.05400402617546, 89.97719079791274, 82.95222199074723, 74.38327420373274, 29.83012629203385, 19.968048234960428, 11.662938605081909, 0.0, 9.71660802400246, 8.799668915848653, 5.877640099953042, 13.573040536287882, 20.63232792961478, 27.869884762695253, 66.30956028804101, 72.12734935060554, 79.0095949265594, 86.96601580956649, 93.72798858967198, 92.91542404263164, 86.38361873999186, 79.6390419043, 72.54635074864191, 66.76421725349901, 44.66655211191446, 54.02235412091673, 64.32366581552806, 63.802878359455775, 72.11740618565328, 79.91040831171672, 85.32692125366555, 88.12798891749271, 85.74026980361735, 74.23136869794558, 64.7001812654267, 58.518803269824744, 84.15525428792691, 83.75951197202582, 86.16880975500194, 90.9657669891483, 95.05878158466062, 99.78196948591886, 107.56570373213458, 107.68449589477032, 106.30273568277414, 103.16723056929027, 98.87137315299685, 92.38209728824845, 86.36968405974902, 90.4168059037993, 94.6040300979227, 98.60797389452408, 104.92929099115729, 98.60797389452408, 94.6040300979227, 91.34994346298846, 30.86193129050729, 45.61567042563207, 66.36363985012461, 79.69072034239804, 93.9511266264907, 103.12011941834872, 116.71556813938385, 127.96268456280234, 149.06605063456502, 144.48931732250026, 148.07849418636408, 138.68270185641077, 132.38842814422378, 123.21427607702391, 114.01962356635956], [33.019754189386425, 25.58915466319159, 20.910373357383385, 21.81827543226123, 26.57260117720979, 31.832709799158067, 37.606559869320265, 74.29588314525918, 79.04702430920345, 86.01907597796571, 94.44191029262258, 103.3404468112177, 95.6878424971233, 88.80781010160791, 80.26710791591545, 38.53878862996602, 28.9812880205185, 21.00982321390575, 9.71660802400246, 0.0, 4.130187893406061, 12.381909671301475, 21.392449889227393, 28.264576887224568, 35.59031150081594, 73.81675164604049, 79.63281422307391, 86.32621820927095, 93.90068525422258, 100.0868696517055, 99.34262989688928, 93.27123096303873, 86.5894676949516, 79.60985946922692, 73.6389363872815, 52.025285084616726, 60.74725498259817, 70.32099828294463, 67.41218310640492, 75.56871146542399, 83.8194314993207, 89.62977303649498, 92.42254920603162, 90.36719640777515, 80.0320608569522, 71.01371601752217, 65.27802749061979, 84.84065158827842, 85.68261022708015, 88.95931506182913, 94.2138310731646, 98.5635435251743, 103.24216417111641, 110.7140805894776, 110.56226908529685, 109.02353523284675, 105.3141244558384, 100.61203754064805, 93.70726542150878, 87.48957512625749, 92.69210576126565, 97.32921827370912, 101.6587602627372, 108.02179014015093, 101.6587602627372, 97.32921827370912, 93.56932718396574, 22.994777975416373, 36.87546323644812, 59.26099403353056, 74.01400097424128, 88.89878026611784, 98.95776278687819, 113.72711020802326, 128.57685040741822, 149.03948341034203, 145.59811926508746, 148.9780686141206, 139.97743776505263, 134.68680981139374, 126.37028170304738, 118.83204309273124], [30.185058695141542, 22.38862926191494, 17.2095604530822, 18.160315336812076, 22.791837316258754, 28.2478286694275, 34.38068936225885, 72.08693870929565, 77.07424329544779, 84.1316053010464, 92.63327788544711, 101.63090818987617, 93.61673539697114, 86.58780641686472, 78.00203681391233, 36.23638321618161, 26.764712843208933, 19.097296322057446, 8.799668915848653, 4.130187893406061, 0.0, 9.44034033857726, 18.509445052158508, 25.482552274637666, 32.94059265327729, 71.91848748601055, 77.87820914485972, 84.71150073502862, 92.57209660181773, 98.95478623521055, 97.8867189450224, 91.68243012158567, 84.80034175115965, 77.73406305215491, 71.6582605182594, 49.13028212564834, 57.27277772798274, 66.5215255872993, 63.54582658035119, 71.72416519767127, 79.9976067381243, 85.97030378967338, 89.0153554481827, 87.17766115336218, 76.72997851106551, 68.04921788289043, 62.87692623437038, 81.17202824564072, 81.88272130481964, 85.13234548073869, 90.45293778635579, 94.92663476998912, 99.76358194735019, 107.40999501554576, 107.14501080341664, 105.44353416665093, 101.64451899589034, 96.8903377164444, 89.97957488655618, 83.78778425903973, 88.92564275911406, 93.59935216139607, 98.02959702016717, 104.63977391623278, 98.02959702016717, 93.59935216139607, 89.80565366936297, 26.782629656356672, 37.62492796882154, 58.34078301116971, 72.33686959606605, 86.88776715865609, 96.60892507689927, 111.05780868282734, 125.08477627778727, 146.55402993296823, 143.20507957479006, 147.12438126189687, 138.3982509839683, 133.29873223665717, 125.52131718040847, 118.37725666554991], [23.431848477884643, 15.740805263231763, 12.868001861668107, 17.806675356688032, 19.84136753232987, 23.678591329158305, 29.02044130584595, 65.59894116653058, 70.38223213634151, 77.3731089808793, 86.16472773076013, 95.953244368886, 87.37583542619124, 80.14152276477466, 71.51165066633041, 27.37392371810751, 17.74664325885687, 10.359169091050784, 5.877640099953042, 12.381909671301475, 9.44034033857726, 0.0, 9.524911064356768, 17.008452907410774, 24.583848786773338, 64.31012451679092, 70.35954446252153, 77.42929026090337, 85.77487372636612, 92.74255031920681, 91.41626550812184, 84.75790896989633, 77.70505400995127, 70.49821258594326, 64.51831493766686, 40.95981267417245, 49.32431485865316, 59.09069081808801, 58.235084219283394, 66.56845445951592, 74.43345806501142, 80.11710968705164, 83.28250299039783, 81.25668252072283, 69.71677516115547, 60.769707251251305, 55.565770148225916, 78.65375005637269, 78.15600520399595, 80.58865122892432, 85.51123407300815, 89.79934013798893, 94.74129616582749, 102.74002405080151, 102.66788258156214, 101.04244336169445, 97.73481538849525, 93.34207576938826, 86.82506827772124, 80.84272359935095, 84.8745540755828, 89.14411993294613, 93.3140225910395, 99.98652389904497, 93.3140225910395, 89.14411993294613, 85.80655769487245, 34.952717089079194, 45.754031470444, 64.28920155910022, 76.58342060859462, 90.35812675754279, 99.08045742520008, 112.26346209840686, 122.62502753842912, 145.05173908076486, 140.73847243414426, 145.09715900127108, 136.17165319718305, 130.30956793062307, 122.10595910994186, 113.82170866162008], [15.536957282415724, 9.263739457293958, 11.595347308531299, 19.520371726451188, 18.281329066193795, 19.068936288433, 22.521181882061963, 57.09812629384951, 61.80906212472739, 68.76723494797533, 77.71475327482682, 87.97377472313102, 78.95881630900723, 71.58995831133885, 62.962683932280406, 18.21018534976212, 9.338026842554163, 6.31854616793626, 13.573040536287882, 21.392449889227393, 18.509445052158508, 9.524911064356768, 0.0, 7.66738777609024, 15.217329421162077, 55.37819374793246, 61.53507615070716, 68.7617424706505, 77.48286275416875, 84.8277737470228, 83.14420670075442, 76.21669987739352, 68.98774849180734, 61.69853899525847, 55.73489905171439, 31.572214287746213, 40.467741036942336, 51.055029058918535, 51.87463565477194, 60.19653306067229, 67.56118818430171, 72.66554106431397, 75.60228039887133, 73.2577786440599, 61.064271504258826, 51.79507946718601, 46.57612646361933, 74.7097237360014, 73.06951961804279, 74.65441902618038, 79.00641031425047, 82.88608779846399, 87.68907718070888, 95.78853203656391, 96.00820522700576, 94.67083092253407, 92.02543487385458, 88.16016943622184, 82.1637888440252, 76.42199512431327, 79.29088554837554, 83.03377196209804, 86.75205083699268, 93.13794254981713, 86.75205083699268, 83.03377196209804, 80.26638987011036, 43.04463421112521, 52.1893431620385, 68.36916893262212, 78.81058960687517, 91.76987372836388, 99.43511539350058, 111.19817125999593, 118.10758539230855, 140.4312324043246, 135.14157417384493, 139.76034531960025, 130.67683633147192, 124.2241986311614, 115.9144860550742, 107.19962868112623], [9.464142425055796, 7.794525315553286, 14.559721889302631, 22.825633106364542, 19.53057069646697, 17.225575071627105, 17.852792524632388, 49.624607784131705, 54.33072158873192, 61.29271701336939, 70.28721910154363, 80.72790188819961, 71.49686729797793, 64.07751313805953, 55.46109766514781, 11.894408412372298, 6.966923436845563, 11.150018295617997, 20.63232792961478, 28.264576887224568, 25.482552274637666, 17.008452907410774, 7.66738777609024, 0.0, 7.613947716792185, 47.97159903107621, 54.21360504450238, 61.49564525062051, 70.39847666644424, 77.88199770787031, 75.91303713210455, 68.9049631089812, 61.55654603181447, 54.23794635308651, 48.22945221031731, 24.07788224545942, 33.96539753471154, 45.52863025156089, 47.367594499596436, 55.53104907106961, 62.41181911769798, 66.80382657049527, 69.25089855654255, 66.492435099583, 54.07926004500384, 44.36457741882462, 38.93503505558156, 71.76399180965534, 69.29541206231531, 70.1916530546813, 73.95516387734527, 77.32901094907824, 81.82328133377916, 89.806736594942, 90.35292343404993, 89.41929241876107, 87.43242618373297, 84.10387806438567, 78.60513989744985, 73.07441608750038, 74.9964777391902, 78.22933292819394, 81.43739510415529, 87.31129930107824, 81.43739510415529, 78.22933292819394, 75.99960957970279, 48.89785993600028, 56.53268324344337, 70.96677012611839, 79.98761685584901, 92.32335135446819, 99.18166443216992, 109.79561794260327, 114.26048342951157, 135.6762962235544, 129.5680542919642, 134.17955773867612, 124.92418171111632, 118.04026589208128, 109.70306069558256, 100.96380291801712], [8.757207331079124, 13.125676856937929, 20.83618730015175, 28.69315284903912, 24.281351474845938, 19.770800624389743, 17.09566859750378, 42.70901262113045, 47.218748955196666, 54.106309763960816, 63.20274717252366, 74.02953169051585, 64.53457847847504, 57.06541452092792, 48.498492528225675, 6.961335875951543, 10.38598213312352, 17.568444324467123, 27.869884762695253, 35.59031150081594, 32.94059265327729, 24.583848786773338, 15.217329421162077, 7.613947716792185, 0.0, 40.56804470404099, 46.87935734252513, 54.250036686728535, 63.4054873221411, 71.14729779201538, 68.90618943571326, 61.7161680461738, 54.259628018083404, 46.90108002586426, 40.93533643775924, 16.893268370413434, 28.34644138593855, 41.053425847737394, 44.625741473745, 52.46467076341856, 58.61879990068841, 62.117391190022985, 64.01536546261434, 60.73754146338353, 47.86903046084685, 37.51231011247809, 31.61362793183886, 70.6404731071574, 67.19599200345233, 67.2320388783773, 70.26658675932408, 73.03809993002385, 77.18543810281027, 85.05426895487149, 85.98790083630522, 85.50049711111483, 84.29064595516667, 81.58809960049341, 76.6999846236514, 71.4783499113182, 72.24726879714333, 74.85202048402479, 77.4526665285028, 82.7481498750825, 77.4526665285028, 74.85202048402479, 73.27637284088402, 55.40727232835179, 62.367004167316495, 75.40911134830996, 83.13181070853057, 94.79284219542909, 100.82517100725693, 110.22696955186814, 111.91717949560919, 132.4362263600515, 125.35735009467639, 129.92674994005324, 120.42833092030716, 112.92344388962901, 104.3316430646055, 95.16799050789885], [43.99335109549866, 52.02355369542609, 59.81626275469813, 66.52607342253728, 61.24689026226261, 54.35020062967956, 46.682157132494574, 17.73130266376368, 14.090223817329976, 17.326616350330553, 26.38866730473015, 40.028329054804246, 31.18168089570902, 25.598736870163282, 20.591380446041224, 38.67100248519018, 48.185505351410434, 55.93032341547265, 66.30956028804101, 73.81675164604049, 71.91848748601055, 64.31012451679092, 55.37819374793246, 47.97159903107621, 40.56804470404099, 0.0, 6.581800202260017, 14.146305962971004, 24.484203168912604, 33.668464453151486, 30.333924839727317, 22.027040847579617, 14.726977876297294, 7.849906616403154, 7.140525010316397, 28.824090974188554, 36.64751350438069, 48.00821265427691, 57.240808756591605, 60.94511333342496, 61.696956047693405, 58.30942154998695, 54.6286548028719, 47.23705357351234, 37.065638721732086, 25.364592663516024, 14.966862811330534, 83.5044093776744, 76.59172573385906, 72.54024505648829, 70.78014757638141, 68.88