{
	"dissimilarities": [[0.0, 8.183796406767588, 15.856536586631709, 26.224428342029917, 17.342683406306133, 11.17986788947182, 6.478608096425496, 41.311376643352624, 48.150444860300816, 56.56644904196782, 63.823093383375145, 72.11911009478563, 65.49156542407985, 57.28880759424333, 48.71378906673521, 17.35114447910777, 18.572878695851646, 20.986503090378562, 26.920544725860136, 34.02266672739761, 30.566041855956374, 23.594307664083242, 15.647278000930738, 9.85075320936927, 10.501198761164888, 48.43177564010824, 55.85693112565585, 61.955340055077784, 70.07682622733071, 76.26610487963734, 75.34346418727291, 68.97496061193884, 60.611641713131135, 54.26555690344538, 48.11065422023547, 18.002317782344473, 25.540929323536545, 34.3395142503638, 36.66897776901086, 45.20976176198322, 53.01076926205887, 58.261046757265426, 59.794331519659465, 55.77728356141577, 48.68212278122685, 38.8660183955739, 34.514750651558764, 65.36141484644969, 62.387841564023425, 62.02399257259904, 66.38912671697544, 67.89849908650172, 72.14951912492141, 80.53253405321024, 80.80045885232964, 79.35192869397424, 77.16915102802334, 72.71688596671379, 69.01882540106497, 65.47768077159982, 64.54542439247842, 68.17972384649154, 73.1022491419298, 78.29440728658365, 73.87169068395079, 68.8863465155953, 65.36856205949127, 54.806498671964995, 61.5922540813081, 70.7151331021336, 77.11956728141664, 90.69427310081863, 95.69360759361405, 102.22869007960703, 106.01714062644326, 113.48686758477417, 117.93441036418959, 116.85805249856833, 109.7280964310074, 106.9305727763896, 97.40506271291345, 91.18599391506196], [8.183796406767588, 0.0, 9.375414977011626, 21.98430420085184, 13.799387395377448, 11.71794864726267, 11.696917700723898, 49.02020723398647, 55.480748590915624, 63.73409318472504, 71.17011217343804, 79.86173644823451, 73.20849298360486, 64.99703737787489, 56.46102891847875, 18.084290108495665, 14.779078562327015, 14.638716036071298, 19.84346784438168, 27.664132209689438, 23.8071784914712, 15.914010194813153, 8.601908987261199, 7.100798610084996, 13.088682653182673, 54.47386160808406, 61.90102312635582, 68.12276320950667, 76.52998307745429, 83.05745208728432, 82.32069351236333, 75.68566499779976, 67.21730600490359, 60.894670274708105, 54.69245598618562, 23.61975256169408, 30.92193756938632, 38.9328407261987, 41.19916063562549, 49.74051955486913, 57.72627974531954, 63.539293621282155, 66.33211829845166, 62.736608010095715, 54.74876768867177, 45.34875980781416, 41.005544147355614, 68.77734588758904, 66.32254469096526, 66.56354253203634, 71.4531435339383, 73.43647164107122, 78.26234855205756, 87.27167281467514, 86.89856273535504, 84.86024111965374, 82.2827609849691, 77.18066580741697, 73.05050904102039, 69.18720806739901, 68.89401687212975, 73.22170909277136, 79.00230170301037, 84.79969468021542, 79.77695241068679, 73.95451619286524, 69.74255995805709, 50.06143094081466, 59.07225959048686, 70.00533806077394, 77.77614051745769, 91.92228514865188, 97.91669362355373, 105.54014394943336, 110.89437882230725, 120.28665092819878, 125.41094948524378, 124.64925278199512, 117.69548619330203, 114.9974129014917, 105.19203051069624, 97.995918337185], [15.856536586631709, 9.375414977011626, 0.0, 13.32919331213596, 7.624088800758029, 12.829921760784707, 16.461646067054108, 57.10430537942505, 63.96633905929864, 72.34993095980795, 79.61809238058433, 87.7395580454834, 81.25138199212059, 73.06189931150766, 64.47935704963461, 27.05789915506586, 21.522132681340434, 17.69111636440417, 17.43931841865851, 21.644432082290283, 17.29709083026562, 12.42622429358343, 12.785036164816939, 15.949021046170857, 22.458916906296277, 63.65790221249179, 71.04039376468278, 77.1448700803617, 85.28096245670554, 91.49164366067482, 90.78840111124892, 84.46194721665951, 76.15017044088636, 69.85046847911093, 63.68615476798015, 32.659486392327814, 38.3754480339967, 44.419671361503674, 44.39385667876557, 52.50926837314166, 61.78258690544319, 68.55911268318175, 71.73511884197035, 68.97590027349877, 61.829297390911876, 53.445500541181374, 49.963577587306155, 68.41244482869253, 67.41846925938161, 69.32954573768188, 74.83659830839402, 77.42356727564575, 82.52910131326546, 91.51652883083158, 90.42980487950354, 87.72003598469968, 84.59911971818265, 78.67891704231108, 73.59954056918039, 69.26249649341098, 70.64123889442871, 76.21849043393973, 82.80555151877867, 88.84338552166791, 83.48811313874363, 76.84744980922822, 71.38900235404762, 44.03689245814864, 51.55860959636133, 62.85181703591266, 71.66734648004075, 86.36414229196743, 93.62877317042641, 102.74495143768362, 111.69727952767, 122.77309304860705, 128.6940310702216, 128.4510306206655, 122.15167401622989, 120.24333789462736, 111.60470485990648, 105.51598697629188], [26.224428342029917, 21.98430420085184, 13.32919331213596, 0.0, 11.045639342076763, 20.126774277884792, 24.6555884045143, 65.43864302777914, 72.85221896454036, 81.39977722025804, 88.20651585997659, 95.03922033909762, 89.04373952991848, 81.09386701806783, 72.51193372594751, 39.978147444888464, 34.30809327897267, 29.21691989141215, 24.34199640316418, 20.71392629005667, 17.508398656179754, 20.512707281768268, 25.536009558182204, 28.85763429978003, 34.798665903416655, 74.34932692238596, 81.54515581928923, 87.27728457388973, 94.64957672263729, 100.03013814701961, 99.3354594318953, 93.7999407622419, 85.95245714855761, 79.77339136878399, 73.78715899282369, 44.00584423083887, 48.40910740996431, 52.50824372792962, 49.191177459621244, 56.354068372617554, 67.34144033128763, 74.97837874169765, 77.47111266995968, 75.60685994720798, 70.5711668278034, 63.1895583122087, 60.494883418936666, 67.30967548261529, 68.578347934393, 72.80470538997656, 78.73709281609588, 81.8105560068253, 86.7022175179672, 94.81294588833985, 93.24049259670616, 90.04244868807704, 86.4239054666364, 79.81226112841676, 73.49176972212898, 68.67357765040164, 72.48886827606027, 79.45577236725006, 86.41619282838528, 92.10017777641168, 86.92394722799278, 79.86512283243019, 73.01009191189544, 37.97192876960583, 39.32930492665934, 50.068072575699986, 60.06224932345972, 75.71932778823876, 84.89299512504566, 96.03626683072179, 110.64939738520462, 122.33565234877767, 128.67075924355396, 128.749295722636, 123.32916300159317, 122.56828821396074, 115.89673202071633, 112.21072696191202], [17.342683406306133, 13.799387395377448, 7.624088800758029, 11.045639342076763, 0.0, 9.451168228163382, 14.944551524378843, 56.793727952089824, 64.44871957179106, 73.02965377426068, 79.99780067509074, 87.38110440674998, 80.80465944217397, 72.52130659024773, 64.05454989901584, 31.542218765295665, 27.884273909470583, 25.08689215840968, 24.732515481220464, 26.65287009649109, 22.475710486602086, 19.740034531726714, 19.654422582979766, 20.8147767196754, 25.951299873211383, 65.60250871079603, 73.08952997800255, 79.17192727887752, 87.08617825474418, 92.88683780262029, 91.88864556422773, 85.8687703538958, 77.59236697869554, 71.21597436326702, 65.07250756291579, 34.20794605163926, 37.59591190012527, 41.76606184643525, 39.63463836849494, 47.32252546481422, 57.53990735875977, 64.87210972949944, 67.8975414740042, 65.8666662742849, 59.9584485898397, 52.802212196510354, 50.91772430079304, 61.51878738440726, 61.20453633999826, 64.05456851501889, 69.79000655981126, 72.65777410001742, 77.76639306187974, 86.57087152552313, 85.07672438948862, 82.06189772830933, 78.70486081235784, 72.49195072086646, 66.99062892296149, 62.501910823445044, 64.68816130423761, 70.87210338931929, 77.73980936511086, 83.79079962245814, 78.34719516841504, 71.40896892153009, 65.35299590008584, 47.13794990649128, 49.70648640774697, 57.714179062104044, 65.35209298442305, 79.39158249423316, 86.16412171520749, 95.16818488893787, 104.92849629056641, 116.76583840947104, 123.42790378718195, 123.95939488772225, 118.40092330214121, 117.37491022655195, 110.59755532605224, 106.70603178125178], [11.17986788947182, 11.71794864726267, 12.829921760784707, 20.126774277884792, 9.451168228163382, 0.0, 6.706999274564524, 48.18070707320782, 56.09275813496133, 64.68479523018591, 71.63723980824642, 79.18541593760777, 72.27029756897987, 63.81607868349554, 55.482159895644266, 26.282206335595554, 25.89121447707038, 26.058788502041264, 29.36191759569778, 33.98521493016582, 29.87018511627395, 24.579851903823055, 19.80608234719355, 17.257218201751638, 19.981804493282283, 57.52887038496315, 65.14884151919694, 71.36925161068478, 79.4703465020613, 85.37249506406609, 84.10685821197517, 77.91291926461932, 69.45006737867203, 62.98022876153057, 56.80382236560268, 25.978375878887796, 28.344814850933812, 32.98777512978996, 31.957256424513762, 40.1239372867027, 49.61552016092737, 56.39619830433816, 59.1547099513501, 56.75991641485446, 50.6040026207127, 43.41731770583091, 42.20399077626886, 57.40178123154299, 55.63777179487886, 57.08324009550094, 62.365943290267154, 64.80705909788723, 69.75554997035056, 78.70640983312245, 77.64018668046499, 75.09943083506549, 72.16206664908573, 66.62383792766656, 61.978396615747414, 57.93484545488804, 58.55068920367839, 63.738129887696985, 70.04428213280204, 76.01486527290373, 70.72252208501608, 64.35593632033239, 59.30614528606625, 54.865769874091235, 57.36745200428412, 63.490906157364755, 69.2457480215067, 82.09134008149489, 86.96663611415224, 94.06797514748517, 99.86043112695853, 110.63959267878084, 117.07509129076523, 117.66598721602244, 111.89493449084158, 110.60110511544418, 103.81676305247983, 100.16714641805605], [6.478608096425496, 11.696917700723898, 16.461646067054108, 24.6555884045143, 14.944551524378843, 6.706999274564524, 0.0, 41.91866763756457, 49.658631348345935, 58.25646384620136, 65.21403093429475, 72.81869055237351, 66.03245789661746, 57.67671500376166, 49.231697945013536, 22.795695383248525, 24.34189337528751, 26.079682703020048, 30.813001794337563, 36.393399473118755, 32.682919911407744, 26.779983736635486, 20.167573691647316, 15.341527945021545, 15.907050872949421, 51.348418468397625, 58.86258335548858, 64.95240953347982, 72.89078089241443, 78.71406594847332, 77.49175494389162, 71.38448068123827, 63.03610219514278, 56.61995095531139, 50.4982425431164, 20.67670300878992, 24.695256722780936, 31.33403373548028, 31.6493378239157, 40.03020814313008, 48.7960320998446, 54.69561401816495, 56.29877939260148, 53.04614013128131, 47.009331619835336, 38.62737541321275, 36.35594053076292, 59.143037238629745, 56.60927022204788, 57.002491150027005, 61.65027962555104, 63.47394423201481, 67.85133085961189, 76.26279481607864, 76.06329321576565, 74.26492666247034, 71.83167845572034, 67.06494535296, 63.02113219265165, 59.34823582934532, 58.99820055546191, 63.20333954445479, 68.51532756168946, 73.86741846578589, 69.22804534119209, 63.84335541895819, 59.768041965772746, 56.71181815177026, 60.15235901113264, 66.79164797606855, 72.19128248948756, 85.08932021978177, 89.55753665210523, 95.90466872646786, 100.14748141273914, 108.60378735752334, 113.90037734686207, 113.66048200742, 107.25821164212194, 105.33126660058345, 97.63015819561431, 93.49373784429784], [41.311376643352624, 49.02020723398647, 57.10430537942505, 65.43864302777914, 56.793727952089824, 48.18070707320782, 41.91866763756457, 0.0, 9.692469955765763, 17.87604608390997, 23.861724473147742, 31.802919830141448, 24.332102381737133, 15.989137159680443, 7.5181087914840665, 41.024001680966244, 50.5337010301233, 57.22713963711228, 65.51682156332058, 73.1976933053592, 70.62526093477989, 63.62086496638377, 53.98642721349926, 46.137322597480164, 39.08933901640802, 20.394439254704526, 25.263771049127605, 29.584774211407105, 35.75047818824846, 40.4732616948898, 38.03661891561313, 32.55146568669039, 25.123215999962145, 19.616842570620786, 15.813094343736648, 28.582483608880754, 29.741897933800292, 37.560411649638496, 43.61675653749487, 48.20081418600019, 48.640451602947, 46.82033163038135, 40.39751420201295, 31.96190458602054, 30.090567408112616, 19.5013005100444, 15.112090820634615, 71.6461830132781, 64.72730349305111, 58.482123203914036, 58.015717495366296, 55.489049450761414, 55.355692986257246, 59.33847259623398, 64.60929623716561, 67.74617559138429, 68.95233217119365, 69.81477638273864, 70.58345266983336, 69.92958386253896, 63.42913803400469, 60.46004442321658, 58.44956495252779, 59.19761759738465, 59.303875388760666, 61.162944055908845, 64.18273688679467, 90.16969517334883, 93.97539603609609, 97.98964695689862, 99.03862058275728, 108.77976470882895, 108.30008257680599, 108.08456736182843, 98.33502900089032, 93.61645637690448, 92.7940386794263, 89.0160562869274, 79.54384295624084, 73.91046102283114, 62.458410883175546, 58.16784358388358], [48.150444860300816, 55.480748590915624, 63.96633905929864, 72.85221896454036, 64.44871957179106, 56.09275813496133, 49.658631348345935, 9.692469955765763, 0.0, 8.683744085172192, 15.72814026601028, 25.899886796297974, 19.07724251149468, 12.648215261552037, 7.645968141921204, 45.30195184189053, 54.872658735212106, 61.90274513250515, 70.50538811958124, 78.67670250837733, 76.40965749862804, 69.20738324871513, 59.465804124339, 51.79372523135313, 44.56784535223844, 14.431585265887424, 16.908844158584706, 20.204190451193163, 26.10281751723892, 31.326521564213, 29.022458693678605, 22.978639789867543, 15.630386482183157, 10.71779248814279, 9.153752769085367, 34.419033147352195, 37.21836292291973, 45.73669721599361, 52.85186745626746, 57.32998964893007, 56.69469685558399, 53.84767830413514, 47.16640963641822, 38.29726799661744, 35.96309690945775, 25.516535863942817, 18.688051206547705, 80.98759029325184, 73.7395678504118, 66.80065798330438, 65.78224492925224, 62.753895961983055, 62.07085661202791, 65.25231465858775, 71.34236408111373, 75.14725702261691, 76.83229233402284, 78.31859829481472, 79.58844101520262, 79.16909170075805, 72.1404569420845, 68.38441655640848, 65.50645122448957, 65.5582469349837, 66.38077452349589, 69.11813783846824, 72.91016690667313, 95.0459370399395, 100.77634791300736, 106.19554274912166, 107.69689059154022, 117.77838467032142, 117.44418948270464, 116.98419289851685, 105.97773177249374, 98.91638925372656, 96.29890811577401, 91.03170007307943, 80.39166372536793, 73.04828957999278, 58.27376456041413, 50.4596055242947], [56.56644904196782, 63.73409318472504, 72.34993095980795, 81.39977722025804, 73.02965377426068, 64.68479523018591, 58.25646384620136, 17.87604608390997, 8.683744085172192, 0.0, 7.982520307658037, 20.20628862348277, 14.247561124407607, 11.700765065251629, 13.018516840739158, 52.574355382385455, 62.198365301253816, 69.40961731975332, 78.18729084560115, 86.57806782470146, 84.43442880905624, 77.1266803065213, 67.31466163906597, 59.7311025577715, 52.445338919987705, 15.879598011966422, 14.06846731900256, 14.627668773848209, 18.890656634923094, 23.95724058241944, 21.195722593854686, 14.901340325747713, 8.817241565184714, 7.704903215529512, 11.625430505035462, 42.30095814836811, 44.815158558616275, 52.8252155791231, 60.337401586803146, 64.27059810077692, 62.45786337162411, 58.515722830672004, 51.22406430916947, 42.233851024439055, 40.55966444913279, 31.637157837101153, 25.700109367367798, 87.73968454429871, 80.08945298374158, 72.41829842301325, 70.68246014390135, 67.08747281055649, 65.69287350827567, 67.90857889231047, 74.78086852547703, 79.30716812250859, 81.54562309337437, 83.8336112416081, 85.77234440038387, 85.74246037994632, 78.06098755251278, 73.36249645344598, 69.42966242686644, 68.67002419241724, 70.30060623920076, 74.09614385707145, 78.81938547712197, 102.56373126526466, 108.8373970501749, 114.35588691250948, 115.58872112524097, 125.3591382324431, 124.52590159004365, 123.26767645520867, 110.1761322044492, 100.8662874333216, 96.84357985222692, 90.66599597900174, 79.33383383587757, 70.79905074664289, 54.206252602839704, 44.6978927119077], [63.823093383375145, 71.17011217343804, 79.61809238058433, 88.20651585997659, 79.99780067509074, 71.63723980824642, 65.21403093429475, 23.861724473147742, 15.72814026601028, 7.982520307658037, 0.0, 12.971824296031848, 8.804043848243488, 12.00689422781495, 17.352882323810817, 60.48097727724419, 70.04938199682196, 77.15739005428189, 85.733070372528, 93.78596506483507, 91.71912917725697, 84.67485686793681, 74.9976562318853, 67.3971844055389, 60.15601692998327, 23.32826821637776, 19.785617531940368, 17.60738691046735, 17.38692153136124, 19.587452974472463, 15.834620377902624, 12.440951306524193, 12.030507356031583, 14.607201853501376, 19.485168667369496, 49.950418414302405, 51.69838241503949, 58.73964641768574, 65.59237199679065, 68.79469488797817, 66.45963607925908, 61.79328251454533, 53.2090285385294, 44.40691620502064, 44.86953121845615, 37.71478167793203, 33.30332992939536, 91.21747830482335, 83.54785956471581, 75.66060351781306, 73.24604481402801, 69.14826543068966, 66.79276828205748, 67.47115548848728, 75.20081601371437, 80.48273027371714, 83.23390203214345, 86.31260145712967, 88.71657841840523, 89.0643209821193, 81.16221047505466, 75.77753143755388, 70.6769934388123, 68.75793550732503, 71.47738376718841, 76.42857226189714, 81.83831571007697, 109.09495347628307, 114.40811611798517, 119.06362021289097, 119.5468702572657, 128.70575481752292, 127.21447041438849, 125.06253181638064, 110.61715012174565, 98.52575641106826, 93.00689568246317, 85.96766366055117, 74.1682284313651, 64.89030974897233, 47.840901067888986, 39.76627773904541], [72.11911009478563, 79.86173644823451, 87.7395580454834, 95.03922033909762, 87.38110440674998, 79.18541593760777, 72.81869055237351, 31.802919830141448, 25.899886796297974, 20.20628862348277, 12.971824296031848, 0.0, 9.185100118861968, 17.70976411323613, 24.434643196310237, 71.03237831559885, 80.29003657357535, 86.93593023721067, 94.79269536717268, 101.79035442680129, 99.86603307225666, 93.62664338211128, 84.45120857571835, 76.85523157667076, 69.86251527921587, 36.00922767640474, 32.5016162255495, 29.245322403026222, 24.929809037966198, 21.49741320238903, 17.553225856056063, 20.96704064493342, 24.50735675227768, 27.40979597079213, 31.78129286853825, 59.8459935656643, 60.71494652638187, 66.36372078929737, 71.2814704584871, 73.4593124925139, 71.39488874837217, 66.42243249352885, 55.64718523056172, 47.59940567139217, 51.9518664204298, 46.79187019614487, 44.055510926279375, 93.32400887997181, 86.26019470410293, 78.90165696109877, 75.78638471943279, 71.22491718396935, 67.39983952176341, 65.27189450836981, 74.17510352636452, 80.41388378100392, 83.70956992802337, 87.68501038297417, 90.30536607381097, 91.05340298800108, 83.59703023176787, 77.82102634462106, 71.21426188287788, 67.34383072094212, 71.82621153467652, 78.25762417998767, 84.07479758628386, 115.61670985572195, 118.33342180117532, 121.13097594397685, 120.28616222489168, 128.45995520499858, 126.1847713301632, 122.97810036900859, 108.30898561039402, 91.56457439308649, 83.51279794724023, 74.88476628112775, 62.41362772059733, 52.36564823620711, 35.923052266927556, 34.868554511666446], [65.49156542407985, 73.20849298360486, 81.25138199212059, 89.04373952991848, 80.80465944217397, 72.27029756897987, 66.03245789661746, 24.332102381737133, 19.07724251149468, 14.247561124407607, 8.804043848243488, 9.185100118861968, 0.0, 8.965445179047943, 16.854323319530273, 64.0927748674281, 73.7367370119502, 80.63610697480561, 88.92316932605016, 96.40291430948257, 94.16631450598372, 87.43514219677553, 77.87419714235642, 70.10567092757034, 62.95264639132246, 29.751533369195933, 27.658794992296322, 26.30968216570449, 25.605497241892472, 25.648071633808925, 21.48292601409913, 20.670958686285065, 20.45007551419686, 21.650631894720625, 25.17857184567429, 52.35250408213529, 52.26989759393721, 57.64121284972318, 63.160572695604046, 65.42637994206065, 62.93861138044139, 57.94988522041759, 47.911227762238134, 39.51323373893737, 42.880851257404494, 37.84985951986934, 36.12811651644891, 86.3710126583093, 78.83098936162926, 71.04787493813332, 68.12831189620074, 63.717356786444284, 60.54972694060392, 59.985254622279044, 68.22948766841866, 73.98561310782702, 77.05029148331916, 80.69541485901762, 83.39815501005366, 84.08454911624753, 76.17336585466309, 70.39860392404753, 64.42428470035306, 61.59383430498676, 65.1359805523583, 70.93704446136202, 76.74494461574778, 111.63458734550362, 114.52473698937384, 117.07801645101499, 116.30338006292415, 124.37484779727167, 121.87495561858908, 118.74094717233471, 103.28151933732926, 89.90824518583103, 84.31891882662143, 77.77252311822006, 66.46999634211281, 58.03264429036519, 44.38721685917676, 42.64903007025792], [57.28880759424333, 64.99703737787489, 73.06189931150766, 81.09386701806783, 72.52130659024773, 63.81607868349554, 57.67671500376166, 15.989137159680443, 12.648215261552037, 11.700765065251629, 12.00689422781495, 17.70976411323613, 8.965445179047943, 0.0, 8.744489929845077, 56.128715476374914, 65.91445340398893, 72.85526810641014, 81.29334015164312, 88.960996057447, 86.50454268789653, 79.53953223992136, 69.82122246119154, 61.96393248755593, 54.78686207551063, 24.706218792065226, 25.00718770431961, 26.088563590693468, 28.776429173347708, 31.234222555334174, 27.537650632417158, 24.016728880428868, 19.921879091265513, 18.242141956568314, 19.6637290252521, 43.90726549802236, 43.32654853802412, 48.83709676467082, 54.66267532996831, 57.35771412762626, 55.24634454922037, 50.86819612197985, 41.73982941614654, 32.98128634885287, 35.03027028900352, 29.125343488749824, 27.90708885070589, 79.30294163527775, 71.66378209737069, 63.99070740020061, 61.655806987890884, 57.690595678584195, 55.460181338014614, 56.64141815943655, 63.9416950723058, 68.91566325964189, 71.47518542649446, 74.3877432912896, 76.72493453734548, 77.11590925729554, 69.274342113576, 64.070194701809, 59.206219888947054, 57.63498919694519, 59.99668186885767, 64.68786920427763, 69.92404021610415, 105.13768046674105, 108.07089320181416, 110.6374554839807, 110.17750126901458, 118.47896216543924, 116.24901204457711, 113.72967580796075, 99.18014432376499, 89.24493187893728, 85.86677719568054, 80.88525959769734, 70.53731671117038, 63.50383883796574, 51.59352955495064, 49.38186530629708], [48.71378906673521, 56.46102891847875, 64.47935704963461, 72.51193372594751, 64.05454989901584, 55.482159895644266, 49.231697945013536, 7.5181087914840665, 7.645968141921204, 13.018516840739158, 17.352882323810817, 24.434643196310237, 16.854323319530273, 8.744489929845077, 0.0, 48.19590983780473, 57.73929264889423, 64.4740312401249, 72.707294743055, 80.23622532321167, 77.79074642880114, 70.94735240162473, 61.38116784339998, 53.56308167341808, 46.497263055917955, 21.43643695223945, 24.067437175956442, 26.845568663372525, 31.370467117199915, 35.022655593627505, 32.12719679718386, 27.57079465482404, 21.487880847430816, 17.45788851719056, 16.157205680824948, 35.9737753708325, 36.529151584446986, 43.288389048235615, 49.01821595552774, 52.713666437929156, 52.15153410923289, 49.17983133808254, 41.161583970961004, 32.423696505791945, 32.76436096327693, 24.256302842118828, 21.180259017866497, 75.32115184881661, 68.18555132737983, 61.403155563094266, 60.06680758945684, 56.850824580919806, 55.63979358056077, 58.12636378665373, 64.46088703926245, 68.51259574455779, 70.35113819001998, 72.17121817466732, 73.58549346085617, 73.39391827122154, 66.4027124237174, 62.451027493382966, 59.031628948032576, 58.55534262065598, 59.842549532254566, 63.09376285494048, 67.08893465940668, 96.52274924364896, 99.82649125347221, 103.22473676071259, 103.5849566206566, 112.75480319540372, 111.58144619815248, 110.38774020313366, 98.84874100755289, 91.3028889185871, 89.03833223235496, 84.43325188372542, 74.40231309181681, 68.03447059954306, 56.0972421998777, 52.70002523080044], [17.35114447910777, 18.084290108495665, 27.05789915506586, 39.978147444888464, 31.542218765295665, 26.282206335595554, 22.795695383248525, 41.024001680966244, 45.30195184189053, 52.574355382385455, 60.48097727724419, 71.03237831559885, 64.0927748674281, 56.128715476374914, 48.19590983780473, 0.0, 10.661668928344943, 18.76712286315814, 29.450536571434686, 40.77671082479744, 37.719437702275265, 27.910541085445068, 17.0763002807431, 11.14010504868509, 7.028456130150563, 40.433500379329836, 47.759901119736014, 54.3427624910788, 63.73203838828737, 71.45117369178912, 70.84472365728456, 63.132455185015935, 54.274763329483385, 48.10964448006799, 41.975026160809776, 14.083387347878348, 25.61432595183814, 37.34563227765151, 45.0190911521415, 53.49977436655501, 57.80928275236763, 61.225397904238996, 63.98201195479584, 58.71100921314505, 47.97752354414369, 36.49332523858593, 29.29354342130108, 77.05947866769965, 72.05886188785183, 69.01119236923711, 72.61081462811144, 73.43584791009734, 77.85727296049612, 87.1301063836144, 87.94908823942912, 87.06946341734123, 85.51658903937486, 81.93099326371473, 79.70889358736179, 76.77184523624636, 73.39009398765951, 75.19705412352417, 79.52136377905191, 85.03474036460499, 80.4928271952709, 76.1629686989598, 74.44107312492918, 62.634220433933535, 75.69234247952832, 87.3888926176587, 94.36813587226771, 107.80085730767578, 112.13963602146029, 117.59573049933644, 116.5394503525845, 123.56754985432794, 127.30265816821809, 125.55968432433616, 117.2732446254479, 112.73359381975303, 99.79285871223856, 88.70788867664216], [18.572878695851646, 14.779078562327015, 21.522132681340434, 34.30809327897267, 27.884273909470583, 25.89121447707038, 24.34189337528751, 50.5337010301233, 54.872658735212106, 62.198365301253816, 70.04938199682196, 80.29003657357535, 73.7367370119502, 65.91445340398893, 57.73929264889423, 10.661668928344943, 0.0, 8.354263367727697, 19.37018138209077, 31.417213160003048, 28.55022167789737, 18.51003843906341, 9.0407899249419, 9.020255626824497, 12.680733664577415, 50.159633067725586, 57.15785367885607, 63.429455413910794, 72.43712253989091, 79.95874885057613, 79.69945122755824, 72.28328435765013, 63.76710954822879, 57.787373618666805, 51.783439430237586, 23.81030440033172, 34.414813633188096, 44.85181595782019, 50.80954571193025, 59.44612137210558, 65.10776967438876, 69.53582457931644, 72.79858628265717, 68.05987091780322, 57.72451952843892, 46.74615309968721, 39.7012793237686, 81.01997087772921, 77.20495832646743, 75.56315447813557, 79.85272605190924, 81.25469831132298, 86.04373521772158, 95.43708220363936, 95.71141284770135, 94.23537800726046, 92.16559509722705, 87.74275753995016, 84.60361248755639, 81.14290332694874, 79.18553480670562, 82.1808587431568, 87.35003450231493, 93.16082247907832, 88.26464174965822, 83.08718365797176, 80.18348537042705, 53.73258731319552, 69.28169094320963, 83.39562896732872, 92.09990622824509, 106.62669178168018, 112.63811394457964, 119.81183312085217, 122.33241419534387, 130.67393770719406, 134.73877718614872, 132.9374300699686, 124.79859582662938, 120.50535204882381, 107.45047866413184, 95.93535597235824], [20.986503090378562, 14.638716036071298, 17.69111636440417, 29.21691989141215, 25.08689215840968, 26.058788502041264, 26.079682703020048, 57.22713963711228, 61.90274513250515, 69.40961731975332, 77.15739005428189, 86.93593023721067, 80.63610697480561, 72.85526810641014, 64.4740312401249, 18.76712286315814, 8.354263367727697, 0.0, 11.122632417556785, 23.480955608932913, 20.71328156066629, 10.817403265316225, 6.393504767012378, 12.636114113365627, 18.97415568799903, 57.90296122160421, 64.78520361090516, 70.84848789165262, 79.48731530327574, 86.68708469388648, 86.57788851741144, 79.50401409913994, 71.22122001370084, 65.2957279826106, 59.33136819004921, 30.899930645504057, 40.76752381104888, 50.168256131665196, 54.499919617426244, 63.10121772705903, 69.91535907606226, 75.1263496967925, 78.52492928676463, 74.25245639545471, 64.56862691705861, 54.01463162590068, 47.32477996707354, 82.7438625600094, 79.99379680969622, 79.58034601722086, 84.36029431286225, 86.19061921999443, 91.16252100666954, 100.48836353345975, 100.35346864595587, 98.43780180763069, 95.97228359533366, 90.93253449979703, 87.03844515983955, 83.18904624962572, 82.47409528884894, 86.41853929246045, 92.1572787736312, 98.08995369182405, 93.00812607067357, 87.25076028443947, 83.40243934240296, 46.23342082157838, 62.960537147182905, 78.6104340029667, 88.52113032193729, 103.78872738826574, 111.07870746412942, 119.57955679046391, 125.16646257381304, 134.40859292821114, 138.77714749835636, 137.03683804310018, 129.17064851996312, 125.28004635880528, 112.64845853950551, 101.57186701944865], [26.920544725860136, 19.84346784438168, 17.43931841865851, 24.34199640316418, 24.732515481220464, 29.36191759569778, 30.813001794337563, 65.51682156332058, 70.50538811958124, 78.18729084560115, 85.733070372528, 94.79269536717268, 88.92316932605016, 81.29334015164312, 72.707294743055, 29.450536571434686, 19.37018138209077, 11.122632417556785, 0.0, 12.706144406445604, 10.643352681483263, 5.592723933262665, 14.015262482282488, 21.355533437426725, 28.358126236244924, 67.55163584283633, 74.24274865769455, 79.97634113432888, 88.02378289902015, 94.69285545290175, 94.77816711768973, 88.25259088213072, 80.35183558683579, 74.53499303296505, 68.66986201587551, 40.41393363100355, 49.73914239311049, 58.12774332525775, 60.43477188965509, 68.83247988982303, 77.00662675417817, 82.99504557553361, 86.1466709737714, 82.33228657063901, 73.72578599574135, 63.49776017743606, 56.9878404643552, 85.79634289384, 84.47437810206458, 85.58984630575631, 90.82512222992177, 93.06082996402756, 98.04826761237281, 106.99005155620725, 106.53192179274409, 104.22688134166707, 101.35931350436017, 95.70314455667231, 90.89382632595597, 86.61978276484574, 87.50557777883891, 92.50762720855187, 98.69047076437616, 104.5299842505813, 99.44669936882407, 93.22272161969344, 88.31741779102015, 35.71695863613291, 54.04593386832081, 72.02999403545293, 83.5930254078494, 99.89990626679787, 108.98374286969248, 119.22535266929302, 129.02111724589855, 138.76541392918557, 143.2176470735239, 141.3521016266993, 133.78603070439456, 130.3728783302161, 118.28999926661035, 107.95396798883527], [34.02266672739761, 27.664132209689438, 21.644432082290283, 20.71392629005667, 26.65287009649109, 33.98521493016582, 36.393399473118755, 73.1976933053592, 78.67670250837733, 86.57806782470146, 93.78596506483507, 101.79035442680129, 96.40291430948257, 88.960996057447, 80.23622532321167, 40.77671082479744, 31.417213160003048, 23.480955608932913, 12.706144406445604, 0.0, 4.779814482092166, 14.403717809914005, 24.7839686261699, 31.39977818384209, 38.355572613867956, 77.3257099609422, 83.87162490064846, 89.2522491723023, 96.57100140960478, 102.48483161086418, 102.65911252553549, 96.86067490589566, 89.39090189163024, 83.66280152565004, 77.91191276496696, 50.020956267521406, 58.58246141168204, 65.84563013500632, 65.81290541364899, 73.77793929859017, 83.3927829794108, 90.1039636533921, 92.63797801993022, 89.3633492253255, 82.32266748804717, 72.56138651098004, 66.48331699308308, 87.44719926528266, 87.77891686305236, 90.59478674227798, 96.18228485784523, 98.76887524229792, 103.58080482701517, 111.81489633203273, 111.09657816538073, 108.47634575880328, 105.24293874020456, 99.06504527755895, 93.29704747816547, 88.6461704828027, 91.33153397671303, 97.38653939464065, 103.82832632673677, 109.35088347210761, 104.45731138298083, 97.94094029072534, 91.98039213008532, 24.224856036472254, 42.3766091062729, 62.614042981791386, 75.7983701708926, 93.13190283264134, 104.1313733345073, 116.17754187036677, 130.7828473601416, 140.6203904497284, 145.0843651074213, 143.13975876400184, 136.07929983347458, 133.40904048941093, 122.52207203306149, 113.87642197221528], [30.566041855956374, 23.8071784914712, 17.29709083026562, 17.508398656179754, 22.475710486602086, 29.87018511627395, 32.682919911407744, 70.62526093477989, 76.40965749862804, 84.43442880905624, 91.71912917725697, 99.86603307225666, 94.16631450598372, 86.50454268789653, 77.79074642880114, 37.719437702275265, 28.55022167789737, 20.71328156066629, 10.643352681483263, 4.779814482092166, 0.0, 10.636696037607352, 21.18863570421376, 27.910726350156743, 35.07934189557332, 75.07786469872894, 81.86092517947667, 87.47165044867965, 95.08761696875624, 101.1704130158848, 101.14914642971837, 95.13629907894273, 87.40098796815428, 81.51026990711134, 75.62326557458854, 46.713987223734016, 54.65972664024724, 61.55761170242703, 61.553908874857164, 69.51987756669556, 79.03941553066264, 85.84464441135322, 88.76348675863066, 85.67745997224442, 78.43446884166129, 69.04366632832172, 63.55883826925314, 83.45819976807739, 83.57704853226399, 86.28057950151259, 91.93534215689708, 94.60674244668243, 99.59812041214727, 108.14558715141482, 107.20935511568238, 104.45106986011234, 101.1703681592242, 94.93437667281349, 89.2601981620949, 84.6316035950452, 87.12142933860189, 93.17924725609609, 99.81454002432508, 105.58337253245648, 100.45819775757167, 93.75691056763723, 87.79808302949296, 28.65920015649324, 44.13628414036712, 62.45173761160233, 74.87395777975219, 91.66014781754326, 101.94709117668121, 113.50494827746904, 127.02430422165052, 137.6105476977766, 142.606319653397, 141.17801036477798, 134.34655483547513, 131.890375096289, 121.51397931766631, 113.3147051384766], [23.594307664083242, 15.914010194813153, 12.42622429358343, 20.512707281768268, 19.740034531726714, 24.579851903823055, 26.779983736635486, 63.62086496638377, 69.20738324871513, 77.1266803065213, 84.67485686793681, 93.62664338211128, 87.43514219677553, 79.53953223992136, 70.94735240162473, 27.910541085445068, 18.51003843906341, 10.817403265316225, 5.592723933262665, 14.403717809914005, 10.636696037607352, 0.0, 11.08254453044219, 18.600948758232686, 26.018729125612534, 66.77557326347336, 73.78076407440189, 79.751091058694, 88.013600350656, 94.69329436868472, 94.50400689306392, 87.88508641045809, 79.72205418472775, 73.69138041497744, 67.66111268764989, 37.92276207027232, 46.09013489753028, 53.69880017068424, 55.53912484092367, 63.85100791898704, 72.21287842546404, 78.49677565799468, 82.02059909351466, 78.60216898435418, 70.1062922537473, 60.53994780011314, 55.072217552081284, 80.51138200933278, 79.23429647952285, 80.54894048733864, 85.94359740394248, 88.36643670449172, 93.54864571331758, 102.74087073311293, 101.93384268516523, 99.38188861775203, 96.3782796607722, 90.54896755866702, 85.67572203918819, 81.36752506303695, 82.35243306922158, 87.57219624094286, 94.05929235732609, 100.14954891782202, 94.80570824776704, 88.28195326426035, 83.16545722904411, 38.47193970254604, 53.624337260192384, 69.62120423333604, 80.45057204311503, 96.1879577712991, 104.69143887296005, 114.61643579052179, 123.9715879047984, 134.6856700208859, 139.8521908311174, 138.68013254206645, 131.57065979894256, 128.65841025269944, 117.65985370432266, 108.50631458038815], [15.647278000930738, 8.601908987261199, 12.785036164816939, 25.536009558182204, 19.654422582979766, 19.80608234719355, 20.167573691647316, 53.98642721349926, 59.465804124339, 67.31466163906597, 74.9976562318853, 84.45120857571835, 77.87419714235642, 69.82122246119154, 61.38116784339998, 17.0763002807431, 9.0407899249419, 6.393504767012378, 14.015262482282488, 24.7839686261699, 21.18863570421376, 11.08254453044219, 0.0, 7.984689375522131, 15.350139000692076, 56.52081324129904, 63.7446421232137, 69.99407963034788, 78.70032932705328, 85.73327291431391, 85.31065447596508, 78.29427533294749, 69.80480604607204, 63.64270866998775, 57.505730883774234, 27.2537578969168, 35.927395543026016, 44.65280837037533, 48.33945781074494, 56.914779764794204, 64.09291341795857, 69.61588670812063, 73.09431748275357, 69.19296800526409, 59.92985731769871, 49.99109346388024, 44.472553722653196, 76.35293030558988, 73.6593607497257, 73.4736053752442, 78.36754794619003, 80.3343702781834, 85.38718521442647, 94.79091379127442, 94.41080598015074, 92.33445003735092, 89.77202498725744, 84.6301945911592, 80.66131615903724, 76.79800383792863, 76.19843927630481, 80.33723767484352, 86.25438597757072, 92.30083659062517, 87.08401520806197, 81.14615113306907, 77.11221171391381, 48.14060244284001, 61.57770722292981, 75.128225169295, 84.13461787438521, 98.81981112464521, 105.47495995174015, 113.57328255696781, 118.82425234374392, 128.61418610375887, 133.54988158358586, 132.42208030398268, 125.02624375902042, 121.70229287626927, 110.36577609817263, 100.9255401390291], [9.85075320936927, 7.100798610084996, 15.949021046170857, 28.85763429978003, 20.8147767196754, 17.257218201751638, 15.341527945021545, 46.137322597480164, 51.79372523135313, 59.7311025577715, 67.3971844055389, 76.85523157667076, 70.10567092757034, 61.96393248755593, 53.56308167341808, 11.14010504868509, 9.020255626824497, 12.636114113365627, 21.355533437426725, 31.39977818384209, 27.910726350156743, 18.600948758232686, 7.984689375522131, 0.0, 7.52443902137508, 49.29044506362167, 56.68163860540506, 63.03184171928195, 71.81044550206218, 78.81555837949516, 78.17819231326997, 71.1234969407919, 62.50788376421809, 56.234893711434594, 50.029677283059485, 19.356628890093724, 28.656299622560308, 38.35612781636855, 42.886379762964765, 51.549942151650676, 58.16029010995896, 63.1157268945537, 65.97661014181658, 61.69521866138491, 52.52321786177558, 42.1948497733133, 36.65296285655787, 72.54618547143008, 69.07477984728655, 68.0255009249603, 72.46796101579412, 74.02968999649265, 78.75296468887566, 87.93222385638755, 88.01308950063068, 86.4003928235371, 84.19778209940297, 79.63810693490599, 76.2252489203047, 72.69373958236118, 71.18861513922099, 74.575034525851, 79.85535700405535, 85.59196275884901, 80.71290636645192, 75.407529209507, 72.12638014792061, 53.864430582676675, 65.2296001285975, 76.90802612155791, 84.5582233249972, 98.54350760077607, 104.01405103760233, 110.89195453774988, 113.86080368576016, 122.38372926267982, 126.93859059047597, 125.72484749097723, 118.1858993410347, 114.70847485720354, 103.50043455303741, 94.57943124905742], [10.501198761164888, 13.088682653182673, 22.458916906296277, 34.798665903416655, 25.951299873211383, 19.981804493282283, 15.907050872949421, 39.08933901640802, 44.56784535223844, 52.445338919987705, 60.15601692998327, 69.86251527921587, 62.95264639132246, 54.78686207551063, 46.497263055917955, 7.028456130150563, 12.680733664577415, 18.97415568799903, 28.358126236244924, 38.355572613867956, 35.07934189557332, 26.018729125612534, 15.350139000692076, 7.52443902137508, 0.0, 41.971323091857485, 49.474187638348084, 55.93188472177229, 64.8650431957595, 71.98160137269818, 71.19106776433766, 63.98304277642358, 55.23225033626719, 48.89530797464982, 42.64849215284351, 12.072384817322344, 23.08147067197673, 34.2775846361407, 40.27378338525064, 48.8696630852507, 54.40898098135515, 58.4625356918945, 60.66289404782612, 55.76813404816554, 46.36935889061217, 35.285481437453086, 29.14713921690091, 71.56275129212801, 67.15512906331719, 64.94221575305778, 68.77300198991897, 69.79540523707873, 74.12113395406037, 83.06263998923839, 83.7451684620162, 82.72030570762618, 80.98349128215627, 77.15843222589953, 74.4797229570426, 71.37178615517637, 68.72362709488108, 71.09401632698028, 75.56012936490136, 80.92726262262929, 76.46379835695852, 71.97062813420932, 69.69854878088474, 60.00716543284475, 70.54271427332738, 81.04088830063884, 87.60092571528945, 100.94790888943736, 105.32918205356668, 110.98004030128827, 111.3480388591056, 118.37391787775044, 122.3440168387996, 120.86057781429186, 112.99370923820726, 109.10594571594586, 97.52061251527468, 88.47383126333754], [48.43177564010824, 54.47386160808406, 63.65790221249179, 74.34932692238596, 65.60250871079603, 57.52887038496315, 51.348418468397625, 20.394439254704526, 14.431585265887424, 15.879598011966422, 23.32826821637776, 36.00922767640474, 29.751533369195933, 24.706218792065226, 21.43643695223945, 40.433500379329836, 50.159633067725586, 57.90296122160421, 67.55163584283633, 77.3257099609422, 75.07786469872894, 66.77557326347336, 56.52081324129904, 49.29044506362167, 41.971323091857485, 0.0, 7.9909101711709285, 15.121823079713039, 25.38602802869271, 33.909767909493645, 32.59320413024362, 23.752285144779542, 14.381274642035764, 8.818240520603016, 5.329849378451231, 32.52064652591652, 37.474275987160645, 47.77714756153856, 57.58388942453883, 62.97607721224349, 61.43029914450855, 58.624702404350444, 54.98013300824414, 46.262858287955524, 39.106663942487735, 27.28127953019966, 17.057923045811, 88.54441718109439, 80.67592928298161, 73.03656