{
	"dissimilarities": [[0.0, 8.462309188567916, 16.52850997917096, 25.792330170765325, 18.30630271971263, 11.62785155848001, 8.287540474847832, 42.99786211442496, 49.38155108243657, 56.64803071624469, 64.28236278072178, 73.13846478745522, 65.10129084324502, 57.9096710075481, 50.59931678328218, 15.553655913372072, 13.939561306675365, 17.360746956683776, 25.324701138212884, 34.415414725970265, 30.648262565689528, 22.21450385298803, 14.149589288631454, 7.234931023110382, 9.233167370767248, 45.46105530288603, 52.465516804776506, 58.37253306854382, 66.71335190967432, 73.09716394939345, 72.57275280936406, 66.24706864396502, 57.97718857464562, 51.72888960855957, 45.280750993744064, 18.107725031660078, 23.768003860566264, 34.595533339642095, 37.36642876720373, 45.59259624652688, 53.550158515901785, 58.75571366841879, 59.49858243166891, 55.959577910535586, 46.367406037486376, 36.57166282110413, 32.96729813510482, 65.26078271973205, 58.42067282126762, 58.60997924867764, 64.04625412582226, 67.17131785478237, 73.35153650316896, 81.81568755419705, 85.09354403008572, 83.74067216328162, 82.30508097303627, 78.21755921044738, 74.61577068258829, 66.36948140000003, 62.5285415259963, 67.7380028704931, 71.7119349300198, 78.7998199793059, 74.78110571046342, 71.86229856309147, 69.0598117792984, 59.86882657229249, 63.899015486064265, 72.97210363487824, 79.31961341908546, 93.14586654769543, 103.23195153442467, 113.65314249473363, 109.27342456054777, 128.90321169296732, 119.776939208838, 122.63629371701145, 114.84408990313335, 108.71031089867446, 102.63676358177513, 94.11143601651271], [8.462309188567916, 0.0, 8.941244442232131, 19.165362051998546, 12.447141640647502, 8.948419527001679, 12.431486141741297, 51.41463321256765, 57.8301126011067, 65.07760746884675, 72.73336439854955, 81.51678424758106, 73.54161184924423, 66.3437026681485, 59.01661283972376, 19.628543718221458, 13.848057055294582, 12.413977522414724, 18.540934298075005, 27.536288192028024, 23.258079048459205, 14.45468451538452, 8.033810576257883, 8.026408709598211, 14.265429090264828, 53.540264766165684, 60.585411246299124, 66.55066133518339, 74.9047909224637, 81.32792787333909, 80.90461527217514, 74.54255370866142, 66.27150219035745, 60.047982762717304, 53.66791770405456, 25.87825935149337, 30.554099444335613, 39.69140006491282, 40.43171664057554, 49.029341602934274, 57.68035993292789, 63.91670926033599, 65.76167094237276, 62.876168230045785, 53.32346789591792, 44.18757282165051, 41.14612968576066, 66.82036178952147, 60.941856153275104, 61.96543411482564, 68.21344114049566, 72.13124029236869, 78.95989408012382, 87.56477592815988, 90.31871582812781, 88.27874927774411, 85.92543038593831, 81.01895191022707, 76.815217141181, 68.57055909687332, 65.74882395497868, 71.7531337518282, 76.45500787305046, 84.22696287460619, 79.38688006950133, 75.71845980494474, 72.07603428592108, 54.44266389798983, 59.124510117372886, 69.48954316599983, 76.85978081545649, 91.27016990514139, 102.33457273271787, 113.88066150885459, 112.12187006256863, 133.6897388963725, 125.70392880377734, 128.8498909211191, 121.52326367580295, 115.97068608142311, 110.18087463796535, 101.7328672192285], [16.52850997917096, 8.941244442232131, 0.0, 10.456187750598255, 6.416989023686265, 9.890905149069116, 17.065538300557087, 58.37413325312606, 65.39336841936266, 72.76181504909894, 80.07328155469949, 88.2509213341321, 80.56113267870901, 73.37796983811539, 65.95212081725818, 28.385371398136893, 21.464978520261255, 16.29008412127847, 16.476893254249877, 21.447990469709023, 16.781300418795738, 11.721017149878337, 12.659470294655538, 16.812502640112, 23.20056709557473, 61.98213664038122, 68.93197415151324, 74.73328611001959, 82.80424699476889, 88.92094987029594, 88.52123830360605, 82.4641697681544, 74.35668138191443, 68.13586379202277, 61.6002845583112, 34.27355730706203, 37.38368133045852, 44.95077203317961, 42.13671450758792, 51.131028463233676, 60.723793456289776, 68.14770445642723, 70.36523016912749, 68.11443079463751, 59.68694713819595, 51.54916274843629, 49.35234956558733, 65.78465010111016, 61.589294612740204, 63.70153196638089, 70.70243568509292, 75.28141903665103, 82.32182290709305, 90.60162100715623, 92.77583803271756, 90.29875956339221, 87.04364133908354, 81.39001456844045, 76.46436264683996, 68.17497708894558, 67.02816717200648, 73.7441510808303, 78.98351965558676, 87.0278901909648, 81.50717743800496, 77.16509438319548, 72.593295633743, 48.84820268884763, 51.54086597361186, 62.12593886138982, 70.2649340586975, 85.21082400389554, 97.17517161736808, 109.81658345678105, 111.87622497837431, 134.24733328675575, 127.71551328878422, 131.03464545855692, 124.4125547657011, 119.89221952468834, 115.12961694884619, 108.23492620204206], [25.792330170765325, 19.165362051998546, 10.456187750598255, 0.0, 9.916796352922097, 16.947101472991807, 24.080956991611814, 65.17503686719354, 72.85888529070066, 80.32658056166672, 87.10406014494447, 94.39241377121853, 87.18456467803234, 80.11803890106466, 72.63536650449954, 38.67038487700722, 31.535818035337122, 25.182925452256292, 20.807836256972276, 18.3318055677242, 14.525885525738145, 17.405215688178846, 22.50438797190959, 27.14075939152488, 33.35872677206026, 70.7638053885039, 77.4991293386731, 83.00009862530011, 90.5929879907768, 96.22167729475774, 95.85450280845575, 90.2853731048397, 82.48465767032899, 76.32315324904022, 69.62169310717104, 43.47483344841839, 45.308448477463955, 51.62871557368472, 45.036481299500224, 54.21391789126728, 64.65571645862515, 73.12339960411235, 75.18540734218763, 73.47164181452666, 66.67671458492431, 59.53467888432587, 58.00421768354675, 64.7797333131159, 62.80835895478282, 66.08233809892748, 73.65337277611945, 78.69540235428931, 85.56514941161414, 93.15263786118537, 94.75093262770108, 92.07815787013617, 88.01646483675346, 81.7456341427531, 76.06998934455257, 67.77923437595501, 68.72892332771468, 75.97829012188424, 81.52992484281596, 89.45913935614318, 83.46629277916149, 78.5907938970648, 73.11438098790352, 43.53393162645551, 42.023466131455194, 52.403803412414625, 61.4915061263471, 77.15294855172662, 90.11734365953272, 103.95082808366304, 110.9623897526297, 133.01625901345176, 128.1016338204254, 131.35855311609126, 125.5100930958898, 122.21981003481059, 118.72620255304928, 114.00750897289751], [18.30630271971263, 12.447141640647502, 6.416989023686265, 9.916796352922097, 0.0, 7.778730585403765, 15.908574387386535, 57.948733869792356, 65.58172378473678, 73.04136913244862, 80.038946419493, 87.83844775474165, 80.08615397687578, 72.78174169846763, 65.37396019604893, 31.69283829801348, 26.086933407946233, 22.199571447793197, 22.71715620541852, 25.731667384625837, 21.16764186854601, 17.82334862985107, 17.929668880605522, 20.13836195231998, 25.78752264184105, 63.05244440190697, 70.07485201750934, 75.85367428355292, 83.93525126287965, 89.86169383951406, 89.17876689047402, 83.29337921144719, 75.12536472338381, 68.78021423201392, 62.06691126529653, 34.97409839232267, 35.884988018095406, 41.95464978287358, 37.00606068070959, 46.07093947001571, 56.060389074834696, 64.10691677748595, 66.6193556374329, 64.9327092099493, 57.355160760454034, 50.397489854608175, 49.728279326709966, 59.59876840926831, 55.865275581755604, 58.38289560123734, 65.67751256692655, 70.57598309049324, 77.78962475666918, 86.01004355090873, 87.83320209313646, 85.04798341920528, 81.41296052704973, 75.51246913875922, 70.40318501165935, 62.13685442198446, 61.50425793300914, 68.48536089724011, 73.98121324642342, 82.26211577426692, 76.34399416052568, 71.69683680915544, 66.80421146393923, 52.33811848691969, 51.13380051090477, 58.80307843018584, 65.66061121080708, 79.94277085268888, 91.50503501804782, 103.89192267464529, 105.83075355230874, 129.3469405866717, 123.50417970148568, 127.58282710170805, 121.7268562331582, 118.01068336899515, 114.74763219598145, 109.62136350603683], [11.62785155848001, 8.948419527001679, 9.890905149069116, 16.947101472991807, 7.778730585403765, 0.0, 8.435895209864272, 50.49136410791711, 58.00968081365855, 65.45010378279, 72.54305455766955, 80.60021547118497, 72.65445541527887, 65.29817690869614, 57.92200081332958, 25.945416006718144, 22.18361848212435, 21.182096948957696, 25.163493668364673, 30.786275875826504, 26.41684851723237, 20.548644482358, 16.546478951080736, 15.093142097197289, 19.544130941683463, 55.42607530941441, 62.48731927723299, 68.3108903562568, 76.51840148899998, 82.53619183751107, 81.74676468566031, 75.76393543942322, 67.50684234623516, 61.123047844536266, 54.411578591477735, 27.3729025229503, 28.421463081224985, 35.64012585896079, 32.916424180360295, 41.889137208591286, 51.326553196714165, 58.526943168706204, 60.47788606250932, 58.293731340836764, 50.22865957857977, 42.774154699324704, 41.98255375806086, 58.20703297517126, 53.04408412538253, 54.65577578405746, 61.32050671981871, 65.62680611715908, 72.55532028103306, 80.9508699553315, 83.26683241459361, 80.94633449534074, 78.12752417040686, 72.9293854326003, 68.43785582731003, 60.11730280632774, 58.11358466267713, 64.46999884859547, 69.45352344438447, 77.40885281458824, 72.09887507922383, 68.06063461982704, 63.97049455856102, 57.17940769309787, 56.81843903159594, 63.75531615267028, 69.63447879063115, 83.30366289263979, 93.87677321515957, 105.12442732095106, 103.73105759831435, 126.19932641874405, 119.16614907390084, 123.15404583414522, 116.82891621603885, 112.45070335789089, 108.78147513528877, 103.14152615505262], [8.287540474847832, 12.431486141741297, 17.065538300557087, 24.080956991611814, 15.908574387386535, 8.435895209864272, 0.0, 42.090565496758664, 49.71703161129822, 57.186491997613885, 64.16529081357542, 72.16763374283276, 64.25611888761837, 56.93531384070655, 49.53633129443021, 23.09208332264712, 22.07245539899497, 24.07530402431911, 29.96672161493489, 36.42596618930059, 32.59359656966971, 26.255327566491736, 20.135629290879113, 14.840041903317324, 16.50181368173953, 47.818539239538815, 54.72011167800103, 60.378155672859705, 68.42793138569556, 74.31030251826961, 73.46257394697683, 67.6144641237741, 59.4644083999704, 53.1081916463421, 46.321900543995056, 20.761125946511577, 22.168962476733277, 31.29459343353841, 30.512907019807393, 39.21244517430429, 48.00936502921981, 54.12573359660199, 54.6691241330922, 51.7015122834294, 43.80746790585104, 35.69307500572122, 34.40274614389824, 57.552798171755306, 51.43243172166815, 52.15122553661332, 57.926138081679916, 61.32884400070814, 67.45658284938757, 75.61755856760921, 78.5420560810073, 77.06498462979194, 75.27642073564121, 70.99156209609885, 67.12547864897262, 58.74489110855783, 55.72190090702568, 61.19702202988971, 65.337568694543, 72.45118769179277, 68.09040726882202, 64.90234157150823, 61.72007564299047, 61.445811297120635, 61.180746153373846, 67.37025607461527, 72.45426843379902, 85.66512956218959, 95.29743138711235, 105.4374187590312, 101.68844400079037, 121.6165468262979, 113.33592353741076, 116.82829287332851, 109.91168214687366, 104.90099653188233, 100.83744631703945, 95.1832297095494], [42.99786211442496, 51.41463321256765, 58.37413325312606, 65.17503686719354, 57.948733869792356, 50.49136410791711, 42.090565496758664, 0.0, 9.91287998063252, 16.878655825975414, 22.31509569751286, 30.56694672353189, 22.207043296737773, 15.082026614931063, 7.657066370388139, 43.29234293958614, 50.40918791342242, 57.87424491277303, 66.34713258153188, 74.106230452, 71.52404098306764, 64.60157049819992, 56.23071766934914, 47.57281829679727, 42.229791352138236, 19.544733101082397, 21.905013510057053, 24.54154033824175, 30.4460598405014, 34.91134904563232, 33.03089487389672, 28.511888298562422, 21.99477529975164, 17.048605804187098, 11.607492182830104, 29.585805193546634, 30.134844894342546, 38.10813946717932, 46.78371505778176, 49.216479663513226, 50.59024638555868, 48.08293039085807, 39.85665632781479, 31.991430313940675, 28.68172816071664, 21.548633384556293, 17.65956488348436, 70.49555442610331, 61.38962695281857, 57.55937115666232, 56.92333975505236, 54.27495402203252, 54.1927728020019, 59.613148856352765, 65.92089450384913, 69.43426761060955, 73.66574961634082, 74.82485483069543, 74.87340521955444, 68.26924093854653, 60.76713138067874, 60.18788237496934, 58.66109038410491, 59.41478998494908, 61.6495076346934, 63.89751771324159, 66.26365625522142, 93.75221934982571, 94.03300716228848, 97.0337854170928, 98.56741770300782, 108.50465450075339, 113.31187594844732, 117.57000765169991, 101.12197570225362, 107.12278883021675, 91.60259396697084, 92.36042789021457, 82.03334747843664, 72.49929679174149, 65.68635243730938, 59.44169167104565], [49.38155108243657, 57.8301126011067, 65.39336841936266, 72.85888529070066, 65.58172378473678, 58.00968081365855, 49.71703161129822, 9.91287998063252, 0.0, 7.5259606136479995, 15.129473059899608, 25.88850849794835, 17.229941646103192, 11.593081594638937, 8.43350183993814, 46.827806347162436, 54.69756742987792, 62.809944539945285, 71.83037458356816, 80.49178229368333, 78.0207372993749, 70.46733000609787, 61.702603913343275, 53.01430026119267, 47.09871974779138, 14.014572490243822, 13.323952382440618, 14.816960230927597, 21.020005852254013, 26.334908794803372, 24.415194901944727, 18.916989237116933, 12.11930425438878, 8.051710801807214, 6.388605365245296, 34.44384180114318, 36.62266214606969, 44.56494741984454, 55.48462541995079, 57.380502038383995, 57.6040095050074, 53.6479197115442, 45.48160150563339, 37.3875512696025, 33.12611882997573, 25.905347618697785, 19.983394364990225, 79.43015593241863, 69.68164401012515, 65.25320844446587, 63.888102557126324, 60.59810153290666, 60.016314666385746, 65.23345262930721, 71.95331306657741, 75.88867653764314, 80.87531944065574, 82.63417571314457, 83.22433484819898, 76.98197998053446, 68.64480696729254, 67.42574167416072, 65.3571696492355, 65.50655698961265, 68.57585384703147, 71.4229554897582, 74.46288914832844, 99.7420053597344, 102.196276393948, 106.40840269376953, 108.34749775327482, 118.388569079669, 123.06352548292703, 126.93366538727685, 108.43158739269772, 112.92419724873564, 95.95661290261162, 95.87509737712847, 84.47685812036163, 73.17185055903043, 63.63507510725887, 53.349929876502266], [56.64803071624469, 65.07760746884675, 72.76181504909894, 80.32658056166672, 73.04136913244862, 65.45010378279, 57.186491997613885, 16.878655825975414, 7.5259606136479995, 0.0, 9.091053482355992, 21.143663054908174, 12.933007588475935, 10.45863395396746, 12.428449943022375, 53.20063431687165, 61.31367230156506, 69.61414096809628, 78.76595766244903, 87.61855736912237, 85.21941280624611, 77.53979931240443, 68.67927620534566, 60.00748370086867, 53.935047262926126, 16.85437487558509, 12.592690087141351, 10.703915394186044, 14.976174111535633, 19.984746048962773, 17.50066419311144, 12.01790768630193, 7.158000769978234, 8.006717160506795, 11.925801522417686, 41.2874289658419, 43.379700519871335, 50.503062159607566, 62.00461123873745, 63.23962040977587, 62.50785419997863, 57.45380297666508, 48.76406263282029, 40.647738093105275, 37.31903408225928, 31.50117419538094, 26.255249502181655, 85.09262398538803, 75.14356173079379, 70.29008897006418, 68.14593352041368, 64.14880063263416, 62.696766394350234, 67.2919477158559, 74.33298738241167, 78.86338188479202, 84.6109174267103, 87.06330844479979, 88.17676321612079, 82.34043091769229, 73.58499813839434, 71.63007105453855, 68.86693467004599, 68.0794450407593, 72.0680253983198, 75.5828166420162, 79.2807991798834, 106.41873113672263, 109.3004291057238, 113.44572729964351, 115.13726874315397, 124.82335273299765, 128.97309996008488, 132.1220591541066, 111.80262202542033, 114.27674299311188, 96.16591280033, 95.52354792468792, 83.53297358470664, 71.15552652146435, 60.4679407332314, 48.76776363287581], [64.28236278072178, 72.73336439854955, 80.07328155469949, 87.10406014494447, 80.038946419493, 72.54305455766955, 64.16529081357542, 22.31509569751286, 15.129473059899608, 9.091053482355992, 0.0, 12.314395707543426, 5.710554929343822, 9.717690856012657, 15.668181135650556, 61.836693415596365, 69.71152528163292, 77.76094644184887, 86.53762562224334, 94.72886502904237, 92.47566785460725, 85.33566091371488, 76.74341146035879, 68.0994011627529, 62.22379568185426, 25.907201575916822, 20.935202080609134, 16.857310643555987, 15.363652499077848, 16.262772429217595, 12.704911959376027, 12.088696927545083, 13.88667547455884, 16.974507555683225, 20.6535107784858, 49.48975011668167, 50.57209074106348, 56.635443052664584, 66.85370993546614, 67.44759696424582, 66.1265507307754, 60.43755521826922, 50.27847206061124, 42.2387938403031, 42.004561637324024, 38.34020603873218, 34.66736884612057, 87.72383914351835, 78.31067716262656, 73.32579802308577, 70.35954307651672, 65.51038837277626, 62.459642302841154, 65.55724354294543, 72.91262743749078, 78.5190115404183, 85.12795412323494, 88.43964037107246, 90.00494477194283, 84.59870464241664, 76.1317571101074, 73.3128518843497, 69.55926070747222, 67.08522531988726, 72.33535750623066, 76.69543977813957, 81.01768748323268, 112.58165395393331, 114.15218401031565, 117.0867849418396, 118.00009012997374, 126.93711770945661, 130.17160059549434, 132.25482733927726, 111.13632138764586, 109.58742656505879, 90.40481751363572, 88.87659891012042, 76.39203311955495, 63.34101475701611, 52.853866568407064, 43.7122598766909], [73.13846478745522, 81.51678424758106, 88.2509213341321, 94.39241377121853, 87.83844775474165, 80.60021547118497, 72.16763374283276, 30.56694672353189, 25.88850849794835, 21.143663054908174, 12.314395707543426, 0.0, 10.074347194537859, 17.356700050924537, 23.516561700599514, 72.31625271225944, 79.66033766686088, 87.19661682853878, 95.25474597037066, 102.31030911308055, 100.3275515723386, 94.1401513582888, 86.09818824380885, 77.61525467564216, 72.13937832139008, 37.972577340765724, 33.015520574753886, 28.2927928311749, 23.387040734672286, 19.392522537272242, 16.461665819624574, 21.32845007042926, 25.892522137677005, 29.13597306293117, 32.01522331433315, 59.60634676699794, 59.80498537520772, 65.04285006793707, 72.93755561372248, 73.10446550922958, 71.63170183201046, 65.85089835029602, 54.0828890432444, 46.46313742910846, 49.902517290266715, 48.059827239648655, 45.52052864797028, 90.74908735344657, 82.51426154884533, 77.73209649425638, 74.10741524317257, 68.50477463635383, 63.49605546765657, 64.31785479206953, 71.85569220155693, 78.83999887129093, 86.24510909995661, 90.41753162877417, 92.2835900508897, 87.30885145004264, 79.79477555199591, 76.19432906826114, 71.3952009071632, 66.75441356312137, 73.40080740766815, 78.60088479892838, 83.36759024379602, 118.56509187867071, 118.1932042825432, 119.57230404259528, 119.60814859094705, 127.67007111165076, 129.85496197497176, 130.7576641332483, 110.19816064602495, 102.41427456816585, 82.09524389172671, 78.81726452069267, 65.50144879937879, 51.61078945082728, 41.706008448188065, 38.73131432020794], [65.10129084324502, 73.54161184924423, 80.56113267870901, 87.18456467803234, 80.08615397687578, 72.65445541527887, 64.25611888761837, 22.207043296737773, 17.229941646103192, 12.933007588475935, 5.710554929343822, 10.074347194537859, 0.0, 7.728708841778752, 14.758116388303527, 63.841223610041645, 71.54736684074987, 79.3853054091377, 87.9686452216232, 95.68543601793596, 93.35686439725701, 86.51980631834961, 78.04989166220474, 69.35239123616273, 63.667192394754544, 29.369163022601345, 25.396536640606655, 22.131630303603057, 20.995171929069453, 20.86862052948802, 17.186975797837878, 17.720134125292702, 18.7935804023272, 20.693041924861365, 23.13933953313301, 50.66264978798962, 50.46939320690243, 55.57307077474358, 64.73054923561087, 64.88427710982063, 63.31472102648726, 57.529841213848194, 46.609760670133554, 38.68693507501806, 40.38799534272973, 38.20796237489367, 36.19250746045704, 84.15822534529995, 75.06709410838758, 70.07350000072189, 66.76741548726174, 61.60104432931249, 57.89491510661987, 60.42781848900466, 67.84018334218507, 73.79831998428274, 80.65988022679545, 84.286556059063, 86.02764297832015, 80.84895792631754, 72.58947883385174, 69.40788175382346, 65.26557538043161, 62.164814969285075, 67.81778899764204, 72.47943599380895, 77.0337972449192, 113.6583313514072, 113.61417333577893, 115.20513668820173, 115.33396609924176, 123.61861446538101, 126.26314489640812, 127.76849939715942, 106.16449394774199, 103.96005287895932, 84.79439147531829, 83.72017870320097, 71.72582770254527, 59.34578010043138, 51.16383796481761, 46.052605598872816], [57.9096710075481, 66.3437026681485, 73.37796983811539, 80.11803890106466, 72.78174169846763, 65.29817690869614, 56.93531384070655, 15.082026614931063, 11.593081594638937, 10.45863395396746, 9.717690856012657, 17.356700050924537, 7.728708841778752, 0.0, 7.50006390862078, 56.998219578543285, 64.70579708875009, 72.53881796750035, 81.25327682390899, 89.1153762457124, 86.59112705294196, 79.56193820198104, 70.98008832013778, 62.20697408985071, 56.547165976632876, 24.383547164327243, 22.252992562343188, 21.12981062225419, 23.431180819937204, 25.65303831208007, 22.37199241271014, 20.124154773474736, 17.368925392258156, 16.682944459876712, 17.258270546607765, 43.350185739995325, 42.758895404623935, 48.03728978983257, 57.44029245052188, 57.88918028489471, 56.7640483709447, 51.563205038922405, 41.271748980234285, 33.12980852184044, 33.5385419606014, 30.705365774773295, 29.125389048134675, 78.02088953850036, 68.63820648944177, 63.76516708742538, 61.02578140031191, 56.453127535975476, 53.87278573769265, 57.59337815527983, 64.74870717909418, 69.8797864134797, 76.04918603999828, 79.03347169163537, 80.42647060052045, 74.92680193818912, 66.54330369017168, 63.95638004765002, 60.51071052195395, 58.68613299597664, 63.330285570646815, 67.36342801025067, 71.45737908971967, 108.05529266327844, 107.82788589095459, 109.4551300492068, 109.70818092008021, 118.24615335159704, 121.35806475580068, 123.51404590934587, 102.4814456480406, 103.90495007926978, 85.95007136645387, 86.11501397243613, 75.02074178655295, 63.89830433061269, 56.97383309697887, 51.79110731930316], [50.59931678328218, 59.01661283972376, 65.95212081725818, 72.63536650449954, 65.37396019604893, 57.92200081332958, 49.53633129443021, 7.657066370388139, 8.43350183993814, 12.428449943022375, 15.668181135650556, 23.516561700599514, 14.758116388303527, 7.50006390862078, 0.0, 50.42288396238449, 57.82094862089111, 65.43755541129876, 73.98212910280154, 81.69423979380878, 79.1505931625127, 72.24975227102972, 63.80898350789159, 55.09596348428192, 49.61914191986389, 21.505889727570047, 21.49937360594101, 22.29529782857313, 26.58866338106045, 30.0078439819016, 27.48323373302719, 23.988675029582893, 18.993887969733997, 15.836108207502843, 13.343341284201681, 36.645080618421915, 36.356722342149354, 42.733630787091954, 51.62816931486269, 52.959809977787174, 53.01572475192949, 49.09506219163149, 39.53780316427913, 31.356413866976485, 30.30175802548375, 25.67000226271737, 23.345909006145533, 73.55636343768559, 64.34459731684557, 59.9642437739573, 58.19570063823631, 54.49647383983819, 53.043958885953714, 57.56887916075452, 64.35035703152641, 68.75651263481804, 74.01543950585891, 76.14613479558392, 76.89251511055171, 70.84638139173518, 62.914578230211454, 61.251619490668595, 58.677175343707034, 58.03727500741573, 61.55576250443356, 64.76710194537456, 68.05317098648064, 100.90532733827455, 100.69086915272935, 102.79722265469024, 103.570284288499, 112.72270835684841, 116.59498005831969, 119.72244864712601, 100.97378488812305, 104.52233663285628, 87.78367449241415, 88.25868174105612, 77.56699629568425, 67.32644293748513, 60.65099131960082, 55.300973123270495], [15.553655913372072, 19.628543718221458, 28.385371398136893, 38.67038487700722, 31.69283829801348, 25.945416006718144, 23.09208332264712, 43.29234293958614, 46.827806347162436, 53.20063431687165, 61.836693415596365, 72.31625271225944, 63.841223610041645, 56.998219578543285, 50.42288396238449, 0.0, 9.522290656927092, 18.937353577160067, 30.18230686982009, 42.76760095385446, 39.30962980933651, 28.41079138879327, 18.44839813705239, 11.645846787594667, 6.686577337740814, 38.791004291952326, 45.86634118491848, 52.2596389206432, 61.32764672293524, 68.6978128432953, 68.41766324453253, 61.12900916352514, 52.60769560692923, 46.72574917381883, 41.428859855768536, 15.711281527394291, 26.270302667131208, 37.99739551194495, 47.27928853468786, 53.989377533212334, 59.697148601075895, 62.64987004101469, 63.82331913395931, 59.50238255603034, 47.080109322419226, 35.43049033849038, 28.909074524292468, 76.69591455352352, 67.87823318978707, 66.6257752307462, 70.9477997443191, 73.2750079325694, 79.47476908106727, 88.61996003514085, 92.56969327278875, 91.4315839878042, 90.98348403285924, 87.66954169815914, 85.01902037314234, 77.25957023331985, 71.20852905768406, 75.4835342478018, 78.90695302445147, 85.90743631463428, 82.67758124734164, 80.52021268761004, 78.8898639595942, 67.5108004376152, 76.8878946930196, 88.09528527377185, 94.83774361353015, 108.53922221180466, 118.29751418006373, 128.07989222271516, 119.3279968277995, 139.2106123519442, 128.19995771051288, 130.72094778288638, 121.72654148364855, 113.63537250952302, 104.76597090530399, 91.36560162790029], [13.939561306675365, 13.848057055294582, 21.464978520261255, 31.535818035337122, 26.086933407946233, 22.18361848212435, 22.07245539899497, 50.40918791342242, 54.69756742987792, 61.31367230156506, 69.71152528163292, 79.66033766686088, 71.54736684074987, 64.70579708875009, 57.82094862089111, 9.522290656927092, 0.0, 9.443775787510104, 20.73921860873461, 33.69506401530969, 30.277851554059826, 19.242593467238166, 9.983445027921125, 7.659422416153585, 9.672708411033799, 47.58897871485587, 54.463020607810904, 60.61011657687774, 69.25002382794725, 76.3289196987426, 76.28679016775614, 69.30574141433044, 61.04858277959964, 55.21425210099731, 49.67902683548311, 23.267614996654, 32.39494949967625, 43.396668911137056, 49.489174973056016, 57.12964522791902, 64.12312597215637, 68.44049837750394, 70.02173577144207, 66.14700540667296, 54.52379608840277, 43.446544477306325, 37.475598409694015, 77.80797112653829, 70.28246888032311, 70.04730537951495, 75.28861979906596, 78.3497912065035, 84.89361975769081, 93.86881578303938, 97.37858784172407, 95.85075835027556, 94.53808220044075, 90.42780784416314, 87.01777493396101, 79.00290182987587, 74.36548205622448, 79.48600837212771, 83.52708738224331, 90.90714569591988, 86.9897173228694, 84.13666805345825, 81.56163561212111, 58.858644487904115, 69.40220672217767, 82.33737500827239, 90.38558579614944, 104.97483976333288, 115.84796223466738, 126.90405178922002, 122.02834182096845, 142.43519569448864, 132.56744009715564, 134.8668837467588, 126.14559643906888, 118.70202745744137, 110.03113515000139, 97.28222805780818], [17.360746956683776, 12.413977522414724, 16.29008412127847, 25.182925452256292, 22.199571447793197, 21.182096948957696, 24.07530402431911, 57.87424491277303, 62.809944539945285, 69.61414096809628, 77.76094644184887, 87.19661682853878, 79.3853054091377, 72.53881796750035, 65.43755541129876, 18.937353577160067, 9.443775787510104, 0.0, 11.468343140525656, 24.827799716456344, 21.383100162488713, 10.251938338365527, 5.332095274654139, 12.07611358571101, 17.54467984531955, 56.531514983532624, 63.28365056331844, 69.24319723304397, 77.54324090807124, 84.34041445078985, 84.4418247538924, 77.74520634110033, 69.68529436945559, 63.86393416722667, 58.126674342806446, 31.464032194661005, 39.20402564506472, 49.25578541625702, 52.36395567088494, 60.64714284186103, 68.68170056611538, 74.1841275265704, 76.14198645085598, 72.73456481752272, 61.908422479538125, 51.46308775726801, 46.120600762804436, 79.02063173704435, 72.85215167198666, 73.58151540525085, 79.61275165512421, 83.33063623800558, 90.15718291971064, 98.9293070968112, 101.98047359656776, 100.0663379248752, 97.9256524399633, 93.08147806519774, 88.97347175883131, 80.81454197701345, 77.58855725942047, 83.44595758283351, 88.03634538672311, 95.73885681420916, 91.18115909530452, 87.68575876267862, 84.23530205330164, 50.69437626220105, 62.099425953003504, 76.6455812168724, 85.93788563266364, 101.28832581898831, 113.20864315652291, 125.47191138322756, 124.40001347032164, 145.39069583478738, 136.7294540658302, 138.92604091317548, 130.6001339660778, 123.89835098353834, 115.67182952923034, 103.84955535378766], [25.324701138212884, 18.540934298075005, 16.476893254249877, 20.807836256972276, 22.71715620541852, 25.163493668364673, 29.96672161493489, 66.34713258153188, 71.83037458356816, 78.76595766244903, 86.53762562224334, 95.25474597037066, 87.9686452216232, 81.25327682390899, 73.98212910280154, 30.18230686982009, 20.73921860873461, 11.468343140525656, 0.0, 13.940502456590222, 11.265062224494057, 5.884222589162735, 13.938426712855184, 22.076932405789893, 28.188268856955368, 66.61286168905498, 73.09341428551184, 78.72309956586327, 86.4650324274384, 92.83090080088022, 93.16592953211764, 86.90677030437371, 79.21619268338958, 73.50419528854407, 67.6123385859198, 41.66866543041097, 48.56746359134706, 58.015480941014985, 57.99468661962374, 66.82098334373808, 75.84701248838961, 82.37994851820325, 84.21632621716805, 81.09885459946182, 71.39806623918548, 61.40541728782822, 56.22501759423049, 82.25780180613827, 77.84162895569666, 79.58227877861741, 86.25820966289122, 90.44605289133018, 97.21661548141061, 105.48133405016624, 108.13424172394636, 106.08424974380374, 103.22924927476298, 97.76263767261776, 92.92694374494847, 84.63145200252863, 83.12510976626976, 89.57621716527372, 94.51316573414877, 102.18545888569, 97.21042671245752, 93.21321118009062, 88.91950792274096, 39.942134015893764, 52.922913106888664, 70.0444853185183, 81.14004795193078, 97.52359644545339, 110.70029227363395, 124.36414198201498, 128.30772315390905, 148.66602870059546, 141.2498988429581, 142.91778625175832, 134.8659220525361, 128.9123589613048, 120.95989215344564, 110.22421424822045], [34.415414725970265, 27.536288192028024, 21.447990469709023, 18.3318055677242, 25.731667384625837, 30.786275875826504, 36.42596618930059, 74.106230452, 80.49178229368333, 87.61855736912237, 94.72886502904237, 102.31030911308055, 95.68543601793596, 89.1153762457124, 81.69423979380878, 42.76760095385446, 33.69506401530969, 24.827799716456344, 13.940502456590222, 0.0, 5.219358368518585, 16.298053377834144, 25.984026177904397, 33.3737613679281, 39.71064954769838, 77.08125429143539, 83.29314060770673, 88.50831070761453, 95.56933895626571, 101.26099705431339, 101.69410831773891, 96.10292439932506, 88.83419296894712, 83.1786023058152, 76.99685925494954, 52.101142604902805, 57.60474568883465, 66.22687054071157, 62.3288315022613, 71.54989382674997, 81.60750062818734, 89.25522822443577, 90.62564304005531, 87.9109496925119, 80.03035589469631, 70.88681333419765, 66.34713830764463, 82.99640004835864, 80.8941362374134, 83.79978479723333, 91.04246163056641, 95.62479736046937, 102.05743512079314, 109.45534046024365, 111.5922100636756, 109.53312337348468, 105.94112001005065, 99.91561145907222, 94.29682818262913, 85.93589990666254, 86.63321048310064, 93.58644899028599, 98.74304760197376, 106.1050177636611, 100.78027576792817, 96.3235253389488, 91.1343289239133, 28.29706079637537, 39.69673208430485, 59.10285611572302, 72.03266249598876, 89.407518314344, 103.79400532486336, 118.84836656241804, 128.9537637944664, 147.87415886005618, 142.15198879484262, 143.31372425228028, 135.91450908327616, 131.26009305704937, 124.4848985541795, 116.35564363226875], [30.648262565689528, 23.258079048459205, 16.781300418795738, 14.525885525738145, 21.16764186854601, 26.41684851723237, 32.59359656966971, 71.52404098306764, 78.0207372993749, 85.21941280624611, 92.47566785460725, 100.3275515723386, 93.35686439725701, 86.59112705294196, 79.1505931625127, 39.30962980933651, 30.277851554059826, 21.383100162488713, 11.265062224494057, 5.219358368518585, 0.0, 11.996548401236334, 21.814419949273372, 29.39868162646065, 35.94902633976674, 74.35199069115532, 80.81637393445031, 86.25587014396773, 93.67339307658995, 99.56598037697444, 99.79376745901153, 93.99266011224194, 86.4389302891239, 80.61264303685701, 74.35006976964637, 48.475247374080034, 53.489245020613716, 61.70103434538036, 58.06846417605916, 67.2040821530955, 77.15252645107873, 84.83817355257473, 86.68179779905098, 84.17288950240643, 75.98622848412631, 67.09188991537208, 63.12530153957706, 79.22678342758722, 76.68855891212793, 79.4858743839818, 86.7762655212725, 91.48829752508915, 98.23514349375881, 105.955254843009, 108.02145583652151, 105.6964165329925, 102.03295759269264, 95.95723837842519, 90.43875794363825, 82.13762167133241, 82.45317079897615, 89.46519230210879, 94.7776180749203, 102.48217666148246, 96.95609509733028, 92.4007377461701, 87.25225306767172, 33.46040861830962, 42.48780619758006, 59.79089261841383, 71.68109137099658, 88.52070040240353, 102.48402344840169, 117.13388140029494, 125.42410777794693, 145.8594085982396, 140.08457934445187, 141.92871917115298, 134.79421699112007, 130.2031304411333, 123.91905550191062, 115.89093364041598], [22.21450385298803, 14.45468451538452, 11.721017149878337, 17.405215688178846, 17.82334862985107, 20.548644482358, 26.255327566491736, 64.60157049819992, 70.46733000609787, 77.53979931240443, 85.33566091371488, 94.1401513582888, 86.51980631834961, 79.56193820198104, 72.24975227102972, 28.41079138879327, 19.242593467238166, 10.251938338365527, 5.884222589162735, 16.298053377834144, 11.996548401236334, 0.0, 10.386847322435523, 18.970987969113285, 25.560339566635122, 65.34394326869993, 72.13443127985974, 77.98682372520284, 86.07497533333334, 92.54421628838027, 92.58408064340304, 86.20187720912119, 78.20320307169696, 72.25481701314084, 66.17879398229537, 38.989181169662196, 44.74044622526254, 53.3711252662389, 53.0212339974157, 61.75896450376594, 70.80321405211046, 77.60800190523946, 80.02746973720082, 77.3081643589533, 67.5733195112598, 58.17783495360712, 54.09616133313736, 77.21368474628991, 72.63607028814316, 74.43377081998791, 81.26822768286978, 85.70892244415951, 92.84038645971575, 101.3582909190691, 103.79552488554263, 101.37893996266406, 98.28540921616914, 92.65990952922895, 87.83027474083397, 79.63464396094362, 78.01796754834251, 84.62758473453398, 89.8132130574024, 97.88443209271304, 92.56638518981626, 88.3521715743619, 83.95734001277107, 43.97525823360325, 53.73718943606921, 68.71154666241956, 78.77344485496045, 94.55462692070891, 107.33875007187511, 120.67948403920963, 123.4109815155036, 145.4770818499497, 138.38485854156144, 140.89512825341035, 133.3956544535398, 127.8707446312006, 120.96738738395378, 111.13612567331366], [14.149589288631454, 8.033810576257883, 12.659470294655538, 22.50438797190959, 17.929668880605522, 16.546478951080736, 20.135629290879113, 56.23071766934914, 61.702603913343275, 68.67927620534566, 76.74341146035879, 86.09818824380885, 78.04989166220474, 70.98008832013778, 63.80898350789159, 18.44839813705239, 9.983445027921125, 5.332095274654139, 13.938426712855184, 25.984026177904397, 21.814419949273372, 10.386847322435523, 0.0, 9.04670282494097, 15.483394228699176, 55.858937568039316, 62.87452267065715, 68.97849356033433, 77.50211098155201, 84.28313398024497, 84.10127717431708, 77.39762242362262, 69.1033288052796, 63.05157207498512, 57.07107902788007, 29.209043837858864, 35.570536787949955, 44.886673010153935, 47.40850785531347, 55.68605278770537, 63.8518474155794, 69.6975589867693, 72.07508080967388, 69.04605937528962, 58.39158955302489, 48.58900811972525, 44.46492278028516, 73.94744998522857, 67.74034699043631, 68.57243901254942, 74.7719052594161, 78.72051177978693, 85.81505178056024, 94.7318778436579, 97.5708760986466, 95.37083422427352, 93.00512453491568, 88.01975792129596, 83.88253315570488, 75.78045422752614, 72.57157189453352, 78.58344736412712, 83.38327109413768, 91.38690838131906, 86.5254161728886, 82.83261713201756, 79.25862873627972, 53.05390268289145, 61.70923478537146, 74.43574660480058, 82.84477463173174, 97.67459445671993, 109.2414052399035, 121.22585097845104, 119.42407465059384, 141.65019302574402, 133.37797968018853, 136.27452740654098, 128.50114914736716, 122.31721040923487, 115.21754019403348, 104.63351253769166], [7.234931023110382, 8.026408709598211, 16.812502640112, 27.14075939152488, 20.13836195231998, 15.093142097197289, 14.840041903317324, 47.57281829679727, 53.01430026119267, 60.00748370086867, 68.0994011627529, 77.61525467564216, 69.35239123616273, 62.20697408985071, 55.09596348428192, 11.645846787594667, 7.659422416153585, 12.07611358571101, 22.076932405789893, 33.3737613679281, 29.39868162646065, 18.970987969113285, 9.04670282494097, 0.0, 6.789095755770131, 47.29396890435918, 54.43974789365898, 60.62596963386353, 69.33073535426787, 76.15995724058449, 75.76101292506604, 68.99651964654592, 60.5509031883496, 54.38565994757741, 48.32906087246326, 20.174431881881137, 27.130835051775573, 37.559538089970985, 42.10312656028145, 49.994404439831804, 57.48835787434594, 62.46589816059215, 64.19348147065409, 60.75670103897483, 49.86380356419635, 39.675505154946435, 35.49827456309127, 70.19900304644533, 62.925295463150356, 62.967151513927426, 68.48426200207369, 71.81782498483473, 78.51901834595971, 87.46389070333359, 90.69954056540782, 88.9565003984777, 87.35265047466785, 83.06629964897039, 79.51262598827054, 71.4491812287845, 67.15509090886344, 72.50153824003173, 76.75064525106049, 84.33507236359087, 80.077738047881, 76.98502602276255, 74.166460178501, 59.652537964543754, 66.50146033495318, 77.18585148983966, 84.21271879874281, 98.2606650572013, 108.73600627695903, 119.51069492681754, 114.58770861441926, 135.78806237176278, 126.5627203018939, 129.56059555116866, 121.58305901899699, 115.01026194936924, 108.03758969078052, 97.630195434084], [9.233167370767248, 14.265429090264828, 23.20056709557473, 33.35872677206026, 25.78752264184105, 19.544130941683463, 16.50181368173953, 42.229791352138236, 47.09871974779138, 53.935047262926126, 62.22379568185426, 72.13937832139008, 63.667192394754544, 56.547165976632876, 49.61914191986389, 6.686577337740814, 9.672708411033799, 17.54467984531955, 28.188268856955368, 39.71064954769838, 35.94902633976674, 25.560339566635122, 15.483394228699176, 6.789095755770131, 0.0, 40.74269757921349, 47.97840175784461, 54.29324547668615, 63.23132010855552, 70.2567475802823, 69.76169639326949, 62.794538355779096, 54.215172664257615, 48.04438102856426, 42.144098923216504, 14.052595098904902, 22.78768332610628, 34.32870407579513, 41.5785659904779, 48.79491154912243, 55.3083672006774, 59.17173738581669, 60.41231137240145, 56.49015813373945, 44.9381696835258, 34.03448783656944, 29.135716927202758, 70.68634837663186, 62.411229657100925, 61.63318612246082, 66.4056180109516, 69.10681375486976, 75.4608663731169, 84.49490727051352, 88.14464865822077, 86.8038353360263, 85.93666323619757, 82.30543003380141, 79.33773183002813, 71.42939962492186, 66.03466513429683, 70.69140126286337, 74.40167554282493, 81.60119318863616, 77.96494596653237, 75.46861502015584, 73.41253480611927, 65.23294714837846, 72.13432335867141, 82.08010689525183, 88.37843418172754, 101.90640682715552, 111.63010205510187, 121.5107771758949, 113.87806506523583, 134.2383605407916, 124.01397353657521, 126.947944327077, 118.5808310232042, 111.36379456832161, 103.9123552158464, 92.71920927229009], [45.46105530288603, 53.540264766165684, 61.98213664038122, 70.7638053885039, 63.05244440190697, 55.42607530941441, 47.818539239538815, 19.544733101082397, 14.014572490243822, 16.85437487558509, 25.907201575916822, 37.972577340765724, 29.369163022601345, 24.383547164327243, 21.505889727570047, 38.791004291952326, 47.58897871485587, 56.531514983532624, 66.61286168905498, 77.08125429143539, 74.35199069115532, 65.34394326869993, 55.858937568039316, 47.29396890435918, 40.74269757921349, 0.0, 7.734761167060944, 14.600001432238596, 24.713076422096908, 32.553446795677466, 31.34956681142058, 23.39311255084267, 14.334773442785101, 8.969631525370037, 8.328038140454087, 28.876338399006702, 33.829255243529985, 42.933697679621844, 57.159062808340074, 59.53433198180338, 59.79541621619032, 56.05456960074836, 50.977906357214984, 43.590432905735824, 34.25820531483484, 24.103817283652894, 14.551259932627689, 83.9041264921254, 73.05340403184839, 68.521724845