{
	"dissimilarities": [[0.0, 7.343366074235573, 16.32429975312895, 25.722665266013177, 16.96515931382205, 8.057360007609256, 3.4113356109339357, 42.169406149092275, 49.33496526429884, 56.6326484843669, 65.0410559687732, 73.36676429269762, 65.37496114487348, 56.88158438174521, 48.7082544483191, 16.96074195272654, 15.192201106171186, 17.28276134020782, 24.14299046329487, 32.699891225323704, 28.87001876114238, 20.21588119600699, 12.950943731126468, 8.026772233838956, 9.221299091224893, 47.39834284017434, 55.003741624580385, 61.07212890634808, 69.31949858971916, 75.54101770790618, 74.80027785293237, 68.54122396450433, 60.24727622004393, 53.895427698041516, 47.516225956583064, 19.40585906991502, 24.787284280389862, 35.03377376144341, 35.97814197991527, 44.286188667479166, 51.75128852899995, 57.475300371311256, 58.64490305965874, 56.25310827173625, 47.40513591830651, 38.42599610111111, 35.902087858514584, 63.62345928476576, 57.70222135367216, 60.2530151124418, 63.95106399622312, 66.49840284291018, 70.46358193335013, 79.35635901182911, 82.3118405581326, 83.04469764265843, 79.69806967971418, 75.5250255071129, 70.15635021216605, 66.1738885681188, 65.05576154500186, 68.87984445726931, 72.62797394340234, 77.16975592312352, 73.54131782059135, 69.81361104456656, 66.06160979941305, 59.90204573618332, 65.15617495146905, 73.52281246589976, 79.56637789915517, 89.30087685438777, 102.5494583126243, 102.58648772913325, 109.92450594741496, 122.14583069359891, 120.53144491152061, 127.73011706268554, 120.14746143882005, 112.24484319102145, 106.16842525002184, 93.31152055453363], [7.343366074235573, 0.0, 9.416331761262557, 19.724987970846193, 10.485058614446608, 3.3099541108192105, 8.100332736492126, 49.479943895873134, 56.66958818559712, 63.960062584529695, 72.3775005693833, 80.66209296021724, 72.68696690590642, 64.19519938639245, 55.997069554087574, 21.16324885069719, 15.930614439700529, 14.63816868448967, 18.946195957111524, 27.089180855620317, 22.684717587059026, 14.16638838398528, 9.130240910454114, 9.352190780857176, 14.67458906070221, 54.514543892578594, 62.110342496443884, 68.23707577885865, 76.54588317346321, 82.81363346372244, 82.1265182942875, 75.82462836251088, 67.49584973246989, 61.14689480895117, 54.78094919053248, 25.97311786580011, 30.191954777920657, 38.83240023108058, 38.54414445777891, 46.724690893260004, 54.94732567428352, 61.60082388195675, 63.700157144702096, 62.145116135246816, 53.222057956680665, 44.91441055820966, 42.97118339162218, 64.40624645238427, 59.21079813807303, 62.796522256843275, 67.14875220070381, 70.23647870182594, 74.83739379321581, 83.84180381787391, 86.28424119403215, 86.26426450071475, 82.20873964918165, 77.3813896800549, 71.1922744784557, 67.61134088866723, 67.08628220871192, 71.76276070375117, 76.27981764293652, 81.29273046694253, 77.15190045438177, 72.66148702891822, 68.0632325797582, 55.70077951568709, 61.137230190195446, 70.20575606011894, 77.03714381214981, 87.15107254706845, 101.23637167249493, 102.23345649602358, 111.78053840535219, 125.97674725191966, 125.25925102777404, 132.7646979042689, 125.60818419778619, 118.29908981853023, 112.73439544589402, 100.18716032500028], [16.32429975312895, 9.416331761262557, 0.0, 10.875809891388549, 3.22409475635208, 9.234358965967209, 16.168529668666412, 58.02156981707876, 65.28937573937145, 72.69985079233722, 80.99233698585176, 88.79969731024387, 81.14236490406938, 72.71792221104113, 64.4012523703938, 30.008640643321613, 22.89191430285709, 18.31064323331122, 16.309152239849656, 20.284897949898543, 15.157509506888362, 11.599131406737794, 13.890534299925184, 17.936458029775498, 23.99897943466974, 63.70963744905256, 71.24500529178559, 77.2114282144651, 85.25727755239228, 91.2824811358693, 90.67297268328082, 84.66331041451322, 76.49842356665656, 70.16582077250986, 63.77729055778516, 35.33633531803904, 38.55271850359717, 45.636749736948715, 43.089724680601165, 50.649159895728005, 60.23722496856287, 67.83506912933231, 70.10203729163729, 69.20839059582073, 61.07505087276917, 53.59806314136288, 52.188942398434655, 65.31874719086089, 61.504676157456906, 66.4947678312206, 71.56404358212475, 75.11933510546666, 80.11332211501268, 88.78813813881281, 90.67804179990735, 89.9422948950561, 85.18099824229186, 79.65902998054365, 72.3132159798046, 69.39005529662506, 69.79343694566117, 75.47638018078284, 80.70804678047894, 85.98428335752871, 81.48761706156685, 76.27229633595073, 70.67790217477952, 49.48903383632362, 53.62795482077596, 63.3247638709453, 71.21669258248957, 82.04632550738219, 97.1770576389769, 99.97761195764207, 113.1866446829055, 128.67919937556078, 128.9306298213565, 136.38049317570685, 129.75875545393026, 123.41171929552809, 118.75939467793512, 107.56783761825821], [25.722665266013177, 19.724987970846193, 10.875809891388549, 0.0, 10.319095817144154, 18.872196373264398, 24.93777492593557, 65.57004256779425, 72.86800719740997, 80.43545697115326, 88.43090424964497, 95.34498828417996, 88.3166861638855, 80.07881070402054, 71.65556517257184, 40.4349253320134, 32.94751910674532, 27.34894998637463, 21.05375413258543, 16.695137272335113, 12.28674038332405, 18.56172027271034, 24.137574876259897, 28.43964635553496, 34.11783177046375, 72.52512261382675, 79.91999454477202, 85.50559928898097, 92.95994237750111, 98.44935292677823, 97.93024502893716, 92.54335291570783, 84.76202772096649, 78.49606952135713, 72.10140724471775, 45.03757016687577, 47.65354889486373, 53.801370847353546, 48.78109703439104, 55.369484652730485, 66.50866406116167, 74.7059117699916, 76.17737916047223, 75.53419249365383, 68.94075360647102, 62.2359423304912, 61.170829846805944, 66.35923805554651, 64.30147798341056, 70.61406355236402, 76.1933898940281, 79.93953138441256, 84.85994028312926, 92.71511383693455, 94.18853754520165, 93.05198557494332, 87.8703816300574, 81.88434919323106, 73.3867603353325, 71.23319472349628, 72.66137307106243, 79.15233086737366, 84.74496049286525, 89.89828540123929, 85.39569158812355, 79.79153836384343, 73.39973575602014, 43.0061692841384, 43.33058184798091, 53.38078515968807, 62.51227938632458, 74.45181757925067, 90.60236186775424, 95.89898539611666, 113.55150118764587, 128.819142219957, 129.7955644339915, 136.6609579527838, 130.56190155085844, 125.39402688252906, 121.91055391598518, 113.0425325060753], [16.96515931382205, 10.485058614446608, 3.22409475635208, 10.319095817144154, 0.0, 9.240217296241145, 16.16411219263443, 57.983851496761325, 65.36432893278264, 72.83002540353556, 81.05752044271055, 88.66049804686922, 81.03113768132582, 72.64526185291501, 64.25411385412285, 31.528203616992407, 25.176512112198743, 21.177896515535743, 19.480006375211584, 22.36618972107643, 17.160875702535634, 14.71696285672577, 16.31339582293015, 19.550804735913328, 25.109258616513035, 64.2294949613226, 71.8961418380251, 77.87992114358575, 85.87283937968459, 91.75762379671028, 90.97612867118032, 85.1017246534781, 76.91616162824953, 70.52386100035922, 64.10800067795012, 35.779033432297695, 37.96522932187752, 44.31939112969647, 40.90343619625757, 48.241920519074974, 58.236684021908175, 66.09412895822112, 68.35852662661041, 67.7966244354554, 60.01384195919512, 53.11946291069345, 52.497056002625854, 62.30297814879705, 58.716591899301406, 63.98034938755695, 69.20275262027924, 72.86439592939095, 77.96697489895361, 86.56691308168249, 88.28360484338337, 87.35946081814632, 82.4580279566426, 76.8238436804515, 69.31333022055273, 66.48758858337652, 67.05195026576764, 72.9266148138709, 78.31794331248602, 83.67150223146642, 79.07299883767898, 73.69669957675698, 67.91582192829043, 51.12011755264647, 53.265986950081945, 61.51362934516667, 68.84518345973468, 79.30522515981009, 94.2834294322316, 96.83807337619743, 110.194861893387, 126.18155432892038, 126.80402951241123, 134.63718680491195, 128.35232256784172, 122.36035864791327, 118.47103090069609, 108.26063148818932], [8.057360007609256, 3.3099541108192105, 9.234358965967209, 18.872196373264398, 9.240217296241145, 0.0, 7.356246699811601, 49.338041928836965, 56.6750788847718, 64.05198829918835, 72.39049094840891, 80.4111916418667, 72.49376981168622, 64.04017329289178, 55.73290382261791, 23.267627622414047, 18.97821611387735, 17.9176140547725, 21.44650059167579, 28.279542953730868, 23.6544229927396, 16.506987688419834, 12.264456634921293, 11.937118656018168, 16.277423950077175, 55.11509847396797, 62.84929280376175, 68.96588859383358, 77.17559033033896, 83.25825317772991, 82.39251221084815, 76.27491672470495, 67.94674942888027, 61.53150926697451, 55.12647773502461, 26.540837254041442, 29.46570977143383, 37.36589235530582, 36.05644604279726, 44.07574327609849, 52.81887650545682, 59.764266492911574, 61.773911606851755, 60.53204708601317, 52.03961503283537, 44.36386354853113, 43.33108268634853, 61.26051050821322, 56.26952913626989, 60.129320997074466, 64.63976795370893, 67.82555825456066, 72.51499655284809, 81.42889864398792, 83.71520307230378, 83.53517219908798, 79.35544288392472, 74.42666409148781, 68.06953926498726, 64.56811714367336, 64.19653478968527, 69.06152844327237, 73.72498314805657, 78.79962349818813, 74.57221459508578, 69.93348537504654, 65.15363543393926, 56.770987921025956, 60.35683601504819, 68.14565831958171, 74.45669828800051, 84.24059593516137, 98.15733961749245, 98.9467840808242, 108.67209487877386, 123.23712510543807, 122.86682946114851, 130.71520391585602, 123.8879847430637, 116.95595828711495, 112.19559193450849, 100.77104749686985], [3.4113356109339357, 8.100332736492126, 16.168529668666412, 24.93777492593557, 16.16411219263443, 7.356246699811601, 0.0, 42.01031382013549, 49.35067098823808, 56.756610152834476, 65.06406051381897, 73.06319587990063, 65.16084064803997, 56.7126989306985, 48.402908886974885, 19.728963999955855, 18.51953672861071, 20.228170484265355, 26.142418421664686, 33.57689451227472, 29.541794568660535, 21.943447415235582, 15.447909605220444, 11.120247062464488, 11.79652039412483, 48.161922651827034, 55.89932535457476, 61.92534883947532, 70.02437124277367, 76.01537609777444, 75.08734046829237, 69.06211367390426, 60.79577074072683, 54.37949224001167, 47.96082459119378, 20.323284177678, 24.080300975335547, 33.58359533680855, 33.388751767836716, 41.54729997377791, 49.6118683103182, 55.63093284499538, 56.605891946643375, 54.50069209705798, 46.18277017084226, 37.897291191897736, 36.425403389712656, 60.432919379532855, 54.71465362724597, 57.52908269969482, 61.37688589989147, 64.00402505835808, 68.02557474315878, 76.80181321822157, 79.6182583788729, 80.22193526635309, 76.77302100358416, 72.5164418082288, 66.98289699990796, 63.07113213761553, 62.10233082957821, 66.10079097566063, 69.97109699056253, 74.5503384626647, 70.85815792654564, 67.00508919867332, 63.08657347506758, 60.715317711737576, 64.17916952424633, 71.3201200436313, 76.84818394934119, 86.27194251480601, 99.33142671734763, 99.18935938865789, 106.73370069571347, 119.20480245925417, 117.91815762559925, 125.4311105385305, 118.17543993208982, 110.67267097493715, 105.45097264112552, 93.85607356226282], [42.169406149092275, 49.479943895873134, 58.02156981707876, 65.57004256779425, 57.983851496761325, 49.338041928836965, 42.01031382013549, 0.0, 7.64461775994379, 15.180600257641528, 23.155374551389773, 31.72410960507674, 23.21619609798752, 14.716956822259283, 6.7791515061744265, 38.957309631515436, 47.73185044476434, 54.542857749136935, 63.85588423549869, 72.14445459474581, 69.51296180632056, 61.34486791066133, 52.81831006115758, 45.32001950888862, 38.10047434116216, 14.658826371620371, 20.440823748958014, 24.647381717882812, 31.192276603609976, 36.17267178430066, 34.058781468006195, 28.823427565933535, 21.35547398510806, 15.41830909597385, 10.219017239439857, 27.263980519984276, 29.563793374727354, 38.29982277449813, 44.59960501608646, 49.098611361712386, 49.126107961510854, 46.64806571625992, 40.1337044162092, 31.008917847391015, 27.23494297135334, 18.306864781107354, 13.115645257395494, 70.90281416675106, 62.59670608593246, 58.58143322644836, 57.2103161602523, 55.5118392059483, 54.03282163518115, 60.46914841468067, 66.59718228973074, 72.2504709369146, 73.93331277862504, 74.41345134902534, 74.71975250199509, 69.35858214592618, 65.13187299585796, 62.91874608777139, 60.83177193791457, 61.24743229107651, 61.84022677273552, 63.86556072240839, 66.06934035855356, 93.56251457811011, 96.49966916272159, 100.29660318334984, 101.89946479931353, 108.53085463608512, 116.39068778994829, 110.89008578490953, 104.56378591218692, 104.08297255402564, 96.78536448703069, 102.25687863449704, 92.4221233784679, 80.65977307833889, 71.93684184119893, 58.61913516905279], [49.33496526429884, 56.66958818559712, 65.28937573937145, 72.86800719740997, 65.36432893278264, 56.6750788847718, 49.35067098823808, 7.64461775994379, 0.0, 7.6696773450696085, 15.717611357480914, 25.107109481294938, 16.385097695713718, 8.01172281332124, 4.677609389132338, 44.860168210449565, 53.86332822251286, 60.86563876117095, 70.35728116998912, 78.81581585729359, 76.39776198434903, 68.11277657616948, 59.54737520380945, 52.06737236837939, 44.78242712043289, 12.847252450233897, 15.609682418635876, 18.285234108132165, 23.975265449168774, 28.78186996941771, 26.494167528818, 21.309768822901503, 14.470336616923982, 9.577136734503373, 7.436959956051464, 33.81155288230805, 36.3802779852209, 44.48004187379753, 51.371164546523524, 55.37658616289568, 54.250895523374844, 50.51529029410704, 43.26919156659391, 33.39206809998537, 30.95388186221775, 23.362044829419983, 17.6762814543519, 76.86064168050154, 68.45225647486679, 63.68013524696471, 61.58235376502838, 59.25211252171705, 56.8425649725418, 62.52682306289107, 69.10593364587557, 75.51512806588025, 78.00674446136534, 79.18460705795005, 80.27275189770792, 74.8586449454053, 70.31623478673069, 67.2681192076372, 64.27120929721764, 63.898068774716826, 65.2658986976934, 68.19446003413364, 71.2229466395793, 99.37038626060568, 102.94638143658797, 106.96377929042244, 108.42297318274127, 114.91829148636286, 122.22694575142906, 116.30193125387797, 108.15273493111816, 105.15657662845862, 96.54987262514439, 101.12525730630308, 90.59483090121563, 77.73375308016087, 67.38119329619579, 52.431126266102524], [56.6326484843669, 63.960062584529695, 72.69985079233722, 80.43545697115326, 72.83002540353556, 64.05198829918835, 56.756610152834476, 15.180600257641528, 7.6696773450696085, 0.0, 8.716408535589126, 19.818793638131307, 10.613621553660982, 4.94466072680401, 10.57630524897334, 51.034343403088194, 60.33112903045052, 67.54922558657584, 77.30304272911823, 86.06772146918364, 83.72088554423539, 75.16048636837981, 66.45591110373816, 58.96571156019706, 51.62342827739016, 14.604629620274833, 13.346735826819982, 13.65308911739794, 18.022738422207485, 22.617347044421873, 19.724425389222013, 14.29968591346219, 8.511522733560021, 7.124768929684388, 10.60544060505178, 40.366122651834104, 42.67064541906078, 49.92091327064769, 57.50378264454697, 61.03729541308407, 58.60170912734684, 53.66909025959326, 46.16171753457523, 36.054028906410075, 34.47669839523354, 28.35071539529137, 23.246016854886886, 82.32379838311644, 73.71126841339336, 68.13591823287403, 65.33720567694395, 62.464198860660225, 59.330893859369056, 64.44224615162656, 71.33371507454153, 78.3239249401596, 81.53817191543023, 83.37773066226762, 85.32099061869319, 79.83292479010004, 74.9272098930605, 71.06168639136303, 67.27245764746, 66.2726844379313, 68.26101645462042, 71.98161031997927, 75.81460797204593, 106.28195447919661, 110.33215654114863, 114.30358933131694, 115.48291435956108, 121.64622102455101, 128.36139812800988, 121.69842379836851, 111.31584080477155, 106.5632209084674, 96.93754400951522, 101.0826491262948, 90.13230592306326, 76.33360911940237, 64.75761100750131, 48.26165122255461], [65.0410559687732, 72.3775005693833, 80.99233698585176, 88.43090424964497, 81.05752044271055, 72.39049094840891, 65.06406051381897, 23.155374551389773, 15.717611357480914, 8.716408535589126, 0.0, 12.098167770237815, 4.536346948789743, 8.97299977468299, 17.37006884912406, 59.719717472266666, 68.94629568473528, 76.09846332316442, 85.69405054011561, 94.12058444573785, 91.88959747663841, 83.63960963487423, 75.04568101743934, 67.57514794250598, 60.254482301839005, 22.61746177332881, 19.008343798594844, 15.950962135818049, 15.128773341313995, 16.743973514695487, 12.477439089940091, 10.497719457572202, 11.396388632059809, 14.447679334155332, 19.203013539876444, 49.04225209182618, 50.82332009592728, 57.152875209081294, 64.2714964831143, 67.03526263109721, 64.04090861893505, 58.1786118155272, 49.477806206346315, 39.08097331851901, 39.977094810460606, 35.83026339913454, 31.914182841480464, 87.2187441877898, 78.82670698698966, 72.69266429154784, 69.22458649069826, 65.68984648974444, 61.43855922208317, 65.23880798205019, 72.48484795129795, 80.27306336079998, 84.38850991063967, 87.0022090919448, 89.6885122508609, 84.27804517259466, 79.21788436298999, 74.56289846699872, 69.7936916405284, 67.78040056159867, 70.71205004428914, 75.40271739276, 80.02723191799488, 113.4540198600517, 116.87911139793732, 120.1791457166218, 120.76869238564936, 126.48055466875766, 132.2756989132334, 125.07029032314068, 112.87791738843546, 104.8363230390259, 93.84458822061617, 97.03848721806553, 85.61424253059941, 70.9731515014655, 58.636631581006874, 42.957337317020624], [73.36676429269762, 80.66209296021724, 88.79969731024387, 95.34498828417996, 88.66049804686922, 80.4111916418667, 73.06319587990063, 31.72410960507674, 25.107109481294938, 19.818793638131307, 12.098167770237815, 0.0, 10.14523669475863, 17.82071724821698, 25.22133018069073, 69.8745441655063, 78.61596768923674, 85.3552765781242, 94.25663991422063, 101.52281441087584, 99.4627571053784, 92.27005521843154, 84.12033727444631, 76.74187549687721, 69.57279490494768, 34.27946761916189, 30.73121595412922, 26.52058718837489, 21.465128178548156, 17.43366503359454, 12.964228376813487, 18.607875059005455, 23.14194060827962, 26.273853723998126, 30.28290961472073, 58.81416188890102, 59.89736025017484, 65.3758337170148, 70.66912571728528, 72.38405325835582, 69.95731336020899, 63.77633617778646, 52.9421890473224, 42.34455063012705, 47.113553468979994, 44.99790119948517, 42.478611132108675, 90.23274878813463, 82.69466488762006, 76.50409525590412, 72.57708558884099, 68.37543409238545, 62.688880203695724, 64.2606391254878, 71.81635284770758, 80.53984748926929, 85.61854906670092, 88.9994441130034, 92.09226872904244, 87.00501662805281, 82.16256788733932, 76.95188487289649, 71.15810375599764, 67.75527343671119, 71.91680811411727, 77.61263008595817, 82.81745328251773, 119.28393117677983, 120.60857774534499, 122.42020119402012, 122.05474975558276, 127.18497222621991, 131.69177676068935, 124.3982237746412, 111.52202291554927, 98.2595276197897, 85.51766467432428, 86.94406706761625, 74.9397216506778, 59.653482188477994, 47.56223297035842, 37.93917345133677], [65.37496114487348, 72.68696690590642, 81.14236490406938, 88.3166861638855, 81.03113768132582, 72.49376981168622, 65.16084064803997, 23.21619609798752, 16.385097695713718, 10.613621553660982, 4.536346948789743, 10.14523669475863, 0.0, 8.545896916345937, 16.78803933121697, 61.05521811452052, 70.22069143827595, 77.25034585848593, 86.65463058577275, 94.70955920824605, 92.35408187376866, 84.40269520779016, 75.86634609532958, 68.36190038305733, 61.069018426608714, 25.061581067509646, 22.62161128534051, 20.28482990896032, 19.38719659238171, 19.785920553845404, 15.105976327204178, 14.886343867066019, 15.344957593078714, 17.22755430566466, 21.087940394058357, 49.78083544175928, 50.60699975437324, 56.19303653237477, 62.58619997867596, 64.85105102693286, 61.92894919831231, 55.92584077656258, 46.42437126161505, 35.895111610014894, 38.29028812512977, 35.372558267871696, 33.019058837534516, 84.30237878836485, 76.10485771233088, 69.86080252992507, 66.21616232618037, 62.472452684937394, 57.83636790108925, 61.18954513494601, 68.50607850494491, 76.49256803311648, 80.83665843525968, 83.66839526042756, 86.548828670105, 81.20538291813365, 76.15597349012472, 71.29270324619401, 66.23929306672055, 63.913599367184084, 67.12142420992555, 72.0865273817897, 76.92274776061514, 114.19236886620443, 116.32230628505218, 118.55867929394816, 118.55697482595176, 123.79600915070273, 129.10000455262895, 121.49508050404853, 108.83058257239506, 100.32342330911793, 89.41092205489545, 93.05135360148056, 81.9803948399857, 67.72104477410633, 57.01872566488103, 44.67680787053303], [56.88158438174521, 64.19519938639245, 72.71792221104113, 80.07881070402054, 72.64526185291501, 64.04017329289178, 56.7126989306985, 14.716956822259283, 8.01172281332124, 4.94466072680401, 8.97299977468299, 17.82071724821698, 8.545896916345937, 0.0, 8.53218151955542, 52.65458639192181, 61.78424214555665, 68.80151826667493, 78.25060658625948, 86.48063407129675, 84.03043479473774, 75.9190726215336, 67.34127092126107, 59.827538131222155, 52.53521197977615, 18.233737268786477, 18.17829800622231, 18.410874232060245, 21.362823557715256, 24.431356256429915, 20.964704309304672, 17.488827452022644, 13.219747994904704, 11.640672171289161, 13.529944309585202, 41.28712291185088, 42.517012968033505, 49.018418711702914, 55.6221308970424, 58.62483519321153, 56.467601188850516, 51.46623388650586, 42.8993496213604, 32.46967316092432, 32.69393327487822, 27.92035226927291, 24.783085783996412, 79.11446697650719, 70.75620924874767, 65.13849416660419, 62.19715343688636, 59.11083935376383, 55.55684054969763, 60.188189366528626, 67.16852482756997, 74.37992673284698, 77.81159475106438, 79.84792774295721, 81.90808541674944, 76.49807319838565, 71.64540176760215, 67.61360292674453, 63.543807273104925, 62.21197754256353, 64.49161074686606, 68.47956543886812, 72.48468234768538, 106.67904558087272, 109.23527589252002, 112.07286973662977, 112.64221891971293, 118.3692313831464, 124.59390759282158, 117.64500337141024, 107.04745300473786, 101.63852154589028, 92.0697728412519, 96.50907024823513, 85.86271421521397, 72.47090418152995, 62.400204199183456, 49.121312913078384], [48.7082544483191, 55.997069554087574, 64.4012523703938, 71.65556517257184, 64.25411385412285, 55.73290382261791, 48.402908886974885, 6.7791515061744265, 4.677609389132338, 10.57630524897334, 17.37006884912406, 25.22133018069073, 16.78803933121697, 8.53218151955542, 0.0, 45.68057826866869, 54.50560053042965, 61.295928221142844, 70.49768454803012, 78.47724674733644, 75.90011309611066, 68.00447332881114, 59.54579607259698, 52.05450370484304, 44.85222095394139, 16.628720778754627, 20.113647062249676, 22.691611101141564, 27.6173050648933, 31.52005644024817, 28.784499908946223, 24.629763385897032, 18.399205416080772, 13.781637702007876, 11.309247263178307, 33.893367060649325, 35.13821430015546, 42.444187871019714, 48.393250823372334, 51.95649243778292, 51.1643825397389, 47.51722135055573, 39.478179995098316, 29.42570404883849, 28.312425541271768, 21.949474026916402, 18.830446335804524, 72.85992711184426, 64.63573536097233, 59.884929372892486, 57.75344606811026, 55.33667943588438, 52.74750061430379, 58.23228006019087, 64.8008116947314, 71.25215710251209, 73.79200620182918, 75.03585268337532, 76.14711345635548, 70.78525366407709, 66.30066013180759, 63.21093612316915, 60.12243712887196, 59.634067530010846, 61.090641098687605, 64.10023778178801, 67.17498948157251, 99.2542618803307, 101.34402607551732, 104.21362258535964, 105.09020860780868, 111.15256332641309, 118.08999920628395, 111.86028629398993, 103.65463302169547, 100.73789970301989, 92.49584078306373, 97.632540832352, 87.56146004751315, 75.29977290683189, 66.62636606160041, 54.545977576817805], [16.96074195272654, 21.16324885069719, 30.008640643321613, 40.4349253320134, 31.528203616992407, 23.267627622414047, 19.728963999955855, 38.957309631515436, 44.860168210449565, 51.034343403088194, 59.719717472266666, 69.8745441655063, 61.05521811452052, 52.65458639192181, 45.68057826866869, 0.0, 10.609909471390743, 18.709898708065364, 30.30042552148621, 42.919690796574834, 39.85727599657986, 27.73477111197518, 18.232101973137436, 12.073290109735542, 8.030474488743803, 38.704145139617935, 45.767246893049304, 52.36950372452125, 61.68369418269506, 69.1156523892475, 68.70214127385901, 61.07908172266304, 52.41136521257929, 46.45953035729401, 40.6644916824056, 13.459940533930789, 23.90801797218218, 36.0456031792301, 43.1762883688805, 51.75366922855513, 55.03240786432879, 58.56168374029741, 61.001214366692516, 57.65549018005517, 45.98134059974298, 34.70069815771262, 28.686302805100453, 74.3286399657985, 66.59704276962935, 66.82563356453376, 69.25073344577693, 71.15366209393753, 74.77395657255981, 84.46962732432267, 88.1317184235987, 89.630955793414, 87.17115120863251, 83.92078207304179, 80.39935173374448, 75.70418895283314, 73.22528842155478, 75.4623166610571, 78.23710595086494, 82.57061484828289, 79.31530996091988, 76.58646672430233, 74.37160100235134, 69.20086867881899, 79.9004161394763, 90.28031556160502, 96.50895859288129, 105.93186856521177, 118.63317755344008, 116.95244382463495, 119.46047661496998, 131.10554091342343, 128.03650484270335, 135.0850247644365, 126.3838332035235, 116.43439290504989, 107.21721828296567, 88.73772737927456], [15.192201106171186, 15.930614439700529, 22.89191430285709, 32.94751910674532, 25.176512112198743, 18.97821611387735, 18.51953672861071, 47.73185044476434, 53.86332822251286, 60.33112903045052, 68.94629568473528, 78.61596768923674, 70.22069143827595, 61.78424214555665, 54.50560053042965, 10.609909471390743, 0.0, 8.172756480360405, 19.902922080946958, 33.13023888826903, 30.31735898213804, 17.89952035468789, 9.556266131945936, 7.766030108896629, 11.287399537802234, 48.48340546045772, 55.28120813435918, 61.527713742442394, 70.42918466336421, 77.64332563620661, 77.57695004378569, 70.27648723984456, 61.92224791392242, 56.039771779897045, 50.1589581798913, 22.645922753805774, 31.76847908227489, 42.878174420709705, 47.59235171115916, 56.266171777501704, 61.38716974779915, 66.20874793891542, 68.84409687945022, 65.99227683924659, 54.99547864936079, 44.28710295182708, 38.595266513613005, 76.93542106565309, 70.27386738740888, 71.99425311578827, 75.2878433759685, 77.74889869713553, 81.85083300919263, 91.38529835318784, 94.61653198357057, 95.4783120462961, 92.26317087253312, 88.22563293054425, 83.42803604226317, 79.23284138423251, 77.61264100995368, 80.97251434084754, 84.55536008255926, 89.22947220531965, 85.56641896801997, 82.02494931613897, 78.70591255877048, 59.750749368449746, 72.17621508246037, 84.66661557337906, 92.40646700205068, 102.94027234384819, 116.90055532016079, 117.2501474006476, 123.57556831343851, 136.20494086554177, 133.7930329089751, 140.3508026160462, 131.79521432342506, 122.50551914755157, 113.41725093321303, 95.40420210373351], [17.28276134020782, 14.63816868448967, 18.31064323331122, 27.34894998637463, 21.177896515535743, 17.9176140547725, 20.228170484265355, 54.542857749136935, 60.86563876117095, 67.54922558657584, 76.09846332316442, 85.3552765781242, 77.25034585848593, 68.80151826667493, 61.295928221142844, 18.709898708065364, 8.172756480360405, 0.0, 11.816003472293879, 25.512550284933415, 22.8488018549413, 10.411396656858916, 6.327984300366903, 11.204916579064298, 17.50388367584689, 56.16914143036297, 62.905522171187776, 68.9485336986891, 77.55430352356042, 84.54400490884885, 84.62131785361217, 77.60237909422601, 69.42738532090189, 63.54219149499798, 57.57884374758068, 29.89283271251604, 37.95862221890639, 48.16445561356604, 51.03826709266775, 59.57565198224613, 65.99080276766733, 71.69876341518594, 74.41734055417088, 71.98764516029196, 61.565204033034945, 51.38551272271766, 46.1851194480843, 78.49086885261529, 72.73463519204924, 75.55278652716719, 79.45772185409352, 82.30904569576109, 86.74080879832307, 96.09706521298507, 98.96809068549874, 99.33058963806967, 95.56178050499214, 90.95996441688439, 85.23077950736773, 81.46137535809791, 80.51199571936527, 84.68382718998627, 88.84498809427411, 93.74866025573517, 89.79681003195664, 85.67112149963344, 81.55212148864977, 52.679773050630416, 65.97832611850016, 79.8674375521692, 88.68297560293456, 99.96233456268929, 114.80487742977068, 116.68796939307097, 125.93032949659374, 139.36516821705916, 137.56191020772846, 143.87186382971547, 135.5654979098645, 126.91715303452418, 118.25953236502433, 101.0961580722064], [24.14299046329487, 18.946195957111524, 16.309152239849656, 21.05375413258543, 19.480006375211584, 21.44650059167579, 26.142418421664686, 63.85588423549869, 70.35728116998912, 77.30304272911823, 85.69405054011561, 94.25663991422063, 86.65463058577275, 78.25060658625948, 70.49768454803012, 30.30042552148621, 19.902922080946958, 11.816003472293879, 0.0, 14.32835624288596, 12.45096506208294, 5.954808689025869, 14.05264617753436, 20.89514501090765, 27.70918532459347, 66.73537712816257, 73.37078670973227, 79.07733515290606, 87.17743322069951, 93.75736314288083, 94.0237719484363, 87.4977603676874, 79.6354003435586, 73.76745750905643, 67.71498265045943, 40.40369299192369, 47.494858487831515, 56.7396089404554, 57.155502928546, 65.26246945019487, 73.37201997477726, 80.03726028081138, 82.45583884357697, 80.39328006689941, 71.02077141880115, 61.46645366481838, 56.711272415213, 81.41421409815841, 77.06119417002064, 81.2861698650935, 85.88888346998972, 89.12446357652944, 93.77829091921444, 102.6745714810566, 105.12129124537589, 104.95110204838282, 100.57479763483362, 95.32957920401702, 88.37905017464458, 85.25008445342849, 85.24109203853878, 90.3885249074545, 95.15017028769894, 100.18085849598836, 96.00633786107113, 91.26407380788861, 86.18360993602977, 42.09178402289826, 56.40878484387726, 72.52336732336508, 82.97752317839839, 95.41835097920693, 111.43047316470978, 115.74217178351117, 129.26994537174414, 143.13782919185252, 142.0449817143164, 147.76832652009892, 139.79478363916016, 132.09804943526765, 124.10032833425004, 108.46972176430474], [32.699891225323704, 27.089180855620317, 20.284897949898543, 16.695137272335113, 22.36618972107643, 28.279542953730868, 33.57689451227472, 72.14445459474581, 78.81581585729359, 86.06772146918364, 94.12058444573785, 101.52281441087584, 94.70955920824605, 86.48063407129675, 78.47724674733644, 42.919690796574834, 33.13023888826903, 25.512550284933415, 14.32835624288596, 0.0, 5.607580735943174, 17.16763124306312, 26.255995848235774, 32.37693426184193, 38.75660110743793, 76.99540112241473, 83.56427727201911, 88.78660343979271, 96.09238841700126, 101.93185799412596, 102.29482978350467, 96.6159526137235, 89.22349004790749, 83.3724609995843, 77.22755862440758, 51.10236090312581, 57.16466581702804, 65.56847448135399, 63.046346398976524, 70.33317520283876, 80.4092490032392, 87.84882210966312, 89.19003961215051, 87.3127424416104, 79.75462022632982, 71.04242141750551, 66.91979727106288, 82.90038170237786, 80.35158843959144, 86.00767913897938, 91.18769937464555, 94.61558404853336, 99.13830303748122, 107.1020544885247, 109.15636933098077, 108.64075599206176, 103.85314428560616, 98.12926487469872, 89.92257284317901, 87.57479283778933, 88.64627633073329, 94.66525804438794, 99.78519027395163, 104.63606641066028, 100.50242388687876, 95.37134430856602, 89.43609490414386, 30.097886827232077, 42.646976896819986, 61.00020042443789, 73.20896926574761, 87.04880404781335, 104.0985625303693, 111.43559179837082, 130.0141163012085, 143.11891119791898, 142.6933423349089, 147.4842196720169, 140.01591925872654, 133.68289801219336, 126.99638174455512, 114.39573782182869], [28.87001876114238, 22.684717587059026, 15.157509506888362, 12.28674038332405, 17.160875702535634, 23.6544229927396, 29.541794568660535, 69.51296180632056, 76.39776198434903, 83.72088554423539, 91.88959747663841, 99.4627571053784, 92.35408187376866, 84.03043479473774, 75.90011309611066, 39.85727599657986, 30.31735898213804, 22.8488018549413, 12.45096506208294, 5.607580735943174, 0.0, 13.397731431924287, 22.459811262297755, 28.70177972128664, 35.320119766953084, 74.54370610187767, 81.43600744307733, 86.93286315936106, 94.52854700311777, 100.47543557992186, 100.55094026950347, 94.71917380948709, 87.04351230025947, 81.02188030465095, 74.77828274408262, 47.64265270244592, 52.86177006198884, 60.68865452630729, 58.03417911446648, 65.32944606821742, 75.33312509707372, 82.96873703846352, 84.78843010075944, 83.3541106139667, 75.55921258646558, 67.26496626804311, 63.97317123016836, 78.0571671524689, 75.33183922454914, 80.99491296652214, 86.26324028998738, 89.8361616216335, 94.63095510297161, 102.8367948220949, 104.72792049220212, 103.97296517250527, 99.03471277379357, 93.22798571238535, 85.10246650502079, 82.69714795810323, 83.70770794741127, 89.79940729521407, 95.11191695849189, 100.19055863562296, 95.83865544933401, 90.52357071963017, 84.51609294633113, 35.43465782151383, 44.93781028721985, 60.786878963070436, 71.96649039985469, 85.01833146343316, 101.75134134823818, 108.00113860186536, 125.54406598311505, 139.89849371701402, 139.9032083910922, 145.60257062687387, 138.49268684864163, 132.27489038676606, 126.30757506828309, 114.12478337276411], [20.21588119600699, 14.16638838398528, 11.599131406737794, 18.56172027271034, 14.71696285672577, 16.506987688419834, 21.943447415235582, 61.34486791066133, 68.11277657616948, 75.16048636837981, 83.63960963487423, 92.27005521843154, 84.40269520779016, 75.9190726215336, 68.00447332881114, 27.73477111197518, 17.89952035468789, 10.411396656858916, 5.954808689025869, 17.16763124306312, 13.397731431924287, 0.0, 9.889562677806188, 17.179606000623444, 24.413588580374952, 64.65483140767763, 71.68834075549634, 77.67493459857334, 86.02391258514785, 92.62931491924947, 92.54342568499759, 85.94191756904922, 77.79369757924425, 71.72315327603492, 65.54964001626459, 37.05627536839629, 42.96499860290499, 51.50208748722897, 51.68590880367099, 59.77921934008838, 67.86550685011535, 74.7811323606315, 77.66442685372697, 76.1208841284062, 66.59725443918006, 57.6143740166613, 53.99584511870385, 76.01976327793122, 71.51736037697943, 75.76169984810255, 80.46535392013587, 83.85534805795737, 88.78720750101716, 97.88497942609125, 100.13535361652535, 99.70387024959027, 95.17140916300792, 89.84670155258513, 82.97967390271313, 79.80944114892743, 79.754442518434, 84.98401747050458, 89.94851365357735, 95.20357031175713, 90.80764987634738, 85.87105833199725, 80.7101503013754, 46.524240233110774, 57.767905390609705, 71.57243193375832, 80.9957886553226, 92.62425225479922, 108.23995200967519, 111.51685651072762, 124.08423208136823, 139.15968817181945, 138.56928489153896, 145.2189081564645, 137.6989509149428, 130.2614219472056, 123.24599731302004, 108.51094737485639], [12.950943731126468, 9.130240910454114, 13.890534299925184, 24.137574876259897, 16.31339582293015, 12.264456634921293, 15.447909605220444, 52.81831006115758, 59.54737520380945, 66.45591110373816, 75.04568101743934, 84.12033727444631, 75.86634609532958, 67.34127092126107, 59.54579607259698, 18.232101973137436, 9.556266131945936, 6.327984300366903, 14.05264617753436, 26.255995848235774, 22.459811262297755, 9.889562677806188, 0.0, 7.644222954390324, 15.018706720125572, 55.53843968418783, 62.7671076096344, 69.0284059221079, 77.73269000636853, 84.5682095850258, 84.24175601201539, 77.33954529451545, 68.92792373564701, 62.78613433527215, 56.63241629882315, 27.52624704515563, 33.83213124474812, 43.17157117620675, 45.22043327549577, 53.69427495972989, 60.5137859337325, 66.69102769101576, 69.69979304922357, 67.88801848596367, 57.632081358154906, 48.27765851000868, 44.685225153599305, 72.29910249579956, 66.61760595488477, 69.68782934673163, 73.81455107171021, 76.87379305812588, 81.59646536310886, 91.03366929686531, 93.6335023582783, 93.66669804605924, 89.66324831221347, 84.89901718094086, 79.05885442427235, 75.33975850518645, 74.49710061903059, 78.90539425092936, 83.35280211264231, 88.47979259274081, 84.28683048301154, 79.87971025383918, 75.53092765777178, 54.969767021545415, 65.06752001746159, 76.79098353543861, 84.6904621923051, 95.26986734148208, 109.78362175395412, 110.97213433198446, 119.92598791116407, 134.50031985731258, 133.35584254767335, 140.53597407280458, 132.8219016966109, 124.71605637650707, 117.44503437874367, 101.98737046470316], [8.026772233838956, 9.352190780857176, 17.936458029775498, 28.43964635553496, 19.550804735913328, 11.937118656018168, 11.120247062464488, 45.32001950888862, 52.06737236837939, 58.96571156019706, 67.57514794250598, 76.74187549687721, 68.36190038305733, 59.827538131222155, 52.05450370484304, 12.073290109735542, 7.766030108896629, 11.204916579064298, 20.89514501090765, 32.37693426184193, 28.70177972128664, 17.179606000623444, 7.644222954390324, 0.0, 7.40974006221386, 48.15170239939583, 55.54293450074406, 61.88624554583518, 70.66030400222638, 77.48523833643895, 76.97771786572244, 70.05747427406564, 61.555388051861634, 55.34410551531219, 49.155621980887744, 19.92591789315722, 26.96114243622451, 37.4453941937518, 40.62617770937548, 49.23081980332394, 55.320563693087585, 60.766960687200566, 63.213730003881054, 60.903572127043375, 50.55715358875702, 40.81046091695356, 37.10503162748735, 69.36823103897576, 62.96892709161771, 65.12229894807402, 68.70747662369885, 71.35397602714553, 75.63793348197916, 85.06689594884833, 88.03689991021726, 88.62880467439439, 85.19377235257551, 80.98067106952328, 75.90681019829921, 71.81037397677215, 70.41705097036278, 74.09935697067571, 77.94922537845238, 82.755216490319, 78.92221652099308, 75.11146185093324, 71.48360804808826, 60.24509397487017, 68.994049548021, 79.2243645063843, 86.03424223169844, 95.9774541738603, 109.595933442606, 109.53291804041254, 116.13240439807151, 129.41467909530465, 127.67154354891265, 134.93256990017034, 127.02788348450716, 118.5029096322082, 111.14731733011993, 95.71769231946405], [9.221299091224893, 14.67458906070221, 23.99897943466974, 34.11783177046375, 25.109258616513035, 16.277423950077175, 11.79652039412483, 38.10047434116216, 44.78242712043289, 51.62342827739016, 60.254482301839005, 69.57279490494768, 61.069018426608714, 52.53521197977615, 44.85222095394139, 8.030474488743803, 11.287399537802234, 17.50388367584689, 27.70918532459347, 38.75660110743793, 35.320119766953084, 24.413588580374952, 15.018706720125572, 7.40974006221386, 0.0, 40.83401715411499, 48.33578985154386, 54.7376477776884, 63.576235958854454, 70.41749098466157, 69.77363013916585, 62.80698948188627, 54.23805801234343, 47.987887305891704, 41.7886241992339, 12.711579888057422, 21.475792402638486, 33.455972625775054, 38.103676615407814, 46.66693143277279, 51.74133750775061, 56.179699296510556, 57.880751701687714, 54.84732890392094, 44.40447711227566, 33.982190395310965, 29.704349029547792, 68.22429806914259, 61.12902668913037, 62.21002488560627, 65.11403376245592, 67.23324665771935, 70.93301510202177, 80.28979388309673, 83.71305066115043, 84.98047643559453, 82.2267776663862, 78.66440245075515, 74.46242714123697, 69.99804464004487, 68.00905945180622, 70.82126945025736, 73.92532157030168, 78.30125757398451, 74.93912585623498, 71.86939801751606, 69.10174139494748, 65.55016115023399, 73.53109723843944, 82.68509927337384, 88.58408576494804, 97.98083758782963, 110.7188641270829, 109.53646252651605, 113.75277457397878, 125.42054019615544, 122.91695396004815, 130.09021544739733, 121.88264520255579, 112.81174758362775, 105.11247274829636, 89.41495597303856], [47.39834284017434, 54.514543892578594, 63.70963744905256, 72.52512261382675, 64.2294949613226, 55.11509847396797, 48.161922651827034, 14.658826371620371, 12.847252450233897, 14.604629620274833, 22.61746177332881, 34.27946761916189, 25.061581067509646, 18.233737268786477, 16.628720778754627, 38.704145139617935, 48.48340546045772, 56.16914143036297, 66.73537712816257, 76.99540112241473, 74.54370610187767, 64.65483140767763, 55.53843968418783, 48.15170239939583, 40.83401715411499, 0.0, 8.410874564650278, 15.441595676411973, 25.176263377424277, 32.711071834211026, 31.331799761991984, 23.08675139812563, 13.919569245845578, 8.24008961558192, 5.423841606218231, 29.589325681698543, 34.21354718157572, 43.46334678340117, 53.250880527290974, 58.4594695079676, 56.09166583779274, 52.58661500344369, 48.76742764963021, 40.36349123319984, 33.07289165603289, 22.77533485573896, 12.585436508046195, 81.90125808475565, 72.69925301763135, 67.89570412