{
	"dissimilarities": [[0.0, 8.451194969965552, 15.925787110971532, 22.378147077571324, 17.903090220393047, 11.905747493728946, 8.462482995787527, 42.748767660240425, 48.37774329973545, 55.618130529292024, 64.2976202984866, 73.84200585499353, 64.50404515628412, 57.18285116157911, 48.80485506005738, 16.53275877369996, 16.44461606989458, 19.550695391185503, 27.123373450550083, 32.56435797560324, 30.0549223039694, 23.472234137845703, 15.703052138041219, 9.519048580322982, 8.763031016267997, 43.82813680420085, 50.261546116488304, 57.37460061576453, 65.94664810875418, 72.58341532684175, 70.69923367804408, 64.18547826309529, 56.60843598154829, 49.35457800957794, 42.991528798627485, 22.26380237506518, 33.25897786637416, 43.577828206213546, 41.93651123551719, 49.98469950277891, 56.91286686958137, 60.79942374093798, 62.72325687314594, 59.041233634252805, 48.24118709436299, 38.69350352008472, 33.47473872274264, 66.45368793930336, 62.16715309847497, 63.97300291024376, 67.40497801608959, 70.21048619893374, 75.21508785531093, 81.08800344338887, 84.29994837242181, 83.94477357673746, 82.15578902057977, 78.2441900741221, 74.14006825501774, 66.68847298378809, 68.54952606184975, 70.88629117661422, 74.1901615379552, 78.85736462989347, 75.09577315821015, 72.69165384775948, 69.5153653727514, 51.356054289826034, 53.3299027165054, 64.86412875203186, 71.9293726436006, 83.84205343555138, 91.6007505436136, 103.46310134614453, 100.99562072222174, 125.90434715658013, 115.24439594466912, 119.54562459103634, 110.69720840697124, 106.2770179790145, 98.35945038629154, 93.67841880948046], [8.451194969965552, 0.0, 7.934154307430373, 15.155558055192854, 12.076328813296447, 9.509824286076897, 12.683700102299724, 51.18006181715498, 56.82318592930507, 64.05174370124976, 72.72698068064098, 82.17848375551957, 72.92108534565465, 65.58243023724987, 57.18546402628783, 19.84084006284366, 15.137365728946897, 14.686293497124623, 20.113143781748445, 24.980765461667445, 22.182187751001074, 15.772078993497276, 9.5169697762749, 7.857716011830535, 13.147341161512314, 51.94030766723503, 58.33670854743735, 65.49667466222593, 74.04960677305593, 80.71159943001388, 78.9901484677357, 72.44391974153567, 64.94660778908687, 57.67404165928634, 51.36871975583341, 28.90847930526912, 38.5830211507488, 47.67043124653472, 45.10972932110429, 53.472344038334256, 61.06586652043541, 66.02731080468406, 68.93645650021126, 65.89619153986766, 55.07717198848929, 46.304053402742554, 41.74987388086035, 67.90120735577955, 64.57596389985767, 67.22239221262079, 71.4857576759092, 75.07014537837205, 80.68419369312787, 86.8472641475396, 89.53383166534567, 88.53887726652182, 85.7556553185131, 81.13543755130388, 76.3477155490898, 68.76904542177239, 71.6713427223706, 74.84014558112946, 78.76882216208877, 84.34604290709909, 79.63699640498862, 76.58295451083762, 72.61119365300894, 45.188555017758496, 47.625157449826965, 60.76058899857328, 69.314553118262, 81.93238707996323, 90.61672898748184, 103.80082347318074, 103.98648806700909, 130.70486762476696, 121.25939018958302, 125.88924167870587, 117.50340709367823, 113.59430926242433, 106.00090486899474, 101.30223281385999], [15.925787110971532, 7.934154307430373, 0.0, 7.5522903021150505, 7.461853561380977, 10.62823965597078, 17.489092438841244, 58.19611293992018, 64.08389042394265, 71.366311462706, 79.91658671851818, 88.88802004789294, 79.76380545996273, 72.44631643642967, 64.02791443777112, 27.040367437075073, 20.640512363199612, 17.238569156063996, 18.181263386905158, 20.34343526458718, 17.02029287641849, 13.023660331749214, 11.90157056205079, 14.621832333043963, 20.871106037572417, 59.71409391410562, 66.13449334403778, 73.25991353090592, 81.75358480654319, 88.22831688650813, 86.42515356395177, 80.05568212846612, 72.50594696166357, 65.26942785473999, 58.87460497723423, 36.024186939933685, 44.13319959063894, 51.70064216721728, 47.12988450972962, 55.52152617126161, 63.69613277580196, 69.54024084419602, 73.11825940863409, 70.72415750545296, 60.56123460745728, 52.77215830559741, 49.14372674827818, 67.17337728671308, 65.09916434738578, 68.62807234432641, 73.64533203275576, 77.87238870077674, 83.82884699555834, 90.10700626552106, 92.24443530070064, 90.68391810835895, 86.98461026337063, 81.71822744725002, 76.31981888756684, 68.7340212721753, 72.77467854163356, 76.73951162653707, 81.17575332479407, 87.39752193060353, 81.98440319436385, 78.3602344585571, 73.66294759861381, 41.03782536305591, 41.348154764630664, 54.72406795620008, 64.28322295399411, 77.3859296924955, 86.82788712443386, 101.110719720725, 104.37185329343514, 132.18539598371493, 124.16419268893621, 129.18427076322914, 121.49749016331506, 118.3920096452061, 111.80856427651824, 108.12439944673646], [22.378147077571324, 15.155558055192854, 7.5522903021150505, 0.0, 7.495501251915374, 14.09118750538055, 21.882785539011504, 63.34907162498323, 69.53923139658991, 76.87129507488663, 85.21065330616878, 93.49896618225245, 84.55790132845827, 77.3150562270752, 68.92293949213148, 34.509888542628055, 28.027986847607323, 23.84673123114063, 21.913609781642297, 20.64254257504283, 17.170607150471852, 16.97541321307688, 18.860629199971537, 22.160688656966663, 28.170427960828867, 66.07956510007948, 72.53741255357771, 79.57403004796005, 87.97906736615387, 94.15689724391598, 92.14030717857305, 86.0608745403977, 78.41052998005881, 71.25957963292294, 64.73635357689656, 42.26125884924873, 48.968480045259156, 55.09612587168964, 48.10561160767655, 56.29269810012224, 64.89441070910439, 71.36633458048809, 75.3130698623239, 73.50779068211729, 64.3906645884836, 57.62674314775094, 54.96020650172309, 64.87999584545126, 64.1597830908471, 68.4998451140545, 74.11818134753004, 78.80736163470159, 84.86392215061386, 91.10391818868197, 92.7302250654824, 90.72362517596436, 86.27347198051824, 80.4854610118423, 74.60285285154072, 67.11148632778657, 72.23931345193327, 76.87776698199917, 81.66992455886061, 88.2603442915336, 82.40788660215347, 78.3430134799237, 73.06084412263117, 39.78158589208984, 35.61768663123283, 47.77169123745333, 57.83727977581329, 71.24358279156513, 81.2546548442876, 96.3652839486461, 102.71410027590888, 130.92775356711846, 124.33440221497995, 129.73534279164187, 122.84821343860482, 120.66044429457013, 115.43897917541858, 113.31229393541288], [17.903090220393047, 12.076328813296447, 7.461853561380977, 7.495501251915374, 0.0, 7.427375540984447, 15.756207065147313, 57.668352420306874, 64.09332339209584, 71.48231917510597, 79.9625509829218, 88.49176308402323, 78.91036371323491, 71.46948119170776, 63.04300690315668, 30.494873401161488, 25.72801296071475, 23.557266868452526, 25.145413115629857, 26.46887998741573, 22.946362868495957, 19.80661723586948, 18.04024348711031, 19.109304408220044, 23.823794246465823, 60.77064111626704, 67.3127316607531, 74.4488940035105, 83.14978935000296, 89.60429137961023, 87.2827299152255, 81.00723466144792, 73.11521725984548, 65.93662464543681, 59.375491773811895, 35.89351244511979, 41.693835842244894, 47.65279446378634, 41.09470002410752, 49.394178601329315, 57.85794437112492, 64.24139889781551, 68.38880990396396, 66.67089948867662, 57.17164911692324, 50.77125304186494, 49.032375331722946, 59.91662107329753, 58.17157818154385, 62.0586109203464, 67.43878164792716, 72.04128255044493, 78.28552226850654, 84.72873221530513, 86.45406347564153, 84.49565140640179, 80.31514532877745, 74.7947873876334, 69.20356355822646, 61.62717998513773, 66.05179578823008, 70.38228372102458, 75.0987279989806, 81.82814004207702, 75.87221938128836, 71.93799281018667, 66.9158121161384, 46.578765750158176, 42.20820444975319, 51.34019122471143, 59.27750708551168, 71.60588093215294, 80.50775717407623, 94.5527525367978, 97.39134690008942, 127.00360000821541, 119.61261616431631, 125.72435867111504, 118.98374815901899, 116.69249322477626, 111.87823403377936, 109.99146853763875], [11.905747493728946, 9.509824286076897, 10.62823965597078, 14.09118750538055, 7.427375540984447, 0.0, 8.387657589107823, 50.28986159131359, 56.73514211142908, 64.1304302127801, 72.65370923717528, 81.35756574505815, 71.59455228982131, 64.11255571331598, 55.6752488501861, 25.771853819243084, 23.23266863470415, 23.379648609423988, 27.863565423700535, 30.92908009898912, 27.637602594093252, 22.805252666591613, 17.93267831515064, 15.896122219333808, 18.541956649591167, 53.56080388970739, 60.11703909496793, 67.23626766747142, 75.99048322934604, 82.49959862363811, 80.06370743785264, 73.74992321366173, 65.79383301956824, 58.626895934778865, 52.05159489402666, 29.123415300691182, 35.58618393875805, 42.63239619813801, 37.04986459357079, 45.383292751772046, 53.42019738028505, 59.01975473254753, 62.52119088232471, 60.29782806180328, 50.5123210383075, 43.565565289891765, 41.64475250244605, 58.47723977262129, 55.57437164904581, 58.66440925602656, 63.35899942097937, 67.36275842622541, 73.24710547797748, 79.57167480220873, 81.77271472909317, 80.33673180862331, 77.01252790691834, 72.10151931160331, 67.1042565369893, 59.5207156033404, 62.90972674838041, 66.5108597538428, 70.75089234542284, 76.85231566123535, 71.57509428980408, 68.16755867613863, 63.82049815577097, 50.81664380943633, 47.45389478687956, 55.80707090334522, 62.41385889536562, 74.11364970095825, 82.13165740401044, 94.95622747529494, 94.88908639508367, 123.37602952611422, 114.77736785062382, 120.69169152896306, 113.50648759110967, 110.71197269654297, 105.5226514690304, 103.44264398612569], [8.462482995787527, 12.683700102299724, 17.489092438841244, 21.882785539011504, 15.756207065147313, 8.387657589107823, 0.0, 41.914738338769794, 48.38615857711915, 55.78598129966364, 64.2823630583095, 73.04068454043278, 63.23305314581169, 55.77098369795867, 47.33438703771951, 23.030122554953635, 23.692650961770703, 26.255692503157047, 32.79465891974823, 36.88534072118401, 33.91382195639914, 28.31307463394455, 21.53375566565006, 16.505772291094534, 15.555845160140223, 45.686519551875385, 52.23387947190491, 59.25252723914062, 67.96425395464114, 74.39534830836566, 71.81593712965773, 65.57796195598625, 57.57307930799813, 50.46287477584798, 43.84383673910058, 22.923318817059, 30.538775303815758, 39.01633270968524, 34.46793042344362, 42.504827787733305, 49.823581455368945, 54.207832703444744, 56.57716597903545, 53.595457272213686, 43.8032718454104, 35.9982072031029, 33.565940428699164, 58.03951808709128, 54.034825964365034, 56.15766760006689, 59.90730758491328, 63.02579834469567, 68.22323093747957, 74.233503735112, 77.05140031735661, 76.35218817225734, 74.15879267894178, 70.04295649965056, 65.81580275306783, 58.36290507092646, 60.56617839442033, 63.21924753081642, 66.75405012811069, 71.8173495268638, 67.6250210015224, 64.95438470189116, 61.51020259280841, 55.77431403141934, 53.07002278476218, 60.65416971108695, 65.96211727991732, 77.00811604950525, 84.11042583167936, 95.5409192116701, 92.75925794123354, 119.06128622664981, 109.12350692674802, 114.57704983418111, 106.81572337421528, 103.44013514319671, 97.81328921830631, 95.69159499937622], [42.748767660240425, 51.18006181715498, 58.19611293992018, 63.34907162498323, 57.668352420306874, 50.28986159131359, 41.914738338769794, 0.0, 7.575745667681431, 14.61181443317653, 22.88800853960818, 32.9585496268055, 21.919785054197817, 14.593887338986006, 6.743386216935674, 43.667871750296726, 52.237027020779855, 58.96716803134024, 68.37163860482458, 74.31541003574308, 72.23569709927077, 65.6604055047083, 57.08048433138964, 49.52634844131769, 42.49326177295564, 15.669218457844888, 19.06623965065846, 23.090243490231234, 30.563415974210486, 36.13296476621236, 31.92172998834852, 26.50334112850125, 18.23425524300658, 13.34586458076512, 8.856051199996132, 30.672642091412403, 35.34440895392299, 44.74180023147885, 47.950275205746514, 50.678150506117504, 51.31431141648851, 47.1888506157904, 41.35998959490658, 33.46594433121649, 27.83380828606657, 18.04597548372592, 12.558980390897421, 72.1361565906157, 64.21573080073469, 61.18034890329779, 59.02680731867772, 56.35688050020204, 56.2498426256221, 59.11313240658977, 65.35440747777187, 69.1040766288511, 73.50501515278295, 74.21233438330236, 74.46888092279686, 69.24448141527468, 65.28024932713897, 62.402569859382545, 61.21719553868078, 59.095643052108066, 62.16720204702636, 64.16758958278852, 66.16057546393975, 89.37926150627273, 89.02655656165831, 93.83148567509859, 94.49397749538406, 102.06490121305983, 104.9160327508855, 109.4523292135486, 93.20551393338042, 106.31420848767885, 88.72993296760227, 91.20117230190212, 80.10969891196464, 72.56315083068806, 63.69087747991479, 60.77281834802541], [48.37774329973545, 56.82318592930507, 64.08389042394265, 69.53923139658991, 64.09332339209584, 56.73514211142908, 48.38615857711915, 7.575745667681431, 0.0, 7.411237405556782, 16.32013823261032, 27.988107098593517, 17.814538914732708, 11.996636452570112, 8.543636259180161, 47.74190916266023, 56.575323325601744, 63.49798755071597, 73.01058742526709, 79.22864522621869, 77.36785990324489, 70.70025699714856, 62.10943692027021, 54.57202208717552, 47.41340757412541, 13.321311807858752, 14.121314901719705, 16.355167385272278, 23.10261139238201, 28.637393867081375, 24.519428629812342, 18.95763575636551, 10.864030592986612, 7.488948853410406, 7.236626272816014, 35.84811358467206, 41.07030004360935, 50.692998718139975, 55.201144763892756, 57.66725899213203, 57.74097879105214, 52.89803566566768, 46.339769495951145, 38.1476471364227, 33.24845942133515, 23.997823885771037, 17.32600179543711, 79.31112401374298, 71.20857584281383, 67.80574091072712, 65.14082614503381, 61.89998829747616, 61.102155877162836, 63.33998138344768, 69.96148695953801, 74.27421484120059, 79.40694550047421, 80.60465541708103, 81.24496909773927, 76.25014225438112, 71.83937764730125, 68.47563014614404, 66.78614927922303, 63.73613241035011, 67.72358056039523, 70.2152047847581, 72.70161035851783, 93.54151852881726, 94.68188543523709, 100.46671120269899, 101.40866827468041, 109.070754276468, 111.86415842638156, 115.9870528239092, 98.92633250638447, 109.35111138914847, 90.61737744042786, 91.7702353602663, 79.59640564741493, 70.68520073961842, 59.463676961052066, 54.28251117138843], [55.618130529292024, 64.05174370124976, 71.366311462706, 76.87129507488663, 71.48231917510597, 64.1304302127801, 55.78598129966364, 14.61181443317653, 7.411237405556782, 0.0, 9.381489653163243, 22.42426412602716, 13.24085893405054, 10.566526791461325, 12.710875365509882, 54.29904503748899, 63.267342136842586, 70.2793466941969, 79.83049252057415, 86.13599927326707, 84.37265378087749, 77.69505165123562, 69.1106294288448, 61.59496323826318, 54.39507805875474, 17.10819756482795, 14.792294262126449, 13.295228450722838, 17.631885122482252, 22.340430435291392, 17.600828214338694, 12.755089076398018, 6.206988734909466, 9.183268555902144, 13.280078330530548, 42.61360283760261, 47.2208090844344, 56.29843252349757, 61.435616179651596, 63.30390796235572, 62.60089945400051, 56.84881697824525, 49.377361240114446, 41.03313731111424, 37.66942550480974, 29.86691611637845, 24.24690868318273, 84.84420275343794, 76.5481923230651, 72.66388487843894, 69.33085785229464, 65.37243664209709, 63.69160775678288, 65.17952450284805, 72.15262066558599, 77.08778969401435, 83.08875162775414, 84.92905382319786, 86.12117441721466, 81.51812407027863, 76.51408075719176, 72.53282606586131, 70.20161769964503, 66.03574089730071, 71.10921685081108, 74.20659876591631, 77.33854335873224, 99.93570597689083, 101.48974663691828, 107.20523527788579, 107.81627824475518, 115.13352693897231, 117.49091179405515, 120.77340748651972, 102.261447162038, 109.97949068530988, 90.07735093971239, 90.29940268423634, 77.43692949342491, 67.46236856485524, 54.94238251068159, 48.820097737340035], [64.2976202984866, 72.72698068064098, 79.91658671851818, 85.21065330616878, 79.9625509829218, 72.65370923717528, 64.2823630583095, 22.88800853960818, 16.32013823261032, 9.381489653163243, 0.0, 13.98226055000685, 9.635990379965364, 13.451256752211703, 19.46948279878644, 63.468727326650615, 72.2960806870617, 79.17912910785354, 88.47081214665894, 94.46510418659356, 92.77352543828111, 86.39509919965518, 77.98435565354707, 70.51988208948097, 63.432716744645276, 25.96163295841681, 22.389238462479558, 18.000516894300144, 16.993052059888537, 17.595918322913214, 11.456016612472853, 11.956750815614793, 12.050285834613632, 17.95532769421004, 22.50051622006922, 51.93677521628782, 55.97071711403452, 64.23453111126729, 68.66666164554981, 69.8148626978921, 68.4278812584957, 61.73659343667296, 52.96772526448247, 44.60363364321842, 44.071200016145575, 38.01307062949856, 33.50142765264219, 90.23798877704994, 82.17646831672154, 77.96272188074403, 73.96206471230681, 69.15627263373871, 66.10130838038442, 66.38454880833825, 73.69760082085897, 79.44520651937886, 86.45583312263827, 89.01756901268162, 90.83236097572349, 86.76703974468833, 81.38924154187102, 76.81718849978178, 73.69932717441833, 67.89069579397422, 74.53415590084404, 78.3267441271642, 82.1390703032217, 107.31239931658186, 108.33473968002642, 113.33863322949203, 113.28188898424902, 120.05217576689256, 121.81704603960895, 123.92949803395615, 104.83493786832217, 107.66647433177386, 86.6442661132762, 85.32223390366582, 71.63012442121062, 60.55520604962769, 47.08650671662876, 41.99815503346827], [73.84200585499353, 82.17848375551957, 88.88802004789294, 93.49896618225245, 88.49176308402323, 81.35756574505815, 73.04068454043278, 32.9585496268055, 27.988107098593517, 22.42426412602716, 13.98226055000685, 0.0, 14.1884408950194, 21.657473110320808, 28.618605009684785, 75.14439731497393, 83.46159830070347, 89.89775536086559, 98.50654035702618, 103.57461568422164, 101.86874247067009, 96.24539872922955, 88.25999485261725, 80.9211481390462, 74.19236468340893, 39.30710501942337, 36.19217072468306, 31.626861457095274, 28.17098226297702, 23.90879586638133, 18.53107311416594, 24.20634436347473, 25.956150735000975, 31.325755182914328, 34.77835786105884, 63.46604678147868, 66.75250082153804, 73.74805915848368, 75.51006385397129, 75.72364892064827, 73.83469638424884, 66.32372244090769, 55.91680510189318, 47.90734929459498, 51.81309823671517, 47.94535330576749, 44.980328621438204, 93.24645516375891, 86.16753045354514, 81.9280852895006, 77.3615863130594, 71.64417484712686, 66.58971151633601, 65.03492797946514, 72.53145735753291, 79.2524284293117, 87.31867920471106, 90.63612886271923, 93.12842965912823, 89.85518272834341, 84.53216269972918, 79.5165015414912, 75.4932520452654, 67.41276539093857, 76.1816241981258, 80.69714187289027, 85.14444525121847, 115.0307781086538, 113.69031043327183, 116.61086768441218, 115.19488778564116, 120.94060786258386, 121.78374593455263, 122.1722492372782, 104.08840601899917, 98.8745883337435, 77.0732508059531, 73.4334205420862, 58.86761514028982, 46.98463682713123, 34.72091454784747, 37.49928570560131], [64.50404515628412, 72.92108534565465, 79.76380545996273, 84.55790132845827, 78.91036371323491, 71.59455228982131, 63.23305314581169, 21.919785054197817, 17.814538914732708, 13.24085893405054, 9.635990379965364, 14.1884408950194, 0.0, 8.136713624524704, 16.29224102078078, 65.11723049008553, 73.91843136364804, 80.72591107333506, 90.03582177048595, 95.73426239109722, 93.74026421391868, 87.43195921388364, 78.94715644337889, 71.40832060625485, 64.36032518660603, 29.645201301299828, 27.54822783439111, 24.921372950607594, 25.947426943602505, 26.908371789751047, 20.504333053712212, 20.635806980773253, 18.139354246691887, 22.102962578087922, 24.924942573575752, 51.66227469673559, 53.41917791228643, 59.97674361646328, 63.20207645298103, 63.416066832542356, 61.33587935590079, 53.9894760133637, 44.47086982323582, 36.21889953753638, 38.14835901308341, 34.61736871286784, 33.54911923769716, 83.04374886482061, 74.93351775073765, 70.37499032745986, 65.89420023048842, 60.61341824240017, 56.96544006959167, 56.92818774792064, 64.30262550443022, 70.2607922138669, 77.67662461758579, 80.65627819186011, 82.92535229108452, 79.31099718356991, 73.49358723280274, 68.51904358630891, 64.98259167056972, 58.58224573462896, 65.77869073733717, 69.9289798282126, 74.19061421524987, 109.47754257798057, 107.99458374626454, 110.525738635311, 109.01394261679695, 114.69126311608778, 115.5173871204627, 116.62620846411768, 95.74049245006907, 99.53175866190409, 78.47992908912974, 78.97765048980337, 66.71340076502331, 57.13815459708348, 48.511315060757, 49.084358954066865], [57.18285116157911, 65.58243023724987, 72.44631643642967, 77.3150562270752, 71.46948119170776, 64.11255571331598, 55.77098369795867, 14.593887338986006, 11.996636452570112, 10.566526791461325, 13.451256752211703, 21.657473110320808, 8.136713624524704, 0.0, 8.46125257006798, 57.74603542729162, 66.60330862341985, 73.46909029013716, 82.961809030636, 88.84508765671345, 86.74101857901327, 80.21431971996097, 71.59552390916473, 64.02299758126128, 56.92182205440111, 23.964264916642428, 23.335517163739933, 22.950546592969193, 27.064511973438957, 30.484662839752843, 24.591567581231597, 21.759724459487206, 16.083498520804387, 17.417771578355623, 18.76028270441288, 43.73298965613492, 45.351149489825374, 52.26620099308509, 55.880391566758526, 56.58223857606758, 55.00283434958409, 48.36003200992405, 39.87145867467566, 31.4735204423248, 31.072186178722415, 26.545564857588715, 25.887615895351853, 77.27163750929888, 68.88362941420455, 64.54723505112138, 60.59417607753602, 56.02202535944852, 53.63208938177328, 54.77705986526198, 61.84655345708044, 67.05258927286276, 73.5741579937962, 75.93351926923326, 77.68825329148078, 73.6126919408585, 68.04474779639484, 63.54099370501021, 60.68452618813457, 55.797652075125676, 61.55264737166494, 65.1056795713, 68.80994305702899, 103.49413881653462, 102.06135029418351, 104.83141258120226, 103.6946263721471, 109.71982645352374, 110.95847985556915, 113.01090538020222, 92.42450579692186, 100.90176749220134, 80.96816239425253, 83.00967584240969, 71.62545499382931, 63.14204654532988, 55.270535938061904, 54.80134798734135], [48.80485506005738, 57.18546402628783, 64.02791443777112, 68.92293949213148, 63.04300690315668, 55.6752488501861, 47.33438703771951, 6.743386216935674, 8.543636259180161, 12.710875365509882, 19.46948279878644, 28.618605009684785, 16.29224102078078, 8.46125257006798, 0.0, 49.87785930377378, 58.56030547867949, 65.32666869606068, 74.77736813419189, 80.63569508508324, 78.46665828629692, 71.91708034255328, 63.305378131384735, 55.744922661076295, 48.708186355407264, 19.66798852281801, 21.375175285774684, 23.68883444704834, 30.099657263722673, 34.91588467390179, 29.81819079609994, 25.32393636384119, 17.631436561554562, 15.228002650301681, 13.467055043682306, 35.82456589508459, 38.268741558153515, 46.11609978332548, 49.29815641066334, 50.92008867100672, 50.43178762386502, 45.06129598549036, 37.96428192469057, 29.706463576406687, 26.486187720467175, 19.5930360113708, 18.12969684367949, 72.13799331189117, 63.901465899413466, 60.19463869445617, 57.17063725346954, 53.62527189978447, 52.57695027508584, 54.82987185388799, 61.42247833105442, 65.75907479785096, 71.080749088576, 72.53987887390858, 73.50987873345098, 68.824148081375, 64.03165749317284, 60.37331852566947, 58.43944684999013, 55.192839017190785, 59.36164948286222, 62.06051646250193, 64.8629540234722, 95.77298028798971, 94.36058820173572, 97.67050145103858, 97.20281243944413, 103.86012935781993, 105.81143521244302, 109.11450845772377, 90.51440010386673, 102.40052251144971, 83.92455963501507, 86.73949263772371, 75.8885122774871, 68.32349419396537, 60.70913176013346, 59.57795683348995], [16.53275877369996, 19.84084006284366, 27.040367437075073, 34.509888542628055, 30.494873401161488, 25.771853819243084, 23.030122554953635, 43.667871750296726, 47.74190916266023, 54.29904503748899, 63.468727326650615, 75.14439731497393, 65.11723049008553, 57.74603542729162, 49.87785930377378, 0.0, 10.013289017051589, 17.95466673137291, 29.23587717222061, 38.27579281101917, 36.528990771541935, 27.608891147457232, 18.526233094390776, 12.558590140510205, 7.790804146554968, 39.03780543476464, 44.964059000962244, 52.35566328122577, 61.29902852658562, 69.23773004570663, 68.1732717579781, 60.49769905532713, 53.53078403987555, 46.265068668957944, 41.024824125241224, 18.064111636922835, 31.250395249315922, 43.57885586640863, 49.221415051333075, 56.91278421278183, 62.52243073024791, 65.60326210666071, 67.82850953888818, 63.6202472145457, 49.95221531974977, 39.020088401990755, 32.00807684168046, 77.424280289428, 71.1201210236698, 71.60772936037094, 74.16340291848944, 76.54297363541944, 81.96901183750593, 88.18731617596129, 91.91275831324288, 91.83879453287979, 90.79385202098958, 87.54583705102769, 84.051977833029, 76.7128008539074, 76.81593312089078, 78.21437047005655, 81.18462809719973, 86.00963606282549, 82.19080858263465, 80.26935742078989, 77.86246434696623, 57.70819556576966, 66.39918603295102, 80.39550527927786, 87.88827737665281, 99.53284987811136, 106.87817729161088, 118.22576270620752, 110.59924129481158, 137.66294396495056, 124.90596676436593, 129.15014077754915, 119.22195296449377, 113.05473989954699, 102.17870821301632, 92.79669654122658], [16.44461606989458, 15.137365728946897, 20.640512363199612, 28.027986847607323, 25.72801296071475, 23.23266863470415, 23.692650961770703, 52.237027020779855, 56.575323325601744, 63.267342136842586, 72.2960806870617, 83.46159830070347, 73.91843136364804, 66.60330862341985, 58.56030547867949, 10.013289017051589, 0.0, 7.971181132315655, 19.345927018525895, 28.754868048871536, 27.158992767866746, 18.063240417935265, 9.754744847219431, 7.643943841647847, 10.637430639267173, 48.43429726454073, 54.351593672577785, 61.62594107711975, 70.2682407659935, 77.83094734806349, 76.95622517416055, 69.57185638407562, 62.709579135680826, 55.4453276625136, 50.01241679342787, 26.781465030891734, 38.570203226224784, 49.567886207750334, 52.95459200801101, 61.13907027541692, 67.68772286379144, 71.86311704538952, 74.76518162174726, 71.05567570993306, 57.930844541270666, 47.644971102294654, 41.08715046530656, 79.21745449648547, 74.15944038114294, 75.66842581538044, 79.1443923806121, 82.2719084309809, 88.0992942805879, 94.47474772278933, 97.72578759960325, 97.10436219340185, 95.077881825372, 91.05703943716021, 86.8084978760386, 79.27448321234542, 80.67680809910725, 82.99864954854095, 86.57697746572974, 92.08194245525436, 87.53809079783966, 84.96254041221732, 81.69242018274309, 48.8706554433166, 59.05759614138284, 75.15489696155774, 84.31428148134715, 96.86352117304904, 105.31132549261542, 118.09160314902917, 114.25293889724416, 141.98271996871458, 130.61391892741176, 134.7746374640787, 125.14977533531207, 119.55861085188319, 108.9651605818311, 99.93945079597036], [19.550695391185503, 14.686293497124623, 17.238569156063996, 23.84673123114063, 23.557266868452526, 23.379648609423988, 26.255692503157047, 58.96716803134024, 63.49798755071597, 70.2793466941969, 79.17912910785354, 89.89775536086559, 80.72591107333506, 73.46909029013716, 65.32666869606068, 17.95466673137291, 7.971181132315655, 0.0, 11.453826465839658, 21.136592170214428, 19.700763604679107, 10.60576792934849, 5.585252837106751, 10.448223428196634, 16.852879070583672, 55.86728811453612, 61.79676676386113, 68.98355864895554, 77.4143863805258, 84.66508039749368, 83.87522407175648, 76.73933126791151, 69.92422092972105, 62.673334403144736, 57.09784405742223, 34.00201639767251, 44.93196466010319, 54.94798462625224, 56.50991757935172, 64.90860743226784, 72.06684316972452, 76.95407756664252, 80.24707008564057, 76.89093422026072, 64.30750869697033, 54.4904426373561, 48.24638706971698, 80.85843029760565, 76.85583616260097, 79.12745909364722, 83.24338782888242, 86.86871775219633, 92.90269589392399, 99.33022292744413, 102.2234577888554, 101.22105261090468, 98.49086390358448, 93.91896242744787, 89.13339325716947, 81.52164684884404, 83.92004385985341, 86.90610610928293, 90.88784262155019, 96.8045054585287, 91.80747627516098, 88.78073697302129, 84.90136703792392, 41.90927018506747, 53.141886011489596, 70.9146974190531, 81.40387060484957, 94.6206889210676, 103.92178590811297, 117.77435452575048, 117.06806111578351, 145.0193459630939, 134.77985866966506, 138.85201219524288, 129.50999588478163, 124.41573762739964, 114.17446955549502, 105.63943127523278], [27.123373450550083, 20.113143781748445, 18.181263386905158, 21.913609781642297, 25.145413115629857, 27.863565423700535, 32.79465891974823, 68.37163860482458, 73.01058742526709, 79.83049252057415, 88.47081214665894, 98.50654035702618, 90.03582177048595, 82.961809030636, 74.77736813419189, 29.23587717222061, 19.345927018525895, 11.453826465839658, 0.0, 10.35485437582224, 9.943763474041704, 5.406311343796988, 12.717301651670375, 19.855735125897052, 27.10556851608116, 66.06628056558338, 71.95495233512558, 78.95698985433145, 86.99945874043105, 93.72740713174107, 93.10134424606093, 86.38330184728461, 79.71815629827691, 72.54412925500998, 66.84936643372454, 44.79287237651086, 55.18873239023959, 64.27443826008249, 63.48323480357987, 71.97195822329356, 79.75723261944025, 85.29273340291326, 88.76050643678666, 85.70047877227204, 74.01251234785217, 64.57630340678872, 58.36686999115963, 84.89239048290248, 82.40526161135112, 85.6030680760406, 90.40017503368846, 94.48483469072556, 100.54089568512157, 106.86860661351379, 109.38082383760413, 108.03121811032167, 104.55467855206442, 99.37021283572487, 93.97908246930206, 86.36374486927076, 90.03203906071444, 93.7631613633367, 98.11767772596906, 104.2660834101297, 98.97657591403137, 95.49698124630041, 90.95573756341054, 31.503815050804377, 44.963299401817956, 65.70343577477878, 78.24725968533795, 92.43535680204182, 102.96645558082156, 118.20632589618386, 122.22196409623973, 149.3990454931325, 140.66186813861336, 144.28277305133778, 135.19356194917737, 130.69281830669712, 120.76268359440151, 112.85906528411223], [32.56435797560324, 24.980765461667445, 20.34343526458718, 20.64254257504283, 26.46887998741573, 30.92908009898912, 36.88534072118401, 74.31541003574308, 79.22864522621869, 86.13599927326707, 94.46510418659356, 103.57461568422164, 95.73426239109722, 88.84508765671345, 80.63569508508324, 38.27579281101917, 28.754868048871536, 21.136592170214428, 10.35485437582224, 0.0, 3.6237959646650926, 11.616935825764942, 20.63266821115706, 27.436997912095904, 34.82070122046524, 73.46254397159824, 79.41268868675718, 86.24849996340949, 93.99242736217109, 100.1265154874461, 99.40010389829965, 93.19279804053669, 86.50806638666496, 79.4191825801365, 73.50004207809262, 52.578118490734106, 62.46874558535505, 70.73874765923023, 67.25230993753864, 75.65109678869563, 83.91811569293917, 89.86219344159794, 93.25233487385842, 90.47669048692478, 80.03165642477994, 71.11275589447995, 65.22921512131258, 85.49035301760155, 84.51259785347897, 88.51374973125205, 93.81613129395393, 98.1749243517472, 104.02608834027689, 110.11259735517879, 112.27175441846754, 110.69509566565651, 106.6656265259278, 101.02880874480381, 95.20206594654466, 87.68747355196851, 92.497363546848, 96.8184218469091, 101.38530638973151, 107.50005831258352, 102.17394221369504, 98.38391865618559, 93.35185560032727, 23.11528117606666, 35.47253359874361, 58.185055850165305, 72.21894580819342, 87.11626188760845, 98.58512582685222, 114.79529524653354, 123.34193740799903, 149.03068453613406, 141.83291680618112, 145.10003894951035, 136.4866278161398, 132.81192438014133, 123.86293290096783, 117.56260966196582], [30.0549223039694, 22.182187751001074, 17.02029287641849, 17.170607150471852, 22.946362868495957, 27.637602594093252, 33.91382195639914, 72.23569709927077, 77.36785990324489, 84.37265378087749, 92.77352543828111, 101.86874247067009, 93.74026421391868, 86.74101857901327, 78.46665828629692, 36.528990771541935, 27.158992767866746, 19.700763604679107, 9.943763474041704, 3.6237959646650926, 0.0, 9.455844179561863, 18.39953696105878, 25.195832154127793, 32.665643475412544, 71.82138403902854, 77.8880805241963, 84.81601765717993, 92.74596553043087, 98.9804425286528, 98.03965891742132, 91.77134968271119, 84.8919672043966, 77.74631459248415, 71.71518933048601, 50.12808851429884, 59.55339865836383, 67.51850451850157, 63.753164577153775, 72.14572571969691, 80.45359905167501, 86.51813774410498, 90.08703995525855, 87.47985894789592, 77.07686344006316, 68.46526433404675, 63.08979043533831, 81.96941066723485, 80.94115310547839, 84.96627681321576, 90.3249056255048, 94.76838213242205, 100.7293915131915, 106.89616885020519, 108.96465603470782, 107.28810319532563, 103.1681842995671, 97.50094473081356, 91.66101943113996, 84.13999194078814, 88.94937759483781, 93.31927847251556, 97.94896640701798, 104.22320021238897, 98.73437060011634, 94.88248267825709, 89.80361910049137, 26.1536724113697, 35.38424051470108, 56.55508023224936, 70.0067163893164, 84.65690148207091, 95.87982406043587, 111.92973739756044, 119.85094763102725, 146.31115207461946, 139.1508072289166, 142.8601368227221, 134.52799119240555, 131.05899969129027, 122.67429595387871, 116.93592741304705], [23.472234137845703, 15.772078993497276, 13.023660331749214, 16.97541321307688, 19.80661723586948, 22.805252666591613, 28.31307463394455, 65.6604055047083, 70.70025699714856, 77.69505165123562, 86.39509919965518, 96.24539872922955, 87.43195921388364, 80.21431971996097, 71.91708034255328, 27.608891147457232, 18.063240417935265, 10.60576792934849, 5.406311343796988, 11.616935825764942, 9.455844179561863, 0.0, 9.441986266800756, 16.83711252831512, 24.40963596918795, 64.33163595386743, 70.42682055095318, 77.54674665525468, 85.83144648091229, 92.602457945051, 91.61120792631223, 84.89441536106979, 77.91021844007783, 70.65841661971422, 64.73637951911307, 41.75419405204911, 51.409532692667504, 59.986733774605, 58.39785700042643, 66.88493918737596, 74.79504389157763, 80.53795553983647, 84.22762127889405, 81.43876140867725, 69.99214407336213, 61.07340781035506, 55.70576845945068, 79.49680492219905, 77.0839325096873, 80.3926764446074, 85.314155481508, 89.53469822583266, 95.70168295871862, 102.10395246943489, 104.45317956859421, 102.95174755161565, 99.30786335094862, 94.04618265815351, 88.60677496488731, 80.99356156013468, 84.77109483804031, 88.62333293554656, 93.07748654520087, 99.42015326576592, 93.92387080659465, 90.33436552780367, 85.68730424382815, 34.182458032802444, 43.60965775243712, 62.352614015198505, 74.12720366410034, 87.9832216368436, 98.21543963713722, 113.26113273489705, 116.88265855167175, 144.85262934498706, 136.3579954663368, 140.56158906378263, 131.9523369666444, 127.88025272952653, 118.97032703189485, 112.23788029582549], [15.703052138041219, 9.5169697762749, 11.90157056205079, 18.860629199971537, 18.04024348711031, 17.93267831515064, 21.53375566565006, 57.08048433138964, 62.10943692027021, 69.1106294288448, 77.98435565354707, 88.25999485261725, 78.94715644337889, 71.59552390916473, 63.305378131384735, 18.526233094390776, 9.754744847219431, 5.585252837106751, 12.717301651670375, 20.63266821115706, 18.39953696105878, 9.441986266800756, 0.0, 7.6291724156658, 15.144057185615946, 55.45283462710882, 61.61844120677924, 68.86400180158768, 77.42650143627989, 84.51850117646387, 83.34505638485673, 76.3770949158829, 69.23839239514086, 61.92718920529403, 56.03014202132561, 32.382746139189535, 42.60514545106629, 52.056648950740055, 52.058002041422085, 60.50246339513862, 67.92985899863079, 73.06990048682391, 76.47185007960299, 73.38079864833986, 61.35448902643564, 52.07925133181565, 46.684167244987336, 75.63976465708113, 71.99237140968113, 74.52911376675144, 78.85291017173786, 82.62910129750209, 88.67334616558368, 95.09671093362094, 97.80067300674952, 96.6545811260837, 93.70323815414379, 88.98435609360887, 84.07976693883032, 76.46148543615423, 79.19131664578174, 82.39383854806377, 86.4884903739738, 92.5095340328687, 87.38433760027371, 84.21512948527186, 80.15489633725987, 42.17384007519909, 50.01672881104954, 66.22397464754438, 76.17951521567304, 89.21526983312718, 98.38924023831548, 112.1908499820338, 112.05625302255258, 140.16957145765832, 130.4363267091736, 134.90243670072076, 126.06292089363254, 121.53604387359483, 112.45553124208267, 105.46004538141418], [9.519048580322982, 7.857716011830535, 14.621832333043963, 22.160688656966663, 19.109304408220044, 15.896122219333808, 16.505772291094534, 49.52634844131769, 54.57202208717552, 61.59496323826318, 70.51988208948097, 80.9211481390462, 71.40832060625485, 64.02299758126128, 55.744922661076295, 12.558590140510205, 7.643943841647847, 10.448223428196634, 19.855735125897052, 27.436997912095904, 25.195832154127793, 16.83711252831512, 7.6291724156658, 0.0, 7.60782422757611, 48.04180820258043, 54.28691237986546, 61.570611785454474, 70.25700245041945, 77.42307301566278, 76.0644493433112, 69.05008123617878, 61.78474185925362, 54.452316442446694, 48.50772348413657, 25.216130649741707, 36.4349032438629, 46.85291707624692, 47.64036783368107, 55.92433913447086, 62.89309922393483, 67.3061761150932, 70.10627805676859, 66.61992656650008, 54.48221962292795, 44.73846687646609, 39.055279713877724, 72.78013130586069, 68.31677339620637, 70.21436476181088, 73.94049893985598, 77.18106384064333, 82.8535757040355, 89.11741103382677, 92.18270126186417, 91.47207790062511, 89.23708297613723, 85.04225868360335, 80.64739292127682, 73.0927593166555, 75.00849654482987, 77.59948855356107, 81.26181270305852, 86.70031930073537, 82.188661427976, 79.47846800556333, 75.99729832529013, 47.83996641898454, 54.17508480461129, 68.55021546840764, 77.11876276710036, 89.54471855756448, 97.91054142138694, 110.63459422463816, 108.11004237324053, 135.2254778340595, 124.55892274128163, 128.96107490586377, 119.88109908277815, 115.02814103330793, 105.88359829020841, 99.02375379468832], [8.763031016267997, 13.147341161512314, 20.871106037572417, 28.170427960828867, 23.823794246465823, 18.541956649591167, 15.555845160140223, 42.49326177295564, 47.41340757412541, 54.39507805875474, 63.432716744645276, 74.19236468340893, 64.36032518660603, 56.92182205440111, 48.708186355407264, 7.790804146554968, 10.637430639267173, 16.852879070583672, 27.10556851608116, 34.82070122046524, 32.665643475412544, 24.40963596918795, 15.144057185615946, 7.60782422757611, 0.0, 40.62714861542255, 46.91778952065161, 54.27271949071433, 63.14376238085372, 70.52694472298485, 69.03092874078365, 61.844131244974676, 54.485566239903534, 47.127819008653695, 41.23793458417773, 18.19106575698887, 30.8329651526116, 42.44239141463551, 44.87429706785705, 52.81931561478226, 59.07808146801247, 62.58832464573429, 64.75782894005447, 60.796870619605826, 48.26219667613514, 37.850842148851775, 31.658029852248244, 71.72036122334417, 66.246851595897, 67.32170941942496, 70.30083356620372, 72.91425679615944, 78.22023962045031, 84.33795185191387, 87.82359338316844, 87.59301857827636, 86.18138510024559, 82.61429347828592, 78.83031923278234, 71.411284780581, 72.28508680655197, 74.12312590940597, 77.27985483730126, 82.10963478014678, 78.24569884241772, 76.07852518891623, 73.30166595422241, 54.379621070738935, 60.11604404751651, 72.99441955974717, 80.26040162476819, 91.98481467953604, 99.48438076202663, 111.05490148147838, 105.6076978400723, 131.93796148178563, 120.12655556081091, 124.48333599749394, 115.07684969482511, 109.72410793162592, 100.25642571512357, 93.09974262813994], [43.82813680420085, 51.94030766723503, 59.71409391410562, 66.07956510007948, 60.77064111626704, 53.56080388970739, 45.686519551875385, 15.669218457844888, 13.321311807858752, 17.10819756482795, 25.96163295841681, 39.30710501942337, 29.645201301299828, 23.964264916642428, 19.66798852281801, 39.03780543476464, 48.43429726454073, 55.86728811453612, 66.06628056558338, 73.46254397159824, 71.82138403902854, 64.33163595386743, 55.45283462710882, 48.04180820258043, 40.62714861542255, 0.0, 6.589703013816176, 13.989652557752713, 23.594136627648023, 32.00960931124545, 30.042057855852054, 21.88542168842102, 14.769872540797572, 8.019167480903613, 7.3178545265378165, 29.303478782252917, 37.049564140338, 48.725704273749294, 56.707945061028, 60.42551686920178, 61.28061872271882, 57.86082079671253, 53.64723239595289, 46.154916151877494, 36.65080688032659, 24.901726793338362, 14.062577010667459, 84.0164471281991, 75.38417803813756, 72.29538002798327, 70.44701911835402, 68.33049570225562, 69.3