{
	"dissimilarities": [[0.0, 8.704661208447462, 16.388261224100166, 26.18111647335297, 17.853003125098393, 10.741310512614652, 6.768171190729886, 42.66407841188776, 49.4061934885043, 56.67919650424061, 64.14834582242179, 72.6676399117186, 64.85402295220636, 57.68411657404741, 50.3627387473965, 16.66124485093803, 15.171940183145004, 18.257759235181194, 25.9605885263571, 32.75700802470649, 29.293801892433986, 22.731754301814743, 14.187963602992326, 8.361141453192502, 10.113644928348387, 45.67228288533742, 52.89373926520467, 58.704409704462115, 66.91165068576568, 73.07894927787048, 72.50800341511514, 66.32775476467525, 58.08240588274354, 51.94490325106611, 45.49521724781598, 19.48503230834491, 24.14266991518316, 34.26458428939809, 39.26605119680148, 47.715980710978926, 55.22200952156298, 59.84432744124252, 61.451489777999114, 58.85580207647926, 47.91751060484367, 38.83602311083566, 35.969344042539184, 65.03584954915458, 58.5944349092409, 58.981366356917384, 64.54382334032951, 68.22168205619354, 73.93493452811133, 82.3014023993664, 85.33501591014634, 84.52142779621501, 81.52935222575012, 78.50571724693954, 74.55077049028614, 65.11343496069827, 62.781943051260356, 68.45124759461594, 72.17781373362496, 79.84374074800641, 75.56925403655781, 72.47068810538879, 69.31942108973189, 58.45681925433721, 61.65728702315935, 69.80938534814962, 81.0764515726674, 89.73342662819418, 100.63974484868032, 113.15367904609633, 108.12631558916898, 124.77104598484874, 116.63571695801517, 122.83772469690315, 115.37295741039993, 110.66732943368157, 103.38174155165676, 95.0470649115038], [8.704661208447462, 0.0, 9.355111476608124, 20.646969750890424, 12.894545113441614, 8.991963260008129, 12.365605098457499, 51.31611421940267, 57.91303354076404, 65.04933569712192, 72.66794211571131, 81.30768664407913, 73.49174668382648, 66.33075330383669, 59.035274600092585, 19.327484897132294, 13.606696453622533, 12.29314608125837, 18.83482599050636, 25.99812070818691, 22.078171935454915, 14.71863648071991, 6.745038659294178, 7.743291752225664, 13.889354757772768, 53.3964387846032, 60.607281116839864, 66.5504780018881, 74.86272654992761, 81.18513181523717, 80.78423246187386, 74.4615927452532, 66.18863632338467, 60.028937898436816, 53.6994780899307, 26.83352232420222, 31.216489304794187, 39.88038539834421, 43.662289439270005, 52.30324843398149, 60.26573657670012, 65.84803443791397, 68.46620478841507, 66.4734854695669, 55.231469069485954, 46.73386341064153, 43.98203477382577, 67.87636015988357, 62.192893736962425, 63.27709347623807, 69.5671815538086, 74.07129781684577, 80.39370097357853, 88.99775855521835, 91.55098261542803, 90.11744506534762, 86.23752606460634, 82.50412324171401, 77.9356817729882, 68.45305759148292, 67.04026328181153, 73.53195789031936, 77.86268974219308, 86.2967844946665, 81.25486365427084, 77.47655830063015, 73.58770087934822, 53.32148314789908, 57.89749813169921, 67.69901765335246, 80.17471802574502, 89.38836225636432, 101.2082453149104, 114.86189062017658, 112.12200589522793, 130.93635968859283, 123.79020853148913, 130.2116376653553, 123.05530775225118, 118.73103698594748, 111.5070764500424, 102.73211875747434], [16.388261224100166, 9.355111476608124, 0.0, 11.554779742846208, 6.446744251868535, 10.016914036168075, 17.155116735880558, 58.40867945544564, 65.42840830261565, 72.8464698595835, 80.09335506782017, 88.08500737844759, 80.55238032494648, 73.39357547264792, 65.9628501823736, 28.52239055638335, 21.63113702874773, 16.40084639834192, 16.482995628666806, 19.455032921881628, 15.10683540112336, 11.590733309976638, 11.792204680950974, 16.997322623509476, 23.232000382545067, 62.007491759698915, 69.15496817227863, 74.89677286143734, 82.89183986465592, 88.89269424987495, 88.4771463441516, 82.48487680474818, 74.36641200491042, 68.27739038849212, 61.822928039427524, 35.52417352855385, 38.37471948942005, 45.51371155753287, 46.119884816335414, 54.952602763830704, 63.8676551366105, 70.30695701658126, 72.95495215459829, 71.62185846862864, 61.79033997687254, 54.18533953944479, 52.33379037165753, 66.97554778747899, 63.03665795668289, 65.2243605635937, 72.24850669712531, 77.45271074659424, 83.84218862118166, 92.05930063280002, 94.13104845399523, 92.32970842684959, 87.51432535864689, 83.14497093350278, 77.7378176133729, 68.10014453621942, 68.42162734042589, 75.70622789123702, 80.45444688347685, 89.19052844056262, 83.56850532947387, 79.12444926646658, 74.3829398249594, 47.31594367429164, 49.675351063802445, 59.761667508233835, 73.10255145986049, 82.9786929048664, 95.61548675322351, 110.32985564740777, 111.82485776087574, 131.43138643534868, 125.7528990167996, 132.07468349537848, 125.5218357531148, 122.2141716733163, 116.16221622892276, 109.10631183802687], [26.18111647335297, 20.646969750890424, 11.554779742846208, 0.0, 10.812205134917534, 18.17336409026419, 25.073794158655335, 65.69589440769472, 73.11624214756385, 80.83362328149099, 87.48404001884573, 94.49080289126232, 87.46647574346838, 80.4270850695575, 72.90891381303034, 39.734652250107445, 32.65152963871225, 26.240606734858364, 21.26285693172783, 16.643682898324787, 13.423405181278, 17.87893192848642, 22.850169269412014, 28.30873216690995, 34.29307287225257, 71.3228974278469, 78.288103117035, 83.65960687338492, 91.10431218142269, 96.57492507940154, 96.141874043251, 90.69309971467302, 82.88780229816716, 76.97116949249812, 70.41476194095573, 45.491650903702094, 47.06957498699361, 52.994159882085555, 50.18176289607527, 58.939167270674496, 68.74148153992309, 75.72988522417167, 77.81452627253168, 77.03540204138902, 69.30540109158841, 62.524314596968786, 61.459462397861664, 66.37345361238337, 64.7878154526748, 68.16705595905252, 75.72565175379361, 81.38493538089426, 87.42826021848394, 94.82935655121301, 96.47452269093725, 94.53540272537653, 88.90138396831101, 84.0403998160417, 77.76354753860427, 68.04702590576042, 70.49580473124252, 78.3630785047545, 83.30193758029576, 91.90028381082396, 85.96278231371281, 80.9909611065209, 75.46200940901332, 41.42442547779667, 38.848924866731714, 48.91454133580314, 63.39202561513176, 74.31675289753791, 87.85386552955666, 103.6814889479268, 110.98032843185477, 130.1483812980344, 126.12910720753932, 131.92166384874952, 126.06042583406861, 123.96080032794922, 119.40292393175106, 114.82065417027195], [17.853003125098393, 12.894545113441614, 6.446744251868535, 10.812205134917534, 0.0, 8.081718334999616, 16.091721297167346, 58.02639243296907, 65.53435196601734, 73.16747211550123, 80.0905172698657, 87.68642341256921, 80.09895546160327, 72.81969520154139, 65.40080647937933, 31.936261039233223, 26.338667794541717, 22.37323274800888, 22.7220632494299, 23.769565087095852, 19.485477195745503, 17.749030227242105, 17.038260377562434, 20.419128268965913, 25.927842112143193, 63.039209215284544, 70.36062927833106, 76.06952658445329, 84.06307230254355, 89.86611322176553, 89.091543739674, 83.27582329867572, 75.09171875953876, 68.97685210983218, 62.35132279142268, 36.30716541147896, 37.015903759431765, 42.654082859305376, 41.30031062816067, 50.119746720599515, 59.45318095166019, 66.33528301844642, 69.15264586635908, 68.40672109702436, 59.501828795308306, 53.013835303557265, 52.75369840505442, 60.822223186409936, 57.39140792928753, 59.99227702905801, 67.30140028607647, 72.84965615030575, 79.34685159394157, 87.48096138875184, 89.22466340536388, 87.15989308421328, 81.94841937222463, 77.35824143792551, 71.7234675019063, 62.0800036648436, 62.94373267083562, 70.52970835583429, 75.48567035617002, 84.48066856846121, 78.48987104509878, 73.74144414409085, 68.68938095377558, 50.80069302969001, 49.08780965202105, 56.15671307149367, 68.29692442390507, 77.46962792944102, 89.81726453153743, 104.35945390628414, 105.76988145131813, 126.41038185137913, 121.45880921505757, 128.55672307961373, 122.60198287697497, 120.21242264677609, 115.65422961686643, 110.45296566968229], [10.741310512614652, 8.991963260008129, 10.016914036168075, 18.17336409026419, 8.081718334999616, 0.0, 8.414171684629336, 50.45424921175279, 57.89197285057669, 65.4495610770093, 72.50653978259244, 80.41972303032307, 72.61396263825559, 65.27833440157484, 57.9159262002374, 25.735639663230774, 22.03422659664496, 21.074205577781623, 25.243419870223327, 29.098068099411357, 24.96512354015419, 20.53453789414671, 15.249358163336089, 14.929943874954054, 19.239838498686552, 55.146292457293455, 62.55665620354357, 68.35064831197208, 76.51969511682819, 82.4454035694884, 81.55361120347344, 75.59823765386481, 67.30092082210794, 61.135520055993176, 54.5058060484079, 28.338855424525725, 29.15158130120536, 35.83301455144256, 36.61574671323059, 45.45193732451433, 54.20121964012709, 60.38500601933944, 62.975912139863624, 61.734061913336156, 52.07424556641219, 45.10337739751651, 44.756530958720774, 59.302409046838584, 54.34941136426813, 56.020343587669636, 62.71965023207666, 67.65091397313968, 74.00938978941903, 82.39697471381551, 84.56850401888008, 82.8822297328585, 78.50245320541943, 74.51891943087958, 69.61474887552473, 60.02087133164392, 59.39826160697061, 66.29388880962556, 70.85811386447327, 79.53930688814232, 74.06881831636333, 69.90647403976861, 65.60204152841258, 56.05721935040908, 55.459016652809, 61.76543364890229, 72.80509830753606, 81.25048499997054, 92.68322688080468, 106.09158594899837, 103.7176411536795, 123.3899244383893, 117.22721279264121, 124.4843071953021, 118.1121476824813, 115.07394344294674, 109.96919732250181, 104.09433529494098], [6.768171190729886, 12.365605098457499, 17.155116735880558, 25.073794158655335, 16.091721297167346, 8.414171684629336, 0.0, 42.06061570916875, 49.53650043699507, 57.153915654097354, 64.12193741946437, 72.01309134799553, 64.21606959014771, 56.901548634362186, 49.52260017055208, 22.61783062287935, 21.74123673930308, 23.876981167240263, 30.037063883758112, 34.87975505827843, 31.237214433665038, 26.212532890411893, 18.93547071014917, 14.457362334467723, 15.880735120712044, 47.3777562079015, 54.715681436333334, 60.36434609802962, 68.41075385187611, 74.22400159804843, 73.24747152404018, 67.39543887800279, 59.163134091566256, 53.051252011765584, 46.37692112122516, 21.416354635283213, 22.495393169397904, 31.005492727139103, 33.669871906255906, 42.317103960770055, 50.45367214081893, 55.503385125267975, 57.01016000739694, 54.98329391970664, 45.37084146875865, 37.57972202801177, 36.89897737923148, 58.53716497402182, 52.56886486494215, 53.3440400791429, 59.18205087997637, 63.145796449389834, 68.8602647481166, 77.06181953672416, 79.83404542516023, 78.86401343620572, 75.53828568421976, 72.37244721546057, 68.20443385388363, 58.66865473000197, 56.854471549968515, 62.78421149717917, 66.65766048541482, 74.48732733926657, 69.91484844721629, 66.55818148768223, 63.137642591362486, 60.45710007380379, 60.05035000876963, 65.63639134037452, 75.7500544155407, 83.79112942465486, 94.33087350377556, 106.57930501229302, 101.7051418088143, 118.89498255888559, 111.47124144776633, 118.32575340195943, 111.45939427919848, 107.76348412521902, 102.17838044201295, 96.20875193049459], [42.66407841188776, 51.31611421940267, 58.40867945544564, 65.69589440769472, 58.02639243296907, 50.45424921175279, 42.06061570916875, 0.0, 8.690801424313987, 16.64932831581208, 22.273970632754725, 30.51415587461783, 22.24060211030972, 15.036957846729237, 7.804556062163049, 42.77824115120772, 50.09154989104798, 57.691381463043605, 66.39085608038013, 72.79868701945247, 70.32107217612003, 64.58039592702428, 55.69798582572964, 47.30639024192234, 41.793634429348494, 17.839498720898465, 21.510405159401557, 24.27206646267328, 30.383622287152747, 34.85256286129291, 32.59211100932982, 27.86309350599565, 20.837596303579403, 16.493575781958896, 11.398597281817356, 28.22386261151393, 28.55748796856707, 36.3376876228993, 45.88541461550539, 48.872413978165575, 50.08435605842735, 46.614386382954116, 40.71440163828129, 33.10121642635658, 27.56585512433563, 17.82163305292571, 14.49171830324389, 70.67555484244754, 61.52464307978911, 57.72277272350698, 57.26176281852857, 54.57305706212254, 55.06261188922959, 60.75292222793319, 66.82820430954162, 70.14354427960915, 73.30637741533997, 74.90899626239168, 75.22745779186508, 68.21433418042048, 60.9944258276437, 60.257521836632115, 59.31286525880062, 60.4499204885532, 62.223197681162645, 64.17393615589043, 66.22704766705006, 92.84086423564273, 93.13594306723769, 95.69102629226452, 101.42484881578086, 106.89558595515533, 112.85413465202517, 119.00084176304149, 101.21117774285325, 104.4681978647789, 89.75191740317543, 94.27065101941578, 84.62380230678083, 76.46346475253746, 67.58553191186252, 60.69243476274078], [49.4061934885043, 57.91303354076404, 65.42840830261565, 73.11624214756385, 65.53435196601734, 57.89197285057669, 49.53650043699507, 8.690801424313987, 0.0, 8.107487874016833, 14.77320337264921, 24.705753924397737, 16.450916753103122, 10.64419842873619, 7.22682575976424, 47.27254893718719, 55.084514088315494, 63.12306926068562, 72.1343254819698, 79.1156615377187, 76.81991101481192, 70.72179916691465, 61.734618249516934, 53.242409073607426, 47.35361835290336, 14.611759507020091, 15.088958069390513, 16.242336418720463, 21.80137443766152, 26.458658023097055, 24.243306883556006, 19.18116483573563, 12.5192761525744, 9.599789967832681, 8.103796484903235, 33.77038004203705, 35.529490396519044, 43.217174159391696, 53.850562465427465, 56.30960296782415, 56.476614310822576, 51.97048376349009, 45.719529155479854, 37.57566657269736, 32.210623178762575, 23.109593701470526, 17.43021980799697, 78.5702349963539, 69.07276067813349, 64.78619225839402, 63.57220359417991, 60.062993649590574, 59.86123497349812, 65.04154712455104, 71.5177084380622, 75.38317808271732, 79.47041734576902, 81.63389710445018, 82.52323964514366, 75.93036949319509, 68.1247587983672, 66.61035040590644, 65.07233339467554, 65.17818782569228, 67.91937051102394, 70.57630531042881, 73.28434153699489, 98.37575069351155, 100.2934431809119, 103.7418875317059, 109.68301997334862, 115.2382634834629, 120.95818334548531, 126.60050437897586, 107.30596319047494, 108.27657880713028, 92.12160677263968, 95.58923002039452, 85.11707399433152, 75.25958865742867, 63.982193330050826, 54.07186076994293], [56.67919650424061, 65.04933569712192, 72.8464698595835, 80.83362328149099, 73.16747211550123, 65.4495610770093, 57.153915654097354, 16.64932831581208, 8.107487874016833, 0.0, 8.957956979645193, 20.654994067799635, 12.976465532224909, 10.698299882249984, 12.801534597048354, 53.048571701117304, 61.232130225083864, 69.58346034158535, 78.88331088287832, 86.29132960124244, 84.05516093004381, 77.65067380288802, 68.51174364930685, 59.951253864976515, 53.82504696870171, 16.13258310519087, 12.631851573675927, 10.745737537907159, 14.942724864728289, 19.649737979078655, 16.995778720914497, 11.407622425141929, 5.9631174926219614, 7.882320779436787, 12.031847906872908, 40.18562314897672, 42.24553470728925, 49.28115226812168, 60.617030575371786, 62.429129225433556, 61.53972361814464, 56.086667607870375, 49.65931125585528, 41.30288329328631, 36.35934572549903, 28.577483855005188, 22.92130569559845, 85.06789124621243, 75.19344640569311, 70.41387384561894, 68.44153818919702, 64.18314349020314, 63.39428970571063, 68.15314755798595, 74.89181764803361, 79.17698612224207, 84.11912257860776, 86.82376256822398, 88.32282188475168, 82.22939783679142, 73.79723645965153, 71.50845624852154, 69.43024936805345, 68.66002125934565, 72.21784833250437, 75.52161306616841, 78.87517885820385, 105.20528977083005, 108.0392538597153, 111.74544048356636, 117.5332995685347, 122.87488628815323, 128.19950497304478, 133.2051287879457, 111.84117863961355, 111.19484428724986, 93.85060873025735, 96.82880037049974, 85.86975307140173, 74.7899732556906, 61.93871822012116, 49.67191946735654], [64.14834582242179, 72.66794211571131, 80.09335506782017, 87.48404001884573, 80.0905172698657, 72.50653978259244, 64.12193741946437, 22.273970632754725, 14.77320337264921, 8.957956979645193, 0.0, 11.95145182202037, 5.855937167452281, 9.748027342973758, 15.771315767433293, 61.58146910819028, 69.54608314721588, 77.65907551704517, 86.5761321458705, 93.41065716806077, 91.27571886874476, 85.34506744602726, 76.44804302785431, 67.96386327342404, 62.00944255965831, 25.05486954118464, 20.807482782079262, 16.75576847188385, 15.41191582184126, 16.16427093486786, 11.921238696907546, 11.11073486440483, 12.659113624990416, 16.710385169438823, 20.692343269123437, 48.31248386094043, 49.30376049918413, 55.21168491898603, 65.230618419368, 66.27475219350683, 64.80791044184679, 58.3768090878194, 50.34852721057757, 41.77683992937784, 40.437350087378285, 34.80587054507636, 31.22733119849709, 87.59440008648139, 78.18316512408505, 73.23723280462235, 70.42324745836342, 65.18190872360142, 62.939223170244546, 66.27499183129207, 73.42072720495845, 78.6036543886618, 84.54240868604137, 88.00991599067815, 90.04704529457062, 84.51173083644635, 76.10196450131113, 72.84129146167363, 69.87298411913754, 67.36406175782503, 72.22936235748723, 76.36923141592463, 80.42236069404952, 111.44533648437802, 112.9866660178726, 115.52042533651468, 120.30042738460912, 125.12379296643111, 129.54035980271868, 133.3621315633968, 111.1766750301305, 106.72849347433588, 88.28373902356213, 90.30967474413632, 78.98972348148926, 67.22969863357466, 54.485783862806436, 44.66788713108586], [72.6676399117186, 81.30768664407913, 88.08500737844759, 94.49080289126232, 87.68642341256921, 80.41972303032307, 72.01309134799553, 30.51415587461783, 24.705753924397737, 20.654994067799635, 11.95145182202037, 0.0, 9.504279103739062, 16.703360218420666, 23.018243773771147, 71.79765229741452, 79.27050542247201, 86.89669515087334, 95.08794900089653, 100.95311645466856, 99.01596966044863, 93.9030334622533, 85.51970624720339, 77.26124045031906, 71.65765309202476, 36.75530858161566, 32.55284666750183, 27.852154908227494, 23.24309504610492, 19.47849641589463, 15.448400877496026, 20.16480934918124, 24.397956011961742, 28.520171590444736, 31.814842188486246, 58.22157898597726, 58.251497332016804, 63.23781038373911, 71.14077138945682, 71.55665167719968, 69.94180254733928, 62.832694483648325, 52.86005618706286, 44.435305856126625, 47.59985309541561, 43.82965716714153, 41.857549392777166, 90.45649984731529, 82.10148202276959, 77.30196640574421, 73.79132070879169, 67.65507387824378, 63.58144842742953, 64.75370882653186, 72.29018269912498, 78.6015806860693, 85.48879911864191, 89.74114543386736, 92.16485264208282, 87.19088937152382, 79.35449896755411, 75.19910888694744, 71.2654577591668, 66.56411942013825, 72.93908633191093, 77.89978134643741, 82.53707294002399, 117.50883323742809, 117.1466153342563, 118.19801620273245, 121.75144027717481, 126.07451680483987, 129.40661430756325, 131.82946433343764, 110.17672435356022, 100.02513232851997, 80.40139372803185, 80.47748275234967, 68.58427308590822, 55.9248875566877, 43.66543203553539, 39.68007628497914], [64.85402295220636, 73.49174668382648, 80.55238032494648, 87.46647574346838, 80.09895546160327, 72.61396263825559, 64.21606959014771, 22.24060211030972, 16.450916753103122, 12.976465532224909, 5.855937167452281, 9.504279103739062, 0.0, 7.6124695730085525, 14.717861933609411, 63.65334341721369, 71.42187614717368, 79.29810085877752, 87.97329765056641, 94.28614620806725, 92.07162321476682, 86.49630653031276, 77.68807298614051, 69.24539216343368, 63.489595018622296, 28.555655521835128, 25.48114338540353, 22.22538588450203, 21.15922173712531, 20.88715288984679, 16.365346906406934, 16.88635341642831, 17.699676833253967, 20.634023444852243, 23.345529162254152, 49.59107920624647, 49.264160753663006, 54.18997889630505, 63.01955650772863, 63.607956494944084, 62.002844486098496, 55.25181530176652, 46.32045733651957, 37.73873451263301, 38.7026614303276, 34.48014381241127, 32.966474645103, 83.96045979350819, 74.89602863328587, 69.9584555750291, 66.81761469193108, 61.21974131741801, 58.34148453294857, 61.09224711991766, 68.34946563628404, 73.84607754749568, 80.06606164046043, 83.81259522347239, 86.03041888603097, 80.76646021860763, 72.48480689418943, 68.83479880549189, 65.51261333509115, 62.350131243689646, 67.6485458435829, 72.07164717230582, 76.37145710162511, 112.43454751730037, 112.30531195798271, 113.48222717731718, 117.36948205826154, 121.65035568711176, 125.5096997851526, 128.73216275388955, 106.16974883974316, 100.89714522741761, 82.4617770397605, 84.92888901878511, 73.93610415564794, 62.95067563451843, 52.365842797329144, 46.73339998256625], [57.68411657404741, 66.33075330383669, 73.39357547264792, 80.4270850695575, 72.81969520154139, 65.27833440157484, 56.901548634362186, 15.036957846729237, 10.64419842873619, 10.698299882249984, 9.748027342973758, 16.703360218420666, 7.6124695730085525, 0.0, 7.540013900896071, 56.934595410690626, 64.66967183903046, 72.51262591501104, 81.28959471127962, 87.63810208026159, 85.25995547259355, 79.5874810177343, 70.65081950252231, 62.177806824554374, 56.470756520788846, 23.66732131708677, 22.594836837700978, 21.418177521302717, 23.60589668178799, 25.555915875189175, 21.64581619839848, 19.45016052283325, 16.43162978318262, 16.89160423428873, 17.692965926733763, 42.42393780353533, 41.696106377078436, 46.828467926506256, 55.87388316679903, 56.87477963986869, 55.79956435086272, 49.738931041185694, 41.52547575085846, 32.94776267763896, 32.265335449790456, 27.17692949366286, 26.20329660860011, 77.87282346991661, 68.60011778781944, 63.8304323920765, 61.29161400085272, 56.39814235710778, 54.52836146337343, 58.38365318170451, 65.33001963205605, 70.14640610538608, 75.53891690793982, 78.71958132129313, 80.5049375902389, 74.82058323973216, 66.60821908461644, 63.64709967934659, 60.9584800270081, 59.13299535091849, 63.38592568651298, 67.16320839202837, 70.93613651395788, 106.70597218254713, 106.33237916220388, 107.49616561908472, 111.65576901638687, 116.04040685243324, 120.38722592809911, 124.36317098122488, 102.45681966000872, 100.5046436938815, 83.31076019604052, 87.08584241509983, 76.74507133528508, 67.09603422501732, 57.83177367970256, 52.3316791494916], [50.3627387473965, 59.035274600092585, 65.9628501823736, 72.90891381303034, 65.40080647937933, 57.9159262002374, 49.52260017055208, 7.804556062163049, 7.22682575976424, 12.801534597048354, 15.771315767433293, 23.018243773771147, 14.717861933609411, 7.540013900896071, 0.0, 50.42902011667185, 57.83349423474678, 65.4384662360177, 74.01034703271034, 80.18059459518797, 77.793820871456, 72.26639480363912, 63.479949362824556, 55.10852270118693, 49.586400956748115, 20.92888704340811, 22.052486788115505, 22.728521991981374, 26.84104255308227, 29.984357140196455, 26.997804679311944, 23.58524542580486, 18.343477769540595, 16.26170788995525, 14.159257226623646, 35.867558653514656, 35.41653876221643, 41.649289523452296, 50.51350710466251, 52.44120263375311, 52.575395811103256, 47.71971088084958, 40.20661133238229, 31.919051101340735, 29.5781761952034, 22.486364792584908, 20.847951570628084, 73.5310611270557, 64.48244578711642, 60.23963619042785, 58.69054640428018, 54.802335061031485, 53.907161426850614, 58.50653486487462, 65.09899974858705, 69.29588341180501, 73.62083870742596, 76.07498924509056, 77.11292865586847, 70.74810701888784, 63.144150837204705, 61.22291300612616, 59.305752831592734, 58.768437050940136, 61.90854525014104, 64.83686895449566, 67.78427302892507, 99.47645729295728, 99.07188292201926, 100.6954733010259, 105.4937319905001, 110.40154542609571, 115.46480391029337, 120.43305388280478, 100.92798705060382, 101.06933462055599, 85.11827206078895, 89.1061278102289, 79.08520157201932, 70.26807360546486, 61.405592748613934, 55.835973568479254], [16.66124485093803, 19.327484897132294, 28.52239055638335, 39.734652250107445, 31.936261039233223, 25.735639663230774, 22.61783062287935, 42.77824115120772, 47.27254893718719, 53.048571701117304, 61.58146910819028, 71.79765229741452, 63.65334341721369, 56.934595410690626, 50.42902011667185, 0.0, 9.497612960345613, 18.94044848566055, 30.49109092364904, 41.16874324129281, 38.178813827553995, 28.860065900909895, 18.813354320885097, 11.606276585644553, 6.787904450825303, 38.9431161559763, 45.82813658844167, 52.169832810884145, 61.08630814853778, 68.24300173261723, 68.2087440855756, 61.064948657416885, 52.72540222449332, 46.663299395006746, 41.238029412634184, 16.35027494534052, 26.696405659569994, 38.2118859666958, 48.81250980710705, 56.15281039556046, 61.39523323664049, 64.64084967244939, 66.99563709402486, 63.390196626817755, 49.12187283417143, 38.36519661050825, 31.763732046128997, 77.32517313484057, 68.83538350436076, 67.73054420666803, 72.16388135457618, 74.92858129401422, 80.79334627937871, 89.87708184271558, 93.43386855389289, 92.85910255811999, 91.01083195485437, 88.62483343584493, 85.76345762276998, 76.94546240555883, 72.41082818426386, 77.00276471370856, 80.26347705144794, 87.6648509759093, 84.09609461507965, 81.84153830804594, 79.77444320351553, 65.86955883882621, 75.20497449988997, 85.89128077994404, 97.68455583301237, 106.22344924137514, 116.90424205872907, 128.91247455277048, 119.25617608576997, 135.86924792402556, 125.73147376880517, 131.76019953296935, 123.21333326115894, 116.39394535036591, 105.89436221620987, 92.1323668929671], [15.171940183145004, 13.606696453622533, 21.63113702874773, 32.65152963871225, 26.338667794541717, 22.03422659664496, 21.74123673930308, 50.09154989104798, 55.084514088315494, 61.232130225083864, 69.54608314721588, 79.27050542247201, 71.42187614717368, 64.66967183903046, 57.83349423474678, 9.497612960345613, 0.0, 9.47268263582635, 21.104272882788973, 32.175861215586835, 29.28340640599787, 19.73242975061295, 10.673698005682802, 7.6542205785669655, 9.662855740068203, 47.76587798719715, 54.48542361404758, 60.585532945649376, 69.10878196781307, 76.01362328020384, 76.19695217363504, 69.33179988414823, 61.19429445312283, 55.200281717542126, 49.61326572935141, 24.145191527910377, 33.003849526869224, 43.717827779185754, 51.820179069898906, 59.83924864189419, 66.24856016007908, 70.53382488150694, 73.07288080023996, 69.96769308485551, 56.597230908463494, 46.32811526618923, 40.33763381438355, 78.63830416310115, 71.40208865458693, 71.28352889437949, 76.60259785589074, 80.16090259687968, 86.27818119640872, 95.20199443183776, 98.39910024100035, 97.46424389969988, 94.69657338730381, 91.63841842175962, 87.93823150243384, 78.76163357674896, 75.64763952863728, 81.15961411525122, 84.93008553416257, 92.79910872071662, 88.61165373946197, 85.66772157618288, 82.74055223578853, 57.26893103209186, 67.79807672857059, 80.24722906751505, 93.36398747681817, 102.81986060325595, 114.46553168063114, 127.6642021951684, 121.97352619600723, 139.3475589767079, 130.32861990321206, 135.95457262161386, 127.67271681991592, 121.39809767763352, 111.232642075081, 98.1280931898814], [18.257759235181194, 12.29314608125837, 16.40084639834192, 26.240606734858364, 22.37323274800888, 21.074205577781623, 23.876981167240263, 57.691381463043605, 63.12306926068562, 69.58346034158535, 77.65907551704517, 86.89669515087334, 79.29810085877752, 72.51262591501104, 65.4384662360177, 18.94044848566055, 9.47268263582635, 0.0, 11.845882470483149, 23.30888758436887, 20.492101972378652, 10.723848019938039, 6.336558921311393, 12.090417097276259, 17.49795975964681, 56.71799442462988, 63.36074479433952, 69.27335844294772, 77.47964911883282, 84.13206121706268, 84.42938117120411, 77.8279022899007, 69.83905540241226, 63.890538553388005, 58.152992209092226, 32.4593323700544, 39.93840686473573, 49.677406673330864, 55.35064745454906, 63.803496673696195, 71.18150121480114, 76.36494516858122, 79.06191317805158, 76.46871556183373, 64.00952849005283, 54.29873480554347, 48.99405153110199, 80.0160510264373, 74.10469441521772, 74.92625999535193, 81.00915288621609, 85.2771581896795, 91.58912606519151, 100.31167165537767, 103.12824473929166, 101.84048786524298, 98.2025427561778, 94.52036151056123, 90.0422367802782, 80.62903396811953, 78.92644611388943, 85.24717867400429, 89.46759869560532, 97.73480387990398, 92.974116702523, 89.3937169604142, 85.67082850392242, 49.08386485650406, 60.48829471436547, 74.5955677720086, 88.94538288924257, 99.23516048693004, 111.77883615984811, 126.10155383761332, 124.3456909913972, 142.50046739675378, 134.66523118937562, 140.00134334400664, 132.0793434458122, 126.46631305054984, 116.8723952932963, 104.72415199058423], [25.9605885263571, 18.83482599050636, 16.482995628666806, 21.26285693172783, 22.7220632494299, 25.243419870223327, 30.037063883758112, 66.39085608038013, 72.1343254819698, 78.88331088287832, 86.5761321458705, 95.08794900089653, 87.97329765056641, 81.28959471127962, 74.01034703271034, 30.49109092364904, 21.104272882788973, 11.845882470483149, 0.0, 12.211032732365966, 10.577839454488096, 5.746139733087337, 14.56851344689646, 22.370147660529152, 28.36523665647447, 66.97638327699825, 73.38007947930753, 78.93855396046607, 86.58406344215399, 92.81774414583221, 93.32547964483058, 87.16143469674005, 79.49638373877144, 73.69973117266368, 67.87157964337521, 42.918679880733706, 49.53205033709743, 58.65592742176202, 61.730418668408674, 70.49474782174147, 78.83126058241015, 84.64612515322969, 86.96584532109271, 84.69457551316295, 73.61700528832112, 64.21237101867375, 59.17401440670309, 83.45678895311977, 79.29490748388487, 81.12163139675502, 87.82888170762311, 92.59217602600842, 98.75446199523942, 106.93923744029802, 109.4808210498125, 108.0690671488428, 103.68376387345951, 99.49456946037851, 94.20138193062108, 84.56271699059299, 84.55201064256359, 91.52749905368681, 96.00798122093695, 104.29346970097203, 99.21702317575341, 95.13038053333214, 90.66916161385771, 37.89198340884692, 50.90123102088858, 67.77132423669148, 83.84831846368738, 95.43065084595659, 109.00972150948736, 124.57022805888303, 128.25173968512135, 145.96053785673232, 139.34324766243364, 143.78776686258695, 136.1547235213448, 131.1493693567848, 122.02049735343668, 111.06480060215448], [32.75700802470649, 25.99812070818691, 19.455032921881628, 16.643682898324787, 23.769565087095852, 29.098068099411357, 34.87975505827843, 72.79868701945247, 79.1156615377187, 86.29132960124244, 93.41065716806077, 100.95311645466856, 94.28614620806725, 87.63810208026159, 80.18059459518797, 41.16874324129281, 32.175861215586835, 23.30888758436887, 12.211032732365966, 0.0, 4.765572464895271, 13.855596900434639, 24.098285967526117, 31.668693234280145, 37.88781403981574, 75.72996624312697, 82.08170039916266, 87.3092630728752, 94.44743653022248, 100.13883317882292, 100.57964418712656, 94.95836764594254, 87.53150306132753, 81.8359196147133, 75.77782511737846, 51.48332430247828, 56.58714412340716, 64.7645516343369, 64.84415200229101, 73.71539119780694, 82.97210054935432, 89.34607763790818, 91.13262012524011, 89.34844151115882, 80.15537098471593, 71.4639996549075, 67.40818172986506, 82.9156381845607, 80.72933909665137, 83.58630930066212, 90.81112953381555, 96.0002458360187, 101.86516716474993, 109.32649803919058, 111.51135766383506, 110.00291532677655, 104.89343178146275, 100.27945302030828, 94.21796537790769, 84.47469560631424, 86.28236761979782, 93.79583215735265, 98.45325566335816, 106.62336270119538, 101.26773268254294, 96.71177496168146, 91.55750437818689, 28.690518736543208, 39.10317725635175, 57.54575481312669, 74.84964366632099, 87.47127228439388, 101.81043894361073, 118.3279276689916, 127.49341673640906, 144.56893478019234, 139.47330050452837, 143.31884265660233, 136.31217590951917, 132.44882525668788, 124.78145911826431, 116.44701925965953], [29.293801892433986, 22.078171935454915, 15.10683540112336, 13.423405181278, 19.485477195745503, 24.96512354015419, 31.237214433665038, 70.32107217612003, 76.81991101481192, 84.05516093004381, 91.27571886874476, 99.01596966044863, 92.07162321476682, 85.25995547259355, 77.793820871456, 38.178813827553995, 29.28340640599787, 20.492101972378652, 10.577839454488096, 4.765572464895271, 0.0, 10.293312596771266, 20.366656706022177, 28.136217379128507, 34.55865151367742, 73.2327012091803, 79.83117680334166, 85.25326036559576, 92.6900011659944, 98.52818962056593, 98.75627819587801, 92.97344278500746, 85.31599981414536, 79.48311131306944, 73.31582185374634, 48.21311479392679, 52.8072321478317, 60.58265426280512, 60.70698301383091, 69.55386561848212, 78.74590858139474, 85.27469200000631, 87.47682396941117, 85.90024710048421, 76.4209410251962, 68.05939497899844, 64.55924293173449, 79.19871958579317, 76.67681601646123, 79.45795882973609, 86.73201925300194, 92.05684517110139, 98.17653816245826, 105.90318853427262, 107.97179724000839, 106.26529757112365, 101.0814681914484, 96.40734691075296, 90.42449304879541, 80.73144730775127, 82.28548168783652, 89.86299399220002, 94.6465342759284, 103.11078409477172, 97.54759927495707, 92.90872299414892, 87.74704403878276, 33.38852288197226, 41.430282740052654, 57.79920575210443, 74.27320855736691, 86.23348627944986, 100.30150676196038, 116.56216940835799, 124.00602330800928, 142.2702057920681, 137.18857826510805, 141.80599304551197, 134.97879297617416, 131.32725944037, 124.10137051792867, 115.97859794034879], [22.731754301814743, 14.71863648071991, 11.590733309976638, 17.87893192848642, 17.749030227242105, 20.53453789414671, 26.212532890411893, 64.58039592702428, 70.72179916691465, 77.65067380288802, 85.34506744602726, 93.9030334622533, 86.49630653031276, 79.5874810177343, 72.26639480363912, 28.860065900909895, 19.73242975061295, 10.723848019938039, 5.746139733087337, 13.855596900434639, 10.293312596771266, 0.0, 10.882301249783248, 19.370114883343284, 25.857632328723568, 65.68558649718182, 72.44883599213401, 78.21441354473656, 86.17231508968561, 92.4790106307534, 92.65159627857214, 86.38933136056676, 78.44596494920822, 72.47331525793898, 66.43182236423593, 40.36280040331815, 45.85379888366281, 54.183168662853795, 56.7700875316588, 65.50468813321193, 73.91815832826087, 80.07003243717476, 82.88379545508634, 81.02162460860926, 69.9246813872519, 61.17349848545627, 57.22065459988717, 78.35300210326015, 74.10809857814317, 76.02015280583846, 82.89104076563153, 87.9311309270715, 94.39120085754942, 102.79128510163123, 105.08845041658753, 103.3779807314491, 98.7438630451524, 94.39185788417123, 89.06716512415532, 79.50442860244735, 79.48885447445461, 86.65009395560868, 91.34001877251757, 100.00942785373147, 94.58614130542504, 90.29217352478871, 85.69044580330723, 41.72029374436725, 51.33896677528913, 66.02633849769934, 81.22471111806098, 92.11652136747459, 105.44270389151428, 120.81598147614658, 123.3162144392863, 142.50267374187638, 136.25806493280544, 141.63700351904973, 134.41204242787052, 129.98415923837334, 121.85271623403747, 111.88311986818378], [14.187963602992326, 6.745038659294178, 11.792204680950974, 22.850169269412014, 17.038260377562434, 15.249358163336089, 18.93547071014917, 55.69798582572964, 61.734618249516934, 68.51174364930685, 76.44804302785431, 85.51970624720339, 77.68807298614051, 70.65081950252231, 63.479949362824556, 18.813354320885097, 10.673698005682802, 6.336558921311393, 14.56851344689646, 24.098285967526117, 20.366656706022177, 10.882301249783248, 0.0, 8.846544811384668, 15.394790311959563, 55.961647698719574, 63.003200878048546, 69.05260483172054, 77.47146639915279, 84.06009818590218, 83.95506705778534, 77.38437913645083, 69.14400340014701, 63.02257229585569, 56.972704995405245, 30.059250033715777, 35.85131828878426, 44.698961580882134, 49.487327768901885, 57.991041204828996, 65.62146242997129, 71.21004255197957, 74.26799841276483, 72.15025776296295, 60.005413077982794, 51.102140776515675, 47.29410226302474, 73.83781961657586, 67.99527755622867, 68.99109945633406, 75.29052419567432, 79.8629479554521, 86.40862218534598, 95.24266699213118, 97.79580375357051, 96.23735676283081, 92.3065206619814, 88.4564392138646, 83.88675558590896, 74.5029029718851, 72.94616577230737, 79.49156951709713, 83.91885610749223, 92.52754437997156, 87.41371605992757, 83.596603879124, 79.68465559621019, 51.5118207383606, 59.45998201895003, 71.36395146739265, 84.7786056849691, 94.41273999180433, 106.66461619765398, 120.77211064833445, 118.3014825695799, 137.66776333570257, 130.3585207959472, 136.56025434778937, 129.13949484705387, 124.29942367101317, 116.03139401664659, 105.51364403053587], [8.361141453192502, 7.743291752225664, 16.997322623509476, 28.30873216690995, 20.419128268965913, 14.929943874954054, 14.457362334467723, 47.30639024192234, 53.242409073607426, 59.951253864976515, 67.96386327342404, 77.26124045031906, 69.24539216343368, 62.177806824554374, 55.10852270118693, 11.606276585644553, 7.6542205785669655, 12.090417097276259, 22.370147660529152, 31.668693234280145, 28.136217379128507, 19.370114883343284, 8.846544811384668, 0.0, 6.69339725448692, 47.31158421558901, 54.49151737563227, 60.629521541354606, 69.2283681451873, 75.89521369801369, 75.60505446662269, 68.93746698583439, 60.57287835700933, 54.39207355071235, 48.31322403728214, 21.224158193410947, 27.851724679435062, 37.88722192010787, 44.65559303235957, 52.87948182727698, 59.80369765633586, 64.54248726680734, 67.17043182393458, 64.5604493483085, 51.94738111647945, 42.53336879655268, 38.48748323251871, 71.05284365934055, 64.07956718703723, 64.24092986682193, 69.83347200207788, 73.6976594108394, 79.93134092054126, 88.82386101883012, 91.77202679381666, 90.64165319296788, 87.5520491125358, 84.33910300481388, 80.46799778684668, 71.22519609129324, 68.44660887108205, 74.21758790614385, 78.16777371232907, 86.28946981052465, 81.77603702198056, 78.57976378696097, 75.4154054801984, 58.13817923898963, 64.88117939471415, 75.03121407430271, 87.16865455866719, 96.0419008383163, 107.36774269108759, 120.3288406934304, 114.53742890561442, 132.67804727303871, 124.3228178192739, 130.6883562914541, 122.98115800727088, 117.6799954889288, 109.19209688307929, 98.48613756882106], [10.113644928348387, 13.889354757772768, 23.232000382545067, 34.29307287225257, 25.927842112143193, 19.239838498686552, 15.880735120712044, 41.793634429348494, 47.35361835290336, 53.82504696870171, 62.00944255965831, 71.65765309202476, 63.489595018622296, 56.470756520788846, 49.586400956748115, 6.787904450825303, 9.662855740068203, 17.49795975964681, 28.36523665647447, 37.88781403981574, 34.55865151367742, 25.857632328723568, 15.394790311959563, 6.69339725448692, 0.0, 40.78831895295978, 48.020869924006135, 54.269587637705456, 63.06067396910548, 69.88347682718101, 69.52754509752607, 62.691411557458714, 54.23981979651575, 48.03280477628024, 42.05758009506522, 15.055661137481605, 23.399693337824512, 34.60703244486249, 43.50220258421207, 51.26325374124594, 57.32030378394313, 61.175630091242944, 63.470895206911784, 60.329553874760876, 47.04005592766004, 36.954647983510625, 32.15450135996579, 71.35312588304069, 63.43248442265966, 62.81357878715077, 67.69420901256154, 70.87121628058857, 76.82027182045104, 85.77583712350338, 89.0880946937713, 88.33432286551545, 86.02010352536061, 83.36930064323295, 80.13949356282862, 71.12179942303491, 67.25347362594715, 72.27501498003846, 75.77384871275864, 83.4256014272433, 79.4903264574801, 76.88155283277925, 74.41330862008306, 63.509288208410624, 70.28697477484702, 79.70002615477281, 91.08189495919979, 99.46122974507028, 110.12820443977185, 122.23872416572753, 113.78254359586637, 130.87258763121122, 121.53605915514372, 127.91709976725622, 119.86764980383391, 113.96935776785493, 104.91918057535771, 93.44969170343371], [45.67228288533742, 53.3964387846032, 62.007491759698915, 71.3228974278469, 63.039209215284544, 55.146292457293455, 47.3777562079015, 17.839498720898465, 14.611759507020091, 16.13258310519087, 25.05486954118464, 36.75530858161566, 28.555655521835128, 23.66732131708677, 20.92888704340811, 38.9431161559763, 47.76587798719715, 56.71799442462988, 66.97638327699825, 75.72996624312697, 73.2327012091803, 65.68558649718182, 55.961647698719574, 47.31158421558901, 40.78831895295978, 0.0, 7.969466878139905, 14.647420845839756, 24.488112664305206, 31.897967605198392, 30.826146924308553, 23.11726006943359, 14.33538789614184, 8.448833814589857, 6.850761442858303, 27.61193096378357, 32.38581989770651, 41.406539745616044, 55.32128280035417, 58.439873285416816, 58.45617702160265, 55.05446963245024, 52.163052317944626, 44.94971753344651, 33.60903231807933, 22.442535976158265, 11.4583937915239