{
	"dissimilarities": [[0.0, 7.867206059962454, 16.24124408552919, 26.180662135090277, 18.14935274984025, 10.483765898292466, 7.486017598460078, 44.00875141935687, 49.55696527067315, 57.915196111947346, 65.2937036574542, 73.78557406814686, 65.96415827439793, 58.64789709913146, 50.39395031948825, 17.763471832594835, 15.940066608450355, 18.213573372855528, 23.315250068840797, 30.95134552651608, 27.294122752924554, 20.288755757473467, 14.095619453088144, 8.75892143262234, 10.301026951807234, 47.855752841420625, 55.25535277562809, 61.22308982579754, 69.35054497616115, 75.47580700582581, 74.86485068585016, 68.72440026123354, 60.52932054599352, 54.21494335937862, 47.87793068635004, 19.504708169608843, 27.634974758923992, 36.59075421609257, 38.481648626506086, 46.44298316147785, 54.416972444092856, 59.127022831453885, 60.9533910513712, 58.41421861456884, 48.55147762039081, 39.13261313760975, 35.27981847409699, 66.11654023688261, 59.95629255924574, 62.38934700564985, 65.58339483035923, 67.52208455131392, 72.40309815465979, 81.52733323085441, 83.70001739836731, 83.34416944978993, 80.98586984196676, 76.82093157406896, 71.49790925992083, 67.43889947685346, 67.5947945288368, 71.10250334511466, 74.73801073847875, 79.32978132164604, 75.66963300929697, 72.05026321353414, 68.600370945182, 61.57847659619149, 63.74088724696225, 70.28581643220126, 75.727341615717, 87.42974778706069, 101.68163062067245, 103.1021208051368, 112.37099751601839, 125.28910897625343, 121.76296190133745, 127.86219577349566, 120.78615423425323, 112.12635642056547, 105.14281588225785, 92.21785864368334], [7.867206059962454, 0.0, 10.276426333991935, 21.987337540891254, 14.380386302180618, 9.847229820016087, 12.354548640475457, 51.68026439848854, 57.03164783634179, 65.19697411812615, 72.72118050582942, 81.47843637493271, 73.56289482064318, 66.23376507341025, 58.04078566531956, 19.926326166970018, 14.56406729231282, 13.207304718569112, 16.818650034490307, 25.15238538156596, 21.053933874531097, 12.929303666390735, 7.977888553194699, 8.709702608772417, 14.10140320677191, 54.41533346728347, 61.77386025267051, 67.88035114064603, 76.23262829620198, 82.59883840551603, 82.1251043249928, 75.72480320804237, 67.43189354295437, 61.157926848965516, 54.86087222972045, 25.71932400540745, 33.04690779714269, 40.937362137524275, 42.39689342507531, 50.46103340028202, 58.672505209705136, 64.19684568146117, 67.17786081430529, 65.16814072386444, 54.709679460477794, 45.57277456833623, 42.08905143290289, 69.07234869389758, 63.356978486836574, 66.53713301731783, 70.18932282263138, 72.75602300788323, 78.26060901180988, 87.65323974842129, 89.44465790009026, 88.3897023940261, 85.35921220036262, 80.60314957290772, 74.66465627364447, 70.89167294622987, 71.52752722286898, 75.64231050983773, 79.99710576275886, 85.11116150490933, 80.91172729264338, 76.58239638872838, 72.52447346237518, 57.78964085894808, 61.40746160684082, 69.45177562107982, 75.81039001480242, 88.0090957159414, 103.08505689825104, 105.4040534315572, 116.4669389571741, 131.34217334760547, 128.5418984286013, 134.90300093294786, 128.0529260427591, 119.70180698230412, 112.70359140790914, 99.11579099859419], [16.24124408552919, 10.276426333991935, 0.0, 12.173875221470318, 7.545939270208514, 11.661199964834191, 17.70692974095986, 59.72299688368765, 65.55343786238559, 74.04017070820147, 81.299403831695, 89.32823801312041, 81.77700596900168, 74.48362234668637, 66.13041742576432, 30.079887382401964, 23.542275291400426, 18.206261412167542, 15.219660161698815, 18.106161809495962, 13.153658625035204, 10.683679522451522, 14.43998239418511, 18.895932774055, 24.32465606213938, 64.03109134044456, 71.34972282735092, 77.24506366428469, 85.2313305314551, 91.24482025407907, 90.79410563913683, 84.81515145592886, 76.72053369171473, 70.43684107922874, 64.10813284266486, 35.2729608103978, 41.20272654146258, 47.237911693945414, 45.38160996204618, 53.32351614660963, 63.135579316080566, 69.37205998924861, 72.55363295351094, 71.30167847558126, 62.17703342316063, 54.114650330079286, 51.42722479904792, 68.6466828045135, 64.47961924054758, 69.2320119774084, 73.5500358241473, 76.74541420844511, 82.50879317441127, 91.46156867093589, 92.70081985762278, 91.09792408643509, 87.28603613454914, 81.82430968770007, 74.58952754564721, 71.58154173598363, 73.32265239795099, 78.36908497188449, 83.40584379428735, 88.66821268817321, 84.21918743882509, 79.20048860710031, 74.22603888813968, 50.8773537823986, 52.6508809294551, 61.174345656015205, 68.56552754378241, 81.48059363755995, 97.4318055686906, 101.61689002302354, 116.4440282850646, 132.5244044090846, 130.93549545261249, 137.30246152569572, 131.038936741496, 123.88122702987549, 118.19499512844635, 106.62839187763659], [26.180662135090277, 21.987337540891254, 12.173875221470318, 0.0, 10.930941792756286, 19.66954091326348, 25.59240969002528, 66.88668262659913, 73.25375767487405, 82.10811130321116, 88.88208405832927, 95.75179743308608, 88.82598339336, 81.68531732239, 73.23812370387597, 41.81486569370281, 35.3750887619175, 29.122332706356026, 22.94478475862236, 17.480900312522497, 13.665103586964937, 19.96741810195246, 26.380945891309754, 30.653219844977933, 35.54762348584306, 73.48536472487503, 80.69447988848259, 86.20523488701085, 93.54709589591484, 98.93576759674674, 98.46161107864066, 93.20717767971045, 85.49015026290179, 79.24267667133937, 72.93212543759394, 45.26991867152953, 50.11053813315986, 54.565831197061165, 49.01368587166088, 56.45133774276348, 67.96463904683641, 74.47968984158277, 77.11481513380902, 76.51835168673695, 69.55355157306336, 62.679081717745426, 60.655760602185616, 67.44831882194522, 65.32587792046978, 71.66173226753826, 76.49674362567931, 80.0600836380178, 85.65391047510296, 93.68296567801207, 94.41017099592273, 92.56773979411237, 88.18578165611, 82.2211179110865, 73.65095428903507, 71.6142596292415, 74.56830832173814, 80.40786733250272, 85.80564113280111, 90.82557054096442, 86.47866352442023, 81.07952623703824, 75.32862796400175, 44.72591344932749, 41.51561514152005, 49.61562243363985, 58.194542089864456, 71.98216169748339, 88.67400297399489, 95.21777430873347, 114.39644357830582, 130.5766455185773, 130.20462941265063, 136.27407283097696, 130.70437718449793, 125.06761852174856, 121.19837903391888, 112.80993267427257], [18.14935274984025, 14.380386302180618, 7.545939270208514, 10.930941792756286, 0.0, 9.444651257633069, 16.317126270356244, 59.21508384443426, 65.73108231262188, 74.46610695887419, 81.45809314767693, 88.91668459642345, 81.32655305274673, 74.00383312960464, 65.56314241821397, 33.789968758404584, 28.817977084190904, 25.074909507480697, 22.71666907782919, 23.609287887638736, 18.586718754704176, 17.982866102052277, 20.35007162614783, 22.742608659025574, 27.171671307057817, 65.26639848189697, 72.88432337382143, 78.82237677726727, 86.6890709638997, 92.38017546900898, 91.526125779733, 85.85912054245867, 77.71375937493403, 71.29199378351464, 64.90677742522999, 36.07588467095414, 39.75370621284146, 44.00180261629896, 39.880934732848644, 47.62167691763255, 58.271819783411146, 64.84540195563564, 68.25026283630851, 67.70292345036422, 59.60281468322251, 52.88380807159016, 51.85968002789805, 61.537123572090636, 57.890888500540186, 63.28226717796, 67.89727836805963, 71.42691831891403, 77.39027486222255, 86.18503170583688, 87.05312112905541, 85.06906390362687, 80.89683349083529, 75.1784624564766, 67.5534812203028, 64.79338120420242, 66.93992805218548, 72.36999617414934, 77.75397231913767, 83.17341712759571, 78.51347265469627, 73.14675611279743, 67.79972692026962, 54.4883030022377, 51.81868136935695, 56.76365703428719, 62.65527102823313, 74.92489130018377, 90.63967349273797, 94.28724239776722, 109.41028552815135, 126.70303232923739, 125.96322922466035, 133.22172467472606, 127.6967440459727, 121.4282038009386, 117.54576534116568, 108.29781492283719], [10.483765898292466, 9.847229820016087, 11.661199964834191, 19.66954091326348, 9.444651257633069, 0.0, 7.377432578247394, 50.56409919159618, 57.001113419954784, 65.6101686173117, 72.72975478276135, 80.60557486660817, 72.67853923708331, 65.28660027774612, 56.897340332637945, 26.244535595774487, 23.403682610608488, 22.982499352260362, 24.680610235143234, 29.47685301240787, 24.740806704781352, 20.015749017914093, 17.39227215736774, 16.05453421236042, 19.10445238987067, 56.15599734271696, 63.92397865424957, 70.02862645915539, 78.1241702814419, 83.97259114828113, 82.95071340376842, 77.06424551614157, 68.7442019690656, 62.26827261355452, 55.87221809154717, 26.77483492059673, 30.563427354301517, 36.00924229480015, 34.256474804959744, 42.285517650422996, 51.821370304523995, 57.80353713024763, 60.95800502307948, 59.852280947395755, 50.87533779961495, 43.60051969309883, 42.57563106169757, 59.52875125835449, 54.35089382950417, 58.3145078066067, 62.35619781557985, 65.324491366928, 71.06785697910408, 80.26402398425374, 81.61382738176538, 80.14149263760596, 76.6952551642424, 71.64221497360981, 65.2281027243598, 61.70232510312234, 62.81170975171641, 67.40254995567909, 72.16976308648442, 77.45752062803984, 73.02004784131512, 68.27791343280214, 63.76193566744439, 60.95713845022221, 59.400773234985174, 63.431503025249604, 68.01441873536199, 79.39148805280789, 94.07041590629888, 95.70915132845079, 107.07950449317578, 123.2629960567385, 121.50290924115305, 128.94443454729588, 123.02347153123581, 115.85374909749113, 111.28383720646421, 101.03499162076615], [7.486017598460078, 12.354548640475457, 17.70692974095986, 25.59240969002528, 16.317126270356244, 7.377432578247394, 0.0, 43.197972245677704, 49.67373084607627, 58.33921614869847, 65.3944235103506, 73.231783106336, 65.31791319964013, 57.936464549998945, 49.538977780700456, 23.133296813372365, 22.69244444640396, 24.826939248058547, 28.615544530554033, 34.416727459213334, 30.21362380348438, 24.717458977567635, 19.779560821175703, 14.944865210084998, 15.445672520684912, 49.31225510742235, 57.063139423423664, 63.06772037470563, 71.03394487436287, 76.768265773631, 75.66847694456834, 69.8970041362832, 61.645935722923454, 55.17168154548304, 48.78068308871393, 20.5533049309541, 25.073371796849663, 32.00956306394972, 31.62325820234939, 39.612767207352796, 48.50178555664558, 53.57475679127125, 55.64529906264939, 53.84590295721217, 44.99851939160609, 37.16716981418022, 35.679327437711166, 58.66027518097012, 52.71580424676969, 55.59727136650214, 59.05718232495693, 61.30104351557568, 66.42920298621571, 75.5166049440059, 77.35641295557586, 76.65083576973278, 73.99385710836123, 69.63592930233146, 64.08089246303177, 60.121792162160126, 60.52605347290893, 64.33932981209368, 68.29409943025782, 73.08238259945537, 69.18765776850199, 65.25096498996236, 61.5081816010468, 64.6886935510282, 63.209648228906296, 66.6442944302349, 70.56655504670262, 81.48827660247305, 95.32841014889762, 95.97489657482171, 105.07917012827487, 119.19452718928405, 116.47596791239816, 123.57840668844682, 117.25898337893607, 109.4947633904299, 104.47492732006813, 94.13356052619461], [44.00875141935687, 51.68026439848854, 59.72299688368765, 66.88668262659913, 59.21508384443426, 50.56409919159618, 43.197972245677704, 0.0, 8.411476768116405, 17.152091250079213, 22.787294737815674, 30.40989410979608, 22.128813260708334, 14.822276945743928, 6.4120452585060566, 42.296762236883296, 49.99860228800949, 57.76788564420946, 65.4218891531943, 72.88814841727655, 70.21508656966168, 63.68398944282503, 55.63803679218342, 46.86614655089383, 40.81957529646905, 18.617025968500627, 23.417823581376744, 26.911918556556998, 32.440689871762544, 36.47622361573728, 34.05607550733459, 29.867023170666908, 23.149520645345984, 17.777033375991305, 13.741152371203585, 29.033205253747838, 30.533055009114776, 38.47897193530504, 45.499833167226676, 48.49966107035518, 49.08069108746037, 46.033539569684265, 39.085551226229896, 31.33542112473999, 27.88156043815328, 20.657229999906424, 15.799310713161315, 70.09397005035898, 61.67596324176359, 57.45951375289234, 56.180286463958765, 52.88605110515755, 52.15779834461218, 58.62496677091648, 63.81501398023389, 68.48241697141259, 71.44223075603374, 72.16009563709949, 72.7517852362977, 67.3429412331703, 63.57009237832944, 61.58642244437458, 59.1801001304707, 59.44517159557984, 60.1843394894549, 62.51731918277085, 64.48898575558933, 96.83926656222397, 95.74369873776885, 96.29011718949083, 96.86065109219848, 104.47845220945956, 113.0469155216568, 108.1664696499031, 102.93635596723317, 103.17352656493864, 93.84199893571281, 98.4842525325617, 89.58963739872613, 77.2569610459185, 68.61720710999207, 57.57033240235808], [49.55696527067315, 57.03164783634179, 65.55343786238559, 73.25375767487405, 65.73108231262188, 57.001113419954784, 49.67373084607627, 8.411476768116405, 0.0, 9.20637840129342, 15.76466101924085, 25.379491659770654, 17.098094792000044, 10.548895419585026, 6.503247965468331, 45.46992446912272, 53.494414590633745, 61.63361037908628, 69.77907667060933, 77.83500082024584, 75.47074106901115, 68.51269271361438, 60.16231336506881, 51.44635445580013, 45.233039752412765, 14.123992276423717, 16.347512083316804, 18.758727440537882, 24.080250588369736, 28.562326450725898, 26.383890599050943, 21.612617836406166, 15.122710618918354, 10.506343581028794, 8.713996655058683, 33.74827794439617, 36.457021285230375, 44.98060994706791, 53.39862987711684, 56.28310573947675, 55.76687779202646, 52.12517456830557, 45.005288221901715, 36.807507475321295, 33.00739729440981, 25.529038619365007, 18.5539940109094, 78.14017331952262, 69.49832277153712, 64.70092103671801, 62.99220261874761, 59.26207930567962, 57.97515480694938, 64.00280390139793, 69.56398528928953, 74.74221552967121, 78.26471164989603, 79.44237419044082, 80.59897910542337, 75.09353911125321, 70.96304366492275, 68.45140812467567, 65.46774061162989, 65.26210992819, 66.47950584215856, 69.39198305072817, 71.88117827621576, 101.09616176063994, 101.82846051533704, 103.65824655963122, 104.76058588277651, 112.5822567319667, 121.04160213055926, 116.1165800632618, 109.63449433775607, 107.7985913467996, 97.15398653252181, 100.60619635537013, 90.82142958704294, 77.04199842089379, 65.61568881329048, 50.83958790148864], [57.915196111947346, 65.19697411812615, 74.04017070820147, 82.10811130321116, 74.46610695887419, 65.6101686173117, 58.33921614869847, 17.152091250079213, 9.20637840129342, 0.0, 8.208855798369584, 20.366007827712775, 12.22798352044494, 9.160902404518453, 12.740814914764046, 52.09129778362041, 60.46488754103044, 68.9628645681015, 77.50953731425476, 86.05775696848661, 83.79378553403643, 76.43056037600284, 67.77950676942835, 59.08952498614385, 52.77850496698941, 15.234882073189375, 12.85237055189497, 12.51469253249831, 16.55782962789185, 21.07681250243096, 18.326383218084764, 12.89397074644758, 7.4939788090461015, 7.203730983010194, 11.475090313458539, 41.252798017565446, 43.483640571921306, 51.45785525912646, 60.993649435348274, 63.306340028198456, 61.23179827192022, 56.66534809376005, 49.240586511354856, 40.7910227926685, 37.437308540994806, 31.234123603408598, 25.071085564919322, 85.17402089842113, 76.21645951502786, 70.49279772521216, 68.13438235808637, 63.803921484090246, 61.79778427119126, 67.29414214097011, 73.21393516891574, 78.93107781066641, 83.19951872273552, 85.07603755477928, 87.20497699658773, 81.56410660326917, 76.86564153764242, 73.55334672914951, 69.78343185628252, 69.01992964779834, 70.79394005161609, 74.49255978164908, 77.76726879059154, 109.07953729478118, 110.69552828308733, 112.73091926873643, 113.65312035995774, 121.14166409950974, 129.0634005261007, 123.32652552485766, 114.36900043493323, 110.70925151042547, 98.85777505671867, 101.77144450112807, 91.49302391249266, 76.52121992717699, 63.28519170920857, 45.81607681775485], [65.2937036574542, 72.72118050582942, 81.299403831695, 88.88208405832927, 81.45809314767693, 72.72975478276135, 65.3944235103506, 22.787294737815674, 15.76466101924085, 8.208855798369584, 0.0, 12.746723368792317, 6.635195408479469, 9.740703540348921, 17.074039934612898, 60.1833269041702, 68.44474931561325, 76.77549135213296, 85.10271132970166, 93.22127358964725, 91.03112861963531, 84.04201640537998, 75.58115251421694, 66.89341581578466, 60.62082370400908, 23.259645163291225, 19.47434701051475, 16.353018173576427, 15.220861044749112, 16.372457313425134, 12.203338430251165, 10.917804057296593, 12.010293714779584, 14.948161234315107, 19.669940521033656, 49.02002705827117, 50.528664598273565, 57.514391811035686, 66.20547405160617, 67.81595977268063, 65.30055289298005, 59.819918642373175, 50.99844386185023, 42.41909287800635, 41.89907454936569, 37.64929464209742, 32.88335712279757, 88.42965049162876, 79.7841942697708, 73.601177604109, 70.71239325549072, 65.69523561253541, 62.49488509386055, 66.68681983368278, 72.95560857162982, 79.56703379580067, 84.65310178303567, 87.27016012709196, 90.04518071197582, 84.53443334559542, 79.61115624436847, 75.64226714208539, 70.90772636476473, 69.0945669508813, 71.84668445945137, 76.49984407054252, 80.43528105873405, 115.1807099728576, 115.94949151810617, 117.13355759574866, 117.4889725888502, 124.38369750210096, 131.36077155987473, 125.051594257591, 114.38117175836796, 107.61848521896933, 94.61089586971785, 96.69799737808654, 86.06979088787165, 70.4310086276187, 56.83691057157352, 41.15796430970406], [73.78557406814686, 81.47843637493271, 89.32823801312041, 95.75179743308608, 88.91668459642345, 80.60557486660817, 73.231783106336, 30.40989410979608, 25.379491659770654, 20.366007827712775, 12.746723368792317, 0.0, 10.26887473008815, 17.040307998470396, 24.413644649065574, 70.79640866491191, 78.62047317685618, 86.40170926372495, 94.05504991553681, 101.0484697609413, 98.97439904347755, 92.95724393141336, 85.07485644989464, 76.45792998178486, 70.36209848496051, 35.594918913693135, 32.01792808788922, 27.971512006435784, 23.039491768276687, 18.893993442225494, 14.666448818935034, 20.34822827790582, 24.56757033014755, 27.4671720664721, 31.432109553960487, 58.86106631149797, 59.65473641924246, 65.37721039743322, 71.78532786000267, 72.53701176513128, 70.39665882450012, 64.04366930235908, 53.06141908469133, 44.70858605233775, 48.78166854742634, 46.78110666029557, 43.44914972868867, 90.4968313532678, 82.8161415449076, 76.57551872118083, 73.23041165856827, 67.44922530636441, 62.522021518472044, 64.36129300128272, 70.9660470596412, 78.89446986502044, 84.94808266508416, 88.42793398419788, 91.6365438897784, 86.55681983077984, 81.72065321250787, 77.1747947631856, 71.24177438707757, 67.77180701184004, 72.02285753439509, 77.86137746642801, 82.397061812708, 120.9787161467596, 119.65648968624996, 119.19975345162948, 118.68378442256468, 124.68093786768638, 130.18732376422184, 123.52806432231903, 111.61847029384856, 99.68259306752223, 85.1490787919825, 85.63734885366019, 74.53276201476268, 58.31239783976031, 45.42345212392943, 37.340685228120456], [65.96415827439793, 73.56289482064318, 81.77700596900168, 88.82598339336, 81.32655305274673, 72.67853923708331, 65.31791319964013, 22.128813260708334, 17.098094792000044, 12.22798352044494, 6.635195408479469, 10.26887473008815, 0.0, 7.490858904008608, 15.789989710950007, 62.26957175425116, 70.49492840023031, 78.68225792795441, 86.71475108871645, 94.35843908366077, 91.95799229320251, 85.31715491172979, 77.02532188409684, 68.23237116412557, 62.00309204009707, 26.86929411859147, 24.70340908468485, 22.64700955264156, 21.67472596091849, 21.452540908680703, 16.741641321333997, 17.335588660193256, 17.652343501214823, 19.08465936950676, 22.623361476886608, 49.9710209915185, 50.07380446502321, 55.82772288038657, 63.43737892059853, 64.42414551169526, 61.80681041563871, 55.82763351060288, 46.05118307795459, 37.495513445948575, 39.27394573044226, 36.83492510452434, 34.101841602126434, 83.99132388877521, 75.59463810444059, 69.20489263060958, 66.06078991787587, 60.708001991673676, 56.91252744599092, 60.53199816400642, 66.89366582809579, 73.84953610241959, 79.26049441341635, 82.22199647051524, 85.32878601107414, 79.92361813518806, 74.91542104322251, 70.6411553161373, 65.45971708047237, 63.17665453369057, 66.35428734540554, 71.44268857515023, 75.68606540567556, 116.45444235486487, 115.41826773808643, 114.99517564849322, 114.42671900264548, 120.60716796836607, 126.89598239023184, 119.89552699712529, 108.28704608152395, 101.13719808418632, 88.28014462872468, 91.14221537326685, 81.06297840943485, 66.07479465741073, 55.05890987496506, 44.46790263793643], [58.64789709913146, 66.23376507341025, 74.48362234668637, 81.68531732239, 74.00383312960464, 65.28660027774612, 57.936464549998945, 14.822276945743928, 10.548895419585026, 9.160902404518453, 9.740703540348921, 17.040307998470396, 7.490858904008608, 0.0, 8.46962414184561, 55.20453660711949, 63.42541162110772, 71.61764298817701, 79.64743729509819, 87.38610032215107, 84.85112918390749, 78.10307790091971, 69.7761180669686, 60.94680354882351, 54.72339584306242, 21.54716533388415, 21.5030277430417, 21.59758652259453, 23.7268125675597, 25.720935476424845, 21.818654094243552, 19.629105492789172, 16.22825174579517, 14.953264275313431, 16.75401230715072, 42.588755772142996, 42.74918294822015, 48.97214368453111, 56.778295912902394, 58.25852254238002, 56.2407749152315, 50.98459187298221, 42.04130655447484, 33.44701695070485, 33.452656419764544, 29.868222173522646, 26.925965447721754, 78.72315155523228, 70.13622091084916, 64.19561898070334, 61.5257186204997, 56.73196545187527, 53.92761149773568, 58.709587188693, 64.7582902453436, 70.9580773007125, 75.63608919526645, 77.94004912426503, 80.42253432702759, 74.92745979228043, 70.1574108786497, 66.47916038076188, 62.121861637801665, 60.73256369302206, 63.07547732330114, 67.34256146333598, 70.98818654125171, 110.36693671669717, 109.35308553702492, 109.14430393097258, 108.82334832638371, 115.38149962039653, 122.38633851513922, 115.82814920379269, 105.87811590683509, 101.61033748404937, 90.00126834144667, 93.80583317522282, 84.2114705669349, 70.13771365031671, 60.08602482250049, 48.961565083552316], [50.39395031948825, 58.04078566531956, 66.13041742576432, 73.23812370387597, 65.56314241821397, 56.897340332637945, 49.538977780700456, 6.4120452585060566, 6.503247965468331, 12.740814914764046, 17.074039934612898, 24.413644649065574, 15.789989710950007, 8.46962414184561, 0.0, 48.00998288393876, 55.959832972265964, 63.910604170244405, 71.70267169833687, 79.2323379926114, 76.60502510704569, 70.02212662041322, 61.869935501050406, 53.06288182219041, 46.93777170604273, 19.13212223078153, 22.026120265362685, 24.253527635904945, 28.557138465798445, 31.80402970019259, 28.791078334382423, 25.352499362787526, 19.65204084381472, 15.524668312502168, 13.827766355429276, 34.922531711466185, 35.55202581165733, 42.52746516948407, 49.81536208158454, 52.03133100865548, 51.40629344875514, 47.26070848510252, 39.18779166254997, 30.883072045535386, 29.257634516920813, 23.92999804217238, 20.31502618542791, 73.0769260130417, 64.58003727714726, 59.53561415434505, 57.59256927782474, 53.56212991274978, 51.84517103605489, 57.58314299370715, 63.189765432641394, 68.58896671055486, 72.35070446820389, 73.81030172058739, 75.28189959158178, 69.8252194550639, 65.57789795446955, 62.79205348317912, 59.45690042090951, 58.95100046097859, 60.4413649350382, 63.69211802840606, 66.45573047674061, 102.72310043484637, 101.4617716334902, 101.48387808518713, 101.54781288022588, 108.61808421656218, 116.4214917855724, 110.72169842002018, 103.3313096695635, 101.59201164889586, 91.2993080424368, 95.67403072408814, 86.51934022560249, 73.50824905857063, 64.50705162338001, 53.80130103981179], [17.763471832594835, 19.926326166970018, 30.079887382401964, 41.81486569370281, 33.789968758404584, 26.244535595774487, 23.133296813372365, 42.296762236883296, 45.46992446912272, 52.09129778362041, 60.1833269041702, 70.79640866491191, 62.26957175425116, 55.20453660711949, 48.00998288393876, 0.0, 9.582140361445033, 19.424501183770925, 29.480195728382142, 41.41172628237931, 38.534447270037106, 28.071188799256703, 18.130253054628138, 11.219773129175161, 7.760073340288027, 38.89037749742038, 45.87326284935817, 52.41627803769707, 61.664731290356606, 69.01021319799948, 68.72134639972803, 61.166618320907006, 52.58420684747694, 46.674257985232174, 40.847087769005384, 15.268610659174657, 26.343995697163635, 37.962250770417576, 46.80045621478502, 54.10559076170297, 58.07780721026518, 61.70148795598616, 64.22249468285112, 60.52220036244154, 47.149870634529606, 35.50069975298184, 29.060027939988927, 77.27451834975182, 69.16595254347611, 69.19158779427117, 71.31475253996994, 72.49456660206727, 77.24265529240078, 87.22076148820572, 90.08482779657108, 90.11396032742014, 88.66733506322059, 85.37770112290137, 82.01031686524263, 77.07636240462604, 75.654238790076, 77.79083976225319, 80.63550222314747, 85.28619663074869, 81.72146709299956, 78.90710741818528, 76.77986272982264, 72.12929374962646, 79.5161366045785, 87.95047885626983, 93.35166290268577, 104.60661533532306, 118.37611782060434, 117.99411684534843, 122.6122179347189, 135.01149274381933, 129.8161812708201, 135.7988040290145, 127.70871690155376, 116.86883017677876, 106.57352006014946, 87.60670251466485], [15.940066608450355, 14.56406729231282, 23.542275291400426, 35.3750887619175, 28.817977084190904, 23.403682610608488, 22.69244444640396, 49.99860228800949, 53.494414590633745, 60.46488754103044, 68.44474931561325, 78.62047317685618, 70.49492840023031, 63.42541162110772, 55.959832972265964, 9.582140361445033, 0.0, 9.910369792002621, 20.156434334242775, 32.604706686757254, 30.01887772166002, 19.307389710465397, 9.986123996948317, 7.855081660412514, 10.660227641413714, 47.74756029602354, 54.432878127765484, 60.64380947857209, 69.51828672187243, 76.69197181637719, 76.72740763609474, 69.44898832461682, 61.15352775236375, 55.32103379643657, 49.46020299261721, 23.07269007558243, 33.58533263936425, 44.09552906751098, 50.516556057631384, 58.278990541539585, 63.81924837179381, 68.30337802978944, 71.14288333866385, 67.91676909809236, 55.26058768145497, 44.10986053341104, 37.897172488878965, 79.75345802084092, 72.60801779709922, 73.9590641440264, 76.73651044354203, 78.51340028120529, 83.61634702928635, 93.44289012800562, 95.94706222467453, 95.5441715618155, 93.41209432863269, 89.43900200387655, 84.91942493249236, 80.464538156173, 79.90956431255708, 82.90291915197915, 86.41352333478831, 91.29069050649953, 87.44507064959166, 83.9645484251644, 80.99621909213482, 63.74415552023842, 72.74610523338008, 83.26136511804556, 90.11402732819549, 102.30882429711014, 117.05503095367384, 118.4656603752941, 126.36415863995144, 139.58362473953972, 135.08411789261794, 140.65184135351168, 132.65480394449378, 122.39002855996908, 112.21674782240218, 93.64999490835582], [18.213573372855528, 13.207304718569112, 18.206261412167542, 29.122332706356026, 25.074909507480697, 22.982499352260362, 24.826939248058547, 57.76788564420946, 61.63361037908628, 68.9628645681015, 76.77549135213296, 86.40170926372495, 78.68225792795441, 71.61764298817701, 63.910604170244405, 19.424501183770925, 9.910369792002621, 0.0, 10.383737541160452, 23.290480766771886, 21.16809438719239, 10.767012727116327, 6.493846181683164, 12.85857865132671, 18.325501144958057, 56.87514524164817, 63.38038473769302, 69.28513637228563, 77.7487735340567, 84.65446975703355, 84.91853380888807, 77.99771755258864, 69.97021353073615, 64.17186471777842, 58.26070493760613, 31.529896873623834, 41.39398785328572, 50.82234205006291, 54.73899960034083, 62.74429283534746, 69.77443404839653, 74.94520567407584, 77.90341075166295, 75.13059477985415, 63.377470872362906, 52.75525097928595, 46.832566757060356, 82.1361899636921, 76.10115236675546, 78.74475027158503, 82.11002292997904, 84.39975831375179, 89.7370530377123, 99.2879738715748, 101.43367049236605, 100.66559405499056, 97.90840028675396, 93.32039339931694, 87.67544372552875, 83.76692235995021, 84.09333569159163, 87.88114970661879, 91.959482766858, 96.96228855986246, 92.92535851834344, 88.87285888680782, 85.12447352989396, 54.845169267518905, 65.2406677150122, 77.86237472232226, 86.21071572171324, 99.30547263475128, 114.94486850520975, 118.25843555867058, 129.54945616424314, 143.38945631071067, 139.63679347951697, 144.783408820646, 136.96543404032772, 127.41871415150342, 117.64943937481011, 100.03474258561869], [23.315250068840797, 16.818650034490307, 15.219660161698815, 22.94478475862236, 22.71666907782919, 24.680610235143234, 28.615544530554033, 65.4218891531943, 69.77907667060933, 77.50953731425476, 85.10271132970166, 94.05504991553681, 86.71475108871645, 79.64743729509819, 71.70267169833687, 29.480195728382142, 20.156434334242775, 10.383737541160452, 0.0, 13.312099830156102, 11.832439144325447, 5.64838870623561, 12.934106959316594, 21.01251035020171, 27.006206335140334, 66.18667651632788, 72.66108053594574, 78.3213804575328, 86.37918543240374, 92.93127052606697, 93.28776702512731, 86.79468084034981, 78.98180525632932, 73.15291613241455, 67.15779545068192, 40.095243076234276, 49.10674368349692, 57.35803668852438, 58.63859654096529, 66.69103751209643, 75.1719095631157, 80.93669415502553, 83.92444725221667, 81.67524037400923, 71.02345959365137, 61.09043405817708, 55.70684245017792, 83.56687370867758, 78.80411209325563, 82.74875272034983, 86.67101623261345, 89.44569032498798, 94.95535127024527, 104.12322078296503, 105.86350799947859, 104.72857463320658, 101.35432019450272, 96.18550578835622, 89.42134658399578, 86.1403198799701, 87.38637203845549, 91.94727045562169, 96.55477565844345, 101.62950603645133, 97.44046486450246, 92.85178552611703, 88.3440863037184, 45.80696189731279, 56.71421954531994, 71.1689501199241, 80.93838041933839, 94.82545689362543, 111.25589172354488, 116.52298503472457, 131.32654213498722, 145.80095823748758, 142.9586749537016, 147.8100371367798, 140.35066491024745, 131.76103288897315, 122.87636107811953, 106.94847181522051], [30.95134552651608, 25.15238538156596, 18.106161809495962, 17.480900312522497, 23.609287887638736, 29.47685301240787, 34.416727459213334, 72.88814841727655, 77.83500082024584, 86.05775696848661, 93.22127358964725, 101.0484697609413, 94.35843908366077, 87.38610032215107, 79.2323379926114, 41.41172628237931, 32.604706686757254, 23.290480766771886, 13.312099830156102, 0.0, 5.43774952812586, 15.114174166466722, 24.606330792937946, 31.775011446693394, 37.52241517547457, 76.10136912946419, 82.50060290853176, 87.75194578395761, 95.12484645429384, 101.04385481465688, 101.45950401080438, 95.70797980493685, 88.27769397947878, 82.44302285106893, 76.38863038147795, 49.791147692558255, 58.01738850089433, 65.11073441329314, 63.08804379131048, 70.94749719798429, 81.1629929515995, 87.25139886612213, 89.65653323133184, 87.89645910381202, 79.14830256648119, 70.07924416024905, 65.18030984124469, 84.33357804457137, 81.32701571825395, 86.71289064030135, 91.13519976044986, 94.23191134633076, 99.57901999015603, 107.9230001594516, 109.25906877367325, 107.99009945242148, 104.12023214759971, 98.48281205202579, 90.46437742938619, 88.02165927842339, 90.35586916578545, 95.65558693566607, 100.57996007916616, 105.40625733248801, 101.34647123480298, 96.42434892333407, 91.19557631493758, 34.39424371507446, 44.10765305125912, 60.800307633144804, 72.44019992142287, 87.30140114800194, 104.42409483533744, 112.29422331115535, 131.4325084422599, 145.56678068928875, 143.70681334185565, 147.9073374763962, 140.91867549128364, 133.6716129399249, 126.19082529489626, 113.20774555820233], [27.294122752924554, 21.053933874531097, 13.153658625035204, 13.665103586964937, 18.586718754704176, 24.740806704781352, 30.21362380348438, 70.21508656966168, 75.47074106901115, 83.79378553403643, 91.03112861963531, 98.97439904347755, 91.95799229320251, 84.85112918390749, 76.60502510704569, 38.534447270037106, 30.01887772166002, 21.16809438719239, 11.832439144325447, 5.43774952812586, 0.0, 11.555981918315595, 21.16423291965525, 28.30932318321703, 34.21706256844011, 73.68287086133007, 80.4201274630374, 85.93423128993535, 93.57580974026926, 99.57650038295753, 99.71013551956622, 93.82936897118844, 86.13091727369601, 80.12522985905301, 73.95703370540647, 46.35612609023002, 53.7661163879435, 60.32330140033214, 58.19639743227735, 66.04801154247741, 76.19367021511997, 82.4867627354107, 85.35947398273362, 83.88768644902895, 74.94892453305908, 66.27090483695129, 62.1646899654389, 79.64391637332356, 76.43838318055582, 81.81153731653538, 86.3020740280676, 89.56923761653023, 95.17675636747151, 103.75434280062856, 104.957613881534, 103.41301846172101, 99.39724782671782, 93.67734275858511, 85.75128592663238, 83.22833639546246, 85.50783983392718, 90.87029428883241, 95.99221813360838, 101.06757532228683, 96.76563567088571, 91.65173177209591, 86.35982761570307, 39.302598171899504, 46.03581092821597, 60.196135041489384, 70.66038321872874, 85.00451872999277, 101.96372529367973, 108.88057493165415, 127.13419338464209, 142.42918190343883, 140.88375699278672, 145.9114432972685, 139.25737839961684, 132.16026342459352, 125.3756759663094, 112.8405746315526], [20.288755757473467, 12.929303666390735, 10.683679522451522, 19.96741810195246, 17.982866102052277, 20.015749017914093, 24.717458977567635, 63.68398944282503, 68.51269271361438, 76.43056037600284, 84.04201640537998, 92.95724393141336, 85.31715491172979, 78.10307790091971, 70.02212662041322, 28.071188799256703, 19.307389710465397, 10.767012727116327, 5.64838870623561, 15.114174166466722, 11.555981918315595, 0.0, 10.131857693435594, 18.43708714816378, 24.752962514648907, 65.12564511054434, 72.01965155956162, 77.94487140556224, 86.22033389924555, 92.76202250844855, 92.77545351426588, 86.2454021283568, 78.16220859042909, 72.12128681439637, 65.9788549947489, 37.620151722300704, 45.436407258569936, 52.8823267080321, 53.727926036321755, 61.74902236676032, 70.32194846371222, 76.3887530338781, 79.89758369943594, 78.06953906717905, 67.39864293048198, 58.066236861652314, 53.800145357817144, 78.48773415271587, 73.6849737433433, 77.76571180653757, 81.82745090789818, 84.85039146825896, 90.66012027789832, 100.003776817871, 101.52980726236223, 100.04484418739854, 96.43542921305026, 91.11626795348474, 84.32992471364544, 81.05379894926537, 82.35377625180541, 87.07274281053905, 91.95765390455892, 97.30229095317874, 92.83673545136871, 87.97623146987921, 83.31200168209914, 49.13465441549136, 57.06758515575606, 69.30552060303475, 78.03518949037428, 91.41062297458427, 107.68386341232765, 112.21376709904072, 126.5382235944414, 142.31020124391847, 139.98173620409466, 145.69880440558083, 138.70993556606885, 130.51304311583388, 122.68409764148134, 107.8019331468792], [14.095619453088144, 7.977888553194699, 14.43998239418511, 26.380945891309754, 20.35007162614783, 17.39227215736774, 19.779560821175703, 55.63803679218342, 60.16231336506881, 67.77950676942835, 75.58115251421694, 85.07485644989464, 77.02532188409684, 69.7761180669686, 61.869935501050406, 18.130253054628138, 9.986123996948317, 6.493846181683164, 12.934106959316594, 24.606330792937946, 21.16423291965525, 10.131857693435594, 0.0, 8.986781434619292, 15.336944519753926, 55.84405777876005, 62.8939641544602, 69.09618171778203, 77.76272107742184, 84.58893480766628, 84.42322383404601, 77.52687080667933, 69.19162089160316, 63.11721879317688, 57.004692935210464, 28.415056132010207, 36.77287917819834, 45.31503084612739, 48.73823940753027, 56.73894527365836, 63.9255397950213, 69.44387298807085, 72.96105135115816, 70.6835198471793, 58.95897485739326, 49.06426722025945, 44.606810135825285, 76.0505925467531, 69.9543104984359, 72.73773559192536, 76.25984101653188, 78.82127409123049, 84.4890174186744, 94.22434180993994, 96.12779342465215, 94.98461725813743, 91.97570467326898, 87.23267399517628, 81.57044540144551, 77.65795041655225, 78.0358799272769, 81.9950142852859, 86.37405274788459, 91.66729396983385, 87.33161131771026, 82.98477524341811, 79.06790004342427, 57.74583420155301, 65.07640485375877, 75.35690062474632, 82.55923440326369, 95.05799073391208, 110.46033112954262, 112.96710953845299, 123.73169732069942, 138.9387519719483, 135.7856113349722, 141.89641026287504, 134.639725094053, 125.61261399690919, 117.18273041640198, 101.07757624147466], [8.75892143262234, 8.709702608772417, 18.895932774055, 30.653219844977933, 22.742608659025574, 16.05453421236042, 14.944865210084998, 46.86614655089383, 51.44635445580013, 59.08952498614385, 66.89341581578466, 76.45792998178486, 68.23237116412557, 60.94680354882351, 53.06288182219041, 11.219773129175161, 7.855081660412514, 12.85857865132671, 21.01251035020171, 31.775011446693394, 28.30932318321703, 18.43708714816378, 8.986781434619292, 0.0, 6.42720872782859, 47.29401140415037, 54.576456758377645, 60.890135351075784, 69.63863912173565, 76.42446326452429, 76.01523562674399, 69.12299364892947, 60.66603161585064, 54.48464670509565, 48.30605432841867, 19.447589781091768, 28.626370643034875, 38.36747215498736, 43.234734964768876, 51.112493546686956, 57.53055748304174, 62.31627105801756, 65.171915097063, 62.43235773515713, 50.58815974148174, 40.29590681032772, 35.67700182474368, 72.07620626614825, 65.18613682815783, 66.95792535363431, 69.9675841808027, 71.95811601738758, 77.19759476827147, 86.92961045223902, 89.19590274191073, 88.59582194028727, 86.24196091692752, 82.10853154407634, 77.309968638189, 72.9698039291503, 72.66737120655408, 75.9311970822094, 79.66408294861144, 84.62738083771178, 80.66194524462195, 76.95882920540286, 73.73221945910991, 63.76099846000553, 69.26844049561855, 77.50085820329865, 83.38232642129287, 95.13271747765776, 109.61517536113975, 110.6553709872158, 118.78272666878841, 132.6555422713053, 128.80380608451017, 135.04357544663108, 127.64168081512942, 118.18638805385586, 109.76359727898304, 93.87434519884033], [10.301026951807234, 14.10140320677191, 24.32465606213938, 35.54762348584306, 27.171671307057817, 19.10445238987067, 15.445672520684912, 40.81957529646905, 45.233039752412765, 52.77850496698941, 60.62082370400908, 70.36209848496051, 62.00309204009707, 54.72339584306242, 46.93777170604273, 7.760073340288027, 10.660227641413714, 18.325501144958057, 27.006206335140334, 37.52241517547457, 34.21706256844011, 24.752962514648907, 15.336944519753926, 6.42720872782859, 0.0, 40.94267101336703, 48.33413823893453, 54.724293133021284, 63.55859588842474, 70.37210102238663, 69.83353074136593, 62.87932272859996, 54.344949708702885, 48.12648243765815, 41.938269785281555, 13.259868092193262, 23.843950267689475, 34.85606713275293, 41.26780820531622, 48.88069989456198, 54.39144924252357, 58.42575423644711, 60.64876625262089, 57.391438474493555, 45.32508452301284, 34.46007335236192, 29.272991194578115, 71.0690039927578, 63.55926043509725, 64.39567012211343, 66.9030923997648, 68.34518122512927, 73.15470315064749, 82.85942924010912, 85.47503022368181, 85.37911179280337, 83.62394380227889, 80.04394426191342, 76.02166900150849, 71.35050752570871, 70.44801691516751, 73.05880095359228, 76.17810728598856, 80.815673945903, 77.21167666422791, 74.11802837441279, 71.53598494934809, 68.49214498681363, 73.37736044598937, 80.57985184086296, 85.67529195367949, 96.90495157096946, 110.69089828018424, 110.70844986666089, 116.73971001849857, 129.35928481476785, 124.82140917345897, 131.01276085374678, 123.38531452568857, 113.4389427165088, 104.69832224427769, 88.52575190615846], [47.855752841420625, 54.41533346728347, 64.03109134044456, 73.48536472487503, 65.26639848189697, 56.15599734271696, 49.31225510742235, 18.617025968500627, 14.123992276423717, 15.234882073189375, 23.259645163291225, 35.594918913693135, 26.86929411859147, 21.54716533388415, 19.13212223078153, 38.89037749742038, 47.74756029602354, 56.87514524164817, 66.18667651632788, 76.10136912946419, 73.68287086133007, 65.12564511054434, 55.84405777876005, 47.29401140415037, 40.94267101336703, 0.0, 8.464408217927938, 15.572326802212764, 25.29922673674407, 32.67841306266822, 31.335642958307844, 23.16640281981061, 14.02585101909196, 8.390892182750889, 5.4324709869046695, 29.97478928042571, 33.967453051456154, 43.977329749468716, 55.968860665267414, 59.59666042645041, 57.78471423028782, 55.158110137295985, 51.30445259846107, 43.82175462930769, 34.424342171252846, 24.261157239148854, 14.61581381568912, 83.72719685805286, 74.10534782561226, 69.1