{
	"dissimilarities": [[0.0, 7.807687013183166, 16.281928127948028, 26.229909651322266, 18.218606275149728, 10.55599532646695, 7.62192727355247, 43.77560466552362, 49.47600475279766, 57.80211738128326, 65.1945682110184, 73.8251177379919, 65.9132610773388, 58.57266638859646, 50.341457925941924, 17.42458193150019, 15.565808480658816, 18.045482259760256, 23.318028262862047, 30.841392849663603, 27.25695646125169, 20.250385799436685, 13.777897772607366, 8.441616397450966, 10.10957712758644, 47.610896601992884, 55.0334787509299, 61.04866108629516, 69.23529369811922, 75.41744210147496, 74.79927950246419, 68.57107497789278, 60.328999364970834, 54.02323874699624, 47.709581876454685, 20.820285655041207, 27.290343574374027, 35.981705991447846, 38.29436343462139, 46.80745530252756, 54.30536596990843, 59.32050635409436, 61.404119220983546, 58.981898560312345, 48.09270493531939, 38.69205653315984, 35.085756681143486, 68.29235168214737, 64.9584627072905, 64.23583321788001, 70.12051884585668, 71.89637916901782, 77.10807590636131, 84.60381050052325, 91.08710645678164, 93.23142973977808, 92.24546468059653, 87.17941265976172, 82.48473804493455, 72.64605280047697, 72.35159313009552, 75.5094879629475, 78.90897145502902, 84.68330037298519, 90.0895523254752, 86.90695366290852, 83.95101596097649, 58.80587252409441, 63.207351262470276, 72.80230565131214, 79.30331981687371, 90.4922584862415, 103.54192427020897, 111.21170439631503, 107.34468242565906, 134.02374526809268, 123.87178904488417, 120.44353593894714, 112.86405963959861, 108.07276189698403, 100.31157740965813, 92.55005677080179], [7.807687013183166, 0.0, 10.294432271580305, 21.92744259668614, 14.42083815802958, 10.009815386043892, 12.487256827351558, 51.43225799762033, 56.950395846915214, 65.0967473957695, 72.62907543577538, 81.49812853186647, 73.52260661443935, 66.17084010532443, 57.99301455235034, 19.780447765503943, 14.345735874522818, 13.113822084192579, 16.857306959015308, 24.911452291490832, 20.9221359262956, 12.940101638136923, 7.705903904478043, 8.597596422465298, 14.073911485654941, 54.250686013635786, 61.61633277814707, 67.74786772454127, 76.13356479140481, 82.53843839923955, 82.0689384254822, 75.6040789106301, 67.28369426117762, 61.01983539308134, 54.742671812169945, 27.006967974828903, 32.86375607562272, 40.52239339060825, 42.27773675927629, 50.92217257452139, 58.622819729106375, 64.55924812054228, 67.74819196991692, 65.86093550231165, 54.17233858747518, 45.284849976166164, 41.97528549705891, 71.13133530120712, 68.23513502306697, 68.12472215117408, 74.65487765500451, 77.03373972870531, 82.75037390028535, 90.55995907312402, 96.70395060347802, 98.06765249105881, 96.44882256602939, 90.83855984751607, 85.50281080884241, 75.82436881464989, 76.15186658087768, 79.90984722840206, 84.00449725059397, 90.40883281296044, 94.96195062898357, 91.1350486834962, 87.61868166003747, 54.744213745904986, 60.65776630203266, 71.75340659119172, 79.21304374760575, 90.91021465421315, 104.84385585914866, 113.3341609922892, 111.31597578551835, 139.93316398192238, 130.51721928237322, 127.49349996453012, 120.17132037274816, 115.63141288696433, 107.8131224732303, 99.38689795841158], [16.281928127948028, 10.294432271580305, 0.0, 12.077010445876244, 7.546155048314869, 11.508884425613154, 17.605495995991426, 59.48655461933511, 65.4534950978932, 73.92474972946543, 81.17268702981497, 89.27284204557392, 81.66339498858828, 74.36242513084832, 66.02563106793208, 29.956057408214953, 23.33417223534988, 18.046187361345027, 15.161632242276225, 17.880827675757793, 13.03149076063345, 10.584364720427672, 14.12600068962033, 18.807858693360345, 24.311013828416417, 63.84184445999364, 71.16531740403728, 77.08135904854625, 85.090923469354, 91.13189253769528, 90.67347097535014, 84.64808152364766, 76.53264096931049, 70.26458869662883, 63.9619790646241, 36.63137139266159, 41.01852061103388, 46.78624030955021, 45.19540026418889, 54.07125441166234, 63.11279249914456, 69.7901138715592, 73.09852995107607, 71.89227986897015, 61.6729893330566, 53.792025715034725, 51.29988634095645, 70.40579805011343, 68.77678570840929, 70.08347466543971, 77.57704633381819, 80.56300370208459, 86.3862001909813, 93.93084513267647, 99.42139706016987, 100.08249582851128, 97.66093602947191, 91.49895393988552, 84.75575916127961, 75.58159419529026, 77.40555681077086, 82.09240525751397, 86.87760614572731, 93.49738950837678, 97.25328095802132, 92.81712263241401, 88.52678120328966, 47.93526823696807, 51.82776338267444, 63.36794189951078, 71.76962776764111, 84.19196590762677, 99.15695653773518, 109.05475216899603, 111.65275007525769, 140.71667540250115, 132.67511232691726, 130.3445125059179, 123.69265899033303, 120.20489865580365, 113.59348410084048, 106.78723444656129], [26.229909651322266, 21.92744259668614, 12.077010445876244, 0.0, 10.785362582427906, 19.219629433384007, 25.25046162884049, 66.64696996932055, 73.11152827678379, 81.94810107929344, 88.69072254344528, 95.59538379903253, 88.59577324918493, 81.46597146659734, 73.04081754666423, 41.599328675812956, 35.059405259251, 28.838610163362333, 22.7306885387561, 17.47169102051104, 13.690251262127337, 19.721707455352792, 25.95245440530367, 30.470891683630235, 35.46213352454229, 73.20403434364574, 80.42274170508125, 85.96121116990632, 93.32892764923137, 98.74192012026018, 98.23747255642384, 92.94617327362474, 85.20583394699939, 78.98039408359799, 72.70564799680236, 46.64176005439389, 49.82480346748871, 53.948432759942946, 48.67246487121042, 57.46783947856427, 67.91098395837628, 74.83024995109709, 77.51656223008929, 76.86358067481099, 69.11701701252936, 62.21893625961244, 60.450675242702246, 68.78862785478445, 68.75672689343396, 71.63046220854439, 79.8842233332641, 83.23802703129849, 88.76727320781333, 95.61380582583097, 100.36491131098788, 100.59947482728937, 97.51659091226281, 91.02807962102989, 82.75087335302602, 74.34482090698171, 77.88207349720817, 83.38937973548106, 88.57935385221282, 94.95634383856172, 98.17093226151106, 93.39026975831838, 88.44852447219772, 42.32878197955345, 40.789496217436586, 51.82084999777246, 61.17312123233881, 74.48761386007291, 90.42437172338788, 101.94957683207353, 110.27040662285339, 138.21861264713823, 131.67287621032983, 130.02576920872926, 124.16459495260044, 121.98859740127445, 117.07028683013846, 112.84694687158643], [18.218606275149728, 14.42083815802958, 7.546155048314869, 10.785362582427906, 0.0, 9.217438872591721, 16.185765269693306, 59.10940629182596, 65.63729172059234, 74.35901455701148, 81.3331776984136, 88.85041999064484, 81.20550715614502, 73.8795588146823, 65.4556525622206, 33.70244764918017, 28.657522182250528, 24.95559640525253, 22.658201505173395, 23.42189686918517, 18.48765120118191, 17.914653704879644, 20.12686747781457, 22.690222185985977, 27.186842717176447, 65.08948091126727, 72.70991733538617, 78.66473747346019, 86.5484328775039, 92.26174346664571, 91.39889753530981, 85.6927326250958, 77.53067200805019, 71.12665335433493, 64.76952146748224, 37.470965331618, 39.59417792976653, 43.53800585394142, 39.68494731129748, 48.53928686488616, 58.296820086543434, 65.31839917704517, 68.82714954411651, 68.30255779100227, 59.14366655753271, 52.56653544183874, 51.74950434164279, 63.227557766214474, 61.971445587576845, 63.81390700792639, 71.69672108882976, 74.98894771719927, 80.91320841734057, 88.42279920996934, 93.52932475963921, 93.74278707985806, 90.98826239588756, 84.64668731396424, 77.53808574045286, 68.51114698986495, 70.80777695886393, 75.84838929607265, 80.9617141472789, 87.79737383835243, 91.0267398005446, 86.32419421897404, 81.76558177945152, 51.758354590295276, 50.93966369513067, 59.14546711374358, 66.11970679582218, 77.75632432138033, 92.353745783389, 101.83741341408363, 104.68440926346238, 134.91868703153702, 127.70253001615423, 126.22112834905636, 120.3951897555313, 117.87034298540839, 113.02962728691791, 108.42696230973503], [10.55599532646695, 10.009815386043892, 11.508884425613154, 19.219629433384007, 9.217438872591721, 0.0, 7.369361730507946, 50.49849836577953, 56.945511635678265, 65.56570218345182, 72.65503837662682, 80.55831557853514, 72.61834711673228, 65.22239058455517, 56.83908816260927, 26.438657294569463, 23.491358879588258, 23.023038554911164, 24.645339507750446, 29.056766333311845, 24.43787850213733, 20.01744431943466, 17.42665857219091, 16.258005254640718, 19.361947403687342, 56.12899159088582, 63.88102735117087, 69.97230994326179, 78.0466051810285, 83.89089474389911, 82.87991527534304, 76.9843845608496, 68.67324878772865, 62.2182036398583, 55.84769414388307, 28.381378594268092, 30.679564136128047, 35.824632338719546, 34.2151904028924, 43.10451567128125, 52.04270719041949, 58.401642981237515, 61.625046356155394, 60.58378034843656, 50.62973478623812, 43.493096752197005, 42.62450837889001, 61.48977936145952, 59.04266754012346, 59.601949026462265, 66.6587867556705, 69.37866555222976, 75.16015039037661, 82.86113306296514, 88.555381113002, 89.47652974986755, 87.48821192300316, 81.6920076452995, 75.86274547987422, 66.31498806261479, 67.24447990060438, 71.44253862125548, 75.89809170234905, 82.48598914360402, 86.52441302856352, 82.42512062625053, 78.59513045707443, 57.78534366868863, 58.11695502406749, 65.46442317096636, 71.26641268408987, 82.05318387994849, 95.47374839419341, 103.49214952199235, 101.99579525557843, 131.6351837962009, 123.23925683968805, 121.2490078832751, 114.9640656872221, 111.7298831171086, 106.32451893980587, 101.13579198004012], [7.62192727355247, 12.487256827351558, 17.605495995991426, 25.25046162884049, 16.185765269693306, 7.369361730507946, 0.0, 43.13883558195998, 49.630404416388735, 58.30786168178976, 65.32809502686935, 73.19397939306613, 65.26278803293175, 57.87825462758061, 49.48810123054691, 23.35389177917899, 22.778233133798086, 24.8587352789088, 28.579683579419036, 34.057866028059976, 29.964395668835454, 24.71132028305173, 19.799794531007638, 15.163520315822117, 15.772194483750193, 49.29212786808507, 57.02627094629259, 63.01806543153746, 70.96285935697125, 76.69361010200512, 75.60298913160027, 69.82095189448751, 61.57802325005664, 55.12746745810482, 48.76657097139659, 22.29820894158793, 25.218814932606826, 31.79497369607261, 31.57897395103741, 40.314292560472694, 48.74352292893448, 54.080494036514814, 56.239528524313485, 54.51100498746016, 44.916207910465694, 37.04405669947222, 35.7511847767998, 60.775467154603, 57.6648481141815, 57.337631942233656, 63.579869795815675, 65.60123237570902, 70.89524490086745, 78.36953980508505, 84.54100164056938, 86.35122475900235, 85.11474060310474, 79.9295228295675, 74.96770157322503, 65.18342217347734, 65.22435261197872, 68.6643274630382, 72.32341330144835, 78.27690087815702, 83.3033723303632, 79.92650617274248, 76.77296467191762, 61.587088458805816, 62.014053891741426, 68.70655547851794, 73.81814101799189, 84.18321942704496, 96.72100647284664, 103.88096100989162, 100.01462967643799, 127.67158486948806, 118.28020288999856, 115.69453150357081, 108.95299596358112, 105.1980748307594, 99.41295819027734, 94.2538375581597], [43.77560466552362, 51.43225799762033, 59.48655461933511, 66.64696996932055, 59.10940629182596, 50.49849836577953, 43.13883558195998, 0.0, 7.851714678582126, 16.79335987335712, 22.541891758423407, 30.501734115578444, 22.191077837738167, 14.902363850550758, 6.65856759733946, 41.895019383104305, 49.521751159718555, 57.29201159815988, 64.97180351837841, 72.35226727035209, 69.79287608417657, 63.319776836723044, 55.25858569733848, 46.55891057608261, 40.55004407231145, 17.872892900443958, 22.61925662610876, 26.13545707552485, 31.749211357108372, 35.936288407620324, 33.64695544212602, 29.274533884554, 22.480767472869715, 17.108259065045132, 13.060720437598071, 28.473807284306694, 30.795929481205857, 38.74389057643961, 46.09111598359639, 48.88266643945845, 50.091490228325696, 46.53214838190832, 39.81480098690864, 32.07874766259627, 30.022533849815375, 20.763520100508345, 15.608432217785646, 73.3399962462181, 67.43761074107756, 62.23678698513202, 61.79003671827649, 58.72681360937656, 59.454579767144736, 63.990030511141136, 72.66225515873339, 80.0901162033251, 83.78054498786237, 82.99494735953635, 83.87433999181542, 74.623931021607, 69.58732894804069, 67.67672040485891, 65.44031789964416, 65.98951056069959, 76.8080403900384, 78.5077608314073, 79.95180937065999, 93.81698942302309, 94.88198522905893, 98.53503181546044, 100.27333751349951, 107.68881070291465, 114.95146571405384, 116.96182090699786, 99.33854333138264, 112.84033336390698, 96.94314468608916, 90.08399133460821, 80.10908203152329, 71.88536995815561, 62.61709287225976, 57.32437655045425], [49.47600475279766, 56.950395846915214, 65.4534950978932, 73.11152827678379, 65.63729172059234, 56.945511635678265, 49.630404416388735, 7.851714678582126, 0.0, 9.190411734158431, 15.744299061845181, 25.623426210494372, 17.1807022102268, 10.569942576340422, 6.597504726219226, 45.387343494802636, 53.38429765113792, 61.53764069169911, 69.69079387228243, 77.62767379103154, 75.31175989468812, 68.41988180643291, 60.05406487204072, 51.36996080456621, 45.18613656923719, 13.814125839427769, 16.08785631569579, 18.600306816280796, 24.028962398905556, 28.60436945230083, 26.421293516923654, 21.476318318004182, 14.835061232270627, 10.188979571669622, 8.48374554289872, 33.051612242813015, 36.32656895255661, 44.624999057862965, 53.280821711018426, 55.673277945211126, 55.77377792292349, 51.507440656824734, 44.57442301165453, 36.4144906539962, 34.1204077140902, 25.117129748841165, 18.460929853843684, 80.52684891634887, 74.35532860589437, 68.68585733671576, 67.52854370630855, 64.01787077902407, 64.30360191970179, 68.46138284564101, 77.31761435951158, 85.25706854671185, 89.48183622324227, 89.14788819604085, 90.70627425302747, 81.56432340858274, 76.00531349149101, 73.54621199607179, 70.7363648776812, 70.71515203981637, 81.943488416057, 84.16406525195849, 86.09862603837172, 98.55486779799158, 101.20084440582492, 105.74265009887372, 107.79081356202447, 115.30997755695384, 122.38755138161756, 124.12739521653454, 105.02882299523105, 116.59348284806647, 99.60523348474315, 91.73247917003802, 80.88257449304355, 71.192567623566, 59.57889576023368, 51.40371853683394], [57.80211738128326, 65.0967473957695, 73.92474972946543, 81.94810107929344, 74.35901455701148, 65.56570218345182, 58.30786168178976, 16.79335987335712, 9.190411734158431, 0.0, 8.296806342926537, 20.78890858924193, 12.552149643983578, 9.36898309950728, 12.87915351111035, 52.00801570511286, 60.36361041273615, 68.86908334319041, 77.41726579242858, 85.82555126731602, 83.61277800613811, 76.33261513839365, 67.68250402968235, 59.00543637087642, 52.711323690739405, 15.024424831001452, 12.627187328950416, 12.388271625296118, 16.583625034353677, 21.228925454037046, 18.52695877839363, 12.833279027974147, 7.161309176198857, 6.93206086152985, 11.36989309277941, 40.34874289403502, 43.374425813597966, 51.18463071172581, 60.90151470665797, 62.52403432742572, 61.209135344081226, 55.96511625806056, 48.74396623947765, 40.377287431001214, 38.51413883124288, 30.958748429251642, 25.005156497444723, 87.55922815662984, 81.01088698607953, 74.70938393551162, 72.55653696227822, 68.47266710161276, 68.18333015482733, 71.87761753528704, 80.86481930224402, 89.33602244402638, 94.23749649236751, 94.53599876875428, 97.10240405437982, 88.17767485192799, 81.87502151637871, 78.65853216803599, 75.10392346996464, 74.40279931121448, 85.99912476601732, 88.89242212961028, 91.50125325843614, 106.50441554573376, 110.06007929939314, 114.77575866694234, 116.64990763564126, 123.85219958423943, 130.36163412866392, 131.3468705431407, 109.70882929722298, 119.46543331444319, 101.39312220413436, 92.72152321113938, 81.28892233730564, 70.29359830268444, 56.992061936434354, 46.5263035090905], [65.1945682110184, 72.62907543577538, 81.17268702981497, 88.69072254344528, 81.3331776984136, 72.65503837662682, 65.32809502686935, 22.541891758423407, 15.744299061845181, 8.296806342926537, 0.0, 13.078058204730125, 6.799063730710795, 9.748456468163614, 17.069574622760054, 60.147478754671575, 68.36624992702437, 76.6851225826651, 84.99607717233509, 92.97631774958909, 90.83723482239334, 83.93730098068346, 75.48763509753384, 66.82918812568968, 60.58538776726831, 23.189379334129086, 19.3979179357878, 16.297076222682918, 15.191605658843772, 16.41930258015224, 12.283158753933735, 10.7885463993736, 11.833016874644775, 14.861466925718268, 19.649109903384858, 48.21312668908077, 50.48476151662286, 57.300899430838584, 66.1124361625837, 67.06004492414581, 65.35867357834051, 59.0705738607127, 50.31770792735228, 41.707200819085166, 43.239391141168774, 37.454164096298356, 32.8842705630013, 90.70421903543554, 84.2517631438336, 77.7906483890045, 74.80995393549708, 70.0415222579265, 68.65639261935382, 71.19000279145652, 80.16030380339409, 89.52048275245573, 95.13018970532396, 96.19578257031495, 99.36226254262652, 90.89267261931289, 84.34354956325878, 80.50474172840866, 76.02744868430929, 74.03544752723235, 86.36542331439502, 90.13026751660207, 93.36630669180147, 112.6454773976987, 115.23977014530804, 119.00487343119609, 120.24692711916754, 126.8929216245331, 132.4730194382162, 132.7364259045552, 110.05251055397859, 115.99746684289131, 96.9775872622488, 87.48240648716738, 75.58060736885807, 63.81336111001683, 50.25945290708861, 41.710142302464156], [73.8251177379919, 81.49812853186647, 89.27284204557392, 95.59538379903253, 88.85041999064484, 80.55831557853514, 73.19397939306613, 30.501734115578444, 25.623426210494372, 20.78890858924193, 13.078058204730125, 0.0, 10.226342651305103, 17.127318046041648, 24.491528280210378, 70.92807170509906, 78.65935682739556, 86.39593511085462, 94.00232829000471, 100.87381754691191, 98.84847310741485, 92.92043060237087, 85.06078743664243, 76.52006570956966, 70.48516173886632, 35.788427231461654, 32.22206033996341, 28.175494949461168, 23.16943260877092, 18.93812128969928, 14.651362759987276, 20.44511667619488, 24.70342379055156, 27.657818290621925, 31.655342188828627, 58.43010771326625, 59.8089371925112, 65.31199664012225, 71.76652384974099, 72.0565523316685, 70.7069326293555, 63.378877208403516, 52.219387497243176, 43.61853658293416, 50.64959989147284, 46.77590960316391, 43.67547720582967, 92.60269978110026, 86.72675074583574, 80.55291270384535, 76.816590776957, 71.2504607490104, 68.16104201509383, 68.60702605164416, 77.30231940939302, 87.97311677476429, 94.40044028483909, 96.47049849560776, 99.94974603260196, 92.29368250226239, 85.9557686448284, 81.56410682810254, 75.92076531407037, 71.85564717458124, 85.25096395475775, 90.1781609855861, 94.06880146929763, 118.62874319532435, 118.8883358242574, 120.80189268043705, 121.01911872076889, 126.8343078211635, 131.01540694280988, 130.5078406624803, 108.12937720403708, 107.27105834678093, 87.10378151023484, 76.33261222865059, 63.722520622995354, 51.183960366835514, 38.49161162967342, 37.52141273217528], [65.9132610773388, 73.52260661443935, 81.66339498858828, 88.59577324918493, 81.20550715614502, 72.61834711673228, 65.26278803293175, 22.191077837738167, 17.1807022102268, 12.552149643983578, 6.799063730710795, 10.226342651305103, 0.0, 7.535525968420387, 15.790133148925788, 62.374756859523, 70.51360271829081, 78.65024454044142, 86.62852454711395, 94.09247395661852, 91.75541779331131, 85.2460910864493, 76.99678113848813, 68.25438412398186, 62.07271375610835, 27.067398622659958, 24.901027622370147, 22.807944314203375, 21.715329004366872, 21.40866893164339, 16.728632672009148, 17.40269904518532, 17.792940766902895, 19.275522965141178, 22.82310058061161, 49.38081456335312, 50.21976675071646, 55.790818833230496, 63.41504744422257, 63.79496639824834, 62.080365707058306, 55.212015884111835, 45.35508251210818, 36.677503621789796, 41.06071439999122, 36.85711395119371, 34.30188584227196, 86.1970447664718, 79.85511663415166, 73.39105979008633, 70.02144514922051, 64.92509150551285, 62.97161226281123, 64.97132617932036, 73.90453614212977, 83.59916294838327, 89.45924979798956, 90.86751258641641, 94.2790472695467, 86.11061089047216, 79.49822277205554, 75.38900667008629, 70.48950221489295, 67.91774541880025, 80.5548327653243, 84.68273480032842, 88.17281044368896, 113.84867114412529, 114.51578943705924, 116.69139705040325, 117.00926409628381, 122.91930474742476, 127.7547132076469, 127.36605248369627, 104.08155383145395, 109.32819569106411, 90.41250594778053, 81.32892022286191, 69.95545267888707, 59.00582264821473, 48.162228367160274, 44.65878017528267], [58.57266638859646, 66.17084010532443, 74.36242513084832, 81.46597146659734, 73.8795588146823, 65.22239058455517, 57.87825462758061, 14.902363850550758, 10.569942576340422, 9.36898309950728, 9.748456468163614, 17.127318046041648, 7.535525968420387, 0.0, 8.448651107239842, 55.25337099442181, 63.40275651386305, 71.5607039362257, 79.55249419351988, 87.12050731140934, 84.64683551738733, 78.01791162038651, 69.72003921049837, 60.933651380183896, 54.75209364142077, 21.631244888536077, 21.573512659873522, 21.644657946772547, 23.71330770138677, 25.693051687438313, 21.81585635102216, 19.603755754995063, 16.226103546067275, 15.021043679846915, 16.86926584630576, 41.96327162756056, 42.821748782110404, 48.84179129714245, 56.72524017011297, 57.616102578642, 56.43878725047117, 50.37200988813684, 41.44449977629641, 32.78863072856605, 35.11074935446776, 29.77340686005708, 27.05778425951133, 81.00218839600117, 74.62715982907368, 68.35345579942813, 65.7365802187715, 61.20826323701938, 60.17518156043013, 63.20093773126392, 72.17140446952885, 81.10712289792035, 86.31611215876747, 87.03978443957358, 89.84272101340561, 81.27942422584907, 74.94328016437069, 71.4039534280022, 67.30292954586693, 65.8511774705732, 77.91663602538485, 81.27257474558813, 84.18431098314157, 107.74719556529229, 108.50663972855646, 110.99946506605588, 111.62067063898627, 117.86881291164609, 123.40288795962218, 123.58821591844881, 101.41691891346689, 110.17099552644599, 92.29597045062997, 84.16793160130737, 73.41905642495733, 63.54075343370962, 53.5411358544495, 49.2667807531794], [50.341457925941924, 57.99301455235034, 66.02563106793208, 73.04081754666423, 65.4556525622206, 56.83908816260927, 49.48810123054691, 6.65856759733946, 6.597504726219226, 12.87915351111035, 17.069574622760054, 24.491528280210378, 15.790133148925788, 8.448651107239842, 0.0, 48.05675005075023, 55.93197308896493, 63.8559690840702, 71.61776419351773, 78.9877337701901, 76.42050642870116, 69.94579286996522, 61.81068853764875, 53.05658698776617, 46.980917363384485, 19.16142990681382, 22.03648323880519, 24.25477304007343, 28.528370347178335, 31.77949457055061, 28.773406017689123, 25.294816620269437, 19.58931001101514, 15.526249308373865, 13.918977280107434, 34.449068688137245, 35.61142304848784, 42.329590335115235, 49.750617607558844, 51.51912448412537, 51.605412687161355, 46.74616733498295, 38.7370741147677, 30.39312293288646, 30.863393664779785, 23.74013366550553, 20.459719746391787, 75.40934703596726, 69.27089294368007, 63.53934441497326, 62.039801710657095, 58.24898957127385, 58.13416809384104, 61.99940478618819, 70.85083665666741, 79.00095985459407, 83.40245526502042, 83.32911602192638, 85.11961283972276, 76.18848221816496, 70.51699959906317, 67.81892936890532, 64.68270268552521, 64.30002524588672, 75.75586547748291, 78.23604338602865, 80.37526982429023, 100.11038976405915, 100.64220186880885, 103.42626462148844, 104.45578353284127, 111.19283954050316, 117.54522388342109, 118.60739886979407, 98.78046429843931, 110.3020950981726, 93.59256204621988, 86.31208833793443, 76.12555582068794, 67.39546964369731, 58.29726502084525, 54.111646779014634], [17.42458193150019, 19.780447765503943, 29.956057408214953, 41.599328675812956, 33.70244764918017, 26.438657294569463, 23.35389177917899, 41.895019383104305, 45.387343494802636, 52.00801570511286, 60.147478754671575, 70.92807170509906, 62.374756859523, 55.25337099442181, 48.05675005075023, 0.0, 9.632430578007865, 19.464159930643014, 29.49462536058673, 41.00148245205027, 38.247792857614485, 28.064832705869456, 18.22146625758564, 11.184081149357505, 7.6181550138371446, 38.849611794073994, 45.82911231923165, 52.38003827311756, 61.65263546227462, 69.03856532861231, 68.79504794961849, 61.16482287975406, 52.56285390211662, 46.64970064358885, 40.819284687570914, 15.672007451506524, 26.299562542954153, 37.82669987316242, 46.815658105705744, 53.93582532785463, 58.02206991690036, 61.97465639900267, 64.81160402332961, 61.39735489168395, 46.597207190203115, 35.43129046798619, 29.02639015957379, 79.67471516616644, 74.7663558198267, 72.09844306041475, 76.43965668961457, 77.52312280457126, 82.81003655343928, 90.8841524884769, 98.14677516550707, 100.8080996155198, 100.71775081595398, 96.2458917630008, 93.53988919805741, 83.3710565108011, 81.04339626612874, 82.92017001387848, 85.5433996875297, 91.31280266153347, 97.25310945418813, 94.66621187632268, 92.67019192214464, 68.75936195494268, 78.61162624600018, 90.0645080565801, 96.68918287528267, 107.50926334870186, 119.9769491362064, 126.40009444789683, 116.8244367139044, 144.0325671112972, 132.04221614139604, 127.50419152297209, 118.75345713473209, 111.87469666768258, 100.97483714403648, 88.02465130313124], [15.565808480658816, 14.345735874522818, 23.33417223534988, 35.059405259251, 28.657522182250528, 23.491358879588258, 22.778233133798086, 49.521751159718555, 53.38429765113792, 60.36361041273615, 68.36624992702437, 78.65935682739556, 70.51360271829081, 63.40275651386305, 55.93197308896493, 9.632430578007865, 0.0, 9.889017252561048, 20.0985167114204, 32.06646835239295, 29.62544518043633, 19.236846641915328, 10.017710332136234, 7.776930757749291, 10.590463519642046, 47.68566217029287, 54.36584189779582, 60.57640818706064, 69.45845101898774, 76.65637893460932, 76.72642331839356, 69.39731091356802, 61.0916952285129, 55.26058410192731, 49.401350205207365, 23.89633430745002, 33.54947086738284, 43.94507420059828, 50.48172921152692, 58.35261954483084, 63.799917343836505, 68.66190896872153, 71.7238781514915, 68.70708096056248, 54.72940285801077, 44.01089946001733, 37.8521737439293, 81.96842714048304, 77.93789667684872, 76.35731878449783, 81.66529905481785, 83.31056489789272, 88.82258269776736, 96.82292866507125, 103.71331825335007, 105.87748740698513, 105.12324950973534, 100.09141580807452, 96.17342324074126, 86.17746487961746, 85.01643665890683, 87.7277638549909, 91.00277004830765, 97.05067886685863, 102.48000643075369, 99.32656079669275, 96.63505550488935, 60.16437605295753, 71.68533714569399, 85.10694143197838, 93.12941399472203, 104.95865651149875, 118.5717590411431, 126.44392529609266, 120.7697853644848, 148.2416761477755, 137.0506406739538, 132.69416888851643, 124.06776581886147, 117.62659614688495, 106.76974375395385, 93.93232391294822], [18.045482259760256, 13.113822084192579, 18.046187361345027, 28.838610163362333, 24.95559640525253, 23.023038554911164, 24.8587352789088, 57.29201159815988, 61.53764069169911, 68.86908334319041, 76.6851225826651, 86.39593511085462, 78.65024454044142, 71.5607039362257, 63.8559690840702, 19.464159930643014, 9.889017252561048, 0.0, 10.346269880277577, 22.736519564559146, 20.78297246640225, 10.722464058178463, 6.456974870665751, 12.874577910963337, 18.360766529565947, 56.79072218419912, 63.291232409443964, 69.19788111385618, 77.66656672137904, 84.59050653451929, 84.87336769592136, 77.9128767123496, 69.87702666355985, 64.08705435768873, 58.18782916798517, 32.60483550091626, 41.34626506344323, 50.62178463988616, 54.670936040945136, 63.07019964402448, 69.77333678407356, 75.35280195162078, 78.47255848515518, 75.83954646456775, 62.87214030652235, 52.61128306162399, 46.784627722944435, 84.16853424834669, 81.09435826067718, 80.61720887711073, 86.79123762389621, 88.9277437668794, 94.56336459286695, 102.39178528163868, 108.87273840928226, 110.5788201358174, 109.19382507926046, 103.66971418673079, 98.54778438897367, 88.83477671822284, 88.86865547422013, 92.36149157416976, 96.20652134845288, 102.42808578161971, 107.3715467551549, 103.71864263125202, 100.3750127975764, 51.21703674467006, 64.18111842461741, 79.54913729482706, 88.97716221467292, 101.77754738387216, 116.47438861396931, 125.80973197474239, 124.25894408510786, 151.72018971007785, 141.41596405814573, 137.30645890923108, 128.90350215376324, 123.02664807259828, 112.49356503928938, 100.2473837621029], [23.318028262862047, 16.857306959015308, 15.161632242276225, 22.7306885387561, 22.658201505173395, 24.645339507750446, 28.579683579419036, 64.97180351837841, 69.69079387228243, 77.41726579242858, 84.99607717233509, 94.00232829000471, 86.62852454711395, 79.55249419351988, 71.61776419351773, 29.49462536058673, 20.0985167114204, 10.346269880277577, 0.0, 12.743698856920542, 11.490480427449715, 5.654575328199811, 12.812869708941006, 21.042160879625797, 27.072541797155253, 66.0716123084145, 72.54212273691988, 78.20758763054182, 86.26947860178119, 92.83501306192584, 93.19410345432536, 86.67100314448432, 78.85076505129528, 73.03711282866642, 67.06377676538781, 41.34195258779684, 49.035757561548095, 57.09264973230864, 58.52776465087938, 67.26682309807748, 75.18546133195557, 81.37730373292459, 84.46926143230918, 82.29062846295348, 70.55088348666013, 60.89160790388346, 55.64606543588363, 85.37562436257952, 83.35935300529275, 84.0425108730317, 91.0309538267718, 93.63598296165199, 99.3275162951561, 106.90094380815496, 112.89056452257172, 114.11038183863496, 112.0821494134088, 106.10612468371998, 99.75615101228412, 90.45251852916876, 91.74749866658657, 96.00971150302186, 100.39365526149327, 106.7297701507723, 111.13545570827796, 107.0079609709656, 103.0215197938653, 42.20740152663808, 55.67784246324754, 72.70184476335037, 83.43930316914594, 97.10458672734725, 112.7984732524828, 123.57989283851761, 126.41251115110296, 153.76905005294168, 144.54631707672854, 140.85505253430523, 132.87252101100654, 127.79554942653928, 118.05824284735087, 107.0880372204509], [30.841392849663603, 24.911452291490832, 17.880827675757793, 17.47169102051104, 23.42189686918517, 29.056766333311845, 34.057866028059976, 72.35226727035209, 77.62767379103154, 85.82555126731602, 92.97631774958909, 100.87381754691191, 94.09247395661852, 87.12050731140934, 78.9877337701901, 41.00148245205027, 32.06646835239295, 22.736519564559146, 12.743698856920542, 0.0, 5.331206644561904, 14.553501778037818, 23.933919564666663, 31.407046853964037, 37.2617938745672, 75.71882818587578, 82.1361589816357, 87.43074101003135, 94.85340413612295, 100.81578346554912, 101.19890330278685, 95.38712904963238, 87.91813671543467, 82.09950577406526, 76.0757823118589, 50.91775729009374, 57.59976990779144, 64.43024580813383, 62.703679172865705, 71.62948621160231, 80.94721177714143, 87.44944254528394, 89.95806467926681, 88.17903077311213, 78.53598633742965, 69.53220249612923, 64.8627684130947, 85.75585955225746, 85.10127517472371, 87.13614214415922, 94.86027489957142, 97.7929341514171, 103.243505281621, 110.2094653631405, 115.60359522049889, 116.51711633922726, 113.90876901038258, 107.6215987589355, 99.8652790062003, 91.19424327537553, 93.99508974790842, 99.00399729788863, 103.75257550698265, 109.86049032875626, 113.88786679871548, 109.45429746161506, 104.87137344488397, 31.576117497166887, 43.69212180947048, 62.52023490314442, 74.82070860395821, 89.5411372853067, 106.22277723833157, 118.73576892520707, 127.1655056613143, 153.10923135398536, 145.15716943970756, 141.90215737987938, 134.47054625153552, 130.47487163411174, 122.01049660533118, 113.27929465030059], [27.25695646125169, 20.9221359262956, 13.03149076063345, 13.690251262127337, 18.48765120118191, 24.43787850213733, 29.964395668835454, 69.79287608417657, 75.31175989468812, 83.61277800613811, 90.83723482239334, 98.84847310741485, 91.75541779331131, 84.64683551738733, 76.42050642870116, 38.247792857614485, 29.62544518043633, 20.78297246640225, 11.490480427449715, 5.331206644561904, 0.0, 11.150434005325039, 20.643023670184775, 28.062936762164885, 34.0616116094983, 73.38419091521554, 80.1335953186258, 85.68113790620866, 93.36082491376968, 99.39740083615483, 99.50812897704492, 93.57418682758448, 85.84522290821207, 79.85571491931805, 73.71658607934225, 47.57351649525396, 53.44854668749335, 59.748106951776194, 57.89675984959063, 66.78318244919276, 76.05463823186848, 82.79154047765323, 85.77101377899484, 84.30235216058799, 74.36228126650943, 65.82361592649619, 61.92938326824953, 81.14583114594133, 80.32568486056766, 82.29922146571603, 90.09161844955916, 93.17929384132275, 98.8518174498998, 106.06108010478947, 111.38650230315349, 112.01707992481936, 109.30401795661241, 102.92847149202181, 95.32400659457196, 86.57256154306322, 89.23984646621648, 94.29159901438926, 99.21366791734513, 105.62498079973611, 109.34352234204219, 104.75319420445224, 100.1237754392605, 36.426366117002196, 45.44811796257591, 62.06997249980855, 73.31174919188012, 87.39009932318102, 103.74227429743858, 115.61364780161132, 122.69648422206002, 150.17072061077525, 142.41962663983685, 139.61452438901625, 132.54481906901512, 128.82775993219738, 121.06130018326354, 112.94418556919626], [20.250385799436685, 12.940101638136923, 10.584364720427672, 19.721707455352792, 17.914653704879644, 20.01744431943466, 24.71132028305173, 63.319776836723044, 68.41988180643291, 76.33261513839365, 83.93730098068346, 92.92043060237087, 85.2460910864493, 78.01791162038651, 69.94579286996522, 28.064832705869456, 19.236846641915328, 10.722464058178463, 5.654575328199811, 14.553501778037818, 11.150434005325039, 0.0, 9.99890929888035, 18.449097520336164, 24.796173991524498, 65.00864101620141, 71.8993868030637, 77.8309240778378, 86.11414180735778, 92.67340085025391, 92.69389746960029, 86.1277932615207, 78.03500953294648, 72.00679888230611, 65.88313284403847, 38.870757604001334, 45.35732285790934, 52.61254210671791, 53.6265014268756, 62.33055269286436, 70.32705505775846, 76.86417931403963, 80.4978758692701, 78.75939206729058, 66.85735620340886, 57.87008876131731, 53.73229971966848, 80.30989260636517, 78.2392511751048, 78.98696989515942, 86.13755883280513, 88.9743087008149, 94.91449087229495, 102.71221218796533, 108.53935178070186, 109.3723368322105, 107.14556127463989, 101.02914354891567, 94.70922102926951, 85.40003011203413, 86.6952943050414, 91.09111222985432, 95.73109106574694, 102.41191428997841, 106.38710800594549, 102.03129669551225, 97.92017167454054, 45.66790151113314, 56.03685752636763, 71.06439870495518, 80.83664787091998, 93.87044335685731, 109.27041983851586, 119.5234869862491, 121.49293419089649, 150.464563585311, 141.66872789905838, 138.5774578515789, 131.11234177071103, 126.53063230132898, 117.8306586288354, 107.96505190696594], [13.777897772607366, 7.705903904478043, 14.12600068962033, 25.95245440530367, 20.12686747781457, 17.42665857219091, 19.799794531007638, 55.25858569733848, 60.05406487204072, 67.68250402968235, 75.48763509753384, 85.06078743664243, 76.99678113848813, 69.72003921049837, 61.81068853764875, 18.22146625758564, 10.017710332136234, 6.456974870665751, 12.812869708941006, 23.933919564666663, 20.643023670184775, 9.99890929888035, 0.0, 9.009431897182534, 15.376620203900469, 55.78262905238524, 62.82390051124749, 69.0195225077462, 77.6810702576501, 84.51904322001627, 84.3795170595536, 77.45116674569196, 69.11404328095507, 63.046731920930284, 56.942317701766385, 29.569588704687796, 36.76795664565706, 45.15923157002866, 48.68752816871815, 57.09100514208409, 63.96210397932074, 69.92775892534962, 73.5996494244502, 71.47552851829198, 58.42754070183648, 48.95860395923112, 44.57638220646954, 78.08113245756779, 74.95018323558848, 74.54531441621509, 80.90585509668375, 83.28814503982838, 89.17922913461942, 97.22954821932899, 103.52433313491221, 104.82985070639961, 103.23577040532999, 97.57333669248105, 92.47132059615853, 82.7524102679612, 82.7947549622629, 86.43351469263057, 90.54729279912432, 97.1225802143888, 101.62095962656669, 97.73481033852399, 94.26052786763138, 54.09256890036668, 63.86556152368161, 77.12357998062232, 85.49804415228401, 97.60044371193686, 111.92858083180256, 120.69074508975234, 118.30141063525383, 147.38423435250212, 137.59366209164764, 134.1750576672926, 126.38953774515738, 121.15214733625434, 111.94311989893711, 101.26171536293853], [8.441616397450966, 8.597596422465298, 18.807858693360345, 30.470891683630235, 22.690222185985977, 16.258005254640718, 15.163520315822117, 46.55891057608261, 51.36996080456621, 59.00543637087642, 66.82918812568968, 76.52006570956966, 68.25438412398186, 60.933651380183896, 53.05658698776617, 11.184081149357505, 7.776930757749291, 12.874577910963337, 21.042160879625797, 31.407046853964037, 28.062936762164885, 18.449097520336164, 9.009431897182534, 0.0, 6.4414037918057865, 47.1995874588754, 54.48235696671799, 60.8094135657142, 69.58083482206665, 76.40105187196824, 76.01462433822492, 69.05945562859164, 60.58244935095333, 54.40679447201834, 48.23925881343059, 20.58730126325065, 28.539551396369088, 38.1058409637428, 43.19386600523145, 51.307375105639096, 57.50714923591059, 62.67352920430143, 65.77225005816078, 63.225416507432016, 50.06450154872792, 40.12316968589611, 35.61958395377004, 74.3085018165729, 70.4531424462392, 69.17172559535213, 74.7830798351388, 76.6169864361177, 82.19882948707763, 90.18459058372102, 96.85045624089679, 98.78187096223421, 97.82979868067227, 92.69751198340057, 88.53326706542995, 78.57246677607797, 77.68584482749566, 80.62804715553571, 84.1059832857475, 90.28357926037967, 95.46001479881154, 92.15572210978209, 89.29794672816492, 60.485621561987216, 68.38087898350072, 79.6605759215656, 86.71532285772531, 97.99977853761885, 111.26236488076668, 118.79923369902255, 113.31481332985184, 141.43477623054977, 130.86867186003897, 127.18497741972169, 119.22683954273113, 113.66884077240854, 104.52262258095224, 94.19108806801988], [10.10957712758644, 14.073911485654941, 24.311013828416417, 35.46213352454229, 27.186842717176447, 19.361947403687342, 15.772194483750193, 40.55004407231145, 45.18613656923719, 52.711323690739405, 60.58538776726831, 70.48516173886632, 62.07271375610835, 54.75209364142077, 46.980917363384485, 7.6181550138371446, 10.590463519642046, 18.360766529565947, 27.072541797155253, 37.2617938745672, 34.0616116094983, 24.796173991524498, 15.376620203900469, 6.4414037918057865, 0.0, 40.8395061134029, 48.23721740605735, 54.65312270764814, 63.527236321594174, 70.38895600433378, 69.8735542294429, 62.83644328979865, 54.27097750151449, 48.057169835813575, 41.88160296779861, 14.347062152076987, 23.711670351767648, 34.547963607231516, 41.24562482263352, 48.925755002251236, 54.33743175981432, 58.685304407644125, 61.214093175773456, 58.18511801406825, 44.83845919232615, 34.25625443846103, 29.209525890898227, 73.43585372316501, 69.01108920344534, 66.97329741012477, 71.86238310641158, 73.1793139267742, 78.44729927969422, 86.33879458749342, 93.33821494687501, 95.83639523777651, 95.45044258911945, 90.78993208296, 87.42799447733087, 77.3347769169516, 75.66409816089066, 77.97304364465955, 80.8583953458198, 86.63826210951285, 92.42288031629526, 89.64342243597864, 87.33027249642059, 65.38795167984738, 72.64080720532489, 82.90449070846698, 89.17499121504889, 99.92271887522347, 112.41274754223589, 119.08193301934269, 111.23953103581609, 138.3417846244215, 127.05040607266581, 123.01926118601916, 114.79785223896641, 108.81602572931968, 99.40783806497086, 88.93654709150542], [47.610896601992884, 54.250686013635786, 63.84184445999364, 73.20403434364574, 65.08948091126727, 56.12899159088582, 49.29212786808507, 17.872892900443958, 13.814125839427769, 15.024424831001452, 23.189379334129086, 35.788427231461654, 27.067398622659958, 21.631244888536077, 19.16142990681382, 38.849611794073994, 47.68566217029287, 56.79072218419912, 66.0716123084145, 75.71882818587578, 73.38419091521554, 65.00864101620141, 55.78262905238524, 47.1995874588754, 40.8395061134029, 0.0, 8.45625878924439, 15.554047122456906, 25.295530496417644, 32.7239357609376, 31.481036811738747, 23.211215709882158, 14.054183653449993, 8.400388079381752, 5.351325402512545, 28.81235586451627, 33.940521065113074, 43.877175533760216, 55.92993443092593, 58.75679628598419, 57.77298033924244, 54.78102667025205, 51.23622341306003, 44.04871806360664, 34.977988518139426, 24.200300256879913, 14.57260954980696, 86.