{
	"dissimilarities": [[0.0, 8.446137267923962, 15.952664042910074, 22.660410724868168, 17.9864016329451, 11.938560896372813, 8.553867983155047, 42.7419927917334, 48.36635882279281, 55.595638296218404, 64.27478447288301, 73.86665383386179, 64.23891726224763, 56.90648801227579, 48.51876496652292, 16.319871474082262, 16.270794429176807, 19.39951341294979, 27.13689809743793, 32.76318591917932, 29.861012348787927, 23.458034648305304, 15.637163356407422, 8.396145726473131, 8.913411966545073, 44.133728834276056, 50.48720614935729, 57.326366146514935, 65.90436441090094, 72.82224303162249, 70.65499671358383, 64.14323363589217, 56.5687467028181, 49.321945102764396, 43.03693921285934, 21.294893869395683, 31.026504862143877, 42.810287128216494, 41.91677540013999, 49.80869479493607, 56.761476916182694, 60.64793420908514, 62.08723654219391, 58.946372725720664, 47.99385269284338, 38.52355019432961, 33.43185180808938, 66.40590185061025, 63.27552547250049, 64.81601018622054, 68.24324370955877, 71.40367872190056, 76.54766005265864, 81.62394581480737, 84.24644487904744, 83.8979030131109, 82.355633497238, 78.18217065014207, 74.2223280237798, 67.65362866516492, 69.6926848138626, 72.65515987769152, 75.3993084482077, 79.34208390781764, 76.31871784379894, 73.57829465290119, 70.66778846677676, 51.344185913026784, 53.60911979272001, 66.50512742517449, 73.9122706587391, 85.15955664367469, 93.04886021185594, 104.96446265714107, 103.2584662201484, 126.52116469094524, 119.28130708555348, 122.7757025177061, 114.40234891717864, 108.30813793863179, 101.16590525304444, 95.2045520030915], [8.446137267923962, 0.0, 7.989185575160582, 15.553670695247664, 12.191473692031739, 9.54260571620184, 12.733575075499768, 51.168766375197634, 56.807193581154955, 64.0246175963474, 72.69645844347606, 82.18746402660071, 72.66004304508694, 65.31610834661987, 56.9159140392665, 19.678536014895776, 14.967127498706258, 14.499471762961607, 20.130000979836986, 25.231334340011706, 21.96318242157181, 15.757886127584438, 9.429115278043906, 6.630399825892481, 13.260903248311745, 52.16823290403331, 58.50476233853087, 65.44881222363112, 74.00487527989529, 80.90583190754423, 78.93936744637094, 72.39787061477276, 64.90446338133202, 57.63887118601471, 51.372857007292815, 28.180223709275698, 36.457932776274525, 46.98626444884387, 45.09793943474051, 53.313716923067425, 60.93090276747963, 65.89193735390401, 68.22845041166332, 65.80955380050287, 54.86504522702157, 46.16415859877396, 41.71226589564198, 67.98345314177179, 65.79559165287723, 68.04541220754442, 72.2952482312348, 76.31797005424454, 82.04732008304703, 87.44337201653732, 89.4784690453811, 88.49161355014526, 86.04880317864422, 81.07593909998161, 76.5419146317332, 69.72223998521403, 72.90215512306933, 76.54953785232306, 80.03291237800975, 84.9003227770255, 80.91376674995293, 77.44109566745702, 73.84999049805538, 45.18278096809661, 47.94321259639005, 62.50408214211138, 71.36429583361462, 83.27886278681902, 92.07916443156954, 105.2956711316499, 106.28910141318896, 131.2892671455981, 125.19431241181694, 129.03477386652085, 121.08289001526758, 115.56501554256796, 108.70002235511888, 102.8060735939513], [15.952664042910074, 7.989185575160582, 0.0, 7.947880641274631, 7.409091222310198, 10.535570490618436, 17.427002445206714, 58.16304240821405, 64.05355756119712, 71.33502499014081, 79.87795432026678, 88.8614412959733, 79.55191139347166, 72.23743367022915, 63.81040085584964, 27.007237250527197, 20.599102408012126, 17.121773343931956, 18.10809237353847, 20.508252568825416, 16.448551879585665, 12.981354063448698, 11.909197223657813, 13.79977489264477, 21.052114848805115, 60.02017885479187, 66.36579436092666, 73.23612482027805, 81.71584308653972, 88.40373118855163, 86.37100374646404, 80.02140498281322, 72.47872335569039, 65.2559065203607, 58.96812680820517, 35.45815570011996, 42.113346055540276, 51.154602562492016, 47.195506842198235, 55.41856605515368, 63.62744715985981, 69.46243386691422, 72.39196772580684, 70.65787518735509, 60.4120390545693, 52.69099064682205, 49.14599199054585, 67.40749419330643, 66.442043560649, 69.4410927213731, 74.44622816203518, 79.16987870809258, 85.21226935821599, 90.77599554354693, 92.21235019550544, 90.66654497276977, 87.3734946310101, 81.68125731476844, 76.66483156465513, 69.6641259508207, 74.10106848329966, 78.37435751794, 82.48926754051712, 88.02400462947597, 83.31241130250169, 79.20673435525212, 74.99834786786131, 40.80018892004999, 41.477145793184704, 56.404400875744265, 66.26232826692511, 78.65897979263453, 88.21726523561098, 102.52378621764497, 106.6811970711956, 132.67890119383563, 127.9091994606685, 132.15980841692087, 124.85568784823934, 120.2341508925143, 114.28800025872816, 109.4975940495103], [22.660410724868168, 15.553670695247664, 7.947880641274631, 0.0, 7.586354561982325, 14.201081831290534, 21.915146716624122, 63.3762395615794, 69.57413018008783, 76.91495077690402, 85.2166023347859, 93.42566310749378, 84.47553350560074, 77.26672964033536, 68.86123788143023, 34.904850913269065, 28.42633119171243, 24.134321160914613, 21.940384241213597, 20.618275392530627, 16.174226819841405, 17.202007993673877, 19.305443373090892, 21.70216514705307, 28.731835500653574, 66.68865850517723, 73.03129855709123, 79.70251116496111, 88.03782618292813, 94.37058092557702, 92.13365916791945, 86.13064901011403, 78.50491255765618, 71.3911294343378, 65.09509322712005, 42.09012675885092, 47.37871114605485, 55.05912393924709, 48.54209552065034, 56.495803476053865, 65.14968211844413, 71.57250025946732, 74.76265908755528, 73.59928587543256, 64.52965734525931, 57.81997484584636, 55.18231925436796, 65.37508085683886, 65.78847028913668, 69.49352505310691, 75.10477407046176, 80.29946127883606, 86.36537601757304, 91.92623581031175, 92.82456477181967, 90.86048400917865, 86.86033957183751, 80.5998125863974, 75.23459606689936, 68.1337378808486, 73.81440026305624, 78.58905670158745, 83.16261028579137, 89.04487766541064, 83.91631774084028, 79.34302659365535, 74.64454090164348, 38.91769863425623, 34.9302597471031, 48.91078552007768, 59.366364924049556, 72.1526223738982, 82.3361851585669, 97.49604351239302, 105.07058409857633, 131.15430545067605, 127.72675789064905, 132.32273551673558, 125.75702633231444, 122.18416847326546, 117.50250601551117, 114.42279822973981], [17.9864016329451, 12.191473692031739, 7.409091222310198, 7.586354561982325, 0.0, 7.447188403990732, 15.756025556310163, 57.67475176812986, 64.09913806119619, 71.48370409214272, 79.92359499564509, 88.39534259637666, 78.80259894313606, 71.40363616692223, 62.99056921320417, 30.762934785842166, 25.970917128043997, 23.691402477854215, 25.145769439540242, 26.44838683955122, 22.03443671506769, 19.849690490858894, 18.256160659589217, 18.30737714556296, 24.20626144189311, 61.30677913708479, 67.76059432876579, 74.51263860055285, 83.16057867738503, 89.85961097710847, 87.22633427611134, 81.01721506818998, 73.14701226521211, 65.99413620965545, 59.65577700909092, 35.6594184366671, 39.99499112437399, 47.51040215929241, 41.433731631361674, 49.52236620625467, 58.03585602601499, 64.3777856055139, 67.75273034092484, 66.71435001178409, 57.24498626905515, 50.89250055422077, 49.167375022869976, 60.2418014974079, 59.69742479448062, 63.02286562882493, 68.38713111739635, 73.49683609467655, 79.76459529502425, 85.49333904710548, 86.48151898194529, 84.56391680521504, 80.83390687074532, 74.85222988094657, 69.67879544710118, 62.637868575368806, 67.55056641420174, 72.10635326383996, 76.55549173498162, 82.56912701311268, 77.34142261649015, 72.90356341518174, 68.4203730616485, 45.845844180557805, 41.59628397365377, 52.50565681415044, 60.88675285847768, 72.53557533955588, 81.62926168518906, 95.73494216049075, 99.75533686816215, 127.2188918401275, 123.17997048849452, 128.45436255212383, 122.07509770084523, 118.31494568042437, 114.06226798484543, 111.1246505237668], [11.938560896372813, 9.54260571620184, 10.535570490618436, 14.201081831290534, 7.447188403990732, 0.0, 8.393715806507448, 50.29171387313362, 56.73399678286776, 64.1212018372305, 72.60496181031546, 81.26275528624326, 71.46504095287845, 64.0242979828409, 55.6054542083678, 26.003346586692302, 23.421881768135137, 23.459365689892405, 27.866023872617603, 30.937636267348452, 26.906390956514127, 22.812919621475594, 18.073119957248696, 14.882373302337603, 18.91816361410803, 54.11191650121559, 60.57488077079392, 67.28131961013078, 75.98774030636767, 82.77948674087527, 79.99579773573032, 73.74414909657007, 65.80884982492769, 58.66555997661423, 52.325592508146165, 28.78640652826191, 33.76412795121888, 42.39192190221082, 37.34995013802362, 45.46962129991656, 53.556319153425434, 59.11974613073668, 61.90577641574638, 60.320851667985934, 50.54666708847769, 43.65710221637633, 41.75983112358795, 58.64521759976747, 56.99023289810889, 59.6442957350168, 64.32579216753226, 68.7767315406119, 74.70647241650678, 80.27391221039609, 81.77997625576167, 80.38194693799755, 77.43594572683283, 72.136540416635, 67.44016872612367, 60.54769204080365, 64.32523650667667, 68.30447031914784, 72.16394700655897, 77.5275805448621, 73.0000051700418, 69.15141266170531, 65.24147831981104, 50.210577062306044, 46.985701575261395, 56.98552698419642, 64.04437306214217, 75.07560177380208, 83.28856986205435, 96.18503405949178, 97.23411564385806, 123.63475036414394, 118.48125411558334, 123.53316259336538, 116.7467637153274, 112.40600879232956, 107.8222749579824, 104.60887075334568], [8.553867983155047, 12.733575075499768, 17.427002445206714, 21.915146716624122, 15.756025556310163, 8.393715806507448, 0.0, 41.920455419458136, 48.3903706228606, 55.784436901261635, 64.22951710255488, 72.9153371476785, 63.094458241224025, 55.68304273298866, 47.26106856853525, 23.38327274241159, 23.949796315980183, 26.370972127185787, 32.79934514525817, 36.862466706714855, 33.293569698925225, 28.3288247102919, 21.694079884386564, 15.58301594018584, 16.098304228179373, 46.391322346765726, 52.8089521562934, 59.33365066151064, 67.97688479057052, 74.69733823271501, 71.74432935580865, 65.5895082547188, 57.61224802837487, 50.535853599708815, 44.21232836312011, 22.591436515093964, 28.802352118045935, 38.87307353520519, 34.86781747258985, 42.660864525583456, 50.0378091491569, 54.37683863296205, 56.097873910197436, 53.65117265598897, 43.90915892381546, 36.17529361754879, 33.7595959911512, 58.07668699606262, 55.375167367927276, 57.22692942632321, 60.97747632541785, 64.43870548097848, 69.68333635361664, 74.88366074210428, 77.07893204321982, 76.42514774298931, 74.50303811725374, 70.10260272121934, 66.05477134048357, 59.430679043230136, 61.93500359473097, 65.14014362884286, 68.15510592549646, 72.4344399353083, 69.03791912309705, 66.02446727502686, 62.88449734676968, 55.14903194997566, 52.546029534650614, 61.63887836270995, 67.41398585624066, 77.85677504501733, 85.17333694742302, 96.70050240389047, 95.07008756905142, 119.27275332686175, 112.85229189479668, 117.39336981216123, 110.06224537374321, 105.07874459892292, 100.10459686845586, 96.79893550485211], [42.7419927917334, 51.168766375197634, 58.16304240821405, 63.3762395615794, 57.67475176812986, 50.29171387313362, 41.920455419458136, 0.0, 7.572885671777504, 14.601681885018865, 22.758883785475202, 32.711673239102105, 21.54350649940678, 14.255718143125936, 6.162027179351045, 43.82320712518214, 52.3289346240264, 59.003050407745434, 68.38043585496511, 74.31281127848982, 71.95215838204247, 65.65658999079193, 57.119216902374816, 49.22444959418653, 42.65478175962725, 17.59519880815821, 20.578296041877202, 23.285995685828084, 30.591992850946536, 36.74485415944368, 31.78495587134808, 26.54151185618088, 18.355342922795234, 13.604552942137463, 10.520261807248431, 30.407369204410898, 35.09375219927792, 44.5785426892789, 48.2004869283951, 50.78283989528303, 51.490406145008265, 47.35174943385896, 41.73306837384796, 33.53301574942561, 27.953632439955456, 18.338243551911155, 13.008681145036844, 71.53094640940652, 64.65223705636262, 62.14291355045428, 60.08893991416739, 57.160189349991015, 57.24257305691194, 59.18708704235837, 65.38002947049618, 69.1722451735673, 73.24974220599746, 74.25449428964183, 74.0651228354197, 70.1387229252011, 65.87557047356655, 64.33230260025755, 62.03020085877468, 59.09951244829075, 62.9999925942225, 65.23120873824584, 66.77178420733367, 89.01543303225438, 88.72790706912417, 94.52638190280872, 95.57610985965982, 102.73658918778263, 105.80220745443671, 110.49655927804022, 95.04701409279335, 106.58424950816006, 92.76684740453976, 94.21911058825064, 83.81648387520832, 74.26909975331503, 66.44126604030988, 61.76559114403394], [48.36635882279281, 56.807193581154955, 64.05355756119712, 69.57413018008783, 64.09913806119619, 56.73399678286776, 48.3903706228606, 7.572885671777504, 0.0, 7.404495969095602, 16.187849318331175, 27.783453760227182, 17.127966942728058, 11.194560623450167, 7.507693379329501, 47.83911815283761, 56.62917626686549, 63.5108070331051, 73.01492042503287, 79.2378352948476, 77.17045552852242, 70.69021129357667, 62.1283165917835, 54.36263207939294, 47.529793763988835, 15.181056174025079, 15.755678786294226, 16.575932521862324, 23.132032013528363, 29.282542973635554, 24.380364482662273, 19.007217374950418, 11.033574903338176, 7.872636142471466, 8.666833884436057, 35.55018239525155, 40.9200494102696, 50.451694990733124, 55.37066296534631, 57.711518863953366, 57.839206748708754, 52.98430643338061, 46.7704502933931, 38.17127930893106, 33.26433323561176, 24.128820163632575, 17.586092984520754, 78.66291134598005, 71.54063184445936, 68.70049207216398, 66.12775288711522, 62.55972665863804, 61.96139696253667, 63.29591307784141, 69.97237191721089, 74.31735614568566, 79.06837264373004, 80.62335186335162, 80.77110962983816, 77.10376636697602, 72.31828374980692, 70.32963484046337, 67.46868487047246, 63.62231713146752, 68.42663664406813, 71.21633778860827, 73.19678602561406, 93.28525344168108, 94.50654239086384, 101.22618263814168, 102.52840612907619, 109.79727137763521, 112.78888511011442, 117.06552623770546, 100.68098097404463, 109.72907584027928, 94.66950650044329, 94.84352051861049, 83.4048288766825, 72.45099381912064, 62.47309012995253, 55.435301416715525], [55.595638296218404, 64.0246175963474, 71.33502499014081, 76.91495077690402, 71.48370409214272, 64.1212018372305, 55.784436901261635, 14.601681885018865, 7.404495969095602, 0.0, 9.28371148997652, 22.35142874006986, 12.2888055885562, 9.521450736176183, 11.922287633733427, 54.311137577061906, 63.26304260074934, 70.25495077465571, 79.82506279647518, 86.15978852779, 84.21610691162239, 77.6720491610377, 69.097533577263, 61.39728501415797, 54.44829683364902, 18.404181724969895, 16.14661206640634, 13.43403485445367, 17.64223020278978, 23.18110039998589, 17.48994721024363, 12.801902578563313, 6.371606564334695, 9.37579378477156, 13.964789156222373, 42.25587817789809, 47.106054136199305, 55.924318957902756, 61.510746316509426, 63.2652709790789, 62.59519438520153, 56.830653113213636, 49.864442199925755, 40.994849195135735, 37.54919786313037, 29.841037205416754, 24.338845781538225, 84.12461033154577, 76.71939845945005, 73.44814804808861, 70.20126314252703, 65.83145595600752, 64.3756007237285, 65.00206771598977, 72.14173886977437, 77.09583099995501, 82.6374936499015, 84.91220662870717, 85.54972688864696, 82.2998175553933, 76.82336664407512, 74.25502532878741, 70.70272864546638, 65.78303089547761, 71.63340541611115, 75.11134838142033, 77.66588729246527, 99.77342593976194, 101.42677553427795, 108.02767420141113, 108.98072275010843, 115.91985458082279, 118.46326958337772, 121.90275949972518, 103.89240569073145, 110.49400792012133, 94.20681675276843, 93.51538764051054, 81.45041423381528, 69.39812374602583, 58.282804853869585, 50.13584333601649], [64.27478447288301, 72.69645844347606, 79.87795432026678, 85.2166023347859, 79.92359499564509, 72.60496181031546, 64.22951710255488, 22.758883785475202, 16.187849318331175, 9.28371148997652, 0.0, 14.06182253744531, 8.620750534098876, 12.72792879125469, 18.91324505091485, 63.41848883138947, 72.2448296318392, 79.11370765952546, 88.42233043452632, 94.46880263379707, 92.59987739085219, 86.34875076308188, 77.9448014082347, 70.26789024733438, 63.462621111556956, 26.986375119665368, 23.405862041182953, 18.033639930609297, 16.95892002563424, 18.630968207370596, 11.44069324123477, 12.031618595334793, 12.10459440944574, 18.03660802725665, 23.130134930244182, 51.48075416878064, 55.783121009630555, 63.74030941531117, 68.68666845031039, 69.7024747913262, 68.33977099435972, 61.63122660912678, 53.56457659529194, 44.48967633773932, 43.833295667873045, 37.87985629396618, 33.51762184763646, 89.46816319348994, 82.1861967015252, 78.61183980721593, 74.69867492257373, 69.36201064847118, 66.54139696905675, 66.06075785072625, 73.69059962974467, 79.4430927763176, 85.86816996943162, 88.9693361769998, 90.20004428142714, 87.44209912888599, 81.51390698002508, 78.33798144320458, 73.9672530447709, 67.46404327338614, 74.8326849003828, 79.11870911171852, 82.28645525130686, 107.16818245694843, 108.32238718920415, 114.12831302801787, 114.38969428053014, 120.83692191050535, 122.77477534258124, 125.05067333373705, 106.26112921635814, 108.30732593894419, 90.70817277914534, 88.58953438215765, 75.75608193730447, 62.60375775963067, 50.680766141903035, 43.27074617551193], [73.86665383386179, 82.18746402660071, 88.8614412959733, 93.42566310749378, 88.39534259637666, 81.26275528624326, 72.9153371476785, 32.711673239102105, 27.783453760227182, 22.35142874006986, 14.06182253744531, 0.0, 14.301133309703147, 21.6159522247347, 28.379510175530616, 75.12659488905327, 83.43331106703378, 89.83322886951304, 98.4032435902036, 103.52683390955842, 101.59872035811662, 96.19481167914259, 88.24335523750742, 80.5572378111509, 74.29803796412652, 40.54816773061501, 37.30492781796788, 31.73671172668399, 28.184538264800523, 24.704586845776536, 18.67231267478761, 24.383422892833497, 26.09046543614291, 31.495504884526774, 35.788930616550964, 62.95445660609635, 66.4531164707345, 73.26130772891007, 75.59890928185447, 75.62388739765058, 73.78120038747741, 66.24777120438874, 56.75589012945097, 47.77627208657555, 51.58792753065991, 47.84801253984601, 45.063529761078236, 92.50419842096787, 86.0748142647019, 82.4655099797695, 78.00607656432375, 71.6007611232006, 66.74590152822392, 64.6106358123229, 72.61463755248886, 79.33068073497581, 86.61847176966153, 90.6096041831212, 92.54820494375471, 90.4068776976132, 84.51617469069132, 80.78160308147388, 75.52323292212742, 66.82481930774979, 76.25628001767312, 81.40913633469921, 85.15950586273973, 114.75932819239594, 113.58560898267932, 117.17088944779805, 116.03991870643337, 121.58103492832299, 122.58687946757293, 123.14681414447605, 105.21497333127417, 99.53139951123742, 80.74794330400984, 76.48078529665719, 62.81799546548414, 48.90429059999334, 38.0929888216728, 37.96746645468033], [64.23891726224763, 72.66004304508694, 79.55191139347166, 84.47553350560074, 78.80259894313606, 71.46504095287845, 63.094458241224025, 21.54350649940678, 17.127966942728058, 12.2888055885562, 8.620750534098876, 14.301133309703147, 0.0, 8.023165841026598, 16.11440459263876, 64.61016403258203, 73.44367567382382, 80.2704580765027, 89.63582188305922, 95.4488441757034, 93.20824923072333, 87.0790698801548, 78.58190648263934, 70.71514377643146, 64.02703539201515, 30.029855725206307, 27.763526950415883, 23.889985062442175, 24.830658478155794, 27.012615717866904, 19.51912018839602, 19.56937519384817, 17.148215509566153, 21.315531348319823, 25.160578052593827, 50.91737240315367, 53.14927929304907, 59.567386346876454, 63.567248696508024, 63.75812988935158, 61.770243179352576, 54.482464071861735, 45.876554941220014, 36.81278565399253, 38.18461188900223, 34.4558914843606, 33.184542581332, 82.8756944486023, 75.45316488288748, 71.60457376278103, 67.2743940626184, 61.49009819198193, 58.23097822518317, 57.55310530244112, 65.25317573922338, 71.16798897902703, 77.89592737253639, 81.39599683393185, 82.97875619524383, 80.60667208576595, 74.22219757746151, 70.69909036621753, 65.97695506642759, 59.05615064220811, 66.8158750052732, 71.44371149828225, 74.95401233060029, 108.9394327943853, 107.88625404851994, 111.54455880196971, 110.54552417838954, 116.01682024680063, 117.14068689858398, 118.5659258446722, 98.04712119986522, 101.19164912661898, 83.79543282231204, 83.34868194693212, 71.846341708479, 60.01348515006251, 52.06443308250857, 49.52592616660979], [56.90648801227579, 65.31610834661987, 72.23743367022915, 77.26672964033536, 71.40363616692223, 64.0242979828409, 55.68304273298866, 14.255718143125936, 11.194560623450167, 9.521450736176183, 12.72792879125469, 21.6159522247347, 8.023165841026598, 0.0, 8.436361325490807, 57.26560734087527, 66.1481119668489, 73.03171424107268, 82.58313421952882, 88.56264551080199, 86.19352733686982, 79.86957016684542, 71.23994788252575, 63.33317048407888, 56.58805016697257, 24.394839894540112, 23.60901620817083, 21.93850275874947, 26.061931480278698, 30.63540920618071, 23.736651071762353, 20.787834436094013, 15.0529887706312, 16.49734157727411, 18.955293837669146, 43.06591734744688, 45.18246177490051, 52.028534872611694, 56.37671509075804, 57.08079110714914, 55.613560753991756, 49.04762895857239, 41.30994770038736, 32.28958830635866, 31.344059013408362, 26.541711866806576, 25.527936742738234, 77.20067095281726, 69.61340201409429, 65.98411967221328, 62.19068196312555, 57.22419880119057, 55.210002079206056, 55.597655032914076, 62.846406646858306, 68.03066047093397, 73.97875429089616, 76.76794690213485, 77.85494547021669, 75.07125496704026, 69.01317490338208, 65.99356263868988, 61.97646986453889, 56.50160818220375, 62.87902698882656, 66.80830748322137, 69.80838180563407, 102.90516529448745, 101.88284207349892, 105.86975232754635, 105.27861837566537, 111.05195368216091, 112.60558829980563, 114.96758622411149, 94.96146830837068, 102.39701637316986, 86.28079013329958, 87.2409993527533, 76.5390252874949, 65.7959035644904, 58.554740911889155, 55.3283423358357], [48.51876496652292, 56.9159140392665, 63.81040085584964, 68.86123788143023, 62.99056921320417, 55.6054542083678, 47.26106856853525, 6.162027179351045, 7.507693379329501, 11.922287633733427, 18.91324505091485, 28.379510175530616, 16.11440459263876, 8.436361325490807, 0.0, 49.47154666127532, 58.151174182646514, 64.91267415967016, 74.38806613319021, 80.30966982142851, 77.86791620950497, 71.56921693556302, 62.96999656603298, 55.045776359903996, 48.42134902650157, 20.36139676893668, 21.836665780288662, 22.878166516795464, 29.261883390396815, 34.969600104869215, 29.065089713032297, 24.55314339114405, 16.82861978417773, 14.358227549672836, 13.811806631174395, 35.25259535323658, 38.17337314589845, 46.18306608036216, 50.02686614951268, 51.64638655892152, 51.30346648063813, 46.01350513986577, 39.408603629833294, 30.726161893825086, 27.14342986151354, 19.955954871626812, 17.870568068197887, 72.22878859029655, 64.94728680086246, 61.89067287685169, 59.0320110921864, 55.203995180218094, 54.45697060176318, 55.84765874221675, 62.47427490962, 66.82375143809433, 71.6971102901187, 73.48436770915383, 73.87139913802237, 70.46608439658374, 65.32571817096367, 63.11288604057732, 60.06527332413726, 56.123525663775474, 61.014365066639535, 63.981543345114886, 66.18171958511776, 95.0450496657738, 94.02787211884002, 98.62822141541612, 98.73468663326939, 105.12422734260994, 107.40659451299446, 111.00538552025778, 93.25872837647734, 103.66000050334392, 89.00840489463567, 90.63935686120094, 80.37297735581787, 70.5965208334409, 63.56832272156688, 60.012263731183296], [16.319871474082262, 19.678536014895776, 27.007237250527197, 34.904850913269065, 30.762934785842166, 26.003346586692302, 23.38327274241159, 43.82320712518214, 47.83911815283761, 54.311137577061906, 63.41848883138947, 75.12659488905327, 64.61016403258203, 57.26560734087527, 49.47154666127532, 0.0, 10.014587430852407, 18.012628917891885, 29.519392176702457, 38.545787761919954, 36.76799129652733, 27.663880594692426, 18.49075127767963, 13.296682802146444, 7.460314335714083, 38.738282191461124, 44.790875118680255, 52.31264977095583, 61.27131845642829, 69.41898066180063, 68.07294593170674, 60.420399251196386, 53.47251553833439, 46.19114597429668, 40.43535779636547, 17.880847844698916, 30.100975184685797, 43.24144072187331, 49.20882117088457, 56.88313242448141, 62.490165019449684, 65.56903125335629, 67.26030619998748, 63.623524311104255, 49.9043456556454, 39.002926556191106, 31.96666721631376, 77.21609213171578, 72.15566855434794, 72.61178091652826, 75.14292717140539, 77.85335606641, 83.38087571590599, 88.62795075701564, 91.80861378038365, 91.75709756573367, 91.00515304995628, 87.5124945778782, 83.94684609951514, 77.77831062438041, 77.94991978836967, 80.22880979969007, 82.48733685660572, 86.47422580870006, 83.4888223805708, 81.25785393639921, 78.991799691362, 57.896532638255884, 66.6328540291138, 81.93160256388401, 89.76678215753837, 100.72103170078258, 108.2272707902723, 119.64325266415997, 112.96858979468026, 138.1379801696629, 129.09912835460054, 132.37916864488776, 122.99720829943067, 115.00997699359644, 105.18533575899018, 94.54246333751803], [16.270794429176807, 14.967127498706258, 20.599102408012126, 28.42633119171243, 25.970917128043997, 23.421881768135137, 23.949796315980183, 52.3289346240264, 56.62917626686549, 63.26304260074934, 72.2448296318392, 83.43331106703378, 73.44367567382382, 66.1481119668489, 58.151174182646514, 10.014587430852407, 0.0, 8.035818288659591, 19.66624223953272, 29.05430825193126, 27.50748912413007, 18.12227926100564, 9.708685876549307, 8.845444817859303, 10.525835835356451, 48.21633813305831, 54.20408075230105, 61.58791461439364, 70.23576850375078, 77.93450987211713, 76.8654036352888, 69.50470687758965, 62.65848878609179, 55.38793509816255, 49.54676662048252, 26.538637302316427, 37.2346126704302, 49.22905819189553, 52.95786690443143, 61.100329808018515, 67.65345813556813, 71.8247091604634, 74.13208674652749, 71.0428779256565, 57.86941808755236, 47.61670634218157, 41.059136336548605, 79.16039557541777, 75.32440636172375, 76.63802057721479, 80.08648176032901, 83.6169291988437, 89.52829963819805, 94.98564717361306, 97.63512153752616, 97.03442259215872, 95.36797443129608, 91.02238045687224, 86.84711924885788, 80.31786869488435, 81.90425351016559, 84.9324411947743, 87.91809981257413, 92.60629311904685, 88.87766945736021, 85.91942716582949, 82.91689379830542, 49.08957201153602, 59.35062380095421, 76.76004801603696, 86.22455643477228, 98.08046950675721, 106.67037348557113, 119.49981897893873, 116.64055075183087, 142.46047125523316, 134.6595428071089, 137.89915801526573, 128.76658231949637, 121.44385286314758, 111.82376929412173, 101.6311006670716], [19.39951341294979, 14.499471762961607, 17.121773343931956, 24.134321160914613, 23.691402477854215, 23.459365689892405, 26.370972127185787, 59.003050407745434, 63.5108070331051, 70.25495077465571, 79.11370765952546, 89.83322886951304, 80.2704580765027, 73.03171424107268, 64.91267415967016, 18.012628917891885, 8.035818288659591, 0.0, 11.723178733381191, 21.358402593618024, 20.06212715170288, 10.58230948710172, 5.502657109958423, 11.269287900839428, 16.88085819176815, 55.73723298245872, 61.6973924622331, 68.95629910243066, 77.37625335357346, 84.70371911326191, 83.77887033675188, 76.67758169812427, 69.87816589777873, 62.62924821988379, 56.72946285931701, 33.75610212965989, 43.54171944666118, 54.67204317850454, 56.556122601316204, 64.88901169717987, 72.06449980108285, 76.94182621829127, 79.59272541112284, 76.87407773725216, 64.26480542300652, 54.47847277657632, 48.237629071253885, 80.92126323282893, 78.12214794216541, 80.08173354401046, 84.17350534096857, 88.24453307210824, 94.34073000696014, 99.8918737977936, 102.14915421971635, 101.17082353864237, 98.84331597850898, 93.89153207907829, 89.2940549211391, 82.53990322007549, 85.22277309947019, 88.77983123938856, 92.26019013550035, 97.37142111480463, 93.18103820274625, 89.72464363253088, 86.20279077829056, 42.01118119087784, 53.358302079934326, 72.46101727384166, 83.23373951116322, 95.77979154514394, 105.21699374575513, 119.11082328351043, 119.45342412498078, 145.44451309544533, 138.64522279446197, 141.81867880721816, 132.9205050915592, 126.17634966720959, 116.83844920374015, 107.2228124147219], [27.13689809743793, 20.130000979836986, 18.10809237353847, 21.940384241213597, 25.145769439540242, 27.866023872617603, 32.79934514525817, 68.38043585496511, 73.01492042503287, 79.82506279647518, 88.42233043452632, 98.4032435902036, 89.63582188305922, 82.58313421952882, 74.38806613319021, 29.519392176702457, 19.66624223953272, 11.723178733381191, 0.0, 10.237444415105072, 10.405362201084737, 5.477250939425543, 12.985803346642248, 20.398920655864835, 27.410507437989125, 66.14146368299454, 72.00015328661378, 79.01088992194668, 87.00361824017547, 93.69566769932078, 93.0333098943065, 86.38127254765088, 79.73703223873572, 72.58393912443225, 66.67547979624983, 44.6489182601859, 53.88042065126131, 64.21188958219177, 63.69296834460929, 72.06849301805406, 79.89314457585346, 85.40252842039456, 88.18004136994358, 85.73757724413831, 74.08334996931073, 64.67713468062534, 58.470493294367365, 85.16599986224172, 83.85496245509668, 86.60523789884084, 91.38984832347755, 95.945478075648, 102.02191829503258, 107.52651417052464, 109.38113257804565, 108.06621674287027, 105.02244108337337, 99.40767007986342, 94.36203152549729, 87.38593541987855, 91.48113178739295, 95.61177644450218, 99.5702725404981, 104.91507766442881, 100.43478863196087, 96.48906260977304, 92.40634631273417, 31.202336266945615, 44.911893656681734, 67.00152612205747, 79.81251917673606, 93.42050711771913, 104.09083263946567, 119.3718453817878, 124.6057276433109, 149.7133342496215, 144.1989344004252, 146.93666590081907, 138.2161832894787, 132.2017672919284, 123.08250329628147, 114.25305591367079], [32.76318591917932, 25.231334340011706, 20.508252568825416, 20.618275392530627, 26.44838683955122, 30.937636267348452, 36.862466706714855, 74.31281127848982, 79.2378352948476, 86.15978852779, 94.46880263379707, 103.52683390955842, 95.4488441757034, 88.56264551080199, 80.30966982142851, 38.545787761919954, 29.05430825193126, 21.358402593618024, 10.237444415105072, 0.0, 4.610024736679512, 11.888069616549442, 20.983901411131658, 27.701017817640295, 35.246597303405885, 73.73596193171922, 79.59639946720313, 86.33979975293262, 94.0296221896162, 100.11449036625729, 99.39602517623696, 93.24477046563366, 86.57583905715872, 79.51850033498084, 73.5526444734648, 52.318450854112015, 60.942734534740026, 70.5791669174107, 67.50757472827704, 75.73629817961569, 84.04583371279794, 89.96192004682281, 92.68782661676683, 90.51265091341895, 80.07286490931955, 71.20849010974243, 65.38144666656844, 85.94465981140596, 86.03826839735885, 89.45219789000112, 94.75289067591464, 99.60254553336075, 105.4831865291294, 110.84463266702623, 112.32984204351457, 110.78031057424073, 107.1790923915891, 101.08887321723824, 95.75686865112502, 88.66535388081029, 93.98306134102778, 98.53676601527836, 102.81473338685481, 108.18961413156532, 103.61721577282869, 99.33775752197376, 94.84580008536255, 22.73981528876415, 35.62031004294827, 59.59238351102552, 73.82135340040077, 88.19046760574852, 99.76133444318869, 115.99273067648411, 125.67256388917586, 149.44138560047506, 145.20666334264445, 147.68879863934157, 139.38639840699076, 134.32317699473188, 126.06140751050123, 118.89979693497126], [29.861012348787927, 21.96318242157181, 16.448551879585665, 16.174226819841405, 22.03443671506769, 26.906390956514127, 33.293569698925225, 71.95215838204247, 77.17045552852242, 84.21610691162239, 92.59987739085219, 101.59872035811662, 93.20824923072333, 86.19352733686982, 77.86791620950497, 36.76799129652733, 27.50748912413007, 20.06212715170288, 10.405362201084737, 4.610024736679512, 0.0, 9.73613889255864, 18.614495321370548, 25.121422943156425, 32.89349661702194, 72.03962783193134, 78.0551546536993, 84.86440380063368, 92.78433888201472, 99.0286821840031, 97.96878716269633, 91.76070027124032, 84.84000863422554, 77.71351717463973, 71.63622752541951, 49.558632109117184, 57.497890497060396, 66.71908530431773, 63.1697626781952, 71.38023435769881, 79.76288963115672, 85.85634815933739, 88.79272588292474, 86.87894377022485, 76.55232807676951, 68.12030928692006, 62.97514579090414, 81.41129875263724, 81.51944818791866, 84.99224836868353, 90.38786928890775, 95.37702043016468, 101.39395131520581, 106.85720503509732, 108.18642295366574, 106.49433921859264, 102.76190426005762, 96.59726483602554, 91.22745092600974, 84.13504183040313, 89.51160100768469, 94.13947632669851, 98.5300625261919, 104.12560848775185, 99.32446524833694, 94.93504494518274, 90.3701184382653, 26.306922807078383, 35.00084911936341, 57.167629221174295, 70.72870148193759, 84.76429654085752, 96.06658954392977, 112.13701120462883, 121.21113161961539, 145.89712090392638, 141.84933039146532, 144.89535779216794, 136.9946096897987, 132.23124573245858, 124.73032421662265, 118.34097223630968], [23.458034648305304, 15.757886127584438, 12.981354063448698, 17.202007993673877, 19.849690490858894, 22.812919621475594, 28.3288247102919, 65.65658999079193, 70.69021129357667, 77.6720491610377, 86.34875076308188, 96.19481167914259, 87.0790698801548, 79.86957016684542, 71.56921693556302, 27.663880594692426, 18.12227926100564, 10.58230948710172, 5.477250939425543, 11.888069616549442, 9.73613889255864, 0.0, 9.52881994577267, 17.016337902578247, 24.568627118632598, 64.39267171999599, 70.46013451481166, 77.53721088940611, 85.80280095275269, 92.6469253515352, 91.54491748210786, 84.85972494031031, 77.88748208310531, 70.64728930316966, 64.58367720378519, 41.41147159711263, 49.7899716649677, 59.65225135782712, 58.478914543761235, 66.85187890574403, 74.78772071743313, 80.51794490720351, 83.5369617570278, 81.40934956432504, 69.92503399936038, 61.05190031523721, 55.72445988183151, 79.73609794831184, 78.45300828547715, 81.27936730158655, 86.1829123650761, 90.90394886669311, 97.12937933111908, 102.74747276779763, 104.41269746359309, 102.9317625061302, 99.72933962240076, 94.02610792074823, 88.93903150826843, 81.96040582792013, 86.13714054817319, 90.3590923922321, 94.45150271306143, 100.04563397603349, 95.30565095841276, 91.22879913853082, 87.0570154938963, 34.16323101321901, 43.858497488526204, 63.966716688015595, 75.98218592190531, 89.17941081025323, 99.52512869696517, 114.59442587156391, 119.24017544329398, 145.30128902964725, 140.0531321244891, 143.43448048712136, 135.21004022561388, 129.6064968210691, 121.4637175402578, 113.71574100148786], [15.637163356407422, 9.429115278043906, 11.909197223657813, 19.305443373090892, 18.256160659589217, 18.073119957248696, 21.694079884386564, 57.119216902374816, 62.1283165917835, 69.097533577263, 77.9448014082347, 88.24335523750742, 78.58190648263934, 71.23994788252575, 62.96999656603298, 18.49075127767963, 9.708685876549307, 5.502657109958423, 12.985803346642248, 20.983901411131658, 18.614495321370548, 9.52881994577267, 0.0, 7.960115378227503, 15.208396285129934, 55.44785205154173, 61.61647361472575, 68.8309490206338, 77.39312551840503, 84.63677596085799, 83.27718408278784, 76.32711571888576, 69.19953500140664, 61.89103346648684, 55.802630390732126, 31.983278843571824, 40.927570238422334, 51.61356482282812, 52.074645147768, 60.42914752741378, 67.86951815251383, 73.0047343673809, 75.7746709618797, 73.34271815609543, 61.24646705493045, 52.01993427503244, 46.66769668713122, 75.73352883521882, 73.25646943206529, 75.4275263503041, 79.72652044430687, 83.96717098980885, 90.0948992383274, 95.68795019566669, 97.73318721688842, 96.60310139104595, 94.05397910203214, 88.94620243905273, 84.26770948586162, 77.45950942259294, 80.47974656502237, 84.19539186508231, 87.83163004306395, 93.09147092168492, 88.7322961931218, 85.11801416551808, 81.44490936955975, 42.311049182979524, 50.348458354669056, 67.9266068396261, 78.16122147983721, 90.49284391158348, 99.78916789741754, 113.62214855074502, 114.42731431315123, 140.67780728313676, 134.3565839707945, 137.97436676382, 129.57468905119634, 123.41766781387378, 115.16803571845813, 107.04585019203101], [8.396145726473131, 6.630399825892481, 13.79977489264477, 21.70216514705307, 18.30737714556296, 14.882373302337603, 15.58301594018584, 49.22444959418653, 54.36263207939294, 61.39728501415797, 70.26789024733438, 80.5572378111509, 70.71514377643146, 63.33317048407888, 55.045776359903996, 13.296682802146444, 8.845444817859303, 11.269287900839428, 20.398920655864835, 27.701017817640295, 25.121422943156425, 17.016337902578247, 7.960115378227503, 0.0, 7.875966547545639, 48.17194522584667, 54.44952589089051, 61.62229178345767, 70.30662276870675, 77.60741389077751, 75.92805749713324, 68.99931495953504, 61.68593505342765, 54.35686008350215, 48.194320039309126, 24.629021366775802, 34.41207013122348, 45.98083481320988, 46.82782049304272, 55.0187007103302, 62.071984254770406, 66.52058053345898, 68.72362383784521, 65.89305142706992, 53.857528450398505, 44.28758299777151, 38.83659402447061, 71.72507175859134, 68.56485699622553, 70.25435350790974, 74.00398038518972, 77.6715094278775, 83.41534138665588, 88.81062832468335, 91.22018522451101, 90.5085589455703, 88.57184457155698, 84.0221289615083, 79.75050164650781, 73.09718438238957, 75.32434117793262, 78.57490801022757, 81.71492982654982, 86.37336371347065, 82.64111526317002, 79.51909350384544, 76.31046575598808, 47.86282727746981, 53.70140792573996, 69.11763510285634, 77.89158725127074, 89.59952609916466, 98.0839520633362, 110.84261063311482, 109.4457802609839, 134.63692789427472, 127.57233612578813, 131.15897741757496, 122.64634436858144, 116.24676059264888, 108.20295149463023, 100.51430635682507], [8.913411966545073, 13.260903248311745, 21.052114848805115, 28.731835500653574, 24.20626144189311, 18.91816361410803, 16.098304228179373, 42.65478175962725, 47.529793763988835, 54.44829683364902, 63.462621111556956, 74.29803796412652, 64.02703539201515, 56.58805016697257, 48.42134902650157, 7.460314335714083, 10.525835835356451, 16.88085819176815, 27.410507437989125, 35.246597303405885, 32.89349661702194, 24.568627118632598, 15.208396285129934, 7.875966547545639, 0.0, 40.625796655018014, 46.94275312101286, 54.239417747337264, 63.143658389061535, 70.81382154786371, 69.01936178880014, 61.81941786451763, 54.46957848227796, 47.105518429509075, 40.99040375073767, 17.456462130776128, 28.944592806823884, 41.72488967576718, 44.81212422757607, 52.67968078111185, 58.92691843593333, 62.44496767635183, 64.13077767415756, 60.759875552992206, 48.06357333213636, 37.72427322566226, 31.630782869933174, 71.60257875794852, 67.30266872407368, 68.22643839898537, 71.18235366418308, 74.1539646829473, 79.60741450977757, 84.84501864438717, 87.75301955161913, 87.52537793355818, 86.38971428037917, 82.56830913938704, 78.80712170349706, 72.44824405863285, 73.40750487915308, 76.01204322568161, 78.52993764979462, 82.60133427176963, 79.49996131539274, 77.00134453691012, 74.4263429893792, 54.713722109382346, 60.629664196976464, 74.81272418561726, 82.40008374036033, 93.41042157106847, 101.03779435952185, 112.65793688261955, 107.95179261712732, 132.62478914060287, 124.40218592773405, 127.90434280161895, 119.02899586081642, 111.90877048246827, 103.37152803627825, 94.89658067821992], [44.133728834276056, 52.16823290403331, 60.02017885479187, 66.68865850517723, 61.30677913708479, 54.11191650121559, 46.391322346765726, 17.59519880815821, 15.181056174025079, 18.404181724969895, 26.986375119665368, 40.54816773061501, 30.029855725206307, 24.394839894540112, 20.36139676893668, 38.738282191461124, 48.21633813305831, 55.73723298245872, 66.14146368299454, 73.73596193171922, 72.03962783193134, 64.39267171999599, 55.44785205154173, 48.17194522584667, 40.625796655018014, 0.0, 6.580943987551558, 13.983568996440642, 23.722660693402663, 32.92402235832435, 30.546385014511632, 22.215870232398508, 15.469573997624787, 9.066013461451343, 7.353633594772723, 29.032286643592787, 36.975903632426885, 48.43837126535537, 57.34424840205116, 61.073030045714695, 61.90575598619829, 58.55298945963817, 54.674594459275916, 47.19483958333193, 37.201451948572895, 25.5216148062902, 14.855661081417313, 84.32119969218444, 76.6164358121925, 74.0014606538156