{
	"dissimilarities": [[0.0, 8.460929777955371, 16.69692974965245, 26.388595414483323, 18.522596721683218, 11.72550178029418, 8.343286785976256, 42.92603977192955, 49.353142138573695, 56.61765474667552, 64.2409334862449, 72.98901174749943, 65.0879491460919, 57.914515440417745, 50.64212323522176, 15.256343130122042, 13.657194686858682, 17.257972678279277, 25.56704778046951, 32.64339120150004, 29.17041275340897, 22.341691682461576, 13.441964257818983, 7.171363872010538, 9.128183502613103, 45.23257935411769, 52.44772272359382, 58.34412798163402, 66.67566269246454, 73.01844053339094, 72.45481908892647, 66.1399759735663, 57.8638812397683, 51.72569119840952, 45.30384995324681, 17.81005825646803, 24.421038914339967, 33.76696045803085, 38.54210033465276, 45.85992525816875, 53.25525369721321, 59.28836757536866, 60.28092056291999, 57.36045084929694, 46.594279640956536, 37.135414200821785, 33.036700755959785, 65.11069606870798, 58.387754595684896, 59.80942365246735, 65.2829071566361, 68.4801620747171, 74.21145937499477, 82.70451589642528, 86.4675826369644, 85.08467667744048, 82.25184198141065, 79.39947739336365, 75.68359195435008, 66.35218800256386, 63.72870040663724, 68.03596772546898, 72.10570697703534, 80.29042403208415, 76.15115562267168, 72.17342866827843, 70.26999409659787, 58.372104009405476, 61.31407102954349, 71.80917283147942, 82.3120391414922, 91.11259652113475, 105.13290884809543, 115.5992831504281, 109.30776711453649, 127.36960223247814, 118.43129943012838, 124.82461090352272, 116.73750294048858, 110.84816427862597, 104.78997577249464, 95.43384033960258], [8.460929777955371, 0.0, 9.192414629513674, 19.88854233549081, 12.713134981253756, 9.037317965422595, 12.43828023364283, 51.34250463162386, 57.80055641749157, 65.04802925694699, 72.68803364122392, 81.3634916437556, 73.5193828533498, 66.34000699262765, 59.0432433318383, 19.436665381526378, 13.598355347948408, 12.276956525953574, 18.831454862430228, 25.65562709989561, 21.712007505546996, 14.617035716201318, 6.8913226434288415, 8.02262797998374, 14.239871566081275, 53.38018044571028, 60.57841719898409, 66.52917765609803, 74.8669057152578, 81.24611124804186, 80.80367912981, 74.45997298504871, 66.19308099580357, 60.049600968783466, 53.689213281815675, 25.691460339335887, 31.367626509651426, 38.994756767985756, 41.758900281511295, 49.46576454407007, 57.420563273679555, 64.56169089468636, 66.49328017030396, 64.28341756395547, 53.54164757503684, 44.8691578629032, 41.21708333916069, 66.79856782980859, 60.91095062541692, 63.264759903177605, 69.52564118728984, 73.49226616140605, 79.77217738348061, 88.39897714997046, 91.71351902279432, 89.66178630340532, 85.87148524260859, 82.27855593748224, 77.97528258260618, 68.5439884380549, 67.03966375861795, 72.15941624144611, 76.93871408079193, 85.73198643502265, 80.7970095397693, 76.12556133782925, 73.36578572910093, 52.919361168148306, 56.39014499656312, 68.16742345989628, 79.86277920210779, 89.25597124850943, 104.19290758898813, 115.77118871243938, 112.14377747428497, 132.16554153260182, 124.37742074924496, 130.96507672003287, 123.2895037219543, 117.96055795622999, 112.24571546664224, 103.01949724975792], [16.69692974965245, 9.192414629513674, 0.0, 10.925804227169232, 6.432502317193596, 9.926420429235154, 17.095680289987673, 58.37927235547241, 65.43892759222311, 72.794968448541, 80.06858824308894, 88.12348751027048, 80.54640623955659, 73.37361994057379, 65.94944583957938, 28.465882503319882, 21.45949354625272, 16.225314575400596, 16.486688480058753, 19.301820823710933, 14.933897990629973, 11.618394821818804, 11.82725805497902, 17.088163707875257, 23.432001324010614, 61.90390729556894, 69.04357520183592, 74.80424554805516, 82.82888781280107, 88.88812323105633, 88.4532318860417, 82.43681552665379, 74.32012573976047, 68.24859677319925, 61.74599676742772, 34.24848991714905, 38.44373737430186, 44.34781769777343, 43.59534190102205, 51.87205492767165, 60.5149148684914, 69.05367882184771, 71.11506488668047, 69.54190654946966, 60.118887380196036, 52.38088545213287, 49.59371649591433, 65.93692987563655, 61.57537274236223, 65.13981609348869, 72.11301840746276, 76.71608207872973, 83.11857933131533, 91.37078318448438, 94.20702290276293, 91.74225267582511, 87.03288744128609, 82.74059044365939, 77.74168159352382, 68.14041117586896, 68.36608902448918, 74.33115206399609, 79.62006837286701, 88.52210165404884, 82.96178522764254, 77.6663114061959, 73.96421091408561, 47.1223763966905, 48.452665376278254, 60.36242473170016, 72.92849442219627, 83.01992851641839, 98.71887346430772, 111.40005433004643, 111.85619655184257, 132.6578334096138, 126.36204789275733, 132.89074949194477, 125.84273342465069, 121.50463534221537, 116.91082421422475, 109.39024141308036], [26.388595414483323, 19.88854233549081, 10.925804227169232, 0.0, 10.276623740454555, 17.42095412267107, 24.48846978953565, 65.41836009156384, 73.12061607225046, 80.54706930803368, 87.2565662698972, 94.40467820564193, 87.28353850051433, 80.2209267945396, 72.71454646723993, 39.15252440324923, 31.927746380371968, 25.486840030777888, 20.823640550041315, 16.67219440280385, 13.346236874154563, 17.484201218321502, 22.278579854749655, 27.86030217889627, 34.009358339767516, 70.87980800795766, 77.86084523258002, 83.28725583708093, 90.7965688247105, 96.35191758949001, 95.92537655721442, 90.42437885641061, 82.59426786385106, 76.68413206529756, 70.0466191081818, 43.76323441315883, 46.73443110523385, 51.23340560538573, 46.73092770762432, 55.43183095099308, 64.61269515903972, 74.4225205540524, 76.08443649376024, 75.0112534265995, 67.50080026358934, 60.61191968259025, 58.58250484231836, 65.26935590640682, 62.94139652437452, 67.76293839704974, 75.24849694317889, 80.28676680601524, 86.45274385249135, 93.94022595574616, 96.30450579456003, 93.66658688324762, 88.1665425599486, 83.27636208555327, 77.57469155469543, 67.86255836295808, 70.1729022676258, 76.87068219840423, 82.43464137984677, 91.00440621092731, 85.04654696892598, 79.27359849481722, 74.65981111987482, 41.71972486692764, 38.53472101362389, 50.05007042417276, 63.634969375154796, 74.79676792218565, 91.2327346829528, 105.12628463730933, 110.95967316886099, 131.424935776375, 126.80240433113836, 132.922077987131, 126.58429160123377, 123.42511145074349, 120.21553106380912, 115.07405041152614], [18.522596721683218, 12.713134981253756, 6.432502317193596, 10.276623740454555, 0.0, 7.887008718980088, 15.981065750909917, 57.97845479429462, 65.65286039106213, 73.09753200933129, 80.05069752005693, 87.71920372488849, 80.0811471593966, 72.78731110504845, 65.37660199932884, 31.834298403706963, 26.142359740518927, 22.19421736940868, 22.709146358689598, 23.685038395918852, 19.391378683959868, 17.757613775482476, 17.016290963452903, 20.452377644547976, 26.07283098294901, 62.90564830306928, 70.22194558818666, 75.9536231958299, 83.98051307678392, 89.84453169536445, 89.0533674702882, 83.21051782998617, 75.02552511264616, 68.92734674171248, 62.25002598116646, 35.000138294389934, 37.05429407859986, 41.33803344734851, 38.51759045706294, 46.95146260123288, 55.859933674936734, 65.13038652464732, 67.34780605495033, 66.35171704587492, 57.87516930309518, 51.29030454559296, 50.022815825088685, 59.79172677821677, 55.867559312589506, 59.873331463870095, 67.12362791723538, 72.03764768931498, 78.56787853309788, 86.7468220588904, 89.27971581376843, 86.51795206062123, 81.42187999931554, 76.89588517998696, 71.71459001961682, 62.10719229586443, 62.86266887334253, 69.1508595747829, 74.68904805102015, 83.76243382079885, 77.82142756829762, 72.24642561615885, 68.20656253326321, 50.6762573108584, 48.246339565084696, 57.09169639655227, 68.3580343638278, 77.56958318791, 93.0392017944458, 105.46776527987879, 105.80486283306348, 127.68631712548445, 122.09920943060125, 129.4182148100621, 123.01151500347986, 119.46714305415541, 116.42117829744721, 110.73867041097004], [11.72550178029418, 9.037317965422595, 9.926420429235154, 17.42095412267107, 7.887008718980088, 0.0, 8.420147610982243, 50.46210522119284, 58.02315532289299, 65.45425766544598, 72.51777985587397, 80.45539160017931, 72.63052793888956, 65.28582950150626, 57.920840673346035, 25.912589768561073, 22.086675577756765, 21.088599970180905, 25.230714110236697, 28.79805971617251, 24.678436498913968, 20.52998339176885, 15.43360519000616, 15.23599713650006, 19.66909546971721, 55.16230013217143, 62.54997468920384, 68.3417430935853, 76.51437394109954, 82.480057810234, 81.56648276434503, 75.60847926724213, 67.33046018914258, 61.192105273942076, 54.51307839096086, 27.25809223675951, 29.426013689918264, 34.83687693951168, 34.30498693542579, 42.52481706604075, 51.04131829021453, 59.359792656064336, 61.19021721889217, 59.68332303581711, 50.62661319938417, 43.531812764612944, 42.169651839499785, 58.225817074703905, 53.00956626170279, 56.02227929842724, 62.67349043479383, 67.01897622399046, 73.34369477806764, 81.73091287277391, 84.68269854618805, 82.36353322550274, 78.09749107882145, 74.22409185268967, 69.63851127890615, 60.07918877829455, 59.4000734546457, 64.98131970771283, 70.03417141936858, 78.90573609767479, 73.53278820722939, 68.50824689048767, 65.29136411462775, 55.62304744508766, 54.208814387918245, 62.40655064197209, 72.55440313246991, 81.03012281735343, 95.63223221474264, 106.91890689195435, 103.72606034856027, 124.56508595235726, 117.76077741262085, 125.17181487003946, 118.33594550546213, 114.15039431935509, 110.62445557994624, 104.32587900102287], [8.343286785976256, 12.43828023364283, 17.095680289987673, 24.48846978953565, 15.981065750909917, 8.420147610982243, 0.0, 42.06951890198983, 49.72199406815818, 57.17282152032954, 64.13659828025796, 72.03993599479347, 64.23231804737212, 56.913078434598255, 49.528441960677554, 22.906198515366665, 21.857914031746283, 23.923907241247573, 30.02035326859897, 34.59086222437937, 30.979619404403454, 26.21681550866151, 19.135074931962535, 14.858993924380613, 16.50065629263461, 47.437351993302, 54.74039803228753, 60.37691771036832, 68.41156759702503, 74.2571161729606, 73.26450080241406, 67.42265287321383, 59.22220882561381, 53.14845683182715, 46.41184056283566, 20.466237356929803, 22.93787674221337, 30.205640785222965, 31.692807024304773, 39.6270741414516, 47.614422557532144, 54.785331484380464, 55.41164966871557, 53.05413407093575, 44.18050034545744, 36.24470887567969, 34.55474837299681, 57.44113391037734, 51.36516473970172, 53.372624331196924, 59.15796190231571, 62.63049011702615, 68.28556897397577, 76.45910845846704, 79.942483560593, 78.43314646425448, 75.23998724073992, 72.19177153904062, 68.22711070766243, 58.719211281391225, 56.87102870270502, 61.566445141986414, 65.80328894584444, 73.92615495313241, 69.47320100916833, 65.22494816629087, 62.949731140156324, 59.983371576090455, 58.79913233967415, 66.27781909482573, 75.41305534441582, 83.49847050921879, 97.14994598753674, 107.33374854299903, 101.70239250263539, 120.04535902752892, 111.97508762479185, 118.97269151900412, 111.61942021929728, 106.80474912609152, 102.81328128207942, 96.41993730107124], [42.92603977192955, 51.34250463162386, 58.37927235547241, 65.41836009156384, 57.97845479429462, 50.46210522119284, 42.06951890198983, 0.0, 9.797086189808374, 16.709903926330426, 22.281600950895875, 30.51526956892859, 22.240983873748885, 15.038382068277059, 7.753998328250336, 42.9609638910384, 50.16673705561057, 57.72785785989175, 66.38291658213188, 72.62562429428166, 70.1727956959158, 64.56912130785032, 55.76855249594829, 47.43403369849437, 42.03572637335873, 18.06081247484049, 21.61662488194207, 24.32291006695381, 30.369218615415797, 34.88036673308602, 32.6029227860942, 27.92945198840511, 21.028693622820295, 16.84376889853224, 11.583579508160204, 29.115978791236763, 28.933962481683505, 36.93077074551189, 46.51941053286868, 48.499369152838405, 50.02447773609997, 47.63965048700556, 40.67566671924562, 32.6324146805612, 28.82998133623962, 19.918827714939802, 17.48350023931129, 69.77498290717557, 61.26647755683031, 57.770378162213696, 57.26366292631142, 54.801082996133914, 55.1479369502977, 60.70517099890389, 66.9490108794001, 70.29081720948297, 73.60224437097729, 75.33872541348362, 75.25275047066292, 68.26549863043537, 61.02254253876416, 59.74008226393732, 58.36534997124021, 60.48233821026245, 62.44051145896276, 63.51337957336927, 66.7297445831078, 92.47751132417226, 92.25409345797686, 96.61301358462462, 101.17461260417281, 106.60816795441389, 115.22701503192324, 119.61089416407417, 101.19580546918567, 105.70298316381765, 90.29948980249894, 94.97807768182336, 84.73647535605753, 75.61573868467678, 68.41447287107468, 60.94275525406075], [49.353142138573695, 57.80055641749157, 65.43892759222311, 73.12061607225046, 65.65286039106213, 58.02315532289299, 49.72199406815818, 9.797086189808374, 0.0, 7.48190002387328, 15.148364664868414, 25.705075066187554, 17.365623578014986, 11.806276614932708, 8.935159091647163, 46.660674500581855, 54.58435592528813, 62.76143112496343, 71.93771351826452, 79.01885668525783, 76.70996795790285, 70.51677201014925, 61.46940640093299, 52.95502275632892, 47.016570414062365, 12.875496206634601, 13.188424980835773, 14.717530157699187, 21.00295532538717, 26.27704101525219, 24.078161154935277, 18.45482732967719, 11.276196055301494, 8.013930914456527, 6.5577872407928135, 34.23288604974315, 35.56279441226379, 43.87817299908725, 55.28165155605471, 56.6424789435403, 57.29339113430907, 53.206235801525544, 46.40497680728913, 38.032052792676126, 33.33875726995445, 24.611703379499314, 19.99338449348679, 78.64120011779211, 69.64485813800552, 65.47183417024829, 64.25641147365118, 61.1378916134597, 61.01722163768497, 66.3369584244271, 72.8566032139041, 76.66687616585916, 80.82325115123187, 83.09300864311457, 83.52248011108149, 76.97837842502581, 68.94703287872552, 66.94221954988791, 64.99756654876798, 66.49945309977137, 69.29225874594385, 71.02156464484092, 74.86097506206106, 98.32725152043143, 100.1468478957047, 105.76880359904324, 110.76243052465577, 116.36430539714918, 124.82166023071528, 128.83103659310106, 108.49783321961603, 111.34081915514294, 94.47135655052391, 98.25838231576958, 87.13711926306566, 76.37771363828944, 66.36779823557815, 54.84725842969095], [56.61765474667552, 65.04802925694699, 72.794968448541, 80.54706930803368, 73.09753200933129, 65.45425766544598, 57.17282152032954, 16.709903926330426, 7.48190002387328, 0.0, 9.040778007070465, 20.76042076934295, 13.043110513744837, 10.679918088612853, 12.758313559441861, 53.10940264971871, 61.24932446305809, 69.59157848817739, 78.86995897955423, 86.12446962791488, 83.89541912534318, 77.59652669011825, 68.5119735782779, 59.972196155395814, 53.89467326410828, 16.18383166587322, 12.618392327362862, 10.70791735314809, 14.95946563395665, 19.837275933934905, 17.040524135179677, 11.418271105064681, 6.131133620644552, 8.132381038306614, 12.04982750363116, 41.1752851942928, 42.36266985463411, 50.02059622497407, 61.72564526490669, 62.45314513639499, 62.29667737759479, 56.97240659282903, 49.68345653608112, 41.13035105443233, 37.57371919532095, 30.32789283359622, 26.32684974569781, 84.2265364907152, 75.12760843754384, 70.42541834432468, 68.43555626686273, 64.59798517152385, 63.68138631644806, 68.36073093630242, 75.09531507412383, 79.52708355953384, 84.5535886209694, 87.42041652730957, 88.36263231063431, 82.3163164279984, 73.80964950292923, 71.07722491251153, 68.41751988985969, 68.9373629473817, 72.6578318591997, 75.10603491942375, 79.5600293983297, 104.91027884613845, 107.13871066255722, 112.69871141195237, 117.35527422088887, 122.69169389044905, 130.58142263306962, 133.88088065190144, 111.84381228121906, 112.55725910459896, 94.52694622714682, 97.7028833448251, 86.09649177807533, 74.34150556941425, 63.07880753095132, 50.133179647931314], [64.2409334862449, 72.68803364122392, 80.06858824308894, 87.2565662698972, 80.05069752005693, 72.51777985587397, 64.13659828025796, 22.281600950895875, 15.148364664868414, 9.040778007070465, 0.0, 11.948406882418887, 5.836486377960462, 9.733741659473656, 15.740248855437356, 61.69997742358408, 69.59921717834823, 77.68871814660456, 86.57308583494164, 93.26919698983176, 91.15175010611368, 85.3288601257015, 76.49216712275516, 68.04144144995772, 62.15434593184025, 25.19629942346395, 20.89842777764856, 16.807610301355126, 15.367250477981578, 16.21245186988168, 11.924794371581928, 11.237743521786477, 12.932603492134248, 17.022353668666913, 20.781736976511493, 49.31425665706035, 49.5045109079002, 56.02503456638884, 66.3960823415294, 66.61141296446455, 65.8135517651314, 59.835424904284594, 51.07986708899647, 42.36053284192906, 42.26084470740499, 37.031044109928175, 34.71332751266565, 86.82929047185763, 78.24778361993262, 73.27595552342059, 70.43054999663583, 65.72510151640073, 63.37546758703284, 66.58485752310693, 73.54984260904675, 79.03599526327862, 85.07336597451138, 88.65486972473823, 90.07722573316263, 84.56895567006532, 76.12803159458099, 72.66225094773961, 69.00202996865904, 67.74157143890432, 72.74687092900099, 76.08594547941047, 81.14473432591342, 111.14212815414345, 112.17882261452219, 116.46974535122057, 120.07139155582567, 124.8873709311891, 131.7087414752353, 133.94477730468586, 111.16714701335201, 107.9656491216244, 88.85605672200974, 91.06453430300247, 79.08204817544654, 66.69282289420849, 55.52016090657092, 45.00790808048178], [72.98901174749943, 81.3634916437556, 88.12348751027048, 94.40467820564193, 87.71920372488849, 80.45539160017931, 72.03993599479347, 30.51526956892859, 25.705075066187554, 20.76042076934295, 11.948406882418887, 0.0, 9.532167557756468, 16.803121469116444, 23.09471681707654, 71.9623103926356, 79.3536993698284, 86.95114928328033, 95.11925914971718, 100.8981810054446, 98.98644543974012, 93.95972841363621, 85.62612720242406, 77.41411650849928, 71.89870769470593, 36.91100705419625, 32.64846226127733, 27.908684355070484, 23.13651684269363, 19.317430635138646, 15.445504812075095, 20.337058782596586, 24.67971067952564, 28.864396886244634, 31.9334722218899, 59.17213650222041, 58.539188748738205, 64.02131073947945, 72.1917926197206, 72.14281693750983, 70.98804510495815, 64.96777128038723, 54.540770604651165, 45.982668546539884, 49.94998915946322, 46.404227640395064, 45.342231509699005, 89.81919790969754, 82.27514335576515, 77.35933020827679, 73.78339779237231, 68.29045408275702, 64.18148292951506, 65.19386611504987, 72.29499056997496, 79.10349688313916, 86.1256006343482, 90.40134931328157, 92.1914689537418, 87.21776623464844, 79.3948249301194, 75.3525739374004, 70.63938489956242, 67.05659249331832, 73.51278646816712, 77.75334645283702, 83.26085286999516, 117.2863740184636, 116.58609036004258, 119.22782317326539, 121.5401434457455, 125.87986794281692, 131.36321237686545, 132.41259977764773, 110.18545510691666, 101.15576089481458, 80.92185743589255, 81.21917701506634, 68.64413826871207, 55.46537857391398, 44.732728266087385, 39.95329009041341], [65.0879491460919, 73.5193828533498, 80.54640623955659, 87.28353850051433, 80.0811471593966, 72.63052793888956, 64.23231804737212, 22.240983873748885, 17.365623578014986, 13.043110513744837, 5.836486377960462, 9.532167557756468, 0.0, 7.6527307285565085, 14.727455912506988, 63.7765255848321, 71.47671287560526, 79.33032671090447, 87.9799047191774, 94.17396784232936, 91.97816080308677, 86.50109990657518, 77.74744956251917, 69.34202277355931, 63.660269813130846, 28.676897957722694, 25.543442587992345, 22.25061518637813, 21.090749150341225, 20.870819362380576, 16.360960814821052, 16.98554195765793, 17.924756267866773, 20.926265260089153, 23.428580152952062, 50.54871015319945, 49.492048608907645, 54.98221239368628, 64.19617758737748, 64.09710419218285, 63.02485750363521, 57.03923726850237, 47.44200946186837, 38.72240806023099, 40.862964331109254, 36.98916774337484, 36.381513268892434, 83.24637784340064, 75.0166199171503, 69.99517575628667, 66.80727846057219, 61.78463029335545, 58.82015810515425, 61.42787852303536, 68.44213794409065, 74.29026649405583, 80.62844646927219, 84.46282364806538, 86.05705822055721, 80.81352677136316, 72.50943063503313, 68.77603622256676, 64.71946306977846, 62.752907991351464, 68.17964531406119, 71.83420606406145, 77.1009009074781, 112.16642721856121, 111.65896218980885, 114.55273201020007, 117.23147286451871, 121.43716307694133, 127.6538102958093, 129.31769247652753, 106.16680140806112, 102.16349432006318, 83.06194520790838, 85.73245310566693, 74.11741973756793, 62.35558741667631, 53.429724929118656, 47.05927281444169], [57.914515440417745, 66.34000699262765, 73.37361994057379, 80.2209267945396, 72.78731110504845, 65.28582950150626, 56.913078434598255, 15.038382068277059, 11.806276614932708, 10.679918088612853, 9.733741659473656, 16.803121469116444, 7.6527307285565085, 0.0, 7.532395492369343, 57.012119260865695, 64.69133898586198, 72.52322327426228, 81.28857925601964, 87.51973722136663, 85.15351837412616, 79.57227324344191, 70.6820243757516, 62.24021605127827, 56.60076883318469, 23.69714237994735, 22.559610532504458, 21.362108393494076, 23.53237194892521, 25.584363628813925, 21.640124268241646, 19.46354386813591, 16.541332425142357, 17.09459779236929, 17.70147432168321, 43.317884013383434, 41.879263017220175, 47.52967076609875, 56.98892562148254, 57.17222915850552, 56.55865703542603, 51.269196194448185, 42.25340270596039, 33.46791277827075, 34.219854454928786, 29.63551148148351, 29.45978274026821, 77.11059552448181, 68.62489675717501, 63.835223305492846, 61.247828729802855, 56.84180029110553, 54.873338853924366, 58.611765513088116, 65.45880028053153, 70.50273790288824, 76.02113491838496, 79.31667020937671, 80.53175069792871, 74.88007882460052, 66.61303099470244, 63.42305705839669, 60.071413093620215, 59.43314829419346, 63.834909014996825, 66.80743521704228, 71.62428923046508, 106.4602585556979, 105.71640040131986, 108.65444580953414, 111.61983248688387, 115.8807384179439, 122.71226682184569, 125.03005791293043, 102.46444150478429, 101.89739139211349, 84.01431966162274, 88.01413231889568, 77.09206414273764, 66.51742959699023, 58.9750228059139, 52.72973176847037], [50.64212323522176, 59.0432433318383, 65.94944583957938, 72.71454646723993, 65.37660199932884, 57.920840673346035, 49.528441960677554, 7.753998328250336, 8.935159091647163, 12.758313559441861, 15.740248855437356, 23.09471681707654, 14.727455912506988, 7.532395492369343, 0.0, 50.50977171213401, 57.849094337591545, 65.44370261217497, 74.01054665579086, 80.07063349495787, 77.6972459034742, 72.26026402492516, 63.518943669802916, 55.185321202465325, 49.74622230533958, 20.92941922734869, 21.98047391426445, 22.644219000416378, 26.74667557717389, 29.98143072286199, 26.980047429297986, 23.582816415188603, 18.427557603376364, 16.464877419019523, 14.13647030013044, 36.679194950072144, 35.636480721500206, 42.21179527313355, 51.329949676028434, 52.39514617194912, 52.841209804070864, 49.05736182076038, 40.66542624575433, 32.04775565071958, 31.242291921052175, 24.817379730361285, 23.93104372914188, 72.71554060796377, 64.35136021497759, 60.23342821225213, 58.624620448389855, 55.103217721837055, 54.11188093079615, 58.60006806577154, 65.20386961963519, 69.53370598899768, 74.00838188589317, 76.57239559168306, 77.13443001065698, 70.79952215100596, 63.140706257403146, 60.867370617397, 58.3957227622571, 58.93407361628834, 62.22845559505978, 64.31772767037907, 68.36852992545403, 99.23923424035203, 98.43957668082155, 101.8328794661692, 105.4355020985661, 110.25957200024102, 117.87265564276439, 121.15568671238925, 100.9397066079373, 102.45077165651334, 85.81584490607403, 90.03379368410833, 79.42900360254224, 69.66322737219241, 62.497611199228665, 56.21696838605424], [15.256343130122042, 19.436665381526378, 28.465882503319882, 39.15252440324923, 31.834298403706963, 25.912589768561073, 22.906198515366665, 42.9609638910384, 46.660674500581855, 53.10940264971871, 61.69997742358408, 71.9623103926356, 63.7765255848321, 57.012119260865695, 50.50977171213401, 0.0, 9.589207217717478, 19.064420407999556, 30.588650980454258, 40.91849774334965, 37.88467965724563, 28.72338659850055, 18.747706821356818, 11.473871523371962, 6.535473646571455, 38.94051562474571, 45.83551745808481, 52.204504636645574, 61.20937196891656, 68.47117711266176, 68.31527490508806, 61.09801117357358, 52.73099010071016, 46.65452443922916, 41.27680065667022, 15.742182883076321, 26.678920227433437, 37.871805719312576, 48.28618002176708, 53.94673092223181, 59.70198255923255, 63.05467282168231, 64.69653846319866, 60.96980799874664, 47.16741049987853, 36.14507307165216, 28.86822600107593, 76.27500267294803, 67.91070331166954, 67.752285270017, 72.19983232486594, 74.60951781485775, 80.3736923679075, 89.52299009092532, 93.79034051612086, 92.67043125584766, 90.8641133623772, 88.73065716198593, 85.8817155331117, 77.1656678150099, 72.4604716898119, 75.61693633221198, 79.12798309510077, 87.35932619611211, 83.95342077011517, 80.74731225230859, 79.94295842702672, 65.5929448375822, 73.70866811355427, 86.52817171738506, 97.54409844259375, 106.20763269271568, 120.01528527122838, 129.89424711129726, 119.32247948116809, 137.34850560592184, 126.50793628927195, 132.72032596944612, 123.59246075757865, 115.89166228778028, 106.91966664257201, 92.62514027454237], [13.657194686858682, 13.598355347948408, 21.45949354625272, 31.927746380371968, 26.142359740518927, 22.086675577756765, 21.857914031746283, 50.16673705561057, 54.58435592528813, 61.24932446305809, 69.59921717834823, 79.3536993698284, 71.47671287560526, 64.69133898586198, 57.849094337591545, 9.589207217717478, 0.0, 9.503580757208358, 21.08786309431921, 31.764430847961926, 28.837974162661148, 19.48693555701737, 10.54225092043981, 7.540602778731355, 9.704534332249693, 47.76172029254965, 54.47921317074337, 60.59125821626017, 69.16545269108911, 76.14630924036211, 76.2468469741696, 69.33921926653709, 61.19285600028398, 55.19866046518666, 49.61852257898929, 23.263013105082628, 33.04717722011267, 43.169574517636676, 50.66604155846889, 57.31335297743137, 64.08197049351944, 69.00271948888035, 70.87433169167515, 67.62089419862446, 54.71032057981717, 44.21005006938795, 37.531615158019044, 77.54361047678617, 70.29058651142427, 71.2893854328077, 76.61138345297567, 79.73235684160163, 85.76601150594263, 94.72765655394099, 98.65442182811933, 97.14956526825576, 94.4351113711081, 91.57979124751702, 88.00508343079403, 78.90128269347883, 75.66684451550418, 79.7491829972713, 83.86186254056054, 92.36743661088418, 88.3190965281171, 84.43790426255862, 82.71180224335842, 56.81574881986147, 65.97995236120363, 80.5221525274489, 92.9466489719944, 102.68003047111173, 117.419861623515, 128.56129091834612, 121.99835080593223, 140.63266339215542, 130.95564966545706, 136.73794412406616, 127.86886226234043, 120.75930237485706, 112.05305380396686, 98.47979282190354], [17.257972678279277, 12.276956525953574, 16.225314575400596, 25.486840030777888, 22.19421736940868, 21.088599970180905, 23.923907241247573, 57.72785785989175, 62.76143112496343, 69.59157848817739, 77.68871814660456, 86.95114928328033, 79.33032671090447, 72.52322327426228, 65.44370261217497, 19.064420407999556, 9.503580757208358, 0.0, 11.781895550270386, 22.802875973606973, 19.95784189612246, 10.434569232879957, 6.368885098840848, 12.197972803439349, 17.706876760276497, 56.72144214540694, 63.35390503435498, 69.27117662718719, 77.50498329016325, 84.2140573994206, 84.45855344581358, 77.83387781039683, 69.8482509744132, 63.910173252424485, 58.15596157174414, 31.4798869251727, 40.04063215814921, 48.97068978657463, 53.6863164864911, 61.05466236327861, 68.61534831030218, 74.89532716625476, 76.9811064608733, 74.21865964698657, 62.1900265218057, 52.28261832763154, 46.26473600424169, 78.93138883553569, 72.85565293860866, 74.92989098950657, 81.00117301654421, 84.75950962247134, 91.0115408056756, 99.75546573988144, 103.31548867902833, 101.42746631009638, 97.85360512590672, 94.32528748529994, 90.08702310319818, 80.72572013704948, 78.93688991690948, 83.84413439192478, 88.49077508393317, 97.2142032855341, 92.56598537389719, 88.0724222803854, 85.48253064991468, 48.55292289531209, 58.47032115447731, 74.61285886036552, 88.36383624336406, 99.0625280466892, 114.65125890344747, 126.99000019287865, 124.3604689678051, 143.6657416904928, 135.2138279748189, 140.69745531882094, 132.1938640632622, 125.77257470593057, 117.57999150170207, 105.00606350024745], [25.56704778046951, 18.831454862430228, 16.486688480058753, 20.823640550041315, 22.709146358689598, 25.230714110236697, 30.02035326859897, 66.38291658213188, 71.93771351826452, 78.86995897955423, 86.57308583494164, 95.11925914971718, 87.9799047191774, 81.28857925601964, 74.01054665579086, 30.588650980454258, 21.08786309431921, 11.781895550270386, 0.0, 11.75680907511834, 10.179637987459177, 5.9320973736038765, 14.758221559419146, 22.570094963958862, 28.658417751421194, 66.95388597140011, 73.33994187777577, 78.90211315135397, 86.55501733346131, 92.82881831768472, 93.32349650561837, 87.15303128820013, 79.5017486776896, 73.7278207891486, 67.85253079576304, 41.85761854852193, 49.67275607536916, 57.77927589799075, 59.49896195659742, 67.55843970820264, 75.83922965480976, 83.3575522980967, 85.14644889041156, 82.65488734987511, 71.94353560106707, 62.36656851081338, 56.610733414040176, 82.4161015864683, 77.90364862857676, 81.10113130265395, 87.76986517924973, 91.97709904368597, 98.12237397352335, 106.3115036707688, 109.56402468932312, 107.54992293564396, 103.2532240636011, 99.13890666772161, 94.2154414967544, 84.60040514158011, 84.53915851162871, 90.18348068390439, 95.15209382234623, 103.6904209862939, 98.68419435480342, 93.7166563142588, 90.29724631622867, 37.42237603098231, 48.75650673395305, 67.51357807051573, 83.10292064625735, 95.32272033342026, 111.79042465993285, 125.53887799409344, 128.26772983742413, 147.00353281722138, 139.83187093348732, 144.43910020960973, 136.22036882080914, 130.48705585872534, 122.6456235741486, 111.29494225671043], [32.64339120150004, 25.65562709989561, 19.301820823710933, 16.67219440280385, 23.685038395918852, 28.79805971617251, 34.59086222437937, 72.62562429428166, 79.01885668525783, 86.12446962791488, 93.26919698983176, 100.8981810054446, 94.17396784232936, 87.51973722136663, 80.07063349495787, 40.91849774334965, 31.764430847961926, 22.802875973606973, 11.75680907511834, 0.0, 4.832638509704921, 13.754907995808443, 23.916994959477435, 31.57773112460894, 37.930635456534944, 75.48600903798672, 81.82955969461224, 87.08266685599197, 94.24123187657516, 99.98266226237776, 100.44417085015127, 94.80616002661834, 87.38214430192664, 81.70888958657302, 75.57152897615788, 50.08841937253941, 56.52762438926494, 63.4743188745077, 61.89679497001752, 70.47737611331746, 79.36076866123716, 88.13788701813041, 89.50039610186165, 87.43278670489092, 78.48090528186599, 69.63447360325053, 64.79452966819062, 81.8611917314465, 79.0806210528215, 83.38089445524423, 90.53734198937222, 95.1396098709572, 101.06532739156384, 108.54991607920637, 111.40258000511108, 109.27735427721672, 104.28943762526409, 99.65789720026545, 94.10880139000606, 84.36150826355976, 86.11221587029333, 92.42122998402068, 97.63227605281708, 105.85285596887674, 100.50665212889663, 95.11634195610465, 90.90045821083234, 28.702172935986027, 37.406288017427585, 57.41486723356268, 74.24041531682929, 87.62354431358143, 104.66583291166663, 119.52971262553322, 127.47439275498488, 145.5832576061934, 139.96977100403666, 144.05892538322047, 136.48613596020897, 131.88917743899611, 125.41334241604328, 116.63747124651005], [29.17041275340897, 21.712007505546996, 14.933897990629973, 13.346236874154563, 19.391378683959868, 24.678436498913968, 30.979619404403454, 70.1727956959158, 76.70996795790285, 83.89541912534318, 91.15175010611368, 98.98644543974012, 91.97816080308677, 85.15351837412616, 77.6972459034742, 37.88467965724563, 28.837974162661148, 19.95784189612246, 10.179637987459177, 4.832638509704921, 0.0, 10.113805254127252, 20.121551712681157, 27.99250785723671, 34.54335873690948, 72.97892772476143, 79.57596931473549, 85.03024750276002, 92.5039075775853, 98.40499998108493, 98.63676969174512, 92.82352235292042, 85.15995912852708, 79.3425780348392, 73.10962895511048, 46.78215552276443, 52.709489912303056, 59.25468860428735, 57.83170522366669, 66.30290295649117, 75.13934629581577, 83.94381853400867, 85.71254153767151, 83.87944909454957, 74.64669340518499, 66.14046309137214, 61.815990936263994, 78.14829374917294, 75.04089048928506, 79.24901923302414, 86.46152520941278, 91.1852166475331, 97.36456090877822, 105.13570669675705, 107.91129930303123, 105.55175535773749, 100.4798025819857, 95.81536833428038, 90.33705717870218, 80.65661291768923, 82.12089626321496, 88.44415961058488, 93.7989834806308, 102.34999809227311, 96.80383011868152, 91.32918453329684, 87.1288014742621, 33.47382110409103, 40.01442843561352, 57.98986639663335, 73.90683919107083, 86.45138718260671, 103.3293520682603, 117.80646880910369, 124.00505444840228, 143.3954801814548, 137.75927056035852, 142.6309550596837, 135.25908101176768, 130.7804935477333, 124.81766658552178, 116.22219863363706], [22.341691682461576, 14.617035716201318, 11.618394821818804, 17.484201218321502, 17.757613775482476, 20.52998339176885, 26.21681550866151, 64.56912130785032, 70.51677201014925, 77.59652669011825, 85.3288601257015, 93.95972841363621, 86.50109990657518, 79.57227324344191, 72.26026402492516, 28.72338659850055, 19.48693555701737, 10.434569232879957, 5.9320973736038765, 13.754907995808443, 10.113805254127252, 0.0, 10.811881958804117, 19.35713706220243, 25.931801422842433, 65.55667362328445, 72.31926693176541, 78.11173487506179, 86.11677852056184, 92.49447861270595, 92.63375495672584, 86.33214073091753, 78.37968555519753, 72.41588066507084, 66.34425459130891, 39.12245938743465, 45.84433620759281, 53.111876465465244, 54.50510015746252, 62.46732407076241, 70.77367260196954, 78.56735774393036, 80.88403071100763, 78.83262333275383, 68.04661514269404, 59.14505197385473, 54.401101326470446, 77.32399242110527, 72.67330612944754, 75.93087772645862, 82.76443856477039, 87.22347376749062, 93.69224569912606, 102.14598393058269, 105.19887075686833, 102.82403155388495, 98.2726886602716, 94.01641816327948, 89.08497497282764, 79.57068948512304, 79.43596640116908, 85.21768392160847, 90.43783927595713, 99.38353031671426, 94.02410285312381, 88.85866331206688, 85.31448295916378, 41.637476531886676, 49.796029849641386, 66.33353133941185, 80.9446368083155, 92.24815581290265, 108.55138194528118, 121.97201166734504, 123.35924822688493, 143.75044939483772, 136.90175383115616, 142.4994863656552, 134.72517646908526, 129.43178374426068, 122.66131102891373, 112.21553245111423], [13.441964257818983, 6.8913226434288415, 11.82725805497902, 22.278579854749655, 17.016290963452903, 15.43360519000616, 19.135074931962535, 55.76855249594829, 61.46940640093299, 68.5119735782779, 76.49216712275516, 85.62612720242406, 77.74744956251917, 70.6820243757516, 63.518943669802916, 18.747706821356818, 10.54225092043981, 6.368885098840848, 14.758221559419146, 23.916994959477435, 20.121551712681157, 10.811881958804117, 0.0, 8.867577593565281, 15.484099686735197, 55.893493963009696, 62.93749655971035, 69.0129485390786, 77.49187417624964, 84.16243312654142, 83.99345574977494, 77.37258517376756, 69.11789052509388, 62.99837640805531, 56.94461583763918, 28.915090677488013, 35.86839413667085, 43.80055900725304, 47.76379337118377, 55.156529741349345, 62.865078845588016, 69.6261049954104, 72.10088808136474, 69.82886307562273, 58.062864587949896, 48.99216365593391, 44.37571267218036, 72.80184271573681, 66.72671048168961, 68.95921113049434, 75.2392462972671, 79.27218224050115, 85.78823411031443, 94.68604142493172, 98.01805395564574, 95.80395441928562, 91.94120552079292, 88.2550860073447, 83.96040716882374, 74.65222081304007, 72.94822910894007, 78.05051991277581, 82.9468818527669, 92.00100541504604, 86.99017868099642, 82.27442996520739, 79.50586602635006, 51.3347340381311, 58.01952562581757, 71.9221087045403, 84.64231292804874, 94.48571163245103, 109.84398020621609, 121.85823724596362, 118.36388302086974, 139.03361883780101, 131.06897825407844, 137.47278429308605, 129.51307720544352, 123.72436447879292, 116.92562748304665, 105.90904779195739], [7.171363872010538, 8.02262797998374, 17.088163707875257, 27.86030217889627, 20.452377644547976, 15.23599713650006, 14.858993924380613, 47.43403369849437, 52.95502275632892, 59.972196155395814, 68.04144144995772, 77.41411650849928, 69.34202277355931, 62.24021605127827, 55.185321202465325, 11.473871523371962, 7.540602778731355, 12.197972803439349, 22.570094963958862, 31.57773112460894, 27.99250785723671, 19.35713706220243, 8.867577593565281, 0.0, 6.772657656647499, 47.23553736727438, 54.424331723808585, 60.598448466935224, 69.27751255014859, 76.0436696543295, 75.67184447378959, 68.93784158391533, 60.550049040432015, 54.3659579001866, 48.29723311498816, 20.075375549563923, 27.848795271808598, 37.08897539627156, 43.349165802615786, 50.23887636573009, 57.34534394514032, 63.00771050158804, 64.99093117724969, 62.219243269042146, 50.01149052585541, 40.39664013702964, 35.53070975340089, 70.0290444791831, 62.9435880691647, 64.2175184263713, 69.79343093591353, 73.18984104150424, 79.38335313439633, 88.35370139112092, 92.05110237556079, 90.30351164980975, 87.28480360525226, 84.26761894700634, 80.57270338371698, 71.42381858878069, 68.4667454588125, 72.80756140085931, 77.1423038098725, 85.85460945490681, 81.46287863869665, 77.345118318749, 75.38958839090625, 58.04656218133033, 63.67967224854012, 75.87045036393405, 87.20681230317528, 96.18037042523636, 110.63161467454881, 121.4602957254632, 114.62502639830338, 134.17155900869537, 125.1289346404978, 131.71532755089612, 123.4680315524043, 117.18670326178649, 110.21721121185743, 98.96335891763289], [9.128183502613103, 14.239871566081275, 23.432001324010614, 34.009358339767516, 26.07283098294901, 19.66909546971721, 16.50065629263461, 42.03572637335873, 47.016570414062365, 53.89467326410828, 62.15434593184025, 71.89870769470593, 63.660269813130846, 56.60076883318469, 49.74622230533958, 6.535473646571455, 9.704534332249693, 17.706876760276497, 28.658417751421194, 37.930635456534944, 34.54335873690948, 25.931801422842433, 15.484099686735197, 6.772657656647499, 0.0, 40.71063573049345, 47.96225426149268, 54.26395846689879, 63.16731743046084, 70.1146879270387, 69.65153386937004, 62.722778038006794, 54.23328361020956, 48.01436617847832, 42.079263514252254, 14.015106236526181, 23.36788188404043, 33.9645885681673, 42.693223494690834, 48.87574824538941, 55.223737353426316, 59.62809827612143, 61.2611659245831, 57.9712974172719, 45.06677570633192, 34.74974253783291, 29.152302380927, 70.38407963036893, 62.452220912720556, 62.810632807405426, 67.67807065517972, 70.45920200654753, 76.36324613878095, 85.42118936982554, 89.45228729595581, 88.10803226799997, 85.85973904220099, 83.43659287691311, 80.29829864223284, 71.3988868662171, 67.30941897788462, 70.90428458523846, 74.70966206944014, 83.10947801259513, 79.30944005543954, 75.7627537377006, 74.55563299583137, 63.57493208600997, 69.31409856580525, 80.79928901219915, 91.32984821856628, 99.73689848886926, 113.52738022559878, 123.48117117076985, 113.91909994650446, 132.5367754310201, 122.48587680246715, 129.11898481323774, 120.52425602571861, 113.64486224619904, 106.14120334916811, 94.06476513567388], [45.23257935411769, 53.38018044571028, 61.90390729556894, 70.87980800795766, 62.90564830306928, 55.16230013217143, 47.437351993302, 18.06081247484049, 12.875496206634601, 16.18383166587322, 25.19629942346395, 36.91100705419625, 28.676897957722694, 23.69714237994735, 20.92941922734869, 38.94051562474571, 47.76172029254965, 56.72144214540694, 66.95388597140011, 75.48600903798672, 72.97892772476143, 65.55667362328445, 55.893493963009696, 47.23553736727438, 40.71063573049345, 0.0, 7.984118486707533, 14.696346867397384, 24.673921402654486, 32.23475835167758, 30.94253363569457, 23.12308005514953, 14.287818814646865, 8.322283917706363, 6.877580763575151, 28.672147632440804, 32.36240248615657, 42.08029734602598, 56.40979686218299, 57.94603058773001, 58.87261108729881, 54.82885995596826, 50.929841425864026, 43.515135556667566, 33.43503426776439, 22.636805071699275, 13.979175674771241, 82.12998991814285, 72.18180009521265, 