{
	"dissimilarities": [[0.0, 8.445237191849323, 15.961103108731209, 22.66665417816335, 17.976803635268706, 11.933282426956884, 8.554127615477864, 42.74024020842535, 48.361417559317196, 55.52075975624175, 64.25942006170565, 73.863427066348, 64.22707684284654, 56.89839666051188, 48.511884630294766, 16.262000211656648, 16.229663448746585, 19.378312707733482, 27.139252483460428, 32.79475030026381, 30.17114973405412, 23.45449016032082, 15.60961551921542, 9.541683745450587, 8.8534168873793, 44.1105937281383, 50.473786842040866, 57.50475034264983, 66.09066829423938, 72.81697700331338, 70.65380967835596, 64.13306036427048, 56.55893603060026, 49.309616038014056, 43.01952394057053, 21.16894763635632, 30.90073867462533, 42.592884679960086, 41.898062612541466, 49.72205976571598, 56.679875409217104, 60.58854694100986, 62.05907831930863, 58.9497967367639, 48.04510135488356, 38.47897985175159, 33.401436889206636, 66.39426937225944, 63.274800460978064, 64.81576115338211, 68.22388723088451, 70.58947242929166, 75.69358969077496, 81.61219762574005, 84.23257725037475, 83.88253682898636, 82.3369227939668, 78.16469716002551, 73.19813533306609, 66.60685079948794, 69.68516793743228, 71.71315975740491, 75.38127963408263, 79.32888890925766, 76.30267764805966, 73.56094766594278, 70.65799636835698, 51.57441212850119, 53.988825667641905, 65.43333816796957, 72.48418800169142, 83.87506314839928, 92.99519774338252, 105.20583750596263, 102.38231340213193, 126.5848724334646, 119.2799824712133, 122.48325060693043, 113.906940474238, 108.83273039375504, 101.1028120363127, 95.29759401648036], [8.445237191849323, 0.0, 8.000665735926104, 15.554527821037862, 12.176395530730634, 9.535522816389722, 12.730265104866824, 51.165561865048176, 56.8010756484511, 63.9379203936911, 72.67924158211584, 82.17847263991442, 72.64652837039172, 65.30739638979486, 56.90840994239745, 19.644783322445836, 14.937507471582602, 14.482297062092671, 20.13309297266394, 25.264916751794175, 22.329998347248864, 15.755621091381228, 9.395099729069193, 7.9252330147025365, 13.23247760420663, 52.151472343815655, 58.49528102462248, 65.58758510415625, 74.15602347827097, 80.89755471059993, 78.93545371144161, 72.38774057479004, 64.89522075253032, 57.628441167014, 51.358773402430415, 28.09634374428123, 36.364978260122655, 46.80314928744664, 45.087986445870676, 53.239448559218324, 60.86230102322216, 65.84351742834413, 68.20604405867864, 65.81353580532279, 54.91540977267856, 46.1325256287179, 41.69073771149205, 67.97314792546746, 65.798983706187, 68.05006788682653, 72.28187343971524, 75.54431139024896, 81.2362282462182, 87.43226505288636, 89.46558666686808, 88.47835109290513, 86.03274398460479, 81.06108119707243, 75.5367586228021, 68.69292167666923, 72.89881426092636, 75.6449023571833, 80.01895109286606, 84.88821456425646, 80.90152716718296, 77.42823566464179, 73.84435367521321, 45.42737225015932, 48.34572215219483, 61.332369795795444, 69.85831265273187, 81.94185927726039, 92.01521507572261, 105.52635007165279, 105.50917895963207, 131.34037663277738, 125.18317535073558, 128.74139254442824, 120.59734984156071, 116.04825871878461, 108.62776974928664, 102.88369260985755], [15.961103108731209, 8.000665735926104, 0.0, 7.928485798319182, 7.413016058139694, 10.550002760903196, 17.428567176354687, 58.15636367503152, 64.04664958882975, 71.3030541541083, 79.86240375820904, 88.84675104415814, 79.53962508606688, 72.22966852920503, 63.80363596763599, 26.999119369105024, 20.59443494808736, 17.12138755686419, 18.101878662207685, 20.525838385289358, 17.084689548577547, 12.987449445710924, 11.889614357467025, 14.793149684574448, 21.045960376284093, 60.01043854652018, 66.36327043343242, 73.40295574029724, 81.87509320046487, 88.39299181032999, 86.36400567608844, 80.01299667719493, 72.47285088223428, 65.24835855501031, 58.95483024910931, 35.399824068713286, 42.04828918971126, 50.998711653133455, 47.20036517697034, 55.34987085756427, 63.56848013822493, 69.42362929507502, 72.37579941769427, 70.6720653450737, 60.477756320302404, 52.670548692610744, 49.13073642076205, 67.39855635578994, 66.45807885301248, 69.45910623711052, 74.443377165902, 78.48149308126926, 84.48509544590799, 90.7660552310323, 92.20314002145794, 90.65805955073297, 87.36067389864142, 81.67013041535859, 75.7111377176092, 68.67781853296432, 74.10849625647175, 77.53771114408805, 82.48275247695136, 88.01633670977247, 83.3078575470007, 79.20234021527138, 75.0028304971033, 41.022262123603824, 41.877130889754305, 55.15423061513934, 64.69449798129305, 77.27970077977588, 88.13823996774316, 102.73285745224324, 106.0282340432442, 132.71232787860808, 127.88503226085383, 131.86318645442094, 124.3788986165237, 120.6661223474378, 114.2037830090932, 109.55429187150101], [22.66665417816335, 15.554527821037862, 7.928485798319182, 0.0, 7.634771822731308, 14.22810977250724, 21.91735949279732, 63.35991852890479, 69.56177757441793, 76.96622569909955, 85.20394387724976, 93.41356096837515, 84.46406319394305, 77.2551797292964, 68.85005741787776, 34.877018698974155, 28.40144146662899, 24.11519161181277, 21.913649916607387, 20.62672195426765, 17.144965280335043, 17.202011820750034, 19.265308095422323, 22.71290108325746, 28.707787254281524, 66.66827724816858, 73.02099753415864, 79.92075979657417, 88.22098386622338, 94.35848529963745, 92.12252483897373, 86.11800283718624, 78.4952646069891, 71.3763905972471, 65.07007182876242, 42.010448647469, 47.28908777277206, 54.8715238224794, 48.533551257944296, 56.39807087616863, 65.06644352817577, 71.51466221972835, 74.73429333012004, 73.61575836329625, 64.59255771667718, 57.783997037884355, 55.153889648935596, 65.35795573685076, 65.80338544807519, 69.50766357176396, 75.09201219348493, 79.70568248211733, 85.73675715531505, 91.91028873396994, 92.81228839464794, 90.8469277840871, 86.83844881576938, 80.58029644577918, 74.34421826250087, 67.19764651181757, 73.81770126318165, 77.82111841860595, 83.14829304023746, 89.03466688266823, 83.9049694890461, 79.33073388440337, 74.64422113737655, 39.13216646346869, 35.37824821922379, 47.664523507824754, 57.80227897018409, 70.78201239396418, 82.27428634045246, 97.70487006230299, 104.55354224761918, 131.19584855837235, 127.71245843580962, 132.0566870692007, 125.32546162779985, 122.59140322637191, 117.43626926805169, 114.4762927771528], [17.976803635268706, 12.176395530730634, 7.413016058139694, 7.634771822731308, 0.0, 7.443738432081025, 15.749756749340133, 57.66268474588302, 64.08646948519241, 71.552063840293, 79.90707901961929, 88.39309815380751, 78.78785902698591, 71.38886025464038, 62.97647897479066, 30.700045876704177, 25.914765608432983, 23.64971455267105, 25.134774418944183, 26.4908212440728, 22.880326946306553, 19.83790033186708, 18.202157037537418, 19.409206395207764, 24.154913247904847, 61.272699579532535, 67.73533793659372, 74.76144565742892, 83.4024932369531, 89.85035493517958, 87.21897615103877, 80.99961697769349, 73.12923535857463, 65.97247856189193, 59.62837053648675, 35.54677485388386, 39.85509492798481, 47.26523520953057, 41.39212008215596, 49.404032840101394, 57.92735126361507, 64.29785054672143, 67.71053237238459, 66.70995221726204, 57.27316173732738, 50.83509224595747, 49.12737095963946, 60.22154250066428, 59.68828427217202, 63.01088696069583, 68.35205521303091, 72.83379588817901, 79.07014904595381, 85.4746224896106, 86.46191365538684, 84.54064859426747, 80.80476096141587, 74.82456371840055, 68.72509438903438, 61.64991320900505, 67.5326069189442, 71.2781075321376, 76.52554727977008, 82.55000068939302, 77.3141738321486, 72.87358871868769, 68.39988961745563, 46.11207190716622, 42.09778699245341, 51.40715840577795, 59.39120640977664, 71.21595705504637, 81.5974433951814, 96.00484028779907, 99.13229467868159, 127.29762254855284, 123.19258675893454, 128.20050772332175, 121.64043290733579, 118.80254963756582, 114.02230888472738, 111.21009664601146], [11.933282426956884, 9.535522816389722, 10.550002760903196, 14.22810977250724, 7.443738432081025, 0.0, 8.394582364906364, 50.28508894882097, 56.7253463634139, 64.19520868287924, 72.58981527392187, 81.2626946363685, 71.45237405146081, 64.01285636093665, 55.5949860974379, 25.942446292113104, 23.37193663443603, 23.4268299900942, 27.863633847391892, 30.977343622092892, 27.593266035729624, 22.80650935016396, 18.032459021828416, 16.155239448997158, 18.86759081521785, 54.081151407972314, 60.55311627096683, 67.55830384750158, 76.25959798357343, 82.77304387078567, 79.99214935934306, 73.7297263474592, 65.79415563666154, 58.647523576781495, 52.30246332888118, 28.665005716488, 33.61615075673013, 42.13689307940533, 37.31298101840412, 45.35477908644434, 53.45076422915494, 59.04281349994739, 61.86722478064922, 60.319338057151896, 50.583157370531154, 43.6010567683924, 41.72260039952224, 58.629168093129536, 56.98407264386088, 59.63610927793528, 64.2948901085338, 68.06317234991603, 73.95824751897041, 80.25862979544775, 81.76302751343106, 80.36174976682071, 77.41070445768086, 72.11274159660822, 66.45032954524292, 59.525572225098166, 64.31066403671636, 67.43000421949817, 72.13766426935719, 77.5110727397701, 72.97629147128573, 69.12523154383696, 65.2244294761247, 50.45926262839254, 47.43744576905383, 55.94699997039722, 62.59277016986287, 73.78109904033853, 83.25118299440267, 96.45727114933845, 96.50433022793332, 123.7144764974088, 118.49315673032707, 123.26357959654635, 116.28440844761157, 112.92283477562488, 107.77773588921875, 104.70128841824919], [8.554127615477864, 12.730265104866824, 17.428567176354687, 21.91735949279732, 15.749756749340133, 8.394582364906364, 0.0, 41.91452688608471, 48.383489729921806, 55.881571080590405, 64.21489794291597, 72.91001762133894, 63.083057264905776, 55.67441310039141, 47.25326679237122, 23.342912263327083, 23.92070814309572, 26.35335461978478, 32.795135920167944, 36.88301808942779, 33.84166232123598, 28.323874917145588, 21.669407030927772, 16.841508872059798, 16.06280322731409, 46.36876273916425, 52.796800603294436, 59.66198639384976, 68.28293221374257, 74.69026460108265, 71.74076997404492, 65.57888255448424, 57.602839485393176, 50.522830168626385, 44.191882470647045, 22.46870573227325, 28.66761137262763, 38.63085291144323, 34.851021654593055, 42.55561374541477, 49.944176216199224, 54.31095633279567, 56.067752562613975, 53.662712453454965, 43.97728888730179, 36.12804848293918, 33.72734607294756, 58.06400581073392, 55.381827265346494, 57.23408299226195, 60.960282326719586, 63.6978264351597, 68.8982283023971, 74.87153997696727, 77.0665839094718, 76.41117492544488, 74.48353250054562, 70.0847670524425, 65.05469074319288, 58.39702729331242, 61.93260160353601, 64.23844978314112, 68.13863209878318, 72.42326568088043, 69.02407035888864, 66.0091357188024, 62.879061079232606, 55.34866479478234, 52.912803933671235, 60.64731899006245, 66.00842626118302, 76.58507795565743, 85.11475532209919, 96.94924456698271, 94.24202096813134, 119.33555402016881, 112.84861760364157, 117.09189513520656, 109.55598962547445, 105.60058348497988, 100.03762067412184, 96.88340490294776], [42.74024020842535, 51.165561865048176, 58.15636367503152, 63.35991852890479, 57.66268474588302, 50.28508894882097, 41.91452688608471, 0.0, 7.572179883070199, 15.023015193222198, 22.723493845079634, 32.662330085113126, 21.521641893291807, 14.258875715478343, 6.173117737619216, 43.83977625164793, 52.33877893823101, 59.00745345001245, 68.37708249181966, 74.30729701351608, 72.18493974970986, 65.6518565385339, 57.1195350860737, 49.61822506654186, 42.664303868895345, 17.62622967881472, 20.627595333542637, 24.177732742291077, 31.284533674769005, 36.72639259159735, 31.776917835784275, 26.546480703829538, 18.37744785822466, 13.62759596815528, 10.516388282368334, 30.38634845907147, 35.07357085923503, 44.46303766782085, 48.22975687377797, 50.74135285499765, 51.45560872840776, 47.334226190801346, 41.73755114641552, 33.5946995752592, 28.15075769364668, 18.35402678783035, 13.021918926626789, 71.52854118159895, 64.68188031151115, 62.182773828420444, 60.11134993584671, 56.36073250416857, 56.31144105580379, 59.18522787630009, 65.38051013087919, 69.17631614817535, 73.24854050103319, 74.2543675244512, 73.18343167452909, 69.27475447101841, 65.90111327109229, 63.44904857295279, 62.04362243501853, 59.10354772417119, 63.01536620935949, 65.24644342603354, 66.7938351253222, 89.1052234056481, 88.90071484307595, 93.79741913657026, 94.49942851881336, 101.7017713551162, 105.70207541939745, 110.67341539904766, 93.75407412085592, 106.59449182795906, 92.70690628322336, 93.77402941695169, 83.07978721216143, 74.89877756767035, 66.25740280416404, 61.83325192717413], [48.361417559317196, 56.8010756484511, 64.04664958882975, 69.56177757441793, 64.08646948519241, 56.7253463634139, 48.383489729921806, 7.572179883070199, 0.0, 7.646713704542363, 16.1548309431614, 27.757977689005287, 17.11091512245467, 11.195271034525025, 7.509674572088724, 47.83581890401756, 56.625358454196856, 63.50612742846968, 73.00965015433341, 79.23661961981975, 77.3312244784764, 70.68237729846732, 62.12148512952707, 54.62611650219322, 47.5261728985368, 15.176660690405186, 15.782832817967787, 17.53440606046766, 23.847769004351186, 29.273358549255295, 24.38168900747464, 19.008754508698484, 11.052158709562718, 7.876484502092862, 8.629207295543376, 35.50443049886465, 40.86644581206648, 50.311609798692324, 55.37647349164449, 57.656473671566246, 57.78533150485103, 52.94508669424352, 46.75701636571933, 38.209876378187836, 33.39502963389817, 24.104396165710458, 17.56605119299173, 78.65531371792117, 71.55354568451672, 68.71954921974285, 66.13007519995152, 61.73882364450384, 61.016364459570376, 63.2897745208452, 69.96691816971021, 74.3125913720854, 79.05874258649283, 80.61481103658294, 79.89640963152826, 76.25141233995352, 72.32723422940022, 69.44250723945872, 67.4672206716003, 63.619282718301235, 68.42727957016083, 71.21599269787595, 73.20299360389897, 93.38797603398939, 94.69267019081765, 100.51843798227804, 101.49626861131736, 108.80284546913508, 112.71267299889813, 117.25409032979363, 99.34039008773752, 109.76747947544388, 94.63889144648739, 94.44091682369383, 82.71046120950277, 73.14080687859523, 62.32828665330807, 55.547994322940774], [55.52075975624175, 63.9379203936911, 71.3030541541083, 76.96622569909955, 71.552063840293, 64.19520868287924, 55.881571080590405, 15.023015193222198, 7.646713704542363, 0.0, 9.646810943797385, 23.049144201219864, 13.22184542800603, 10.552235465508293, 12.664858121547196, 53.910463805515185, 62.90493585584332, 69.9377887036421, 79.55995204822104, 85.99123451946542, 84.20678765570983, 77.46187235835045, 68.86802194215433, 61.38718050057594, 54.20082167281091, 17.57733898496203, 15.093290312535995, 13.327831582536936, 17.560833117263, 22.615483753221774, 17.158057285802435, 11.961982802814465, 5.229475869331747, 8.545654951414841, 13.482841060352635, 42.024129948796585, 47.07113057947159, 55.96705148268418, 61.98033065637895, 63.78231316253392, 63.15140120130419, 57.47524267610956, 50.66664048736096, 41.88625940311673, 38.13753332231392, 30.061956743432933, 24.205756027323048, 84.87260025240924, 77.43571366795388, 74.17654501866106, 70.95413568381689, 65.84244118435436, 64.37504098164526, 66.00627045384276, 73.12357653703332, 78.03031411853462, 83.52547221853912, 85.7521964095242, 85.50323161014468, 82.24507887332061, 77.59876951586826, 74.19462256403143, 71.55915668222467, 66.75844893813736, 72.49756604193257, 75.92341202478968, 78.44630099883432, 99.72821498307178, 101.81804120765395, 107.84843177735365, 108.65783594728885, 115.73224398831084, 119.25456919405042, 123.06843338217685, 103.4659395931892, 111.73233727049349, 95.3634062936713, 94.24740082968253, 81.80838835385175, 71.0681197656827, 58.73477526154638, 50.19415333494179], [64.25942006170565, 72.67924158211584, 79.86240375820904, 85.20394387724976, 79.90707901961929, 72.58981527392187, 64.21489794291597, 22.723493845079634, 16.1548309431614, 9.646810943797385, 0.0, 14.122478420594954, 8.614482615065226, 12.69157391563198, 18.884514155289384, 63.376609482895994, 72.21144492658019, 79.0867605808071, 88.40383320139331, 94.46458754704025, 92.7372752110441, 86.32978014770814, 77.91734420505642, 70.49252918200261, 63.43053780230959, 26.915151148115978, 23.35579610536489, 18.918886000952007, 17.83435754494969, 18.640669591262245, 11.446491982870949, 11.98441876121149, 12.062352525835498, 17.976903575759145, 23.055116590095356, 51.39005164635244, 55.6717182324011, 63.54404887700503, 68.65199856930822, 69.60563784827737, 68.23706012305836, 61.54024109749084, 53.5088025037437, 44.50227287863428, 43.8873103900918, 37.79731958927243, 33.45282747678111, 89.44374675526305, 82.17238887374461, 78.59735066761279, 74.66251417572812, 68.6222692802037, 65.68554126508894, 66.03792318823024, 73.67049680469499, 79.41782644092343, 85.83517996766288, 88.93876484168028, 89.41258764665955, 86.67798342023902, 81.49405980573938, 77.52375088228469, 73.93471337479063, 67.44533942470648, 74.80356141906236, 79.08712316693872, 82.2642093650162, 107.27043164378205, 108.50589201301959, 113.55467147657973, 113.52743576703487, 119.9843404769967, 122.73818932969722, 125.24759418180821, 104.86168096519509, 108.39811976285901, 90.73442877521481, 88.2688898305286, 75.13949935643585, 63.44311874162608, 50.63555747864425, 43.487421687850514], [73.863427066348, 82.17847263991442, 88.84675104415814, 93.41356096837515, 88.39309815380751, 81.2626946363685, 72.91001762133894, 32.662330085113126, 27.757977689005287, 23.049144201219864, 14.122478420594954, 0.0, 14.341997433462994, 21.605427160950562, 28.366134291480385, 75.10413243761423, 83.41399465203317, 89.81646819510912, 98.38135928366704, 103.51194612492309, 101.80875242211974, 96.18344161069285, 88.22063282485455, 80.96533940162495, 74.27837156459877, 40.51515005906449, 37.302842470680574, 32.585489463009544, 28.88043950924103, 24.696593063131708, 18.63739535162768, 24.37477699370614, 26.099950198877245, 31.470438743940484, 35.72580807463361, 62.88146375821605, 66.37253294563001, 73.09112230054653, 75.58939021996424, 75.52514861112323, 73.68693515683374, 66.16982748719778, 56.712606357233184, 47.847134500181454, 51.71147650938714, 47.794787929480705, 45.01749139870281, 92.48200953398242, 86.09134255255884, 82.48433577277767, 77.99456022069558, 71.1070268505487, 66.14913781960983, 64.58837464881326, 72.60801726237182, 79.31915480082922, 86.59004014892558, 90.58576424864164, 91.91876285167685, 89.7746720375358, 84.52385517640029, 80.13833658126806, 75.51008001274737, 66.8240883213976, 76.24836635061472, 81.39811984326718, 85.16271554422629, 114.80733539766011, 113.69522493445426, 116.71342914146095, 115.3216644788077, 120.83433542126419, 122.53934512168006, 123.27997266480222, 103.92161643494838, 99.57819031196202, 80.738491941093, 76.12508373517997, 62.14851477998046, 49.68805712704638, 37.96907279816081, 38.086229371757945], [64.22707684284654, 72.64652837039172, 79.53962508606688, 84.46406319394305, 78.78785902698591, 71.45237405146081, 63.083057264905776, 21.521641893291807, 17.11091512245467, 13.22184542800603, 8.614482615065226, 14.341997433462994, 0.0, 7.995644969794681, 16.096733315914136, 64.57959246760434, 73.41889393335083, 80.25000459035466, 89.62173195854132, 95.44608471543953, 93.43901468553338, 87.0634980585857, 78.5609445459232, 71.05204349983738, 64.0035333458999, 29.984203848033815, 27.738031056776844, 24.92154021177425, 25.80639949676384, 27.017639251968966, 19.527285793998253, 19.55208261353314, 17.133399268490855, 21.282391351924925, 25.1104642265257, 50.84330910863232, 53.054189536510705, 59.383698764574724, 63.54305185948532, 63.66959152469068, 61.675858513543204, 54.39964283938145, 45.82885284924082, 36.83911931929401, 38.26281675468403, 34.38776315002581, 33.136368638770215, 82.85691483071432, 75.44797978737633, 71.6004852282326, 67.24840266128594, 60.80462173873577, 57.40517337638421, 57.53614419445372, 65.23894243563645, 71.14951257858561, 77.86961949301671, 81.37202341372858, 82.23504748923291, 79.89508008824204, 74.21140021266393, 69.93133999336892, 65.9530945093968, 59.043772567828434, 66.79547278801324, 71.4209604135059, 74.94057686022248, 109.03905077574187, 108.0679630893334, 111.0259207831237, 109.72098832648504, 115.19705680421075, 117.09575383688481, 118.76980098506412, 96.63321025387938, 101.27778842577489, 83.81180600458534, 82.98322775136447, 71.16120055449198, 60.88045937736288, 51.989824790113424, 49.702264222923816], [56.89839666051188, 65.30739638979486, 72.22966852920503, 77.2551797292964, 71.38886025464038, 64.01285636093665, 55.67441310039141, 14.258875715478343, 11.195271034525025, 10.552235465508293, 12.69157391563198, 21.605427160950562, 7.995644969794681, 0.0, 8.435209880054618, 57.25356448297336, 66.13765028490283, 73.02207291538932, 82.5767325732943, 88.56258802094443, 86.43747746737144, 79.85896911660194, 71.22981762511763, 63.675890557584516, 56.57849375506296, 24.37852070031906, 23.61188458801512, 23.036248248893525, 27.033412803810734, 30.63253229239256, 23.7452333182819, 20.785437626640675, 15.056696895032058, 16.489625593092587, 18.932888664882174, 43.017784458335434, 45.11854433295428, 51.87716091108608, 56.372694719950104, 57.01820749119597, 55.54781083003617, 48.99477614263184, 41.28714143863062, 32.32529975551908, 31.460421657355162, 26.504198302755775, 25.504434418893926, 77.19128739372678, 69.61980436058425, 65.99558134209254, 62.184790502302384, 56.46867683058866, 54.30131862240905, 55.590637700593895, 62.83916332563308, 68.02271425955514, 73.96572215421402, 76.75607275563483, 77.0555475043638, 74.31028484935615, 69.01591127376996, 65.17366882329537, 61.96904893573675, 56.4963871374408, 62.87402190026525, 66.8017162885211, 69.80855465059821, 103.00885892705749, 102.07052695272613, 105.28328938471637, 104.36340041378118, 110.15726293394557, 112.53855502988236, 115.17251404678603, 93.54971151762821, 102.45572435439965, 86.26530288547963, 86.8267989335271, 75.8067193385482, 66.58591172804161, 58.427189450327965, 55.46308152898345], [48.511884630294766, 56.90840994239745, 63.80363596763599, 68.85005741787776, 62.97647897479066, 55.5949860974379, 47.25326679237122, 6.173117737619216, 7.509674572088724, 12.664858121547196, 18.884514155289384, 28.366134291480385, 16.096733315914136, 8.435209880054618, 0.0, 49.461455521533644, 58.14256548460148, 64.90471030960352, 74.38279109194073, 80.31074325093276, 78.12634851864969, 71.55988307530927, 62.961101817711196, 55.42735942861386, 48.41343234492594, 20.346328526028717, 21.843075317052882, 23.885888435373236, 30.095261488427525, 34.96475898174209, 29.070194295126996, 24.550640929457646, 16.832383637382645, 14.352125453396823, 13.785205842006528, 35.19855099072657, 38.103563107501614, 46.018177324709946, 50.02623705194443, 51.580460184441115, 51.23597128286981, 45.96096826756618, 39.38746966997978, 30.76516031494907, 27.282803460099053, 19.91272252760895, 17.84235896030539, 72.2203575079789, 64.95694378137655, 61.90587448657814, 59.02865922641732, 54.401850788317766, 53.51403594279664, 55.84112281273637, 62.467536110596306, 66.81680394554492, 71.68512957366205, 73.47359917684156, 73.0158466647846, 69.64125151725571, 65.33111400578449, 62.23983374470624, 60.05962240019166, 56.11886827108339, 61.01113502407868, 63.97693967890487, 66.18433507624674, 95.1554845265543, 94.22799744806025, 97.989419847848, 97.74986602503755, 104.16942874605567, 107.33556669300725, 111.21506605997656, 91.9041115059666, 103.71441958802008, 88.98911174392951, 90.23258576278134, 79.66500224696978, 71.33245655795217, 63.4430687275413, 60.13276742828945], [16.262000211656648, 19.644783322445836, 26.999119369105024, 34.877018698974155, 30.700045876704177, 25.942446292113104, 23.342912263327083, 43.83977625164793, 47.83581890401756, 53.910463805515185, 63.376609482895994, 75.10413243761423, 64.57959246760434, 57.25356448297336, 49.461455521533644, 0.0, 10.011947347274653, 18.006238143313617, 29.53954296489514, 38.57025568585552, 36.624683740247605, 27.638754864322905, 18.499133979582233, 12.313631528428523, 7.458794630851422, 38.73533177785833, 44.782564639548035, 52.22903901042804, 61.337950595492885, 69.40501979556402, 68.07293301876766, 60.40827813944005, 53.45598491852235, 46.18602359352065, 40.44805852023382, 17.865734346957726, 30.066812960038465, 43.14602133313576, 49.2049602880333, 56.871525647536, 62.47072729195218, 65.55601141916922, 67.25558570887306, 63.59619634065694, 49.918084539010565, 38.998831405682736, 31.970652589028973, 77.21294469852506, 72.14197590413379, 72.6043892891144, 75.13590456941587, 76.85877582124016, 82.33609892469465, 88.62256954422217, 91.7922156471309, 91.74443952930373, 91.00025246399395, 87.50604923093182, 82.84149546361994, 76.69738444406127, 77.93853963000159, 79.19569431964958, 82.47787753687523, 86.45606302202408, 83.47834664479798, 81.24856412931764, 78.98047058152625, 58.13205155645207, 66.9775412646059, 80.75469427438905, 88.26437672913585, 99.38436350803184, 108.13282787896907, 119.880905132629, 111.88683151721838, 138.17594016239292, 129.06803668334666, 132.01908755897384, 122.40893504854816, 115.56440131669895, 105.07095505999969, 94.63444706696247], [16.229663448746585, 14.937507471582602, 20.59443494808736, 28.40144146662899, 25.914765608432983, 23.37193663443603, 23.92070814309572, 52.33877893823101, 56.625358454196856, 62.90493585584332, 72.21144492658019, 83.41399465203317, 73.41889393335083, 66.13765028490283, 58.14256548460148, 10.011947347274653, 0.0, 8.03189467249055, 19.693503764151416, 29.08667471588786, 27.26637749474574, 18.097746752073117, 9.722504572003759, 7.403024137813477, 10.525572876445157, 48.21162775247048, 54.197415501689356, 61.4940694418336, 70.25339314512564, 77.92213677483898, 76.86382329961206, 69.49398755449934, 62.64537748761618, 55.382486923794474, 49.55195744069793, 26.514379568553455, 37.19650363828538, 49.12831718391406, 52.954978721358906, 61.07883350838345, 67.62727506005116, 71.80683046538168, 74.12466750415457, 71.02444663840026, 57.89048855798771, 47.60874158760517, 41.057791790841414, 79.15618979847648, 75.31561513814329, 76.63432519845901, 80.07945966093195, 82.68677420526713, 88.55523833977944, 94.97904958923506, 97.62002012940256, 97.0222525939346, 95.36122330674138, 91.01479726873187, 85.76854606361508, 79.25048151949434, 81.89571356550248, 83.94080772694478, 87.90865352103755, 92.59015864010192, 88.86776192306147, 85.91047569741411, 82.90790265066505, 49.35064677761864, 59.71800769872607, 75.51145685202745, 84.67814077233956, 96.7128890888639, 106.58171770197876, 119.72797155016688, 115.68619358226475, 142.49700361266264, 134.63124444617927, 137.56421885529713, 128.22209474396917, 121.95388051507211, 111.72095203023287, 101.71311991777726], [19.378312707733482, 14.482297062092671, 17.12138755686419, 24.11519161181277, 23.64971455267105, 23.4268299900942, 26.35335461978478, 59.00745345001245, 63.50612742846968, 69.9377887036421, 79.0867605808071, 89.81646819510912, 80.25000459035466, 73.02207291538932, 64.90471030960352, 18.006238143313617, 8.03189467249055, 0.0, 11.759277418025732, 21.4004830503615, 19.718744897368566, 10.56070071527003, 5.513180636860902, 10.385918953710213, 16.878178949445232, 55.73027399139268, 61.69124000332823, 68.86917993344764, 77.36826642561059, 84.69242244818219, 83.77577154017686, 76.66753109810455, 69.86719225610666, 62.622898321131096, 56.72846540639387, 33.72324276728964, 43.49776171668254, 54.5631199782848, 56.553232601935896, 64.8568174271922, 72.0305754090245, 76.91827539654136, 79.58215358172619, 76.8631572830485, 64.29252586031625, 54.466264332666256, 48.23153487953825, 80.91550814770378, 78.11778119550847, 80.08120881885195, 84.16589288400051, 87.37392236992396, 93.431958068432, 99.88381882154191, 102.13499280917551, 101.1587687286081, 98.83428585902276, 93.88235232189979, 88.24879523447862, 81.4948012334498, 85.21659275171025, 87.82912809619773, 92.25027497837829, 97.35688454817446, 93.17123230828976, 89.71551803889491, 86.19565498619122, 42.29557441188424, 53.744137682142316, 71.16547195757943, 81.66805532882591, 94.3993361875528, 105.1352775184818, 119.32908841714219, 118.60765434592035, 145.48044318620285, 138.619961550277, 141.50611384594043, 132.41377336334577, 126.65043385347808, 116.74599835368497, 107.29700482279112], [27.139252483460428, 20.13309297266394, 18.101878662207685, 21.913649916607387, 25.134774418944183, 27.863633847391892, 32.795135920167944, 68.37708249181966, 73.00965015433341, 79.55995204822104, 88.40383320139331, 98.38135928366704, 89.62173195854132, 82.5767325732943, 74.38279109194073, 29.53954296489514, 19.693503764151416, 11.759277418025732, 0.0, 10.236570316471429, 9.609250387378038, 5.496473793017028, 12.995754220838974, 20.163289074068373, 27.42372434327267, 66.14291183976944, 72.00608843569695, 78.93951434258572, 86.95600963304695, 93.68281429443307, 93.02591159028027, 86.37562628730052, 79.73410915476228, 72.58192540373447, 66.67069823437309, 44.62753986736626, 53.85853766588999, 64.12352868283352, 63.70877145664274, 72.03493927487047, 79.86544191403505, 85.38695841416114, 88.17581815706647, 85.74885135928727, 74.14333058320993, 64.6746119412608, 58.46789642102059, 85.16138126399622, 83.87115435240972, 86.62568812090701, 91.39682995004357, 95.18071076151864, 101.21997311903081, 107.51991795141895, 109.37388516233656, 108.06184315421159, 105.01688916106112, 99.40308554659127, 93.38903839590031, 86.39370673412601, 91.49201618253612, 94.73920123563485, 99.57113097655694, 104.90908730091235, 100.4365900695818, 96.49218008439028, 92.41503824204156, 31.45333188988491, 45.247104905246125, 65.60909978065166, 78.21524249316792, 92.01266894634838, 103.9961195341113, 119.54194155388103, 123.9239333068449, 149.7235626932282, 144.15785025825787, 146.63281946507925, 137.74083875527705, 132.5886912072517, 122.97794439749325, 114.29447454571265], [32.79475030026381, 25.264916751794175, 20.525838385289358, 20.62672195426765, 26.4908212440728, 30.977343622092892, 36.88301808942779, 74.30729701351608, 79.23661961981975, 85.99123451946542, 94.46458754704025, 103.51194612492309, 95.44608471543953, 88.56258802094443, 80.31074325093276, 38.57025568585552, 29.08667471588786, 21.4004830503615, 10.236570316471429, 0.0, 3.7737739888781094, 11.96318721114716, 20.99928312855346, 27.90603003704721, 35.26734044593505, 73.74053441620315, 79.6096411255438, 86.33424772051676, 93.99446969623718, 100.10724313843943, 99.39039082299827, 93.24518379275194, 86.5816922237201, 79.52090338313666, 73.54491962180239, 52.29072964961293, 60.91659974649454, 70.47711560461076, 67.53229956172343, 75.68812046760296, 84.00900646500908, 89.94148489523991, 92.68375885803768, 90.54464588450291, 80.15677897919298, 71.2059720928247, 65.3789034105698, 85.941961697202, 86.07134070620343, 89.48736445130842, 94.76609758258769, 98.94944246138658, 104.79735983474934, 110.83981230775822, 112.32944318348572, 110.78156188457024, 107.17399104983687, 101.08633303397275, 94.8657332255156, 87.73506386592094, 94.00615103111457, 97.74406303315476, 102.8210185450335, 108.19199509956549, 103.62564645424847, 99.34723267823021, 94.86547720698921, 22.985725775415734, 35.95242805765792, 58.18323871559335, 72.25708626397278, 86.8056511233069, 99.68034120257141, 116.13746657783241, 125.15087831659001, 149.44947174863015, 145.17048173133898, 147.41836727220337, 138.96639506589491, 134.6564162744982, 125.97187582596315, 118.93054693050692], [30.17114973405412, 22.329998347248864, 17.084689548577547, 17.144965280335043, 22.880326946306553, 27.593266035729624, 33.84166232123598, 72.18493974970986, 77.3312244784764, 84.20678765570983, 92.7372752110441, 101.80875242211974, 93.43901468553338, 86.43747746737144, 78.12634851864969, 36.624683740247605, 27.26637749474574, 19.718744897368566, 9.609250387378038, 3.7737739888781094, 0.0, 9.538325586428783, 18.545026206547703, 25.47782429739498, 32.9395574101747, 72.02526917428882, 78.02097849801129, 84.85553075324808, 92.73248066073086, 98.97870134767444, 97.99631707951193, 91.76530761487112, 84.8993508691487, 77.77291473279038, 71.70938930788135, 49.68249447919134, 57.79023559993361, 67.05284146441645, 63.901800101262786, 72.0619549987613, 80.4167426314119, 86.48087628233975, 89.41181010497333, 87.4700650249284, 77.07733685101084, 68.44115618690375, 63.13818544146878, 82.35459890275264, 82.40626190391006, 85.83323844339459, 91.16595276886996, 95.4555425095197, 101.43769132232434, 107.58242669475317, 108.96314982002106, 107.30621538205183, 103.61792294977, 97.4897705365792, 91.24193252300721, 84.11778935792324, 90.36880931471413, 94.14831961452128, 99.30651032920964, 104.87005218655952, 100.10854817689825, 95.75254130021139, 91.22906213055138, 26.219274704925116, 36.06691068026854, 56.76384880838506, 70.21306580627025, 84.45879799404203, 97.07913107263866, 113.38017919857776, 121.61555874000138, 146.79992135982883, 142.59628570954138, 145.31203069175302, 137.1509247621242, 133.04949198868522, 124.89450904969709, 118.3522082670007], [23.45449016032082, 15.755621091381228, 12.987449445710924, 17.202011820750034, 19.83790033186708, 22.80650935016396, 28.323874917145588, 65.6518565385339, 70.68237729846732, 77.46187235835045, 86.32978014770814, 96.18344161069285, 87.0634980585857, 79.85896911660194, 71.55988307530927, 27.638754864322905, 18.097746752073117, 10.56070071527003, 5.496473793017028, 11.96318721114716, 9.538325586428783, 0.0, 9.496071514150314, 16.97104213158609, 24.551580496783117, 64.37671515511208, 70.44934515847389, 77.51948201233263, 85.81629638091924, 92.63678726991333, 91.5389723469933, 84.84803725979718, 77.87634919176627, 70.63600485410248, 64.57058682804653, 41.3533830892921, 49.720746702027114, 59.50857701462682, 58.468211402621876, 66.792365224604, 74.73097612083623, 80.47673553345719, 83.51604643668675, 81.40654197603092, 69.95831937020907, 61.02564333319029, 55.706113200124044, 79.72506274434627, 78.45164953648477, 81.27904339318157, 86.16841164364818, 90.13309511007837, 96.32698341510145, 102.73494662863754, 104.39772173257487, 102.91680627944902, 99.71301103304543, 94.01074607178315, 87.95422893074425, 80.95861051400732, 86.13034469772096, 89.47611485218499, 94.43627053844585, 100.03115087915901, 95.29164783680163, 91.21453766337329, 87.04843096341901, 34.48549699031696, 44.29749141360909, 62.65418765099027, 74.42342334519647, 87.80791153758331, 99.4628407071368, 114.80798688170465, 118.554280854833, 145.34508187376161, 140.03907183318898, 143.1601846382066, 134.7612911817947, 130.04460396342697, 121.39403318527211, 113.78498650094004], [15.60961551921542, 9.395099729069193, 11.889614357467025, 19.265308095422323, 18.202157037537418, 18.032459021828416, 21.669407030927772, 57.1195350860737, 62.12148512952707, 68.86802194215433, 77.91734420505642, 88.22063282485455, 78.5609445459232, 71.22981762511763, 62.961101817711196, 18.499133979582233, 9.722504572003759, 5.513180636860902, 12.995754220838974, 20.99928312855346, 18.545026206547703, 9.496071514150314, 0.0, 7.662989998343663, 15.211811109831137, 55.44437902345114, 61.614916648591624, 68.83455321628466, 77.4515066371885, 84.6222577379054, 83.27068247310457, 76.31731786326961, 69.19011105550037, 61.88537379974544, 55.79978527692666, 31.95463846554767, 40.89328505119452, 51.50832735754594, 52.08149746175359, 60.39630968987385, 67.8386175928428, 72.98554976636383, 75.767497965601, 73.33997995683885, 61.29204096676204, 52.01268213383164, 46.66290708623393, 75.72784108677921, 73.26106229374477, 75.43722795082547, 79.72648626007889, 83.14171232232853, 89.2280169608053, 95.68028588563818, 97.72129619712858, 96.59422861385428, 94.04682702515909, 88.93916427913551, 83.24087133160435, 76.42511612982969, 80.4814146751123, 83.27264847391534, 87.8269428131635, 93.07975538192537, 88.7279958960039, 85.11486104610607, 81.44504853901995, 42.55228446891707, 50.71154703219023, 66.6277364286937, 76.5752539527142, 89.09651373065525, 99.69223313439194, 113.82893325387977, 113.61898420395691, 140.70092839435375, 134.31994602536864, 137.64617603466587, 129.05193440743471, 123.87286925736434, 115.06108805046296, 107.1053256995154], [9.541683745450587, 7.9252330147025365, 14.793149684574448, 22.71290108325746, 19.409206395207764, 16.155239448997158, 16.841508872059798, 49.61822506654186, 54.62611650219322, 61.38718050057594, 70.49252918200261, 80.96533940162495, 71.05204349983738, 63.675890557584516, 55.42735942861386, 12.313631528428523, 7.403024137813477, 10.385918953710213, 20.163289074068373, 27.90603003704721, 25.47782429739498, 16.97104213158609, 7.662989998343663, 0.0, 7.617764690859976, 48.03883497768023, 54.29213391268607, 61.56097009590642, 70.33330748216258, 77.61860911391166, 76.02822438716946, 69.00047674188225, 61.74129459098894, 54.410359099678445, 48.290412271493196, 24.549842332655903, 34.47957777369627, 46.0575967719757, 47.586779429994685, 55.74165877960696, 62.70897877811985, 67.14043934244575, 69.40875095871917, 66.557628743131, 54.33015461976388, 44.5980707500295, 39.008335205489786, 72.767313902835, 69.46891942212667, 71.09163365782553, 74.78325449550772, 77.58171944623597, 83.33724236129729, 89.66094401200775, 92.09709260265073, 91.39352557483961, 89.49781611622431, 84.97943800054654, 79.67959096044895, 73.04520758174935, 76.19810081891465, 78.4584907570174, 82.53159439986409, 87.21964366761655, 83.4647292717849, 80.36207588541099, 77.1885976088106, 48.39403244758599, 55.066713563224205, 69.19028388620367, 77.72993751979752, 89.60667917839325, 99.35867431284001, 112.42719594443284, 109.56796670044344, 135.90970398709223, 128.65839161155515, 131.92870244221834, 123.12747183504915, 117.6093185854493, 108.73519749828979, 100.8141605869464], [8.8534168873793, 13.23247760420663, 21.045960376284093, 28.707787254281524, 24.154913247904847, 18.86759081521785, 16.06280322731409, 42.664303868895345, 47.5261728985368, 54.20082167281091, 63.43053780230959, 74.27837156459877, 64.0035333458999, 56.57849375506296, 48.41343234492594, 7.458794630851422, 10.525572876445157, 16.878178949445232, 27.42372434327267, 35.26734044593505, 32.9395574101747, 24.551580496783117, 15.211811109831137, 7.617764690859976, 0.0, 40.62137309120886, 46.938767793910436, 54.29198954145547, 63.27826297616288, 70.80165577960666, 69.01763581084302, 61.80973648529449, 54.45838584435145, 47.10065497945348, 40.993771596952165, 17.409608223792887, 28.891898142937738, 41.59639075635079, 44.8131208308579, 52.64781901318761, 58.89289757277987, 62.422670849059045, 64.12282773373857, 60.74946056741415, 48.1049540703181, 37.71412694401131, 31.627725088200492, 71.59825772065383, 67.30007333019161, 68.2293734449056, 71.17812584784691, 73.23753463756199, 78.64260222771621, 84.83885376733815, 87.73983001273282, 87.51497875016008, 86.3828933876634, 82.56104788140573, 77.7339004826156, 71.37987618567023, 73.4037428695529, 75.01917243332558, 78.52258480701866, 82.58759974482444, 79.49265533753038, 76.99484187670855, 74.42153655641454, 54.93370544287907, 60.971765804837524, 73.65996781763837, 80.90848520416233, 92.07942648341928, 100.94720967361494, 112.88812305011199, 106.95662597528832, 132.66199104625315, 124.37287280889173, 127.55643173331629, 118.46142178832847, 112.43867121723135, 103.26401318072506, 94.9789235406717], [44.1105937281383, 52.151472343815655, 60.01043854652018, 66.66827724816858, 61.272699579532535, 54.081151407972314, 46.36876273916425, 17.62622967881472, 15.176660690405186, 17.57733898496203, 26.915151148115978, 40.51515005906449, 29.984203848033815, 24.37852070031906, 20.346328526028717, 38.73533177785833, 48.21162775247048, 55.73027399139268, 66.14291183976944, 73.74053441620315, 72.02526917428882, 64.37671515511208, 55.44437902345114, 48.03883497768023, 40.62137309120886, 0.0, 6.578334137669431, 14.104025830978651, 24.04775271847864, 32.90449702722444, 30.550439377446175, 22.1995126988733, 15.440510578461092, 9.058104402332035, 7.400381922673249, 29.012909901496716, 36.94320393052479, 48.34269463243849, 57.34233348014461, 61.053516370567664, 61.880426308241496, 58.53534143729261, 54.669235512551595, 47.178295529490946, 37.24868684038632, 25.51442777491047, 14.858528522172174, 84.31572818378474, 76.6082087659746, 73.99998099320906, 72.20825158429062,