{
	"dissimilarities": [[0.0, 8.464752275198428, 16.741947290908698, 26.682069710070603, 18.615547717678787, 11.70984263107929, 8.304036240367454, 42.90654641345352, 49.463879692675235, 56.61850650267159, 64.23753790024887, 72.95282824026437, 65.08224795872384, 57.9138490397612, 50.65031232934346, 15.196656333266207, 13.653095994281882, 17.259394540764426, 25.59952356873393, 32.879630186994824, 29.355046887080725, 22.380697352703848, 13.411189621182675, 7.098702300150708, 8.978024062026007, 45.262188888019566, 52.479421259392915, 58.361585680177335, 66.67275671850302, 72.97583939603602, 72.43410099136271, 66.14419017998937, 57.87464242097266, 51.73457920865705, 45.33561540542169, 17.807978674814443, 24.215161881821608, 33.516135368018865, 38.77480245733331, 47.17568414339085, 54.553685314109984, 60.002330101180746, 60.80522480319475, 58.041324692658684, 47.735201728750084, 38.27882436605503, 33.9427571819227, 66.25435801649078, 59.55391586846308, 59.80664565306868, 65.30225914704623, 68.50190036632429, 74.76837386306238, 83.26260052558382, 86.37733671642924, 85.49633305607516, 82.52023077024319, 79.37597215564587, 75.67981888743188, 66.2963664855248, 63.72851905639199, 68.04566732283753, 73.08509978880855, 80.24118601874133, 76.1310187967101, 73.17886670609067, 70.2420258691175, 58.81085644375278, 62.2215241139906, 72.23603708940729, 82.14501859354478, 91.22961385716549, 101.66895972167148, 114.41296802296951, 109.28167475687675, 126.84771226650972, 118.02037063122333, 124.22567616920254, 116.75000265591238, 109.972800328735, 104.32531101935714, 95.2101726620424], [8.464752275198428, 0.0, 9.221522038771589, 20.207320913619753, 12.80009807531884, 8.990842616393806, 12.391450447433705, 51.32400904134273, 57.917578519437676, 65.05386048454243, 72.68520485293145, 81.32276590592728, 73.51175490530429, 66.3384301303649, 59.04682594504435, 19.436725500493566, 13.636489178515449, 12.296664765839962, 18.847931140506248, 25.897403202519634, 21.90523463635642, 14.652025070851607, 6.859603714563325, 8.007414692145272, 14.186024306415414, 53.424559000529584, 60.62186074611882, 66.55564121083891, 74.86825128807658, 81.20604072620996, 80.78550266598357, 74.47012126037632, 66.21300565174714, 60.0699465635879, 53.727074379605426, 25.718571315383222, 31.232356492909098, 38.80461637191969, 42.19714567853022, 50.89684022619187, 58.81180812515805, 65.38738297471953, 67.11000481107415, 65.03469684986803, 54.741816843630474, 46.05636579822773, 42.17524375044533, 67.92066353823327, 62.1952262159074, 63.27295615297713, 69.55621454891089, 73.52361563982696, 80.40377692546981, 89.01654110860872, 91.62474642497776, 90.15128676392207, 86.2320233519989, 82.25713844660137, 77.9686511592043, 68.48460439842009, 67.04495037678821, 72.17669208847823, 77.87489715146613, 85.68308601680427, 80.77821309621194, 77.09408082103458, 73.33704185940275, 53.33684819906836, 57.312936142042616, 68.54481859518211, 79.65117958136518, 89.32365515783657, 100.6539520285546, 114.53394851720338, 112.11024934667331, 131.62852177947292, 123.95564680683097, 130.35205257009366, 123.26866693992581, 117.09706822357148, 111.77468749689083, 102.7900702852092], [16.741947290908698, 9.221522038771589, 0.0, 11.244551188156244, 6.452387890363765, 9.964912033344252, 17.117700300767304, 58.39305490286982, 65.40765262554278, 72.82037391711155, 80.07834478989506, 88.10069391436735, 80.55044367263062, 73.38208949686158, 65.95614348471042, 28.495992491845676, 21.530739136510785, 16.295014488361222, 16.488450683285347, 19.488171745066953, 15.069281629838393, 11.600061448430953, 11.813758769363167, 17.10567457155029, 23.40693690731983, 61.9746346379441, 69.11424364003541, 74.85584976663088, 82.86225453433065, 88.88619490303643, 88.46439225548278, 82.4700025631688, 74.36199805042996, 68.28952209636998, 61.820547919241534, 34.30214467944891, 38.29816479075888, 44.13806132807297, 44.38450720485703, 53.41364744369569, 61.948834181274805, 69.74154486579559, 71.72701102073655, 70.27079241662472, 61.24767318994722, 53.47704091591757, 50.544425033450324, 67.0023715910009, 62.9867900316136, 65.16259967003333, 72.17467457591697, 76.78150098364193, 83.8120742004904, 92.06838116292799, 94.16386497309009, 92.31928169897039, 87.50269761426125, 82.74923356575368, 77.74408040924425, 68.11550114720033, 68.3959904383035, 74.38448230329679, 80.42018436087952, 88.50573865015816, 82.96828069280252, 78.59843481262823, 73.96257213062458, 47.492718338726384, 49.321763696487125, 60.70548449073822, 72.71276431586048, 83.05543339498061, 95.20828044601262, 110.13319684044046, 111.82964828589931, 132.14658566024664, 125.96959824098725, 132.30431363108525, 125.8162056820477, 120.71129384064143, 116.47904361751789, 109.19560575216991], [26.682069710070603, 20.207320913619753, 11.244551188156244, 0.0, 10.485815497821571, 17.782989988831158, 24.75497947233427, 65.5587971258449, 72.97969103537288, 80.69122383599928, 87.3539735356569, 94.4446170194721, 87.36466438283306, 80.31461718205225, 72.79581858537377, 39.45007978416504, 32.27654904249888, 25.842424981213554, 20.987859196894263, 16.673880511803663, 13.367760071923604, 17.671257470195325, 22.574303011781808, 28.160443809905523, 34.24342644025287, 71.12906469348918, 78.097464965944, 83.48347816262168, 90.95828945684397, 96.46604374715045, 96.04661376418663, 90.58009904857431, 82.7742334826543, 76.87130216538428, 70.29160496867992, 44.04554955844562, 46.76235888212426, 51.1916306646447, 48.04878153403694, 57.19259799450766, 66.19402665550471, 75.00397192269672, 76.74208408932614, 75.75968029400127, 68.6749024614506, 61.74048500324852, 59.65863583850414, 66.28535625987602, 64.5666664447069, 67.93187511263105, 75.47823528103427, 80.51625178794691, 87.26876049282184, 94.76219897947182, 96.38136922963139, 94.39231433511765, 88.81654713819768, 83.40450039944965, 77.652438536787, 67.9522180863743, 70.34163260990863, 77.08332430193794, 83.12463744080357, 91.09317091908378, 85.16088059604684, 80.23398065372383, 74.76828192624721, 41.79604510983353, 38.94320199756658, 50.04531442423804, 63.20626468282924, 74.60266586490836, 87.67533169638537, 103.67745361282242, 110.96295438873106, 130.865773723418, 126.38747899206231, 132.25881375544327, 126.44703624348904, 122.63424309794112, 119.75564727606184, 114.90691884880877], [18.615547717678787, 12.80009807531884, 6.452387890363765, 10.485815497821571, 0.0, 8.005799094167303, 16.039555560620247, 58.00938237235557, 65.51466074674002, 73.1446890580463, 80.07357612070678, 87.69856725185065, 80.09443296712965, 72.80769694576283, 65.39189928110613, 31.933602966171794, 26.270289005947458, 22.302239295253848, 22.715492761929422, 23.77734718091068, 19.447041349142957, 17.764445811296817, 17.07645245337374, 20.540148359301714, 26.118158339591137, 63.01767787014658, 70.32916522104433, 76.03497346976728, 84.03543088444462, 89.8579278154905, 89.08096145967879, 83.26677446877015, 75.09613814247348, 69.00005084206956, 62.35863924704426, 35.111402246177434, 36.95033783864974, 41.161369580722955, 39.4840837391893, 48.56279072385205, 57.33780312972427, 65.75931506792546, 68.00101640913893, 67.11851050326405, 58.97407962887896, 52.32102138249665, 51.00679661983043, 60.84232712212219, 57.33517194685424, 59.929316068687, 67.2257441872471, 72.14151132915896, 79.31386708968817, 87.48754189264272, 89.24901295166484, 87.14269155644352, 81.9404105074701, 76.92274177059343, 71.72398497063527, 62.08972140076681, 62.919897194754284, 69.23868871135438, 75.44604480290326, 83.75795238893382, 77.84371800723794, 73.16754130588438, 68.2178790483442, 50.93459100237098, 48.843864898655475, 57.334469080872445, 67.94468846593158, 77.52482117828457, 89.37157680194993, 104.1359488215839, 105.77257372462753, 127.12100478206331, 121.66509516977058, 128.77074403023533, 122.88023220401858, 118.62702088288462, 115.95185832785317, 110.53109423220542], [11.70984263107929, 8.990842616393806, 9.964912033344252, 17.782989988831158, 8.005799094167303, 0.0, 8.418252548593797, 50.45793634472838, 57.89508066507266, 65.45419358262531, 72.51422690263297, 80.4328133064687, 72.6268659386415, 65.283532016661, 57.92303280270207, 25.837556754828462, 22.058879082987918, 21.0776874601446, 25.249974160777317, 29.027743732472167, 24.85185576018109, 20.530285750116462, 15.35079614569759, 15.14912111270205, 19.539056305053883, 55.179352743347366, 62.5732444016045, 68.3553444380888, 76.52048493720905, 82.45822017103062, 81.55768076124035, 75.61328131564882, 67.33636362541617, 61.19278467267226, 54.54706650914816, 27.233326638416354, 29.17079495238671, 34.50173561549507, 34.96770708138938, 43.99479375841743, 52.39957109835653, 59.91738072634892, 61.76618798591049, 60.40207063867301, 51.63005067723479, 44.4712471601921, 43.049075731009616, 59.33645258966824, 54.33654307671449, 56.00710419195453, 62.69582415177052, 67.04790225490105, 74.00821926519868, 82.41194560513426, 84.6216904595396, 82.89763783662463, 78.50374427515045, 74.21436204130694, 69.63637072730299, 60.04406152117329, 59.40362531150089, 65.00283608149998, 70.85437158815579, 78.8754574584393, 73.52338562365713, 69.4534762011269, 65.27687151604258, 56.07452160881771, 55.055917311382444, 62.908647014580836, 72.35051384388191, 81.18598921348325, 92.11444148881202, 105.75770836162089, 103.70784745649728, 124.08235444327889, 117.39153215544522, 124.62619338952446, 118.32558633268197, 113.36529942230761, 110.22747499042417, 104.14842480750809], [8.304036240367454, 12.391450447433705, 17.117700300767304, 24.75497947233427, 16.039555560620247, 8.418252548593797, 0.0, 42.06690571364237, 49.5464658428915, 57.17026505946536, 64.13173966552871, 72.01961242667537, 64.22867284844762, 56.90938891524605, 49.529567272696276, 22.797731430943212, 21.812923117624102, 23.905015529105288, 30.0366635439899, 34.78971683168682, 31.12276549683096, 26.213024652880122, 19.053218926652104, 14.746550877061287, 16.317134522589253, 47.44835327379059, 54.76069884631935, 60.38823731330909, 68.41965735475517, 74.23819691773726, 73.25738182051279, 67.42624671743935, 59.224334368169885, 53.14274516754955, 46.44915394945403, 20.412936676650176, 22.577518665960046, 29.788315503151523, 32.149653257481965, 40.98431597231237, 48.87894049083277, 55.19165586319933, 55.86859091014727, 53.67602900883937, 45.10972878133236, 37.10943217895063, 35.35826975749828, 58.56452200779531, 52.56608266174041, 53.34924260290452, 59.17624158104944, 62.657710441414515, 68.86540377328988, 77.07421279167384, 79.88443745586811, 78.88136511652037, 75.54526079295175, 72.18231850637417, 68.22493312059615, 58.68714545569945, 56.87176861443907, 61.58684822288765, 66.65943841547565, 73.89786816434277, 69.46419582981049, 66.21577207828771, 62.93631197895198, 60.41894353396473, 59.60367288932377, 66.77537180474104, 75.24312091121347, 83.66940460940445, 93.71772886538918, 106.19588015424469, 101.68717857898474, 119.5650518915518, 111.60601841355108, 118.42370042905696, 111.63272451300968, 105.9958907889773, 102.40932747297359, 96.2425183798128], [42.90654641345352, 51.32400904134273, 58.39305490286982, 65.5587971258449, 58.00938237235557, 50.45793634472838, 42.06690571364237, 0.0, 8.70195940849709, 16.67358871740286, 22.274566110624335, 30.51621971479656, 22.253336960565488, 15.038427874646938, 7.8090103497703875, 42.859342764754345, 50.11785100270375, 57.703239487235514, 66.39691867396972, 72.75776324626548, 70.26573919543235, 64.5730476104628, 55.728242065306645, 47.377102862555006, 41.934331504467615, 17.989071782340215, 21.59315152803763, 24.30398782924722, 30.381246819117397, 34.86196668306715, 32.59842199446632, 27.917858527137447, 20.98364322829484, 16.750315899758697, 11.64101112138443, 29.025123105728575, 28.6072702426914, 36.54870387847241, 45.819464381944975, 48.658807691000916, 50.308966627604015, 47.15051935642406, 40.2004251223791, 32.28296232169553, 28.646909600031513, 19.168507480487907, 16.47336623619696, 70.70694706911328, 61.525189489914425, 57.724598164632745, 57.2512923806155, 54.80251192250567, 55.063056322015136, 60.76474157140855, 66.886671200968, 70.16190739864656, 73.30864009779596, 75.32027227084278, 75.25170991500995, 68.23635730819335, 61.006723863552395, 59.73781613496756, 59.31297608840475, 60.45317486945534, 62.42674960940385, 64.51030591206607, 66.71353685027816, 92.83025182936233, 92.85849822048702, 97.04500043908725, 101.08183353089511, 106.81292122641962, 112.3366076306381, 118.66141182928561, 101.19354088401695, 105.23349260201476, 89.92169422949489, 94.4008248288298, 84.85692316620349, 74.60395801834338, 67.92970865567216, 60.74170328875158], [49.463879692675235, 57.917578519437676, 65.40765262554278, 72.97969103537288, 65.51466074674002, 57.89508066507266, 49.5464658428915, 8.70195940849709, 0.0, 8.119866600974365, 14.79517000080192, 24.723946758321034, 16.488420108420243, 10.650858571320015, 7.258089383341187, 47.323496852968816, 55.09763777377003, 63.12906651537673, 72.14233644313771, 79.07982863554126, 76.7647294520102, 70.705206910227, 61.747552788632085, 53.28094161849602, 47.441940727566845, 14.731535915743812, 15.155405042066308, 16.2571474784125, 21.79371631216925, 26.482421046735947, 24.24012378647157, 19.22491291595044, 12.683547764033015, 9.914449076044214, 8.328437397983548, 34.673304800496766, 35.55048845419903, 43.619296249358854, 53.910519020232584, 56.188367931624185, 57.0380973173649, 52.55136095063978, 45.2143656939455, 36.857583637059804, 33.263142060422204, 24.359438721040227, 19.756042548977288, 78.60957626932633, 69.07720235416704, 64.78469641321107, 63.56075314167454, 60.38914164947804, 59.86644722123193, 65.05863080871922, 71.59293626138765, 75.41303757141344, 79.46577104585155, 82.12091625342858, 82.55435507660135, 75.95889368800266, 68.13103351502066, 66.1308228255083, 65.08041840656719, 65.2969394206014, 68.23127611391062, 71.00641539311934, 73.85334124459995, 98.38196021327482, 99.99591279654517, 105.04120347626605, 109.3515480828662, 115.18022534129116, 120.4770345589621, 126.29139700593784, 107.29165519850672, 109.06564629670108, 92.31635215640115, 95.75234308989091, 85.3887634075291, 73.52443300622537, 64.3917961472958, 54.15152320384982], [56.61850650267159, 65.05386048454243, 72.82037391711155, 80.69122383599928, 73.1446890580463, 65.45419358262531, 57.17026505946536, 16.67358871740286, 8.119866600974365, 0.0, 9.069506639624343, 20.701846933659862, 13.071721768235665, 10.727864327860138, 12.85050444140887, 53.07637483162697, 61.23757242557759, 69.58734089840853, 78.89482983572617, 86.25842507562848, 83.99769505883863, 77.62489689450338, 68.50997979199876, 59.96142863581645, 53.86649818118019, 16.196321052353245, 12.668877042848349, 10.743640040666895, 14.947214397883071, 19.715841248026827, 16.98121151891566, 11.42776878971031, 6.1456418462630875, 8.109700368590998, 12.107048740051722, 41.15591427498589, 42.25285828133876, 49.858734659617426, 60.8325423359394, 62.42126474371235, 62.424479801134794, 56.71250357798365, 49.16112821166928, 40.6823406568024, 37.38286944817685, 29.735167448273113, 25.209776119480036, 85.11765844966223, 75.20583662281722, 70.41411182770007, 68.43470900216798, 64.60127414637907, 63.4093652864454, 68.17761625310867, 74.99075967349393, 79.22380943825672, 84.1082949303391, 87.3907190610613, 88.36377962648139, 82.26662569875921, 73.80079386239575, 71.06982681437916, 69.45133047805228, 68.88200257764382, 72.63452956568018, 76.04590877835521, 79.53213889370856, 105.22413218318945, 107.73904826126736, 113.04746785002494, 117.227914056227, 122.83329706305548, 127.73767366755196, 132.91340258517494, 111.82888944819898, 112.0176865724893, 94.06969216678532, 97.02009953599423, 86.1759312553618, 73.13641988132717, 62.411229491316035, 49.78609575618348], [64.23753790024887, 72.68520485293145, 80.07834478989506, 87.3539735356569, 80.07357612070678, 72.51422690263297, 64.13173966552871, 22.274566110624335, 14.79517000080192, 9.069506639624343, 0.0, 11.838999883363208, 5.834150249313267, 9.73632904240238, 15.756148817697143, 61.67245414277341, 69.59051555253248, 77.68428811444683, 86.5834413930619, 93.36149401790738, 91.21797041045461, 85.33915238468421, 76.48184641285488, 68.02645664125133, 62.12129835002138, 25.240084928311216, 20.980868376183814, 16.884003868722875, 15.44254494715314, 16.16799889933884, 11.933722978059441, 11.312871335663331, 12.987155537556099, 17.037662787123857, 20.877578558058456, 49.30192724935557, 49.37407415481207, 55.842134311064676, 65.53802510192804, 66.44892465707741, 65.77349580618647, 59.227943448074925, 50.30938116256063, 41.602197442613765, 41.77021451643554, 36.18668213890355, 33.61680972057173, 87.62182463855174, 78.20338646585151, 73.26580482162252, 70.44656101109965, 65.75124099517178, 62.95529471799518, 66.27868421356104, 73.4770683691651, 78.6324688067919, 84.54840232300863, 88.63847942243812, 90.07435767815215, 84.5314980584231, 76.12680593591254, 72.67501557386987, 69.8901731795602, 67.70484725332666, 72.73424430747565, 76.96741900205309, 81.12576223337638, 111.39488495169276, 112.65696681095034, 116.75911885528285, 119.92075116099797, 124.99241942685654, 129.01404098114506, 132.9871916876768, 111.14786314041636, 107.41262234019023, 88.38056134064566, 90.33473734352066, 79.11858008252925, 65.40008454110433, 54.7700766120114, 44.63645879215059], [72.95282824026437, 81.32276590592728, 88.10069391436735, 94.4446170194721, 87.69856725185065, 80.4328133064687, 72.01961242667537, 30.51621971479656, 24.723946758321034, 20.701846933659862, 11.838999883363208, 0.0, 9.438413589714216, 16.710705487171932, 23.014733504979567, 71.87300927415824, 79.30127063148522, 86.91501597599542, 95.0993996710416, 100.94309451323073, 99.00476397731565, 93.92620111180902, 85.56801632990378, 77.34858476277623, 71.80061089256796, 36.86765511899813, 32.63828145656003, 27.897527275124496, 23.21831013473093, 19.423848229962, 15.530028797820114, 20.331807826071227, 24.62800782673593, 28.78296465265691, 31.981853792010906, 59.10117555578841, 58.292052251545414, 63.709602311194054, 71.42265026621716, 71.83126941762637, 70.71875169384536, 63.80127225082295, 53.40521029938516, 44.79791156521725, 49.06654556476906, 45.26369147600919, 44.19086084943517, 90.47062056771507, 82.09291110829177, 77.30241213237493, 73.774678401163, 68.30256894312745, 63.56328573759903, 64.76075693315437, 72.28819825428826, 78.58168371346761, 85.51383796958378, 90.39247967496159, 92.1727432094198, 87.20156558367337, 79.37500748745765, 75.36107045315023, 71.24142555955586, 67.05391156919033, 73.50469611850572, 78.53598755702527, 83.24861048882173, 117.50963076411271, 116.9758029377486, 119.52540949918271, 121.47561474220744, 126.01892938653499, 129.00588451916056, 131.5584610698665, 110.17337749170609, 100.71846326111076, 80.56079918054493, 80.61315133319563, 68.83512484949156, 54.28079983512001, 44.10327229490136, 39.732196659726476], [65.08224795872384, 73.51175490530429, 80.55044367263062, 87.36466438283306, 80.09443296712965, 72.6268659386415, 64.22867284844762, 22.253336960565488, 16.488420108420243, 13.071721768235665, 5.834150249313267, 9.438413589714216, 0.0, 7.641028264163797, 14.722817971622995, 63.74346830490613, 71.46529475252534, 79.32422170152768, 87.98499575207116, 94.25224043146348, 92.03136149240258, 86.50286482821475, 77.73031773614122, 69.32101581010517, 63.61807101035525, 28.71971018096501, 25.621247378210924, 22.32057733792666, 21.179686367813407, 20.88892986833471, 16.411566954861257, 17.05372334433408, 17.97187642159277, 20.938840119468203, 23.53814589199927, 50.53272115975921, 49.331318994769596, 54.76134796527586, 63.365940126924734, 63.85842485607075, 62.89062900482693, 56.1739213868273, 46.53114203495902, 37.792939831225056, 40.16328105389702, 35.940338951612034, 35.30849877865883, 83.98627856767366, 74.90911662027621, 69.98094079557504, 66.83040529526062, 61.82298554062677, 58.349586712501264, 61.10021446047629, 68.3916210455684, 73.86147950348285, 80.08104340031409, 84.45541348176809, 86.05376861334494, 80.78590246529174, 72.51186734074129, 68.80039389671037, 65.51872650324258, 62.73079501500865, 68.17526084833722, 72.68948588281305, 77.0892562520134, 112.40369609696084, 112.06425540949793, 114.83624388739186, 117.05265308683559, 121.5422493778741, 125.01160224412295, 128.3821458475384, 106.14961191221624, 101.60970708684947, 82.5849643970487, 84.9920725759994, 74.10913775963249, 61.04097833596123, 52.69339950716467, 46.735951679685506], [57.9138490397612, 66.3384301303649, 73.38208949686158, 80.31461718205225, 72.80769694576283, 65.283532016661, 56.90938891524605, 15.038427874646938, 10.650858571320015, 10.727864327860138, 9.73632904240238, 16.710705487171932, 7.641028264163797, 0.0, 7.547170296258262, 56.99215998841971, 64.68916847251624, 72.52287563276012, 81.2977297698107, 87.60742670311667, 85.2157161252683, 79.58126698125297, 70.67330977631175, 62.22855077551352, 56.57016406718125, 23.771846822945896, 22.664662729336385, 21.44596959093575, 23.596381590373998, 25.56333480694829, 21.65405750335636, 19.525005587217564, 16.61121194661395, 17.137249268871273, 17.845412969688486, 43.31532895106319, 41.72677000353203, 47.31495855723483, 56.15876704340107, 57.01823394369427, 56.54055464671978, 50.53898404321434, 41.48166137563763, 32.70874728393007, 33.64409070866558, 28.611150629083426, 28.439633261622234, 77.90431279628794, 68.60084479153117, 63.830449107428166, 61.279060310643345, 56.886545788611684, 54.52624834979843, 58.39620347911262, 65.3874353473387, 70.16273519007699, 75.54123349756965, 79.30579297439166, 80.52916683483797, 74.84308120513214, 66.61887000230735, 63.44988259357235, 60.956876575616405, 59.398059728044515, 63.8265398705116, 67.71235875793349, 71.60789953232049, 106.70494007608275, 106.12772175496498, 108.93826015487879, 111.3878576895529, 115.97334024959923, 119.90803658081195, 124.04645905359831, 102.44156233312356, 101.30062700945618, 83.49897499096171, 87.236710417169, 77.01140488422047, 65.20068908340392, 58.24005059678989, 52.39443281064875], [50.65031232934346, 59.04682594504435, 65.95614348471042, 72.79581858537377, 65.39189928110613, 57.92303280270207, 49.529567272696276, 7.8090103497703875, 7.258089383341187, 12.85050444140887, 15.756148817697143, 23.014733504979567, 14.722817971622995, 7.547170296258262, 0.0, 50.51144059251906, 57.86425696558215, 65.4542866204075, 74.01812513559096, 80.1463873149878, 77.74957675027386, 72.26787161280616, 63.51669938993825, 55.18487930823112, 49.72700335533628, 21.083772615175302, 22.154205707515427, 22.776055691497554, 26.838559403982508, 29.986233003933005, 27.014983614005672, 23.671767358536755, 18.547950831441977, 16.574773561014766, 14.403388084361023, 36.70599569432081, 35.469459270148874, 41.98247248923724, 50.61656806583719, 52.42787093042121, 53.01202944449779, 48.43252786078679, 40.03323353426842, 31.46437095984002, 30.913862757816158, 23.972574743510844, 23.030801553778822, 73.5577182818875, 64.48247644470837, 60.24448126127414, 58.681878126383886, 55.17615524602458, 53.90442142865523, 58.516512025077404, 65.14454999957599, 69.30598472253806, 73.62949714354346, 76.57227371718565, 77.13342466918618, 70.76699468197616, 63.16089037929697, 60.916862282208484, 59.301028833339785, 58.90780358565567, 62.229637087901565, 65.27904207651488, 68.35899109799976, 99.46329484880332, 98.83573935630046, 102.0851421504231, 105.17724159753833, 110.31662285328, 114.96240413686674, 120.0971563525728, 100.91144957890442, 101.82710904456226, 85.28130479701814, 89.22711801277383, 79.31344323863146, 68.36772088126033, 61.756131851366675, 55.877984067088796], [15.196656333266207, 19.436725500493566, 28.495992491845676, 39.45007978416504, 31.933602966171794, 25.837556754828462, 22.797731430943212, 42.859342764754345, 47.323496852968816, 53.07637483162697, 61.67245414277341, 71.87300927415824, 63.74346830490613, 56.99215998841971, 50.51144059251906, 0.0, 9.555662018397049, 19.02029050370653, 30.61724572055501, 41.18193376368819, 38.10166173200202, 28.804717141823577, 18.77922959464466, 11.48616214951996, 6.586791050634443, 38.93997104758633, 45.8277973820294, 52.18161937442187, 61.132930614254946, 68.33200591514859, 68.22551026379936, 61.06069507465241, 52.71156753085141, 46.64270513445174, 41.22319463824036, 15.729723897072892, 26.701597876852727, 37.84690857423609, 47.99654104937189, 55.036412350795715, 60.93397129557878, 64.2585431516828, 65.31940046552378, 61.74976040299306, 48.55967318067477, 37.60899167782205, 29.81731094139921, 77.44646239223995, 68.893380012371, 67.7517005643755, 72.18222639039585, 74.58226448259211, 80.85164399518942, 89.94088476397567, 93.60751941425922, 92.96761533521148, 91.0025358010253, 88.65591395496517, 85.86089010926425, 77.04388430674739, 72.42841191320956, 75.57130031302637, 80.33764680122816, 87.24434754764386, 83.88796872741754, 81.75353778555106, 79.86539848964588, 66.02772307713282, 74.69718534866192, 86.88660839465875, 97.32326825347562, 106.27584857984489, 116.44512008139216, 128.67456524277245, 119.2706604592835, 136.73949723258806, 126.00702264812165, 132.0245820518413, 123.56697836952924, 114.85918163602246, 106.33035368516528, 92.28931042866039], [13.653095994281882, 13.636489178515449, 21.530739136510785, 32.27654904249888, 26.270289005947458, 22.058879082987918, 21.812923117624102, 50.11785100270375, 55.09763777377003, 61.23757242557759, 69.59051555253248, 79.30127063148522, 71.46529475252534, 64.68916847251624, 57.86425696558215, 9.555662018397049, 0.0, 9.493443105444776, 21.16259578055358, 32.098408316126225, 29.115974561193305, 19.607684727703095, 10.59524131480949, 7.562851173905315, 9.689265651041364, 47.77188710697163, 54.486993229907235, 60.587489260763896, 69.126914760558, 76.05943148576596, 76.19498721678791, 69.3239370143261, 61.18888157590224, 55.198041998838384, 49.60581970991227, 23.263318926787683, 33.00348087001573, 43.08072924838474, 50.698617523404884, 58.569553220789885, 65.39795236664501, 70.10489745093608, 71.49687061835854, 68.38367699415157, 56.05024448513431, 45.60071806532143, 38.46513449263337, 78.71254070307441, 71.42995456989581, 71.29028737574673, 76.60743897897584, 79.7235315140544, 86.30950105482026, 95.23481895745807, 98.52010608604154, 97.53497385350202, 94.68061220559976, 91.53111703924316, 87.99826247188979, 78.81796083053295, 75.65158411772309, 79.72698498108346, 84.9718767179205, 92.2886184362635, 88.27856404351662, 85.43862789173733, 82.66268220892157, 57.330739686007355, 67.11319467588812, 80.94090716098177, 92.84890145303962, 102.79132412806405, 113.94811405928924, 127.36598648684536, 121.96554989632482, 140.09956995005763, 130.5285117551672, 136.13119327871686, 127.9287602198934, 119.85693634003795, 111.55980523113129, 98.21726011342014], [17.259394540764426, 12.296664765839962, 16.295014488361222, 25.842424981213554, 22.302239295253848, 21.0776874601446, 23.905015529105288, 57.703239487235514, 63.12906651537673, 69.58734089840853, 77.68428811444683, 86.91501597599542, 79.32422170152768, 72.52287563276012, 65.4542866204075, 19.02029050370653, 9.493443105444776, 0.0, 11.882540747834243, 23.188807283922912, 20.276947149256294, 10.569677443120492, 6.352706914900529, 12.171364459978097, 17.648958847119253, 56.736342236487125, 63.369974333108054, 69.2770165819027, 77.48887689073173, 84.16003039758792, 84.42853007050263, 77.8294695349608, 69.85066157441229, 63.912554644332474, 58.165213677219995, 31.4761920797853, 39.9459804678544, 48.830875263827494, 54.00022389074034, 62.429391401848996, 69.98555965631657, 75.89606573375549, 77.59808756488619, 74.95990584874072, 63.4756975339712, 53.59959020287115, 47.18299915876427, 80.0673968007718, 74.11722024683881, 74.92761038339646, 81.0068214366649, 84.7642010806756, 91.60745033537837, 100.33412221870307, 103.21635683857093, 101.8878362776116, 98.19259025363158, 94.29380057531614, 90.08328881827067, 80.66672098637957, 78.93025214661193, 83.83856133223438, 89.4913627422, 97.15866211184749, 92.53989290218941, 89.04763473902145, 85.44993809385335, 49.11186948247112, 59.701714647704, 75.0494442252149, 88.34613654582022, 99.18237916090806, 111.25879315519651, 125.79522458692936, 124.33497569115987, 143.18020043940186, 134.83279672300517, 140.14515864847408, 132.2947886733337, 124.9631491679087, 117.14728773620018, 104.78874373509332], [25.59952356873393, 18.847931140506248, 16.488450683285347, 20.987859196894263, 22.715492761929422, 25.249974160777317, 30.0366635439899, 66.39691867396972, 72.14233644313771, 78.89482983572617, 86.5834413930619, 95.0993996710416, 87.98499575207116, 81.2977297698107, 74.01812513559096, 30.61724572055501, 21.16259578055358, 11.882540747834243, 0.0, 12.04215236263223, 10.361106569886823, 5.883988601884355, 14.746730398765896, 22.58437292032544, 28.637828714317052, 67.02089830020951, 73.40813518255243, 78.9526006287749, 86.58886814099097, 92.8289954302001, 93.33558478040881, 87.18582500127734, 79.54227953513198, 73.76708035294101, 67.92241083277072, 41.90341743524781, 49.561526926359704, 57.62162044759742, 60.14999517554355, 69.05557618743079, 77.26314093231231, 84.19391597907126, 85.7185217170307, 83.3298563835982, 73.18022869397609, 63.62347582456189, 57.52254438168428, 83.4801750357983, 79.29120639471601, 81.12173583905607, 87.82108018906062, 92.03159432230687, 98.75931168201186, 106.95414305719352, 109.52337905321679, 108.08484944853595, 103.69215529665094, 99.14552613514732, 94.21938841323603, 84.57999118171841, 84.5644498674295, 90.22717159891859, 96.01001091169898, 103.67527465286263, 98.68973073089315, 94.67068366176441, 90.29609235185694, 37.87513946289015, 49.96518986772444, 67.82216451890764, 83.12644181951977, 95.35684885813501, 108.51753352516337, 124.27278745713356, 128.2455124981701, 146.5361474696219, 139.47282453132422, 143.89575928912797, 136.32386296099702, 129.7447233189279, 122.23482973431501, 111.10631121872203], [32.879630186994824, 25.897403202519634, 19.488171745066953, 16.673880511803663, 23.77734718091068, 29.027743732472167, 34.78971683168682, 72.75776324626548, 79.07982863554126, 86.25842507562848, 93.36149401790738, 100.94309451323073, 94.25224043146348, 87.60742670311667, 80.1463873149878, 41.18193376368819, 32.098408316126225, 23.188807283922912, 12.04215236263223, 0.0, 4.8692127868337245, 13.969000084297017, 24.172095387673558, 31.826415727157375, 38.120203750645686, 75.7125525807802, 82.04896815859594, 87.26666613927603, 94.39908986105256, 100.09920265417786, 100.56357611901731, 94.95346710730483, 87.54843493491018, 81.8791928163849, 75.79826484320944, 50.32476685022764, 56.53088389117917, 63.4201411092744, 62.989880216621785, 72.16960219034367, 80.9113175141202, 88.84209012208736, 90.09889106561135, 88.11533010595892, 79.74055653681272, 70.90103065328637, 65.82208429709307, 82.88583004207894, 80.6514917269961, 83.51659999383759, 90.72730093135561, 95.33301057417027, 101.80940880265274, 109.31067798307126, 111.4769483628368, 109.94538558435158, 104.88741608303731, 99.77065057671021, 94.17997105245657, 84.44457937521457, 86.2524806604225, 92.59999555095186, 98.38464323552742, 105.93639200632995, 100.60891691029028, 96.09999097633381, 90.99717555629094, 28.840238472635377, 38.32425634298849, 57.46035855244818, 74.1773857096522, 87.49829211575951, 101.45988710822407, 118.14233765670326, 127.48783090895817, 145.10388842274673, 139.61677605828115, 143.47824326501123, 136.52123250206947, 131.18245537122405, 125.00259295725084, 116.492269679562], [29.355046887080725, 21.90523463635642, 15.069281629838393, 13.367760071923604, 19.447041349142957, 24.85185576018109, 31.12276549683096, 70.26573919543235, 76.7647294520102, 83.99769505883863, 91.21797041045461, 99.00476397731565, 92.03136149240258, 85.2157161252683, 77.74957675027386, 38.10166173200202, 29.115974561193305, 20.276947149256294, 10.361106569886823, 4.8692127868337245, 0.0, 10.27905472099477, 20.33037072703186, 28.195035608398527, 34.691893786748594, 73.16631888157963, 79.75642909592088, 85.17796693746685, 92.62334800651314, 98.48176597798258, 98.72129791489944, 92.93784317271842, 85.29255095440372, 79.47909706880326, 73.29255004503321, 46.976390685289964, 52.69186231352566, 59.182069278626415, 58.85114997209839, 67.96420893074597, 76.67492185908048, 84.69110627098603, 86.33951244312657, 84.59533395958617, 75.8987802020751, 67.38876081200405, 62.842157764523144, 79.1737042808043, 76.58006336154943, 79.35733307577298, 86.61828597665713, 91.34417959848078, 98.10659772223015, 105.88267782105719, 107.94546712938211, 106.20465503468438, 101.0544146382532, 95.89522540116033, 90.38458656549115, 80.70138356279729, 82.22983453306037, 88.58747953593189, 94.56643946362541, 102.39975406785307, 96.875591051091, 92.2883013142305, 87.19272174084607, 33.650127473329, 40.88384555916643, 58.07377202996542, 73.75246311999065, 86.33489288614956, 99.98740596478822, 116.42260769126571, 123.99975542583975, 142.8861840427816, 137.3767853491755, 142.02550770641267, 135.25123036200017, 130.0284425069093, 124.38019783426641, 116.0478978411641], [22.380697352703848, 14.652025070851607, 11.600061448430953, 17.671257470195325, 17.764445811296817, 20.530285750116462, 26.213024652880122, 64.5730476104628, 70.705206910227, 77.62489689450338, 85.33915238468421, 93.92620111180902, 86.50286482821475, 79.58126698125297, 72.26787161280616, 28.804717141823577, 19.607684727703095, 10.569677443120492, 5.883988601884355, 13.969000084297017, 10.27905472099477, 0.0, 10.863432717104622, 19.417448786374383, 25.960678799040696, 65.64140704774334, 72.40028569873473, 78.17016372803332, 86.14593947301282, 92.48045190906555, 92.6384175549331, 86.3680156966881, 78.42936451219067, 72.4680139425258, 66.41653443110545, 39.19709670980856, 45.77805279094253, 53.00043954481754, 55.154998028860575, 63.989032957248966, 72.2384017905926, 79.48579102492612, 81.53545873191867, 79.58810284342592, 69.32534880182055, 60.42441815723642, 55.38363956516508, 78.39254724876481, 74.07277686677388, 75.96628178245128, 82.82664555919366, 87.28574737399484, 94.37032574918898, 102.80621508431591, 105.1381672421049, 103.38239097675255, 98.72855483135469, 94.01646340264726, 89.08514486052593, 79.53086753439273, 79.46453990814928, 85.26413861273038, 91.3190285548188, 99.35545713560802, 94.02410489807261, 89.80123476004968, 85.3034415467118, 41.98619230583518, 50.81128801989241, 66.57381503826961, 80.78361589861522, 92.22234760052132, 105.08602128279878, 120.65546957224615, 123.32450376774852, 143.2176649931154, 136.48662547967083, 141.88450339128087, 134.72343391579076, 128.60999525079026, 122.19095898106893, 111.9892140561045], [13.411189621182675, 6.859603714563325, 11.813758769363167, 22.574303011781808, 17.07645245337374, 15.35079614569759, 19.053218926652104, 55.728242065306645, 61.747552788632085, 68.50997979199876, 76.48184641285488, 85.56801632990378, 77.73031773614122, 70.67330977631175, 63.51669938993825, 18.77922959464466, 10.59524131480949, 6.352706914900529, 14.746730398765896, 24.172095387673558, 20.33037072703186, 10.863432717104622, 0.0, 8.879773855655277, 15.477337972939855, 55.93571228184491, 62.97551242022696, 69.03238055727994, 77.47569341357456, 84.09781431308194, 83.95764885194916, 77.37376991661756, 69.13307343591029, 63.017099680350114, 56.96363530671518, 28.9454171361292, 35.8058905721865, 43.69413095272564, 48.10531435839413, 56.56848679533364, 64.2804523121873, 70.65586292416295, 72.77940900002507, 70.63154686796895, 59.37278014903166, 50.30381499010605, 45.365462676121986, 73.92279325541112, 68.00372066396905, 68.97064518807872, 75.26129728436509, 79.29118072565598, 86.42333953253087, 95.28301622589721, 97.90176376833568, 96.2887303089375, 92.29878949388078, 88.21716868874306, 83.9455121060632, 74.5690902676406, 72.9439229299862, 78.0522431806857, 83.94054879087321, 91.93184878778668, 86.95701526832563, 83.23202653879878, 79.45985888936598, 51.74013538219162, 59.00359022006235, 72.24147067028454, 84.41458972487715, 94.51014228378632, 106.26151627494399, 120.58368718001714, 118.31811236958747, 138.4656986108504, 130.61689311558072, 136.82610576367827, 129.47943940360298, 122.8220382056685, 116.4152010959808, 105.64467610320226], [7.098702300150708, 8.007414692145272, 17.10567457155029, 28.160443809905523, 20.540148359301714, 15.14912111270205, 14.746550877061287, 47.377102862555006, 53.28094161849602, 59.96142863581645, 68.02645664125133, 77.34858476277623, 69.32101581010517, 62.22855077551352, 55.18487930823112, 11.48616214951996, 7.562851173905315, 12.171364459978097, 22.58437292032544, 31.826415727157375, 28.195035608398527, 19.417448786374383, 8.879773855655277, 0.0, 6.744322934932535, 47.26552996277439, 54.449760375520675, 60.606113726918416, 69.24615419252939, 75.96021442939906, 75.62220202450331, 68.92841406502019, 60.55496160811547, 54.374880004695406, 48.299092203267236, 20.093553410588306, 27.782044496161635, 36.97583090218791, 43.451435246988346, 51.54411733045103, 58.69504149184616, 64.03026039897068, 65.63500121144841, 63.00808895116502, 51.321362752402685, 41.72402824210655, 36.51798921024231, 71.17961960458739, 64.10611478110835, 64.22265999346617, 69.80292974245933, 73.19520115342016, 79.96138148709834, 88.89125060687093, 91.91496776471881, 90.71661803520354, 87.5533205092974, 84.21870576611889, 80.55663508802533, 71.32885067236064, 68.45341025371019, 72.79521824429868, 78.2081966184753, 85.77195254480435, 81.42010621401027, 78.33193451270313, 75.33417321303567, 58.46136768087915, 64.61587167224491, 76.22294454569555, 86.96248061342628, 96.23443174615456, 107.04290161110362, 120.21718625453035, 114.57914940665557, 133.5887357231429, 124.66006092266353, 131.0509242964242, 123.42585873766996, 116.23467182850764, 109.68308599969116, 98.68160346759676], [8.978024062026007, 14.186024306415414, 23.40693690731983, 34.24342644025287, 26.118158339591137, 19.539056305053883, 16.317134522589253, 41.934331504467615, 47.441940727566845, 53.86649818118019, 62.12129835002138, 71.80061089256796, 63.61807101035525, 56.57016406718125, 49.72700335533628, 6.586791050634443, 9.689265651041364, 17.648958847119253, 28.637828714317052, 38.120203750645686, 34.691893786748594, 25.960678799040696, 15.477337972939855, 6.744322934932535, 0.0, 40.73827027479162, 47.98121967077305, 54.260142301879796, 63.11003958372282, 69.9938544007949, 69.57402923447039, 62.69771121215267, 54.22801540830903, 48.01609407017801, 42.05536991067839, 14.02669879063673, 23.34011561299652, 33.895221284872136, 42.53874854633842, 50.05341285040429, 56.50940067948218, 60.712718028487714, 61.88482118280687, 58.75113290878955, 46.42258171344962, 36.145843481920096, 30.152169713140363, 71.5302568607027, 63.49194613346343, 62.813299005008204, 67.67826217208498, 70.45214733663732, 76.87937987201283, 85.88096913267229, 89.28004720198527, 88.44516529151045, 86.03909938979191, 83.36706835933121, 80.2677297156826, 71.27237261462346, 67.28180284360236, 70.87479060148934, 75.84704983337502, 82.99827470915434, 79.24611552658673, 76.75734291586159, 74.47631835123177, 63.923865145619885, 70.15224897054898, 81.08562044953867, 91.00552545617283, 99.74396369793499, 109.884157040239, 122.20536050169906, 113.85508952110341, 131.8918256210587, 121.95608723943705, 128.37935440404902, 120.42040773408851, 112.58925352041906, 105.52579586879799, 93.72283694720436], [45.262188888019566, 53.424559000529584, 61.9746346379441, 71.12906469348918, 63.01767787014658, 55.179352743347366, 47.44835327379059, 17.989071782340215, 14.731535915743812, 16.196321052353245, 25.240084928311216, 36.86765511899813, 28.71971018096501, 23.771846822945896, 21.083772615175302, 38.93997104758633, 47.77188710697163, 56.736342236487125, 67.02089830020951, 75.7125525807802, 73.16631888157963, 65.64140704774334, 55.93571228184491, 47.26552996277439, 40.73827027479162, 0.0, 7.975953943201341, 14.679607864720298, 24.58037252776715, 32.055420880463025, 30.845544593512024, 23.099630167462294, 14.287591725092826, 8.346219314555901, 6.74231987633344, 28.683144337124304, 32.389090287652444, 42.04551529572001, 55.460532024508105, 58.175094540402156, 59.33845193430415, 55.33761627874111, 50.9353398769257, 43.69906069074648, 33.99404385218135, 22.94621614121121, 13.093125318085251, 83.1857321859387, 72.483917964