{
	"dissimilarities": [[0.0, 7.641763903562183, 16.119505610789183, 27.90649710225728, 18.786545918525974, 13.385770849577472, 10.270869831275295, 40.86729084417998, 47.087337539676994, 54.344845377449595, 62.912351715099554, 72.23669797288491, 64.30883566988469, 55.90092349265867, 47.451966910841975, 13.645781707201754, 16.309753935050644, 20.947223691633813, 30.217715858492465, 38.024914360803045, 34.15581108547243, 25.703821965041737, 16.58118549797538, 9.817095088115881, 9.00540339764888, 45.92067821036128, 52.55491160896616, 59.930917534421035, 69.54287017840007, 77.1457833876192, 74.45078262400718, 67.0352744725853, 58.998294751335564, 51.4534124130068, 45.448867739924374, 16.96809839615512, 21.787020480925683, 31.271385097043048, 37.46928952695362, 46.245102613600274, 53.33875118072603, 56.17018079223362, 59.021359773166346, 54.890208094387305, 42.87827563362781, 33.84179493374263, 33.32018389163821, 65.91535449893739, 61.30157858466372, 59.86325764985149, 64.03993308761711, 64.90718780198804, 70.64494132528026, 80.63130285113935, 80.30569007782628, 79.73818805884005, 76.87301198089837, 73.73580471387929, 69.90935955176055, 65.59214270016346, 64.19986426814988, 66.6090822555427, 71.90369942478145, 77.95215476763592, 72.85464731309942, 67.574394742049, 65.22726395354583, 56.87883314509746, 63.078485130632814, 83.49745593108156, 91.75744240152639, 93.65614101801036, 101.07196942287942, 101.28087636811001, 103.69722418637906, 117.09996863060688, 123.90377702501421, 132.37000642155908, 129.47453929742136, 120.5865760528652, 111.46480791909106, 94.34150750568875], [7.641763903562183, 0.0, 9.616251170230218, 22.714352842712824, 14.85544233856256, 12.57116268885778, 13.741090837572864, 48.47587610969176, 54.50512176476986, 61.66739975312763, 70.33548516377283, 79.74980144672946, 71.90591237848918, 63.52465087245827, 55.07298752242259, 15.347141737204032, 12.909092169540274, 15.267885886284422, 24.159064375796195, 32.08217632255403, 27.851908415654986, 18.83124477941631, 9.701530325417794, 6.517604347536063, 10.954925988018358, 52.73076349779293, 59.27357008238597, 66.73405708850612, 76.34988761433524, 84.04685157786597, 81.57330911084489, 74.07112684628001, 66.04708544367271, 58.558056350979, 52.45743109853447, 23.31144591769515, 28.218401329095187, 36.254053033894984, 41.31016752689974, 50.03599775573506, 57.72043614500147, 61.42546316510384, 65.33428930494696, 61.62768648431639, 50.00336605595773, 41.38068642224014, 40.30284588096293, 68.2359174845818, 64.40427645469094, 63.942706053675685, 68.7027065722044, 70.23560745888608, 76.30936684010489, 86.72982741626416, 85.8018327311245, 84.67349755774443, 81.2116925685846, 77.34856121205488, 72.92737035492253, 68.34354565132918, 67.8795208224164, 71.09792202624851, 77.25460587540174, 83.84688180503485, 78.17429866104916, 72.04031569547672, 68.89037370435072, 51.77775834133737, 59.32172304361178, 81.61330895353792, 90.8489663998693, 93.31717785935317, 101.5008505283097, 102.87915225520499, 107.35432208933378, 122.54599100291586, 129.93611439508283, 138.49963869087094, 135.7058886424305, 127.14728162620709, 118.0880840038088, 100.86364806898762], [16.119505610789183, 9.616251170230218, 0.0, 13.497644871142747, 8.2016923548205, 11.490702679696922, 16.824970712928717, 56.148837888226616, 62.97959960824716, 70.28098550714707, 78.6472135814555, 87.30620299869022, 79.60730399174834, 71.25357625890217, 62.70086325192508, 24.521977266586276, 18.733748121276854, 16.09915264885084, 20.182992366249632, 25.32093121788284, 20.61246775260209, 13.526449673551074, 10.403192274272786, 14.810706318597536, 20.449475062826284, 61.8709993463817, 68.26610787678085, 75.48372009500332, 84.6250458060341, 91.83871019090476, 89.50516867322973, 82.48518995786873, 74.79038540872426, 67.43672219988372, 61.49260941784372, 32.64999276138207, 35.97505082204192, 42.0131487871417, 44.24485392156014, 52.64382512355145, 61.54896031641511, 66.24919076630998, 70.06828932074032, 67.1065135127547, 56.67989165802822, 49.053389026876346, 49.42548999267134, 67.08679395735066, 64.75658516797162, 65.96359493671976, 71.43402263091657, 73.6996297771494, 79.888168855145, 90.4047870455608, 88.74834277670547, 87.05340413636506, 82.93107927318304, 78.11765068198115, 72.79354303063101, 67.89435878059382, 69.08578813415885, 73.495330222283, 80.42706763598248, 87.35538224811185, 81.26158484857687, 74.34819144759197, 70.0168838109117, 45.46428167454022, 51.29285343683579, 74.14747042632922, 84.12371614298048, 87.25403909723941, 96.3008107207138, 99.42276404486593, 107.5464820935486, 124.13068890788325, 132.1908907660721, 140.87675752526278, 138.4727382836557, 130.89657055703051, 123.14435080148105, 107.8914998357456], [27.90649710225728, 22.714352842712824, 13.497644871142747, 0.0, 10.91502421808697, 17.86946439689556, 24.233533516220806, 64.83602427518224, 72.80929463992044, 80.24491568420676, 87.961404930018, 95.2084157898223, 87.9179597179691, 79.79157521545145, 71.19512615866574, 37.661869960064145, 30.789709619167805, 25.49162610419389, 22.678611058404545, 20.70684307436481, 16.63878222384033, 17.502865732351204, 21.86695143160045, 28.023042812490033, 33.607241550502415, 72.94350860346833, 78.99051575708152, 85.66479618917568, 93.86564705678798, 100.13700982652189, 98.01612298756945, 91.93539142202867, 84.9230507011798, 77.91652762523941, 72.36065931957451, 44.818271021256656, 46.61225080347901, 50.943549503410324, 49.75080487346518, 57.380502346290214, 67.60627386682326, 73.05319908121717, 75.54004569050258, 73.4451245451165, 64.76768189793802, 58.28844862080038, 60.7108828038149, 65.73386164763733, 65.66908017432102, 69.02157899408058, 75.08691512712076, 77.93176015923221, 83.84411919788762, 93.84080009978592, 91.5668279368388, 89.4823773029287, 84.82984396508043, 79.04303548304726, 72.65262425230382, 67.49861741761711, 70.9570644146838, 76.6787369773243, 83.98032160406171, 90.77819239931169, 84.67711501822167, 77.37287750097778, 71.73225649214227, 38.677171720865466, 38.960255205583515, 61.664342179675884, 72.64515189651188, 77.08370795505152, 87.33929733992784, 93.27304172274934, 106.90457427683256, 123.75554653355697, 132.1384416876992, 140.5004323875758, 138.5299110664698, 132.38804485577413, 126.65994042334901, 114.86349216137138], [18.786545918525974, 14.85544233856256, 8.2016923548205, 10.91502421808697, 0.0, 7.504707483588882, 14.727999171534401, 55.734382921382455, 63.57815622086531, 71.10076838520415, 79.00868668124338, 86.7583383877925, 78.95977246488636, 70.55308183791846, 62.06984574926664, 30.11953397724375, 26.15637548031159, 23.98807464364104, 26.434336126401853, 28.748432557095473, 24.259290527291395, 20.118080886922666, 18.50139449419811, 21.172760677136083, 25.47787639438038, 63.92833790791318, 70.43248099614134, 77.3761488311334, 86.16760197466822, 92.79456777727964, 90.18742171353038, 83.73793013441615, 76.24417823916275, 68.8587236965724, 63.16044919746911, 35.16490969641303, 35.88650284432544, 40.10540862189761, 39.85404534386356, 47.8906970238811, 57.640263784776394, 62.756142368303976, 65.84168027391523, 63.53418045496161, 54.46817997231005, 48.27146566007696, 51.12696936482264, 59.8412279296849, 58.239174446611486, 60.328962590101156, 66.0827121592379, 68.64957934003323, 74.74358584319182, 85.14859493776227, 83.07223672968823, 81.15304095191516, 76.7990783018694, 71.61877453098155, 65.91555814391793, 60.92606175617073, 62.94457935892651, 67.92528468857567, 75.05253477849092, 82.02495868998221, 75.82037970703837, 68.7038738271336, 63.81165984706153, 47.82342318002989, 48.47627057409533, 68.03055627804865, 76.93947278317384, 79.40378819085369, 88.20281072683262, 91.2705475772721, 100.53925768219969, 117.49896656065263, 126.18055273374621, 135.5318689858496, 133.79831708422958, 127.18774309486948, 121.39492197433206, 108.72121786025697], [13.385770849577472, 12.57116268885778, 11.490702679696922, 17.86946439689556, 7.504707483588882, 0.0, 7.495054265019369, 48.3476943718703, 56.28708079988935, 63.84762121661134, 71.69617029603145, 79.47343467029475, 71.5541253705876, 63.100908965164706, 54.65093703405896, 26.34864705001208, 25.056145964303813, 25.27328323917898, 30.13374260933794, 34.018841636366986, 29.804306963552715, 24.341577992571146, 19.713702744269305, 18.963257718648318, 21.479730691617576, 57.056790125123804, 63.64039626651173, 70.53870218640105, 79.39471194640643, 86.02191578931046, 83.20743801735928, 76.7554811429483, 69.20470001831416, 61.765357972286786, 56.1433735862796, 28.886910437173306, 29.01282002146984, 34.03295979706156, 34.858133168946296, 43.227499597850084, 52.50538137723581, 56.90873944186289, 59.3364627158351, 56.633262008242625, 47.16388095853231, 40.790925833271274, 44.17986453391416, 57.53225187442636, 54.85743885462487, 55.82569094137625, 61.08165862108862, 63.061019123882936, 68.9711908554385, 79.16911906469765, 77.6337792892754, 76.21100927504074, 72.39565467775864, 67.93127264147019, 62.853259993942714, 58.08803836193111, 58.97693559222949, 63.147166748295, 69.58168707132135, 76.18669940776252, 70.397733933504, 63.97291296607427, 59.889961319883334, 52.78700648543577, 53.447389869971175, 71.44078684465421, 79.3254683700542, 81.08120813706212, 89.00332748750355, 90.5752003778681, 97.22272555099904, 112.70532195203069, 120.90662426066208, 130.27866561317535, 128.42304713969426, 121.36889330638044, 115.32682237995397, 102.3827372735235], [10.270869831275295, 13.741090837572864, 16.824970712928717, 24.233533516220806, 14.727999171534401, 7.495054265019369, 0.0, 41.024429151495795, 49.08979495516029, 56.64835854423954, 64.36816438248962, 72.05865074238577, 64.24742424442297, 55.88256945698822, 47.36474320344932, 23.84351376060976, 24.9269538297996, 27.000983596185197, 33.21582699260962, 38.13419614630318, 34.38663875812615, 28.41398781396784, 22.256892567492752, 18.832092666712693, 19.273239360237422, 50.23274489315325, 56.649679409936226, 63.35801916374407, 72.04402607275209, 78.57622497072012, 75.73357909317633, 69.38777044273645, 61.986631559269526, 54.68604019211152, 49.244675323366536, 23.697080750486148, 24.14235498292455, 31.08947322521096, 33.57863908716357, 42.09772486562263, 50.60604183951993, 53.88935758141255, 54.88014978495054, 51.49288419782233, 41.31569081899371, 34.06334578008768, 37.66778145430457, 58.26772078565643, 54.687213914784756, 54.442599516690024, 58.97054553129241, 60.06368901369894, 65.5271978468562, 75.09723813957483, 74.44227136140535, 73.79631325422615, 70.74974441767452, 67.17799840456493, 62.79434522051648, 58.332546400087615, 58.11492240360142, 61.275337533265784, 66.58201639641271, 72.41720241228285, 67.44348188856861, 62.134813224903205, 59.051471343194194, 56.10729462977651, 57.328869773012016, 74.69181316027021, 82.10487440064318, 83.79520187515357, 91.11735265112651, 91.81798416315564, 96.45326485661685, 109.38933577678745, 116.5134594105207, 125.25332761593684, 122.94332420314997, 115.22551445803792, 108.438820789438, 95.05362347551578], [40.86729084417998, 48.47587610969176, 56.148837888226616, 64.83602427518224, 55.734382921382455, 48.3476943718703, 41.024429151495795, 0.0, 10.780888838742149, 17.745640242518753, 23.775456227606, 31.77765195120952, 23.475614123530722, 15.297957355250372, 6.66124886954376, 42.89998832648019, 51.808175811902856, 58.446426186451895, 67.28167095957913, 74.4256346791489, 71.80156955035335, 64.87216812898285, 56.32687259941379, 48.25395532621358, 42.6821485652531, 19.792974113533464, 23.857993488362826, 27.89123103988397, 35.58973229370213, 41.562931432727815, 37.123417851781454, 31.272296840487577, 24.613311555158177, 18.72631827599459, 17.161334159856246, 29.93090141549718, 28.77337977131004, 36.93242747614571, 45.340489469071464, 50.22755413470663, 51.06565468696632, 46.82439737157327, 39.68024229729004, 32.300086945087536, 20.85687235047012, 12.228423034264269, 17.53420932765287, 71.8242268501429, 64.20399146351261, 57.497831737545454, 56.75501099879113, 52.53816304654445, 54.251021968642675, 58.69189227753787, 63.480775681102855, 67.27666052570602, 69.03261938462435, 71.03597491598084, 71.34148178392894, 69.35268773870618, 63.12869717618388, 59.87922132242068, 57.76843998864849, 58.222911585097975, 58.76823831094266, 60.77239540241267, 64.0074028823272, 89.20631900604343, 91.50897912591547, 103.82954422520201, 107.65076864803726, 107.3755357982756, 110.74671207144532, 105.54597623075004, 96.68986726080398, 96.34343032350365, 97.77512942453605, 104.14605513746109, 99.9735203539044, 88.3242420601459, 77.60535541091973, 60.793783610757515], [47.087337539676994, 54.50512176476986, 62.97959960824716, 72.80929463992044, 63.57815622086531, 56.28708079988935, 49.08979495516029, 10.780888838742149, 0.0, 7.655044791881103, 16.100495973822234, 27.8680520305746, 19.762894170852, 13.110149773828061, 9.792962065100072, 46.172645107749304, 55.903687373962136, 63.306039457832526, 72.91636163753, 81.08455584865158, 78.50162654157931, 70.85472759786734, 61.72641338795135, 53.14155624873185, 47.00430070727663, 11.520586449313285, 14.583844217627941, 18.776261283553442, 28.219574002958925, 35.809397522873084, 31.02726120285709, 23.22998005953544, 14.902128035564987, 8.242736744518652, 8.716607086658085, 33.44620804253983, 33.9561511321764, 42.31599003204183, 52.561901817891, 57.126061531037585, 56.29058840674964, 51.110938356307074, 45.434090251323454, 37.79002611733421, 26.533781374589978, 18.9215742327791, 16.76385321660572, 80.61427794064868, 72.26976866786778, 64.5791390705495, 63.20058353200462, 58.57908005694963, 60.06393798559421, 64.09924423769118, 69.47789296270096, 73.57391942572012, 75.82490665689508, 78.5245138751761, 79.52619561711931, 77.81020381760372, 70.5985249753428, 66.44576845927384, 63.78477570429211, 63.88843432724592, 64.82056387277443, 67.38422047726156, 71.50914466685506, 95.9089334836887, 100.55440502938322, 114.28006530052278, 118.39871776279986, 118.07625835052367, 121.27391533372494, 115.33177025843736, 103.82840714274283, 102.70945009456631, 103.27958834883539, 109.08004579192401, 104.29438824399074, 91.32863345107933, 77.97699831265957, 56.56453487249892], [54.344845377449595, 61.66739975312763, 70.28098550714707, 80.24491568420676, 71.10076838520415, 63.84762121661134, 56.64835854423954, 17.745640242518753, 7.655044791881103, 0.0, 9.721335153219746, 23.312972817825976, 16.410006648988837, 13.138453738464277, 14.570817498337593, 52.53025746727862, 62.31230698583774, 69.84650342200467, 79.50828446558899, 87.88039058206644, 85.43266459306139, 77.7336884696389, 68.58125597044527, 59.96469444377574, 53.74909468894677, 13.067653461300885, 12.147372724273428, 13.537703758090071, 22.56084017062993, 30.388570328271136, 25.230048341793342, 16.877418612382467, 8.547973090920093, 5.765434228198778, 11.33035673686994, 40.233937219263964, 41.08634338210568, 48.9638855016176, 59.34124292916618, 63.42120351389641, 61.666724682939815, 55.74817495372327, 49.59108446710505, 41.978400166463146, 32.18862441590283, 26.213770390496215, 22.912365359412505, 86.91897690609771, 78.3378470722095, 70.15303911586022, 68.16591286872014, 63.03573447972359, 63.87967128034839, 66.81791308185777, 72.94104200622489, 77.57392408148692, 80.44504701012077, 83.80166321523677, 85.33870554564467, 83.91973629286852, 76.21789538945139, 71.39453030602527, 67.81067459955656, 67.03299314334306, 68.82515906713635, 72.30789491851165, 77.09904784707471, 102.2655606315803, 107.49933416737166, 121.18277300481671, 125.14783621617936, 124.79146892482832, 127.65174836377689, 121.20857829739047, 108.09672112096337, 104.87048539302074, 104.20408313711279, 109.14681794847534, 103.84078181538786, 89.98805638731677, 75.13312094891994, 51.71774547993578], [62.912351715099554, 70.33548516377283, 78.6472135814555, 87.961404930018, 79.00868668124338, 71.69617029603145, 64.36816438248962, 23.775456227606, 16.100495973822234, 9.721335153219746, 0.0, 14.276088288058004, 9.767383306400438, 12.794001448652018, 18.541316518272023, 61.816662358984814, 71.29293222473325, 78.55544852868273, 87.76669928660209, 95.6665478673074, 93.40881377816297, 86.17144724289405, 77.34826399957126, 68.937645435421, 62.88080369070392, 22.390673426137297, 19.009375230282714, 15.497394567319695, 18.807422628118427, 23.985701962293557, 17.841276339530502, 12.520244266795597, 10.907394585405719, 14.81006335224735, 20.984265293410107, 49.489531490216535, 49.58717614837934, 56.503490992815316, 65.78019263996443, 69.09618572753946, 66.81946443049277, 60.119964062657466, 51.588059863241966, 44.24235661364934, 37.17960519460385, 33.457828075349866, 32.425068493270295, 90.96392009032036, 82.5069311031678, 74.10212612391999, 71.34156347373447, 65.4518636985678, 65.08324925006242, 65.93154253354008, 73.17944773941171, 78.73479139213731, 82.53095594097519, 86.71180014526956, 88.81608429229736, 87.82528188162948, 79.91880352963919, 74.42509864118705, 69.29567594464349, 66.86703551069206, 70.22918276934112, 75.24163932981703, 80.70491834684395, 109.24481038995924, 113.35129052940538, 125.38956811847184, 128.59415908464777, 128.08528290496952, 130.2685330326534, 123.30653697154123, 109.02697903225152, 101.79681793692099, 99.21320277468247, 102.9093269382639, 97.12316819785076, 82.61117505340418, 67.32146920020494, 44.99950224472106], [72.23669797288491, 79.74980144672946, 87.30620299869022, 95.2084157898223, 86.7583383877925, 79.47343467029475, 72.05865074238577, 31.77765195120952, 27.8680520305746, 23.312972817825976, 14.276088288058004, 0.0, 10.12532714197191, 18.84230938284193, 25.702436818510265, 72.91517047158806, 81.65153931145421, 88.23174634760649, 96.45286900037222, 103.24502892468915, 101.29055798079524, 95.04545260446814, 86.97775052967845, 79.09757917907085, 73.47974671000925, 35.87945337977896, 32.018959273233115, 26.659748555899263, 22.934665668286115, 21.041283043831953, 15.095723066320208, 19.113213668159595, 23.676633890354957, 28.508112821419992, 34.34334626727167, 60.602244321625655, 59.66585094096389, 65.57148693641824, 72.71923210922941, 75.2145118935623, 73.13430091554704, 66.02219298881133, 53.7999711022614, 47.229879461786034, 43.84811085545421, 42.33529924597308, 44.61053154885928, 93.55103592122596, 85.82511188046297, 77.80511769749441, 74.37346267327456, 67.7505174642722, 65.73934416168112, 63.50825441174552, 72.07824608757282, 78.79136007299152, 83.61749985526845, 88.5256323793764, 90.9987090153782, 90.46562163702617, 82.96820084240932, 77.13280949760222, 70.17083794856909, 65.44032182239238, 70.94430933753927, 77.77364934158244, 83.59118997966685, 115.47136401080307, 117.0604512865615, 126.12842171430347, 128.1793766377072, 127.66420802839914, 129.01123743292763, 121.95349126730636, 107.84659681913394, 94.51576290583634, 88.9612609768906, 90.4503839347397, 83.97467203433611, 68.90883175882762, 54.227222280485165, 37.99896208388333], [64.30883566988469, 71.90591237848918, 79.60730399174834, 87.9179597179691, 78.95977246488636, 71.5541253705876, 64.24742424442297, 23.475614123530722, 19.762894170852, 16.410006648988837, 9.767383306400438, 10.12532714197191, 0.0, 9.053284421162742, 16.981728711972906, 65.2228321712709, 74.45880515133058, 81.29994982400815, 90.02733980316019, 97.0726805954793, 94.74705679370395, 88.05574017021641, 79.56341783088257, 71.37987496087727, 65.56874044378856, 29.219453046305723, 27.43000323022467, 24.63987265533497, 25.914177352879467, 27.853326821794504, 21.54384399334634, 20.443235266592858, 20.206333887847638, 22.113142838034626, 27.083260853733506, 52.163179115543024, 50.29764325435796, 55.688278744491065, 63.140449904588465, 65.66480169083285, 63.433207779010075, 56.43508659055752, 45.35285151794693, 38.39957810990466, 34.04203090507994, 32.98540012546184, 36.231574569448476, 85.35668367352275, 77.20723558286441, 68.9278132444978, 65.71642394539728, 59.370170823806504, 58.12582332159494, 57.651376860021415, 65.44253975922301, 71.53962796268357, 75.84854289372333, 80.44745561011229, 82.83538318890946, 82.16942664117829, 74.36942044949791, 68.61763167339241, 62.46766432564727, 58.970955766154695, 63.3236026958059, 69.33359532849722, 75.05856134277735, 110.55898635049891, 111.99342531023834, 121.31515047075652, 123.2809903370404, 122.10400579984042, 123.5272949351765, 115.94465836510481, 101.33310053290352, 92.22423913512809, 89.47241578597902, 93.78458126422893, 88.67760869383824, 75.02241666986895, 62.88853822898361, 46.850953664074055], [55.90092349265867, 63.52465087245827, 71.25357625890217, 79.79157521545145, 70.55308183791846, 63.100908965164706, 55.88256945698822, 15.297957355250372, 13.110149773828061, 13.138453738464277, 12.794001448652018, 18.84230938284193, 9.053284421162742, 0.0, 8.71946842886887, 57.20650817265981, 66.62657896235179, 73.53538787507783, 82.50589361024556, 89.64859926806238, 87.07822359417673, 80.14713834326909, 71.45393842275996, 63.15659480319738, 57.3048827081728, 24.090912151037134, 24.781574270493547, 24.93952297162301, 29.838151287512623, 33.96094640222803, 28.06338681204193, 24.18339460264638, 20.102963707294304, 18.250767840656184, 21.38684488085809, 43.73204939167708, 41.29699484435182, 46.76455314549878, 54.541361154808904, 57.50246591720432, 55.76481731447283, 49.316098633673334, 39.520804091648806, 32.12384180600399, 25.654745764189013, 23.966786678866526, 28.40818503554301, 78.31702909574405, 70.03024529660588, 61.8896102647623, 59.27346266053473, 53.47375455002132, 53.2638144284518, 54.804707703182295, 61.540326335688476, 66.84001787456639, 70.3541779854512, 74.27091295891114, 76.20233973115137, 75.20783075699377, 67.53711830252976, 62.31041742077138, 57.40352492226522, 55.405321938229086, 58.33778036256012, 63.105191946090244, 68.30057027869863, 103.98033637583933, 105.39712812152554, 115.30640029784954, 117.54775687727117, 116.19701565892174, 118.02361227690605, 110.64424044297168, 96.97480917023894, 91.79748145139928, 91.28415723719327, 97.31565525762139, 93.02536810624842, 80.4451700997836, 69.69879402110259, 53.67558520817574], [47.451966910841975, 55.07298752242259, 62.70086325192508, 71.19512615866574, 62.06984574926664, 54.65093703405896, 47.36474320344932, 6.66124886954376, 9.792962065100072, 14.570817498337593, 18.541316518272023, 25.702436818510265, 16.981728711972906, 8.71946842886887, 0.0, 49.29968829016529, 58.381651453088246, 65.08412543815639, 73.89563354346089, 80.94540473523581, 78.36878020217885, 71.52318081530558, 62.97777565990617, 54.85084872068013, 49.188751927123285, 21.057036315113006, 23.59972284431351, 25.959599183808848, 32.50426732315845, 37.668539267311516, 32.6302427417126, 27.613165697925673, 21.92608182903687, 17.539250418403945, 18.228829375040924, 36.0835715311231, 34.18443600931901, 40.99921548523924, 48.97771800709181, 52.968099783003, 52.71268467079484, 47.44300285324332, 38.72627419644036, 31.194715952736388, 21.856424249669413, 16.827094081187074, 22.151288298039123, 74.06925336147755, 66.17935061370049, 58.8439457826345, 57.25125974962525, 52.26954310208583, 53.09262955847089, 56.22266281936249, 61.91553937715712, 66.43060047379986, 68.9894435689991, 71.84909854466753, 72.86249989215378, 71.31735751085066, 64.47406935877842, 60.3433974088143, 56.920276036300805, 56.23308982395668, 57.89236322841383, 61.18970661396776, 65.29755428145619, 95.42874186137053, 97.13173658328056, 108.18655113249866, 111.24938358772421, 110.51107532968834, 113.17941984394987, 107.04906564336328, 96.21764930855582, 93.57165925296123, 94.10752343896594, 100.27795784980489, 96.03549784742381, 84.00633361534224, 73.35978019879576, 57.136415400573135], [13.645781707201754, 15.347141737204032, 24.521977266586276, 37.661869960064145, 30.11953397724375, 26.34864705001208, 23.84351376060976, 42.89998832648019, 46.172645107749304, 52.53025746727862, 61.816662358984814, 72.91517047158806, 65.2228321712709, 57.20650817265981, 49.29968829016529, 0.0, 11.45146797664395, 20.08635374564505, 31.91342036239107, 42.462253873784256, 39.019525572373055, 28.980406095092142, 18.548182330551988, 9.87358708072669, 5.007943432253803, 41.70274188912394, 48.11442896991261, 56.04494119224109, 66.51003584677143, 75.32220395277581, 72.96878592166662, 64.37386913602445, 55.86291425488303, 48.46192852275285, 42.091133658432035, 14.815736095176439, 25.315982691007694, 36.561988321774216, 46.23052661750045, 54.7647333956903, 59.90913214631669, 61.821827085689286, 66.12751572291485, 61.147802738508894, 47.56966890000882, 36.93933279917592, 30.566674077178693, 77.5088234062377, 71.85817427512956, 69.06264651353193, 72.60746938923232, 72.98916674222149, 78.74053325115877, 88.76515020283207, 89.05441833509475, 88.79414781481081, 86.35545264454268, 83.90522023336696, 80.81236132987962, 76.7487531199372, 74.05545662144966, 75.43960503764015, 80.30855879563815, 86.23054792218934, 81.34410034883146, 76.49761725835243, 75.15432978937866, 60.80497641932484, 72.48955140102952, 95.83044602724311, 104.95657790938455, 107.20340398643202, 114.67349135467458, 114.3744432099787, 114.24030114567614, 127.29956702051331, 133.3265904871921, 141.11370606192256, 137.3653183864936, 126.97154326896623, 114.81734477167409, 93.01444619867287], [16.309753935050644, 12.909092169540274, 18.733748121276854, 30.789709619167805, 26.15637548031159, 25.056145964303813, 24.9269538297996, 51.808175811902856, 55.903687373962136, 62.31230698583774, 71.29293222473325, 81.65153931145421, 74.45880515133058, 66.62657896235179, 58.381651453088246, 11.45146797664395, 0.0, 8.808924176966505, 20.762631265476614, 31.837354321049766, 28.64516140837962, 18.582645638803484, 9.489800733336242, 7.476670993429428, 11.602425002164244, 51.67644120664879, 57.43542221488187, 64.92857852218292, 74.56459265682852, 82.90226813447326, 81.13371732987986, 73.05524759078834, 65.20448707529604, 58.29554113621025, 52.19216722651204, 25.497708082019876, 34.79529052088565, 44.96875350796046, 52.4320709300502, 61.16100392675564, 67.70757351634603, 70.5751085977866, 74.5339324517153, 69.97037569360408, 56.99198114978194, 46.48984669715602, 41.1640121642413, 80.94594986245912, 76.66132003592399, 75.39143377880914, 79.67302990258244, 80.65061949918355, 86.51961065263592, 96.55298465417957, 96.39304680656748, 95.75673217083151, 92.74266941896242, 89.380696351663, 85.33911073019237, 80.8716311754205, 79.7431587235461, 82.26954791153938, 87.81408717279271, 93.93087410851197, 88.78990239051355, 83.26477301653262, 80.79006487171524, 50.116876314177624, 64.1195054132794, 90.2636435733336, 101.06338117287753, 104.82379701455193, 113.5521507167008, 115.60077461411721, 119.54526943128415, 133.21231244424328, 139.2241687361457, 146.22691079067147, 142.2506554682393, 132.29030236811752, 120.14937696520295, 99.21223679034249], [20.947223691633813, 15.267885886284422, 16.09915264885084, 25.49162610419389, 23.98807464364104, 25.27328323917898, 27.000983596185197, 58.446426186451895, 63.306039457832526, 69.84650342200467, 78.55544852868273, 88.23174634760649, 81.29994982400815, 73.53538787507783, 65.08412543815639, 20.08635374564505, 8.808924176966505, 0.0, 12.058803930145395, 23.28884365499741, 20.233515873077376, 10.474008704329448, 6.585110821037562, 13.12093593890855, 19.198728987906335, 59.63081190276577, 65.11015578379985, 72.29177115154438, 81.33357840293874, 89.19460228826397, 87.71384189458908, 80.11600953489027, 72.69558980985559, 66.01924216496195, 60.09148664868276, 33.41265392191187, 41.62380172654898, 50.864473309031965, 56.532799444471706, 65.23494693106466, 72.78516291185134, 76.33508041755026, 79.94608606019362, 75.78982641607655, 63.45529623048195, 53.329848228890135, 49.18434181446243, 82.39936037375348, 79.23499625540384, 79.1611823993995, 83.96094165376437, 85.38999878673155, 91.3052918576806, 101.3078571796032, 100.74994544644692, 99.80820881599507, 96.36431808929883, 92.32225575644043, 87.58217986575286, 82.85652557179377, 82.96062190138036, 86.34658178269665, 92.36512993595755, 98.61349840947499, 93.28475763219431, 87.28110879998158, 83.95326006740495, 41.81818523503356, 56.9116506220603, 84.8035482597703, 96.72549979247589, 101.55188232615178, 111.16421990171447, 114.98615854220336, 122.11857957200505, 136.2916330476708, 142.43866328176864, 149.04081130983857, 145.08023825603684, 135.69686998831966, 124.11037451960048, 104.54154666376739], [30.217715858492465, 24.159064375796195, 20.182992366249632, 22.678611058404545, 26.434336126401853, 30.13374260933794, 33.21582699260962, 67.28167095957913, 72.91636163753, 79.50828446558899, 87.76669928660209, 96.45286900037222, 90.02733980316019, 82.50589361024556, 73.89563354346089, 31.91342036239107, 20.762631265476614, 12.058803930145395, 0.0, 11.850070633240843, 10.208792762040673, 7.398068292454252, 15.690816568077581, 24.25664242889757, 30.610467230038697, 69.88945253307692, 74.87925011546051, 81.55010559982357, 89.66772089103375, 96.8060082046948, 95.77480212201105, 88.90089439966243, 82.17124743340266, 75.92685218557372, 70.31433062973211, 44.46402098990329, 51.8523207846239, 60.36735598868313, 64.08314463310485, 72.61006576256088, 81.19000135252564, 85.27981309932629, 87.95300226326381, 84.18640921799212, 72.64029487834324, 62.8179355592035, 59.82128211933075, 86.21654039293037, 84.50960874474545, 85.81573471572398, 91.06963729074523, 92.84589083086419, 98.61353114423406, 108.24987588188809, 107.41862100368353, 106.29851411141296, 102.51069847440341, 97.7931557461042, 92.28215969065178, 87.32358397363801, 88.92089768257975, 93.19823243539007, 99.46940841346647, 105.58357343761614, 100.3126222408784, 94.04462112031598, 89.82792516778048, 30.01035643702968, 47.31025507998993, 77.90181125470627, 91.52624395248841, 98.13621343276003, 108.94166266754378, 115.34614659303264, 126.75842873916362, 140.6726226960742, 146.56115581161862, 152.21199689029078, 148.09596432745965, 139.38725354341355, 128.34494754713603, 110.65244603218667], [38.024914360803045, 32.08217632255403, 25.32093121788284, 20.70684307436481, 28.748432557095473, 34.018841636366986, 38.13419614630318, 74.4256346791489, 81.08455584865158, 87.88039058206644, 95.6665478673074, 103.24502892468915, 97.0726805954793, 89.64859926806238, 80.94540473523581, 42.462253873784256, 31.837354321049766, 23.28884365499741, 11.850070633240843, 0.0, 5.133689613976384, 14.820234154982302, 25.181812812846395, 33.96709612498217, 40.412521672997215, 79.18983797253073, 84.04268114254485, 90.32337576483495, 97.72543847839025, 104.07643054114548, 103.17182721936841, 97.06086572841978, 90.81796406158632, 84.74612908401345, 79.37960959012167, 53.72039033081669, 59.652658704598444, 67.00641377363323, 68.48391098510827, 76.62157374516741, 86.18425639423319, 90.84882526304992, 92.62230860076572, 89.46287889726355, 79.09154512806342, 70.10636264122597, 68.94229214384501, 86.2376714999835, 86.05555441566779, 88.79669533926668, 94.47541265351668, 96.66014365404561, 102.25560880637579, 111.53749141541, 110.26748554372944, 108.87818774277473, 104.72026583641792, 99.33049824100625, 93.09735877031738, 87.98439113993109, 91.10819064562958, 96.28837181224026, 102.83038701741786, 108.85943742579089, 103.57844630698064, 97.02736126430804, 91.90995296525539, 20.59673362760615, 36.27185926881871, 68.3426426835183, 83.14329481556614, 91.12407593469813, 102.87098360580339, 111.57034755232877, 127.11494406247685, 141.0767807021462, 147.11987296363642, 152.39246728405502, 148.56804413673146, 141.0006191073073, 131.58181573066162, 116.84798175362229], [34.15581108547243, 27.851908415654986, 20.61246775260209, 16.63878222384033, 24.259290527291395, 29.804306963552715, 34.38663875812615, 71.80156955035335, 78.50162654157931, 85.43266459306139, 93.40881377816297, 101.29055798079524, 94.74705679370395, 87.07822359417673, 78.36878020217885, 39.019525572373055, 28.64516140837962, 20.233515873077376, 10.208792762040673, 5.133689613976384, 0.0, 10.656692787460706, 21.132139994107316, 30.08108714353632, 36.66181771593287, 76.67250899918474, 81.897304446019, 88.44665679507605, 96.30008318103077, 102.90229956902414, 101.6909005683024, 95.32049056556856, 88.70551842929125, 82.31185407947582, 76.76534922368688, 50.137091584275375, 55.60766951798161, 62.529454584005656, 63.96796401267126, 72.10046579242999, 81.60930810500048, 86.44120038193502, 88.85909562662077, 85.82236554227997, 75.48266236135152, 66.81455669404099, 65.88815594291826, 82.31983548584284, 81.88223957197948, 84.51618932921129, 90.2631929812052, 92.60440443060143, 98.39676551120439, 108.04995373918848, 106.5538304636332, 104.96724641253532, 100.68262598691736, 95.2550614050537, 89.0873024587184, 83.97069627687816, 86.90014475546543, 92.08677442898853, 98.8939992394442, 105.24148412332634, 99.65326355263782, 92.84318131199916, 87.7226334934308, 25.627416575040897, 38.51971203768297, 68.91626815778964, 82.85748168860304, 89.84650476238791, 101.1951954682577, 108.94324366617819, 123.3638363305402, 138.39546308104238, 145.08206793444762, 151.2221764376136, 147.78084284845193, 140.30285594263714, 131.32626949338572, 116.43589724065379], [25.703821965041737, 18.83124477941631, 13.526449673551074, 17.502865732351204, 20.118080886922666, 24.341577992571146, 28.41398781396784, 64.87216812898285, 70.85472759786734, 77.7336884696389, 86.17144724289405, 95.04545260446814, 88.05574017021641, 80.14713834326909, 71.52318081530558, 28.980406095092142, 18.582645638803484, 10.474008704329448, 7.398068292454252, 14.820234154982302, 10.656692787460706, 0.0, 10.777855716450231, 20.064423498223192, 26.803431095956466, 68.29529746399396, 73.91073273908859, 80.92618897792953, 89.60512348007127, 96.92091411515443, 95.38743906239795, 88.30730535712676, 81.07847567678606, 74.32068016396232, 68.46875092633563, 40.890159689149364, 47.038545089822975, 54.5186857264583, 57.69039092395625, 66.12094826648884, 74.81973748585773, 79.31966572588408, 82.86244398655221, 79.45884940213486, 68.27623709103385, 59.25100274270599, 57.20272440933, 79.8627111458393, 78.05703555476005, 79.48351664575722, 84.93279349996527, 87.05665483388371, 93.10226412959416, 103.25462280655567, 101.94592696268252, 100.44270053701841, 96.37298439623856, 91.45933153793283, 85.9175465449168, 80.93901819655636, 82.5320399969725, 87.00566825807113, 93.76291746857443, 100.37346073557546, 94.60119145282523, 87.8553232718943, 83.44823639619122, 35.043433575932845, 48.16797306879335, 76.49750991612592, 89.01323285089445, 94.38458118582096, 104.7209331883741, 110.11379466711442, 120.62301502142222, 136.23654037949896, 143.20448135806777, 150.17360428682778, 146.77706242142702, 138.54989825088097, 128.74604415156082, 111.73175863601526], [16.58118549797538, 9.701530325417794, 10.403192274272786, 21.86695143160045, 18.50139449419811, 19.713702744269305, 22.256892567492752, 56.32687259941379, 61.72641338795135, 68.58125597044527, 77.34826399957126, 86.97775052967845, 79.56341783088257, 71.45393842275996, 62.97777565990617, 18.548182330551988, 9.489800733336242, 6.585110821037562, 15.690816568077581, 25.181812812846395, 21.132139994107316, 10.777855716450231, 0.0, 9.406235630429427, 16.20175025476992, 58.79533290186858, 64.84281918858504, 72.24281082879936, 81.64344835266404, 89.49129021139808, 87.55286708415957, 79.93232023582873, 72.15340158579349, 65.03092070209539, 58.94280602574989, 30.576877269171927, 37.24295606995839, 45.45882512361721, 50.474682034210744, 59.11706976211583, 66.888749403288, 70.82765806482148, 75.03000196801521, 71.24894444424736, 59.371008734288736, 50.106528220195955, 47.30121304093515, 76.22774295960916, 73.02638987149443, 73.11070894540319, 78.09517216512944, 79.82817686944824, 85.95635772424092, 96.35517479328072, 95.36986448950829, 94.10790876454388, 90.4240630263144, 86.20082657044901, 81.4111528942575, 76.67025895385912, 76.82668469250308, 80.41836587765808, 86.8371179906159, 93.48110968205309, 87.74553909585552, 81.34828450745846, 77.8210322996789, 44.98776344012492, 56.72511386497068, 82.5539164977131, 93.49754484784914, 97.3255704971282, 106.5124421096302, 109.5391618875541, 116.08682965787219, 131.56214774670025, 138.61876628308968, 146.32109392371422, 143.02391562209715, 134.19756902478082, 123.95865126358179, 105.53105784464952], [9.817095088115881, 6.517604347536063, 14.810706318597536, 28.023042812490033, 21.172760677136083, 18.963257718648318, 18.832092666712693, 48.25395532621358, 53.14155624873185, 59.96469444377574, 68.937645435421, 79.09757917907085, 71.37987496087727, 63.15659480319738, 54.85084872068013, 9.87358708072669, 7.476670993429428, 13.12093593890855, 24.25664242889757, 33.96709612498217, 30.08108714353632, 20.064423498223192, 9.406235630429427, 0.0, 6.808445229788442, 50.04370274902378, 56.44577301296, 64.10372553613941, 74.02655865758905, 82.22166442661869, 79.9275415523701, 71.9444892092334, 63.762695687786305, 56.36248366081762, 50.124559645658785, 21.28184875360961, 28.715257534056036, 38.07953230910604, 45.02075700267134, 53.74954260144, 60.52192020696704, 63.681711103059264, 67.99589965506043, 63.78357185360282, 51.26695135664524, 41.67400604533839, 38.216418112077136, 73.67018167797185, 69.24112629766397, 68.00200659621133, 72.39816072920142, 73.58706252548134, 79.61814412426581, 89.97958929085365, 89.46168380255321, 88.58929633774308, 85.42073810862651, 81.97695071110584, 77.96114027961681, 73.51691765031215, 72.32162685134189, 74.95506456154448, 80.7728416613618, 87.2027391138856, 81.73940964021403, 75.946558964913, 73.37108616984801, 53.28123559928126, 63.747758453699035, 87.45365406021689, 97.09512438546828, 99.79076584410053, 107.95630721121144, 109.05805315247326, 112.20783502614334, 126.84141880075501, 133.69235052471183, 141.796184230772, 138.51495420400292, 129.16761540454723, 118.58850173351048, 99.21709149153459], [9.00540339764888, 10.954925988018358, 20.449475062826284, 33.607241550502415, 25.47787639438038, 21.479730691617576, 19.273239360237422, 42.6821485652531, 47.00430070727663, 53.74909468894677, 62.88080369070392, 73.47974671000925, 65.56874044378856, 57.3048827081728, 49.188751927123285, 5.007943432253803, 11.602425002164244, 19.198728987906335, 30.610467230038697, 40.412521672997215, 36.66181771593287, 26.803431095956466, 16.20175025476992, 6.808445229788442, 0.0, 43.68471324782365, 50.34608466733342, 58.19269560918444, 68.50705060721546, 76.97097929357723, 74.4232015718374, 66.15434400747289, 57.67278545110758, 50.080490523681725, 43.73221101125627, 14.665528000224539, 23.252384635398606, 33.790094318340905, 42.414034089191205, 51.064425808785245, 56.881756696276895, 59.28712821512752, 63.56891346998013, 58.96215290512945, 45.89732811706985, 35.943090206228426, 31.664249956414412, 72.97460157696256, 67.64409672881449, 65.33842611801431, 69.18936242411404, 69.87762250660947, 75.7601805189755, 85.98694898899198, 85.90508084967351, 85.393729719706, 82.68838603714292, 79.91009672371871, 76.53766091193978, 72.36602038675187, 70.1136580340732, 71.92536596500199, 77.1570371995903, 83.32478745841578, 78.16674807337148, 72.95960998997359, 71.19702513836062, 59.321203337726956, 69.19373189175157, 91.58348946437755, 100.38114847307523, 102.37029112603183, 109.81418684007616, 109.59362805897574, 110.23482820666078, 124.0067784344165, 130.58076450590175, 138.86547281260258, 135.5392112631765, 125.755073157287, 114.81259169303372, 94.64492291308426], [45.92067821036128, 52.73076349779293, 61.8709993463817, 72.94350860346833, 63.92833790791318, 57.056790125123804, 50.23274489315325, 19.792974113533464, 11.520586449313285, 13.067653461300885, 22.390673426137297, 35.87945337977896, 29.219453046305723, 24.090912151037134, 21.057036315113006, 41.70274188912394, 51.67644120664879, 59.63081190276577, 69.88945253307692, 79.18983797253073, 76.67250899918474, 68.29529746399396, 58.79533290186858, 50.04370274902378, 43.68471324782365, 0.0, 8.257212993432649, 16.49581962785908, 28.649348964284723, 38.453584350088796, 34.762080384828806, 24.82407623617707, 15.02063349483746, 7.596655606273258, 3.2010952780439057, 30.831226908155717, 34.787682029793274, 44.8500575954482, 56.9603559790481, 62.33697781148997, 61.54856827782711, 57.070834360406735, 54.50273328165135, 46.99100431296967, 34.267936097016246, 24.620759266679425, 14.032352755186745, 87.67646553038581, 79.19360828712537, 7