{
	"dissimilarities": [[0.0, 7.7568960864849785, 16.376554119704977, 26.3494104313356, 18.27308237444107, 10.608858869885582, 7.730375845042528, 43.808473758410166, 50.54173683420437, 57.82802305782976, 65.42235604528418, 74.13611609188702, 66.14912710516337, 58.9876101701453, 51.617996619207176, 17.222011095250522, 14.719984539052241, 16.545963923823418, 23.322032803223244, 31.35529367057137, 27.487630178417547, 20.260681086566613, 12.17567905692878, 7.04869372044282, 10.681384610499054, 47.67425263688836, 54.887446324285484, 60.79002449678758, 69.09420438061234, 75.47506642665785, 74.84321164855486, 68.5071108277778, 60.240293653715916, 54.095198308579306, 47.60145735226224, 18.45122930692332, 24.791380359676143, 33.83289194291806, 37.05491366672366, 45.7818454412093, 54.21852039958545, 58.74000922165673, 60.08800064133608, 56.81942977551068, 46.55928289236081, 37.469875834774385, 33.54798695022251, 67.70222886288182, 56.301857053964184, 56.39192068386327, 61.88335537255422, 65.57434695503422, 72.43033923009038, 82.00085022732473, 86.26593634102234, 83.86030591396282, 81.59116537507032, 78.80560847979169, 79.70070359163523, 67.59523124958875, 63.521102187305694, 66.56216410210176, 71.05163455977267, 79.71446929512462, 75.52347249800167, 74.18749226031187, 72.55782419878605, 59.606676036159506, 63.56252978369464, 73.65223208821968, 84.46198485859405, 93.19112046368502, 100.43529831238904, 112.12687059185254, 109.09602173670189, 134.18182767103318, 119.66333750016449, 123.02930864314497, 115.80112033837095, 109.6233860305771, 102.76990892682274, 92.490592229449], [7.7568960864849785, 0.0, 10.315784708861957, 21.872282450894634, 14.358762042491026, 10.014982208128284, 12.524175202420837, 51.46125782578601, 58.00527799573953, 65.21223928828532, 72.94270545521331, 81.80386796335881, 73.78035052752239, 66.61578852881257, 59.27806814952033, 19.800879003532692, 13.760711674177351, 11.359796018712657, 16.791999661053744, 25.293099349285793, 20.93554514788696, 12.925426030275602, 5.633922121797744, 7.899343546649049, 14.557516921340598, 54.37092277982527, 61.58494579469588, 67.61159547334047, 76.04034532370704, 82.59288057579933, 82.11474745298526, 75.607649195968, 67.29411462423015, 61.12069870905014, 54.7632288469178, 24.70204728415999, 30.754536236091642, 38.58246820956241, 40.96137742681847, 49.80135215611364, 58.605539019945944, 63.891780075055635, 66.39898335746886, 63.635072193520855, 52.755581252559544, 44.118177968429215, 40.28324603981792, 70.19151790297107, 59.40277133335107, 60.198436496398564, 66.3376396227972, 70.58129823625988, 78.07030131198414, 87.93164054320309, 91.85167907657825, 88.8522017719103, 85.89717092926747, 82.50755844125968, 82.6624997562817, 70.63103679069522, 67.22802286496702, 70.97587929929949, 76.01979436444287, 85.42307560070776, 80.69281690355794, 78.60748837930413, 76.3211130745666, 55.34633079466275, 60.76698052314459, 72.40933901968826, 84.1775262714311, 93.36997720258546, 101.44592956541791, 114.04079057685483, 112.95230238562401, 139.97068033171425, 126.24382289380885, 129.87370426284707, 122.9132674699068, 117.00837632564803, 110.09804618583703, 99.22091327978703], [16.376554119704977, 10.315784708861957, 0.0, 11.98551860948649, 7.52373061461739, 11.524312113395403, 17.6096605342096, 59.53296319072507, 66.58541332878474, 73.94016009199612, 81.33278031709568, 89.50417756389794, 81.85993438597288, 74.72080659880325, 67.2756147754323, 29.99823847055954, 22.975139396669675, 16.88830566185223, 15.23237331942475, 18.57394995047513, 13.504193408934906, 10.685534558916277, 12.44539525200522, 18.205450545496703, 24.849364173516676, 64.00294761763546, 71.13867639988166, 76.96889174059396, 85.0406698437088, 91.19746183195176, 90.73791691215025, 84.64606701521843, 76.51525255400318, 70.41841927730023, 63.90975717868121, 34.433503773430346, 38.90226100909553, 44.785773444503356, 43.84337859899936, 53.060439145652666, 62.76753627815963, 69.32607557811552, 71.91735241731854, 69.79614572136478, 60.31898255204382, 52.75149633508831, 49.83730279859333, 68.37758353487494, 59.785216572973575, 62.205098771037925, 69.33371831637689, 74.23994426445734, 81.9670136887703, 91.15383211959433, 94.40088860091068, 90.9623220761446, 87.25277283140923, 82.99486525364196, 81.70740616406978, 69.52975286324421, 67.98022852117099, 73.29789680433817, 78.77375491296702, 88.38451210246207, 83.18300466927727, 80.14769198439075, 76.77209363685002, 48.633117035642385, 51.910114190898916, 64.02819304384097, 76.64905152515558, 86.49956857890469, 95.79380462357952, 109.62982239099838, 112.83121910674689, 140.6662098242724, 128.613262174318, 132.4618432359312, 126.26759351652079, 121.42385667825671, 115.74969525553986, 106.73009280429874], [26.3494104313356, 21.872282450894634, 11.98551860948649, 0.0, 10.830165331248091, 19.173095414753952, 25.174781736922533, 66.68927766548029, 74.304116607428, 81.7781004724354, 88.59671664281257, 95.71060931299564, 88.68386591435713, 81.6849985992906, 74.20250975210966, 41.570142083588905, 34.70271575347491, 28.062215285982987, 22.88678893847138, 18.54096320435527, 14.891146423834465, 19.8098547389678, 24.343381533124134, 29.685222406516097, 36.04238922915679, 73.37184431194925, 80.33593978706297, 85.80952741693714, 93.29439444088776, 98.8036400714645, 98.30596094192167, 92.88918143284677, 85.09255218310983, 79.16823197016302, 72.49267008072202, 44.53546111355957, 47.57440206094065, 51.81643210722137, 47.35571849224161, 56.68136818020175, 67.10198192115834, 74.6897396108087, 76.5866357535379, 74.99998923968751, 67.79143745733136, 61.300486632638446, 59.31311006541877, 65.33483680970573, 59.83671891949078, 64.02692501804012, 71.92873436152568, 77.27231847024254, 84.75901800217859, 92.65321616285695, 95.15416769313283, 91.57696889811126, 87.3371938403787, 82.31541802626066, 79.43664758213947, 67.14321145586483, 67.93332477858037, 74.90567964730177, 80.49839605167779, 89.71359290499541, 84.31327647527208, 80.51028335459718, 76.07660245074545, 43.283680208171404, 40.98598669758717, 52.60723229129806, 65.99402899980204, 76.66595963224354, 87.34562526259904, 102.43292521177298, 110.81823063963068, 138.07508330310404, 127.95824775772806, 131.83208109064822, 126.5556902414925, 123.04656075877291, 119.09871430442315, 112.96930805952536], [18.27308237444107, 14.358762042491026, 7.52373061461739, 10.830165331248091, 0.0, 9.164942051543312, 16.144002876162524, 59.142907441691264, 66.76065410996364, 74.22838409001669, 81.26475794048534, 88.98747639582604, 81.28848174069675, 74.01229850612243, 66.58415539896606, 33.64952327449346, 28.013915354671646, 23.447224571503575, 22.704748237012804, 24.352128482419932, 19.32173981185716, 17.94308712413962, 17.997711736798458, 21.715085626006843, 27.628651847163027, 65.20670590345699, 72.53680643907919, 78.33206494054501, 86.3987686880902, 92.32001412548446, 91.45373600455413, 85.57580960836712, 77.37535741245277, 71.25171009065362, 64.54815916871176, 35.44409817251274, 37.4410981456093, 41.41392600877715, 38.28762080832578, 47.55482994843302, 57.65988353157076, 64.93390701314358, 67.68837104431834, 66.21731097885291, 57.779482491370764, 51.58953953530909, 50.43838333406023, 61.027836308263666, 52.95402166543075, 55.974204513521435, 63.49982427780923, 68.71790371051975, 76.60514905304835, 85.61151696253718, 88.48930592254098, 84.71882035641794, 80.65993758227025, 76.10828118422424, 74.46198472333126, 62.33132461774865, 61.24015191560411, 67.129174683176, 72.80967888637497, 82.67220465200029, 77.15064882052557, 73.66378294030432, 69.91229375723647, 52.67765092881478, 51.183710782099226, 59.86069104781506, 71.2949860831928, 80.2972064768381, 88.93491827618983, 102.50600861384261, 105.76895392148131, 135.01413442847198, 123.72743834111839, 128.5278839883112, 123.18458333100328, 119.14536242897283, 115.2947893491093, 108.48652207267406], [10.608858869885582, 10.014982208128284, 11.524312113395403, 19.173095414753952, 9.164942051543312, 0.0, 7.379468362043095, 50.532610475527086, 58.0440696734757, 65.4781468845365, 72.6361898326395, 80.7177697067934, 72.72416295726617, 65.36950866215837, 57.9782899304794, 26.459960467209964, 22.74475654107071, 21.28145386472884, 24.655762158278765, 29.759345093537846, 24.95460336227841, 20.047391749942285, 15.208446036941119, 15.128704395269349, 19.878403718062323, 56.27194828608341, 63.70353703011552, 69.58492605013353, 77.85684789945488, 83.94839245540108, 82.93248846418192, 76.8615548082882, 68.52796456563061, 62.34991256997887, 55.65236644183683, 26.49266533268395, 28.51050739948565, 33.73481939957767, 32.881270311166844, 42.1216048177492, 51.68834491419622, 58.000521443574804, 60.40847806184202, 58.43230128428341, 49.28607706702117, 42.53799472617339, 41.34244601313582, 60.27107893550035, 50.113833612544695, 51.688284256257305, 58.38866233116588, 63.03208935023021, 70.65368662149672, 80.14244067231344, 83.6107235767948, 80.29049384102534, 76.96433394737271, 73.2278864647105, 72.93879031470384, 60.819948589900584, 58.016248240494996, 62.56089020424841, 67.81892953322885, 77.42208844553275, 72.33678769305384, 69.74021934552435, 66.9923312005104, 58.54012110655575, 58.22887943168181, 66.01233345788232, 76.37389729307385, 84.6307709756437, 91.95459638871256, 104.21416519919009, 103.45752118978078, 131.7399886952944, 119.01465260605424, 123.73335088956078, 117.85851419023167, 113.07672282221901, 108.66013620260233, 101.12157631112056], [7.730375845042528, 12.524175202420837, 17.6096605342096, 25.174781736922533, 16.144002876162524, 7.379468362043095, 0.0, 43.17083637955986, 50.74144903831756, 58.197197258416786, 65.28659581268357, 73.3437456651587, 65.36736002152495, 58.039195494178635, 50.63225542297133, 23.44116904033263, 22.064927585446817, 23.299495962446677, 28.59848217458472, 34.6365701121405, 30.375328491649245, 24.75332960690713, 17.91191211491205, 13.991115572701448, 16.484958252089356, 49.48214944268539, 56.84521351977763, 62.604185172424195, 70.75992378823952, 76.7463762184787, 75.65403953527095, 69.68799126969459, 61.4219053855002, 55.29530528441952, 48.545134374218236, 20.637046822273504, 22.88976597557155, 29.716285071538348, 30.40838424500797, 39.49988262008511, 48.54335428529492, 53.853008811614245, 55.07474374437319, 52.43180521895761, 43.60973755036974, 36.17600056115308, 34.717839904787176, 60.00843949956716, 48.95545869857294, 49.5410937104214, 55.422387288131844, 59.39942998040739, 66.3548072570666, 75.66865959504305, 79.61102480914904, 76.97252886970568, 74.45503505811675, 71.45039849710388, 72.09336613941984, 59.91375246891847, 56.18068047643084, 59.76381114425707, 64.39582486578118, 73.21596915804831, 68.75681444906063, 67.07394140095046, 65.15079170796767, 62.23856148471982, 62.03795215225967, 69.14702994027014, 78.77996900643566, 86.7195797784571, 93.28613141611784, 104.62339440011158, 101.6208999073571, 127.70742828093763, 113.92039098197601, 118.19061752499317, 111.8306720630301, 106.54869256103586, 101.7509816285098, 94.2191627887905], [43.808473758410166, 51.46125782578601, 59.53296319072507, 66.68927766548029, 59.142907441691264, 50.532610475527086, 43.17083637955986, 0.0, 8.902612147147995, 16.122712192357277, 22.19588481808756, 30.76551694456331, 22.35114940717177, 15.357166306290395, 8.023744968907414, 41.893036850728926, 49.17366076933684, 56.61950883064693, 65.00571483221103, 72.68727780627104, 70.0102834688932, 63.360884576595154, 54.636471067902086, 46.19779572384606, 40.78832033038338, 18.171293776085648, 21.956346365942583, 24.981625096444027, 31.20787005050665, 35.96305415209167, 33.666314166419504, 28.810363076687473, 21.833400572408095, 17.444152849915096, 11.875764084371163, 30.254749251315403, 30.355878747902917, 38.17118074105565, 46.26431050909502, 49.085815678863085, 50.71644290186472, 47.13466134524762, 39.269085369141315, 31.38047607807461, 29.412543020314484, 21.199650771243025, 18.573190352650453, 75.30674838721802, 62.394468388634394, 57.51659676295542, 56.58738755254081, 55.03458864939275, 55.59160651912965, 62.10955200977369, 68.86218333955645, 71.14779257781466, 74.15698214529651, 76.08691652391336, 81.92307382945759, 72.11100425563012, 64.12017447116129, 60.868045255244894, 60.396300975197086, 62.1159648581111, 62.895092160034096, 67.42000494581633, 70.86270369006775, 94.3618633695211, 95.04192088898674, 98.99192120314441, 104.67558273834148, 110.30140136623106, 112.53198935293695, 118.13874519047124, 101.88256948080347, 112.93025721439341, 92.2491836235427, 93.21705933552113, 83.37376186137683, 73.84422673742023, 65.51484281682536, 57.32779861169091], [50.54173683420437, 58.00527799573953, 66.58541332878474, 74.304116607428, 66.76065410996364, 58.0440696734757, 50.74144903831756, 8.902612147147995, 0.0, 7.529185976325527, 15.024212702923672, 25.504176284674383, 16.88573558560148, 11.328674556998362, 7.835404889967848, 46.16782158455592, 54.0091570934856, 61.975159432859265, 70.73540965159822, 78.98889496474808, 76.532518058604, 69.47657438625282, 60.64233431436984, 52.117457462970705, 46.245761332327234, 13.85505368216298, 14.695529700758488, 16.46818939146951, 22.552967413616354, 27.81624581064751, 25.500518501313728, 19.980451724922187, 13.072467032521482, 9.718839347917934, 7.174203056314686, 35.71665624168591, 36.866515555527336, 44.84693591037395, 54.22369579348847, 56.41969213640633, 56.98365902469944, 52.11926549390313, 44.192972398330724, 36.07300877072365, 33.817519718636035, 25.9020030684138, 21.781831836092454, 83.536003651991, 70.30546409013157, 64.82945428537806, 63.122771815934286, 60.92653689129004, 60.77052693674842, 67.02666494191718, 74.0896371715858, 76.92993199291205, 80.56311126911471, 83.08043875544318, 89.51162634465021, 80.16366513631456, 71.67450523014729, 67.52348674287833, 66.5378763582971, 67.4499990460604, 68.91338429795087, 74.0997869255051, 78.14963875275082, 100.20540253844749, 102.6147353428731, 107.43935742271923, 113.27551716916516, 118.95975873942466, 121.00976908229127, 126.14179359304185, 108.11368507288431, 116.93541253311173, 95.03768835467463, 94.97323629246914, 84.1161804783055, 73.18287960207063, 62.33997575555362, 50.85063170629439], [57.82802305782976, 65.21223928828532, 73.94016009199612, 81.7781004724354, 74.22838409001669, 65.4781468845365, 58.197197258416786, 16.122712192357277, 7.529185976325527, 0.0, 8.736965863962729, 20.544645992118387, 12.26798863425138, 9.950458620958585, 11.84600587409533, 52.488700245689586, 60.56547106167211, 68.73819556192909, 77.63549704377103, 86.0718547399333, 83.71315393431588, 76.52484572844949, 67.65207942454742, 59.11242365341213, 53.07185819594265, 16.298209893341202, 13.381977524367539, 12.13579584282572, 16.468668544812783, 21.445906162828003, 18.53945890929746, 12.964787184922821, 7.6991816697732265, 8.628002000435616, 11.526875056868883, 42.52690833390786, 43.54074313889062, 50.932313422477705, 60.66790705682663, 62.15822335388994, 61.75158831747671, 55.84667869654209, 47.42879720408192, 39.283237690964185, 38.07742191259495, 31.47441116829179, 27.84096390469737, 89.33963591562187, 76.08785465463541, 70.1399173990507, 67.65403791281884, 64.8034331971471, 63.75425515193727, 69.42300563454833, 76.69268422828125, 80.14287423002992, 84.43735164417161, 87.55853755272386, 94.54183427857558, 85.73288498930137, 76.89198108462497, 71.95195967385261, 70.35214576190077, 70.253511476469, 72.44378254041304, 78.29835060141436, 82.94134181778756, 106.84010737647309, 109.69279574945361, 114.43083396957856, 119.94762027862865, 125.3729994450604, 126.94248973346333, 131.356272056059, 111.52197756560705, 118.06916647258656, 95.20018617673193, 94.45348320316796, 82.98377447894705, 71.09559368812717, 58.972422328194405, 46.14788337873012], [65.42235604528418, 72.94270545521331, 81.33278031709568, 88.59671664281257, 81.26475794048534, 72.6361898326395, 65.28659581268357, 22.19588481808756, 15.024212702923672, 8.736965863962729, 0.0, 12.190975543266998, 5.503567955573273, 9.750321530683436, 15.654864622233848, 60.98279284730362, 68.91859447493216, 76.90342157020672, 85.54148012876499, 93.50453792163077, 91.21117112639025, 84.39537240710528, 75.64518038448288, 67.13698382850532, 61.25837493787936, 24.862455276200762, 20.87846714632245, 17.296340164651543, 16.51856359298084, 17.866643970174536, 13.490117990652601, 12.288714030248608, 13.213234626061782, 16.8080753574135, 20.171039222546316, 50.62630554917303, 50.704812765327254, 56.95077205985055, 65.68275505267067, 66.46877116075744, 65.32143106433277, 58.71932842956313, 48.66651492729927, 40.558875945584816, 42.75942114746761, 38.166400085167226, 36.10026292584327, 91.90174018768909, 79.41451290495282, 73.32042000599345, 70.05494069285773, 66.45497076212712, 63.92210846099908, 67.97940728041559, 75.33992695642274, 79.80248936255302, 84.99569425924486, 88.79631582124894, 96.17224207533869, 87.96977912401954, 79.24628854575391, 73.7803861993688, 71.25257148019485, 69.33315690655614, 72.59827075976929, 79.28423382950663, 84.50634068381606, 113.28764837328195, 114.87478883028882, 118.36530650444169, 122.94402053214019, 127.81830240313153, 128.62550657707516, 131.9875553770607, 110.88002017766534, 113.52700934250285, 89.82920333249233, 88.2791803747627, 76.4010860872887, 63.94517529423612, 52.06802363043671, 42.18510436434308], [74.13611609188702, 81.80386796335881, 89.50417756389794, 95.71060931299564, 88.98747639582604, 80.7177697067934, 73.3437456651587, 30.76551694456331, 25.504176284674383, 20.544645992118387, 12.190975543266998, 0.0, 10.410138837942318, 17.61082214212662, 23.734272268162663, 71.46050234782888, 78.93736835841173, 86.42585902529979, 94.43140249643984, 101.41944386918948, 99.31811791246514, 93.30010818559052, 84.93341728503296, 76.6016992483109, 71.13259985147366, 36.83844291389235, 32.73887469133483, 28.31743026263637, 23.84218209578297, 20.15719154899427, 15.9571558404461, 20.924861217552888, 24.987241501872077, 28.894836820207605, 31.661505101898175, 60.696748955077645, 60.08586749908132, 65.31800174811573, 72.12661827505197, 72.4969633731079, 71.07919618840008, 64.35259382835885, 52.198607384238485, 44.421578617252464, 50.89562409515127, 47.95594474516256, 46.99653200703346, 94.391266365128, 83.5394070447921, 77.78874676173004, 73.99499982677081, 69.75948886497534, 65.39372532077041, 66.69873918631211, 73.91414399050818, 79.77211477562217, 85.98007878009429, 90.38923413588206, 97.79626759059033, 90.16283714482712, 82.22682830281538, 76.73461910373219, 73.14086054813006, 68.67824909484986, 73.29731679920087, 80.80095327739993, 86.40583879519697, 119.290691766305, 118.88220542606223, 120.74216614317574, 124.13793546491208, 128.49041747346237, 128.60642775811732, 130.83676294086598, 109.73358460058344, 105.88785265325455, 81.42483613241882, 78.10879962415048, 65.49915757899137, 52.36932151999674, 41.171272204004985, 38.49823341190644], [66.14912710516337, 73.78035052752239, 81.85993438597288, 88.68386591435713, 81.28848174069675, 72.72416295726617, 65.36736002152495, 22.35114940717177, 16.88573558560148, 12.26798863425138, 5.503567955573273, 10.410138837942318, 0.0, 7.729345360074813, 14.77770585181949, 62.8428808935879, 70.67071083201095, 78.48541099388068, 87.00075530710505, 94.64070792849672, 92.17958695575088, 85.5730796956609, 76.8056731331481, 68.29235465442873, 62.57709126431887, 28.060376179777386, 25.1997705785316, 22.392865092814475, 21.939354520190992, 22.35049762377789, 17.631649177206423, 17.584803267658636, 17.87928619118339, 20.481265297072785, 22.71966757350334, 51.69958159606325, 50.53950992509432, 55.71440698656883, 63.594780517110706, 63.9079609230848, 62.42463189711109, 55.67086582012271, 44.733593045150464, 36.71125934733978, 41.02068619879323, 37.86800340018404, 37.50031482048719, 88.31152863808968, 76.19657892606652, 70.04880278215865, 66.43663774178303, 62.540861694795275, 59.4093394629388, 62.88752555526718, 70.25057577691301, 75.00013143233562, 80.48480834519542, 84.53321728221233, 92.07251630547677, 84.21990673019747, 75.52021692950939, 69.84518054777297, 66.93646870436064, 64.37763813803639, 67.97864033870974, 74.94980995089604, 80.39772412314655, 114.58082970035444, 114.57453447406986, 116.7005387220833, 120.50295238571611, 124.79320764873214, 124.98166476666886, 127.757995508247, 105.92540544465416, 108.30744129308738, 84.61993833680492, 83.7272261403668, 72.3980713719473, 60.51582151630395, 51.07876054784506, 45.321887563297985], [58.9876101701453, 66.61578852881257, 74.72080659880325, 81.6849985992906, 74.01229850612243, 65.36950866215837, 58.039195494178635, 15.357166306290395, 11.328674556998362, 9.950458620958585, 9.750321530683436, 17.61082214212662, 7.729345360074813, 0.0, 7.492849577245094, 56.02313717972703, 63.84023390372518, 71.64154589930847, 80.26384715358571, 88.03422920306731, 85.359828565029, 78.60805851080386, 69.71620866305518, 61.169705899215394, 55.47745763393, 23.233824672581697, 22.506057867408078, 21.890507298623373, 24.73195554689958, 27.332370292058922, 23.223830161046862, 20.47715164756295, 16.978048451634276, 17.005367663430093, 17.228539294907186, 44.4340420632553, 42.84416245018303, 48.11994397770183, 56.235782475609966, 56.85945102252835, 55.86384493850756, 49.664186874018704, 39.47021988131611, 31.243860541481517, 34.07641715751938, 30.349535660613157, 30.496790959650898, 82.32225218539897, 69.67059006686928, 63.59539737112089, 60.48790206311184, 57.11060352116222, 55.06031607805579, 59.863268445849464, 67.1627879123871, 71.0639591181174, 75.84366449629847, 79.38436044700987, 86.66796666881656, 78.4105409918384, 69.56750110693821, 64.25332260634993, 61.997468682367035, 60.88312174121915, 63.59718676270512, 69.95023321730034, 74.993153774782, 109.03560583490771, 108.84399704859308, 111.0282216730285, 115.12514644832682, 119.50220170701513, 119.96746996384915, 123.3672805159231, 102.30018718603031, 108.6039313590986, 85.85917230242931, 86.30838248914772, 75.84113014730241, 65.02023664841154, 56.897644528076775, 50.758971531222194], [51.617996619207176, 59.27806814952033, 67.2756147754323, 74.20250975210966, 66.58415539896606, 57.9782899304794, 50.63225542297133, 8.023744968907414, 7.835404889967848, 11.84600587409533, 15.654864622233848, 23.734272268162663, 14.77770585181949, 7.492849577245094, 0.0, 49.41426584154591, 56.955420597365496, 64.54161090245026, 73.00839000285345, 80.64092775097096, 77.93368813937948, 71.29653192669943, 62.49221073941335, 54.005452494853046, 48.48997403138659, 20.42724601908515, 21.960267436504935, 23.2278179864009, 27.93792677684529, 31.635707483035702, 28.409887330211077, 24.552737513449575, 18.94189295369006, 16.48317522936191, 13.707331588725031, 37.6153294006472, 36.3844811486998, 42.51898585673211, 50.44307468775347, 51.98592640623358, 52.17243190231219, 47.16587747674619, 37.73261922958651, 29.455778332578582, 30.55826043727125, 25.095021191036082, 24.62854025222922, 77.69886012390567, 64.95427381728376, 59.410481007464, 57.26635258238101, 54.69896280437667, 53.81587303098041, 59.42019675658607, 66.49193309650647, 69.65412440236099, 73.629971383571, 76.43581849951737, 83.06763832167329, 74.0778911592937, 65.61420917518335, 61.239649591955754, 59.76956715943302, 59.947873712974015, 61.765209521766934, 67.30835656718891, 71.63451589746413, 101.94458999764333, 101.784939803858, 104.48719338444745, 109.1691491085642, 114.02887987826882, 115.22118131674769, 119.58830839630497, 100.74596477600832, 109.41736529596109, 87.70467392287325, 88.55614854767181, 78.50270024063133, 68.46405958180313, 60.65048172639446, 54.09414526613434], [17.222011095250522, 19.800879003532692, 29.99823847055954, 41.570142083588905, 33.64952327449346, 26.459960467209964, 23.44116904033263, 41.893036850728926, 46.16782158455592, 52.488700245689586, 60.98279284730362, 71.46050234782888, 62.8428808935879, 56.02313717972703, 49.41426584154591, 0.0, 9.239925274830368, 18.589486727431126, 29.32905284936827, 41.00967320656897, 37.86039061611334, 27.992390709486713, 18.804323796195973, 11.998105552799323, 6.966568347782573, 38.85881900768407, 45.8871721391021, 52.32909225967324, 61.51474306904462, 69.07518831614833, 68.80439025455996, 61.257937070893114, 52.74318267100128, 46.60785248451189, 41.18073376342423, 13.684340624341749, 24.905076231172714, 36.4687698486559, 45.769213842626534, 52.70266050746688, 58.77173847832582, 60.852962559043256, 63.167986473098225, 59.0249871242011, 45.16407751518725, 33.998445230571136, 26.58061847337597, 80.54141356474364, 66.7540630445627, 64.60909778250591, 68.45092118685616, 71.13264921251849, 77.79792505701414, 88.66435737785767, 93.79363045463084, 91.73440494744129, 90.27292341360709, 88.55552894736418, 91.16237042425007, 79.86860364236558, 73.5172908292967, 74.17043894467655, 78.1592804475676, 86.78002635330063, 83.16408672709349, 82.94531004805569, 82.70360284236283, 69.16103559991619, 78.73865936738419, 90.72535826922625, 101.66313673828076, 110.11147460819582, 116.58159993445052, 127.28551681606321, 119.26526770852223, 144.19835026759517, 127.44131652162852, 130.28114319720203, 121.69276576665226, 113.52958963164006, 103.4411717803028, 87.55948521603841], [14.719984539052241, 13.760711674177351, 22.975139396669675, 34.70271575347491, 28.013915354671646, 22.74475654107071, 22.064927585446817, 49.17366076933684, 54.0091570934856, 60.56547106167211, 68.91859447493216, 78.93736835841173, 70.67071083201095, 63.84023390372518, 56.955420597365496, 9.239925274830368, 0.0, 9.391105780232321, 20.19842357091434, 32.216352646493114, 29.157580852257993, 19.13977098342519, 10.925274294775805, 8.137998165415189, 9.69377503804978, 47.541451378538305, 54.3912847996428, 60.62725262692379, 69.42666738500841, 76.70537871489897, 76.67631086472298, 69.45047017374422, 61.146839266213874, 55.08158742704028, 49.485700618805446, 20.93565216093602, 30.970683183951643, 41.35977416043595, 48.262521348055586, 56.06516517507182, 63.27425868310965, 66.65685497185808, 69.30675259794472, 65.59959466994106, 52.45154274664871, 41.92296562070771, 35.17851195011581, 81.03649434669607, 68.46899341323314, 67.5689981436296, 72.44501704223535, 75.83550850981716, 82.97039882330525, 93.56343271822088, 98.24715312621012, 95.7626687676702, 93.60863076998231, 91.11313733495959, 92.60142407778835, 80.94152973178684, 75.86164802177909, 77.83407441382353, 82.36009352670689, 91.42366210348891, 87.31352424857802, 86.2664303680816, 85.10438012221309, 61.042450709065086, 71.8285256890204, 85.51095053811112, 97.56015127319641, 106.83159332960159, 114.52158437525044, 126.43793342443846, 121.90416631115286, 147.62613468087525, 131.98693753605303, 134.72301605071365, 126.43732032618755, 118.86998442354758, 109.0495119286461, 93.7381104357618], [16.545963923823418, 11.359796018712657, 16.88830566185223, 28.062215285982987, 23.447224571503575, 21.28145386472884, 23.299495962446677, 56.61950883064693, 61.975159432859265, 68.73819556192909, 76.90342157020672, 86.42585902529979, 78.48541099388068, 71.64154589930847, 64.54161090245026, 18.589486727431126, 9.391105780232321, 0.0, 10.926350800138767, 23.2482482097982, 20.234853572351867, 10.205109156356635, 6.356348632843702, 11.913780126052604, 17.244867543249907, 56.38008047049116, 63.131591907087355, 69.18620587961833, 77.63762199139738, 84.60573445338741, 84.72331374530886, 77.8314440343616, 69.70115893787421, 63.68744358153638, 57.91499427237832, 28.97473532412767, 37.762099161411214, 46.882716318311616, 51.337055008728484, 59.773643478685564, 67.94333459877272, 72.49120636638975, 75.3387378602456, 72.06905917482244, 59.77147375297514, 49.89978630541483, 43.83533752238253, 81.41230620315145, 70.29676951862052, 70.64834242060824, 76.44776918852267, 80.4648890190738, 87.94980729447363, 98.16203803035901, 102.3719848318823, 99.5032323059891, 96.69939597499365, 93.46146936424601, 93.80938251842318, 81.89406216811851, 78.17395691580727, 81.42815597436442, 86.40632376801842, 95.78943677345573, 91.24222479457012, 89.40598965296931, 87.34851299584216, 52.98597498047186, 64.61445045955436, 79.8890619774789, 92.98956303560136, 103.03871843229007, 111.93321236602529, 125.01950559252609, 124.08784731709127, 150.4761759182688, 136.0541374000263, 138.75156328886413, 130.87281565979038, 123.9999376835082, 114.70593189016407, 100.36255642960998], [23.322032803223244, 16.791999661053744, 15.23237331942475, 22.88678893847138, 22.704748237012804, 24.655762158278765, 28.59848217458472, 65.00571483221103, 70.73540965159822, 77.63549704377103, 85.54148012876499, 94.43140249643984, 87.00075530710505, 80.26384715358571, 73.00839000285345, 29.32905284936827, 20.19842357091434, 10.926350800138767, 0.0, 12.765467446772172, 10.730525773981906, 5.600077454959084, 13.423086399549732, 21.173992987593746, 27.317168256359462, 66.11704021694082, 72.64389256806224, 78.41319775904032, 86.35118497218183, 92.89433631510751, 93.24191365341011, 86.80691771287937, 78.97974901987367, 73.09726717103656, 67.2104329891625, 38.815831493212734, 46.89455944902697, 55.099032932511264, 57.126409260506236, 66.0576548429816, 75.0549025751558, 80.54876842009683, 83.1225276900584, 80.1141555349129, 69.01027524914359, 59.54783066321221, 53.7424774723144, 83.57217459492415, 74.39247238617115, 76.06351523013106, 82.65538390880567, 87.15155654592137, 94.70518031590524, 104.2059754103349, 107.94871921916858, 104.90400318246118, 101.5969412383796, 97.67645590020622, 96.78555312705014, 84.62286264500449, 82.53022285797508, 87.0901470144309, 92.33744145488379, 101.67461084388981, 96.88089223341412, 94.39131808601138, 91.46486347298452, 42.96488514329911, 56.127641869328734, 73.82416227975939, 88.28063300013845, 99.43025583882358, 109.86993478295112, 124.28020461376563, 127.75111118338597, 153.7470899169744, 140.6123105045881, 142.90534370783473, 135.3339782863555, 129.15634551376814, 120.21641637009769, 106.92066860063686], [31.35529367057137, 25.293099349285793, 18.57394995047513, 18.54096320435527, 24.352128482419932, 29.759345093537846, 34.6365701121405, 72.68727780627104, 78.98889496474808, 86.0718547399333, 93.50453792163077, 101.41944386918948, 94.64070792849672, 88.03422920306731, 80.64092775097096, 41.00967320656897, 32.216352646493114, 23.2482482097982, 12.765467446772172, 0.0, 5.635311871119293, 14.843172814348323, 24.03784399009722, 31.512612010278698, 37.98130545376682, 75.96902684283152, 82.31618835365117, 87.71819827017434, 95.01440824398269, 100.90760775631777, 101.35025435624205, 95.59306169179207, 88.11931233099394, 82.38998193803263, 76.28757663216614, 48.7877874675744, 55.82990309806418, 63.00668058610538, 62.174240102778306, 71.48752929480295, 81.29385826106054, 87.72436386634159, 89.56259930292917, 86.85251438389082, 77.63445266691035, 68.79568532899874, 63.596895293533294, 83.675465665989, 77.06561912319182, 80.22116491012243, 87.53980441707675, 92.42959587569753, 99.7788882424535, 108.12515923783306, 111.28668208639262, 108.21716756858953, 104.49989143873803, 99.91949820666701, 97.63225543814826, 85.2743631863312, 85.18148114650971, 91.18473195582126, 96.53354117029104, 105.46702179941872, 100.55654997622247, 97.46213530851277, 93.63071480229917, 31.846423040721994, 44.362991663727776, 64.31543554664007, 80.06178592412121, 92.39520489948825, 104.48569140172613, 120.20635108374891, 128.88135874293047, 153.6379984741222, 142.16964924989415, 144.04050990130864, 137.0431353202712, 131.93631872043946, 124.06998626387045, 113.13151358974362], [27.487630178417547, 20.93554514788696, 13.504193408934906, 14.891146423834465, 19.32173981185716, 24.95460336227841, 30.375328491649245, 70.0102834688932, 76.532518058604, 83.71315393431588, 91.21117112639025, 99.31811791246514, 92.17958695575088, 85.359828565029, 77.93368813937948, 37.86039061611334, 29.157580852257993, 20.234853572351867, 10.730525773981906, 5.635311871119293, 0.0, 10.702585224958922, 19.90158267148442, 27.676378488905613, 34.38219231257031, 73.41004933702483, 80.06499310984728, 85.68055645234571, 93.33023792815187, 99.40283372585789, 99.56141170887364, 93.59932593022386, 85.84470582827566, 79.95276519507111, 73.72281829011322, 45.1775156758922, 51.469952397878224, 58.09290584598779, 57.201707545287036, 66.43138816473892, 76.21364008485638, 82.80935005829346, 85.19380659767896, 82.77764742029414, 73.24137698999678, 64.85496487245449, 60.37107232959178, 79.34298660411794, 72.21705730674793, 75.24878643282108, 82.61159293269955, 87.61594548931815, 95.24456256309826, 103.98489691921142, 107.10332141888709, 103.75451958043443, 99.87441149611215, 95.2678136221903, 93.15218716181366, 80.92819064650307, 80.47813798841031, 86.36890888015196, 91.88491253684748, 101.23833690412155, 96.100466212754, 92.85622134948784, 89.03991353282396, 37.10337999641201, 46.48193925239665, 64.12229783353855, 79.0682741171655, 90.64740675388394, 101.992054614835, 117.30036762414723, 124.54170450235951, 150.9602776015123, 139.4636252071752, 142.120853531552, 135.4599817464459, 130.4790984780955, 123.32801621145684, 112.80875025800047], [20.260681086566613, 12.925426030275602, 10.685534558916277, 19.8098547389678, 17.94308712413962, 20.047391749942285, 24.75332960690713, 63.360884576595154, 69.47657438625282, 76.52484572844949, 84.39537240710528, 93.30010818559052, 85.5730796956609, 78.60805851080386, 71.29653192669943, 27.992390709486713, 19.13977098342519, 10.205109156356635, 5.600077454959084, 14.843172814348323, 10.702585224958922, 0.0, 9.974854794011788, 18.454871807729365, 25.06737407238477, 65.08593040484176, 71.95912762177613, 77.90679642206973, 86.1314249278408, 92.73799045265466, 92.74776006510498, 86.21931109309547, 78.12912805851138, 72.08388605900332, 65.99751080677139, 36.43170895092475, 43.320853001737184, 50.67811379770269, 52.22651232288139, 61.11104602850057, 70.20447444289847, 76.04592384872507, 79.13701364934758, 76.53379670711254, 65.3802314337052, 56.596748097165346, 51.85170527431176, 78.67032437797432, 69.29376924752546, 71.02569677660001, 77.76821439118952, 82.45352499268833, 90.28974972671506, 100.04094416501958, 103.6335812217255, 100.2742590909153, 96.7270058135988, 92.68614784205927, 91.7861211731002, 79.77225608844567, 77.56823729706984, 82.20597337693678, 87.6513678399475, 97.39001611149472, 92.32480493827286, 89.57737183644424, 86.53997362491137, 46.374439281438924, 56.343113342607325, 72.00719969063101, 85.74302915666237, 96.22849568064953, 106.076261633814, 120.18995826493293, 122.88894792280165, 150.4845939728789, 137.63203298795082, 140.74876733880927, 133.68854040065867, 127.87959242149752, 120.03026431601043, 107.80007555862332], [12.17567905692878, 5.633922121797744, 12.44539525200522, 24.343381533124134, 17.997711736798458, 15.208446036941119, 17.91191211491205, 54.636471067902086, 60.64233431436984, 67.65207942454742, 75.64518038448288, 84.93341728503296, 76.8056731331481, 69.71620866305518, 62.49221073941335, 18.804323796195973, 10.925274294775805, 6.356348632843702, 13.423086399549732, 24.03784399009722, 19.90158267148442, 9.974854794011788, 0.0, 8.722819621343096, 15.315051413003356, 55.86367733934451, 62.98110589551596, 69.12655348436718, 77.72149487642623, 84.56920573603578, 84.29997857508626, 77.4987176237944, 69.15830357107409, 62.99336831595546, 56.89538754282694, 26.677976463162985, 33.78914263916707, 41.944276542057416, 45.415702873447316, 53.98111955469427, 62.46010845791193, 67.52085222954938, 70.61849790394848, 67.7830781611712, 55.89491781826647, 46.85804149743403, 42.22776124123923, 75.14528042617601, 64.07506759429782, 64.65009840798223, 70.6957937913502, 74.93712229800386, 82.62828142469547, 92.8740304560498, 96.87583243568244, 93.75069132465286, 90.71592519780981, 87.31744188219102, 87.54041448629984, 75.67447992233308, 72.04702323385591, 75.5610565616388, 80.71040975177961, 90.37196926875289, 85.57463413315219, 83.45960599949095, 81.21746509894048, 54.765907210291424, 62.956561849062275, 76.15155493514571, 88.49933159897998, 97.95177911109211, 106.32772167866554, 119.15566340225534, 117.95299285369647, 145.520625180949, 131.5724783811091, 135.04358524692017, 127.78670893668746, 121.4900873958152, 113.63745462587929, 101.11773852999647], [7.04869372044282, 7.899343546649049, 18.205450545496703, 29.685222406516097, 21.715085626006843, 15.128704395269349, 13.991115572701448, 46.19779572384606, 52.117457462970705, 59.11242365341213, 67.13698382850532, 76.6016992483109, 68.29235465442873, 61.169705899215394, 54.005452494853046, 11.998105552799323, 8.137998165415189, 11.913780126052604, 21.173992987593746, 31.512612010278698, 27.676378488905613, 18.454871807729365, 8.722819621343096, 0.0, 6.850008283148858, 47.36102153831491, 54.602931493779025, 60.80109897556527, 69.53580769873678, 76.44574305577942, 75.98521815452906, 69.10430407169157, 60.65964109675607, 54.44584864371142, 48.30118224579848, 17.994535002399974, 26.031868431339422, 35.633980528351245, 40.937711821530215, 49.15811103099584, 56.9863910013485, 61.07064650025773, 63.48075260246224, 60.165456919331085, 48.09297402344889, 38.45023921578815, 33.52814026293158, 73.027284125621, 60.81205116727708, 60.33744064847409, 65.57306023082737, 69.2100345214782, 76.412921089853, 86.73202221159366, 91.16414254528756, 88.54225924195542, 86.20487002605793, 83.5140056723695, 84.74056487979304, 72.95509411355906, 68.2268098838022, 70.69211593410031, 75.32646765559696, 84.46038341137911, 80.16007910794264, 78.84874248369725, 77.425687362093, 60.91854048636272, 67.8298863147619, 79.32263757890013, 90.58327139153957, 99.36119387264456, 106.636072197593, 118.3508520552077, 114.19166284118755, 140.42698840714903, 125.44041818651395, 128.83233911105364, 121.25452437034876, 114.48559813973331, 106.48177661705347, 93.9219679048808], [10.681384610499054, 14.557516921340598, 24.849364173516676, 36.04238922915679, 27.628651847163027, 19.878403718062323, 16.484958252089356, 40.78832033038338, 46.245761332327234, 53.07185819594265, 61.25837493787936, 71.13259985147366, 62.57709126431887, 55.47745763393, 48.48997403138659, 6.966568347782573, 9.69377503804978, 17.244867543249907, 27.317168256359462, 37.98130545376682, 34.38219231257031, 25.06737407238477, 15.315051413003356, 6.850008283148858, 0.0, 40.79177457442406, 48.11958970909359, 54.4503083351509, 63.43877130441694, 70.57930324552952, 70.01923330251516, 62.88419352641655, 54.311577586908534, 48.05563907453552, 42.041112789333276, 11.760805355579436, 21.564990931033243, 32.620781447176704, 40.19344066629363, 47.731721574104945, 54.62737453052894, 57.598626856501866, 59.68859605209528, 55.91070835891243, 43.13347552943313, 32.715116984451896, 27.02383465640585, 74.12392115838668, 60.882523980541364, 59.34794648403355, 63.72328764813175, 66.76343480889962, 73.57708265051208, 84.13442123117073, 88.9771585976014, 86.74326897184392, 84.99938310240312, 82.95480395864362, 85.10113542022509, 73.57853238127399, 67.7938772326745, 69.15262666849642, 73.33831156056134, 82.08685256089433, 78.22160562504546, 77.62693852533492, 76.97475792647877, 66.60702946936705, 73.60213710908587, 84.32914671752178, 94.90613900821798, 103.18297291523459, 109.62653378050176, 120.45545710577882, 113.61893144338725, 138.98909702032526, 123.00216054306095, 126.29073631019828, 118.31764788723946, 110.94234574401132, 102.3822340505203, 88.97133302710384], [47.67425263688836, 54.37092277982527, 64.00294761763546, 73.37184431194925, 65.20670590345699, 56.27194828608341, 49.48214944268539, 18.171293776085648, 13.85505368216298, 16.298209893341202, 24.862455276200762, 36.83844291389235, 28.060376179777386, 23.233824672581697, 20.42724601908515, 38.85881900768407, 47.541451378538305, 56.38008047049116, 66.11704021694082, 75.96902684283152, 73.41004933702483, 65.08593040484176, 55.86367733934451, 47.36102153831491, 40.79177457442406, 0.0, 8.03076514406498, 14.755260494471692, 24.899591289860865, 32.94748533743396, 31.63559328733384, 23.2783755034929, 14.307431779106585, 8.325435437093006, 6.876966565942064, 30.73154785030619, 34.16326439479947, 43.68243414963677, 55.93834946627214, 58.44647446264986, 59.026839127357995, 54.34251221887539, 50.14629474361614, 42.86728550288413, 34.26647006237233, 23.9674764609472, 15.8720135421563, 89.0807314958574, 74.29642816399871, 68.47277359538742, 67.