{
	"dissimilarities": [[0.0, 7.437041771014133, 16.010634842960357, 25.801778592751262, 17.0598616635318, 10.701592460123916, 7.614661871421608, 45.172386881268196, 51.1880343942856, 59.543414688679874, 67.78204131592203, 75.42892492458344, 68.00336663923032, 59.899601127450495, 51.470797906495186, 19.958498627572013, 18.710368861057336, 20.793671167195562, 24.88707765488245, 30.147429221878305, 28.211061024741007, 20.448234186047213, 15.77066303978815, 11.27175330155207, 13.605427835354316, 51.85668600403301, 58.85317928629961, 64.48777492954174, 73.08166470060088, 79.81331224245402, 77.93033788894395, 71.92135615596905, 64.98845700664573, 57.77203553188661, 51.68291125423986, 22.8852515977968, 25.247354456482046, 36.57516090986533, 39.42001609767708, 48.974672578764114, 56.053887906480085, 60.47035710393888, 62.41320939906607, 58.9041249538154, 45.53883820785683, 39.09518636412516, 36.24718657917181, 64.10095072005619, 61.97132456637768, 63.79990384819687, 67.24045140969363, 69.89287751235769, 73.88889768140251, 83.16611395329507, 83.89688121029236, 82.87704169816223, 80.52957135449688, 77.09158366976693, 72.34833168108291, 64.33117966855119, 66.8256678521877, 70.44412702318596, 74.1796073039265, 81.26707494819998, 74.96676962467689, 71.22301578368896, 67.73140282115625, 54.98791717583319, 58.09027890640809, 66.38337348345749, 74.75912794339983, 88.87830413681108, 99.50932564545096, 101.13447652331492, 106.77446700489222, 117.07036610925064, 120.2392717065641, 116.4702554830716, 109.02255264877606, 105.61687181643211, 98.20686849263917, 97.6183278907363], [7.437041771014133, 0.0, 9.028268479951905, 19.655045531553828, 10.891511983098168, 7.529150044507547, 10.485828100524492, 52.39217372523765, 58.51439603134874, 66.89646555888031, 75.11518377999164, 82.63237148178737, 75.24619014378911, 67.10295217771782, 58.672538273426355, 24.451221775540688, 20.25135836201308, 19.44578461266629, 21.031372275817812, 25.172360691429894, 22.63053037813979, 15.799911468946682, 13.481161804485879, 12.921169314583684, 19.114032530640184, 59.11665808999237, 66.16693634040662, 71.8535351155157, 80.479508399038, 87.18937196047752, 85.34512140584734, 79.35722107357412, 72.41199324009598, 65.17918212062266, 59.0702084498739, 29.657833551129016, 30.902603202339197, 40.57966376688602, 41.28321177054423, 50.96347800937852, 58.79865802463462, 64.09029090418709, 66.76556831981442, 64.19836886207433, 51.2370693829305, 45.57247398281392, 43.39457789831045, 63.876694340644555, 62.63879433764568, 65.7524652964307, 69.74795996542859, 73.14530074330217, 77.60664680943769, 87.31549132892044, 87.18606556343684, 85.48188853645924, 82.45037023345627, 78.33555193450778, 72.95058425110035, 64.48975171817087, 68.21728208220959, 72.75646943119277, 77.24891447463946, 85.25458561177359, 77.98477954670265, 73.48646271847461, 69.08081604597997, 50.92869049282777, 53.74725536132421, 62.22569719992117, 71.4750336261876, 85.80908091448741, 97.4467617860723, 100.10356270226139, 107.94669923631636, 120.20241343567471, 124.30051882786884, 121.38977246076026, 114.56798974197967, 111.78518531829283, 104.94294497424625, 104.62873429004583], [16.010634842960357, 9.028268479951905, 0.0, 11.214952674015391, 6.425193176227312, 11.233491080822962, 17.15125398752902, 60.28105203009294, 66.50752408962373, 74.95544603267462, 83.05196842631807, 90.10115377387645, 83.03552689439697, 74.96088150874478, 66.48512833052013, 32.33170905457115, 26.09553681422584, 22.128431955552298, 19.323359991562572, 19.981139713289277, 16.452669407333538, 14.369908158497257, 16.802471056379417, 19.923030537642763, 27.66233565495174, 67.74281944530327, 74.67236810227318, 80.2021392898832, 88.47507362462733, 94.83978752277903, 93.17392067698131, 87.48858837804677, 80.74052260739829, 73.61235489413085, 67.58008330079828, 38.647973586538754, 39.302083029467894, 47.97466256724878, 45.73706164069109, 55.311431803846574, 64.1231806449371, 70.04095852153272, 72.88194013409158, 70.96214958246446, 59.346955763480345, 54.120499760284275, 52.22011267119309, 64.9490340293491, 65.08527275750862, 69.82066828067009, 74.305464372622, 78.28410201323534, 82.90977899017116, 92.44132342784543, 91.73762406783632, 89.50907253324573, 85.80224219816581, 81.07656228337501, 74.978290124191, 66.04409159979822, 71.39856313606703, 76.9395817893976, 81.98404409355443, 90.32229672481908, 82.62713420434571, 77.56287568758277, 72.16561093561981, 44.77785080758185, 46.188364159333204, 55.22059608455431, 65.90740702587092, 80.91980964958661, 94.08232977151229, 98.46554326297559, 109.83093699758055, 123.11092397843201, 127.85814224108628, 125.65452039300928, 119.36288845977538, 117.21509828318653, 110.93307886549229, 111.16889996983492], [25.801778592751262, 19.655045531553828, 11.214952674015391, 0.0, 11.311065099727662, 18.94785216492207, 24.9630879695056, 67.45800857004828, 73.86133539603004, 82.36407147515392, 90.16211678008138, 96.31068982453178, 89.81067489086954, 81.89298038097034, 73.44363514663323, 43.14380758276985, 36.58526656052069, 31.370874034015838, 25.67900793526685, 21.63814321731093, 17.512053857390285, 22.260173055866638, 26.964909663989697, 30.792543455398373, 38.31717426071063, 76.90577093923466, 83.57201466017017, 88.75239181951329, 96.31468051407968, 101.94151471389878, 100.42583560399474, 95.31074061216009, 88.95189272531094, 82.01855797616736, 76.16482182860732, 48.53137868128104, 48.155045506382294, 55.99924406612286, 49.94723874340424, 59.084278306162744, 69.02565615068892, 75.31401328265216, 77.81371193827857, 76.48453850867014, 67.41290537813539, 62.70601729585378, 61.43760954534621, 64.50883911865073, 66.38631234462932, 72.9511976495851, 77.81517960460654, 82.20097370914226, 86.69418747600174, 95.46275613980985, 94.36171089273576, 91.75129686876602, 87.4073241249702, 82.20588790053796, 75.42542184597568, 66.1182586461975, 73.32463423360775, 79.87267890244622, 85.2393690240527, 93.37170454204633, 85.74153478477311, 80.32617850380304, 73.93675434391962, 40.59865612612902, 36.45399887812234, 44.43056273380668, 56.35944048036589, 72.20469873458912, 86.96442288302953, 93.41085709281812, 109.17391644175875, 122.627825992157, 127.94082262801416, 126.5894166347842, 121.07445228095506, 119.94163607631235, 114.91413243783217, 116.71923075252606], [17.0598616635318, 10.891511983098168, 6.425193176227312, 11.311065099727662, 0.0, 8.259687715347775, 15.297231905382164, 59.21624321329421, 65.74477060434727, 74.24724521652043, 82.22839391006328, 88.96749970630668, 81.89050911818958, 73.71769837440621, 65.31962775098783, 35.305616007180724, 30.505331914398145, 27.767557152740785, 25.710918937000773, 26.001891438497736, 22.217568337175404, 20.590180966918624, 21.996359194803986, 23.563315097348504, 29.81533518464785, 68.47225363941347, 75.41136737107361, 80.89889498325986, 89.08878664733584, 95.20915622478522, 93.26922998994812, 87.65180612490589, 80.92188687904242, 73.73344001715982, 67.71027520016679, 38.86155117190209, 37.48183752628472, 44.89866099205647, 40.479500206453075, 49.920955362967504, 59.196411638606044, 65.41295010922808, 68.4075928150203, 67.1606293687724, 56.816377672506306, 52.49687279394406, 52.08185108089401, 58.60788696452697, 59.00202622623, 64.23978679423905, 68.9016601777078, 73.14532867390804, 77.88835246305803, 87.50982647102694, 86.3565344198943, 83.85895090551901, 79.91250104531048, 75.0184030032529, 68.77216274632478, 59.76843459966712, 65.48995573934815, 71.36329856493667, 76.64548772451006, 85.31019986176139, 77.24653818226436, 71.94173256303161, 66.22446026411964, 49.517473067439305, 47.31491253235313, 52.83907854595005, 61.82617232141549, 76.01921309408955, 88.46059505450664, 92.3338562930686, 103.59944702660219, 117.71163167239837, 123.11997695915933, 121.70101236210154, 116.18224294099785, 114.89509318339154, 110.06360504998898, 111.89147594992014], [10.701592460123916, 7.529150044507547, 11.233491080822962, 18.94785216492207, 8.259687715347775, 0.0, 7.397777530532872, 51.4129212221847, 57.95390413408671, 66.42967351858091, 74.4672262597419, 81.46991406247498, 74.16047105026821, 65.91324401495962, 57.55186247070289, 29.775987844999587, 27.199918969175794, 26.97135953877366, 27.88168566766339, 30.529223541935696, 27.355263868784153, 22.564490487333874, 20.947528192628482, 19.586181478986937, 23.551772838004425, 60.76253855412791, 67.745575367148, 73.29287445377406, 81.66080968518469, 87.93735291013334, 85.80268387898822, 80.00759778310986, 73.16739482957311, 65.90885013274163, 59.85494228332784, 31.00210926867761, 29.309120244505003, 37.49074957493502, 35.069192064375216, 44.72485401891312, 53.300721630147386, 58.944423621074776, 61.66607896861228, 59.85792988300978, 48.78126115173119, 44.24523445828863, 44.031240044963596, 56.53391453474738, 55.63756609204983, 59.40888633186895, 63.621790711971876, 67.31151426858297, 71.85715062601277, 81.55287881968688, 80.9644321231842, 78.98373513430631, 75.66837798816789, 71.37434542317628, 65.79633802222548, 57.21829334417459, 61.43334515890844, 66.39837106478143, 71.13789982688701, 79.41282368958116, 71.81623585248057, 67.06439212493063, 62.25240933992352, 54.960131201323215, 53.68594216563972, 58.63422384995017, 66.11293303295594, 79.61674544608293, 90.49676365674252, 92.6910401625174, 100.68908686717221, 113.64911318309143, 118.45905564822608, 116.44502117811228, 110.52565502183685, 108.80819649436135, 103.75775860622393, 105.51296662116985], [7.614661871421608, 10.485828100524492, 17.15125398752902, 24.9630879695056, 15.297231905382164, 7.397777530532872, 0.0, 44.055872393062664, 50.5771381938111, 59.060294785950454, 67.09318279098382, 74.13585222355289, 66.81986258983706, 58.594479594610696, 50.208214081836374, 26.407955607602684, 26.192348034206443, 27.98078080165588, 30.809422809083152, 34.560462758187775, 31.92819129938514, 25.9699631836111, 22.522470257408045, 18.644547087243016, 19.5323851818965, 53.85409071895231, 60.729917048056414, 66.16877801569319, 74.41158050456174, 80.61834911732754, 78.43918527576407, 72.68396890592737, 65.90193369754077, 58.681868603835895, 52.677516821851526, 24.829644063064517, 23.54693230271608, 33.43933851806, 32.997578530510175, 42.589722779071685, 50.464308859426026, 55.18272724398443, 57.05626427773142, 54.24528705162883, 43.00255071105491, 37.754741141867704, 37.178488203171085, 56.801766023284586, 54.96397563094147, 57.38318579063116, 61.009100853567645, 63.90028848963315, 67.93214948185941, 77.1309244668916, 77.47836092065558, 76.23778716689492, 73.64406432665828, 70.07943827781075, 65.17979645771801, 57.06908249050361, 59.98113028605168, 63.98008056508098, 67.90225750510736, 75.16340796955659, 68.63137863452316, 64.69266316349724, 60.84217080316531, 58.43646956161733, 57.615155999300654, 62.628996227298394, 69.29097711309633, 82.61899754065776, 92.47370851804865, 93.63863960244935, 99.43297568738967, 110.22605621694748, 114.05550646809667, 111.15633017666755, 104.60425244797358, 102.30535296901266, 96.78749014578275, 98.45558794064999], [45.172386881268196, 52.39217372523765, 60.28105203009294, 67.45800857004828, 59.21624321329421, 51.4129212221847, 44.055872393062664, 0.0, 7.051588320302668, 15.350748764821114, 23.100479795534852, 30.81138303136636, 22.885406626902196, 14.738243099132745, 6.333534594521293, 44.06249385727682, 52.734609101089, 59.74313690197865, 66.78606697635148, 72.62272062176527, 71.51640713531721, 63.96007331432594, 57.597145212647156, 50.01760805663103, 41.09108945481033, 22.634828192307495, 25.835506087045907, 28.786126142351943, 34.75246120503962, 39.73800352191684, 36.39371552538538, 31.117078260804757, 25.44060962904761, 19.59203005825507, 16.121531691990747, 28.677344812365565, 29.7691558371296, 37.54558703818799, 46.93064509441304, 50.700981274624105, 50.937395251416824, 47.774638656220354, 42.79976478549421, 32.55140492521902, 26.605888073895713, 19.437916578195132, 17.684179168934307, 71.97191517516134, 65.8533597912239, 60.13169723445934, 59.12842666647286, 56.0176876177897, 55.43354376772647, 59.19883691831499, 66.0745692789155, 69.9507944201499, 72.42135219957035, 73.8675987964968, 73.82345650122355, 70.12764892070062, 65.29243347757235, 62.494951146493676, 60.19238003702223, 58.86671216664205, 61.09485703961754, 63.32117403138815, 66.16543150535836, 92.2322188980691, 92.28595482119096, 95.78576565993976, 97.79597928575322, 108.44002994337004, 112.05641315559546, 107.31113681701514, 99.1924227016082, 96.02405215910301, 93.14909404009008, 84.35840439401309, 73.74673115054634, 67.10869253125679, 58.87577987170127, 61.075891132387035], [51.1880343942856, 58.51439603134874, 66.50752408962373, 73.86133539603004, 65.74477060434727, 57.95390413408671, 50.5771381938111, 7.051588320302668, 0.0, 8.523908518127937, 16.610909190881603, 25.290860435115803, 17.174642987172398, 9.818730850749043, 4.398190382918981, 48.196023097816344, 57.223657830509914, 64.49158854969096, 71.86443986699905, 77.95688110834877, 77.09759104936333, 69.3533700510221, 62.820049377305544, 55.2035955826492, 46.0121846564983, 19.52220252929564, 20.864056858241426, 22.746202451998293, 28.01640314578545, 33.011206473949564, 29.48760430046385, 24.11579457033745, 18.755132438095153, 13.780932201171625, 12.209008879038828, 33.565647085154325, 35.74481939880276, 43.030353403161925, 53.448578351493595, 56.729817522067485, 56.068066356270414, 52.11163906528392, 46.61584053842373, 35.86757410962696, 30.582654664811862, 23.88410102698358, 20.848011674250785, 78.21320607760647, 71.81192414510723, 65.37593460958593, 63.8790917311433, 60.122353301412645, 58.945712127672564, 61.74779128901033, 69.45830451620773, 73.95187946349823, 77.02978179618329, 79.01096484722781, 79.47256903451108, 76.23382138366087, 70.74816194564443, 67.24214381146072, 64.23942937796075, 61.714865092370275, 65.14767780319019, 68.07410563163944, 71.61175912131453, 97.01147215734613, 97.98991590058945, 102.13882421410119, 104.23098696200552, 114.86954035501678, 118.15631171608455, 113.0426492835506, 103.51828518024008, 98.32355182212136, 94.16686789805006, 84.1247593642775, 72.50704514982169, 64.46758853586972, 54.51012380616014, 55.3224864215209], [59.543414688679874, 66.89646555888031, 74.95544603267462, 82.36407147515392, 74.24724521652043, 66.42967351858091, 59.060294785950454, 15.350748764821114, 8.523908518127937, 0.0, 8.463174578421562, 18.57570194163844, 10.195028134349114, 6.44367044092674, 10.256009035226274, 55.37755620146419, 64.68422762647629, 72.16352821519091, 79.77288927487305, 86.03220528943653, 85.30181517629835, 77.42207027931235, 70.76015675058393, 63.105852404309765, 53.73450723723198, 20.845772471796078, 19.19255781814454, 18.812804500661485, 22.027210051610098, 26.347423427408494, 22.151098468686964, 16.995277216091683, 13.08262894545286, 11.426023924144525, 13.90718407425547, 41.100261381745845, 43.32252967330664, 49.40284006727181, 60.371582235505095, 62.79952751860506, 60.99644539984298, 56.02114407129641, 49.83496241793098, 38.801688743166274, 35.39235187905111, 30.051389060087125, 27.45564887598858, 84.35128063616546, 77.56191889630928, 70.19330491525466, 68.03225057943894, 63.45164228605399, 61.492133565028865, 63.03282300622443, 71.67203492368172, 76.92002228721255, 80.78076211895677, 83.49289103453837, 84.68152457705416, 82.16275840781668, 75.76032460622038, 71.31766298734627, 67.39881957210439, 63.365233498930394, 68.29771494121849, 72.13939148223989, 76.5974574928393, 104.67864160939536, 105.96759963532499, 110.0504792335087, 111.69466508910293, 121.91355336982436, 124.37337965118842, 118.46310550684402, 106.72602848661634, 99.17686679379375, 93.65837479027633, 82.41432124162613, 69.99511660049124, 60.69971577097037, 49.7093818522295, 49.96475756517638], [67.78204131592203, 75.11518377999164, 83.05196842631807, 90.16211678008138, 82.22839391006328, 74.4672262597419, 67.09318279098382, 23.100479795534852, 16.610909190881603, 8.463174578421562, 0.0, 11.138590325618816, 4.436906066330569, 9.816366686006386, 17.218443222379367, 63.74461926545654, 73.02883682426335, 80.44853300358055, 87.9653658672644, 94.06356306440372, 93.34960548097744, 85.69010566084647, 79.11094457273917, 71.49924241778734, 62.16927117949932, 27.371746289428994, 23.773061862278407, 21.064792680745043, 20.1302657353337, 21.67643296796355, 16.847382838962645, 14.18645488848775, 14.502816605603684, 16.96515104873841, 21.265705515858293, 49.54814175522341, 51.35286138442251, 56.52169399271357, 66.80887537574523, 68.4263579932329, 65.97705512738143, 60.1565831641581, 53.04299022395844, 41.957628763817496, 41.678764149826804, 37.59125998051522, 35.8073915572754, 89.3462067152057, 82.46251069648333, 74.56479318447721, 71.8306967979825, 66.49885371040776, 63.62089560390732, 63.389606875452614, 73.03564367839348, 79.05682754697331, 83.61047387702321, 87.0335687571343, 88.8528292067876, 87.00371401252728, 80.01742889028303, 74.86076647296919, 70.0285759261203, 64.15589383946165, 70.86864496254435, 75.61780771322651, 80.78924382992139, 111.97508615095198, 112.69508486528937, 116.19621412191906, 117.11688922833419, 126.81387677034533, 128.35516810669466, 121.77281795756001, 108.42768034259906, 97.87983010335935, 90.83733822023133, 78.36239095421755, 65.19007142003943, 54.83299076895637, 43.51693396973056, 44.94478106424953], [75.42892492458344, 82.63237148178737, 90.10115377387645, 96.31068982453178, 88.96749970630668, 81.46991406247498, 74.13585222355289, 30.81138303136636, 25.290860435115803, 18.57570194163844, 11.138590325618816, 0.0, 9.343057857960426, 17.20695116511432, 24.614126542269275, 73.15942831055004, 82.00308202773964, 88.95372585243295, 95.87191166887894, 101.28280393670157, 100.4536956896701, 93.61202265089877, 87.45987762117292, 80.05040737924008, 71.09677819088472, 38.117157374766045, 34.129067771489176, 30.392129084818805, 25.70602752739869, 22.339504184804284, 18.43727353382235, 20.82278218618048, 24.26234293539223, 27.7323007696621, 31.960548242288727, 58.84177099151579, 59.82453826619375, 64.53816062123448, 72.39200862998587, 73.27420623720133, 70.99350059431208, 64.61975453472607, 56.163501406429255, 45.25214306891515, 49.68068535887854, 46.55338821404897, 45.7321140856934, 92.33315370638861, 85.89729734155208, 78.18833158842658, 75.05363707522834, 69.10530601988827, 65.08389568451712, 62.145994188759005, 73.00435924906522, 79.8386728439711, 84.90384878383138, 88.98427934488372, 91.23582433406345, 89.94523234972819, 82.9933611762004, 77.53368749162081, 71.80652090351295, 63.47880667331909, 72.50295114059668, 78.13264458280163, 83.63256763068134, 117.71308766322397, 116.52986049026666, 118.7191082994126, 118.5171206244259, 127.56180767404607, 128.0920582948091, 121.17027512759147, 107.54677028348671, 92.60465135821413, 83.56923522463902, 69.5603124008533, 55.372010370229056, 44.03475735128571, 33.57283129117688, 40.347199266964765], [68.00336663923032, 75.24619014378911, 83.03552689439697, 89.81067489086954, 81.89050911818958, 74.16047105026821, 66.81986258983706, 22.885406626902196, 17.174642987172398, 10.195028134349114, 4.436906066330569, 9.343057857960426, 0.0, 8.475238923090071, 16.62851952040677, 65.1896276780045, 74.34071270249565, 81.61262121243554, 88.88268479277312, 94.71595180117183, 93.82000701348683, 86.40832356182956, 79.96907473993889, 72.36834151237538, 63.16147715560669, 30.52727280580499, 27.605340565427063, 25.336339701244476, 24.361370548593754, 24.918852125206488, 20.21654960313015, 18.50994208605902, 18.775039562848356, 20.382907475921314, 23.9249453421291, 50.37489855054802, 51.18954251763674, 55.761283256205544, 64.9428160316139, 66.14870518184608, 63.69406560599022, 57.65258916403386, 50.03868255124498, 38.9436357191527, 40.807557640412256, 37.474405863734006, 36.97848920479068, 86.50556942034557, 79.68997827247327, 71.78492145671801, 68.90938155039804, 63.38542080649627, 60.19089701074974, 59.38243680981188, 69.27106227804745, 75.471718430994, 80.14742038854604, 83.7578351715605, 85.73488937921826, 84.1171596420082, 77.04671403204844, 71.77099030082628, 66.68170878873495, 60.245156283790855, 67.48346329516737, 72.48125391952298, 77.7786564019374, 112.6389933506306, 112.17517938357163, 114.6253182121735, 114.83938168407397, 124.05812244393226, 125.06784876615814, 118.15875732706081, 104.50699462037939, 93.45244494374056, 86.45305240564913, 74.20835866857642, 61.39372823601948, 51.75102410977564, 42.42698489400224, 46.73619972141764], [59.899601127450495, 67.10295217771782, 74.96088150874478, 81.89298038097034, 73.71769837440621, 65.91324401495962, 58.594479594610696, 14.738243099132745, 9.818730850749043, 6.44367044092674, 9.816366686006386, 17.20695116511432, 8.475238923090071, 0.0, 8.511092470337635, 57.67188754626175, 66.77812364208995, 74.04640980722678, 81.29369775792152, 87.1732270440743, 86.14618261568143, 78.60249078401918, 72.13775595798509, 64.49000648259953, 55.30782110583932, 26.20271999252257, 25.367122823639342, 25.200600698020793, 27.596612759809382, 30.420905250711606, 26.035771836949888, 22.180025127573277, 19.243939700308616, 17.501236895936643, 18.899161206341883, 42.34383265283545, 42.76848975314631, 47.718386094402376, 57.08779528093385, 58.848018382795075, 56.947720033594436, 51.596210052515154, 44.67859816613492, 33.507877369207336, 33.33864717359323, 29.38894643224253, 29.333625369586112, 79.75505922879034, 72.98067048720291, 65.5020261881019, 63.11553202412479, 58.24507767200201, 55.880293063790475, 56.81752029682507, 65.71555849076577, 71.18515511155594, 75.22092261718085, 78.2009848587385, 79.63997349858771, 77.47546448650166, 70.85626974750407, 66.19498995561416, 61.91658377584266, 57.23594778972353, 62.772503414902, 66.96046907500619, 71.64423851827692, 105.96363523186419, 105.45648024719401, 107.88098992689537, 108.41998758054746, 117.88411571753464, 119.51688116343517, 113.04167653718797, 100.68973443964819, 92.76091935920586, 87.50917291704634, 76.79840810938468, 65.07951926187926, 56.96659797534379, 48.77851918232878, 52.71466152229715], [51.470797906495186, 58.672538273426355, 66.48512833052013, 73.44363514663323, 65.31962775098783, 57.55186247070289, 50.208214081836374, 6.333534594521293, 4.398190382918981, 10.256009035226274, 17.218443222379367, 24.614126542269275, 16.62851952040677, 8.511092470337635, 0.0, 50.05404137868465, 58.862074688698776, 65.92164720640173, 72.97891166760577, 78.74889443624463, 77.67224347461348, 70.22963555429776, 63.87984945486729, 56.30228144316871, 47.31344023854231, 23.687906462377047, 25.10133554915591, 26.728057029938, 31.20991120320399, 35.26756594691231, 31.567096091499465, 26.89372049866783, 22.2061228655934, 17.782034284937595, 16.356141426062504, 34.72512625108704, 35.45388017223228, 41.95167509532889, 51.0636116528644, 53.923557577628806, 53.30702341960966, 49.14212586879068, 43.125917730557184, 32.254977091382024, 29.293240883742346, 23.61361736420668, 22.732235709904693, 74.94010543779532, 68.58619901970003, 62.14757630748305, 60.53454342533025, 56.61995000732552, 55.19603281210781, 57.62306362441248, 65.47217860922507, 70.0844314787994, 73.2354846550682, 75.36564979504959, 75.95271875599063, 72.90806565617284, 67.34212694046707, 63.749689779708454, 60.54280622279353, 57.63055726694252, 61.419115640776695, 64.53950248329518, 68.17087201748738, 97.8109006924387, 97.44301335337629, 100.40058915278915, 101.71792866181477, 111.86633669386795, 114.61903591624154, 109.17051909633774, 99.4028826783388, 93.9583651439413, 90.003879235201, 80.34326811314435, 69.20124247585318, 61.96243017258405, 53.746924072234115, 56.86623844592502], [19.958498627572013, 24.451221775540688, 32.33170905457115, 43.14380758276985, 35.305616007180724, 29.775987844999587, 26.407955607602684, 44.06249385727682, 48.196023097816344, 55.37755620146419, 63.74461926545654, 73.15942831055004, 65.1896276780045, 57.67188754626175, 50.05404137868465, 0.0, 10.473841364839451, 19.45939291427289, 29.16423326681216, 38.20986638134488, 38.29087362984348, 27.20070209585513, 19.30560587517662, 12.621859567208155, 7.0828415653236245, 41.34739566103765, 48.49273947928017, 54.71067438431756, 64.60240416953893, 72.98236476847202, 71.35291413328994, 64.3449037385712, 56.93774952699062, 49.91688086371514, 43.9352468636762, 17.602837727152657, 27.524945922034977, 39.632155015015236, 51.18710426570843, 59.816412012437475, 63.75554883881759, 66.67124592143904, 68.7240684106845, 63.65782083477443, 45.303985564120616, 37.02885270428961, 29.655100986163394, 79.16988660566327, 75.09899424533434, 73.975957997619, 76.38971460927607, 77.91833316974758, 81.64683020292547, 91.2937305111205, 93.0845253432527, 92.94634311193235, 91.82418088636521, 89.33582518481685, 85.81880202317052, 78.81350683881004, 78.65217165779939, 80.32528613001912, 83.06586589022109, 89.57412953947842, 84.04458327503956, 81.32549537932016, 79.71310086943483, 62.79962117843196, 73.38223954282684, 85.36764368277892, 94.6334209111517, 108.79143987504708, 118.82999671478476, 119.1301844164358, 120.07662273220673, 129.0147474487122, 130.57156609069824, 124.77564518204842, 115.47060322127432, 109.48595792882841, 98.25620520427216, 92.45479298484722], [18.710368861057336, 20.25135836201308, 26.09553681422584, 36.58526656052069, 30.505331914398145, 27.199918969175794, 26.192348034206443, 52.734609101089, 57.223657830509914, 64.68422762647629, 73.02883682426335, 82.00308202773964, 74.34071270249565, 66.77812364208995, 58.862074688698776, 10.473841364839451, 0.0, 9.090218503198482, 19.036204615922294, 28.478215554147173, 28.932423453506157, 17.671422429048373, 10.27954029943149, 7.69780625913734, 12.548435794380989, 51.23572061606244, 58.192552825549946, 64.19292840405127, 73.63557501621298, 81.66932259899706, 80.35538633222653, 73.69797875054103, 66.52392011085851, 59.61946305323272, 53.693764204206175, 26.685873478214965, 34.7628633281882, 46.30532508129199, 54.903204670021154, 64.1113038348814, 69.37887690451443, 73.28973221174603, 75.78673643321977, 71.41563594739257, 54.022676763233726, 46.23754780112261, 39.55108131564083, 81.0807969501914, 78.16675405952826, 78.6911986869976, 81.77669826369916, 84.0854056589102, 88.1993644013358, 98.01580251798686, 99.15177798696644, 98.38579849433779, 96.4880083966782, 93.24723232441882, 88.88955996656938, 81.18529197929732, 82.64284470272953, 85.46735200796483, 88.98186563373768, 96.17346567952453, 89.89366598354384, 86.39555646954854, 83.64981323290766, 53.589472553020286, 65.93715523052022, 79.83133232068494, 90.82807469000974, 105.8317897659947, 117.50770096560066, 119.50781294889497, 123.87577360089742, 134.15154722922014, 136.3588507899809, 131.13300682466127, 122.14517605831823, 116.60077946639868, 105.48080730610756, 99.69970490887293], [20.793671167195562, 19.44578461266629, 22.128431955552298, 31.370874034015838, 27.767557152740785, 26.97135953877366, 27.98078080165588, 59.74313690197865, 64.49158854969096, 72.16352821519091, 80.44853300358055, 88.95372585243295, 81.61262121243554, 74.04640980722678, 65.92164720640173, 19.45939291427289, 9.090218503198482, 0.0, 10.09212896852082, 19.785086750683153, 20.714841470440586, 10.064948936032511, 6.298153065095196, 11.483638130330908, 20.11599365156129, 59.51043945070856, 66.30188713941105, 72.07903683126843, 81.05281069404496, 88.67946405285764, 87.6132009681794, 81.31951461233498, 74.38165150089786, 67.57944124911079, 61.711436948544545, 34.65414681736454, 41.56977807463427, 52.74005441408525, 58.69528359296658, 68.20582108018088, 74.5494425211555, 79.10859927990506, 81.72698843626539, 77.8046346334282, 61.53365092934581, 54.02865122007946, 47.76509610347565, 82.90652454845639, 81.0576541717476, 82.96102185662704, 86.52514709107356, 89.36176516748635, 93.6504662931528, 103.36238929610879, 104.08908087419661, 102.90054185694011, 100.4161042863579, 96.63315720497765, 91.61968459660629, 83.39689232302011, 86.22628352618577, 89.95143433136332, 93.97228699843998, 101.46441211041747, 94.81538676402307, 90.80052517861516, 87.16901527802997, 45.18224940931386, 58.85181895242223, 74.46578733402082, 86.97766471139207, 102.72285208000389, 115.80514735089481, 119.35569393453682, 126.81986076215183, 137.78662645788992, 140.41824499714502, 135.62423924588754, 126.90478213284851, 121.76739994943965, 110.86355179956004, 105.37769908553481], [24.88707765488245, 21.031372275817812, 19.323359991562572, 25.67900793526685, 25.710918937000773, 27.88168566766339, 30.809422809083152, 66.78606697635148, 71.86443986699905, 79.77288927487305, 87.9653658672644, 95.87191166887894, 88.88268479277312, 81.29369775792152, 72.97891166760577, 29.16423326681216, 19.036204615922294, 10.09212896852082, 0.0, 9.855533179023086, 11.370422603710642, 5.783915448366878, 11.52014576109717, 19.07557391398406, 28.6133586574628, 68.38449053183231, 75.04531118738898, 80.59129799952399, 89.04811083053079, 96.14555888803906, 95.25050000698477, 89.37007248627134, 82.67827546101684, 75.94253007839792, 70.11559241614296, 42.96745051654126, 48.553548358938436, 59.23498241709038, 62.16194948468323, 71.81899379556671, 79.29254231875899, 84.46688132572078, 87.11372383000692, 83.71933544794068, 68.9542685209815, 61.835854266507496, 56.24094893581304, 83.78871247300036, 83.16479938272292, 86.57512419601933, 90.61088524536645, 93.9707720348497, 98.37897536617665, 107.85429835101554, 108.13606178041601, 106.51043404318098, 103.40565531324476, 99.0818323332222, 93.39771644406186, 84.69454119491787, 89.01831662999498, 93.69243624327375, 98.19910858072534, 105.91035121338419, 98.9544038954306, 94.43899886651957, 89.87451235555595, 36.178267245531444, 50.24850706391593, 67.36544495978119, 81.3731835179792, 97.80039773409663, 112.31750142449604, 117.55965760398746, 128.4816784776719, 140.08964130353135, 143.24480437707112, 139.06681336635154, 130.81940687048046, 126.34262604234839, 116.09749987623448, 111.50115721131634], [30.147429221878305, 25.172360691429894, 19.981139713289277, 21.63814321731093, 26.001891438497736, 30.529223541935696, 34.560462758187775, 72.62272062176527, 77.95688110834877, 86.03220528943653, 94.06356306440372, 101.28280393670157, 94.71595180117183, 87.1732270440743, 78.74889443624463, 38.20986638134488, 28.478215554147173, 19.785086750683153, 9.855533179023086, 0.0, 4.252767505311922, 12.409945386180231, 20.01808473138262, 27.26677310391462, 36.72947921715196, 76.10993644377875, 82.60009656376172, 87.87080993055677, 95.73599008347911, 102.22001124498463, 101.4784326269387, 96.06779082866176, 89.67179822637577, 83.04140108634914, 77.29905853124563, 50.5554349502456, 55.07411312697926, 65.42376705290928, 65.52313457113713, 75.15159184289462, 83.60971090296182, 89.16331072608375, 91.5923292297759, 88.57134222539571, 75.53480777398471, 68.71591307093729, 63.68427501106214, 84.43138923768304, 84.99341928806237, 89.74077468907983, 94.111336050493, 97.81323496884335, 102.17307483645274, 111.15729801875644, 111.18083358146424, 109.27338759200286, 105.68163357842161, 100.9763943185526, 94.75271081665875, 85.69998390753327, 91.36461327039592, 96.81870439243829, 101.61085655798692, 109.22425714731556, 102.27215164291094, 97.45239590180338, 92.12271180214454, 27.864594604674814, 41.11179744415209, 59.71068902452257, 75.13598555458603, 92.24744582654058, 108.07607170262851, 114.975096573881, 129.25752891491533, 140.91551225349323, 144.40559372683313, 140.7488167133411, 132.95583324938366, 129.14454504775765, 119.6667244213528, 116.1874546163741], [28.211061024741007, 22.63053037813979, 16.452669407333538, 17.512053857390285, 22.217568337175404, 27.355263868784153, 31.92819129938514, 71.51640713531721, 77.09759104936333, 85.30181517629835, 93.34960548097744, 100.4536956896701, 93.82000701348683, 86.14618261568143, 77.67224347461348, 38.29087362984348, 28.932423453506157, 20.714841470440586, 11.370422603710642, 4.252767505311922, 0.0, 11.84933980340479, 19.616597125334376, 26.61839873117034, 36.10641349393721, 76.07742022925062, 82.67868727293344, 88.00105374763484, 95.91750872878329, 102.3185900226396, 101.39446392046197, 95.96635339266052, 89.5064532178034, 82.75466439194051, 76.93357042109224, 49.55248403408683, 53.16286621954701, 63.04418217443882, 62.18103967083971, 71.76336134514334, 80.4662267648276, 86.22144778515062, 88.78064910405678, 86.12356679557034, 73.60131621560024, 67.184727827904, 62.88460286845499, 80.44286903890331, 81.2002113233557, 86.26134132435739, 90.75101423263969, 94.63002337380206, 99.0837595337158, 108.15622084825573, 107.89682376840601, 105.80733724188916, 102.04983634568147, 97.21469498732556, 90.87737174743064, 81.7741071634201, 87.6964717490524, 93.36647912037868, 98.32558165028833, 106.16958287162467, 98.96396610845854, 93.97613438782511, 88.43567446867156, 29.966876979567783, 39.82971082154452, 56.745010844252775, 71.63878934473634, 88.47897356604686, 104.12384282264784, 110.91048928080386, 125.37330029535661, 137.62317375368465, 141.5421297973671, 138.37310646485793, 131.03660818522297, 127.74382385319775, 119.11773871063293, 116.62878257231773], [20.448234186047213, 15.799911468946682, 14.369908158497257, 22.260173055866638, 20.590180966918624, 22.564490487333874, 25.9699631836111, 63.96007331432594, 69.3533700510221, 77.42207027931235, 85.69010566084647, 93.61202265089877, 86.40832356182956, 78.60249078401918, 70.22963555429776, 27.20070209585513, 17.671422429048373, 10.064948936032511, 5.783915448366878, 12.409945386180231, 11.84933980340479, 0.0, 8.035964264447294, 15.712467713261015, 25.616716747964443, 66.69443387105905, 73.5733123923289, 79.26858399117872, 87.94879657820206, 95.0734297441026, 93.87399535517345, 87.84959063906463, 80.9850097729756, 74.03448587494296, 68.05885698984333, 39.652083496642476, 44.123030139391126, 54.246169357413415, 56.65386949819309, 66.29440256813645, 73.84866570569007, 79.23415960792191, 82.1590192585346, 79.19212788631174, 64.62432247324894, 58.0136173570067, 53.39358661859173, 78.25886719475034, 77.54811790286536, 81.01338267431468, 85.13584462162788, 88.66755557253973, 93.24288138286636, 103.0104627509352, 102.9505668650144, 101.1354221449305, 97.9250847309883, 93.51644802815817, 87.82153952592712, 79.14436085819737, 83.43715710651298, 88.203125097361, 92.88420908400121, 100.98173576765511, 93.63530749473911, 88.95027179431219, 84.2975246078658, 40.023150912736355, 50.81458655551985, 65.5744928005161, 78.47944171545262, 94.30246779583798, 108.19400735010689, 112.83453106258843, 123.08404317278294, 135.52963078743574, 139.20167196145678, 135.57379771342536, 127.85025080737002, 123.93467550992872, 114.70081467256111, 111.24244003677762], [15.77066303978815, 13.481161804485879, 16.802471056379417, 26.964909663989697, 21.996359194803986, 20.947528192628482, 22.522470257408045, 57.597145212647156, 62.820049377305544, 70.76015675058393, 79.11094457273917, 87.45987762117292, 79.96907473993889, 72.13775595798509, 63.87984945486729, 19.30560587517662, 10.27954029943149, 6.298153065095196, 11.52014576109717, 20.01808473138262, 19.616597125334376, 8.035964264447294, 0.0, 8.019161394856072, 17.943924555063816, 59.327011204822725, 66.33779027756681, 72.2127542699148, 81.27715379184335, 88.75961508434057, 87.38113395059368, 81.04980317825087, 73.9865894184713, 66.9464864616025, 60.91004934112499, 32.20586857877522, 37.50714567377347, 48.11061419203805, 52.8929764255202, 62.44771571237982, 69.13396230840225, 74.02645953754948, 76.8996295571623, 73.52110856972442, 57.838527518196734, 50.955388887901954, 46.00946598181071, 76.70286621931093, 74.9744660086902, 77.2065297288808, 80.94478398032685, 84.04631343742862, 88.5148498298081, 98.45591329195376, 98.76180106417301, 97.31098642838093, 94.60877454709782, 90.65570069804247, 85.5162424547597, 77.23499342058696, 80.29320668547957, 84.28605321467859, 88.5620697483594, 96.46367603190554, 89.38230868063643, 85.11384269326156, 81.22327067970431, 46.923777628916135, 57.34934715854795, 70.79892833804078, 82.36358691957199, 97.58160696292315, 110.21822166708198, 113.43118948636676, 120.83955010905963, 132.69844145361873, 135.96318977194744, 131.88292976813605, 123.83759956419722, 119.48213265880007, 109.9021062639245, 106.01566810867092], [11.27175330155207, 12.921169314583684, 19.923030537642763, 30.792543455398373, 23.563315097348504, 19.586181478986937, 18.644547087243016, 50.01760805663103, 55.2035955826492, 63.105852404309765, 71.49924241778734, 80.05040737924008, 72.36834151237538, 64.49000648259953, 56.30228144316871, 12.621859567208155, 7.69780625913734, 11.483638130330908, 19.07557391398406, 27.26677310391462, 26.61839873117034, 15.712467713261015, 8.019161394856072, 0.0, 9.981668763537693, 51.77439393528662, 58.89609532253463, 64.86461498782408, 74.12737754872812, 81.73548413850187, 80.13552688235796, 73.6372461756193, 66.44904760394209, 59.30483126683103, 53.204730234642795, 24.19184467954317, 30.141674621562988, 41.526379077379005, 48.10868510199224, 57.49788600644522, 63.47420299749178, 67.760354745282, 70.29304102261084, 66.43715146322627, 50.27071873461947, 43.08420771109233, 38.028914139628725, 73.70044298259744, 71.10505493145045, 72.21527082390972, 75.52765396826173, 78.11262681035656, 82.32549850346435, 92.15536615987416, 92.93773305519393, 91.9333409537973, 89.75952910757887, 86.32906031190774, 81.75155355627217, 73.88666550338291, 75.81650233813232, 79.05053329049886, 82.80780988140008, 90.24027457085424, 83.67507179924054, 79.92904070287237, 76.7911842889734, 53.36737376588078, 62.15365444058531, 73.90530649112164, 83.9808194287774, 98.58872154536577, 109.92805469255259, 111.81308940605096, 116.73858545841729, 127.55475450888866, 130.3611118407504, 125.89124705052112, 117.63958504428201, 113.05162684451322, 103.5288721572617, 99.89573484778438], [13.605427835354316, 19.114032530640184, 27.66233565495174, 38.31717426071063, 29.81533518464785, 23.551772838004425, 19.5323851818965, 41.09108945481033, 46.0121846564983, 53.73450723723198, 62.16927117949932, 71.09677819088472, 63.16147715560669, 55.30782110583932, 47.31344023854231, 7.0828415653236245, 12.548435794380989, 20.11599365156129, 28.6133586574628, 36.72947921715196, 36.10641349393721, 25.616716747964443, 17.943924555063816, 9.981668763537693, 0.0, 42.116262174793185, 49.3604093689894, 55.45857060378935, 65.01997551666693, 72.87317499377473, 71.02228084377131, 64.26522762878075, 56.90995239418381, 49.66920122864432, 43.51395129850955, 14.547386751658763, 22.720215330281665, 35.35310255574275, 45.02793000072815, 53.88985111648008, 58.57069906436642, 61.776667025676716, 63.696713726297475, 58.95911867238603, 41.8840158731882, 33.96641314105044, 28.151481104904175, 72.64285552636423, 68.86864989502384, 68.27480449907252, 70.87607384905353, 72.59958556474639, 76.34995918130477, 85.89327451004414, 87.47991202563524, 87.19460572352476, 85.84946847250217, 83.2287737040935, 79.515775449556, 72.34776842199969, 72.6177942523887, 74.65037303425368, 77.54765522826368, 84.12927905745545, 78.48333237123224, 75.59969456804924, 73.64664023859943, 61.721579422139065, 69.45093818154335, 79.7294843893934, 88.21179194821397, 102.08503417751142, 111.85066257753341, 112.11651958163428, 113.72146749906085, 122.83491180568197, 124.82198177125838, 119.61881340629613, 110.90551850718067, 105.76378185446711, 95.95446169958414, 92.21402286594389], [51.85668600403301, 59.11665808999237, 67.74281944530327, 76.90577093923466, 68.47225363941347, 60.76253855412791, 53.85409071895231, 22.634828192307495, 19.52220252929564, 20.845772471796078, 27.371746289428994, 38.117157374766045, 30.52727280580499, 26.20271999252257, 23.687906462377047, 41.34739566103765, 51.23572061606244, 59.51043945070856, 68.38449053183231, 76.10993644377875, 76.07742022925062, 66.69443387105905, 59.327011204822725, 51.77439393528662, 42.116262174793185, 0.0, 7.570841050300158, 14.23578366300521, 25.35486713290302, 34.835394840029664, 32.33120003876604, 24.266344446385535, 16.517930917879333, 10.49868369247364, 7.46045685068589, 31.092947696008274, 38.20813326657173, 46.73140557233666, 62.370954493021706, 66.839276054881, 65.53180776310317, 62.55309728459464, 59.658658676437426, 50.050979848800914, 36.439919780785054, 27.955800136199482, 18.398803140871255, 90.23638480043212, 83.36973175700422, 76.