{
	"dissimilarities": [[0.0, 7.584502327492164, 15.134152504694306, 26.24272594317986, 18.677607722780298, 11.358621643547158, 7.559186762438204, 43.269261233057584, 49.08471522968741, 57.56423970687324, 65.63963951525837, 73.13795632113705, 66.30043814773347, 58.41398032186626, 49.9583870131622, 21.774511502741667, 21.335487204466297, 22.71184488584934, 26.031982823887503, 31.33307242773505, 26.581257690698198, 21.47568970496422, 17.201979900091906, 13.632942395362237, 16.933252079682333, 53.03555746793889, 59.75987060026283, 66.14326784283938, 74.24854924365232, 80.9818950549012, 78.99931056986303, 73.17711449677842, 66.80275193402977, 59.48343814288765, 53.4669417554134, 21.293201394818652, 25.141016713160468, 36.98110951045922, 39.076611948002174, 48.80670309382624, 55.156809705665566, 59.89648390723738, 61.261622908440714, 57.802803649056145, 44.52316400054486, 37.63846621519432, 35.131466944617884, 66.58527047240406, 59.28836379759075, 61.18676015181753, 65.8164024956666, 67.20453947107116, 71.62701204150237, 82.98297471006751, 87.19914121832288, 86.29483729182984, 83.23469875901884, 80.85712430153049, 77.1264564980297, 66.66007124837195, 62.905521160109004, 67.95242206692619, 73.87441245392029, 82.47723126728167, 81.1067851614212, 74.92940057196817, 73.01356141224223, 51.135086017358795, 53.249213851320484, 60.82468555872771, 72.43466612483569, 86.09265588202558, 95.92845441372368, 101.16463574561563, 110.08726540530148, 115.54903635492623, 121.88626999988662, 119.17931156008237, 110.23799743066128, 106.60718105714584, 98.99737633922872, 96.18853188817013], [7.584502327492164, 0.0, 8.582188553353213, 21.602499674321976, 15.415704810331638, 11.628019302129577, 12.683315608133272, 50.75379331046394, 56.402221769517105, 64.74087812327018, 72.92037439409528, 80.57266285639265, 73.78555425209377, 65.90161597969183, 57.471678325402145, 23.883394030405, 20.08124981149682, 18.805981741708592, 20.206766939890457, 24.965592038180752, 19.659702691005325, 15.15313696998605, 12.649181255105882, 12.827036968330644, 20.12683659490001, 59.057144525367754, 65.90490003165502, 72.46012685940165, 80.8338411983973, 87.78672263601433, 85.9576821138865, 79.97488711074112, 73.4153167985444, 66.12333198132733, 60.05679618508368, 27.230424601400788, 31.172391739053165, 41.855677850567815, 43.09152171236347, 53.11208531470626, 59.79883689954337, 65.22156135070774, 67.37241089354175, 64.53217145813473, 50.960188081804766, 44.50131634842401, 41.79650631969492, 69.06714549072804, 62.51254814336866, 65.48996175051049, 70.63550597751792, 72.59238408052379, 77.52426433516008, 89.41543337057742, 92.7885683645226, 91.34113062554913, 87.7739120899909, 84.82065281357438, 80.39546211327493, 69.46923027400437, 66.80157655977165, 72.73128318162462, 79.63998624239689, 88.80467142449622, 86.71681707119463, 79.64152667569829, 76.9091005926449, 45.807951739772, 49.482069163353316, 58.80554756722363, 71.79849505724435, 86.03784056901482, 97.11122403168996, 103.38246142031176, 114.27808049150659, 121.43656128345894, 128.29062900971638, 125.99122749738868, 117.2389157132564, 113.82515746437191, 106.02707406363407, 102.64415890089103], [15.134152504694306, 8.582188553353213, 0.0, 13.78499809394177, 10.584579766087126, 13.014525549399986, 17.491635701926963, 58.16180391717875, 64.09816727021902, 72.61252469461336, 80.62030461831847, 87.84180370918003, 81.15071231111465, 73.2633135338739, 64.76285520413954, 31.91147012841135, 26.48747144298221, 22.760889032117394, 20.2811060326655, 21.52263301071635, 15.698229076110243, 15.688279930232664, 17.03499321891432, 20.230879303257428, 28.54003002433832, 67.52547185946868, 74.28344419366316, 80.68985222495893, 88.77609263351854, 95.35563758797339, 93.61005322909361, 87.96251521505998, 81.61593127669047, 74.39096553572783, 68.37410343182185, 35.61138884371142, 38.29209552109715, 47.64720449431389, 45.693953773247365, 55.8261406142184, 63.37515770146525, 69.62551718198412, 72.11801327493977, 70.184364405052, 57.852697089507195, 52.064377500639075, 50.09702980672712, 68.01674027348727, 63.159051368435804, 67.98908294708035, 73.70344046709334, 76.35298453482318, 81.61931161502335, 93.40149279556547, 95.7522745095856, 93.73660388785044, 89.56723474086468, 85.8968438600739, 80.43814248465684, 68.76131744845948, 68.34489956440268, 75.48020174762537, 83.25632303418995, 92.59614466877846, 89.6092803199492, 81.57254139966287, 77.67550489475666, 40.86463907981062, 42.585536503371266, 52.23093135142907, 66.25538100770181, 81.0619318668832, 93.58655170875001, 101.13472298407926, 115.16014451936408, 123.8037143651724, 131.1961822411527, 129.64353855770426, 121.4680847305473, 118.97058291521606, 112.01404150544887, 109.55441241860377], [26.24272594317986, 21.602499674321976, 13.78499809394177, 0.0, 12.148731939417424, 20.299338916539163, 25.624160725651215, 66.4112310098022, 72.8233505168789, 81.65452364447361, 89.11356063418411, 95.19506000346396, 88.89564426706119, 81.18528251015128, 72.65945297525317, 45.25283330576209, 39.759522169215565, 35.11370280530617, 29.83425584104308, 25.99009124390253, 21.768496037047736, 26.905345084966058, 30.075186823530213, 33.690174899354744, 41.633991265910375, 78.77168068930601, 85.14670044271023, 90.9954501361465, 98.11794666985406, 103.60848136659096, 101.97221949312305, 97.28015105593956, 91.64021454027618, 84.64331260568261, 78.84694965311674, 47.36693794488082, 48.34487429549587, 56.469994146433734, 49.30787052106393, 59.03042023622119, 67.88353304264201, 74.89024945655603, 76.97949797024762, 76.11948330942202, 66.76428273066105, 61.69958835994348, 60.91202149484775, 64.36205129213025, 62.87351193389994, 70.47684906152176, 76.66265670844359, 80.01815241995952, 85.20501561474467, 95.67791352309767, 96.96951709486403, 94.48536052160506, 89.6966174360867, 85.20278572032316, 78.27216581869517, 65.46057227787097, 69.15343960863025, 77.72851312150927, 85.90838398297765, 94.5904597503236, 90.67130806818474, 81.83945613177175, 76.36615446856355, 37.63145954938832, 30.794629899897643, 38.879789943942136, 54.1757773164019, 70.05900723702766, 84.87221442242802, 94.26871275111004, 113.3560860268725, 122.6424148278537, 130.2422302094601, 129.6234377009008, 122.39352563696599, 121.56319985052598, 116.46192850804827, 116.47771697488902], [18.677607722780298, 15.415704810331638, 10.584579766087126, 12.148731939417424, 0.0, 9.39576978378356, 16.37089830351002, 58.14063450263173, 64.94986727393483, 73.84996597550175, 81.44844524008894, 87.90902376264435, 80.75155290072125, 72.68767342305999, 64.24530567787032, 38.63095185774603, 35.151149364621425, 32.6720074703344, 30.81891918762473, 31.085541941836976, 25.368254186202527, 26.03938571617138, 26.566354786275742, 28.011383028645923, 34.28358523386462, 71.15875883158915, 77.86676684726814, 84.09977500075436, 91.71222077670323, 97.69144445443642, 95.55156664254365, 90.33809990342816, 84.34497750198261, 76.96240120119204, 71.01062941192748, 38.18018044099375, 37.39944888864739, 44.54184684416129, 38.250886139019926, 48.21561824892031, 56.59832215873719, 63.57184555186204, 66.30200847954286, 65.66575167505476, 55.670925796056224, 51.44038172144132, 51.980794391750976, 57.76543346569283, 53.791022532064126, 59.99770780616757, 66.11057540683453, 69.37612396281989, 74.92404437861558, 86.75344974489964, 87.86928719139621, 85.33156542891376, 80.71899982780266, 76.59037882255998, 70.5828309994675, 58.640699226592815, 59.5219158292744, 67.53922441267338, 76.05292403927803, 85.74255103812834, 81.743020793654, 72.88521466609939, 68.2267816287956, 47.70537224344847, 42.475663093520495, 46.2766127478656, 57.98991850230357, 71.66564124192227, 83.33218701728377, 90.7595674427971, 105.64036257717565, 115.89207841564101, 124.46412527244638, 124.41014296005235, 117.53430019268511, 116.59240004117139, 112.09488425427237, 112.28099585783937], [11.358621643547158, 11.628019302129577, 13.014525549399986, 20.299338916539163, 9.39576978378356, 0.0, 7.613168517174632, 49.20934035475434, 56.0043275168446, 64.85591669071275, 72.55354482114872, 79.31939696056837, 71.92409087072225, 63.77626067514975, 55.35936434861087, 31.749174089021384, 30.461348601918086, 30.2084965719831, 31.213356469155634, 34.17978732939669, 28.482294352780468, 25.98433939748167, 23.931901992334332, 22.733001944803085, 26.827689751192068, 62.22434946764873, 68.98163915377161, 75.3000717724101, 83.07682640858582, 89.30464748079368, 86.98763445160036, 81.52362696753303, 75.40204606945913, 67.91700272455917, 61.93822920306742, 29.11793494803175, 28.194477354479616, 36.47982545501035, 32.995980876376834, 43.096806505170434, 50.71636252101367, 56.89466391706134, 59.24392665073558, 57.74859560646482, 46.742703546929135, 42.11733729349069, 42.69972464594132, 57.44095128868989, 51.2810413070669, 55.33485924562396, 60.86045517716006, 63.389045674516005, 68.6176340012566, 80.6663578065441, 82.8709201212668, 80.95799056916358, 77.01327598151644, 73.71246015881361, 68.92885603437162, 57.867247750483784, 55.960456424271925, 62.64654314688183, 70.25540384815598, 79.84975168743635, 76.77796480716212, 68.95014378326908, 65.65139574026101, 52.781571856518795, 49.665862216349325, 53.29112812768979, 63.60702582720705, 76.4518295672961, 86.19300104552052, 91.9874055351327, 103.10239218913502, 111.72373045826588, 119.82538840331573, 119.09926273649238, 111.72618004929512, 109.98737769290746, 104.97573074267272, 104.67724947149881], [7.559186762438204, 12.683315608133272, 17.491635701926963, 25.624160725651215, 16.37089830351002, 7.613168517174632, 0.0, 41.96872684782712, 48.63420627624325, 57.497583134593846, 65.17716343956968, 71.9613101253481, 64.77716748882634, 56.731552052127164, 48.252106807565816, 27.97162917810702, 28.635865815359413, 30.0140182372678, 32.56908341644503, 36.63143340153827, 31.54421599293121, 27.770836306081694, 24.20940720352737, 20.874561822322068, 22.647569279239196, 55.35133391597844, 61.915207746571426, 68.03234287358269, 75.59269583035702, 81.71002800953298, 79.42252487893752, 74.06549282867522, 68.08953985826658, 60.70086531830724, 54.80151527320776, 23.31343861606181, 23.377047093900693, 33.8045439560996, 32.61037359852219, 42.37360447195307, 49.39317682597832, 54.5335145067707, 55.785836616233844, 53.10301767018718, 41.79619735882628, 36.09219756097006, 35.994965989404044, 59.16394853321402, 52.175470108582864, 54.69983766459512, 59.49999007255842, 61.170210498052164, 65.66465410912099, 76.9101548707799, 80.54280724779375, 79.44281521241584, 76.20900274936075, 73.68062846771379, 69.76285692670616, 59.19290539451032, 55.96221277058427, 61.400500609994126, 67.56959759932205, 76.27238075289537, 74.38337537156848, 67.8711751871916, 65.66967841851587, 55.09666878822814, 52.98337925014995, 57.11272876136982, 67.01178151119394, 79.83456154942321, 88.82850426405055, 93.71914398689653, 102.80149884349113, 108.80924208865967, 115.80227427991032, 114.02068939844679, 105.92872676530725, 103.42099379600063, 97.70148215961422, 97.10940901827446], [43.269261233057584, 50.75379331046394, 58.16180391717875, 66.4112310098022, 58.14063450263173, 49.20934035475434, 41.96872684782712, 0.0, 8.166199859888014, 17.015761706359577, 23.68230617829619, 30.70817425218538, 23.041827050817563, 15.290300211243302, 6.995053231940555, 42.437844978188004, 51.41359392788523, 58.091067920306585, 65.02976818099829, 71.73789265374785, 68.3945251126787, 61.88834436491235, 55.55295502308984, 48.074469311117944, 39.59845253858001, 26.608659023542618, 29.831126442185887, 33.34044323555831, 38.40737733487811, 43.513421674871246, 40.00237281748827, 35.22730927814672, 30.925904706122424, 24.502157760421696, 20.79943866063546, 28.683494870694457, 28.69264185622833, 36.614515909447455, 46.146679447794746, 49.16188700770344, 49.640907305339965, 47.01379177610599, 41.72483578420842, 31.95748504044619, 24.659608645180363, 16.94133659946062, 16.72526544044437, 74.27662629348357, 63.63025703574599, 57.10038251293553, 56.56602756453404, 52.885021540080004, 52.14705686592279, 57.766232796615334, 68.96187436068868, 72.4526390751935, 73.73977393188791, 75.9147353307587, 77.72633901775608, 72.52490970177023, 61.79416172031954, 58.88044649291252, 55.727702245139994, 58.49158928092883, 63.872174567112985, 65.87882880683848, 70.4306958421827, 88.47895127276061, 88.06147158703537, 90.05971344078011, 95.10886113570399, 104.61656313202049, 107.11682688968251, 105.93203602780855, 100.3086501118782, 93.38698772820857, 95.11829641436267, 88.49949107637184, 77.55389087970913, 70.52307723547312, 62.62343860924809, 62.09636966864321], [49.08471522968741, 56.402221769517105, 64.09816727021902, 72.8233505168789, 64.94986727393483, 56.0043275168446, 48.63420627624325, 8.166199859888014, 0.0, 9.144712677073565, 16.62132677996101, 25.114615001664472, 18.578225805279985, 12.642296024765598, 8.369065334134332, 45.38170695066225, 54.68303412234945, 61.70684959379166, 69.0313135702774, 76.0794018143082, 73.17826574630851, 66.3599245799287, 59.89015752436463, 52.34339185999496, 43.41398211654523, 21.274182475140403, 22.927411760760194, 25.517130606237938, 30.284942043966765, 35.86183187266909, 32.35398076764672, 27.11548821494057, 22.900032242740664, 16.995427720777197, 14.431923930059705, 33.28560851697616, 35.12733834017683, 43.036593563422066, 54.0608442844818, 56.802019013165, 56.58173602285971, 53.186381025787156, 47.56498361666122, 37.221096590809644, 30.00173776681079, 22.464060908216286, 19.276493731775286, 82.21149898638984, 71.44590312754195, 64.27422528565592, 63.24277497606222, 59.03758636491957, 57.653770586963915, 62.09862054464314, 74.33165388120572, 78.41135147624568, 80.2493050584563, 82.89599633411463, 85.19973794371671, 80.39110592155276, 69.2643659508169, 65.61865296104185, 61.4384358159005, 63.07839701601903, 69.5702066611484, 72.63470354909852, 77.75982723274, 92.47378320608878, 93.73786299834623, 96.97743735540696, 102.50194347789481, 112.27621845932492, 114.7979791727207, 113.34375159149893, 106.42220513729285, 97.35914807603932, 97.58954670722653, 89.41379277103178, 77.35662088062244, 68.46424628587916, 58.093794475880564, 55.16874475921929], [57.56423970687324, 64.74087812327018, 72.61252469461336, 81.65452364447361, 73.84996597550175, 64.85591669071275, 57.497583134593846, 17.015761706359577, 9.144712677073565, 0.0, 8.802229645910689, 19.291303299992773, 14.365203748092576, 12.542891067299674, 14.379161188774573, 51.74645621831344, 61.304251671971876, 68.62214340999009, 76.30405983399092, 83.66243710350696, 81.01925806993994, 73.9107632877264, 67.32523647471417, 59.739823419934936, 50.46342144990144, 19.70532566661797, 18.383393157014865, 18.813164561967906, 22.40281670679395, 28.357080098450844, 24.407812216709303, 18.51657575957723, 14.983994785918073, 10.990500769487896, 12.11963440189901, 40.7377036334748, 43.014719431299575, 49.9208047974431, 62.11990345179744, 64.14383296852493, 62.920746934900784, 58.51205339254108, 52.48301001691947, 41.77193566503512, 35.652940356731015, 29.370996406687684, 25.777495671411486, 90.02321764731643, 78.93470386712805, 70.75388065741986, 69.00478775604412, 64.14789456772003, 61.98475345618338, 65.20891901401384, 78.3985985646257, 83.13559822462979, 85.67965935673438, 88.97684469374217, 92.07176709412461, 88.07277973912613, 76.14457093787931, 71.43120373824473, 65.99777034671268, 66.47849078975594, 74.1349982044185, 78.48250220660773, 84.44674240360641, 99.8884641676142, 102.19376243030125, 105.85583674227918, 111.24268826692581, 120.77235156489948, 122.6620350848434, 120.49643777712801, 111.26019377223871, 100.06504426304106, 98.98623986254519, 89.53622207781174, 76.75378083729966, 66.14510764654247, 53.97199946967029, 49.002088455597594], [65.63963951525837, 72.92037439409528, 80.62030461831847, 89.11356063418411, 81.44844524008894, 72.55354482114872, 65.17716343956968, 23.68230617829619, 16.62132677996101, 8.802229645910689, 0.0, 11.127325467718872, 9.413682513817108, 13.42029611585143, 19.0765880261595, 60.513119702733256, 69.99682326705252, 77.22032481770877, 84.71661268028268, 91.81442380441806, 89.24582204193456, 82.3757280240897, 75.87691644808645, 68.33816956922668, 59.17445950466985, 26.828444107279537, 23.468495437955117, 20.87432660911614, 19.87383871960294, 22.946571772066214, 18.214762806165904, 14.979289586787418, 15.858682655117134, 16.169618130217703, 19.69280188589554, 49.312188438098154, 50.793105340504276, 56.64178073708422, 67.84316071394552, 68.90859018694059, 67.16911322107664, 61.89994265733568, 54.770107074104956, 43.98539491155113, 41.398994365519734, 36.58894505177167, 34.38486231308035, 93.84320036950218, 83.09834155788532, 74.40358799697239, 71.89378669246706, 66.42344453688044, 63.11920957258862, 63.96039661263668, 78.27484758771989, 83.83573389377449, 87.14600752905115, 91.11803051365463, 94.89265065325245, 91.68758480942692, 79.72917309651767, 74.06210777459118, 66.94094879433011, 65.46089894497065, 74.40872930778535, 80.32060856825977, 87.03396252035894, 107.31331446546136, 108.6730093322907, 111.43348843741515, 115.86074352146642, 124.73730429572431, 125.66349540918618, 122.62729454149165, 111.54433827281146, 97.31743308994106, 94.67446572039924, 84.08500239803813, 70.85824008184332, 59.26624404777305, 47.08782848042787, 43.684863588388005], [73.13795632113705, 80.57266285639265, 87.84180370918003, 95.19506000346396, 87.90902376264435, 79.31939696056837, 71.9613101253481, 30.70817425218538, 25.114615001664472, 19.291303299992773, 11.127325467718872, 0.0, 10.511684607116264, 18.318710005293333, 25.072693553783743, 70.14560295466214, 79.3178732041923, 86.18217253818135, 93.11584682171855, 99.55079166122606, 97.0199440624698, 90.76562954375635, 84.52081582687008, 77.13388427060893, 68.4038360074007, 37.788139779530844, 33.90732220959941, 29.842148247843166, 24.71255171991743, 22.193485775803698, 17.6075908937224, 20.397297977940582, 24.993683961858444, 27.012679537935036, 30.70109218647783, 58.35786260072473, 58.78741946853604, 63.89163200379616, 72.64437672140166, 72.77167879218116, 71.04696966690811, 65.25572742522215, 56.69922807446053, 46.288883357479136, 48.28784236382226, 44.66807064869623, 43.997992091013764, 95.35307837809391, 85.65723744143457, 77.0885355716037, 73.92595037244051, 68.01555838040488, 63.3936234138138, 60.73222048947474, 76.25421390025122, 82.72708117904082, 86.77172652723453, 91.33526005633273, 95.5438352569749, 92.97543861375864, 81.88339910183437, 75.57143798392948, 66.5953629467904, 62.38970160004779, 72.68067817584976, 80.27745984292748, 87.49426058727903, 113.78441826558645, 113.04260111484497, 114.2321076569777, 117.2789729929892, 125.33319509309165, 125.29037834215089, 121.44102142514612, 109.37473956676527, 91.15628023623927, 86.39784389737892, 74.43284979534123, 60.680421833785, 48.445850737507946, 37.692387532786206, 39.82215373328313], [66.30043814773347, 73.78555425209377, 81.15071231111465, 88.89564426706119, 80.75155290072125, 71.92409087072225, 64.77716748882634, 23.041827050817563, 18.578225805279985, 14.365203748092576, 9.413682513817108, 10.511684607116264, 0.0, 8.5375237980025, 16.590226298935587, 63.624750143805244, 73.1034639173123, 80.16689065722363, 87.40634717432243, 94.19095892180837, 91.148508161188, 84.55988779345488, 78.12064998908704, 70.54563415099662, 61.559342213999805, 33.550118238962675, 31.547167835877215, 29.985389328919013, 28.94151891627606, 30.138318858414216, 25.200503738658025, 23.8558600009837, 24.839949410921857, 23.848529214722006, 25.994904704838774, 50.63272292959511, 49.79031974050295, 53.85676546537392, 63.325738704333844, 63.26683706816121, 61.127754975554886, 55.30876684645286, 47.29960916716353, 36.676604413694484, 37.98099902565695, 35.18848338233332, 36.25532033715221, 87.41508132946414, 76.7914877574346, 67.67357405094162, 64.6183460872318, 58.8051739004969, 54.82386328305773, 54.72507297876451, 69.29976775457382, 75.16500064143081, 78.83741059467772, 83.19252826451857, 87.47851873021166, 85.09605626956865, 72.89845981471134, 66.55403935329632, 58.47161325119321, 56.28671245170047, 65.61520350756693, 72.27632946866727, 79.50349729607197, 109.89440301872253, 108.79832584156868, 109.22977874381627, 112.00800583967442, 119.64380904367906, 119.14288667951278, 115.20803759757266, 102.65953179006966, 88.19195396700982, 86.28127180616217, 76.86671368295539, 64.86161811532033, 55.054341853164296, 47.40707577884808, 49.473125269248236], [58.41398032186626, 65.90161597969183, 73.2633135338739, 81.18528251015128, 72.68767342305999, 63.77626067514975, 56.731552052127164, 15.290300211243302, 12.642296024765598, 12.542891067299674, 13.42029611585143, 18.318710005293333, 8.5375237980025, 0.0, 8.550337422548013, 56.40500079411234, 65.86355554964805, 72.8855480347766, 80.13125579468787, 86.98237922792636, 83.67109333096136, 77.01886645258317, 70.5553116305161, 62.95517185541787, 54.02124712639335, 30.324191753342067, 30.324318970404413, 30.963202541402158, 32.79147606535964, 35.94415874683519, 31.317577549303806, 28.056494300497718, 26.441639341236126, 22.7769508309104, 22.789369081189456, 42.71509644765916, 41.31215247765017, 45.58600114571027, 55.3039443031079, 55.78255708579171, 54.04993456203218, 48.892947500099936, 41.599304611647284, 30.82248057652176, 30.06798650857089, 26.83073115161484, 28.8103060930265, 80.8261507294367, 69.81997322326663, 61.03118659835676, 58.58160174473407, 53.26644414388497, 50.30034874726617, 52.688568787578525, 66.09761218849168, 71.15833495945435, 74.11007081121704, 77.87335764567308, 81.61250819814735, 78.64651319697623, 66.32152175901646, 60.72642637662722, 54.12992563501107, 53.99201784441669, 61.97505811508396, 67.16219963890109, 73.7893953432595, 103.3970762902347, 102.17534405294793, 102.55301568504603, 105.6613607919691, 113.52534169295109, 113.51277558526334, 110.17483937387804, 99.14171305177709, 87.92200951457076, 87.97162749090597, 80.18200266981978, 69.04108981331127, 60.79434731441663, 54.01021576619789, 55.58396932706869], [49.9583870131622, 57.471678325402145, 64.76285520413954, 72.65945297525317, 64.24530567787032, 55.35936434861087, 48.252106807565816, 6.995053231940555, 8.369065334134332, 14.379161188774573, 19.0765880261595, 25.072693553783743, 16.590226298935587, 8.550337422548013, 0.0, 49.094708146416956, 58.25119087284885, 65.02477700150928, 72.0134032032679, 78.68355010056752, 75.29806444661384, 68.8220628032109, 62.468615577449896, 54.95902147869077, 46.350958871423316, 28.647530650309008, 30.469353507880076, 32.72935960040034, 36.328940372569754, 40.443782524273786, 36.41708749595872, 32.41118590130583, 29.28239857767292, 23.87172232765883, 21.725021081184224, 35.11020647964277, 33.93140557772507, 39.80441571196835, 49.02318278464573, 50.70149329170637, 50.18504960942178, 46.34527600017258, 39.893674023127204, 29.47217298856764, 25.791412593321176, 20.551178520505584, 22.282635986962696, 75.71211552711863, 64.9297995212854, 57.33944925708352, 55.886022849173344, 51.41864652246198, 49.61107099982398, 53.765648930740056, 65.99914429255891, 70.21719807199864, 72.26102425873607, 75.17602211438229, 77.8813452455633, 73.73090099790515, 62.274627061427275, 58.08743255345575, 53.27285158234965, 54.72610779199399, 61.26963944919433, 64.7510897163345, 70.28767497786431, 95.19733266893931, 93.94320578757501, 94.79854571962152, 98.69539869714893, 107.30164855666867, 108.50116403818996, 106.25542105344736, 98.19481197581064, 89.3626401116561, 90.48471194269278, 83.52822813013911, 72.6332751551203, 65.3741418931761, 58.444475099728, 59.460090859383726], [21.774511502741667, 23.883394030405, 31.91147012841135, 45.25283330576209, 38.63095185774603, 31.749174089021384, 27.97162917810702, 42.437844978188004, 45.38170695066225, 51.74645621831344, 60.513119702733256, 70.14560295466214, 63.624750143805244, 56.40500079411234, 49.094708146416956, 0.0, 10.377158391781537, 18.650881085242165, 28.220270418604336, 37.99533675080658, 35.06567008352684, 25.714206399166297, 18.699518553894666, 11.963342864572512, 5.605081332199472, 40.23731796887642, 47.446558275967405, 54.836983523145115, 64.8900277366998, 73.83915445062044, 72.13175380658527, 64.46213804454806, 56.72596274365732, 49.60213084589175, 43.550306335023365, 16.37262140296813, 27.64361304914166, 40.0316215967043, 52.000687308033356, 60.49191187758236, 63.79527095900117, 66.45382257941375, 68.09035142411636, 62.57137942132824, 44.46120050714926, 35.95142958058993, 28.15983846462451, 84.26840651219977, 74.16583461258584, 72.28995358239408, 75.69317916124481, 75.72468102535656, 79.70110259053055, 91.88584235039761, 97.82431470100987, 97.76553708290042, 95.77613886370061, 94.59972071453178, 92.76042502232752, 84.05709254696116, 76.13542257840784, 78.69490563371846, 83.27255053251966, 91.89383793503485, 92.30034579612227, 87.81529890506752, 87.98260371940967, 59.65294213174738, 70.58248626579314, 81.88004034153667, 94.20085609084637, 107.67760552680707, 116.39565813714553, 120.27913040754645, 123.85663642158488, 127.73048428387158, 132.9249175501392, 128.23069522172366, 117.56788076221812, 110.79166072490099, 98.99463630854962, 90.24159749205403], [21.335487204466297, 20.08124981149682, 26.48747144298221, 39.759522169215565, 35.151149364621425, 30.461348601918086, 28.635865815359413, 51.41359392788523, 54.68303412234945, 61.304251671971876, 69.99682326705252, 79.3178732041923, 73.1034639173123, 65.86355554964805, 58.25119087284885, 10.377158391781537, 0.0, 8.402735097318612, 18.305233860359962, 28.50526326068804, 25.991710171536678, 16.452563157050363, 10.252619226339238, 7.829313607150502, 12.544003180358853, 49.90886230492501, 56.86242918688997, 63.996984706668194, 73.75621364820594, 82.40692053743953, 81.03303563384249, 73.69807768908292, 66.17935617468173, 59.29637833268744, 53.34398359179297, 25.151802459402745, 34.99687640857659, 46.85245302999607, 56.107539693655085, 65.35288258333968, 69.71346475368765, 73.42728495431312, 75.57946618094606, 70.81965010563779, 53.34292024474934, 45.24413714653191, 38.10548730900081, 86.43529359348892, 77.60292046831275, 77.5014105803841, 81.64783047754199, 82.42455757201947, 86.89965347491352, 99.24256874328853, 104.3513854800356, 103.72294096706541, 101.07877451113886, 99.14375319180067, 96.2316043556464, 86.56665475951561, 80.55783877251261, 84.45022441843793, 90.09691171955254, 99.06567239879487, 98.63584159164621, 93.07391754111424, 92.07598605364517, 50.735304208878595, 64.04714324076488, 77.62812757067441, 91.63579679962334, 106.09172751719115, 116.61657436573765, 121.93760293832148, 128.75957774807614, 134.03135427994172, 139.53765959902884, 135.16162431062372, 124.61596000159051, 118.31812278569716, 106.45743717908839, 97.63199176435802], [22.71184488584934, 18.805981741708592, 22.760889032117394, 35.11370280530617, 32.6720074703344, 30.2084965719831, 30.0140182372678, 58.091067920306585, 61.70684959379166, 68.62214340999009, 77.22032481770877, 86.18217253818135, 80.16689065722363, 72.8855480347766, 65.02477700150928, 18.650881085242165, 8.402735097318612, 0.0, 10.066551056190146, 20.494701825325908, 18.387364218186928, 9.218080384358828, 6.335968542316084, 11.135491292528137, 19.78766520678463, 57.82629021172149, 64.60531022086444, 71.50284467737407, 80.90823391523976, 89.17346747795412, 87.99822040261567, 81.03343447221995, 73.76257316128194, 67.00223555765966, 61.09834799618219, 32.19762472493165, 40.95560532259919, 52.406178958528756, 59.195019408852716, 68.87966491411433, 74.10161690773103, 78.57975811541802, 80.96500394114106, 76.79340282667461, 60.102192394375145, 52.28161391953987, 45.7190453570429, 87.41252583936986, 79.80523662520702, 81.1813564520039, 85.85901524546156, 87.19063892321782, 91.96181596388162, 104.22694329587551, 108.69776736684588, 107.65685315787745, 104.5198017578782, 102.00015744161635, 98.21828932361205, 87.80293235343807, 83.52125518985505, 88.44102996957655, 94.80040429543274, 103.89556655812153, 102.8271777868289, 96.49035637026772, 94.55878504410217, 43.178009973952456, 57.97918188971893, 73.2436054991832, 88.50178649551822, 103.68535403341495, 115.65772937480962, 122.1371363456185, 131.70493060916186, 137.9196886149852, 143.6408317750655, 139.58510804607158, 129.23473900811783, 123.48412158037367, 111.88227746275156, 103.48873461232553], [26.031982823887503, 20.206766939890457, 20.2811060326655, 29.83425584104308, 30.81891918762473, 31.213356469155634, 32.56908341644503, 65.02976818099829, 69.0313135702774, 76.30405983399092, 84.71661268028268, 93.11584682171855, 87.40634717432243, 80.13125579468787, 72.0134032032679, 28.220270418604336, 18.305233860359962, 10.066551056190146, 0.0, 10.518720702645647, 9.584784328730514, 5.957772777635447, 11.36236772130897, 18.701865308296306, 28.491453268876192, 66.61684583212148, 73.15490071945626, 79.69388679284013, 88.5258085705951, 96.16696501081563, 95.20870989998419, 88.81815643705269, 81.94857586427922, 75.33866424832931, 69.51153042794131, 40.29345197273881, 47.9865109918304, 59.15996022358285, 62.8918267382212, 72.9027041238894, 79.13277270053918, 84.33949909584658, 86.69014219306648, 83.08980113489137, 67.64730329852794, 60.02018439621512, 54.04686069588361, 88.05771617493436, 82.14222054934947, 85.251931501994, 90.42735767708687, 92.29543613377585, 97.21811289629589, 109.01264199123243, 112.90424782287984, 111.50921874569508, 107.88944364379691, 104.76602939937598, 99.98979336427887, 88.70678440706914, 86.67464326500779, 92.67780935708693, 99.57271488208598, 108.50731140495576, 106.84089702776187, 99.81573915487488, 96.84877589033258, 33.64492813823339, 49.719009583961466, 67.0211421771613, 83.71666127514523, 99.79221479059784, 113.52100116727941, 121.35684187193603, 134.28980385835814, 141.07779075213801, 146.82839518115574, 143.06628832245545, 132.95905164926856, 127.93306533403431, 116.81652849798058, 109.32020346240915], [31.33307242773505, 24.965592038180752, 21.52263301071635, 25.99009124390253, 31.085541941836976, 34.17978732939669, 36.63143340153827, 71.73789265374785, 76.0794018143082, 83.66243710350696, 91.81442380441806, 99.55079166122606, 94.19095892180837, 86.98237922792636, 78.68355010056752, 37.99533675080658, 28.50526326068804, 20.494701825325908, 10.518720702645647, 0.0, 6.372516959911525, 13.862597282742946, 20.48626918181088, 27.66320330847755, 37.60190474114723, 75.29599139730044, 81.56796892996988, 87.70495674120642, 95.87215001878297, 102.78527047430885, 102.02192110029202, 96.28568632620423, 89.88450511334271, 83.44131023991191, 77.72173085430903, 48.61811530144851, 55.34511454369437, 66.26892455487037, 67.01513646685497, 77.14632871045436, 84.30420794733979, 90.08700986401242, 92.21789607728196, 89.1260450782473, 75.1375740778742, 67.68586109785613, 62.288826451191724, 88.65242035233759, 84.6088428417648, 89.38686954363426, 94.94295588514831, 97.25515926533058, 102.18871076237113, 113.25057018081765, 116.65567463676423, 114.99649671920022, 110.97456917925676, 107.32116567783262, 101.60063560612866, 89.52364083575164, 89.86263506165955, 96.81583711700398, 104.02210723602944, 112.57933114473344, 110.41840076852935, 102.8806827849818, 98.94463275864351, 23.872861818407625, 40.71302326273313, 60.246903607940425, 78.35928192729035, 95.32676473192889, 110.8463778723156, 120.02657566157848, 136.38406282101406, 143.3857635905011, 149.0198573885957, 145.5240255468784, 135.71093230821577, 131.49204078327892, 121.03969266351132, 114.72782373980478], [26.581257690698198, 19.659702691005325, 15.698229076110243, 21.768496037047736, 25.368254186202527, 28.482294352780468, 31.54421599293121, 68.3945251126787, 73.17826574630851, 81.01925806993994, 89.24582204193456, 97.0199440624698, 91.148508161188, 83.67109333096136, 75.29806444661384, 35.06567008352684, 25.991710171536678, 18.387364218186928, 9.584784328730514, 6.372516959911525, 0.0, 9.894850404647057, 16.66397290389978, 23.881577467588084, 34.044307723290515, 73.13815022943642, 79.68735316162142, 86.06478724965946, 94.43825206947416, 101.46557783194783, 100.37978543241715, 94.48099978046595, 87.93069490302419, 81.17253486688514, 75.28889307753074, 44.5609438117628, 50.35063312282965, 60.68792101469961, 61.095637385628336, 71.23322651487118, 78.38405853502061, 84.36326840537895, 86.85424993961732, 84.16170584839644, 70.25964861271018, 63.33098574735534, 58.814471089324584, 83.10734897394188, 78.69738900985399, 83.43891447052627, 89.09689092458798, 91.57470979924771, 96.74643455649402, 108.33215802254958, 111.26819672363204, 109.39332438845437, 105.26020992737135, 101.54038624378272, 95.8884382328201, 83.99370692632654, 83.95611864460454, 91.00361042631752, 98.58913412024427, 107.6223788385494, 105.10201969139894, 97.26387640266694, 93.3023299284819, 29.02479625163224, 41.398148639153, 58.31626355816776, 75.42919365598851, 91.73473796216855, 106.40879867359507, 115.17051950880065, 130.77537618607815, 138.7783329744865, 145.1512484733218, 142.34558445128553, 133.0456889541623, 129.28471278011878, 119.76651844524481, 114.31985314629691], [21.47568970496422, 15.15313696998605, 15.688279930232664, 26.905345084966058, 26.03938571617138, 25.98433939748167, 27.770836306081694, 61.88834436491235, 66.3599245799287, 73.9107632877264, 82.3757280240897, 90.76562954375635, 84.55988779345488, 77.01886645258317, 68.8220628032109, 25.714206399166297, 16.452563157050363, 9.218080384358828, 5.957772777635447, 13.862597282742946, 9.894850404647057, 0.0, 7.1876565545558755, 14.9487746687376, 25.156028346722344, 64.85153979332146, 71.65453268931817, 78.40343040448703, 87.38072737781079, 95.06990556046867, 93.79322321759194, 87.29259092568796, 80.31380440684444, 73.39240195135692, 67.40620818892283, 36.41602093628162, 43.13481191489823, 53.78321877099625, 57.25145161821096, 67.26048508690381, 73.47568236164712, 78.85989637127133, 81.53464131240275, 78.31526882549608, 62.974654704556286, 55.863871965414525, 50.833014200987066, 82.81919617476414, 76.54409399020551, 79.57921384851976, 84.83717708354646, 86.85035808568374, 91.98662280980807, 104.24832821218324, 107.707267392271, 106.1225714673544, 102.41123371431274, 99.24181110309772, 94.55083375557824, 83.46784795686128, 81.052211724313, 87.1174784913262, 94.34446727406088, 103.70525308693178, 101.70929817305475, 94.42695455753625, 91.45804876525484, 37.56631419720259, 50.17544085559673, 65.21080908687799, 80.9155932684705, 96.33695370662852, 109.24879694675337, 116.66955898923973, 128.88830074108407, 136.54960907737134, 142.97160183157473, 139.86607840143225, 130.266450944419, 125.72159679082733, 115.5750399962047, 109.04864942387877], [17.201979900091906, 12.649181255105882, 17.03499321891432, 30.075186823530213, 26.566354786275742, 23.931901992334332, 24.20940720352737, 55.55295502308984, 59.89015752436463, 67.32523647471417, 75.87691644808645, 84.52081582687008, 78.12064998908704, 70.5553116305161, 62.468615577449896, 18.699518553894666, 10.252619226339238, 6.335968542316084, 11.36236772130897, 20.48626918181088, 16.66397290389978, 7.1876565545558755, 0.0, 7.862111575058251, 18.00931985839754, 58.025689025791685, 64.96202318653141, 71.87359294786873, 81.08423386581981, 89.03167533170829, 87.58651774133291, 80.83203836652578, 73.6863412007333, 66.64377755265112, 60.60044392786828, 29.488787020842565, 36.876792676319454, 48.032014658110946, 53.40516986597692, 63.21353499271181, 68.82541083794389, 73.66618832284676, 76.16866008228034, 72.49361233930853, 56.51526796990468, 49.18086511964695, 43.884212604015, 81.12070652811636, 73.71915439822126, 75.5489368136203, 80.41987870187931, 82.00484165383195, 86.93775373889027, 99.31960480463553, 103.30573212711776, 102.05310451345382, 98.73093434861141, 96.0353775204948, 92.05697972799524, 81.54146807420311, 77.62305879660404, 82.89108688195212, 89.58719051440748, 98.89454663161814, 97.39904973498646, 90.71244983546151, 88.50964453801114, 43.668677982843, 55.02833744855655, 68.46357098826866, 83.0216795248335, 97.82699308417595, 109.45196718776575, 115.85485844309568, 125.74237310367296, 132.6249980721309, 138.8944901733735, 135.53595833395295, 125.77172547539249, 120.81110821411804, 110.50420792500951, 103.73973574918196], [13.632942395362237, 12.827036968330644, 20.230879303257428, 33.690174899354744, 28.011383028645923, 22.733001944803085, 20.874561822322068, 48.074469311117944, 52.34339185999496, 59.739823419934936, 68.33816956922668, 77.13388427060893, 70.54563415099662, 62.95517185541787, 54.95902147869077, 11.963342864572512, 7.829313607150502, 11.135491292528137, 18.701865308296306, 27.66320330847755, 23.881577467588084, 14.9487746687376, 7.862111575058251, 0.0, 10.248260175554146, 50.65176723139627, 57.69756718271037, 64.70684163077821, 74.02232332788904, 82.09365341649867, 80.44362398150476, 73.54055788525307, 66.31446149797613, 59.12884527126127, 53.026823503220655, 21.719572519726306, 29.97944888760414, 41.959808757374816, 49.179670023927216, 58.65470838681369, 63.65126268900552, 67.81285425206387, 69.90328516833853, 65.66706069207056, 49.2701134056764, 41.5785213109582, 36.03675297913482, 78.80433819579542, 70.37610952580958, 70.93324079005181, 75.31285795308558, 76.36962206789035, 80.95532988826787, 93.2120976063352, 97.86674330040731, 97.05097580584241, 94.20129931891837, 92.06107902406674, 88.85341369868217, 78.94887901974886, 73.58555596154201, 77.93177788845875, 83.86371599686468, 92.91295512793283, 92.03968098615643, 86.12643083127047, 84.77513324842431, 50.01968204164746, 59.569433090060095, 71.19172523777445, 84.43708872394852, 98.56885267895723, 108.83076448738964, 114.13807737256582, 121.6505316135178, 127.36870927887733, 133.3533649723561, 129.69961967378993, 119.78949004693622, 114.47840745593848, 104.18675797852362, 97.52873944766446], [16.933252079682333, 20.12683659490001, 28.54003002433832, 41.633991265910375, 34.28358523386462, 26.827689751192068, 22.647569279239196, 39.59845253858001, 43.41398211654523, 50.46342144990144, 59.17445950466985, 68.4038360074007, 61.559342213999805, 54.02124712639335, 46.350958871423316, 5.605081332199472, 12.544003180358853, 19.78766520678463, 28.491453268876192, 37.60190474114723, 34.044307723290515, 25.156028346722344, 18.00931985839754, 10.248260175554146, 0.0, 40.95950713590736, 48.210709179325995, 55.46505896739588, 65.12795637921572, 73.60037658738194, 71.67407674524387, 64.3591860172316, 56.87493957685815, 49.506017106619, 43.32948619946259, 12.621306047424765, 23.197601992203765, 36.06260933251604, 46.80053022445004, 55.440487479456245, 59.16875011752614, 62.11516718616599, 63.66919603328161, 58.47629779866581, 41.05781710250366, 32.736108555460866, 26.252768758682976, 78.78237476007355, 68.87766552183268, 67.36262364650443, 70.90496345285293, 71.10211417732445, 75.1461835388957, 87.28888242666757, 92.94937161033147, 92.78258099912148, 90.67139708855973, 89.3834325838323, 87.38499721023891, 78.55598800337329, 70.9695355031984, 73.78914055529154, 78.52900177066415, 87.21294027747552, 87.33354385953747, 82.63868349829121, 82.61573034709717, 59.23133169102258, 67.72698029569925, 77.59536661026627, 89.27241549076292, 102.45305569920757, 110.89425289535238, 114.6999863053676, 118.6435741142686, 122.77612794484546, 128.31103357545314, 124.12987952790044, 113.91904563455942, 107.86240536340642, 97.2426644156609, 90.15516967739687], [53.03555746793889, 59.057144525367754, 67.52547185946868, 78.77168068930601, 71.15875883158915, 62.22434946764873, 55.35133391597844, 26.608659023542618, 21.274182475140403, 19.70532566661797, 26.828444107279537, 37.788139779530844, 33.550118238962675, 30.324191753342067, 28.647530650309008, 40.23731796887642, 49.90886230492501, 57.82629021172149, 66.61684583212148, 75.29599139730044, 73.13815022943642, 64.85153979332146, 58.025689025791685, 50.65176723139627, 40.95950713590736, 0.0, 7.742539578643302, 15.852108653669074, 27.12077169646832, 37.741610504506426, 35.470680391034406, 26.12532500269549, 17.48418436792363, 11.25592104297507, 7.666480970157104, 34.247163542463994, 40.92200059025729, 49.68086924730312, 66.01362146029743, 69.95829597880206, 68.97456044924282, 65.97293672061036, 62.93848962380642, 53.121179670506244, 39.32586974876713, 31.00884701923946, 21.30019414256694, 98.03908284339525, 85.