{
	"dissimilarities": [[0.0, 7.366871699966681, 15.91321350939784, 27.635967129260173, 18.352876111805198, 12.539352575070334, 9.936844434863866, 43.330465201056185, 50.06523139940519, 58.39640657324046, 66.6008081391374, 73.52405472655737, 66.21048898728561, 59.22464851966312, 50.8332426745641, 16.228598086862895, 15.723129086197822, 19.29031488641427, 25.882382491969054, 32.27647190867915, 30.974339790650603, 21.114587817157453, 15.072785632341022, 9.930296617995957, 9.360824216149185, 49.11865757777943, 56.09985997940826, 61.78773280274729, 70.46492728435233, 77.25400815569587, 75.47805430976696, 69.44191012895668, 62.475197673555336, 55.48662499552564, 50.14155830951262, 21.24645493932383, 24.474920337328047, 36.261818079158324, 40.72395915261887, 50.917053768760866, 56.88480058738209, 61.3896029225378, 63.124275768709815, 59.270865684931316, 45.645370180131394, 38.977589860881494, 35.64148940754191, 66.05134378133678, 63.545700239636865, 64.9496992233057, 68.21708953396316, 70.71349213125407, 74.46349653510462, 83.40436597935052, 84.55912585636192, 82.86799933440957, 80.72752031056034, 76.55704487941266, 72.92958059715959, 67.21432823060782, 68.05560946285149, 71.3309291449984, 74.9572416776508, 82.4090150608699, 75.7777228390673, 72.18046374411966, 69.00777359312191, 53.467292747295765, 59.33289361133062, 67.00865244523756, 75.2066460321052, 89.10580924913567, 100.6183724890482, 101.6566685412488, 108.42026064713501, 117.21263898093177, 122.32867252707622, 119.59822284326499, 110.8570226068296, 106.73072131422425, 99.68349377749637, 96.46240005771678], [7.366871699966681, 0.0, 9.035297067300444, 21.849116014314603, 13.392477196296582, 10.7012069849759, 12.739250257424295, 50.593288005969534, 57.419607901406515, 65.76108534550669, 73.95416800127877, 80.7598023692551, 73.48181366141698, 66.47625475782397, 58.06152826496422, 20.009903418988557, 15.44740699622283, 15.6928868734938, 20.452336470066697, 26.316332312565333, 24.703591095793083, 14.702861675948323, 10.0874815210428, 9.286213013766481, 14.700554092688238, 56.20293581219439, 63.22309165263732, 68.95523336991332, 77.6571130777485, 84.45424560676975, 82.7618450655928, 76.74643220980968, 69.77761390466564, 62.77430912550504, 57.444677538968776, 28.04321067812646, 30.350401173450045, 40.66947260566881, 43.22048720981528, 53.73244490713724, 60.28267178300655, 65.6054346272057, 68.02760295000091, 65.00159070995291, 51.725916102211336, 45.69521698792899, 42.81948424345179, 66.61060456686924, 64.93384638372329, 67.56122054340139, 71.36364918340038, 74.56551818149754, 78.76545700337466, 88.13023519733395, 88.49990123362653, 86.20558925673137, 83.4123490997916, 78.6192130654208, 74.31247526672692, 68.10435785210151, 70.14768664806698, 74.30862069374484, 78.66097548631883, 86.93287047354119, 79.43767608802013, 75.11739612585467, 71.06553344217104, 48.67333453864118, 54.73263179053391, 63.05271399017728, 72.36072037912776, 86.75555739502897, 99.30215718418842, 101.52968493793854, 110.39000937369435, 121.09541519686918, 126.91436301947995, 124.89402079355145, 116.68308868896598, 113.05996294108087, 106.29262784374801, 103.17677348037661], [15.91321350939784, 9.035297067300444, 0.0, 13.389347469286875, 8.519935595462442, 12.282646260021696, 17.591165570823012, 58.18660859325331, 65.31237761196286, 73.76981589051503, 81.80297051259075, 88.0124189464254, 80.95139657628876, 73.98579692747954, 65.48562988770198, 28.48965145527649, 21.830434016279618, 18.22939508629845, 17.762653276448656, 20.306371095104957, 17.674032690350302, 11.401154539581944, 12.765640000769723, 16.758067931915484, 23.69031105919272, 64.95418902013606, 71.86686894741439, 77.45038271667907, 85.81838686130156, 92.26597327751185, 90.67822288956796, 84.94271959783615, 78.14839972250239, 71.25707849539492, 65.92930501041387, 36.85955013035197, 37.89683736036555, 46.96472842989554, 46.166409611350176, 56.92105026342893, 64.33160320544197, 70.43291999638141, 73.09892901867372, 70.86186930267876, 59.07198491269923, 53.669248739811835, 51.45697609389016, 66.29367425728844, 65.90297568334763, 70.27605276868269, 74.63941615114868, 78.53811604356449, 82.97229085749028, 92.26193544089645, 91.9370701293543, 89.08518072660758, 85.54636700379355, 80.1680554574436, 74.94133832402468, 68.12669118820098, 71.88376670026179, 77.15817026707366, 82.20583325671208, 90.86847413122688, 82.89333732767281, 77.87317669837063, 72.71871737001996, 43.05844582923365, 47.221839670049654, 55.60864040744073, 66.05597177873081, 81.1792740152711, 94.99821278191362, 98.94000487231644, 110.94646625238862, 123.23331464467128, 129.59520356684516, 128.38240900487793, 120.88818005055576, 118.09838188494541, 112.05215337283752, 109.88544153220326], [27.635967129260173, 21.849116014314603, 13.389347469286875, 0.0, 12.14136452103778, 19.809384126922616, 25.625447317734253, 66.461548651621, 74.07466399411912, 82.67659741674454, 90.28750329969544, 95.2076708226129, 88.61756516968872, 81.81545164177471, 73.29517357291998, 41.63111338703841, 34.817128866642015, 29.788298954995145, 24.74403243206319, 20.655070275990568, 16.513338761815675, 20.380237836851187, 25.315812468604257, 30.031758792763448, 36.34965582269254, 75.90956442288764, 82.53605470650982, 87.7380775003357, 95.3339834556167, 100.95425095032427, 99.44607128096018, 94.32172538255723, 87.93746925028259, 81.34352252847727, 76.0320775077998, 48.287504799654165, 47.521315285394955, 55.29904320652566, 49.5299339030193, 60.194891896759074, 68.71035275846171, 75.48307803257597, 77.84548717634159, 76.4872932082048, 67.73778144286857, 63.156824989375906, 62.05955649763729, 64.18263385687803, 65.73701776772269, 72.51404788091946, 77.42428319070319, 81.98450927012833, 86.34480700306543, 94.84673690983513, 93.8808617662151, 90.52855196353188, 86.12991266017788, 80.26727096484608, 73.83434540277904, 66.33545404706969, 72.48700224494988, 79.13568808072118, 84.80508803277155, 93.25751590467496, 85.33299731416454, 79.67552505705582, 73.16017858458933, 39.44910284519517, 36.2991025727599, 42.5719792405144, 53.95517776445171, 70.11327507212732, 85.50232976087537, 91.9015198917551, 108.52948518918905, 121.98386631182632, 128.7622017454707, 128.65895352659248, 122.35156348038271, 121.03401388009071, 116.59937010573336, 116.74104134678626], [18.352876111805198, 13.392477196296582, 8.519935595462442, 12.14136452103778, 0.0, 8.19584710013803, 15.105652750212844, 57.0988442283779, 64.92526007513666, 73.56529454569333, 81.3946989860025, 86.80121663281591, 79.65397832485787, 72.55885515566227, 64.12106759947225, 33.02416172555987, 28.392501991532445, 26.28002857487088, 26.128178793516703, 27.017696275834, 23.625235503962013, 19.758799275919625, 20.376795209342017, 22.429334870583073, 27.0354907884426, 66.45734450623964, 73.36023726975066, 78.8556017984631, 87.04906915121707, 93.11161613049241, 91.1782353616882, 85.58113040562695, 78.84258131173799, 72.0071311505488, 66.55153446966118, 37.65439933538738, 35.894471581593535, 43.330411291626966, 39.42835995837547, 50.20447463405088, 58.17161479599247, 64.73085512764911, 67.53177732798966, 66.17371425425661, 56.21022650252135, 51.990601063594234, 51.73585655543324, 58.00270209482229, 58.0115106182941, 63.179561612896926, 67.80307104866627, 72.081505245133, 76.63768448757091, 85.9583768949519, 85.0587477834457, 81.87984792622936, 77.9864623023199, 72.40586515323128, 66.86223097713163, 59.89350377749652, 64.24096604971317, 70.02652127813539, 75.42744671484853, 84.40124451962605, 76.05431727980331, 70.68157778911677, 65.03190339638464, 48.6888920197747, 47.90179460024899, 52.04364418527279, 60.27125964775574, 74.12495419458224, 87.18990835276001, 90.59278029133884, 102.76358488262403, 116.09698793204984, 123.30384154362514, 123.16340148333214, 116.8080600374345, 115.25805464673854, 111.077013046905, 111.0261566860421], [12.539352575070334, 10.7012069849759, 12.282646260021696, 19.809384126922616, 8.19584710013803, 0.0, 7.377485781048037, 49.31133799873479, 57.178301328976914, 65.80782710501408, 73.69741601723537, 79.32649971470322, 71.97346980639648, 64.79115787957622, 56.40208540935424, 27.775900087392976, 25.651216860952445, 26.20861498278921, 29.129803194096407, 32.24457800497202, 29.461455980982038, 22.802131733402664, 20.26229006689296, 19.18789201236991, 21.031684395246472, 58.82085545292447, 65.76093216245586, 71.304713600854, 79.65202755398663, 85.83715991395052, 83.71709113741656, 77.96499907416114, 71.12948849125307, 64.24624281348518, 58.750930543962184, 29.89119893252208, 27.786150586290447, 36.0387350838505, 34.244570143738486, 45.02525762904557, 52.4298360358602, 58.37379491851307, 60.87415217362425, 58.93314453157431, 48.238163416410494, 43.8025504103529, 43.750641729632825, 56.186986107218054, 54.946022130438564, 58.5648687082488, 62.70546004594727, 66.37987897279218, 70.70759657080397, 80.0600497125574, 79.76413933494712, 77.08677909115788, 73.85549578786176, 68.83279934123686, 64.1244264592878, 57.71829510130725, 60.45692011748436, 65.26894065533023, 70.0559223344313, 78.65619811911715, 70.75613747293569, 66.00290955180674, 61.32407972378596, 54.03908396511994, 54.34966315715848, 58.05901353755302, 64.82228300865569, 77.74191645002253, 89.34882711956439, 90.94607628537078, 100.08019754608654, 111.92459303872552, 118.73529834898562, 118.03598347923202, 111.25082574261828, 109.24797685026967, 104.91902827158093, 104.69583759480207], [9.936844434863866, 12.739250257424295, 17.591165570823012, 25.625447317734253, 15.105652750212844, 7.377485781048037, 0.0, 42.0404142967397, 49.891414213482754, 58.53731989671701, 66.3838463150808, 72.00766315467247, 64.7017240213359, 57.56606539089871, 49.13764855742262, 25.11793810695904, 25.452347689739607, 27.928895973685336, 32.375306604925754, 36.37654841187343, 34.06508129853293, 26.785636856228017, 22.735071364522458, 19.258386123913525, 17.712750188052, 52.15548959567671, 58.94544166151858, 64.34210504737534, 72.49699991683126, 78.55325704350413, 76.41090553991542, 70.74765722092795, 64.0064845398786, 57.21631111483462, 51.73946155337596, 24.116436972903546, 22.40124975665503, 32.4920331467348, 32.57619372408181, 43.12061146606015, 49.979538142700726, 54.98278849964284, 56.53036817847131, 53.53549020169966, 42.72896087027333, 37.55071014629792, 37.11379419652005, 56.766566093027954, 54.662776812315585, 56.97631780293926, 60.51014212049442, 63.35812274999192, 67.10616695527992, 75.83187751518668, 76.53267005398214, 74.5844470888519, 72.08878636293426, 67.7944504869619, 63.79670488501416, 57.910313500336315, 59.37727934721396, 63.22232494825487, 67.15686996287515, 74.66952444832812, 67.90111415542445, 63.99505259392226, 60.27713255928557, 57.224467498263266, 58.01230621341867, 61.823870836519596, 67.82036104002887, 80.54263985283207, 91.22934551438563, 91.79497593802786, 98.98310527018859, 108.42578420068726, 114.27765746330017, 112.66491535564994, 105.17914947767451, 102.58286197968476, 97.85441358389899, 97.55931305987916], [43.330465201056185, 50.593288005969534, 58.18660859325331, 66.461548651621, 57.0988442283779, 49.31133799873479, 42.0404142967397, 0.0, 9.04147003258635, 17.43202907070904, 24.70161654993169, 30.829778074794408, 22.970751816934815, 15.899925564666962, 7.643167797896956, 43.42707824190433, 52.19834865611785, 59.34339888118281, 67.14345560067707, 73.18040449216628, 72.18255883765302, 63.86605878446667, 57.29767143196785, 49.96617221390649, 40.563419488153166, 22.45713049075545, 25.661833757665526, 28.69906697236889, 34.730114917972756, 39.591401137221716, 36.32645329882883, 31.10586991815334, 25.38314479198346, 20.42741306165504, 16.226865415975478, 27.522092247521535, 28.356315727035856, 36.14824843824764, 46.01607144914449, 49.642477163046834, 50.18686906129472, 47.55104183758758, 42.65353992672718, 32.525786539340444, 25.039128244284324, 17.488639911443343, 15.9063532825466, 71.90119477149565, 65.76503348268264, 60.11899629126978, 59.180585741947844, 56.25391296101156, 55.6099670560356, 59.15909744910385, 66.09129786879718, 68.93457629059206, 71.38354025217535, 71.92734361049489, 72.83339845195093, 71.00571179469058, 65.14239755961908, 62.360464607825676, 60.25816913387477, 59.857627929431835, 61.16620260986209, 63.22950857941539, 66.03799007888047, 89.78298243629531, 92.01769940483574, 94.75871071826322, 96.450369420244, 106.04103190206261, 110.9167330093168, 105.29130889988663, 99.4072523682538, 94.84792330065841, 94.98318349575477, 87.83374733059485, 76.28871665166353, 69.48053587544153, 62.75013195225217, 62.29432767945415], [50.06523139940519, 57.419607901406515, 65.31237761196286, 74.07466399411912, 64.92526007513666, 57.178301328976914, 49.891414213482754, 9.04147003258635, 0.0, 8.703717233504888, 16.62830355552033, 24.87209984574867, 17.362699567824613, 11.796835393605312, 7.688436208449675, 47.98909554705512, 57.1651011628435, 64.60668008222063, 72.74478793140062, 79.22200226996138, 78.58486700020028, 70.03327971441279, 63.251805753145305, 55.77413285029351, 46.26073336113605, 17.746645902633908, 18.584088195531386, 20.375824287183523, 25.780989052317196, 30.900899506087523, 27.570216779725204, 22.08068377171767, 16.547297270356328, 12.63160118339991, 10.160960882952656, 33.127171911493534, 35.86444581255037, 43.37452485629358, 54.660771626583305, 57.714600375920625, 57.39840252309809, 53.840392154374776, 48.47198945870186, 37.77569769759231, 30.498094760043617, 23.23978371019954, 19.125055044503533, 80.42825952388843, 74.01428073085121, 67.57422955592251, 66.10813972060247, 62.46451070342375, 61.21175766574048, 63.734102815941625, 71.6007003288848, 75.1407103363693, 78.26862982821302, 79.38330922482247, 80.83968173862418, 79.40671668531495, 72.90855906393907, 69.35612019038845, 66.47077019134201, 64.80272893731976, 67.38810527208271, 70.22991605235761, 73.79464951478457, 94.93274566294234, 98.68552286926163, 102.55985622980974, 104.66882026568004, 114.52734448233039, 119.22688749186273, 113.31346987417173, 106.03168280624213, 99.00292155829676, 97.58053738527069, 88.7648397544722, 75.75106590095162, 66.96466067708576, 57.87679917068271, 54.974413914237424], [58.39640657324046, 65.76108534550669, 73.76981589051503, 82.67659741674454, 73.56529454569333, 65.80782710501408, 58.53731989671701, 17.43202907070904, 8.703717233504888, 0.0, 8.562455853536296, 19.084185141573876, 12.524247631616479, 10.670772376152767, 13.158229019468004, 55.20777383180456, 64.61824926494302, 72.23162139426569, 80.56012976315378, 87.2436255382217, 86.7675380279796, 78.10293592979667, 71.20242749639719, 63.653345832984115, 54.10646106963667, 19.15133445190588, 16.519852260250545, 15.611366039210214, 18.806295389863816, 23.466875824158063, 19.54573286032133, 14.028249523528231, 9.897037740557424, 10.16562474126003, 11.934954955837664, 40.80848135253117, 43.806822227648155, 50.27404142245602, 62.150202899845745, 64.31044293379564, 63.07444681172521, 58.52227510532312, 52.562563659383216, 41.59463817071332, 35.82225349153219, 29.813375543897305, 25.965593091182146, 87.30760464255532, 80.55694127067773, 73.23521206807624, 71.15771372322745, 66.73905197436872, 64.78569156220223, 66.15350957814559, 74.88417568431284, 79.15367840222613, 83.02015261944926, 84.82686854094388, 86.95881624065743, 86.0869846984435, 78.80505646261095, 74.38190811562048, 70.6255562798781, 67.58150597207246, 71.53369975611531, 75.24149746611828, 79.66469707429569, 102.40355355023885, 106.69800600429346, 110.75437798946886, 112.6061414709983, 122.14807429606971, 126.17792776426546, 119.53991831206383, 110.29803609136046, 100.81541664541339, 98.07705257395672, 87.95969001093422, 73.99609844055074, 63.76145745327858, 53.411202082892, 49.18307583703175], [66.6008081391374, 73.95416800127877, 81.80297051259075, 90.28750329969544, 81.3946989860025, 73.69741601723537, 66.3838463150808, 24.70161654993169, 16.62830355552033, 8.562455853536296, 0.0, 12.025576901017477, 8.689448699368965, 12.554329522729798, 18.71890874130386, 63.709205514215654, 73.02953907213652, 80.53129486922526, 88.64881221920652, 95.07622748263272, 94.59278105458631, 86.28565919316365, 79.52957768868384, 72.0527083756939, 62.556596885932365, 26.50352782740458, 22.121038208496564, 18.729660010942645, 16.886454318232737, 18.236334306122547, 13.57162867619281, 11.08342092076007, 12.3855546888227, 16.779516726984244, 20.01318028376155, 49.311981734315175, 51.76918602251588, 57.38110944507094, 68.40114929062506, 69.74186599222672, 67.98836073641587, 62.61613714965562, 55.673270401647045, 44.57550847433127, 41.963281170318055, 37.235552879515105, 34.45044411702685, 92.19326596163653, 85.37312785337365, 77.60577420381782, 74.99079462319088, 69.86425371254798, 67.01444252947825, 66.6213816213872, 76.33456015571103, 81.38704090602614, 85.90795849101976, 88.46037698501189, 91.1002700543451, 90.74518731326904, 83.00837018526673, 77.93666850437407, 73.31806946252155, 68.41811042094827, 74.16658008732345, 78.73135896805935, 83.80320131928742, 109.54336795861384, 113.17897372897832, 116.67483592556529, 117.79553325019779, 126.79797536238819, 129.9461412096412, 122.65585611865194, 111.9392975787653, 99.41766637447253, 95.09238581749811, 83.66655911141524, 68.87910660400125, 57.55908619815484, 46.88390320308876, 43.59248089539354], [73.52405472655737, 80.7598023692551, 88.0124189464254, 95.2076708226129, 86.80121663281591, 79.32649971470322, 72.00766315467247, 30.829778074794408, 24.87209984574867, 19.084185141573876, 12.025576901017477, 0.0, 8.971658791975875, 16.264688569809262, 23.49562187109852, 72.72166313001816, 81.57219329963354, 88.60142577343623, 95.97348574238369, 101.48539826558341, 100.72311686335745, 93.42212319920412, 87.17439134111476, 79.97761158511592, 70.67136579597911, 38.05006668427405, 34.031232843823545, 30.366641303625745, 25.807987483306093, 22.37131171274664, 18.61017279802157, 20.972798570253687, 24.290112842086124, 28.528057759057646, 31.017681497775317, 57.72053249871894, 58.52703524698832, 63.20625609875049, 71.30365887636017, 71.76646543503445, 70.01105082768312, 64.05801043397504, 55.550820894195375, 44.58860791682703, 47.53538294014861, 44.33889879843805, 43.62784492355574, 92.27196808569171, 85.79619625476661, 78.22392690711227, 75.16780242241194, 69.43799884796545, 65.38493546912552, 62.249522715618276, 73.13124714982338, 79.03977685847948, 84.07778440136715, 87.47231749196224, 90.3906737160469, 90.54148626632588, 82.82740454645581, 77.42719821890299, 71.9550131786995, 64.42755157735553, 72.66151794352655, 78.07407378067283, 83.49182794064807, 115.1876803262836, 116.22716819834157, 117.81468930520361, 117.31509718336281, 125.22714803363264, 127.02916507267366, 119.1083066761763, 107.61543377939576, 91.25080759439012, 85.05172389436856, 72.45934299328174, 57.13885771865018, 45.73093271996373, 37.60432590439351, 41.17297119089962], [66.21048898728561, 73.48181366141698, 80.95139657628876, 88.61756516968872, 79.65397832485787, 71.97346980639648, 64.7017240213359, 22.970751816934815, 17.362699567824613, 12.524247631616479, 8.689448699368965, 8.971658791975875, 0.0, 7.560068074284915, 15.58550769075018, 65.2017577989767, 74.32798191255442, 81.61152122558809, 89.37071157899562, 95.23478859652529, 94.37531436484485, 86.49257497528062, 79.97053436068049, 72.59977443925183, 63.11929381588924, 31.45492587474289, 28.657479983921093, 26.516894100001174, 25.49239189585681, 25.54521504334471, 21.05596718612009, 19.755197143176805, 20.016996248483863, 22.410035521579456, 23.964677645308335, 49.62071806907565, 50.04420794734931, 54.45697366468037, 63.537037283023835, 64.15879928553497, 62.343970219906296, 56.66236488980041, 48.86502849689621, 37.730682697056174, 38.72270430656719, 35.460529506821146, 35.39030308573004, 85.74563469288621, 78.98490233489102, 71.21611243807592, 68.38149589434073, 62.99530661026373, 59.65452795529811, 58.40769703702324, 68.43980990445588, 73.74975862382217, 78.43921368277442, 81.3417074521322, 84.16105823607043, 84.12775453592971, 76.25751461170454, 71.00494548314013, 66.04121144885443, 60.27756432671302, 66.83237287331464, 71.7344471719253, 76.99338569877354, 110.18080516452528, 111.5995754164635, 113.17845880853935, 112.9260188311226, 120.83477163355917, 123.01968390210627, 115.05282634450829, 103.707268285213, 90.74997822563293, 86.8076941217189, 76.14815727081697, 62.377011013919685, 52.81704866012895, 45.97417394600765, 48.004396288858814], [59.22464851966312, 66.47625475782397, 73.98579692747954, 81.81545164177471, 72.55885515566227, 64.79115787957622, 57.56606539089871, 15.899925564666962, 11.796835393605312, 10.670772376152767, 12.554329522729798, 16.264688569809262, 7.560068074284915, 0.0, 8.565143675969656, 58.55514819705687, 67.69929052390214, 75.0231075290858, 82.885356464986, 88.83381443683137, 87.86144608781731, 79.74138626469455, 73.1427020532296, 65.73605236360243, 56.2202200365103, 27.526652291053008, 26.506722894285026, 26.179792894049964, 28.153150650951307, 30.344561803307084, 26.00516066920937, 22.63932704190606, 20.107077546391494, 19.840165177085023, 19.691175074888065, 42.535225593228034, 42.51048756243486, 47.09319824840225, 56.4882824762045, 57.56778090633859, 56.11424506183278, 51.012538764913494, 43.86866679949986, 32.67235611022036, 31.81127938338945, 28.10911522851153, 28.663662700830837, 79.67467175896495, 72.89734863635826, 65.39668590939266, 62.95737031941268, 58.111048188881384, 55.50106821771619, 55.868864254749404, 65.0154144261834, 69.65370572820358, 73.81078813328585, 76.1283895023892, 78.58933352075125, 78.20363285919359, 70.58661001782991, 65.80279048210845, 61.51999595915992, 57.391715925881115, 62.36448806495988, 66.58658562508496, 71.37529878370388, 104.59733769843731, 106.001013946495, 107.50892201647518, 107.50116897700518, 115.55398624386324, 118.24342431548517, 110.59216771404014, 100.243250630639, 90.17737288842706, 87.94728750944009, 78.80710102676882, 66.16951448888528, 58.02741674984856, 52.020196647372806, 53.65198336279819], [50.8332426745641, 58.06152826496422, 65.48562988770198, 73.29517357291998, 64.12106759947225, 56.40208540935424, 49.13764855742262, 7.643167797896956, 7.688436208449675, 13.158229019468004, 18.71890874130386, 23.49562187109852, 15.58550769075018, 8.565143675969656, 0.0, 50.957168774172075, 59.775377375278886, 66.88528015196225, 74.54131265575786, 80.35182425200864, 79.33152593939427, 71.33482370937541, 64.87516866590401, 57.58627117120029, 48.201258347612885, 24.92730243964214, 26.025162390028868, 27.41622009188192, 31.452191265041535, 34.94248957565297, 31.271443768685145, 27.000169326864082, 22.66003772721895, 19.749361796233366, 17.360734445190793, 35.01892110376729, 35.17915057032768, 41.33370429470901, 50.40380841336689, 52.78711719353832, 52.50021460437115, 48.66093946869667, 42.375308993813796, 31.465563687992958, 27.983177843277915, 22.49558878617779, 22.3382684616891, 74.74854340954974, 68.38670895193616, 61.978922888612196, 60.323895455595654, 56.45209971399357, 54.760580346895395, 56.58228238149878, 64.69860622927183, 68.44793309851993, 71.69843281900582, 73.12639940443849, 74.7139588809387, 73.55333074159807, 66.94545652658238, 63.259668568160144, 60.07902749976146, 57.679130245089546, 60.94468889289607, 64.07307472463448, 67.77836282128634, 96.35128862416553, 97.79843622039311, 99.73726864282511, 100.46184206184877, 109.30157444543745, 113.09146182438788, 106.558505798681, 98.80697898922577, 91.38222915955312, 90.29363535927786, 82.1796960323473, 70.09333460740768, 62.79589748443615, 56.558387893133855, 57.568610636185284], [16.228598086862895, 20.009903418988557, 28.48965145527649, 41.63111338703841, 33.02416172555987, 27.775900087392976, 25.11793810695904, 43.42707824190433, 47.98909554705512, 55.20777383180456, 63.709205514215654, 72.72166313001816, 65.2017577989767, 58.55514819705687, 50.957168774172075, 0.0, 10.653450422818606, 19.575459273078984, 30.31265984671636, 39.93830966715956, 40.11927454922531, 27.752565384575888, 19.456208874898262, 12.071185916801051, 7.489409640947208, 41.35908425050116, 48.52936003174376, 54.73592046360056, 64.52364706710692, 72.65037848143838, 71.06408532789925, 64.2014178334955, 56.83035971156366, 49.666309749392155, 44.781207624229765, 17.658377342681742, 27.00189159695276, 38.87464478034694, 50.25082158824497, 59.11166221159484, 63.015973169191355, 66.24274011119695, 68.33031160988453, 63.43175057508627, 45.75736613428407, 37.84045428970448, 31.128711033165924, 77.96379445529169, 74.03840424899346, 72.97977018529315, 75.44369255148672, 77.04073828053014, 80.70622273046394, 90.1689812306069, 92.00609405766828, 90.89768107795634, 89.71282792459263, 86.12677964249362, 83.75851879344603, 78.88554726320483, 77.61945281967185, 79.30927076260325, 82.08405026271458, 89.46468852641733, 83.04770646610625, 80.30511464096716, 78.67404480087407, 60.04506832088111, 71.88497086469211, 82.33486694001526, 91.36135772738446, 105.2010485590385, 116.25718034936425, 116.10187507460768, 119.35090321361275, 126.98792491577358, 131.38915126077652, 127.2525282132363, 117.03333251138335, 110.81465078885667, 101.05221556772129, 93.6066536879592], [15.723129086197822, 15.44740699622283, 21.830434016279618, 34.817128866642015, 28.392501991532445, 25.651216860952445, 25.452347689739607, 52.19834865611785, 57.1651011628435, 64.61824926494302, 73.02953907213652, 81.57219329963354, 74.32798191255442, 67.69929052390214, 59.775377375278886, 10.653450422818606, 0.0, 8.983462704361614, 19.974750049440775, 30.068956529570865, 30.61121865630824, 18.01942240720945, 10.226944495583519, 6.494854437407048, 12.528021613261723, 51.31327071599881, 58.27235189943173, 64.25314855789051, 73.58772570593698, 81.38909078537395, 80.12070024962011, 73.60248478433815, 66.46773928308563, 59.447842701082486, 54.591039479758045, 27.118054473537477, 34.596511430391566, 45.9251161479696, 54.17611147521268, 63.88810350468798, 68.90342052606611, 73.15605886749096, 75.62678737949948, 71.39785276285384, 54.81179367294863, 47.328648729467396, 41.16538503951282, 79.9050126893533, 77.13995675917865, 77.84045972408049, 80.99670619504795, 83.4077371946136, 87.44343626681041, 97.03077982825215, 98.21532520944025, 96.49961963670259, 94.50982538271764, 90.20615769133485, 86.83819754266023, 81.21199015750487, 81.64797341450792, 84.55335605882405, 88.15722117127912, 96.1207052439, 89.05458894502384, 85.48352752867133, 82.652818930419, 50.53080139318254, 63.9208032436628, 76.20642791471175, 87.05662604744836, 102.07793071969326, 114.72628197048876, 116.48523025901223, 123.07526245100341, 132.30839078144683, 137.08665885564412, 133.45004856046788, 123.53820879462792, 117.76576152748548, 107.99821850625307, 100.72381287836873], [19.29031488641427, 15.6928868734938, 18.22939508629845, 29.788298954995145, 26.28002857487088, 26.20861498278921, 27.928895973685336, 59.34339888118281, 64.60668008222063, 72.23162139426569, 80.53129486922526, 88.60142577343623, 81.61152122558809, 75.0231075290858, 66.88528015196225, 19.575459273078984, 8.983462704361614, 0.0, 11.15695699046483, 21.615988124825893, 22.5798419246731, 10.453738893646518, 6.295306365869258, 10.895367278342572, 19.950317038024455, 59.58885649778708, 66.37958072241737, 72.15473798839044, 81.06635934848865, 88.51954991015852, 87.47845443596697, 81.28145782398379, 74.36082034129089, 67.47156295099244, 62.62475514769626, 35.20073686837584, 41.525081874174, 52.44838842002002, 58.111031858032995, 68.32200569585923, 74.16752173505898, 79.10043209571529, 81.69276725339489, 77.91381880288876, 62.39643219887949, 55.183201253560675, 49.395037602906406, 81.81985150469622, 80.06279248595345, 82.18330452423156, 85.82592041983669, 88.7985903435299, 93.01649045996494, 102.5137293341041, 103.26641082150256, 101.13773193651505, 98.54751324876355, 93.75144708413293, 89.59406775534843, 83.4073143449471, 85.23951968212738, 89.0734390230725, 93.24371531582668, 101.4633648090705, 94.0779774215503, 89.93754758420302, 86.1892096673895, 42.3430430175741, 56.86260818188695, 70.74658615896192, 83.14678734008457, 99.15862057382067, 113.11137662199509, 116.53853391359391, 125.9764679477013, 136.24174328879403, 141.21761075408682, 137.96435311558028, 128.33341857043277, 122.98148641007177, 113.34165196256232, 106.46125650802344], [25.882382491969054, 20.452336470066697, 17.762653276448656, 24.74403243206319, 26.128178793516703, 29.129803194096407, 32.375306604925754, 67.14345560067707, 72.74478793140062, 80.56012976315378, 88.64881221920652, 95.97348574238369, 89.37071157899562, 82.885356464986, 74.54131265575786, 30.31265984671636, 19.974750049440775, 11.15695699046483, 0.0, 10.785324090958696, 12.658099437405404, 7.0467359968261905, 12.974052994159385, 20.22345445095091, 29.423227082129877, 69.09631376725224, 75.6518672649006, 81.1182225450614, 89.39535661290931, 96.27864543641101, 95.48950866931534, 89.77459990938357, 83.1755658135168, 76.49048683802282, 71.65319560433618, 44.68994739323297, 49.880483318186776, 60.528586466436614, 63.06194798648341, 73.68650089100322, 80.46416775852907, 86.00197165907699, 88.4345328123189, 85.04040081348977, 71.13672194604803, 64.14859267111024, 58.76676407385893, 84.0216788797969, 83.52040837449569, 87.29648697027058, 91.4057477503615, 94.89148485372479, 99.13689014117595, 108.2058460283601, 108.62772110183833, 106.14994179390374, 102.93955374456957, 97.71234840537366, 92.65639587852276, 85.87661975544674, 89.35732381367022, 94.20136985257199, 98.87463818716114, 107.03333016520739, 99.62045573335078, 94.96932396636991, 90.2226345877484, 31.896234830237947, 47.14637355034793, 63.06847018244363, 77.3532676428492, 94.63200965866363, 110.11128804971696, 115.65408054373009, 128.6485589816653, 139.59472461481948, 144.5769270707302, 141.703763694865, 132.42902983350552, 127.65949649749889, 118.3591585237704, 112.35678916149372], [32.27647190867915, 26.316332312565333, 20.306371095104957, 20.655070275990568, 27.017696275834, 32.24457800497202, 36.37654841187343, 73.18040449216628, 79.22200226996138, 87.2436255382217, 95.07622748263272, 101.48539826558341, 95.23478859652529, 88.83381443683137, 80.35182425200864, 39.93830966715956, 30.068956529570865, 21.615988124825893, 10.785324090958696, 0.0, 4.255763907783067, 13.733681069877589, 21.80295932297839, 29.063302022174327, 37.82056628009077, 77.32019356127014, 83.69255376067042, 88.87055293723238, 96.53255540087781, 102.76994196553984, 102.09302543308762, 96.85970857678582, 90.56269440854342, 84.06730356552252, 79.1915633930539, 52.63739166009363, 56.50711826767536, 66.74674478353646, 66.15904866739633, 76.9699814945403, 84.57221324138571, 90.58523917056336, 92.74734558093132, 89.78665071657151, 77.77917504107232, 71.16601546152974, 66.50235792074476, 84.12139309515993, 84.83234163709596, 90.14675005621572, 94.62802413365424, 98.53269010232324, 102.71163217386558, 111.21372827258601, 111.32840895722268, 108.56696402153548, 104.80940836684076, 99.27497386121838, 93.41967603405351, 86.1729730565236, 91.1800390343159, 96.92118309460217, 101.98743386178568, 109.92947731269307, 102.63482629189896, 97.58158784931207, 91.94850817958455, 23.723256170979578, 36.824031280249436, 54.03897022724974, 69.7980361089176, 88.0901600029788, 104.80370874383905, 112.26145164404845, 128.5651769736448, 139.99431190229478, 145.0265835843364, 142.6988124361627, 134.03329558142923, 130.12816863563071, 121.70339401851821, 117.2475307518805], [30.974339790650603, 24.703591095793083, 17.674032690350302, 16.513338761815675, 23.625235503962013, 29.461455980982038, 34.06508129853293, 72.18255883765302, 78.58486700020028, 86.7675380279796, 94.59278105458631, 100.72311686335745, 94.37531436484485, 87.86144608781731, 79.33152593939427, 40.11927454922531, 30.61121865630824, 22.5798419246731, 12.658099437405404, 4.255763907783067, 0.0, 13.352051050524075, 21.549878211406096, 28.712977656406473, 37.311225195893236, 77.4095768490425, 83.88112420830313, 89.09965086649213, 96.79417912897904, 102.93366877278793, 102.08108460508711, 96.84407937936366, 90.49529306382925, 83.94133008593754, 78.94619506088017, 51.84313544169254, 54.808846064382976, 64.57603614122792, 62.9784036404016, 73.7847202812549, 81.58947037263745, 87.80962766917422, 90.07458485027826, 87.47226720286075, 76.03901112778115, 69.82582747613233, 65.87456679805787, 80.20072355951791, 81.12755929692243, 86.79170845461765, 91.39315523597334, 95.47690047850318, 99.73308452422194, 108.2871485370203, 108.1286288169526, 105.20350730897587, 101.27332593638445, 95.62693166679534, 89.61764445526846, 82.29664695670846, 87.59820469125269, 93.57061201754462, 98.80880571566105, 106.92745445218495, 99.43140326475117, 94.20632733271036, 88.34655894014563, 26.166531767096867, 35.461075129795425, 50.969735770516024, 66.19248924875106, 84.16715763430312, 100.75458345240186, 108.14894413447095, 124.70347106232359, 136.70714473961783, 142.14994281395428, 140.32525009490246, 132.1685503224269, 128.81923869858826, 121.21819774230728, 117.7152574054644], [21.114587817157453, 14.702861675948323, 11.401154539581944, 20.380237836851187, 19.758799275919625, 22.802131733402664, 26.785636856228017, 63.86605878446667, 70.03327971441279, 78.10293592979667, 86.28565919316365, 93.42212319920412, 86.49257497528062, 79.74138626469455, 71.33482370937541, 27.752565384575888, 18.01942240720945, 10.453738893646518, 7.0467359968261905, 13.733681069877589, 13.352051050524075, 0.0, 8.493876142100612, 16.28366428057911, 25.721793669810523, 67.14663926511003, 73.97866209453511, 79.63633009508355, 88.20131290697283, 95.1271328007425, 93.96806109080089, 88.07014678705, 81.25419630336508, 74.37393465246471, 69.30521676797545, 40.82304509236193, 44.66563806789164, 54.56658519778817, 56.47487275694197, 67.07456443239477, 73.93619043228475, 79.74352703562037, 82.54752940516893, 79.69775994852516, 66.05554153712708, 59.70851521139712, 55.49769045650312, 77.33789975029839, 76.75164001219365, 80.58987548012104, 84.8116596798523, 88.51418087888763, 92.97700276694027, 102.42831139450517, 102.41522936996243, 99.70522007820112, 96.35480201425688, 91.00081166892757, 85.95528609866962, 79.20991433652152, 82.64758202991219, 87.60350896348244, 92.49235678528434, 101.14556353563714, 93.23223676281525, 88.37060389322146, 83.51686301186227, 36.978736532243666, 48.202096335593176, 61.273524330877926, 74.1363812272583, 90.41481248409072, 105.21041157823117, 109.9720242520966, 122.23070691317072, 134.15814244907975, 139.9049456519408, 137.77634655249855, 129.22440108301774, 125.17431633699873, 117.07196086534849, 112.28587473835083], [15.072785632341022, 10.0874815210428, 12.765640000769723, 25.315812468604257, 20.376795209342017, 20.26229006689296, 22.735071364522458, 57.29767143196785, 63.251805753145305, 71.20242749639719, 79.52957768868384, 87.17439134111476, 79.97053436068049, 73.1427020532296, 64.87516866590401, 19.456208874898262, 10.226944495583519, 6.295306365869258, 12.974052994159385, 21.80295932297839, 21.549878211406096, 8.493876142100612, 0.0, 8.03047776695073, 17.790096709260936, 59.530247237852414, 66.52630874874315, 72.38751506318906, 81.37239819942036, 88.66822850336612, 87.31902355813425, 81.09606515346472, 74.06167315518618, 67.0409408055399, 61.951871421376154, 33.01407421801795, 37.65680012381012, 47.95954321415125, 52.381388349562926, 62.69545736673759, 68.83916674062876, 74.12869934710139, 76.96380619277436, 73.73744307168559, 58.8926134842495, 52.325457320556865, 47.85457452241593, 75.61780210859598, 73.9952709133925, 76.47372486557532, 80.2975312427935, 83.54515247828617, 87.9346586930893, 97.6406596577215, 97.9739478601876, 95.59575260160726, 92.77661410641747, 87.81512074594963, 83.5052468220683, 77.2478770856748, 79.32553142631468, 83.44183201565663, 87.87919734781212, 96.47057383202235, 88.68930423995683, 84.28499972032719, 80.26252998513769, 44.26934498838559, 55.48072519073689, 67.22757615073476, 78.60938056455879, 93.93337907132387, 107.48367622261868, 110.57135119551717, 120.00436813138143, 131.14425698318925, 136.77083259967438, 134.2662222194839, 125.38797244268603, 120.86836638004638, 112.5054687378099, 107.14034792872458], [9.930296617995957, 9.286213013766481, 16.758067931915484, 30.031758792763448, 22.429334870583073, 19.18789201236991, 19.258386123913525, 49.96617221390649, 55.77413285029351, 63.653345832984115, 72.0527083756939, 79.97761158511592, 72.59977443925183, 65.73605236360243, 57.58627117120029, 12.071185916801051, 6.494854437407048, 10.895367278342572, 20.22345445095091, 29.063302022174327, 28.712977656406473, 16.28366428057911, 8.03047776695073, 0.0, 9.835378254316453, 51.78595226972837, 58.88759504702107, 64.85655293574389, 74.07341969805319, 81.5460391974489, 80.01493060456666, 73.6033364120869, 66.43940293456522, 59.33583646878738, 54.20927440371186, 25.08374433682005, 30.640333666816947, 41.73531447248409, 48.34858105047322, 58.312894880429845, 63.796387608569844, 68.42065619807285, 70.94791322430261, 67.18504358099231, 51.596936050505654, 44.67563663383641, 39.9280365286142, 73.61220721222053, 71.072421189968, 72.27329965808124, 75.62855584641862, 78.3023064299459, 82.43162551658942, 92.05143921649139, 92.91356653026946, 90.99187283359586, 88.75814774114274, 84.3096522761626, 80.7082955757663, 74.95230318937587, 75.76016792788236, 79.01845209333929, 82.87079472306483, 91.0312505569768, 83.73432088631606, 79.9164203685542, 76.74458457982114, 50.76917022877152, 61.1202918950974, 71.55671700936784, 81.51280477687722, 96.03678090912307, 108.38781359927003, 110.0018007646599, 116.95132225650971, 126.78182817798843, 132.05466362442834, 129.09517627924953, 119.89524090453716, 114.99431315259908, 106.53501686336213, 101.01497592592408], [9.360824216149185, 14.700554092688238, 23.69031105919272, 36.34965582269254, 27.0354907884426, 21.031684395246472, 17.712750188052, 40.563419488153166, 46.26073336113605, 54.10646106963667, 62.556596885932365, 70.67136579597911, 63.11929381588924, 56.2202200365103, 48.201258347612885, 7.489409640947208, 12.528021613261723, 19.950317038024455, 29.423227082129877, 37.82056628009077, 37.311225195893236, 25.721793669810523, 17.790096709260936, 9.835378254316453, 0.0, 42.4731468311489, 49.673664194483194, 55.70788199993738, 65.08369547060411, 72.63139191354198, 70.84822607155951, 64.28791272023304, 57.012765094148286, 49.83418200068948, 44.622759706168125, 15.356742040516963, 22.526682710380886, 34.98930825411913, 44.13531615753248, 53.45979166417017, 58.082287033992635, 61.694417100199985, 63.5405118268959, 58.950067089700724, 42.779753557171475, 35.24001141199227, 30.098956581862787, 71.41786982183345, 67.8365212421284, 67.47340290875898, 70.1582323352215, 71.99378949351642, 75.63339421259731, 84.8715203642569, 86.53845957361483, 85.29217103448666, 83.84674487110996, 80.14923498628568, 77.43803218272936, 72.35599056986291, 71.62796873963276, 73.76536674094488, 76.75550829670951, 84.07263416750175, 77.6719644220108, 74.7131781078494, 72.65159581358904, 58.57420051669224, 67.47008297625766, 76.273731194895, 84.48767788259693, 98.03767300207215, 108.9044816855705, 108.827303782542, 112.8969535799037, 120.73692349240302, 125.41701020203966, 121.8489943634471, 112.26851279125222, 106.96523504592261, 98.54641302967173, 93.19037626887982], [49.11865757777943, 56.20293581219439, 64.95418902013606, 75.90956442288764, 66.45734450623964, 58.82085545292447, 52.15548959567671, 22.45713049075545, 17.746645902633908, 19.15133445190588, 26.50352782740458, 38.05006668427405, 31.45492587474289, 27.526652291053008, 24.92730243964214, 41.35908425050116, 51.31327071599881, 59.58885649778708, 69.09631376725224, 77.32019356127014, 77.4095768490425, 67.14663926511003, 59.530247237852414, 51.78595226972837, 42.4731468311489, 0.0, 7.575798676546256, 14.20658847990048, 25.13820380978255, 34.255623117768344, 31.919793256564272, 24.102324618107296, 16.456907665480138, 9.804920465708886, 7.8833909239633035, 30.15047090583703, 37.42932645563878, 45.9259606404502, 61.80809302334976, 65.74273333468966, 65.06850717773996, 62.30461343408819, 59.48323027752874, 49.94643506187914, 35.57406977902659, 26.888996223603755, 16.858942755125394, 90.0939350904687, 83.36614952522946, 76.62815620104992, 75.61275250208