{
	"dissimilarities": [[0.0, 7.362054394357662, 17.04368700911554, 27.70039048313178, 20.808153252049497, 13.763204578939746, 9.612445411924428, 43.599530995155455, 50.17952896104513, 58.49803891238944, 66.69261145561462, 73.63752535412706, 67.64236255744139, 59.563152996444536, 51.14092435868262, 20.66013703588907, 20.853657769394534, 21.880136350748913, 26.311837397853473, 31.893547697180146, 27.473188458149806, 20.93189792027756, 16.685900329716283, 13.491556215679235, 14.968943639936588, 51.29504021604789, 59.12474381322911, 64.661930805365, 72.79339154246695, 79.73528503078748, 77.80253469580153, 71.86130485677957, 65.39752405667669, 58.272053358835315, 52.28606929337449, 18.62738754626652, 23.308228864309193, 36.015286825006754, 40.62856063775356, 50.577112745345374, 56.639611843654606, 61.267477343361115, 62.770414489991936, 58.8589731795386, 45.65974997844295, 38.13907451803484, 34.03113241175189, 67.66909363780417, 61.36811459983064, 64.14023005918172, 67.84020228212651, 69.14700747515988, 74.21991533646784, 85.74999776696157, 87.67248057376355, 86.9054509405787, 84.91071369318927, 81.68174832718587, 78.07985741299852, 67.62212756389889, 65.68660911590466, 70.64740266440958, 76.07886856247887, 83.8995660795965, 81.55085151396085, 75.63262185242885, 73.84587096205722, 54.36905698479396, 58.08785207000746, 66.84492365997627, 73.83325499545244, 89.13044874785736, 99.91676063192656, 105.2097920883353, 110.82805739955964, 116.04258443812525, 121.7752809642166, 118.96637171689397, 110.47876973444174, 106.38517453901434, 99.09430436269355, 94.70081831474599], [7.362054394357662, 0.0, 10.16099282788493, 21.970272231064982, 15.61782443511378, 11.582080086457916, 11.974748712244697, 50.83990032515105, 57.5257437765548, 65.86001560573062, 74.04879526240718, 80.88446309714502, 74.8973815392271, 66.80079699917178, 58.36111910678316, 24.386871071837117, 21.45501779118456, 19.72486052185285, 21.890858716194252, 26.304118256013183, 21.244311340278482, 15.721652423373218, 13.707936414703308, 14.253338326585112, 19.695901904563524, 58.24848467961936, 66.1528951925502, 71.75275101936793, 79.97153839649535, 86.9047335187228, 85.06563562990426, 79.13696657465943, 72.62298943908652, 65.488944537815, 59.47427342931989, 25.44383512358642, 29.10195150923953, 40.231688608936686, 42.94933212064676, 53.24337386103752, 59.904255554806504, 65.3644999704532, 67.5857189450211, 64.5189116803666, 51.467768422906815, 44.658739708740946, 41.12014426612243, 67.89063617212051, 62.660856632731715, 66.7695156147787, 71.0957303466673, 73.06930776689185, 78.6182803560427, 90.42443533915947, 91.53116292029587, 90.1445905070217, 87.52463208292245, 83.6621129940032, 79.23130520096183, 68.30622334782096, 67.70249797890283, 73.72986325653106, 80.15583096628453, 88.41580252312276, 85.39516149039248, 78.43695199681044, 75.66784392276242, 49.545392694382, 53.61349536510324, 63.05720360654663, 70.91439757545379, 86.84205572773757, 98.68529858758247, 105.10069532042453, 112.9143095435346, 120.0668430363384, 126.47833634716352, 124.32346019225305, 116.36003604064305, 112.77356285237487, 105.78344857398174, 101.49654584536391], [17.04368700911554, 10.16099282788493, 0.0, 12.677199182992355, 9.55052164808237, 13.517876828634664, 17.94817902184311, 59.542062593457835, 66.50960053577968, 75.02417097961113, 83.05236822516468, 89.25038910530155, 83.48227994345795, 75.47880135355538, 66.96825478878183, 33.59451049174971, 28.53142077818998, 23.923197371208015, 21.300921224844974, 21.149843615340966, 15.27812654284281, 15.711504436665445, 18.443020384403688, 22.425119568065565, 29.542986446892197, 68.16373566897427, 75.93679990337935, 81.35901921656856, 89.22179225013572, 95.67132051071555, 93.99415297448026, 88.45331528888855, 82.19570480819364, 75.17712957982796, 69.24795898236253, 35.40946588333985, 37.67926205326067, 47.43013898955205, 46.48893418806542, 56.98610772337183, 64.64897539745887, 71.02275164340746, 73.54976535669594, 71.4059064940357, 59.910927006186455, 53.80644767567941, 50.971114667291154, 67.04190002439604, 64.0009167772694, 70.22777030694199, 75.2704317060271, 78.0056374673603, 83.77638379515173, 95.21342389564671, 95.42551119711473, 93.38797182353471, 89.99262122740069, 85.36391160066559, 79.73043280261837, 68.06031552471782, 69.84833055874547, 77.35009940428827, 84.69656211352223, 93.03364597441485, 89.21483587098226, 81.17656616585703, 77.02684328321791, 43.04128903565964, 45.29273460977915, 55.01230637750419, 64.02125285551352, 80.95122671018709, 94.41483541900136, 102.50416685579187, 114.09971479714746, 123.09320451409083, 129.9946921618476, 128.61354210095317, 121.41706136904236, 118.75837470123358, 112.56752333355382, 109.32516637792524], [27.70039048313178, 21.970272231064982, 12.677199182992355, 0.0, 10.659740249964255, 20.090710954360624, 25.41940514578587, 66.73009312445201, 74.12343928389731, 82.91159080657812, 90.53814846262262, 95.437796399754, 90.07985509462982, 82.34443255479016, 73.84360485404461, 45.8405687978776, 40.743827496802865, 35.40840898364994, 30.071535900990774, 24.775209641147924, 19.95997412715813, 26.23338161147674, 30.547247218139315, 34.842371621109905, 41.53055700451264, 78.28620989053823, 85.70191052907646, 90.6939824982488, 97.69064990503054, 103.138109440232, 101.58123192888233, 96.82469960788974, 91.18637124260768, 84.41942956017277, 78.72209355603773, 45.77036154814348, 46.213453531821116, 54.90097176012216, 49.19909625366485, 59.47419462923801, 68.28824294099915, 75.33753157676237, 77.51025652859225, 76.24196180963717, 67.85553824163662, 62.47935968673263, 60.66871257739546, 63.31909755917411, 63.379233267653206, 72.03482701483053, 77.6259614898532, 80.98757523471, 86.51195907258519, 96.7143754953865, 96.15537551788583, 93.64147521532414, 89.54191389291825, 84.26660746417197, 77.3668716517404, 64.89601128589847, 69.77620426356206, 78.7614552006089, 86.56914345345884, 94.40406686069385, 89.85514469331227, 81.08442136134155, 75.48743724074689, 39.920823126765974, 34.91727465506542, 42.60405403354486, 52.29593341036031, 70.30962817200341, 85.48585449125511, 95.33402475190444, 111.57738932047194, 121.63328733006179, 128.69265358271068, 128.18816136464662, 122.1011288691782, 120.88471179000702, 116.33576907421157, 115.49065829336463], [20.808153252049497, 15.61782443511378, 9.55052164808237, 10.659740249964255, 0.0, 10.118303912122132, 16.78268017085904, 59.46667975947362, 67.20142922759575, 76.06095568533736, 83.86020670748653, 89.04759458470211, 83.08407714590943, 75.0564147831843, 66.61030737771549, 39.85830308351244, 36.44535532584657, 32.86197742347247, 30.818917136670212, 29.48891646739034, 23.646357083568493, 25.048943605483682, 26.973973263987713, 29.57819741178345, 34.796430425184795, 71.37793439061245, 79.076379215744, 84.39084999398162, 91.84120888807988, 97.85432151892356, 95.82610987863917, 90.56325432700469, 84.61389943387178, 77.5689232428712, 71.70260130336686, 37.6092963659619, 36.6898015019522, 44.497053950545485, 39.843080078446576, 50.254886491304546, 58.63619395045928, 65.64526309096334, 68.38609224669494, 67.34956027448523, 58.00284337467891, 53.241117407373096, 52.59115484499296, 57.83633718125004, 55.686996121443165, 63.12196307943162, 68.58422666463974, 71.85918315154262, 77.76977692104045, 89.03200225628704, 88.41387666091784, 85.89823894986085, 82.04950133239477, 77.04455640821725, 70.91384126122391, 59.03736427800494, 61.8748746401586, 70.21505068044912, 78.19371179280898, 86.69912920758797, 82.22485679220095, 73.45314517405434, 68.59344545275697, 48.844986781459205, 45.24403659601811, 50.355997559445036, 56.91278827749683, 72.5331641585702, 85.26859169968226, 93.1958133857921, 105.47333721089952, 115.94726296771275, 123.88306358285617, 123.7854945612375, 117.95987720184998, 116.68516247917833, 112.61340078022552, 111.76794948149049], [13.763204578939746, 11.582080086457916, 13.517876828634664, 20.090710954360624, 10.118303912122132, 0.0, 7.598362261707917, 50.30576653535268, 58.11644481203191, 66.94215711300605, 74.84293641154692, 80.36645672960174, 74.05591710889291, 65.8710526379542, 57.481543914169926, 33.22674744504895, 32.23643739739596, 31.05820618726085, 32.387669227268965, 34.36988511283122, 28.641747667407937, 25.947128930645952, 24.854476704248395, 24.722825390534574, 27.402561960878366, 62.30932994475555, 70.09338038867644, 75.54706055171307, 83.22186355356303, 89.59907458993611, 87.27711423354015, 81.69276913656562, 75.58124741270913, 68.41027594552381, 62.48649125466895, 28.17722386603267, 26.58514521991174, 35.06794503709912, 33.14597103054117, 43.639382952288344, 51.24775987574001, 57.57909236509165, 60.16621912500397, 58.52088699364732, 48.07848469999982, 43.164188510589355, 42.91652457504025, 56.36812237223847, 51.670138060251304, 56.998781317958354, 61.852787190601866, 64.49125965214857, 70.31680681099809, 82.13215206927195, 82.2289342382138, 80.26546816440052, 77.13411780248232, 72.86207807051804, 67.97729618309842, 56.888209658541484, 57.08017704993317, 64.03895059557645, 71.30284109606333, 79.91788828511845, 76.08763668515085, 68.21472582249584, 64.73367685394413, 55.69505730827055, 53.67063379411916, 58.26174409380884, 63.209231918675286, 77.33227927108767, 87.99092671025939, 93.93567115736174, 102.00916457325286, 110.96950037661665, 118.74355276864371, 118.19621114307151, 111.93688363482279, 110.07661660933962, 105.79722265302814, 104.58023228195398], [9.612445411924428, 11.974748712244697, 17.94817902184311, 25.41940514578587, 16.78268017085904, 7.598362261707917, 0.0, 42.989739872187386, 50.67073938165715, 59.49038967820004, 67.38781696655064, 73.04213390741874, 66.83331071229298, 58.6885575084008, 50.24441842550805, 29.233632312392245, 30.18413092032769, 30.6787433112854, 33.624110799911804, 36.97776846708566, 31.834354807383722, 27.68639007786741, 24.911761749218563, 22.652277274842145, 22.952600322310346, 55.26422309224054, 62.886928649171324, 68.19977936391267, 75.70220987212032, 82.00359473199495, 79.69608971019782, 74.18195871838542, 68.17532123259757, 61.08038962617744, 55.23143472606683, 21.76436379899596, 20.971124940995868, 31.85643032654252, 32.337260239721445, 42.57044157308648, 49.55321002016919, 54.87542505824173, 56.46495220359788, 53.63516227947367, 43.01874950336657, 37.073197146368116, 36.02670729782261, 58.1214980379375, 52.333387088654995, 56.126632215604936, 60.22737858048161, 62.02851070913112, 67.22947926533652, 78.60652718717846, 79.80046943081895, 78.63775693905583, 76.26019784078746, 72.73822697196043, 68.77096639291369, 58.10337508841226, 56.87601356775479, 62.59648142705033, 68.59271596567766, 76.58792760011116, 73.60481019716039, 67.03772278850784, 64.69810365699537, 58.143635644258005, 56.94601725900084, 62.02632020523163, 66.83764771394662, 80.82526835717174, 90.74061301274324, 95.68666751258141, 101.7313307465958, 108.12070691420546, 114.82530297422014, 113.27132040694175, 106.1656183858095, 103.57413989974042, 98.63848225301776, 97.0800667514473], [43.599530995155455, 50.83990032515105, 59.542062593457835, 66.73009312445201, 59.46667975947362, 50.30576653535268, 42.989739872187386, 0.0, 8.985319844608593, 17.88025264427754, 24.999978556849864, 30.744179453353603, 24.094371159066714, 15.989669546193065, 7.568699585710481, 44.316180435795346, 53.3409571346912, 59.56236926569585, 66.77058512101921, 73.19687446087693, 69.91171744275101, 63.07567319606329, 56.97153019214415, 49.886211787690414, 40.9081998108187, 26.447014826561446, 30.0419693199756, 33.019578840713955, 37.66094715633379, 42.951187657544864, 39.36051107236922, 34.492655879908156, 30.387697055645003, 24.865000889173423, 21.549066383242014, 29.04834994133502, 28.600004157553773, 36.220836996051574, 46.056914365907545, 49.20876583952633, 49.623287599868014, 47.01396707568144, 41.84717439035609, 31.747172222177035, 26.958185807050334, 19.31829257731596, 17.6493243027208, 73.99752050418327, 63.70876166111625, 58.24353080164709, 56.92324784247211, 53.292411735992566, 53.385526593208496, 60.3744738941215, 67.98607345929733, 71.6436751520183, 74.05139587041944, 75.34269329042185, 77.24001606619187, 71.45522663505594, 62.6718622188291, 59.865520317779655, 57.01789400223242, 59.9677795955229, 62.858041159195835, 65.20064067135841, 69.84455243982907, 91.56435615409974, 91.09699971868818, 94.41069509103168, 95.76040296657264, 105.68648874033332, 109.49279258756812, 107.88072827625078, 99.91802613222433, 92.09321265665481, 93.21198164264547, 86.62046666884464, 75.62647808439111, 68.93545406348947, 62.20795437720107, 61.004330251571645], [50.17952896104513, 57.5257437765548, 66.50960053577968, 74.12343928389731, 67.20142922759575, 58.11644481203191, 50.67073938165715, 8.985319844608593, 0.0, 9.104279707987944, 16.74019963015406, 24.587479930893508, 18.620229412260876, 11.847056237504445, 7.3487438525927, 48.01532166857256, 57.39838219291688, 64.11019564672348, 71.70297311522322, 78.6341470350448, 75.81344550429377, 68.6036935768128, 62.2480265420887, 54.939959798900084, 45.652042229236386, 21.53322457780669, 22.955215976159625, 24.840132367843292, 28.74712956567436, 34.289435758420915, 30.605062395794473, 25.513390996098224, 21.792817429525098, 17.17750597411586, 15.531393309489076, 34.89022274757975, 36.32089182302178, 43.7476659342373, 54.81296890782113, 57.519442610881484, 57.14411611287609, 53.62106049945716, 47.9581072830809, 37.28051228458249, 32.6514581078491, 25.296330981190017, 21.326386868921844, 82.6085721542239, 72.15065442339352, 65.8875388689995, 63.9676376744744, 59.70941167088695, 59.03551357301666, 64.90293117211533, 73.52619788141088, 77.88011667155037, 80.92913673748522, 82.79266350213061, 85.26885081434884, 79.9466296061299, 70.70441578279423, 66.99528015220064, 62.98044096757185, 64.87109384151277, 68.78500683497629, 72.37654928188813, 77.701325950165, 96.43663732711777, 97.44991318114874, 101.82313648761001, 103.73923941194528, 113.93845190401495, 117.66701213638001, 115.68290607992446, 106.37416057104659, 95.9938457057151, 95.42165256068286, 87.15424152439188, 74.60220028849022, 65.95300472025907, 56.78542088979855, 53.2268234184303], [58.49803891238944, 65.86001560573062, 75.02417097961113, 82.91159080657812, 76.06095568533736, 66.94215711300605, 59.49038967820004, 17.88025264427754, 9.104279707987944, 0.0, 8.525459117868841, 19.28672277124483, 14.466772360041265, 11.53212805077753, 13.598678512157349, 54.32930938034653, 63.9540877567639, 71.03958378183268, 78.97459435751529, 86.30545026384956, 83.75164053179887, 76.2155238660158, 69.66245450165819, 62.21242059183876, 52.72302682620588, 20.91139119307912, 18.891592473543383, 18.7172580081275, 20.897275818106195, 26.653930588316722, 22.400957354185422, 16.935658359218547, 14.412081844145003, 12.443297970965299, 14.400623131646666, 42.630405667507716, 44.59986832920516, 51.06074212974879, 62.99005177549562, 64.95342979256228, 63.634398606597124, 59.13120290073777, 53.03861936364634, 42.11905778710304, 38.303636549301636, 32.03988113450814, 27.990081094273616, 90.50880756847242, 79.68572143754092, 72.39977321864677, 69.79706377516035, 64.90023704564749, 63.46260751044947, 68.28713490452715, 77.7700315706167, 82.78661725749632, 86.52284447671941, 89.03757188740803, 92.26184660851321, 87.66696519509641, 77.69366641806722, 72.9090643023258, 67.71540084834601, 68.62545302945712, 73.52266000775491, 78.38165171737532, 84.51772307764631, 103.79480991220899, 105.70249031037709, 110.47080028251004, 112.4096389170852, 122.36349962400408, 125.53625748221774, 122.83388041411136, 111.47645339529335, 98.77753544831789, 96.86668141250101, 87.31372696148475, 73.69430383238377, 63.40785480767238, 52.52448232364113, 47.00136196697378], [66.69261145561462, 74.04879526240718, 83.05236822516468, 90.53814846262262, 83.86020670748653, 74.84293641154692, 67.38781696655064, 24.999978556849864, 16.74019963015406, 8.525459117868841, 0.0, 12.453297170772125, 10.533015266607894, 13.378018490551543, 19.11657997559629, 62.73923828914938, 72.30624353245315, 79.34425020728482, 87.12141443053633, 94.23879470827191, 91.78215348251291, 84.48769855332174, 78.02321557129707, 70.62530659410412, 61.20227471163497, 27.579905913442236, 23.310430295585405, 20.640323347364642, 18.265837362823394, 21.25551365934291, 16.262875063147998, 13.396557160085495, 15.407286268406287, 17.461937858910908, 21.45020355658682, 51.081002650031586, 52.534656776324, 58.15296181588003, 69.27349147820935, 70.40994417356178, 68.57544140257528, 63.269145260621016, 56.24361967004952, 45.25452001888306, 44.49148321060894, 39.46694087063209, 36.432636102898975, 95.30612576830661, 84.64635206328394, 76.79357810724463, 73.55616019398833, 68.09308413355853, 65.56737317314405, 68.51573936106135, 78.91939164279736, 84.68593010089272, 89.08773966267118, 92.2744777836347, 96.14686558795785, 92.24644738496545, 82.02436642302975, 76.37364402355556, 69.7958753275349, 69.23367684220278, 75.09400700222514, 81.39118439677183, 88.21523415589411, 110.98857273851368, 112.24645483745601, 116.41326968960699, 117.79662890870647, 127.08717771678852, 129.42696872673625, 125.87966645623163, 112.9663420228069, 97.38106508608995, 93.86010349438399, 83.09308107030785, 68.67640001944878, 57.32100913590061, 46.08062978517239, 41.56589875829966], [73.63752535412706, 80.88446309714502, 89.25038910530155, 95.437796399754, 89.04759458470211, 80.36645672960174, 73.04213390741874, 30.744179453353603, 24.587479930893508, 19.28672277124483, 12.453297170772125, 0.0, 8.647331205319132, 16.545053456957156, 23.66383050368735, 72.417406440854, 81.66003169157523, 88.17953631328382, 95.23007788921589, 101.37698389847795, 98.75297127517476, 92.38721967549722, 86.35197175634282, 79.2324840443578, 70.1522654920883, 39.74283935717765, 35.69471100544854, 32.47552126483852, 27.224032595294805, 24.8398258654435, 20.49834409674347, 22.9008359084162, 27.364514099322612, 29.86983695370507, 33.42107221712429, 59.24053893373996, 58.93565196793158, 63.537512929602904, 71.6852638366673, 71.72939303899982, 69.86515913301412, 63.98105883429415, 55.37222790327207, 44.687578352739244, 49.85681576621983, 46.406505985203935, 45.53438888654966, 94.21878758186872, 84.4919603497934, 76.66932268277942, 72.84314073547213, 66.92528410842186, 62.82265460061064, 62.58225904964615, 74.0089314656154, 80.65334024510376, 85.69506389939434, 89.60065831639511, 94.01464884080784, 90.89110518592987, 81.08402413232216, 74.8133060441456, 66.52755200751304, 63.707209445225146, 70.53225816047232, 78.56605989046852, 85.92615269846505, 116.97165788028346, 115.40661924112612, 117.425257239405, 117.29247603235366, 125.12318816965657, 126.08559673199596, 121.43105202138346, 107.57607418370146, 88.3520837739735, 82.94762563233807, 71.20438431386023, 56.500371791758425, 45.317857313096404, 37.292202549197114, 40.62954045718797], [67.64236255744139, 74.8973815392271, 83.48227994345795, 90.07985509462982, 83.08407714590943, 74.05591710889291, 66.83331071229298, 24.094371159066714, 18.620229412260876, 14.466772360041265, 10.533015266607894, 8.647331205319132, 0.0, 8.531579291775468, 16.650580339581982, 66.45520274109728, 75.9488712744674, 82.63150616975878, 90.04778341913237, 96.52110681301545, 93.56126659255892, 86.77703842015102, 80.54588017562835, 73.28478562286466, 63.95843961396107, 34.97621860215803, 32.34972171246975, 30.73712271432219, 28.600105265459568, 29.586347241616053, 24.637706253471524, 23.623010446522027, 25.427833278632097, 25.95516553681407, 28.436042089525554, 52.512984170803264, 51.48644270423478, 55.316712787155375, 64.3375767729381, 64.30742046489756, 62.1335287583287, 56.27910859778992, 48.23398837438013, 37.37249221821872, 41.29295241387177, 38.24506841995648, 38.502075925879126, 88.24208254299106, 77.72555448293366, 69.47837938556968, 65.75931590832393, 59.95284426296225, 56.57024429773336, 58.350986753761546, 69.10679379765286, 75.24484884367183, 80.00880810979203, 83.64894648413065, 88.04419456123635, 84.94431628001958, 74.45017094293873, 68.1548207599048, 60.61240140531264, 59.20018811212837, 65.46732106218298, 72.6534483668296, 79.99252736284045, 113.44875497458123, 112.04935635445385, 113.89096419788777, 113.5292293815049, 121.19488116741687, 122.07448492871687, 117.47674858086371, 103.16072997063058, 86.93805442066498, 83.96537786360965, 74.21823008958441, 61.24091562872229, 51.90511709420679, 45.62788602207481, 47.68483143145029], [59.563152996444536, 66.80079699917178, 75.47880135355538, 82.34443255479016, 75.0564147831843, 65.8710526379542, 58.6885575084008, 15.989669546193065, 11.847056237504445, 11.53212805077753, 13.378018490551543, 16.545053456957156, 8.531579291775468, 0.0, 8.53805568136341, 58.780485667334766, 68.27702186858895, 74.92123831977763, 82.427247547836, 89.00408649928576, 85.84385537744569, 78.89724672234166, 72.6245332876445, 65.35304414318777, 56.00494987273244, 30.333429296544644, 29.75704500073482, 29.97947225496668, 30.86742128600373, 34.16069297966138, 29.434633149216484, 26.17678312453646, 25.22057250824719, 23.182889288049605, 23.813353842432296, 44.25412330146358, 42.96603739737602, 47.14016350858985, 56.75961945183671, 57.36869231890032, 55.62040156871793, 50.46078518839171, 43.21741609850513, 32.17545785413651, 33.66288146737605, 29.90759980834505, 30.489434189480807, 82.20188263145063, 71.38091836506595, 63.54938909068084, 60.41046876092604, 55.11839897277795, 52.86592454796274, 56.83647508545197, 66.58409699082635, 71.9294145257452, 76.0211995366751, 78.99976717625361, 82.80690814996494, 79.07741838658296, 68.6542580399329, 63.1309684493544, 56.9830935832038, 57.24896594469592, 62.46797602683079, 68.16323514578235, 74.8886801916669, 106.73519808329307, 105.58260504881196, 107.66594532416943, 107.59178640426522, 115.71053442433401, 117.24261880751344, 113.37284761850472, 100.42853231654874, 87.4343820061944, 86.40339459467809, 78.17002086754708, 66.26237293042993, 58.211861448774734, 52.23857925533785, 53.05392833708164], [51.14092435868262, 58.36111910678316, 66.96825478878183, 73.84360485404461, 66.61030737771549, 57.481543914169926, 50.24441842550805, 7.568699585710481, 7.3487438525927, 13.598678512157349, 19.11657997559629, 23.66383050368735, 16.650580339581982, 8.53805568136341, 0.0, 51.40745365714172, 60.62566701667612, 66.9932457314273, 74.25602195534603, 80.6412962376244, 77.40635953881328, 70.63128403303293, 64.50060639306265, 57.36267192300911, 48.250068252533495, 28.06805488558003, 29.672031091951375, 31.36050261605083, 34.24694349869463, 38.53599894708998, 34.453048795252215, 30.36770012607693, 27.656346088952784, 23.57257710103308, 22.07072131856295, 36.38415596738102, 35.27596692565131, 41.036017051511564, 50.451443150664474, 52.28051171117027, 51.68956232916559, 47.80140656061683, 41.394634842024956, 30.58419133718832, 29.473900149866118, 23.91021812933326, 23.75651869790153, 76.98827074462123, 66.50249229338206, 59.91698447880497, 57.693435248496115, 53.22265598227766, 52.11152014533087, 57.58742668097018, 66.2845808088108, 70.78939678346396, 74.01374075322333, 76.131989071201, 78.94719552740554, 74.1349938844815, 64.59390156348792, 60.4695317796988, 55.94563685046105, 57.55524745124636, 61.564266170374076, 65.57908498270059, 71.24710378139841, 98.56240651125913, 97.47481893847554, 99.99608945929664, 100.53489262505462, 109.51365695371727, 112.17127936020404, 109.44306590921154, 99.19924362582292, 88.81176395167154, 88.90172775688156, 81.5631113625284, 70.16955331547841, 62.9921764648914, 56.8007752429115, 56.9117513052206], [20.66013703588907, 24.386871071837117, 33.59451049174971, 45.8405687978776, 39.85830308351244, 33.22674744504895, 29.233632312392245, 44.316180435795346, 48.01532166857256, 54.32930938034653, 62.73923828914938, 72.417406440854, 66.45520274109728, 58.780485667334766, 51.40745365714172, 0.0, 10.429334944967202, 18.71946187102447, 29.065021413916377, 39.57913306414361, 37.24752548938696, 26.437427879020362, 18.87141806404015, 11.654304294559754, 6.588455284047165, 40.34875030314933, 48.48326876889227, 54.709573242238484, 64.5541184796379, 73.42296041325719, 71.75739768444737, 64.43025985241626, 56.827069573578385, 49.75889346903483, 43.75194718790812, 18.24391979045419, 29.571122229607234, 41.649017564769636, 54.23219625972156, 62.76182012835384, 66.16162449532779, 68.89516570125483, 70.53587831010879, 64.9763689148847, 46.851482785374486, 37.87267514711647, 29.29791760920303, 85.05424934159058, 76.23466416008635, 75.66479651739658, 78.14365552517091, 78.22636913701284, 83.07909472200642, 95.42453121700441, 98.67440035332301, 98.7597768589017, 97.87335186586405, 95.6522067301728, 93.65020372164926, 84.56240632296632, 79.54965024693824, 82.08595578174332, 86.18527117947907, 93.9527893094551, 93.02232068471785, 88.69157979697485, 88.79126183286843, 62.564203093931134, 73.93921770010093, 86.14252035486084, 94.32379933378122, 109.75233872706124, 119.91812277408947, 124.09309389519225, 125.20869067407229, 128.3378139101256, 132.99361687061722, 128.32092189218176, 117.74441153609443, 110.8380736945322, 99.73724691943886, 89.58973649669987], [20.853657769394534, 21.45501779118456, 28.53142077818998, 40.743827496802865, 36.44535532584657, 32.23643739739596, 30.18413092032769, 53.3409571346912, 57.39838219291688, 63.9540877567639, 72.30624353245315, 81.66003169157523, 75.9488712744674, 68.27702186858895, 60.62566701667612, 10.429334944967202, 0.0, 8.59154561544551, 19.32857539876469, 30.4913353907487, 28.730129392099524, 17.62887945193514, 10.787493620221934, 7.601110154432311, 13.291464809730606, 50.21321182158765, 58.11194249083728, 64.10948000398004, 73.66800980073589, 82.16058012381893, 80.85010506052045, 73.8627421574059, 66.4575548649956, 59.57562519033867, 53.680476426069646, 26.48632061002249, 36.535451318099916, 48.32693129280871, 58.45164504756541, 67.75673580356957, 72.17048283764375, 75.92546888670032, 78.07323440746019, 73.20711983499675, 55.703185116762164, 47.17251154671747, 39.253600564257276, 87.28875390648996, 79.84711047962321, 80.99335524379968, 84.22514166736102, 85.03088545014967, 90.31314271169447, 102.73247339493896, 105.27342420662427, 104.76995855648853, 103.18573205187957, 100.23800784627097, 97.18943627336981, 87.29377307176284, 84.00469141815937, 87.88506705017393, 92.99710212202523, 101.08447431105128, 99.44851683927845, 94.03038846340385, 92.9659287855527, 53.85785172109808, 67.5886160286744, 81.70616485944427, 91.53094298343422, 108.19235578263566, 119.98929402921095, 125.70946283058355, 129.98629264178174, 134.75412180965648, 139.725187652724, 135.4013730138809, 125.04620448931557, 118.52921750642186, 107.33073539479537, 97.13602719140613], [21.880136350748913, 19.72486052185285, 23.923197371208015, 35.40840898364994, 32.86197742347247, 31.05820618726085, 30.6787433112854, 59.56236926569585, 64.11019564672348, 71.03958378183268, 79.34425020728482, 88.17953631328382, 82.63150616975878, 74.92123831977763, 66.9932457314273, 18.71946187102447, 8.59154561544551, 0.0, 10.907592179048358, 22.30247640448973, 20.88908903010957, 10.097417223852247, 6.291369065680855, 10.611665590569515, 19.99055857891355, 58.22130269896278, 65.9987653891581, 71.79598278741557, 80.97562448820787, 88.9890416221984, 87.86255442826796, 81.25512980154534, 74.09927338829802, 67.29083208081188, 61.43059834902022, 32.63927999633713, 41.43488090420577, 53.010455543579404, 60.62989673848217, 70.45781719083831, 75.7800518488392, 80.34100190001688, 82.72587734810085, 78.44892967438548, 61.944561835985354, 53.7637419497085, 46.52715594663768, 87.2710942408286, 81.1877138828931, 83.86056994810338, 87.68600290444154, 89.07230652959592, 94.59597299638287, 106.86841079330169, 108.81612175316648, 107.84953242424125, 105.68992918018047, 102.1613016766558, 98.22651276307293, 87.67541020239707, 85.9812053144555, 90.99517284074473, 96.85011648638469, 105.07461728629217, 102.8422947662896, 96.58667909508969, 94.53214988192519, 46.150452970783384, 60.90845745144271, 76.18241043480302, 87.16296690483671, 104.6972136621384, 117.76080507279441, 124.73373365345498, 131.81786569987165, 137.84151552231785, 143.08285233616905, 139.1887099610425, 129.22768529577263, 123.30625018307657, 112.51254577694951, 103.04714052463656], [26.311837397853473, 21.890858716194252, 21.300921224844974, 30.071535900990774, 30.818917136670212, 32.387669227268965, 33.624110799911804, 66.77058512101921, 71.70297311522322, 78.97459435751529, 87.12141443053633, 95.23007788921589, 90.04778341913237, 82.427247547836, 74.25602195534603, 29.065021413916377, 19.32857539876469, 10.907592179048358, 0.0, 11.656877043052319, 11.784418718381364, 7.190293358057164, 12.384119332010851, 19.46980776300377, 29.342833229355115, 67.47293944778019, 74.98918277602029, 80.43246202787877, 88.97976270501226, 96.24230955054283, 95.40733929021576, 89.4048850010983, 82.67271178009929, 76.04873996212409, 70.31229382384012, 40.911966227691934, 48.55540303317649, 60.12659695645033, 64.64658252464457, 74.91651776312986, 81.28935450830294, 86.57530466126036, 88.85702533990445, 85.03933607286078, 70.16052173599901, 62.160150943171686, 55.35396851426378, 88.08471205987894, 83.90786551878375, 88.38338010756108, 92.7663704308761, 94.67955048080248, 100.21947882660665, 111.89559366539808, 113.36837396807209, 112.03076500089554, 109.30358978076738, 105.20392446697183, 100.2577977075515, 88.92254957093775, 89.30183643110462, 95.54039013270929, 101.93223905091747, 109.98331379542203, 107.21009830803109, 100.2676262414494, 97.11829800276604, 35.65355972584897, 51.745122522787454, 68.82291796083027, 81.50891022722182, 100.29960162181371, 115.0497850171733, 123.60261220303771, 134.35686911633374, 141.17574255713308, 146.3218339835936, 142.69043647992996, 133.05636473971865, 127.77793528036446, 117.38353894596807, 108.90639332398624], [31.893547697180146, 26.304118256013183, 21.149843615340966, 24.775209641147924, 29.48891646739034, 34.36988511283122, 36.97776846708566, 73.19687446087693, 78.6341470350448, 86.30545026384956, 94.23879470827191, 101.37698389847795, 96.52110681301545, 89.00408649928576, 80.6412962376244, 39.57913306414361, 30.4913353907487, 22.30247640448973, 11.656877043052319, 0.0, 6.166251633265789, 14.884955342391628, 22.041648675400694, 29.164463125264874, 38.796295158233804, 76.63493828870058, 83.9266550421796, 89.02317516793813, 96.85210549986675, 103.25611443618551, 102.59119444711916, 97.25330170038414, 91.0093178265043, 84.53169074143592, 78.90871664127452, 48.88206183463208, 55.054381275124086, 66.3800850332539, 67.50978379825328, 78.00378721905216, 85.40415830389674, 91.35672387029838, 93.4347217674658, 90.18221917866884, 77.34907793010895, 69.69692019251966, 63.650379615657556, 87.04272876888638, 85.00031886301136, 91.3209583266734, 96.21207859626593, 98.64125102625026, 104.09861654437633, 114.97768766069258, 115.91602552050327, 114.21045225130779, 110.91903782431966, 106.28016864324837, 100.33061748826672, 88.30184151499569, 90.90274314422766, 98.34455376751689, 105.18998146044352, 112.9496946475253, 109.61070265900841, 102.04048944544512, 97.7798393136868, 25.518074148172694, 40.96455856837489, 59.4319414488686, 73.66515275503312, 93.55418744109535, 109.89712528750458, 119.99651015577219, 134.57535780749606, 142.16193609149587, 147.2756047229088, 144.12367549167865, 135.11919459322473, 130.81207383539223, 121.38877957134656, 114.64959321520986], [27.473188458149806, 21.244311340278482, 15.27812654284281, 19.95997412715813, 23.646357083568493, 28.641747667407937, 31.834354807383722, 69.91171744275101, 75.81344550429377, 83.75164053179887, 91.78215348251291, 98.75297127517476, 93.56126659255892, 85.84385537744569, 77.40635953881328, 37.24752548938696, 28.730129392099524, 20.88908903010957, 11.784418718381364, 6.166251633265789, 0.0, 11.660105951249669, 18.97950430072224, 26.09958871377856, 35.666011641271105, 74.60356117682575, 82.13736834692764, 87.41883251228315, 95.39731873608758, 101.93785457863204, 100.95283981103972, 95.45501618219318, 89.1092427985468, 82.40512510287135, 76.62907228513527, 45.08859027986012, 50.30702157627167, 61.05659295764071, 61.71475457923771, 72.20096193669315, 79.65195434487339, 85.80732082184804, 88.18391521241303, 85.34484098379124, 72.63805525260943, 65.4669898198246, 60.315165842886756, 81.37467131238675, 79.099142366593, 85.46213493242324, 90.46345792285352, 93.06080251472572, 98.71671871408805, 109.90690788005428, 110.50986001900283, 108.60785044207641, 105.20734723630424, 100.48939281907815, 94.55339313099059, 82.63296018542496, 85.07140126307183, 92.61306721238712, 99.76010455901263, 107.81301093636766, 104.2508505113479, 96.39249930718735, 92.06819003155047, 30.384446244799737, 41.60937355708238, 57.73963030410843, 70.66235562158558, 89.7850510054985, 105.43644855232152, 115.10160150569324, 128.97419664561636, 137.36840362969926, 143.18126717702503, 140.66426560277154, 132.25233594136765, 128.45212284062478, 119.96757840496383, 114.14197587487394], [20.93189792027756, 15.721652423373218, 15.711504436665445, 26.23338161147674, 25.048943605483682, 25.947128930645952, 27.68639007786741, 63.07567319606329, 68.6036935768128, 76.2155238660158, 84.48769855332174, 92.38721967549722, 86.77703842015102, 78.89724672234166, 70.63128403303293, 26.437427879020362, 17.62887945193514, 10.097417223852247, 7.190293358057164, 14.884955342391628, 11.660105951249669, 0.0, 7.694603068377605, 15.414070437578166, 25.4904928938446, 65.38490646347316, 73.22068969827241, 78.90169544457908, 87.62920956666699, 95.04918894309846, 93.81118842854868, 87.61275790394308, 80.7543365902606, 73.83701623910169, 67.89807074302826, 36.33315865113289, 42.82123109548879, 53.70394645754024, 57.917107840203265, 68.16151060088036, 74.53626225417898, 80.05211724261561, 82.72881426669352, 79.40760971706692, 64.54976129918602, 57.141952378225035, 51.4943626182263, 81.71460121914724, 77.15121888337332, 81.56992841369954, 86.06643591098933, 88.16813589351263, 93.96497248952045, 106.05598431321486, 107.13102027585072, 105.56401506318224, 102.72402394994046, 98.55157151924608, 93.67021389389816, 82.52793352357577, 82.59493568187767, 88.89382213851015, 95.6425137820594, 104.06614461649747, 101.03686546927662, 93.7678507165544, 90.59186129296214, 40.247016226486615, 52.53280164493261, 67.21393822720317, 78.41029230597444, 96.2237413883358, 110.10359321381931, 118.10300759499995, 127.92659009459051, 135.69896929629138, 141.68044817157997, 138.81114162083995, 129.89686764377757, 125.23809472781022, 116.00304707084831, 108.68723300518037], [16.685900329716283, 13.707936414703308, 18.443020384403688, 30.547247218139315, 26.973973263987713, 24.854476704248395, 24.911761749218563, 56.97153019214415, 62.2480265420887, 69.66245450165819, 78.02321557129707, 86.35197175634282, 80.54588017562835, 72.6245332876445, 64.50060639306265, 18.87141806404015, 10.787493620221934, 6.291369065680855, 12.384119332010851, 22.041648675400694, 18.97950430072224, 7.694603068377605, 0.0, 7.869523998531614, 18.03860753351006, 58.18916856252477, 66.16269270481769, 72.02467344515402, 81.0737959213763, 88.89930554238747, 87.48447818152084, 80.95690399911989, 73.879542579244, 66.85941489075388, 60.85249705204113, 29.560147374166096, 37.01660740751575, 48.28204092526217, 54.7726857627046, 64.72518373300733, 70.37381588656135, 75.2854866710782, 77.84649005673371, 74.05281912677667, 58.19567388481859, 50.50200473347071, 44.45965248281001, 81.02197540940068, 75.08667904065265, 78.15002011423202, 82.18019244438862, 83.81682436639127, 89.48896773374601, 101.84539422937908, 103.40559746868813, 102.21219226713362, 99.85474524446789, 96.16774325038106, 92.06866223495578, 81.46654137575862, 80.01473521528033, 85.35853071746783, 91.55443905788823, 99.96273980033943, 97.41169976905918, 90.79615116869226, 88.48999575372635, 46.88479748640798, 58.54101113998027, 72.11863712008503, 82.16052920148843, 99.13916369864125, 111.80564505382878, 118.62164843602648, 125.8210301223653, 132.5985917239052, 138.42791565462394, 135.2200301017289, 125.97207560878584, 120.81561193468153, 111.26246077071804, 103.3691971708676], [13.491556215679235, 14.253338326585112, 22.425119568065565, 34.842371621109905, 29.57819741178345, 24.722825390534574, 22.652277274842145, 49.886211787690414, 54.939959798900084, 62.21242059183876, 70.62530659410412, 79.2324840443578, 73.28478562286466, 65.35304414318777, 57.36267192300911, 11.654304294559754, 7.601110154432311, 10.611665590569515, 19.46980776300377, 29.164463125264874, 26.09958871377856, 15.414070437578166, 7.869523998531614, 0.0, 10.180788210595923, 50.535043439730124, 58.61128439445599, 64.58783184032009, 73.81221787240585, 81.89341239942776, 80.29085178133005, 73.5456563643926, 66.34585203164396, 59.23579877949979, 53.175530894175125, 22.228135909385333, 30.883404562330636, 42.843854512774705, 51.43554987005197, 60.98721152430802, 65.92749278891246, 70.10691611289654, 72.28933390117889, 67.89850808064318, 51.42584666275145, 43.29424660643807, 36.75372745787938, 79.77366055714351, 72.6400788953745, 74.35436764743427, 77.83076995848967, 78.90931754142996, 84.28536912328515, 96.64158124888331, 98.8065611445222, 98.09019405527205, 96.28147175926041, 93.15474527165564, 89.8686059787872, 79.81111622506872, 76.94372339414613, 81.26643464551789, 86.70046436126758, 94.89153244531389, 92.90014976604908, 87.11855386510031, 85.73268388979027, 53.26903250907846, 63.67150880634555, 76.01931550382656, 84.89277145348021, 101.04090484518659, 112.4945693455391, 118.11337973363354, 122.83519613175183, 128.22736268282054, 133.7182930715217, 130.10633405206832, 120.53215750139135, 114.94604207381907, 105.22408157116324, 97.1045386162727], [14.968943639936588, 19.695901904563524, 29.542986446892197, 41.53055700451264, 34.796430425184795, 27.402561960878366, 22.952600322310346, 40.9081998108187, 45.652042229236386, 52.72302682620588, 61.20227471163497, 70.1522654920883, 63.95843961396107, 56.00494987273244, 48.250068252533495, 6.588455284047165, 13.291464809730606, 19.99055857891355, 29.342833229355115, 38.796295158233804, 35.666011641271105, 25.4904928938446, 18.03860753351006, 10.180788210595923, 0.0, 40.95770120708209, 49.20714584419905, 55.360191088304006, 64.811265084369, 73.23522742012749, 71.3033539678939, 64.24587666010049, 56.88112170965699, 49.610244151436504, 43.454364192453724, 13.209900863645759, 23.849363263545342, 36.516073486836746, 47.96888485368492, 56.70350442277139, 60.54853815337577, 63.617058104270946, 65.22574423539965, 60.01752702727404, 42.783277151758035, 34.028265266557064, 26.772339571497593, 78.56069566160434, 69.93016389885311, 69.76504577150226, 72.42370385406514, 72.70577468185965, 77.61898626082642, 89.90706133800127, 92.87687284876202, 92.81263411407453, 91.76313841932405, 89.42188781851326, 87.26187806786533, 78.0587196396347, 73.31658074209302, 76.17757755010518, 80.50363730222566, 88.34781694670012, 87.13434489915606, 82.54174726796818, 82.42394850273575, 62.07777447495561, 70.80327129054386, 81.46975972406445, 88.77425351352043, 103.69458533208824, 113.49496367579445, 117.51936490288224, 118.9327032143478, 122.4978184304476, 127.57811267730669, 123.50551999431582, 113.5993202877207, 107.52135961337213, 97.76048896712544, 89.5576097767617], [51.29504021604789, 58.24848467961936, 68.16373566897427, 78.28620989053823, 71.37793439061245, 62.30932994475555, 55.26422309224054, 26.447014826561446, 21.53322457780669, 20.91139119307912, 27.579905913442236, 39.74283935717765, 34.97621860215803, 30.333429296544644, 28.06805488558003, 40.34875030314933, 50.21321182158765, 58.22130269896278, 67.47293944778019, 76.63493828870058, 74.60356117682575, 65.38490646347316, 58.18916856252477, 50.535043439730124, 40.95770120708209, 0.0, 8.606847130400888, 15.463764009318236, 26.356808020760045, 36.95806302788804, 34.40464546761831, 25.65804753741177, 17.302421044057997, 10.681240539378091, 6.594379882986269, 34.60861453158819, 41.190750009286816, 49.460647503774446, 65.6217685108848, 69.54536222328312, 68.63866878013303, 65.75916551394573, 62.84057473157828, 53.145296019077946, 39.78113649746738, 31.115480867913256, 21.27549946143145, 97.05612260762895, 85.50848883448849, 78.93770211076