{
	"dissimilarities": [[0.0, 7.543080843017589, 17.116188465994668, 27.37815829162236, 19.388475358496063, 13.174129049812553, 9.92754505278198, 43.31923280780778, 50.08200395632805, 57.37450395887397, 65.574638602175, 73.54287371825892, 66.2101011685963, 58.20262903717393, 50.83371371060066, 16.262699447106165, 15.775555363356943, 19.297626716192436, 25.73416358599684, 31.739305937662493, 30.469983246320364, 21.03509484932326, 15.07693119268421, 9.99433038805392, 9.574277825329597, 49.08040424156987, 56.07660918895342, 61.75344200448404, 70.45460038286991, 77.27954023388828, 75.48417681423432, 69.42575076542953, 62.46254437723758, 55.24425106340066, 50.11967043460767, 21.36634976441138, 22.97275316911663, 35.10672113756378, 40.85118546671829, 50.311922307960316, 56.25197847683783, 61.01477910020036, 62.57072328875376, 59.183584517875026, 45.25903342607503, 38.34992897138795, 34.750755677432416, 66.04922125742831, 63.553328139123145, 64.93607304233598, 68.19944409598915, 70.64765598464099, 74.38747213729035, 83.39147059322978, 84.5157157919683, 82.85330783538753, 80.71199262711768, 77.50060802883874, 72.93633944987944, 67.21249246987914, 68.0706450972955, 71.32656862330631, 74.89416649862606, 81.57810334076665, 75.71986375488464, 72.16593826842173, 69.02426920861771, 55.62285349554519, 59.12600531619289, 67.1058921783328, 75.94551915637338, 88.95113950630153, 100.20403230719309, 103.2091808609786, 108.41166665413428, 117.54779045403247, 122.70432016329113, 116.94087986835596, 108.72062531487522, 104.92898225887328, 97.98551495672399, 96.50564978455978], [7.543080843017589, 0.0, 9.775798244478352, 20.783374637403938, 13.196608729788956, 9.585474895710071, 11.224287320227818, 50.48885060014185, 57.43110397577152, 64.82276051192403, 72.98033948064506, 80.67366336888017, 73.39026989434669, 65.34552192247075, 57.94487123957243, 20.983145529859243, 16.689179188158864, 16.783212343714272, 20.92074331743337, 25.9017480250469, 24.140208607579414, 15.13759709547632, 11.112926389289955, 10.521746517654039, 15.557064887367055, 56.556646318448585, 63.57529324396365, 69.26357285669417, 77.92239967368587, 84.66400894359788, 82.92457742991174, 76.93906609789002, 70.00172950343106, 62.78500931340609, 57.65732466787279, 28.42995038350888, 28.655172739842854, 39.12042299682441, 42.573438734419504, 52.22314085095809, 58.90801302174217, 64.58785573241646, 66.82149653568135, 64.41860165858253, 51.08232472812926, 44.96261144174139, 42.121280441561055, 65.59937007788791, 64.02215351531876, 66.77662610116305, 70.61760088842408, 73.82037595388984, 78.00686332102363, 87.39183052604902, 87.67794709484424, 85.38271126115201, 82.532182781335, 78.6322774478341, 73.36686933988588, 67.10284232634535, 69.29044093726598, 73.52109269076956, 77.8565286387989, 85.41936463891341, 78.62778564617918, 74.30769551518401, 70.20212908968261, 50.930143009511745, 53.97011695114092, 62.23471909569593, 72.03246935683643, 85.44419074403731, 97.70712484181878, 101.79581586712223, 109.38083718960588, 120.4851366691442, 126.41394483357416, 121.57479312387984, 114.00502349703791, 110.86887372380565, 104.44594565791364, 103.34469825603433], [17.116188465994668, 9.775798244478352, 0.0, 12.111757455820069, 8.528011563174266, 12.361062570051573, 17.68866235338933, 59.28709452810817, 66.3652205692687, 73.91253911521069, 81.93746299489021, 89.09622208950438, 82.05725514106433, 74.08495192140293, 66.62220635451507, 29.58675909149649, 22.725656470933746, 18.70977988858001, 17.40743119049267, 18.928127389526225, 16.135499292403225, 11.210695078319944, 13.374162508835049, 17.839374348648523, 25.017615560448302, 66.09155508298319, 73.00468229386668, 78.55545209693746, 86.90472307378171, 93.34273050763466, 91.76638160751381, 86.05162676379594, 79.2896919885977, 72.15936224642343, 67.08106406023079, 38.18603263748232, 37.460703343912414, 46.66648245989336, 47.12541846398723, 56.71676737754939, 64.30151086840087, 70.84129762418746, 73.38610373200105, 71.77499636018261, 59.74990676101299, 54.18954647018543, 51.77808187832431, 66.63107553967086, 66.41898576434654, 70.95784644182413, 75.37757678683033, 79.29305502825737, 83.73204114682628, 93.06497376861356, 92.63217343164773, 89.77171764199348, 86.14316784973954, 81.53899163707273, 75.4211684931189, 68.50580326761963, 72.49654593026112, 77.86433480085503, 82.90839525236139, 90.99550241425804, 83.59115093828261, 78.5538819931755, 73.32462023425188, 44.1929259617463, 45.97714403549984, 54.91402899904342, 66.2681645122532, 80.56890054746086, 94.35389421675296, 100.10131607776289, 111.35746077086374, 124.08617608554914, 130.54375083750548, 126.65925090245707, 119.7558472383712, 117.2822385645732, 111.36760586217105, 110.84568136114048], [27.37815829162236, 20.783374637403938, 12.111757455820069, 0.0, 10.624019497679916, 18.495088286009047, 24.416814228755932, 66.25776011268664, 73.67851812687776, 81.58172767153725, 89.22967693310525, 95.1115216621217, 88.49297078883939, 80.67567646894746, 73.21225716728419, 41.37558975442217, 34.621339997099334, 29.654875728800516, 24.751374301442656, 20.631729279176426, 16.49322128916974, 20.32246997467813, 25.066186251120534, 29.8301552438552, 36.25393995490623, 75.66910318603821, 82.33130773161795, 87.52748541462647, 95.17348638179031, 100.83269536477647, 99.30193821687435, 94.15281080883214, 87.76957488596567, 80.79090758654777, 75.82881895606833, 48.14608573255728, 45.489476872180035, 53.497989470129674, 49.60306888601364, 58.72952218866308, 67.44041987547514, 74.7217649328109, 76.9823311366708, 76.14651688820084, 67.07740279739974, 62.31797590780371, 61.01683726410547, 64.06598785052053, 65.60343676844653, 72.28312050033168, 77.18969979135991, 81.67769511245795, 86.0288312618855, 94.64527678051724, 93.61569706319888, 90.34476802101142, 85.94004686719435, 80.77590401279198, 73.77161484706711, 66.21760161851726, 72.36407984327289, 78.94513402326321, 84.50766609480448, 92.55778019335523, 85.0458036231473, 79.46808334158796, 73.04872765423355, 41.17944777573309, 36.25757987285701, 43.06596701667395, 55.09652249741267, 70.19308623834898, 85.3261520296839, 92.77602801479824, 108.47178856426025, 122.16203577484468, 129.05351196971108, 126.50531053801852, 120.72871930846367, 119.56323594752617, 115.21597338015059, 116.7729776702086], [19.388475358496063, 13.196608729788956, 8.528011563174266, 10.624019497679916, 0.0, 8.352903446008101, 15.249726225495627, 58.214239257173666, 65.84212252268766, 73.7252942564324, 81.54590617930654, 87.89360289686964, 80.77473933345622, 72.67319450564257, 65.280261987243, 33.985521106866116, 29.09099288498062, 26.610987042932493, 25.869928251546487, 25.97024215595605, 22.46412284686008, 19.62987619972528, 20.753861316866004, 23.249083363332435, 28.213807305606828, 67.57745255281182, 74.48235824788202, 79.94573364219252, 88.1204598721765, 94.174331480956, 92.25778517548996, 86.6832014879004, 79.9781576807767, 72.78044630870158, 67.6975014048541, 38.96610103216357, 35.44413959126221, 43.02948632732757, 40.56079495808628, 49.974372581979, 58.1553816382326, 65.20808183287973, 67.86821655757004, 67.14726218587707, 56.96554010700869, 52.566037071617146, 52.08629827446069, 58.380125247871014, 58.59691404959338, 63.94251750152531, 68.62118750728199, 72.90688988724023, 77.45845384011272, 86.8121617312061, 85.80316031152914, 82.62626496795103, 78.63855534935652, 73.7918595239974, 67.40011304253972, 60.316873581627796, 64.92870412492174, 70.80811005258144, 76.19170825148967, 84.64537822786272, 76.8131120528927, 71.43359592058101, 65.71147437479505, 49.657252309800164, 46.41361999881561, 51.061318959293146, 60.29270162450617, 73.41338350354604, 86.4603159822786, 91.79224513299422, 103.19946089562882, 116.97232710032428, 124.27021331785745, 121.45842509447178, 115.58138020112386, 114.4273276603072, 110.38834718742268, 111.96387347317392], [13.174129049812553, 9.585474895710071, 12.361062570051573, 18.495088286009047, 8.352903446008101, 0.0, 7.379724387778384, 50.36529041174683, 58.03771760628269, 65.88124017561644, 73.76507333407503, 80.38700060727562, 73.0401222848791, 64.83387736514985, 57.48589353391648, 28.383865610589478, 25.89152891073331, 26.066181119943653, 28.52022993820304, 31.04359694928725, 28.19221554436719, 22.19290232026584, 20.054877016271753, 19.46670069034167, 21.86148717937618, 59.81118274189699, 66.7673455172494, 72.2986369302037, 80.657759954148, 86.86486805618954, 84.75131546113333, 78.99590426496206, 72.17411341511185, 64.90444042340377, 59.79119839779174, 31.007288078602183, 27.128461911413282, 35.495457686378806, 35.06557931484097, 44.699258139624646, 52.261756670907424, 58.68362848917215, 61.07634212607297, 59.792831642257276, 48.82745976792901, 44.22118207324646, 43.95733045212471, 56.36258304034755, 55.30145175232956, 59.10124475225227, 63.31260748392391, 67.02194500467252, 71.37988774685546, 80.82091418148704, 80.38844606825965, 77.6787017858209, 74.34600759073844, 70.11045310499343, 64.46047009758556, 57.94747636455853, 60.93108383741103, 65.8529421044754, 70.65812717727196, 78.71799979165398, 71.35519005688984, 66.56297740054521, 61.792445193270595, 55.22686735492381, 53.113355609723065, 57.24711371254851, 64.93548953069002, 77.11459955987313, 88.64329501875265, 92.38152951716481, 100.4178863004757, 112.82441405762489, 119.75644281139591, 116.22968323522478, 109.89883563362342, 108.3671001190481, 104.19123143848078, 105.64415606351058], [9.92754505278198, 11.224287320227818, 17.68866235338933, 24.416814228755932, 15.249726225495627, 7.379724387778384, 0.0, 43.06233482490397, 50.708717460644365, 58.58292072015485, 66.43192860097909, 73.06261334466011, 65.7483000464128, 57.583802397726714, 50.20268771596068, 25.378052748836087, 25.320920520564567, 27.48838377318434, 31.612891550994032, 35.17025694135426, 32.817768468027744, 25.98708189190418, 22.171083275775548, 19.061666414765472, 18.166781105917522, 53.05237137250988, 59.87588346094484, 65.27336086572157, 73.46641800240344, 79.56555000895011, 77.42276744330937, 71.73941222557437, 65.00029976709419, 57.78181498653708, 52.71319582616999, 25.060740458998453, 21.421121285836787, 31.722030950632828, 33.13228119408394, 42.696601954956215, 49.69868703217933, 55.2101311120034, 56.67550758948934, 54.27873304317712, 43.27190244855219, 37.92665824382556, 37.2610173536678, 56.78899427544131, 54.838251404206105, 57.32111024486575, 60.93837453329388, 63.83665509154398, 67.64003071168716, 76.50454964871088, 77.0423810336442, 75.04821126328508, 72.44397987373314, 68.95396344393842, 63.98629325981374, 57.98909275386623, 59.68334119093662, 63.64283743303462, 67.61191201736271, 74.5868088819495, 68.35569234630168, 64.39437159155449, 60.581094680475104, 58.47642765442431, 56.910042146872975, 61.12016249477401, 67.9842705749122, 79.96216660172321, 90.55110130022584, 93.29057810663896, 99.24620392799444, 109.31375255145738, 115.32142460669122, 110.8356343917777, 103.8446846568167, 101.7173645168486, 97.14429306453724, 98.5347944773385], [43.31923280780778, 50.48885060014185, 59.28709452810817, 66.25776011268664, 58.214239257173666, 50.36529041174683, 43.06233482490397, 0.0, 8.42111221064421, 16.599509645773125, 23.738053282023653, 30.828307175753082, 22.967933242497853, 14.902297762483643, 7.592726756593576, 43.49459692502209, 52.229707256424845, 59.330918503996166, 67.02222361086301, 72.82051784175593, 71.8473601632957, 63.793887483336476, 57.29306540205514, 49.98456562682759, 40.6245650971086, 22.53829973104817, 25.74115979654868, 28.721726206175738, 34.73805735587838, 39.621491411317436, 36.34043796741337, 31.11882213964023, 25.442339122329656, 19.54009884733834, 16.31815221256273, 27.69603465057949, 28.884367546278558, 36.44215817389778, 46.13919689386036, 50.038053621392955, 50.480574476544795, 48.09142388042067, 42.94265087548204, 32.469719151679364, 26.210970841581794, 18.729442366155034, 16.83989442991318, 71.89877146602895, 65.79697490291373, 60.178131945251145, 59.243572140208975, 56.265666930508786, 55.58915463721219, 59.16882783428587, 66.08469263867748, 68.96508013582776, 71.40713302853777, 72.88134669207334, 72.84668237859358, 71.00502458738559, 65.1930108880376, 62.41905919951481, 60.254065804039655, 58.85788605810546, 61.16508483226407, 63.27474355622244, 66.08678814881944, 91.57548422523288, 91.62812271144738, 94.56528769358255, 96.79118566724101, 105.76769515204631, 110.39762163424284, 107.22276767545809, 99.38384856878974, 95.19495323846837, 95.35474603744422, 84.69968950473907, 73.53588022542026, 67.2172705600581, 60.61060005532776, 62.24360987376904], [50.08200395632805, 57.43110397577152, 66.3652205692687, 73.67851812687776, 65.84212252268766, 58.03771760628269, 50.708717460644365, 8.42111221064421, 0.0, 8.323510974373855, 15.728666731034421, 24.473855101331544, 16.87518566000845, 10.319605801458794, 6.425340828014418, 48.43853610590456, 57.518763999808996, 64.86150947519796, 72.81014946290516, 78.94778970346678, 78.28017637354225, 70.07934235247646, 63.41946421089243, 55.99052825574519, 46.525854188384514, 18.951926552014942, 19.828081279516965, 21.447402834871756, 26.544608693273464, 31.400300612649094, 28.001967777350686, 22.730163387037983, 17.490580590063015, 12.723739938893045, 11.395107716541558, 33.48046513671757, 36.38471461957767, 43.53207943351813, 54.12102599591374, 57.51165568957562, 57.12727769342338, 53.74995055657551, 48.03036334376274, 36.847148555447966, 31.338090505372115, 24.323468189934058, 20.645313500718316, 79.5932609011853, 73.23056724037873, 66.84579547224939, 65.36388348986225, 61.64930071424956, 60.301675358022166, 62.73082918386464, 70.62931024959005, 74.22987872277423, 77.36359311247466, 79.43600582287131, 79.96458608244075, 78.55049485512733, 72.1030593181418, 68.5563400051408, 65.58110714815444, 62.77663401151212, 66.49243733922539, 69.40921865804364, 72.97886375471705, 96.82372347495847, 98.1014024438926, 101.88509829673058, 104.30537554939292, 113.42026143212367, 117.7662728777692, 114.2124949786548, 104.96386368010343, 98.21415306027104, 96.83429801646223, 84.59179707882542, 72.13154198716252, 63.934689520006046, 55.277011491712834, 55.12787066463724], [57.37450395887397, 64.82276051192403, 73.91253911521069, 81.58172767153725, 73.7252942564324, 65.88124017561644, 58.58292072015485, 16.599509645773125, 8.323510974373855, 0.0, 8.513243399247845, 20.08296105812422, 13.247609120851541, 10.71048588098794, 12.527119193902603, 54.18467132297397, 63.596644821129345, 71.20249797930482, 79.4754766356224, 85.98022110489805, 85.52664924991949, 77.03722070967639, 70.17225154402412, 62.615234360545976, 53.06780627136284, 18.350521907408766, 16.092480869939013, 15.580119366949056, 19.42247245767302, 24.454510176866613, 20.560062819653638, 14.781116972690391, 10.159473355452882, 8.538426322947457, 11.015200954165158, 39.78893578069887, 43.563662574771435, 49.86776671719673, 61.3486290509005, 64.16761398329922, 62.864649372856135, 58.56066706118135, 52.577245537029995, 41.15658505668507, 36.096494486094464, 29.95743641010766, 25.966185915709417, 86.63203404169488, 79.89755105999411, 72.63619201128026, 70.62473243026481, 66.26338028694677, 64.4152637953479, 66.06094184880692, 74.63559136609835, 78.81131734591587, 82.59603493163226, 85.22056038680094, 86.3624905449345, 85.44035120779148, 78.22694973011018, 73.88605870556049, 70.20482437515801, 66.38253240340569, 71.12359766113441, 74.74755142496036, 79.09292110134314, 103.46071111720728, 105.73848055805188, 110.00035931594526, 112.40449091806046, 121.36716702389528, 125.24579063185195, 121.1273029790149, 109.99822599973271, 101.33880714140288, 98.85882931795106, 85.40150021140187, 72.04316605707021, 62.355683398049095, 52.12696514024547, 50.059312081366684], [65.574638602175, 72.98033948064506, 81.93746299489021, 89.22967693310525, 81.54590617930654, 73.76507333407503, 66.43192860097909, 23.738053282023653, 15.728666731034421, 8.513243399247845, 0.0, 12.977740634106885, 8.770356613469604, 12.568349707720063, 17.827585358691568, 62.650538061633824, 71.9894798477227, 79.49862207940122, 87.58660026021097, 93.87147503372412, 93.40774811327243, 85.23347007471065, 78.4938296797093, 71.00334199791246, 61.503077242760895, 25.479442271452804, 21.280750197486604, 18.112329025487362, 17.017708404595666, 19.054526781877055, 14.383916074894243, 11.1664017571759, 11.742112352011713, 15.021744236736989, 18.92119854737178, 48.248782120448325, 51.46971312406655, 56.91368124042704, 67.52913777038417, 69.53978108768608, 67.70909106564535, 62.581644375618936, 55.638455984854446, 43.90252701383288, 42.11949685554281, 37.2832470416416, 34.38278599519177, 91.45440128486113, 84.6288798337727, 76.87939126417483, 74.31368713496747, 69.22129931309202, 66.46782576851601, 66.37228729009787, 75.93692090606099, 80.91231461731275, 85.36679063850124, 88.69055048989318, 90.42595575906691, 90.0305191674499, 82.32866569076634, 77.30841502005649, 72.74156427211476, 67.11270250949205, 73.60356114251287, 78.10637556854651, 83.13174089733404, 110.58295089393566, 112.28369760243513, 115.9740223511507, 117.61406640778296, 126.06308092828756, 129.05833272417175, 124.22011077103087, 111.57410024466714, 99.89246703642873, 95.87514902442534, 81.18141596079955, 67.03040640125309, 56.236104239462826, 45.68194295192109, 44.51669513912256], [73.54287371825892, 80.67366336888017, 89.09622208950438, 95.1115216621217, 87.89360289686964, 80.38700060727562, 73.06261334466011, 30.828307175753082, 24.473855101331544, 20.08296105812422, 12.977740634106885, 0.0, 9.036886232514993, 17.29623271994899, 23.591380441032715, 72.78527627122759, 81.62035178186967, 88.62480867089198, 95.93312706553438, 101.29293995859021, 100.54643279362324, 93.41090312604173, 87.19651712287063, 80.01912860983794, 70.74945011682492, 38.10648244649218, 34.105659676761256, 30.381489851019897, 25.802423255690247, 22.362625900769768, 18.57733590450272, 20.982564319065816, 24.37906872243829, 27.758030553473098, 31.08489632881604, 57.84603581430279, 59.20101179716466, 63.78325904517009, 71.44717588813695, 72.39490279959199, 70.61794398870121, 64.981481693433, 56.379466715048835, 44.50607182166383, 48.91283181957677, 45.62562787024838, 44.73122788450174, 92.29119179474675, 85.84418528051549, 78.28015330289885, 75.22623940401179, 69.4391718696139, 65.34448230379554, 62.23450594678464, 73.0982071058084, 79.07261748882185, 84.10273820533277, 88.22151455280125, 90.43536001593644, 90.56169334328946, 82.89267430305708, 77.48811064818446, 71.93754026184884, 63.572995422668704, 72.6476407047665, 78.12026304966933, 83.5575860573595, 116.82824821810495, 115.95218987381726, 117.6985359953801, 117.6175530875246, 125.03479754260852, 126.6325172281933, 120.96220594739556, 107.61390513151254, 91.54947032015285, 85.41641533465265, 69.47845934317002, 54.60956528653857, 43.39473730705527, 35.29122899899708, 41.127845667456825], [66.2101011685963, 73.39026989434669, 82.05725514106433, 88.49297078883939, 80.77473933345622, 73.0401222848791, 65.7483000464128, 22.967933242497853, 16.87518566000845, 13.247609120851541, 8.770356613469604, 9.036886232514993, 0.0, 8.587962933661567, 15.58790109493879, 65.22918687617071, 74.34315103815919, 81.60457411960002, 89.29311272643226, 94.9803985353041, 94.14205614599557, 86.44948452633128, 79.96993239619638, 72.60908237922817, 63.1500783452209, 31.45633525285248, 28.671883610033365, 26.48834679393023, 25.479418836332865, 25.59420431848187, 21.065566617795334, 19.732496747319967, 20.036899755230447, 21.419836166923893, 23.976202205491216, 49.692622613261115, 50.777347041062654, 55.0241214832765, 63.613412252308706, 64.80035159706844, 62.9064930488261, 57.47613002172231, 49.56057135786015, 37.638115496110856, 40.022153695331, 36.68815704744174, 36.43325142992935, 85.74561703799012, 79.00166813944548, 71.23636718675287, 68.40115631228609, 62.964976966220895, 59.597511748384186, 58.40092385681151, 68.40915343591091, 73.75706530938633, 78.44413041388096, 82.14275114107421, 84.16824147439102, 84.12871577600052, 76.2858924395732, 71.02963816506575, 66.00511230614445, 59.31722838465326, 66.80063144467748, 71.74867609948438, 77.02152573717488, 111.93227939582907, 111.32554234397973, 113.06515969353036, 113.26957719422138, 120.6583564025052, 122.60950569426498, 117.07670214306508, 103.69360198708428, 91.13576218163811, 87.2602791727763, 73.03922265950077, 59.584521424813836, 50.483259146310644, 43.76897839082392, 48.01712253374877], [58.20262903717393, 65.34552192247075, 74.08495192140293, 80.67567646894746, 72.67319450564257, 64.83387736514985, 57.583802397726714, 14.902297762483643, 10.319605801458794, 10.71048588098794, 12.568349707720063, 17.29623271994899, 8.587962933661567, 0.0, 7.517490240083655, 57.61422150903468, 66.73463809217266, 74.03116837357057, 81.81835428303938, 87.57602729981264, 86.61663940455348, 78.68729463809558, 72.13484077046085, 64.73662391020201, 55.24055561028253, 27.030715959972703, 26.293849177463255, 26.185026515604275, 28.54437332708513, 31.041463720110574, 26.71654721376754, 23.104251192598774, 20.27133170955379, 18.45985098152534, 19.19024109990687, 41.60209615788845, 42.20892960754295, 46.66777550145863, 55.65080079019892, 57.37673732352102, 55.89840199997852, 51.1445415227962, 43.95350010608185, 32.10981866302588, 32.280888391837266, 28.38940066215724, 28.734285387156298, 78.92983648693125, 72.1832738774484, 64.76090721072559, 62.39588298121627, 57.59945127913464, 55.08480055834028, 55.74061192490719, 64.72365070350794, 69.28274065667141, 73.34481472352809, 76.41588149674865, 77.94434437351192, 77.48750582907468, 69.9648779174998, 65.2747147290884, 61.05443427789641, 56.196260001025856, 61.91005477194273, 66.05597478505535, 70.76043396928802, 105.52035480849602, 104.83562015599607, 106.53605078972517, 107.08180492885738, 114.64599100793478, 117.18739804156209, 112.13828776085256, 99.90170048137803, 90.66244390419055, 88.69622273108882, 76.0986454484552, 63.85140868682965, 56.432895847690595, 50.629408587917894, 54.345744662484336], [50.83371371060066, 57.94487123957243, 66.62220635451507, 73.21225716728419, 65.280261987243, 57.48589353391648, 50.20268771596068, 7.592726756593576, 6.425340828014418, 12.527119193902603, 17.827585358691568, 23.591380441032715, 15.58790109493879, 7.517490240083655, 0.0, 50.92896949063679, 59.76336998169051, 66.87219226742846, 74.48032877034048, 80.11908412266374, 79.12271099148157, 71.30262588501438, 64.86770834770857, 57.57574768136746, 48.20390895750689, 24.76471966068823, 25.897428722640903, 27.281764785640277, 31.411966864103558, 35.011423700536284, 31.284269993533474, 26.92560044596315, 22.563498574997322, 18.46328773147808, 17.209122331384304, 35.02459784457832, 35.652284873657536, 41.534849737357966, 50.452372457369584, 53.18063003925791, 52.744808091095315, 49.14897572085933, 42.69998512693519, 31.254392553230435, 29.0034308323316, 23.52218096587328, 23.117952367496066, 74.74230530914727, 68.37110453134669, 61.92001957853817, 60.253610945022814, 56.31826361097226, 54.615454431780556, 56.54925527042894, 64.61894175577731, 68.40179289238887, 71.6588413941179, 73.97006048289478, 74.70166250786455, 73.54706436923706, 66.93100166560684, 63.21439817503214, 59.9629985375244, 56.642491197930106, 60.83732744065545, 64.01967976759364, 67.7663911176664, 98.26638832688093, 97.64135965899136, 99.77032389461348, 101.00504196123175, 109.24651275050404, 112.77570023210748, 108.65876540106089, 98.80458804653956, 91.84822241063003, 90.85984856206771, 79.22971300090853, 67.51642356926872, 60.7409352094805, 54.659029910805195, 57.7192085763705], [16.262699447106165, 20.983145529859243, 29.58675909149649, 41.37558975442217, 33.985521106866116, 28.383865610589478, 25.378052748836087, 43.49459692502209, 48.43853610590456, 54.18467132297397, 62.650538061633824, 72.78527627122759, 65.22918687617071, 57.61422150903468, 50.92896949063679, 0.0, 10.613371210632138, 19.49065012824383, 30.041643911279373, 39.253976909196965, 39.507631781525085, 27.585051978878145, 19.444468646155624, 12.018292482366416, 7.353815041432647, 41.342825379495885, 48.521122191124256, 54.738625265724544, 64.5609016551424, 72.74894377042983, 71.1335431551304, 64.2236947481429, 56.83258573758348, 49.774690728676255, 44.7813352233962, 17.667935765358017, 26.472996152805315, 38.24190891411641, 50.21551144862204, 58.92449396960625, 62.64746728053428, 65.89288145599657, 67.82990407988297, 63.439999972522465, 45.26279641525991, 37.13789000335277, 30.184208823036492, 77.96160971321703, 74.02944076305607, 72.9703310198853, 75.43114538833319, 77.01444145112636, 80.69359919676585, 90.217680910922, 92.03297206087706, 90.89768022990155, 89.7186284834085, 87.19125553572712, 83.72534286400904, 78.88474634786245, 77.61008716734094, 79.30301676737956, 82.07414340381338, 88.5198951494382, 83.04117268361315, 80.29912996866157, 78.66252355120177, 62.45588555235042, 71.88608451700927, 82.54062267060849, 92.14721090062486, 105.07107996688819, 115.8428186733189, 117.90853822277803, 119.34178574203712, 127.42394518163773, 131.84589511828293, 124.4331171449273, 114.7668097837554, 108.9335504977298, 99.26076479015472, 93.68616451046066], [15.775555363356943, 16.689179188158864, 22.725656470933746, 34.621339997099334, 29.09099288498062, 25.89152891073331, 25.320920520564567, 52.229707256424845, 57.518763999808996, 63.596644821129345, 71.9894798477227, 81.62035178186967, 74.34315103815919, 66.73463809217266, 59.76336998169051, 10.613371210632138, 0.0, 8.938951822792871, 19.73199506998382, 29.388169063871015, 30.017409998237888, 17.89418823977198, 10.258657206193897, 6.491546602747453, 12.534616531832398, 51.266684752164714, 58.23964363213707, 64.22717001654554, 73.59970629999955, 81.45657996131733, 80.16096845388623, 73.6013548958749, 66.45212463969722, 59.51384798432548, 54.5676211484104, 27.130180710128087, 33.663611231233375, 45.02306974687261, 54.18413008157798, 63.450203153576574, 68.35042240232055, 72.70218663982712, 75.04658040681085, 71.36043800810926, 54.25550910715373, 46.58850244709925, 40.21169354513174, 79.90469247912475, 77.1296435654614, 77.81047750144032, 80.96183147036638, 83.34939213076031, 87.39456118589959, 97.04969205231072, 98.20684263299039, 96.48239708107592, 94.4977837918751, 91.20484250182422, 86.81688654040843, 81.21196962618123, 81.6364065297223, 84.5311258168546, 88.11436015066792, 95.22764996628622, 89.01614291752436, 85.45909214710287, 82.64117525170117, 53.04874394969639, 64.05487638085023, 76.55270807431269, 87.96014597190981, 102.00047337609071, 114.37541442759772, 118.07729666927091, 123.07050480165688, 132.70224215854478, 137.51594543702728, 130.786993401969, 121.49448477628854, 116.0082374101487, 106.32208099046792, 100.81249857153857], [19.297626716192436, 16.783212343714272, 18.70977988858001, 29.654875728800516, 26.610987042932493, 26.066181119943653, 27.48838377318434, 59.330918503996166, 64.86150947519796, 71.20249797930482, 79.49862207940122, 88.62480867089198, 81.60457411960002, 74.03116837357057, 66.87219226742846, 19.49065012824383, 8.938951822792871, 0.0, 10.946549721102713, 20.9503574855272, 22.020817647449967, 10.382709586015876, 6.290723241350712, 10.87255946257559, 19.971071850009206, 59.50544271168726, 66.3151634479171, 72.09318167641202, 81.0453037403428, 88.54877429379607, 87.48239721022125, 81.24928533761366, 74.31903037597112, 67.47506304521856, 62.56949910908137, 35.19398488884955, 40.32856137342276, 51.353668027761174, 58.14679658288426, 67.67384365893183, 73.4661340637823, 78.57325079390623, 81.0546215217986, 77.82450116235967, 61.80943786683792, 54.42353067150206, 48.427330471861545, 81.810230066506, 80.04125557668434, 82.12557048142622, 85.76233434364518, 88.70208731471749, 92.9248434914669, 102.49551715812639, 103.21551290156917, 101.09633837062184, 98.51001368239643, 94.67189630897943, 89.57556572819787, 83.39714440654807, 85.21712876935166, 89.02819569238713, 93.1611381228635, 100.60801791714704, 94.00077445498273, 89.88748416374199, 86.16881905132044, 44.93739383331566, 57.11706949363454, 71.21714881145924, 84.14260000587224, 99.12240566983316, 112.81519132584705, 117.91204383980242, 125.96822302025099, 136.5857673731319, 141.61164641758236, 135.43914180928448, 126.48116026511768, 121.32569372075473, 111.75896601301054, 106.54619427143578], [25.73416358599684, 20.92074331743337, 17.40743119049267, 24.751374301442656, 25.869928251546487, 28.52022993820304, 31.612891550994032, 67.02222361086301, 72.81014946290516, 79.4754766356224, 87.58660026021097, 95.93312706553438, 89.29311272643226, 81.81835428303938, 74.48032877034048, 30.041643911279373, 19.73199506998382, 10.946549721102713, 0.0, 10.33121888206546, 12.342276110314419, 6.985201788885844, 12.694772119063972, 20.018305585568168, 29.32232264419546, 68.88570510138854, 75.47463069020945, 80.94663978346533, 89.28325807564929, 96.22287471910576, 95.40543434484455, 89.65032475343179, 83.03993852630127, 76.32684523498327, 71.4878257276213, 44.556649203293105, 48.310066495208986, 59.12008212724912, 63.06706367846013, 72.71644693266367, 79.51309912631798, 85.33152959016012, 87.68155379026322, 84.81660122929252, 70.45564646941594, 63.30371446875296, 57.70758566452107, 83.95797753687177, 83.42948474535562, 87.1308986482406, 91.23241123700963, 94.67200596481239, 98.92259535156633, 108.09169673599902, 108.4656860759438, 106.02182993343837, 102.81489585329707, 98.46413379883916, 92.59870516518683, 85.81115385030122, 89.26458391684336, 94.06166358482595, 98.67416973602509, 106.18310907454008, 99.42801182000437, 94.82216388918282, 90.13629487511888, 34.70364561367542, 47.71833575057317, 63.824697971867415, 78.5530784484761, 94.71779393324172, 109.94370977407642, 116.73605190059502, 128.61250334583502, 139.86564157126458, 144.93545913504514, 139.3952994648069, 130.86442644655457, 126.16463157741235, 116.92480399832826, 112.44066556714446], [31.739305937662493, 25.9017480250469, 18.928127389526225, 20.631729279176426, 25.97024215595605, 31.04359694928725, 35.17025694135426, 72.82051784175593, 78.94778970346678, 85.98022110489805, 93.87147503372412, 101.29293995859021, 94.9803985353041, 87.57602729981264, 80.11908412266374, 39.253976909196965, 29.388169063871015, 20.9503574855272, 10.33121888206546, 0.0, 4.251907721128717, 13.134342784922657, 21.021933761689425, 28.418942394716687, 37.35390794760992, 76.82515003925138, 83.25651841550957, 88.4562530857244, 96.21947654083897, 102.53977974895632, 101.82332172367433, 96.5278970265962, 90.20321306844139, 83.56626000645988, 78.77003481239696, 52.17018286101621, 54.401833896529936, 64.83685023041888, 65.957267329807, 75.52867413256715, 83.21057934955543, 89.61607152156861, 91.74110280755615, 89.28887043613703, 76.82931770571129, 70.05861122903819, 65.17527270767557, 83.88352966847373, 84.53286210839813, 89.71663454547725, 94.19034472667636, 98.03960203470062, 102.23711258276704, 110.89732524858216, 110.93732253084353, 108.2284097748227, 104.47431657792652, 99.71977445932284, 93.20315878387643, 85.93365029466025, 90.87941501928225, 96.54358064158272, 101.53075603648904, 108.9831932799127, 102.19089376804097, 97.19605861220397, 91.66111079214959, 26.75193264223778, 37.91841013443367, 55.217032479434465, 71.29259272722362, 88.36550183609205, 104.80576581858757, 113.05870561661517, 128.4294728782212, 140.1617477173216, 145.34521958437676, 140.6055354756018, 132.71987354803142, 128.77705203371366, 120.39950777744738, 117.29526900469153], [30.469983246320364, 24.140208607579414, 16.135499292403225, 16.49322128916974, 22.46412284686008, 28.19221554436719, 32.817768468027744, 71.8473601632957, 78.28017637354225, 85.52664924991949, 93.40774811327243, 100.54643279362324, 94.14205614599557, 86.61663940455348, 79.12271099148157, 39.507631781525085, 30.017409998237888, 22.020817647449967, 12.342276110314419, 4.251907721128717, 0.0, 12.826314894697306, 20.843210068345567, 28.135055655480866, 36.902328162071484, 76.95803074822787, 83.48475481965437, 88.72040809431509, 96.50725729077949, 102.72192118327773, 101.83261967661902, 96.5398722915158, 90.16815254505146, 83.42255924239515, 78.56114531691178, 51.426519793035595, 52.69121106712126, 62.66187677047628, 62.81390181290001, 72.32227609016338, 80.22661851260803, 86.86082427750392, 89.08025197496264, 86.99746319980464, 75.1232260927842, 68.74936659315023, 64.5835648773361, 79.97930653033433, 80.8505995489147, 86.38893335374742, 90.98397700734371, 95.0102000835302, 99.28131555109228, 107.98794385352159, 107.75577593790125, 104.88755462233459, 100.9590204791908, 96.07435968610977, 89.42326893357202, 82.07398908474974, 87.32249772826229, 93.21950585191675, 98.37467129733527, 106.02544842411653, 99.00969949949727, 93.8459303963007, 88.08396672633226, 28.86942126872946, 36.37686579522807, 52.062517873605486, 67.64736965770652, 84.42058465474355, 100.73446690936342, 108.95251485124399, 124.58048069915618, 136.87705941046985, 142.46539568004556, 138.22606493194908, 130.79737650702356, 127.44648523708743, 119.89929872260959, 117.75957045985443], [21.03509484932326, 15.13759709547632, 11.210695078319944, 20.32246997467813, 19.62987619972528, 22.19290232026584, 25.98708189190418, 63.793887483336476, 70.07934235247646, 77.03722070967639, 85.23347007471065, 93.41090312604173, 86.44948452633128, 78.68729463809558, 71.30262588501438, 27.585051978878145, 17.89418823977198, 10.382709586015876, 6.985201788885844, 13.134342784922657, 12.826314894697306, 0.0, 8.309459077185831, 16.172176525885433, 25.695270724751396, 67.00243702355965, 73.86057661086804, 79.52047498946541, 88.13315046518257, 95.10860592773695, 93.92409639636192, 87.99109082408069, 81.1669776049256, 74.19561946069068, 69.19612851842587, 40.76011974563291, 43.1248415045464, 53.182598238127, 56.518655583992846, 66.1433578004073, 73.01852026257724, 79.0985349492315, 81.80533690998895, 79.52922101504481, 65.39272247235031, 58.87567326371286, 54.46559096910352, 77.3032434488883, 76.69796686199976, 80.47488253908486, 84.68989941253768, 88.34796147529944, 92.81374964122126, 102.35499357698319, 102.29871306673259, 99.618129507184, 96.27039352291509, 91.79865788367015, 85.92477921619496, 79.1738331836182, 82.59352558140638, 87.50992206954867, 92.3415060204101, 100.34132930153761, 93.08853139196373, 88.26933704789957, 83.46780192745852, 39.53082443505322, 48.49544136703246, 61.832324347690154, 75.22553927517657, 90.44459399918352, 104.97781411861358, 111.17932036127308, 122.21150162311388, 134.45922209443927, 140.27765591834853, 135.38908236772338, 127.47450555342988, 123.59763957134773, 115.57335054142388, 112.36614092338598], [15.07693119268421, 11.112926389289955, 13.374162508835049, 25.066186251120534, 20.753861316866004, 20.054877016271753, 22.171083275775548, 57.29306540205514, 63.41946421089243, 70.17225154402412, 78.4938296797093, 87.19651712287063, 79.96993239619638, 72.13484077046085, 64.86770834770857, 19.444468646155624, 10.258657206193897, 6.290723241350712, 12.694772119063972, 21.021933761689425, 20.843210068345567, 8.309459077185831, 0.0, 8.060899532464722, 17.86025414773581, 59.48335039269774, 66.49309945483007, 72.35070375194792, 81.3633016281516, 88.69899861596117, 87.32936046617488, 81.07930149162709, 74.04163307024359, 66.9737241738383, 61.92302672433096, 33.05707572650207, 36.38238604996245, 46.824686038203026, 52.44931326114425, 62.01769198362919, 68.12682284771597, 73.61389812739847, 76.31926720403806, 73.66768963901339, 58.325611428028864, 51.5710770938223, 46.895904711653934, 75.61300282778461, 73.99064064463984, 76.446056464441, 80.26574572474325, 83.47765862337575, 87.86560664210182, 97.63347474213589, 97.93837163900842, 95.57431839411383, 92.7565252280081, 88.74128696360916, 83.49902633547798, 77.24315518949604, 79.32426377863577, 83.42343432121037, 87.81926135620122, 95.65498885190799, 88.6340399009255, 84.25996103176942, 80.26249508061878, 46.651793891891714, 55.488364586312194, 67.51134280266845, 79.48189654252498, 93.82191557323017, 107.11542969015514, 111.96392685395722, 119.99595380902208, 131.47795360232823, 137.14298914299496, 131.69222859045973, 123.4034973406038, 119.14623776267877, 110.87015409334211, 107.19642842683719], [9.99433038805392, 10.521746517654039, 17.839374348648523, 29.8301552438552, 23.249083363332435, 19.46670069034167, 19.061666414765472, 49.98456562682759, 55.99052825574519, 62.615234360545976, 71.00334199791246, 80.01912860983794, 72.60908237922817, 64.73662391020201, 57.57574768136746, 12.018292482366416, 6.491546602747453, 10.87255946257559, 20.018305585568168, 28.418942394716687, 28.135055655480866, 16.172176525885433, 8.060899532464722, 0.0, 9.870610689291423, 51.72871530681871, 58.84653380746447, 64.82015417139817, 74.07549730474783, 81.60170485404622, 80.0440815177315, 73.59308575908138, 66.41694347377975, 59.268060291893114, 54.17664442260421, 25.09987892255208, 29.47443300853172, 40.6759266573506, 48.377960747564764, 57.77990768296665, 63.16754454023873, 67.93949103966021, 70.33295459012801, 67.12584855473455, 51.026901162454195, 43.905814383611485, 38.94289360131426, 73.6108734051232, 71.0613018236433, 72.23530091417598, 75.58513824335726, 78.22858897110055, 82.3649844127618, 92.05827364595666, 92.88926689743798, 90.96782096007823, 88.7386479433126, 85.28128644479159, 80.69102954798602, 74.95100795070329, 75.74860151317043, 78.99065624599577, 82.81214159861946, 90.16627255771569, 83.68078239637512, 79.88472499726218, 76.73377289362962, 53.21178524805654, 61.162000209765175, 71.84711372309764, 82.3970098449718, 95.96355880330995, 108.03561320886297, 111.60910559907902, 116.94686157823156, 127.17088812962216, 132.48425286269105, 126.4479055159841, 117.80602097323697, 113.2306319367143, 104.86577645301782, 101.10086357643841], [9.574277825329597, 15.557064887367055, 25.017615560448302, 36.25393995490623, 28.213807305606828, 21.86148717937618, 18.166781105917522, 40.6245650971086, 46.525854188384514, 53.06780627136284, 61.503077242760895, 70.74945011682492, 63.1500783452209, 55.24055561028253, 48.20390895750689, 7.353815041432647, 12.534616531832398, 19.971071850009206, 29.32232264419546, 37.35390794760992, 36.902328162071484, 25.695270724751396, 17.86025414773581, 9.870610689291423, 0.0, 42.38974175345792, 49.61465424361163, 55.666736827169764, 65.10240150290929, 72.72541075587337, 70.90560234294334, 64.28648588495928, 56.98591040076478, 49.7289485708092, 44.58127348292148, 15.323609677320222, 21.51326249532734, 34.02417341060866, 44.13364061874875, 53.10350040890175, 57.55487166893372, 61.26915693637879, 62.979010412937214, 58.892726551694565, 42.231602430967364, 34.469299727493635, 29.07737479277297, 71.42954902956963, 67.82180958607243, 67.41496833555327, 70.09085587280238, 71.89878845326153, 75.55728191952495, 84.89257910246624, 86.5196135928002, 85.26098407372771, 83.8249338771895, 81.15681644897708, 77.41649503675335, 72.36713329228661, 71.60602276728436, 73.72076902482138, 76.68743981808514, 83.15494825008581, 77.6103269180518, 74.66767181393813, 72.63071739551059, 61.07706150332069, 67.59279311459849, 76.61973083023543, 85.42358509968611, 98.04902893840612, 108.61223737957337, 110.6779454652298, 112.90578748274301, 121.20076559271769, 125.93414008675073, 119.16026389904465, 110.10438254540186, 105.19265264592241, 96.87846094904293, 93.33837801354669], [49.08040424156987, 56.556646318448585, 66.09155508298319, 75.66910318603821, 67.57745255281182, 59.81118274189699, 53.05237137250988, 22.53829973104817, 18.951926552014942, 18.350521907408766, 25.479442271452804, 38.10648244649218, 31.45633525285248, 27.030715959972703, 24.76471966068823, 41.342825379495885, 51.266684752164714, 59.50544271168726, 68.88570510138854, 76.82515003925138, 76.95803074822787, 67.00243702355965, 59.48335039269774, 51.72871530681871, 42.38974175345792, 0.0, 7.5715805741901745, 14.230823221689741, 25.19807320968907, 34.41130980161054, 32.03245550571478, 24.13662731813757, 16.444363122956204, 10.470922902486341, 7.8708054128039535, 30.12062314785552, 38.339476099763964, 46.44647351352545, 61.72690207497695, 66.30497577697497, 65.43013899161315, 62.619783121737505, 59.61559731032501, 49.985900583907394, 36.09034716141995, 27.428676164269998, 17.603781912959356, 90.06944729242824, 83.344824