{
	"dissimilarities": [[0.0, 7.301310245519362, 15.99096609388505, 25.402526408159684, 16.41330730933952, 9.805278578900298, 6.50842608789629, 45.10057172433745, 51.209579440639395, 59.59300854677556, 67.8173797269824, 75.36440269364594, 67.9579830676561, 59.83976314534322, 51.39799667871614, 20.88322333904124, 19.81928893748817, 21.760807802268605, 25.535464098197338, 30.521569852010902, 28.525465357947343, 21.03693923147821, 16.60020005805581, 12.244709169546006, 14.338199951573591, 52.26219006347611, 59.25723097172582, 64.86356436699242, 73.39584675529727, 80.0368403194329, 78.1221594213177, 72.15284423362513, 65.23859216053174, 58.00162464158946, 51.91184353886124, 23.189367717677467, 24.966294715979394, 36.12265611585989, 38.591359499255645, 48.112571390147096, 55.307160879358996, 59.80230086338121, 61.76023951618653, 58.391184057161844, 45.31693699280665, 39.05364472667457, 36.4691390254945, 64.1472100482449, 61.00046829350201, 62.94991187240263, 66.42100647520598, 69.13585875623235, 73.89546769580652, 83.07045757740319, 83.07072745186461, 82.00617978630396, 79.60930872147618, 76.13720587009168, 71.36296279054457, 64.35200193732435, 65.882679001137, 69.5395257772217, 73.35681856233874, 80.49462457309237, 74.95677746443097, 70.3132146739093, 66.78368435325088, 55.25343886827379, 54.60353067405985, 64.3707172674851, 74.38644131448942, 87.90916728165338, 98.15788284247417, 100.35871211408178, 107.1561040467316, 116.06605888751673, 119.45292109233681, 115.77996631781718, 108.8776754002802, 105.30452560827916, 99.99381091158885, 97.81435026899139], [7.301310245519362, 0.0, 9.618698045156066, 20.00175199051268, 11.038298250483905, 7.576357039735719, 10.509720098154231, 52.35976380123146, 58.48669468150711, 66.8608071487247, 75.09977592916408, 82.64664677620229, 75.22956263904236, 67.08376808838102, 58.65434370391265, 24.179129924468597, 20.099069010917123, 19.394679366346896, 21.0773333519989, 25.336199873800233, 22.893299594824988, 15.848593151454327, 13.350307045515994, 12.647510572837406, 18.788442492604247, 59.00681671883505, 66.08545618427333, 71.79318791076369, 80.45296765505715, 87.18745083300928, 85.3334837757684, 79.31469101084991, 72.34451449011895, 65.08489988630335, 58.95940462900872, 29.44911733793103, 30.628151534093906, 40.26404392152703, 41.2054877218274, 50.83639369101397, 58.60713929058623, 63.926467470293154, 66.66821748054237, 64.1520044140297, 51.07487999254252, 45.44632227686787, 43.2461135638409, 64.91852860164651, 62.563684394768856, 65.63557174406124, 69.62142686412746, 73.04074880760234, 78.2369839838409, 88.00081926085826, 87.13158335139246, 85.4133646221507, 82.38659495422887, 78.26938237040173, 72.90721546763709, 65.47498699029703, 68.11689002926971, 72.60140125871143, 77.14612719395629, 85.21615276598054, 78.66937413847263, 73.34239208877389, 68.98786461969517, 51.19959870255122, 50.887469509514276, 61.224684334834315, 72.21872371897538, 86.09289948658243, 97.36765809896309, 100.55920298012994, 109.30083837375471, 120.19812610440584, 124.43154757868035, 121.4984831741139, 115.08026928258249, 111.97527782793591, 106.92081859496993, 104.69808683825984], [15.99096609388505, 9.618698045156066, 0.0, 10.683008737967546, 5.414726493373512, 10.840780240241111, 16.96633394902712, 60.29278572698852, 66.59576695405295, 75.01564495940148, 83.08959012099687, 90.09358433897498, 83.06738800268447, 74.98679380889925, 66.50888144756874, 32.99178170876099, 27.044654525897723, 23.23405557581102, 20.404268717924147, 20.78876628168766, 17.22415519019545, 15.440603666811151, 17.760040893990787, 20.616968994888193, 28.102244213470858, 68.10404883213528, 75.04222836960365, 80.55591368774218, 88.78849950539285, 95.0840204037144, 93.38503834462433, 87.72417523085022, 80.98693672551626, 73.8345831403393, 67.79855027327456, 38.9075894152748, 39.17995525759883, 47.666118114719154, 45.111373838600045, 54.595883185607946, 63.49967427324904, 69.49522136736698, 72.36457098317022, 70.59913566481194, 59.225917815176864, 54.15637322532179, 52.435704501470006, 64.90074211453889, 64.19736639102786, 69.07907126494366, 73.59370603762729, 77.642236906771, 82.89348115481064, 92.5326993117296, 91.01169404902843, 88.72952108738129, 84.965188952343, 80.19506884215197, 74.06199821378702, 65.98647500321256, 70.5415844263569, 76.12219455471873, 81.26552860577758, 89.66071667720507, 82.58667908134645, 76.73901919371988, 71.30210190417179, 45.248395119319625, 42.669015763456336, 53.08429154329455, 65.2047365874746, 79.9349673651623, 92.75797796952878, 97.67396245307984, 110.01254250285193, 122.21620029449006, 127.16537245270554, 125.06906871820385, 119.24383106692063, 116.98299244848955, 112.61441588192564, 111.40029973013124], [25.402526408159684, 20.00175199051268, 10.683008737967546, 0.0, 11.444975765306888, 19.087365094848188, 25.054780780982, 67.48289322966936, 73.92308945946321, 82.32559208598416, 90.1086567751115, 96.32967387916453, 89.89072241310245, 81.9815343724308, 73.52186820307625, 43.12423173388394, 36.6631000367402, 31.470314776962752, 25.76779266561179, 21.656514692626075, 17.510648995504937, 22.270137960740637, 26.93958735894494, 30.72689434947121, 38.21064628673264, 76.94973621054469, 83.63087278033534, 88.81066605282155, 96.36500635983815, 101.97958372510348, 100.46175978355757, 95.34116920416955, 88.9812031687379, 82.02420875665199, 76.16228821877044, 48.556810745807226, 48.11931231362182, 55.97166617203892, 50.054440744967785, 59.097656210608854, 69.0250623669737, 75.3391087908588, 77.85922017818652, 76.5908253895707, 67.49432621050977, 62.807090082585304, 61.4749471012376, 65.2232061066206, 66.38191250583671, 72.97851965214589, 77.8314772194751, 82.2419182467268, 87.23250915567685, 96.21936125349643, 94.37837363513204, 91.76271856564418, 87.41195198348585, 82.20184375567781, 75.4332269322318, 66.8202832005498, 73.29976680204182, 79.79822654146643, 85.2384067224475, 93.38797212711789, 86.31542117328125, 80.25630660567127, 73.91424724940423, 40.55358996593454, 33.02522844252988, 42.95497162260397, 56.27379846861028, 72.21080349490207, 86.72880648498244, 93.62221357522488, 109.97828661568778, 122.5895328644624, 127.9643495459109, 126.59012806605233, 121.32951860574677, 119.99283170489471, 116.46907987477177, 116.72739552952214], [16.41330730933952, 11.038298250483905, 5.414726493373512, 11.444975765306888, 0.0, 8.277111963861369, 15.298296391036587, 59.205590438630885, 65.75439240304807, 74.13853322277443, 82.13126254431668, 88.97494784822517, 81.91217147125344, 73.74340325795333, 65.3383417388686, 35.20557719946663, 30.48714966227865, 27.77181530383057, 25.714811204309413, 26.01400844142561, 22.27891702845921, 20.567051320082346, 21.918576393851083, 23.43851558459345, 29.65082571278488, 68.45325234068163, 75.40941935208022, 80.90253369853424, 89.09673930849631, 95.21634280041535, 93.2747414562676, 87.64631003597646, 80.90781793478052, 73.69781430151865, 67.66431254120668, 38.80097674766359, 37.35754984506209, 44.76238732328415, 40.496132970635074, 49.86754836459227, 59.116182401382254, 65.36044517848147, 68.38966119572076, 67.1934081811644, 56.8033977201071, 52.506477710918695, 52.04570674434582, 59.50618785392094, 58.959126481909315, 64.2020771969795, 68.85544858226929, 73.12247442025448, 78.45212576809159, 88.26671185051644, 86.33851416901486, 83.83266763616766, 79.88358806347927, 74.98309332989056, 68.74998807124341, 60.62449600565126, 65.42844011237185, 71.25487450483223, 76.59924389944683, 85.29761079642252, 77.86237865674181, 71.84038056671487, 66.16728333039289, 49.5648452046438, 44.023612698916025, 51.60101399713089, 62.37312944652138, 76.12131989889876, 88.24116661921417, 92.66577141325703, 104.72927235413174, 117.66160090926734, 123.17241952529119, 121.72649569502119, 116.55403532404583, 114.98883135990936, 111.83301259276273, 111.9051385409311], [9.805278578900298, 7.576357039735719, 10.840780240241111, 19.087365094848188, 8.277111963861369, 0.0, 7.395835469318256, 51.4029874458555, 57.95654757904604, 66.30909143555992, 74.36935868244798, 81.48330347620899, 74.17024094887181, 65.92663260952108, 57.56011603126881, 29.664875430450703, 27.1720673011813, 26.968120022768012, 27.882298408139455, 30.55715322242152, 27.447552980194263, 22.57022829290643, 20.895769340259214, 19.47433168163675, 23.38104843587494, 60.73344324081025, 67.7340135810477, 73.28836444868422, 81.66332408638253, 87.94156380258659, 85.80639604714496, 79.99953406296132, 73.14879897245659, 65.8697633954878, 59.80501911498289, 30.92245732575283, 29.157043857263957, 37.32240003096278, 35.07043949903642, 44.6645834603238, 53.20658061768734, 58.87771174539484, 61.63847985263346, 59.87734667736589, 48.74825088100181, 44.237154372828, 43.98158616185106, 57.54771036473824, 55.598426570412684, 59.36316708478875, 63.567645162842545, 67.27918966529512, 72.48439282977515, 82.28890203331372, 80.94570534619596, 78.95647005251985, 75.64078017211972, 71.34238468467392, 65.77835830802864, 58.181631414288724, 61.375257450257735, 66.29323452440423, 71.08871226761771, 79.40125867552254, 72.5011089246877, 66.96726209922201, 62.19922021804959, 55.031002707810316, 50.45497404282378, 57.48946747540131, 66.90644782411397, 79.74459658144622, 90.28145347355549, 93.07058684760872, 101.98830125657756, 113.59577317368807, 118.52558340082203, 116.48183593529615, 110.95853142403396, 108.92401988158166, 105.64152360044618, 105.53306010075552], [6.50842608789629, 10.509720098154231, 16.96633394902712, 25.054780780982, 15.298296391036587, 7.395835469318256, 0.0, 44.048807238172586, 50.5844273443858, 58.94835487174077, 67.00479378890472, 74.1503789123254, 66.83355243161971, 58.613292590295124, 50.220766146938345, 26.305277276948555, 26.178218643456205, 27.9839254534246, 30.80716759990853, 34.575596043889504, 32.00005903097438, 25.978489419887715, 22.48724344875434, 18.548444688970154, 19.353499383370494, 53.83325325120661, 60.72697040804131, 66.17152664670789, 74.41805964139327, 80.62330463653201, 78.44505418907653, 72.67989958325438, 65.88842038864877, 58.64668125230386, 52.630851694728584, 24.753782204481503, 23.386668341405194, 33.280689958914145, 33.01244766512211, 42.541272252042084, 50.38389266901519, 55.12879081750328, 57.03832704581123, 54.27593476823128, 42.98631306973518, 37.76430416586439, 37.136322651456204, 57.84363029981071, 54.93385847260745, 57.3491970800552, 60.96615977387808, 63.878542023077955, 68.62238499137965, 77.81623802587559, 77.4654542499193, 76.21749642609278, 73.62344572639645, 70.05503606269652, 65.16830754238488, 58.06684994642286, 59.93241557460439, 63.88398929930579, 67.86124498737648, 75.15632345655534, 69.37520579990822, 64.6043710006178, 60.79799414376044, 58.48306937023902, 54.42798232315879, 61.50113746501721, 70.12371942200691, 82.72212708959218, 92.24287666935203, 94.00787970440354, 100.77411451213564, 110.16333879601068, 114.11492800922991, 111.1839753652371, 105.04903849135664, 102.41709853610969, 98.71095701531198, 98.46968621875395], [45.10057172433745, 52.35976380123146, 60.29278572698852, 67.48289322966936, 59.205590438630885, 51.4029874458555, 44.048807238172586, 0.0, 7.075874269770061, 15.097752101525113, 22.976376814849157, 30.829709904800854, 22.886591461836797, 14.76604605835462, 6.325517740728817, 44.0539529761552, 52.74858717428517, 59.748994821138886, 66.77495268443195, 72.61550432186586, 71.5483397615771, 63.97525830634968, 57.610400706390465, 50.023286257996716, 41.07159167971543, 22.65605981509046, 25.87631245545657, 28.821180872173052, 34.76378953767871, 39.72337521663764, 36.39493624884354, 31.12361132580827, 25.4445909936165, 19.560741837820697, 16.07074943600581, 28.67706108550695, 29.72966244117491, 37.49890520162274, 46.95952306890375, 50.70283951798114, 50.921313363679296, 47.77408946189692, 42.817325177320576, 32.61832186181029, 26.670372560627158, 19.540411412049185, 17.693652039845844, 72.92805122959585, 65.85993308249147, 60.13963157999612, 59.12906159541267, 56.032576621503715, 56.37947634770588, 59.36504065149534, 66.08252927592933, 69.95676782933427, 72.42838129400808, 73.87458578832234, 73.83626850403277, 71.06419360221463, 65.28814422001876, 62.45418812266957, 60.18607030857863, 58.8755101054326, 62.032728256152346, 63.286105653927876, 66.16349271899313, 92.22350433063838, 89.5524506250468, 94.90247877061313, 98.91108525758656, 108.47440354370572, 111.79412974913386, 107.64583952198183, 100.73512394451728, 95.9070880975602, 93.17735174435664, 84.33742774859391, 74.3425074103742, 67.21646359987234, 61.236951055026864, 61.04303829423341], [51.209579440639395, 58.48669468150711, 66.59576695405295, 73.92308945946321, 65.75439240304807, 57.95654757904604, 50.5844273443858, 7.075874269770061, 0.0, 8.428040826374419, 16.643742562791214, 25.355138846015453, 17.163964156996222, 9.822324894936228, 4.3714384444790015, 48.16358745018396, 57.22302140036017, 64.49604346914066, 71.8667391220434, 77.97892761763894, 77.15906426949536, 69.3800726320573, 62.83562660274651, 55.20748408215463, 45.98478259315786, 19.45383986975674, 20.831978460920773, 22.731033036384552, 28.017256995384578, 33.01443643269061, 29.497901135292693, 24.10095255299095, 18.70477033413546, 13.657260016097995, 12.05079287003727, 33.52438048679679, 35.6700753823908, 42.92253953407094, 53.450760832036565, 56.70658265287844, 56.004582128101326, 52.0555718459556, 46.59161952152538, 35.88525048943425, 30.54071491108337, 23.87157825814816, 20.778462983624582, 79.1623725274657, 71.80814503761272, 65.35171048986098, 63.84451501800379, 60.09833912663273, 59.87124534990848, 61.80773171421722, 69.4522783291371, 73.94070751670922, 77.02371598851866, 79.00667095522968, 79.47948387747827, 77.1593063595439, 70.72920528095693, 67.18137184838815, 64.20782213183932, 61.7164122299508, 66.06313843669122, 68.02074075014939, 71.59646911288255, 97.06438722632417, 95.4211376897169, 101.3443070898236, 105.39060635262673, 114.97571104997132, 117.96532150551435, 113.4212932550813, 105.08982901029789, 98.25029734515532, 94.25614646262225, 84.17626098792311, 73.2120794107853, 64.67243056276149, 57.06771498929816, 55.357795554596215], [59.59300854677556, 66.8608071487247, 75.01564495940148, 82.32559208598416, 74.13853322277443, 66.30909143555992, 58.94835487174077, 15.097752101525113, 8.428040826374419, 0.0, 8.495977891959583, 18.330037806238863, 9.60771109427573, 5.3522679865348675, 9.685873400716169, 55.68594328378599, 64.99181614206455, 72.4468784538893, 80.00052632424395, 86.22327223637761, 85.4820154209462, 77.61646080374861, 70.97253963438476, 63.30454976093779, 53.931199339433626, 21.61459361426615, 20.152753869434445, 19.839704940809376, 22.925660168589477, 26.98268836878481, 22.746085360543386, 17.78591281800147, 14.016372428464008, 12.271351298903351, 14.527046953236539, 41.20152526263455, 43.098974520020036, 48.9581975924893, 59.78504345081012, 62.08803854741608, 60.222353032489906, 55.188602761003374, 48.92198015485081, 37.897517184021545, 34.911355357737605, 29.81033034180517, 27.608527472267166, 84.48876847410261, 76.77889415238917, 69.3624222379555, 67.15442907342855, 62.53530593425088, 61.45182408686587, 61.92941341018499, 70.66792804529291, 75.94461390044714, 79.84004289608059, 82.59743767258914, 83.83811974550403, 82.25960302659782, 74.91052993127721, 70.39168721099763, 66.43948661873908, 62.3447353134165, 68.25909054440525, 71.21248616117319, 75.74400358836573, 104.94111652693361, 103.37066596803483, 108.94195155054703, 112.37076638027825, 121.36033359999365, 123.39147709372234, 117.9517676363102, 107.32002314532888, 98.05122491308046, 92.75113176489431, 81.55724746283653, 69.95584605677402, 60.31365257079568, 52.2335452014329, 50.451326857159536], [67.8173797269824, 75.09977592916408, 83.08959012099687, 90.1086567751115, 82.13126254431668, 74.36935868244798, 67.00479378890472, 22.976376814849157, 16.643742562791214, 8.495977891959583, 0.0, 10.691745355336986, 3.277785871581455, 9.307235700589516, 16.95807261817831, 64.05919386295287, 73.33517338595433, 80.72318129778856, 88.17765863688633, 94.22805010355167, 93.50273440043073, 85.87386368011022, 79.31951622345335, 71.69950015734588, 62.37441581889028, 28.080692158003174, 24.683951622854774, 22.109262976269964, 21.179340504526245, 22.451976044775858, 17.65955798878426, 15.233678898278281, 15.49871269598756, 17.680863422212305, 21.789380545759645, 49.69372475278367, 51.227797419527555, 56.22048343278285, 66.32249219236618, 67.82027440507927, 65.33352019124993, 59.46198087203172, 52.25244752588476, 41.19592290187393, 41.38799724578992, 37.505547461128145, 36.014073980215976, 89.46254502329218, 81.75556395302385, 73.83531248149036, 71.05658133231192, 65.68562493351887, 63.60705503272179, 62.16611878274532, 72.08283045737312, 78.14348330535888, 82.73257081313828, 86.20372776640205, 88.07186701513952, 87.08659962019362, 79.24826939225258, 74.02368462134967, 69.1528533960653, 63.17429334012011, 70.85209684687312, 74.77611809447504, 80.01373425139167, 112.17359747220308, 110.11585366572055, 115.09239921009016, 117.77089323926776, 126.21653999886325, 127.34914116067844, 121.22604653742081, 108.96150615821644, 96.70019499006095, 89.83498631590466, 77.37759179817895, 65.02020847232397, 54.2866496204256, 45.97715488992409, 45.40064494662732], [75.36440269364594, 82.64664677620229, 90.09358433897498, 96.32967387916453, 88.97494784822517, 81.48330347620899, 74.1503789123254, 30.829709904800854, 25.355138846015453, 18.330037806238863, 10.691745355336986, 0.0, 9.589171463460074, 17.363132538944292, 24.689204206579095, 73.1714139528169, 82.03453313924228, 88.97824172281999, 95.88115201322441, 101.28619557698404, 100.47898547684088, 93.63259226671877, 87.47927191720085, 80.06265635040712, 71.09081683524778, 38.16939799913513, 34.209089021582216, 30.476876594644175, 25.769487918265586, 22.350424829890752, 18.471143995693225, 20.86069657954012, 24.300106937245975, 27.72744305662657, 31.95023142428438, 58.86648941576361, 59.82281790138354, 64.53760184363539, 72.44138235070227, 73.29484865462062, 71.00616915032187, 64.64840038049518, 56.20626950287944, 45.354680752424336, 49.76333450835133, 46.646730460759265, 45.76842205720696, 93.02100383456802, 85.91348232227213, 78.2165608772663, 75.07528840928185, 69.14335831447279, 65.85929145014245, 61.765093955589556, 73.02151158784116, 79.85502146717072, 84.91915456288082, 88.99858146437268, 91.25598547712747, 90.62472175213765, 82.9984586933, 77.50220275001686, 71.81402524766321, 63.49331480957737, 73.25926527248076, 78.10508561978757, 83.63909068639009, 117.70096725078632, 114.16304148726243, 118.03477306111837, 119.64824919236862, 127.57511765504289, 127.86731246580163, 121.42828881845116, 108.78250537887357, 92.49244323744485, 83.57261881770071, 69.50606634310752, 55.99492484683317, 44.118509879939715, 36.17195335062584, 40.27332089085149], [67.9579830676561, 75.22956263904236, 83.06738800268447, 89.89072241310245, 81.91217147125344, 74.17024094887181, 66.83355243161971, 22.886591461836797, 17.163964156996222, 9.60771109427573, 3.277785871581455, 9.589171463460074, 0.0, 8.471427143583954, 16.62848989747554, 65.1387736589012, 74.32578893772185, 81.61313688541426, 88.89384637042892, 94.75669456098717, 93.89346636171985, 86.43587452692064, 79.97804128489226, 72.36214424970369, 63.12235074141616, 30.41200044817292, 27.509673041828613, 25.262584277916005, 24.346521218988002, 24.955037101590413, 20.240308896246148, 18.444144490947526, 18.64932620907343, 20.219182292443236, 23.773845967357868, 50.31066381817519, 51.09467508583356, 55.61228067681188, 64.92230576094063, 66.0982575554157, 63.58311072577567, 57.54007138305226, 49.9694884655074, 38.92088188633744, 40.69228667154606, 37.39805461257944, 36.88395201794794, 87.30734795064683, 79.66885991788854, 71.72557154888503, 68.83471219894325, 63.31818544811432, 60.98279130287351, 59.13401214863605, 69.24213111882453, 75.43483864938504, 80.1199928314086, 83.73397957567518, 85.72900016155393, 84.89474811272335, 77.00412251397667, 71.67559587447788, 66.61470543733881, 60.22986251363865, 68.26447463581967, 72.39496728223112, 77.74095862822753, 112.73840394258329, 109.7996017343939, 114.03260264140087, 116.20389049843426, 124.22518258798665, 124.95092799295874, 118.5645445532564, 105.9929475263587, 93.42771773236785, 86.61629355263071, 74.35242240346474, 62.30118942357128, 52.11527244978003, 45.32016466879701, 46.868268327921776], [59.83976314534322, 67.08376808838102, 74.98679380889925, 81.9815343724308, 73.74340325795333, 65.92663260952108, 58.613292590295124, 14.76604605835462, 9.822324894936228, 5.3522679865348675, 9.307235700589516, 17.363132538944292, 8.471427143583954, 0.0, 8.5207176244202, 57.62554233577063, 66.76781519972225, 74.05075914693477, 81.30748243491774, 87.21788556522577, 86.22788861884027, 78.6367311947255, 72.15396561741319, 64.49168768000783, 55.27580163618733, 26.091050514709003, 25.283076842494207, 25.143636727954725, 27.592959376110603, 30.45383975795501, 26.064318544753977, 22.14632277657537, 19.149755940204823, 17.348395033031988, 18.743888722514896, 42.281389413181266, 42.67179937640931, 47.56260372795353, 57.07130097639988, 58.80185333869052, 56.83814232566027, 51.48589118798537, 44.61442303195168, 33.49040203026146, 33.217988929380624, 29.309727698643535, 29.234707266893594, 80.62665867045078, 72.96566981671971, 65.44727393523358, 63.04562928861505, 58.1833168107415, 56.73239697999518, 56.72729287179367, 65.69413656419935, 71.15517428287593, 75.20016418513825, 78.18365337471693, 79.64023962038034, 78.32081371789552, 70.81999035680907, 66.10576216934452, 61.85630122845642, 57.22926954127334, 63.61283220013004, 66.8808174830643, 71.61303410682665, 106.06545198879698, 102.97779476475874, 107.24927671050345, 109.80860422236032, 118.05430031698874, 119.38635594460561, 113.46822115579698, 102.25854818550545, 92.72939112877025, 87.66722185741585, 76.93153862586857, 65.9526878797039, 57.29630687189221, 51.5530964513307, 52.827252047311305], [51.39799667871614, 58.65434370391265, 66.50888144756874, 73.52186820307625, 65.3383417388686, 57.56011603126881, 50.220766146938345, 6.325517740728817, 4.3714384444790015, 9.685873400716169, 16.95807261817831, 24.689204206579095, 16.62848989747554, 8.5207176244202, 0.0, 49.99852706592443, 58.850074834701275, 65.92369153261242, 72.98774729576535, 78.7845858148626, 77.7446501364885, 70.25693514607721, 63.88845115822615, 56.29343676297428, 47.26395633169408, 23.576641504461445, 25.0291948020197, 26.682081056117585, 31.202743060519584, 35.281974416767916, 31.577502771738377, 26.858800259357935, 22.123256504625644, 17.62537005904245, 16.168621143655077, 34.65110951646042, 35.33670246580947, 41.78669323901218, 51.05032363785093, 53.87447753168126, 53.199577341045284, 49.03915389077672, 43.067218154548165, 32.25042941086577, 29.182939710440774, 23.540338004342864, 22.61309138035996, 75.8456273913909, 68.5665003640781, 62.09541507528991, 60.46788023200658, 56.56462287268629, 56.06983346062242, 57.666531948905174, 65.44910856808953, 70.05377119349599, 73.2122218969123, 75.34471755767812, 75.94861901943435, 73.78958913016037, 67.30091542975114, 63.65407629221609, 60.48272761707887, 57.61878173669268, 62.28433353213762, 64.4532948030655, 68.13462497584285, 97.8960434226336, 94.8959991191687, 99.69763954906003, 103.01061358656622, 112.01459630472071, 114.46492429974093, 109.5767538975353, 100.93407660338775, 93.91161255020113, 90.12996430884216, 80.43915895130836, 69.96691175568756, 62.22220965128015, 56.33741565218862, 56.94007037001393], [20.88322333904124, 24.179129924468597, 32.99178170876099, 43.12423173388394, 35.20557719946663, 29.664875430450703, 26.305277276948555, 44.0539529761552, 48.16358745018396, 55.68594328378599, 64.05919386295287, 73.1714139528169, 65.1387736589012, 57.62554233577063, 49.99852706592443, 0.0, 10.41034980386384, 19.356212124888767, 29.026629622892663, 38.10658582363555, 38.292338393126066, 27.177235041552365, 19.31086699617914, 12.659284655739635, 7.152462620134409, 41.365674461211206, 48.50982667606123, 54.71903381503429, 64.5885841433908, 72.94799640484163, 71.34086165228118, 64.35099219277642, 56.947708515650355, 49.929385918330006, 43.94669870236186, 17.611191004416114, 27.529418148289185, 39.63887220140907, 51.18703573220907, 59.831208435544504, 63.77384943130441, 66.69659503682979, 68.74423756831277, 63.665753956059746, 45.3530452255093, 37.0705571797623, 29.669751540148585, 80.42882674864703, 75.11889578909363, 73.99699790462775, 76.41122811881513, 77.94254502396743, 82.60851703946106, 91.89263946392539, 93.10605817859167, 92.96931315539005, 91.84820347460149, 89.3611203419201, 85.83920311524686, 80.02274358609465, 78.6755083570636, 80.34383700586241, 83.08708144741759, 89.59409343832061, 85.04901336488318, 81.34679379300164, 79.73725157565949, 62.699746982164925, 70.4182947604633, 83.95253150324696, 95.01501539103072, 108.77763873715638, 118.49929494732645, 119.46794968939116, 121.85932456738989, 128.8808854763304, 130.57726231276598, 124.73508006966627, 115.93237862500595, 109.54682638260942, 100.34085265278866, 92.40005054941987], [19.81928893748817, 20.099069010917123, 27.044654525897723, 36.6631000367402, 30.48714966227865, 27.1720673011813, 26.178218643456205, 52.74858717428517, 57.22302140036017, 64.99181614206455, 73.33517338595433, 82.03453313924228, 74.32578893772185, 66.76781519972225, 58.850074834701275, 10.41034980386384, 0.0, 9.059058334679332, 18.980080197919662, 28.474673185355332, 29.041480388329052, 17.73459693413487, 10.36191733205226, 7.772114277695677, 12.5307958885228, 51.23675319937718, 58.20058289196579, 64.20151572552037, 73.63987472851859, 81.66711451640329, 80.36411830481424, 73.70907324979814, 66.53075313600814, 59.62082080590607, 53.69104683201921, 26.672599951165818, 34.731759782742216, 46.25581105601424, 54.91154215989691, 64.11260825647888, 69.3621161112325, 73.28229628182176, 75.79313612778026, 71.42884148651778, 54.03175669488605, 46.255002580521754, 39.546268242362196, 82.29331305897412, 78.18021009800333, 78.6937245043572, 81.77587430589355, 84.09102836354212, 89.08660775929891, 98.66178744411786, 99.16690306655343, 98.39832711322784, 96.5030110720957, 93.26316895818977, 88.90887119267535, 82.34752152987916, 82.65092011712822, 85.45714498355508, 88.9855938805772, 96.19235179445036, 90.82512490617906, 86.38988814400018, 83.6601157028295, 53.612353711398455, 63.18241635932992, 78.46685639844627, 91.0669872945138, 105.90560622856604, 117.26716228028864, 119.87214509415737, 125.52060091482508, 134.07179872912195, 136.4116153447378, 131.14974836257852, 122.61206966950843, 116.71116092455192, 107.50225962197474, 99.70336237127096], [21.760807802268605, 19.394679366346896, 23.23405557581102, 31.470314776962752, 27.77181530383057, 26.968120022768012, 27.9839254534246, 59.748994821138886, 64.49604346914066, 72.4468784538893, 80.72318129778856, 88.97824172281999, 81.61313688541426, 74.05075914693477, 65.92369153261242, 19.356212124888767, 9.059058334679332, 0.0, 10.068685750763555, 19.82119693551711, 20.863945799757293, 10.14270348610926, 6.292328971756802, 11.416865145739001, 20.010219978238794, 59.496658679559836, 66.30045798487225, 72.08196612856781, 81.0583921759994, 88.68375581426668, 87.6218010052456, 81.32253520465221, 74.37708274016379, 67.56229720583592, 61.68730648762523, 34.61509570496404, 41.504712752693386, 52.658489170795754, 58.702396701514424, 68.18949811184338, 74.50942471938309, 79.08148348898507, 81.72155858818704, 77.81985259218847, 61.52470780781174, 54.033853926076915, 47.74151928936399, 84.02908044967941, 81.05456569506273, 82.94801852034779, 86.50700112959635, 89.35406459685615, 94.46523886543163, 104.02318750759781, 104.09247887595043, 102.89943913205971, 100.41664511468649, 96.63298581532977, 91.6266537015422, 84.47471143155668, 86.21331410595234, 89.91190607009793, 93.95851414516694, 101.47268427696119, 95.67183739691068, 90.76621510406856, 87.158911939196, 45.25190980032638, 56.25085139151923, 73.09427327456953, 87.00245696143601, 102.82038399746111, 115.604941154605, 119.6980319822642, 128.28765514169945, 137.72914095374892, 140.4788493961172, 135.65463288120213, 127.33030662612074, 121.87937084667475, 112.77260767835293, 105.39455725505601], [25.535464098197338, 21.0773333519989, 20.404268717924147, 25.76779266561179, 25.714811204309413, 27.882298408139455, 30.80716759990853, 66.77495268443195, 71.8667391220434, 80.00052632424395, 88.17765863688633, 95.88115201322441, 88.89384637042892, 81.30748243491774, 72.98774729576535, 29.026629622892663, 18.980080197919662, 10.068685750763555, 0.0, 9.922655870281801, 11.539135843574897, 5.714918117730649, 11.365944228245759, 18.918049860648665, 28.43925170448242, 68.3536957261906, 75.03189669769328, 80.58512627411145, 89.04966759777956, 96.14953981831242, 95.25262777928536, 89.35975992238649, 82.65788384803948, 75.90225531222151, 70.06545264472477, 42.90014057645002, 48.450643245242325, 59.12045761103981, 62.16282453178116, 71.77881279189205, 79.2262307484567, 84.41824488980608, 87.09336609065846, 83.73443296991847, 68.9282893722397, 61.828324550688905, 56.19590324938057, 84.77938787290296, 83.13710600007659, 86.54264012771469, 90.57173376003905, 93.94709564411922, 99.10114469710115, 108.52238252149066, 108.1226537739871, 106.49065621480393, 103.38577165379232, 99.05871524470328, 93.38490073793795, 85.649843264332, 88.97669294311578, 93.6158160801175, 98.16289639078964, 105.90219908481028, 99.71405057203035, 94.3681278315312, 89.83631066813007, 36.28058996007449, 47.78588526122618, 65.98218080386484, 81.14924671751052, 97.90705116660247, 112.14987045624152, 117.86126520082021, 129.7205357092042, 140.04849808985088, 143.30334437474093, 139.1007230077721, 131.1856879238484, 126.4434886734375, 117.86549183620299, 111.52047755054835], [30.521569852010902, 25.336199873800233, 20.78876628168766, 21.656514692626075, 26.01400844142561, 30.55715322242152, 34.575596043889504, 72.61550432186586, 77.97892761763894, 86.22327223637761, 94.22805010355167, 101.28619557698404, 94.75669456098717, 87.21788556522577, 78.7845858148626, 38.10658582363555, 28.474673185355332, 19.82119693551711, 9.922655870281801, 0.0, 4.247877461610328, 12.317018194856173, 19.890524175726213, 27.11825583724419, 36.5570010038459, 76.10196478024726, 82.6105355254293, 87.88607659803444, 95.75378839120614, 102.2349752608856, 101.48897609702752, 96.06637183286354, 89.66334499449133, 83.00848943351662, 77.25588191798563, 50.513708460450225, 54.985366537521514, 65.3352636475176, 65.55375407949411, 75.1219597879917, 83.56092563617892, 89.13592877790296, 91.5904748672804, 88.61789894496003, 75.54369163432156, 68.74441750064575, 63.66291682743249, 85.2768536362477, 84.96452316266492, 89.72334438711981, 94.08602086694592, 97.80776806634032, 102.82794056799187, 111.83163817606959, 111.17200003708538, 109.2583717580341, 105.66317836746298, 100.95178728261638, 94.73875124602202, 86.52618213598281, 91.31968832130892, 96.73333183021748, 101.58043383700408, 109.21806565171283, 102.95707483263566, 97.37209432000034, 92.08074827362374, 27.89344163707652, 38.700522488356945, 58.25216504391166, 74.57397675645491, 92.30973943160038, 107.90789308813171, 115.20295681669917, 130.23787379135538, 140.88225748516135, 144.4451797353794, 140.76721800594694, 133.237490764764, 129.21418262648592, 121.2625036917214, 116.19815049622878], [28.525465357947343, 22.893299594824988, 17.22415519019545, 17.510648995504937, 22.27891702845921, 27.447552980194263, 32.00005903097438, 71.5483397615771, 77.15906426949536, 85.4820154209462, 93.50273440043073, 100.47898547684088, 93.89346636171985, 86.22788861884027, 77.7446501364885, 38.292338393126066, 29.041480388329052, 20.863945799757293, 11.539135843574897, 4.247877461610328, 0.0, 11.889019797023684, 19.611211893170243, 26.574916549465545, 36.027149096905525, 76.13252620005085, 82.745956219499, 88.0657182495345, 95.9705674085392, 102.35652985251288, 101.43325942646405, 96.00376018260278, 89.54466966910447, 82.77312550057415, 76.94550353440826, 49.59475511612225, 53.15519331867377, 63.045928175426454, 62.27487133467852, 71.79251948964244, 80.48738830065375, 86.26211914175492, 88.83389333353287, 86.22192373004046, 73.69063181665979, 67.28969400952091, 62.934976623475485, 81.30228478554015, 81.21500001674126, 86.30129994541385, 90.78303646155535, 94.68041791891045, 99.76227735882449, 108.87965714082311, 107.92592656518404, 105.83334249293921, 102.07077826054098, 97.22961025712071, 90.8995846680006, 82.61665324286196, 87.69718823342015, 93.33036949909602, 98.34323351552247, 106.19736294507301, 99.6738595845426, 93.94353379133388, 88.43797282537332, 29.864362123347703, 37.048375215019846, 55.17960462310882, 71.08832702632539, 88.47472540133556, 103.89966894036309, 111.11757836207161, 126.35638748132233, 137.58012146906577, 141.56469504986904, 138.37087336990376, 131.29877039922292, 127.79405807530632, 120.70316734793124, 116.63208970112986], [21.03693923147821, 15.848593151454327, 15.440603666811151, 22.270137960740637, 20.567051320082346, 22.57022829290643, 25.978489419887715, 63.97525830634968, 69.3800726320573, 77.61646080374861, 85.87386368011022, 93.63259226671877, 86.43587452692064, 78.6367311947255, 70.25693514607721, 27.177235041552365, 17.73459693413487, 10.14270348610926, 5.714918117730649, 12.317018194856173, 11.889019797023684, 0.0, 8.002134345169853, 15.658062459245553, 25.53885736539311, 66.72391603775202, 73.61190395738849, 79.30490675713521, 87.97468777036799, 95.08634127854884, 93.89316626692556, 87.87070305670035, 81.0056505404623, 74.04197501351018, 68.06077904103832, 39.66681724352481, 44.100553790574665, 54.22640572266752, 56.703220155815046, 66.30653312341074, 73.85223353743135, 79.25329877572547, 82.1888454367383, 79.24840943252134, 64.67962471147356, 58.07948914601166, 53.417414620158894, 79.2895274706974, 77.55713508776557, 81.03402409001772, 85.15136067590744, 88.6961574205467, 93.9978744965039, 103.72880422956604, 102.97005676500004, 101.1524461416142, 97.93994337647399, 93.52812375937141, 87.83727682346226, 80.13838921057689, 83.43751656000077, 88.17676043506967, 92.8933288736216, 101.00136257027043, 94.43201808641055, 88.92772458798375, 84.29964364747707, 39.954556210641236, 47.93069288317914, 64.06929480547151, 78.33954434660242, 94.31762204890585, 107.93736054142776, 113.11239958281884, 124.38326990740097, 135.4586252363537, 139.22782699975903, 135.5687940411846, 128.1956513906095, 124.0002378487356, 116.4781922301451, 111.23484675001053], [16.60020005805581, 13.350307045515994, 17.760040893990787, 26.93958735894494, 21.918576393851083, 20.895769340259214, 22.48724344875434, 57.610400706390465, 62.83562660274651, 70.97253963438476, 79.31951622345335, 87.47927191720085, 79.97804128489226, 72.15396561741319, 63.88845115822615, 19.31086699617914, 10.36191733205226, 6.292328971756802, 11.365944228245759, 19.890524175726213, 19.611211893170243, 8.002134345169853, 0.0, 8.000812796593603, 17.902433761866593, 59.365389307153116, 66.38077453216698, 72.24970923495873, 81.29663464242743, 88.76070309761761, 87.39446152780599, 81.07247233153969, 74.01201617676577, 66.96423974475086, 60.924247333132165, 32.23713474365918, 37.50789322775808, 48.11803778226437, 52.93663774875765, 62.470513768783206, 69.15586097181418, 74.06103233143638, 76.93633039643778, 73.57145673864501, 57.90913449593482, 51.030396496860426, 46.04511015962049, 77.82581519150138, 74.9931810598643, 77.23745379156773, 80.97265061685033, 84.0837068715151, 89.33734355566659, 99.16034170648884, 98.78775455664123, 97.33647565088022, 94.63259392956617, 90.67768650189537, 85.53804811060326, 78.31506896782044, 80.30822311266526, 84.2827490013404, 88.58333186025958, 96.48814686676859, 90.2499904336307, 85.11364565748171, 81.23940829811117, 46.81066038545443, 54.34307130934182, 69.28704163438535, 82.4099279211979, 97.5665411566292, 109.91538788808664, 113.72382657302978, 122.30684931476462, 132.60063167657327, 135.97534011217897, 131.8581421097079, 124.21149106445833, 119.53778362810496, 111.77009639399176, 105.98844434695197], [12.244709169546006, 12.647510572837406, 20.616968994888193, 30.72689434947121, 23.43851558459345, 19.47433168163675, 18.548444688970154, 50.023286257996716, 55.20748408215463, 63.30454976093779, 71.69950015734588, 80.06265635040712, 72.36214424970369, 64.49168768000783, 56.29343676297428, 12.659284655739635, 7.772114277695677, 11.416865145739001, 18.918049860648665, 27.11825583724419, 26.574916549465545, 15.658062459245553, 8.000812796593603, 0.0, 9.958692808511818, 51.82248938733169, 58.94504608050276, 64.90319022683765, 74.14022768157209, 81.72338316620613, 80.14080622335135, 73.65888218398936, 66.47710635691197, 59.32860105513449, 53.22635787132069, 24.242087786743493, 30.161141549152763, 41.56043177100779, 48.14981818552778, 57.5280018046638, 63.51241531084897, 67.81023451190232, 70.33668482870648, 66.48658211328168, 50.36315769093833, 43.17633525900341, 38.07761258312126, 74.87050432304255, 71.12774169728192, 72.25498164166532, 75.56584711908017, 78.15865769088481, 83.19725322570895, 92.83196449202923, 92.96670811158556, 91.96366891217167, 89.78779607862452, 86.35593173261563, 81.77458520980889, 75.01286632134212, 75.83935242223767, 79.0606102485469, 82.83712186744744, 90.26556226794736, 84.59263165340873, 79.94155434081549, 76.81454450321394, 53.21422924847974, 59.01762238829181, 72.40111003288837, 84.19858150405739, 98.53740173582682, 109.58068646740708, 112.10366626427607, 118.30177533737883, 127.42991788351617, 130.3533227266545, 125.84118092773441, 118.02453338126334, 113.0886307963478, 105.45474487910487, 99.84418273387735], [14.338199951573591, 18.788442492604247, 28.102244213470858, 38.21064628673264, 29.65082571278488, 23.38104843587494, 19.353499383370494, 41.07159167971543, 45.98478259315786, 53.931199339433626, 62.37441581889028, 71.09081683524778, 63.12235074141616, 55.27580163618733, 47.26395633169408, 7.152462620134409, 12.5307958885228, 20.010219978238794, 28.43925170448242, 36.5570010038459, 36.027149096905525, 25.53885736539311, 17.902433761866593, 9.958692808511818, 0.0, 42.16957640927119, 49.40892634957749, 55.490259119525426, 65.0140576399802, 72.83335711489758, 71.00751786417734, 64.277011637063, 56.93318306420635, 49.69307471244028, 43.53735852310989, 14.617147823323505, 22.75758357837655, 35.41809275080397, 45.052426395267325, 53.92125715795587, 58.624209344926555, 61.84064158315881, 63.742275894770785, 58.997123246113794, 42.0000231746118, 34.07397613693779, 28.20949707910244, 73.85330280962245, 68.89020159925632, 68.31927966934947, 70.92176472675317, 72.650597336782, 77.28960462087531, 86.51061737954393, 87.50753772913883, 87.22614271590169, 85.87843891691587, 83.25689039807364, 79.53481858119048, 73.51529640195554, 72.6454264055217, 74.67414722699718, 77.58225026293535, 84.14991534040563, 79.46594368948773, 75.62491426676311, 73.67399025990247, 61.524807633601, 66.25234430896427, 78.24185530565947, 88.58908005233253, 101.9883291212509, 111.451096293315, 112.39732534575577, 115.40386191757193, 122.67085809464538, 124.78346867409526, 119.53022344532735, 111.2998234948187, 105.76962612052522, 97.95114291154063, 92.12144273042688], [52.26219006347611, 59.00681671883505, 68.10404883213528, 76.94973621054469, 68.45325234068163, 60.73344324081025, 53.83325325120661, 22.65605981509046, 19.45383986975674, 21.61459361426615, 28.080692158003174, 38.16939799913513, 30.41200044817292, 26.091050514709003, 23.576641504461445, 41.365674461211206, 51.23675319937718, 59.496658679559836, 68.3536957261906, 76.10196478024726, 76.13252620005085, 66.72391603775202, 59.365389307153116, 51.82248938733169, 42.16957640927119, 0.0, 7.564462952935522, 14.218971281218169, 25.31659671216542, 34.78183110831165, 32.316215400435134, 24.278233992937583, 16.530844475671802, 10.544334196155297, 7.525885252945594, 31.10183476378019, 38.21903493453767, 46.71816353289014, 62.36734162787762, 66.85395882385697, 65.53429137055942, 62.557664990219, 59.66746418522434, 50.04107385141144, 36.4547204625873, 27.968119023545807, 18.40279147368942, 91.40119599221453, 83.39797961362376, 76.693344839972, 75.66367190455273, 72.72666788054