{
	"dissimilarities": [[0.0, 7.5812637521714, 15.916720019254472, 23.923834114183812, 18.536713665735842, 11.104443101333494, 7.383184119853303, 41.83897528715325, 47.90095063157971, 56.38696175757026, 64.50852120191207, 72.13200345576006, 64.73691028912124, 57.69828207284731, 48.25993748451587, 23.790112513760437, 24.03012003982989, 26.11281988955848, 30.566483475177215, 34.29338451404175, 30.16199177077567, 25.119926180924853, 20.61197822635064, 16.65871002957042, 18.397698724666057, 50.2451437693308, 57.050838048647144, 64.65814762989025, 73.41837352180586, 79.51521448227523, 77.22424507801941, 71.40602563857625, 64.37663868703238, 56.92553358626453, 51.14029474631007, 18.448437684717206, 25.130872848319058, 34.74517675287528, 39.27556108317793, 47.64266739450076, 53.96170639252169, 57.965275580578975, 59.19268577692216, 56.142604507035244, 44.50319177994172, 36.89228823998319, 33.59342183468948, 66.12446112674533, 58.69226742441455, 59.942125338716416, 64.17971920349521, 65.94648697080973, 70.67227294012702, 81.66474154762876, 85.66412084910412, 84.85289867049865, 82.8455263554718, 79.30663317909828, 74.7960321278807, 66.29631995343829, 62.03183073713834, 67.00292933126167, 73.03561467232508, 79.99482681349085, 79.06294414340901, 73.91981906785304, 71.63240632618866, 55.45468334602063, 53.775941928294614, 60.33315541617976, 68.88042560569099, 81.28645838547777, 92.47123425647422, 96.42102717546305, 107.21535255987239, 112.64261633667496, 119.04596245964109, 111.6763533057349, 102.89231936699481, 101.95617049731402, 94.86792561121754, 94.5145294746282], [7.5812637521714, 0.0, 9.005704728864924, 18.83201718627607, 14.684638212896429, 10.49472459612681, 11.97398738504555, 49.26209801396956, 55.11674754674684, 63.46780119800492, 71.6861341678509, 79.52153957885932, 72.16727589499779, 65.12944472687916, 55.716385007927784, 24.99224810003296, 21.822237772614386, 21.759144978457147, 24.873416917882313, 27.943048213106927, 23.487740615139707, 18.888349000419332, 15.59870036222034, 14.433294057914223, 20.136868663884837, 55.989716541339355, 62.954962489020964, 70.58127850328789, 79.57742640567096, 86.02391841594634, 83.90662039169668, 77.88171409267588, 70.73171098200774, 63.275579018276005, 57.36583377549132, 24.294396539285305, 30.70893621560773, 39.3075569426583, 43.17427695975144, 51.8216258867441, 58.40308346097894, 63.182190620399204, 65.19523101065325, 62.8873956270179, 50.59963122815127, 43.53808067061801, 40.20171884382879, 68.61314071785635, 61.94962640058076, 64.25208574647348, 68.92696375590872, 71.35687557656672, 76.5214885337689, 87.92314816167924, 91.18827842873132, 89.80816216922672, 87.2559099916467, 83.08312837514023, 77.98440434748285, 69.32307625218462, 65.8594417740468, 71.71536819089563, 78.75037852966217, 86.05176965750506, 84.55181506255268, 78.60466074794243, 75.43273689535947, 50.20391441861388, 49.72788429627324, 58.01990721652679, 67.98907451821468, 81.2214776514299, 93.50369319857676, 98.58375747430306, 111.28840135969978, 118.42570898750142, 125.4700181043733, 118.6127702058956, 110.09063753081568, 109.27567340768333, 101.93979344446291, 100.93602432968851], [15.916720019254472, 9.005704728864924, 0.0, 11.121787882322387, 10.514746590109626, 12.893022304201178, 17.86247327510796, 57.694665663248735, 63.730018337359866, 72.15200574901837, 80.24736387805771, 87.73801911289148, 80.55130366219744, 73.55171031924999, 64.09020672783564, 32.37383389040614, 26.586616173664257, 23.632256207218237, 23.365197390365314, 23.583254420125947, 18.365387264088366, 17.058968624404873, 17.565966294728824, 20.23620913966591, 28.07628122540895, 64.83675597579976, 71.74589707967432, 79.21812974746807, 88.02244644418673, 94.29216010250812, 92.27711936754264, 86.45474679827444, 79.45642570503425, 72.10636556712487, 66.2552464508882, 33.22102083839367, 38.50511884624635, 45.63315569283015, 47.46009236771222, 55.90779968809263, 63.29841245895499, 68.86216393089568, 71.21878938335178, 69.82376414634338, 58.30777504550587, 51.92138922456761, 49.150733880341036, 68.98791824373869, 64.09309909365786, 68.14643548447161, 73.28980521432996, 76.49051459327804, 81.9089178385534, 93.10180635436117, 95.49889304236905, 93.50280271576982, 90.27252697981592, 85.28366589027834, 79.24999526989963, 70.34041084233719, 68.68827188941347, 75.72010931119198, 83.7448396902335, 90.93503000956754, 88.78649856577036, 81.96042344765692, 77.51623727883835, 44.18821188076618, 42.58542162936395, 51.79464134879794, 63.11442364295427, 77.26826710975485, 91.02906858184285, 97.73237151993332, 113.4987214063332, 122.24804263207815, 129.90888959193052, 123.93872596887147, 116.04109234574251, 115.89866443723939, 109.04210253930432, 108.44082701952226], [23.923834114183812, 18.83201718627607, 11.121787882322387, 0.0, 9.819666274429547, 17.312231227254625, 23.102796623629686, 63.93339753620583, 70.49904103816513, 79.15525722281983, 86.8313519639316, 93.29290720238653, 86.4142719796451, 79.54283716497879, 70.07415259366618, 43.224000026392176, 37.33374797773057, 33.47076169319416, 30.933728095917616, 27.898434563834385, 22.629928650795037, 25.28621446174134, 27.852371113009212, 31.16805896557967, 38.75980529972826, 73.85350944159323, 80.48268783875088, 87.6661466619576, 95.79493399735699, 101.22007861930564, 99.15535211386523, 94.0251573510386, 87.48363530664344, 80.34045756705513, 74.75487632482512, 42.08223903820856, 45.68165412156851, 51.227392123702025, 49.92722572446794, 57.499958842938085, 66.1392961415191, 72.1843074555985, 74.14454116205016, 73.65366631192083, 64.5996486497396, 58.93442890594775, 57.31838459151697, 65.00938332442105, 62.850472162545536, 69.05331507687531, 74.50877986571479, 78.34647348532003, 83.62724610065892, 93.70554239946593, 95.30804035255895, 92.85704722099894, 89.01237118119455, 83.25527935049463, 76.10989556002927, 66.92338812906377, 68.02983207005305, 76.2112646052218, 84.81132409840112, 91.21513120844513, 88.52460160502854, 81.052174120444, 75.21497279777672, 41.50665442388335, 33.5789649274827, 40.84182674178473, 52.77962868777366, 67.73514778852694, 83.05066712591442, 91.52042139648816, 110.94209629938527, 120.4926114159998, 128.510340318089, 123.74291546660204, 116.88424410882392, 118.05678769808358, 112.69568828419733, 113.952618255953], [18.536713665735842, 14.684638212896429, 10.514746590109626, 9.819666274429547, 0.0, 8.949733142905936, 15.952795733487907, 57.7347102846316, 64.62865139511597, 73.4038999535844, 81.23190202183325, 87.86700116340377, 80.30825310659162, 73.14534071558178, 63.78423460121203, 39.22857998597932, 35.52431718338688, 33.68337282079194, 33.80571813063976, 33.27876350786453, 27.890576445702468, 27.48966797141133, 27.434168571626167, 28.473688809907756, 34.19609312896964, 68.52459025402392, 75.3828538383782, 83.05086903627782, 91.60253225561087, 97.18337824444883, 94.76593746784096, 89.3627480687419, 82.48476480504566, 74.99779507690232, 69.23660691374761, 35.279541670698244, 36.96317015508288, 41.63394658123773, 40.456939228665114, 48.33546008896678, 56.64031768798168, 62.79834478941429, 65.28708933452616, 65.23792045880879, 55.635672421960436, 50.79365191478563, 50.57639687207389, 58.81492783172805, 54.81685322407128, 60.15856102273487, 65.61107422150606, 69.47495527568502, 75.07173226820423, 86.13839213872491, 87.52928363892852, 84.99622292953502, 81.29250251214982, 75.83396142631712, 69.36561376305335, 60.403302629854835, 59.78619023080299, 67.63340115696553, 76.47365014794511, 83.65795413975093, 80.80914792813563, 73.27087384493315, 68.04242058612533, 50.657516412958444, 42.815006473545985, 46.171918470334205, 55.369238927544195, 68.16199630510609, 80.93391615018592, 87.40124820050615, 103.95922700321192, 114.19744722580425, 123.12785830320969, 118.62604367723723, 112.17788059487707, 113.83640328464224, 109.26829214435611, 111.14888626471912], [11.104443101333494, 10.49472459612681, 12.893022304201178, 17.312231227254625, 8.949733142905936, 0.0, 7.381870250449612, 49.07375341254273, 55.94798646773576, 64.71261093887047, 72.62508962283646, 79.50406139157238, 71.73560156786299, 64.49796781171769, 55.156501561625404, 33.08552710504537, 31.763521531339077, 32.02555878773433, 34.49030199886839, 36.11090959721221, 31.058366395897554, 28.21203492132099, 25.757584424219132, 24.2231537895143, 27.665626430812985, 60.05312042496593, 66.91359870559901, 74.70725600071576, 83.37105045231021, 89.03103450597324, 86.48438227506037, 80.94872515063635, 73.96568784854944, 66.39013784602149, 60.612888012236525, 26.656860128892053, 28.43692950409606, 34.363243781305364, 35.09496931609494, 43.35794599393534, 50.98304801432893, 56.3967251609402, 58.522671918237855, 57.59998097714772, 47.33847684099316, 41.974951696800545, 41.69300957240369, 58.19261288227948, 52.127680536587505, 55.5750760682139, 60.58015202012618, 63.664087868092366, 69.03948216148386, 80.39029587023907, 82.69875463655414, 80.81276334991776, 77.82366115471038, 73.23369591762138, 67.77292977557047, 59.037337656047825, 56.36560615497389, 62.99573181461972, 70.85296051299375, 78.19586108063426, 76.0101189090525, 69.36840477505214, 65.51196076282983, 55.64922565414086, 49.539850415361876, 52.71106160274434, 60.56632221729842, 72.37379228184858, 83.5279721149038, 88.20800220022537, 101.46142819402831, 109.98710903871851, 118.30722311919865, 112.90845887352782, 105.85346015499402, 106.92455726719679, 102.00914283327913, 103.67566272529763], [7.383184119853303, 11.97398738504555, 17.86247327510796, 23.102796623629686, 15.952795733487907, 7.381870250449612, 0.0, 41.81583137954019, 48.69475420499412, 57.48538795861363, 65.32587090186038, 72.15788585941108, 64.48601330192237, 57.311294561628436, 47.924752344303904, 30.247342223975465, 31.091907804787887, 32.88308978903006, 36.63225607940078, 39.30428093845741, 34.66670969628628, 30.768064969749172, 27.035227490789218, 23.597239135594997, 24.6688617011761, 53.626396359880864, 60.285935713108984, 67.94881372715159, 76.38072783548304, 81.82984737034599, 79.2312444069499, 73.83648879357017, 66.99121455596156, 59.50654308561193, 53.876299637520994, 21.036490120229985, 23.665450941173166, 31.30363120592553, 33.50231488590318, 41.5737799075959, 48.71988976623517, 53.12297381793052, 54.306807516151274, 52.21179307878198, 42.257996706195364, 35.92336612873117, 35.11967731713134, 58.773972552148535, 51.748331525257285, 53.753007920305265, 58.20105763896729, 60.386330028711036, 65.22142385612393, 76.10859890000016, 79.49712773733552, 78.37642532790359, 76.09481662959189, 72.29937364541816, 67.54816734740909, 58.97755248811012, 55.2684769689529, 60.73853986007508, 67.27889644109852, 74.20665494167974, 72.8287534598718, 67.24798425184238, 64.52543234172364, 58.820317991383966, 53.41678030698946, 56.589871161284236, 63.63215087221683, 75.0377040146556, 85.42570618454837, 89.06744482460017, 100.22727707219292, 106.46864799312301, 113.71959269703386, 107.37001141936267, 99.63429460765362, 100.0985146217016, 94.82654444373428, 96.50899500722154], [41.83897528715325, 49.26209801396956, 57.694665663248735, 63.93339753620583, 57.7347102846316, 49.07375341254273, 41.81583137954019, 0.0, 8.182614283758767, 16.884111797917562, 23.9830145976505, 31.15474777490548, 22.937222439737162, 15.935143319152482, 6.566329661760822, 43.26096206391371, 52.84639788987982, 59.473285463448555, 66.69160355030937, 72.42545509005221, 69.59329949365072, 63.260625486362166, 56.879695300165395, 49.47159540204655, 41.21624682734598, 25.803752674779034, 28.66147944078974, 34.542822959912904, 40.655590319953454, 44.229136168115076, 40.56997444114567, 36.145732307270436, 30.583028107028035, 24.480293669252966, 21.764097602309654, 28.91580314374605, 30.106155437234293, 37.92008645370705, 46.12746140232185, 49.44938823793187, 50.24163322903984, 47.02833547695416, 42.36118080713317, 31.996616496565665, 27.999418579650847, 18.89179890927357, 15.754086195152672, 74.67768520968227, 63.584624344106224, 56.89807246715956, 56.84873921970375, 52.930616888375305, 53.36231355641778, 60.34702802552079, 69.98544074119287, 73.547876712525, 75.82624196121155, 77.2268470312935, 77.55676795184466, 71.86310049219716, 62.49995120919424, 59.86023265540145, 56.98295764214295, 60.8975076222547, 64.84275695374222, 66.63369526475438, 71.16440641007532, 90.99037753436049, 88.5396734196896, 90.48083454286689, 93.33171841490231, 101.05343363078997, 105.80967437497941, 103.13415937762375, 100.0743378567396, 93.56685281890313, 94.54168662405907, 82.39607111482175, 70.56188502890191, 66.45423010092605, 59.12188351841555, 61.0630201991184], [47.90095063157971, 55.11674754674684, 63.730018337359866, 70.49904103816513, 64.62865139511597, 55.94798646773576, 48.69475420499412, 8.182614283758767, 0.0, 8.941645148066545, 16.807593779117404, 25.772956265400076, 18.225788351930653, 12.536170681641622, 7.3775407183796, 45.9622310256913, 56.015849258090135, 63.00756493421624, 70.51990216970079, 76.71675324374402, 74.3242592839138, 67.66974106652198, 61.12364416569333, 53.60679396978712, 44.84544633160577, 20.818171621996328, 21.933394590566095, 26.93550522898936, 32.68923277109, 36.54196670172959, 32.854142473599524, 28.03928886668157, 22.55697962618369, 17.066746130551834, 15.822870303858334, 33.963454933555674, 36.448328829299776, 44.46054744757521, 53.60958639375932, 56.807691503610265, 56.73036261675969, 52.84105468327378, 48.01921719197103, 37.024491674840355, 32.924585826541445, 24.240866554020283, 18.925520275946894, 82.55207457743198, 71.19301843945432, 63.78985480577975, 63.29694998767528, 58.77753407458736, 58.67198022540661, 64.9281959464835, 75.31108212113692, 79.4368612014757, 82.2437694795873, 84.18818009405521, 85.0080585878002, 79.60219940627238, 69.8001840968633, 66.41026284913258, 62.487378601745, 65.91900410616073, 70.57117330292016, 73.23730336524892, 78.43391225404461, 95.2862986492564, 94.54983055628644, 97.70246461393688, 100.94074345294418, 108.90368549782907, 113.66568167932888, 110.69261697789041, 106.18599002265617, 97.85570968523247, 97.35408906305294, 83.82039165972097, 70.7178449445481, 64.46861944739416, 54.88969785304749, 54.5880584829233], [56.38696175757026, 63.46780119800492, 72.15200574901837, 79.15525722281983, 73.4038999535844, 64.71261093887047, 57.48538795861363, 16.884111797917562, 8.941645148066545, 0.0, 8.84221493621536, 19.843109895248705, 13.680485072668187, 11.551124174037305, 13.508984364625897, 52.314176253304666, 62.64964262855676, 69.87679940830013, 77.57534877697543, 84.07179534950797, 81.97922497255531, 75.13320157979446, 68.49430692898353, 60.93836971935722, 51.87309739979736, 20.67731899283969, 18.64823893296399, 21.33977500415853, 25.548503695581196, 28.982525849414404, 24.97671728510386, 20.17794602312002, 15.678153314841897, 12.714115177851898, 15.008105871503103, 41.86300133191944, 44.40256861650689, 51.85366861945992, 61.37174439266861, 64.06043631331084, 63.02797483656662, 58.268506574609496, 53.05480673624184, 41.61074961883178, 38.65560382830647, 31.242454669087078, 26.09844556783524, 90.09555559759836, 78.4629037287381, 70.1839898130643, 69.07815856846105, 63.827199967833415, 62.98347569747082, 68.2046081362382, 79.34756348384636, 84.14960041898942, 87.62406851800594, 90.29991645580057, 91.81808619980747, 86.89877170280748, 76.58608675576453, 72.19707479953222, 66.93282088074689, 69.69309938196892, 75.14100619574596, 78.91390536542298, 84.99298351218805, 102.49186581870427, 102.71198833812197, 106.26522925970497, 109.36605685098507, 117.08682697209098, 121.31650900460191, 117.64154549300173, 111.01088750880609, 100.53008885223564, 98.52268381522451, 83.71204633404544, 69.61058892741181, 61.4350809637915, 50.248415955536764, 48.31422098711354], [64.50852120191207, 71.6861341678509, 80.24736387805771, 86.8313519639316, 81.23190202183325, 72.62508962283646, 65.32587090186038, 23.9830145976505, 16.807593779117404, 8.84221493621536, 0.0, 11.875422846951645, 9.420401557309594, 12.929405306855571, 19.099892912213747, 60.98688491051122, 71.18007728033754, 78.28555722729563, 85.79641359107833, 92.10251132545882, 90.05192457527308, 83.42284160392984, 76.93787753958003, 69.49265101635316, 60.5803638904565, 27.888942053319894, 23.90622731541215, 23.362296556944806, 23.42889422057537, 23.70961681342611, 19.142255386130604, 17.25078854855386, 16.82935245380291, 18.097296176840725, 22.40918824912241, 50.511191222437795, 52.502747520722274, 59.15741273384001, 67.8742763641798, 69.70230338062633, 68.32601912777186, 62.75299978859532, 56.51054246099319, 44.75815168808369, 44.99481001692337, 38.79565331002545, 34.81087247624829, 94.64492149130615, 83.39712549795902, 74.7134669030123, 72.98036741217389, 67.02505120503012, 65.11946421153465, 68.29897851001314, 80.3370972839683, 85.95345064021927, 90.11175408542897, 93.51186235401472, 95.57297119523021, 91.14226108219395, 81.02570828969881, 75.75887975224663, 68.89902547323217, 70.25855071399378, 76.6349830652095, 81.6976000649123, 88.52595172433197, 109.50228061028545, 109.20994252233854, 112.13667267170615, 114.50180674950518, 121.63244733905913, 125.15993952731998, 120.80131564167338, 112.51893458340912, 99.08952411998192, 95.1534921925549, 79.12235681086709, 64.14968334308286, 54.52373577304654, 42.89722606057291, 42.01462152060678], [72.13200345576006, 79.52153957885932, 87.73801911289148, 93.29290720238653, 87.86700116340377, 79.50406139157238, 72.15788585941108, 31.15474777490548, 25.772956265400076, 19.843109895248705, 11.875422846951645, 0.0, 10.461905530732249, 17.73521380629357, 25.338497913471787, 71.24711319997368, 81.02827184196126, 87.74362199551419, 94.77407764694519, 100.46410375230123, 98.2039293035118, 92.14310291376432, 86.00996637166091, 78.79050691995737, 70.36394366889472, 39.656462036008186, 35.48725957491138, 33.57270769212365, 30.143301479287054, 25.673670566132515, 21.284096261228033, 24.39444235182612, 27.237356873155314, 29.81132211741239, 34.15730854485211, 59.54325233028661, 60.44332670257727, 65.97416906967743, 72.81223525665965, 73.39798991453858, 72.19641330978963, 65.90975304045529, 58.12752761876666, 46.426734955764, 51.5364163004795, 46.627863062095976, 44.46298538363907, 95.67965259916089, 85.53654031051728, 76.9373493872186, 74.55287911414476, 67.96224756175626, 64.66070606040556, 64.61571935264143, 77.64226129159186, 84.20755107458095, 89.0650922861817, 93.19444615545332, 95.67544680480808, 91.82309574696122, 82.64892117848481, 76.61965291571141, 67.91488183331039, 67.03247249148691, 74.47399156650431, 81.03869708153437, 88.48002907671587, 116.13500010492024, 113.84398964076834, 115.00947362632616, 115.95160990810393, 121.99895332294763, 124.51342266994607, 119.42586123226141, 109.89813060475002, 92.65064929227148, 86.29032627559845, 69.05538300313978, 53.28266152143335, 42.84981473731075, 33.026857121402585, 38.18533667334595], [64.73691028912124, 72.16727589499779, 80.55130366219744, 86.4142719796451, 80.30825310659162, 71.73560156786299, 64.48601330192237, 22.937222439737162, 18.225788351930653, 13.680485072668187, 9.420401557309594, 10.461905530732249, 0.0, 7.716922180761448, 16.622983248020617, 64.05964871808577, 74.22942202380658, 81.19262369069878, 88.57339136071047, 94.48995536529242, 91.95331914893319, 85.58588484457948, 79.15208917713586, 71.66174631731249, 62.9009270467939, 34.083510992488996, 31.536887792393863, 32.3673638307286, 32.73538450496983, 31.72855998444381, 27.04564601432214, 26.491175335669386, 25.834871617884012, 25.550819684614762, 28.424657044088832, 51.21130429509035, 50.94423610910948, 55.92840223939824, 63.231603128754266, 63.98418385779156, 62.39310488968593, 56.23460372807638, 49.091600991138165, 37.30335636945812, 41.13480952649249, 36.65886042763861, 35.82160190717398, 87.98490197662757, 76.88583777299283, 67.8661524754467, 65.66600924798446, 59.298865469745316, 56.75676683174167, 59.097707338457234, 71.357182436751, 77.27559713558887, 81.75551272845803, 85.5882239510204, 88.12007749431082, 84.2089687683965, 74.05672672785069, 68.14189066896436, 60.3867729186149, 61.18937849984814, 67.86908976713133, 73.55965598507227, 80.91961435461126, 111.80412809105587, 109.11533955006382, 109.73990116893167, 110.68155258546159, 116.48564215137876, 118.60511127998309, 113.2822625541433, 103.66753434831955, 89.80044391795161, 86.44401747737301, 71.14766257962123, 57.2874209352887, 50.05076336751484, 42.90451772440199, 47.459055834687625], [57.69828207284731, 65.12944472687916, 73.55171031924999, 79.54283716497879, 73.14534071558178, 64.49796781171769, 57.311294561628436, 15.935143319152482, 12.536170681641622, 11.551124174037305, 12.929405306855571, 17.73521380629357, 7.716922180761448, 0.0, 9.50653084103481, 57.59166330478183, 67.78965876132685, 74.76531435328826, 82.22480522341094, 88.15938073812016, 85.44918527484836, 79.0024478110283, 72.48326071762526, 64.92146057038244, 56.14460606816976, 30.467902293852884, 29.657693698490398, 32.63178073248358, 35.520360949477684, 36.49075597683563, 31.976009808735594, 29.542125860903745, 26.58168726240396, 23.83156840944274, 24.94359618524869, 43.95059130256271, 43.24087298469986, 48.34980385766889, 55.96488884417009, 57.190665864602174, 55.86151637110603, 50.23926200408519, 43.726884064039425, 31.96253224655831, 33.99277681043855, 29.02304478116946, 28.761843869984936, 82.13747769809719, 70.64808230041976, 61.85024944171334, 60.11058022671251, 54.26103515180503, 52.596076913491125, 56.8483830177083, 68.3072014939047, 73.51683216638371, 77.42541138363609, 80.68166068958877, 82.82141263077217, 78.55503924250337, 68.14218149343641, 62.85660095847271, 56.391925136895914, 58.49126769506317, 64.33793852589694, 68.93821934014932, 75.75085765366212, 106.25314074721601, 103.34701700927744, 103.89809599161377, 105.12131287400113, 111.1340625730383, 113.55577742495167, 108.62361554029813, 100.25291488439814, 89.12364322712007, 87.76774077614522, 73.85203624394029, 61.10798188864402, 55.62997897192877, 49.24538011251505, 53.26363466241494], [48.25993748451587, 55.716385007927784, 64.09020672783564, 70.07415259366618, 63.78423460121203, 55.156501561625404, 47.924752344303904, 6.566329661760822, 7.3775407183796, 13.508984364625897, 19.099892912213747, 25.338497913471787, 16.622983248020617, 9.50653084103481, 0.0, 49.43679811839781, 59.236585901630036, 65.95918232540183, 73.21704240826608, 78.94964935156497, 76.12646273804023, 69.82289999142239, 63.43006217545747, 55.98776923684242, 47.57581420535938, 27.65568129494282, 28.979210987047264, 33.753219369238394, 38.56251978213069, 41.001078036598464, 36.9666694179887, 33.38504750737878, 28.80178817731043, 23.88218541545231, 22.742370938066088, 35.18196785341028, 35.229413576058626, 41.66406886942787, 49.391324311657044, 51.68591424953652, 51.65238120954294, 47.34465291842961, 41.66273676431316, 30.45299097512036, 29.5758198350149, 22.36635656698243, 21.081307838531934, 76.67727037939132, 65.47341172440656, 57.89622620402847, 57.10757666962165, 52.3259829991285, 51.8253982230347, 57.61305446667552, 68.08681337729621, 72.36860542687751, 75.3378736877931, 77.52491079809441, 78.60148544201529, 73.49868565638188, 63.750215973509306, 59.96449392453232, 55.50325627471698, 58.59390327007994, 63.367608361270015, 66.37330241278048, 71.88457114742555, 97.14070501102783, 94.1937456564145, 95.29042296350376, 97.29201710995069, 104.19577076359182, 107.90374250840402, 104.25102994884821, 99.04820575847822, 90.54886403207965, 90.59659247525285, 77.78391964136507, 65.63362756655484, 61.20461771597733, 54.49627622878859, 57.67747584085886], [23.790112513760437, 24.99224810003296, 32.37383389040614, 43.224000026392176, 39.22857998597932, 33.08552710504537, 30.247342223975465, 43.26096206391371, 45.9622310256913, 52.314176253304666, 60.98688491051122, 71.24711319997368, 64.05964871808577, 57.59166330478183, 49.43679811839781, 0.0, 11.602160109551543, 19.960688574384406, 29.2493575792543, 37.71649987050799, 36.40484960677369, 27.630994051595376, 20.060747724654433, 12.851586789884466, 5.633307238248061, 38.030085199973726, 45.313637378054814, 53.15545889954296, 63.650926215237966, 72.32219630682971, 70.65896783860441, 62.95358570725976, 54.9531844236681, 47.576715838853005, 41.38259177225648, 18.63988209957485, 30.62972517748047, 42.19960568830332, 52.97480242185382, 61.55649745149649, 64.38058291622694, 66.89192002247749, 68.93849916453055, 63.93799826345478, 47.187201799864276, 38.2320123071912, 29.7436972014841, 86.20472708009291, 75.79934247943626, 73.56491930208486, 76.86857948121487, 77.2838044893295, 81.89572194891113, 94.24405974649767, 99.53838974634209, 99.52413373569944, 98.57397806311077, 96.30520670378763, 93.52433148703042, 85.87274786310383, 78.0893178907042, 80.82386979035628, 85.38700073358866, 93.32700774955931, 93.47117415516972, 89.69229716785729, 89.5502672834495, 63.299315874888826, 71.12012980605739, 82.49904281933192, 92.356547368091, 104.98343052944342, 115.43060420860608, 117.9317340697019, 123.9225814815134, 127.99071491323959, 133.1845934519339, 123.41707055881561, 112.39599864205775, 107.92976859854564, 96.54367580179078, 90.11372344044254], [24.03012003982989, 21.822237772614386, 26.586616173664257, 37.33374797773057, 35.52431718338688, 31.763521531339077, 31.091907804787887, 52.84639788987982, 56.015849258090135, 62.64964262855676, 71.18007728033754, 81.02827184196126, 74.22942202380658, 67.78965876132685, 59.236585901630036, 11.602160109551543, 0.0, 8.446793774212143, 17.870516210542153, 26.68788516051754, 25.987694366847034, 17.106436459205344, 10.304175382355881, 7.588610471930286, 12.686973049385623, 48.759402091879984, 55.734674754707406, 63.032829821996174, 73.02888803648365, 81.46393114941819, 80.11289312982635, 72.76153016528228, 65.13829183109183, 58.09622529157757, 52.11322683862056, 27.19929420554302, 38.44490795078659, 49.224032633093536, 58.075220572410906, 67.03298089469592, 71.08789530414526, 74.6547431275635, 77.04932816654257, 72.8623477121665, 56.77638010011908, 48.19830949569387, 40.385354708140746, 88.63456464687854, 79.8002592076269, 79.44419011022335, 83.4049896122606, 84.69097130383471, 89.6697290453723, 101.88773463819405, 106.47931300843665, 105.85942402843483, 104.17552698367292, 100.98216964616448, 97.10398690853872, 88.94178723902455, 82.919787843336, 87.05815142016777, 92.78648068615848, 100.63883565006324, 100.16280749439787, 95.39482410622232, 93.87148966670229, 53.12084322595297, 63.292453964013376, 77.24273018427358, 88.88124049094291, 102.87286092759697, 115.24033033220282, 119.61474496732886, 129.1077477485822, 134.61700522130897, 140.16114761850895, 130.95824584810643, 120.17995359082684, 116.03722511161341, 104.51911858132432, 97.92220262679383], [26.11281988955848, 21.759144978457147, 23.632256207218237, 33.47076169319416, 33.68337282079194, 32.02555878773433, 32.88308978903006, 59.473285463448555, 63.00756493421624, 69.87679940830013, 78.28555722729563, 87.74362199551419, 81.19262369069878, 74.76531435328826, 65.95918232540183, 19.960688574384406, 8.446793774212143, 0.0, 9.476241898529024, 18.45996264833873, 18.324985214042986, 9.791468811385702, 6.334720510836447, 11.251223854689634, 20.118643381985926, 56.62993584367393, 63.42481905221027, 70.410971076385, 79.99890281289085, 88.12046272820136, 86.92224010062108, 79.90121555493987, 72.55843063453682, 65.6982691531392, 59.84689059014028, 33.81264159322148, 44.38908849968912, 54.55554167340816, 61.89274196810916, 70.92370034632656, 75.84884182347504, 80.04696835457858, 82.53590825151767, 78.8800113359204, 63.520766278326946, 55.169671471943595, 47.835455548757565, 90.00453780799126, 82.46683519860201, 83.45940014662536, 87.82256449674547, 89.6658556406362, 94.81302453185408, 106.77162661093914, 110.8868996130608, 109.87864105321185, 107.70286244527426, 103.8854007101398, 99.22894685431095, 90.7494552301257, 86.1251573296006, 91.19868724661848, 97.62939608006516, 105.29551508241563, 104.41592931893322, 99.02351820991416, 96.53425131509583, 45.452066229908496, 57.1281729124453, 72.88115209230759, 85.73697441438541, 100.65111870596618, 114.3900967664901, 120.13570460803965, 132.1960986461974, 138.57711004828198, 144.32007826391907, 135.58410377599117, 125.0673408505031, 121.28428044850835, 109.90821078664821, 103.55312645917255], [30.566483475177215, 24.873416917882313, 23.365197390365314, 30.933728095917616, 33.80571813063976, 34.49030199886839, 36.63225607940078, 66.69160355030937, 70.51990216970079, 77.57534877697543, 85.79641359107833, 94.77407764694519, 88.57339136071047, 82.22480522341094, 73.21704240826608, 29.2493575792543, 17.870516210542153, 9.476241898529024, 0.0, 9.281487780254523, 10.753783212141718, 6.4024237030279405, 11.499244331384086, 19.11179763727536, 28.90005556468266, 65.12589180857475, 71.68847968080665, 78.3011672257404, 87.37038496555026, 95.0705086812583, 94.04250690172466, 87.4418723489225, 80.45519599700697, 73.82973194773245, 68.15811298727465, 41.661226036648436, 51.69387998150449, 61.32816324305076, 67.08158743839628, 76.02520740648986, 81.83514361328892, 86.53471583430616, 88.92824675286548, 85.6865843986538, 71.3093468150145, 63.074019437084125, 56.06368346854888, 92.17393626151518, 86.17908130200708, 88.55350913225445, 93.2534434881469, 95.57237802092217, 100.76872486955185, 112.22557342314458, 115.9525745690565, 114.63054065142568, 112.00364138798076, 107.59319501356205, 102.1270678428401, 93.34602447865538, 90.33364856720993, 96.2845115383125, 103.24983219400664, 110.54377773017292, 109.34140866838632, 103.43501173527828, 99.98284363754422, 36.56787789577738, 50.25679370498982, 68.28043450769238, 82.4922627614215, 98.45042245076247, 113.76347221449664, 121.05088303589991, 135.90918547042295, 142.85554265755988, 148.58931355221145, 140.27369817030714, 129.98716182219945, 126.52719624954229, 115.29433100058444, 109.25786879565298], [34.29338451404175, 27.943048213106927, 23.583254420125947, 27.898434563834385, 33.27876350786453, 36.11090959721221, 39.30428093845741, 72.42545509005221, 76.71675324374402, 84.07179534950797, 92.10251132545882, 100.46410375230123, 94.48995536529242, 88.15938073812016, 78.94964935156497, 37.71649987050799, 26.68788516051754, 18.45996264833873, 9.281487780254523, 0.0, 5.417911709515853, 10.995201399914878, 18.57618354121678, 26.47083728931199, 36.64451441937651, 72.90030057932373, 79.32059268190683, 85.72505122224754, 94.30235762932965, 101.43350005810346, 100.43618370189229, 94.31573789686975, 87.64386416731054, 81.13157012695342, 75.58767081009387, 48.119452715775, 57.342597422385836, 66.32114719516369, 70.3275466523092, 79.03520395108134, 85.7447119967451, 90.90029441516464, 93.12902935963778, 90.39937382164747, 77.25926586301672, 69.26897510209997, 62.89613642447833, 91.99989742568707, 87.64956599373257, 91.41614129454827, 96.41226142260335, 99.199165313431, 104.39989582029524, 115.25678631265151, 118.52046310542964, 116.88002353569733, 113.80947538981316, 108.83321650071629, 102.58466450733239, 93.56820673032745, 92.25009577240355, 99.03922629473128, 106.49663610342249, 113.3528413928127, 111.79826211916593, 105.40166561410415, 100.99688204898699, 28.160363685518227, 42.26178313013544, 61.933990113054406, 77.20723677813241, 93.98296173056856, 110.66841764194587, 119.39049270485947, 136.97725779089996, 144.49040919487143, 150.33542853221218, 142.66465616568794, 132.86463553100342, 130.07300943851286, 119.50271196850541, 114.45258778364632], [30.16199177077567, 23.487740615139707, 18.365387264088366, 22.629928650795037, 27.890576445702468, 31.058366395897554, 34.66670969628628, 69.59329949365072, 74.3242592839138, 81.97922497255531, 90.05192457527308, 98.2039293035118, 91.95331914893319, 85.44918527484836, 76.12646273804023, 36.40484960677369, 25.987694366847034, 18.324985214042986, 10.753783212141718, 5.417911709515853, 0.0, 9.006015537655324, 16.590359711466, 24.28298117096872, 34.575887648354545, 71.65685943684485, 78.23515087503985, 84.91656527918238, 93.56633861433788, 100.49506423811646, 99.26419159193208, 93.21651139917212, 86.45330161076814, 79.7162562308982, 74.06818427657761, 45.03198143311952, 53.48876824460541, 62.03126046881017, 65.42627970152743, 74.06126581917287, 80.99731498918355, 86.32293644143071, 88.61070126799869, 86.24924794045964, 73.49880039381209, 65.86228766949255, 60.26136077451743, 86.60310730795845, 82.36842302459023, 86.38922292707598, 91.46597313465595, 94.42332223334787, 99.696757224346, 110.5956058833223, 113.5770904332245, 111.79086990094537, 108.60745853064202, 103.53352469552202, 97.21858199516687, 88.20293114797828, 87.04056593792349, 94.00914444378436, 101.69288076924367, 108.60044387466417, 106.84708586468659, 100.2625155491887, 95.7010417674046, 30.234452344102827, 40.2165167703695, 58.10828276663507, 72.85489227144289, 89.25753633150474, 105.55295824750613, 114.07345429507487, 131.67277248079998, 139.6414305580241, 145.9555184643177, 138.76829978001928, 129.46006513383045, 127.34931158199073, 117.67469567776945, 113.72357281547646], [25.119926180924853, 18.888349000419332, 17.058968624404873, 25.28621446174134, 27.48966797141133, 28.21203492132099, 30.768064969749172, 63.260625486362166, 67.66974106652198, 75.13320157979446, 83.42284160392984, 92.14310291376432, 85.58588484457948, 79.0024478110283, 69.82289999142239, 27.630994051595376, 17.106436459205344, 9.791468811385702, 6.4024237030279405, 10.995201399914878, 9.006015537655324, 0.0, 7.771129561125266, 15.777335984350653, 26.113417697633317, 63.78157304706858, 70.55934778744103, 77.53213669545671, 86.6837102637174, 94.11397511093496, 92.79213059264077, 86.2914484451409, 79.18941021996307, 72.26658858521343, 66.4498713075994, 37.669381242671555, 46.82397519415649, 56.00706172183759, 61.10185303253778, 70.0033730695373, 76.0848194890464, 80.99878487584607, 83.47441475787407, 80.66974423024348, 66.70363921156681, 58.87150872957441, 52.82480874491963, 85.79113813545848, 79.86957241785672, 82.50963387893503, 87.31080712168422, 89.83228428317395, 95.128547255576, 106.66350307387602, 110.06116976299407, 108.5676904801924, 105.81079884013228, 101.29187059010052, 95.76283143576273, 86.98578073557161, 84.10100114772463, 90.2558051612858, 97.49807547455985, 104.87160555669684, 103.43336450898667, 97.30336279146788, 93.6842841092528, 38.25435796525172, 47.9872898297403, 63.979000714761305, 77.50113066770211, 92.96455445153768, 107.7710636185705, 114.78908351528781, 129.62201988292145, 137.10529918146875, 143.3999616573901, 135.6605464802068, 125.96217804951031, 123.33074674624243, 113.19352548127426, 108.53132510146054], [20.61197822635064, 15.59870036222034, 17.565966294728824, 27.852371113009212, 27.434168571626167, 25.757584424219132, 27.035227490789218, 56.879695300165395, 61.12364416569333, 68.49430692898353, 76.93787753958003, 86.00996637166091, 79.15208917713586, 72.48326071762526, 63.43006217545747, 20.060747724654433, 10.304175382355881, 6.334720510836447, 11.499244331384086, 18.57618354121678, 16.590359711466, 7.771129561125266, 0.0, 8.132254321055205, 18.441248332376908, 56.69944894625916, 63.667601873234474, 70.95245230924148, 80.48365404515046, 88.1918800586969, 86.71184037422732, 79.91069150610618, 72.53657416570108, 65.40766381086043, 59.44281922516968, 30.591525457301454, 40.24313989237422, 49.9761042714664, 56.419510759905364, 65.41823689311816, 70.7963916671631, 75.28071888956634, 77.79249131680673, 74.61926018990064, 59.876719750308915, 51.90724826601513, 45.658935741434895, 83.7578139171731, 76.50949785220082, 77.96510926187918, 82.48028465981304, 84.58646616422851, 89.82879978898902, 101.7581399601955, 105.51376705548802, 104.30618207048569, 101.94386361732204, 97.93975699522709, 93.0994433483685, 84.56693377300459, 80.30863523054707, 85.71092318861892, 92.47727860704772, 100.13909426936537, 98.9909103028229, 93.31575305245845, 90.52854087492098, 45.42813347207676, 53.811337113349914, 67.84997351357683, 80.14036913314975, 94.6829851107152, 108.12977850028184, 113.81914117488132, 126.27480297911376, 133.19217993727224, 139.4577131422829, 131.35562757841643, 121.46466949561942, 118.58994861790369, 108.38623988287758, 103.57343096142218], [16.65871002957042, 14.433294057914223, 20.23620913966591, 31.16805896557967, 28.473688809907756, 24.2231537895143, 23.597239135594997, 49.47159540204655, 53.60679396978712, 60.93836971935722, 69.49265101635316, 78.79050691995737, 71.66174631731249, 64.92146057038244, 55.98776923684242, 12.851586789884466, 7.588610471930286, 11.251223854689634, 19.11179763727536, 26.47083728931199, 24.28298117096872, 15.777335984350653, 8.132254321055205, 0.0, 10.375327363911415, 49.14945141607548, 56.28249781484984, 63.87638567201015, 73.67378844015877, 81.49002557831727, 79.80765412011452, 72.82055457773049, 65.2353250084159, 57.89635397239357, 51.8090755541045, 22.81551845178684, 33.224618308523844, 43.740589075100885, 51.52340091449944, 60.46361073429347, 65.15674739764067, 69.03835295410911, 71.3425125967181, 67.65680332054028, 52.44231154091027, 44.18030595054852, 37.68173291767136, 81.19457492391945, 72.73653179808555, 72.9386149078342, 77.07560694126333, 78.64226159768695, 83.69321853008302, 95.78016179062513, 100.02083560446304, 99.21048942425857, 97.32658786130438, 93.92527190153723, 89.80779938365905, 81.54757306024125, 76.0102750859284, 80.53179160658367, 86.59656956403775, 94.36253220966704, 93.61316478068491, 88.55387461847378, 86.6871104869811, 52.44434354778475, 59.115759877021155, 71.128953748185, 82.06274964788466, 95.63935082843038, 107.71064779296397, 112.04819034440561, 122.09295657008039, 128.04252512662, 134.09387730589393, 125.59388617568655, 115.51823393421682, 112.45306258933766, 102.34027081397662, 97.69013260262773], [18.397698724666057, 20.136868663884837, 28.07628122540895, 38.75980529972826, 34.19609312896964, 27.665626430812985, 24.6688617011761, 41.21624682734598, 44.84544633160577, 51.87309739979736, 60.5803638904565, 70.36394366889472, 62.9009270467939, 56.14460606816976, 47.57581420535938, 5.633307238248061, 12.686973049385623, 20.118643381985926, 28.90005556468266, 36.64451441937651, 34.575887648354545, 26.113417697633317, 18.441248332376908, 10.375327363911415, 0.0, 39.52110559629415, 46.89047586391703, 54.911511158989356, 65.16251236146113, 73.28332710883096, 71.37363773516216, 64.012618083584, 56.08903451412449, 48.48996868664829, 42.22515599863131, 14.711277521370635, 26.530509693693915, 38.12086247207786, 48.115511645888795, 56.757051252062034, 60.14897400313295, 62.98448877985975, 64.99788632590513, 60.42853400486367, 44.285215389674036, 35.512764152441314, 28.184761480465482, 80.7315316990488, 70.63726493523649, 68.897083481989, 72.38623425836947, 73.0738472907443, 77.79048241917194, 90.08682031952272, 95.07159297976827, 94.8689393076061, 93.71843223919231, 91.23520411774223, 88.21671359599465, 80.45829651712882, 73.08498511632764, 76.19130577409689, 81.10675375196891, 89.01217054177297, 88.90101759505059, 84.825615284448, 84.3534912580032, 61.96339002628321, 67.62533143816586, 77.74021186734254, 87.13803771980058, 99.49486477580473, 109.7992607501957, 112.36235643957168, 118.96549552283412, 123.49011771214947, 129.12383713296077, 119.9379507707182, 109.47637777304101, 105.89041372471466, 95.60997382922052, 90.73235597884354], [50.2451437693308, 55.989716541339355, 64.83675597579976, 73.85350944159323, 68.52459025402392, 60.05312042496593, 53.626396359880864, 25.803752674779034, 20.818171621996328, 20.67731899283969, 27.888942053319894, 39.656462036008186, 34.083510992488996, 30.467902293852884, 27.65568129494282, 38.030085199973726, 48.759402091879984, 56.62993584367393, 65.12589180857475, 72.90030057932373, 71.65685943684485, 63.78157304706858, 56.69944894625916, 49.14945141607548, 39.52110559629415, 0.0, 7.75441195026064, 16.81040722993051, 28.174409461610104, 37.520708282315525, 35.39082340615591, 26.586701377019416, 17.86436259098133, 10.641349096412776, 5.675917393229488, 34.25052674190325, 40.892703076470426, 50.77196401614264, 63.29750644852524, 68.39332762183435, 67.43938041092227, 64.6671194289956, 62.659102161311644, 52.885594371857394, 41.289094203391905, 32.036991670717995, 21.34053694531574, 96.91317590281987, 84.36534696480838, 76.8516336355