{
	"dissimilarities": [[0.0, 7.383660904524332, 15.927336529374552, 26.821945766478507, 18.58942819781095, 11.382750696156883, 9.529517433871558, 45.47057339242152, 51.24766495853104, 59.56606695990767, 67.80620060161976, 75.65473934898822, 68.40503932143973, 60.26443593242728, 52.00408722376919, 19.537226261493135, 19.02313465980983, 20.832854545711612, 25.051112099543328, 30.126979135545902, 28.00190510489136, 19.782582756309903, 16.05021554761546, 11.555776401465808, 13.466291363702407, 51.53894068550782, 58.50736502213879, 64.01650436079285, 72.4238278386379, 79.04350589120978, 77.4286593676139, 71.73358136160829, 65.06668058925246, 57.901040597070626, 51.737376664569695, 22.320517375833784, 25.86442598004197, 37.70644348066199, 41.64633650316952, 50.6841123218926, 57.398776509920864, 61.83941574148645, 63.819857585970475, 60.33135717044194, 46.57203405181993, 39.29530673780851, 35.81955877493919, 63.153746582491515, 61.8804037252599, 63.67975930022282, 67.85279493793111, 69.81390207610288, 74.31591344387003, 82.37595580315947, 84.265829395008, 83.76237285505283, 81.51386362143839, 78.05971748285172, 72.32566991358006, 64.29962773802275, 66.58399732749324, 70.00654332709058, 74.02146097673642, 81.2370134134607, 75.61156158967877, 73.52906437963581, 69.44864835831844, 54.15601601028166, 56.617667633197975, 66.76219727410736, 75.4786698822428, 89.68769797880428, 102.00334475815123, 103.18831412733613, 110.27270148298287, 118.7710978454117, 122.57012020002732, 119.13006877922506, 111.1317358917983, 108.0928145100453, 102.06216686549259, 97.1677125247358], [7.383660904524332, 0.0, 9.704184218359313, 22.07139979024623, 14.183996405878913, 10.582269461145327, 13.423093271827064, 52.849304963197405, 58.60248281062718, 66.88125776385574, 75.14129133654345, 83.02423603252521, 75.78444337496079, 67.63437757908265, 59.37652011132287, 22.462606250996032, 18.503550545613106, 17.35878202815739, 19.56833141995109, 24.174639351299593, 21.697849040845263, 13.378427868450421, 11.804928844706517, 11.282590703778764, 17.75853167701466, 58.22265397686636, 65.24918236746296, 70.85513909227086, 79.39692879101395, 86.1422229997008, 84.62166898887955, 78.83564080235698, 72.09098877697753, 64.92209367068287, 58.74408368711788, 28.863965455100395, 31.87692485675168, 42.39714297875665, 45.051827636560574, 54.24388252068034, 61.49291191075106, 66.67629748000915, 69.3595655977014, 66.57956373987884, 52.7174404608035, 46.02071526457752, 42.77193939947472, 64.7310623944139, 64.44863991498835, 67.30357202556728, 71.92574187013358, 74.5592527810404, 79.55901459116754, 88.03326262747588, 89.06989123167642, 88.03429542704768, 85.20416664899373, 81.14948749255761, 74.87704520087377, 66.33643357336096, 69.79368616820712, 73.99796903920009, 78.67310318373778, 86.71908614427979, 80.19651424442375, 77.39141533804235, 72.57286300007917, 49.38627905035954, 52.82068796371987, 64.09810225558958, 73.95902613899051, 88.6682065739475, 102.08879061371925, 104.33107568082322, 113.35157985882178, 123.6185129187253, 128.1044820789945, 125.23421788383475, 117.60354821943484, 114.91208052209619, 108.93126227292535, 103.83867412016176], [15.927336529374552, 9.704184218359313, 0.0, 12.879491698661138, 7.412504002164586, 12.219499626104376, 18.18053741477965, 60.38856475247221, 66.47549837560697, 74.94409588710118, 83.05143030889037, 90.23244519777887, 83.31772469337605, 75.23348651742843, 66.84835749796345, 31.816854040963193, 26.36562892741383, 22.159533660581623, 19.275051242597748, 19.57361723358115, 15.893549695342571, 13.564929578815697, 17.418466340925942, 20.127005114623213, 27.428407395631467, 67.41006181361763, 74.3262360692251, 79.72522442139473, 87.8590698617346, 94.15121991758058, 92.69432001375489, 87.32019415475897, 80.8237006675188, 73.72526301406113, 67.59341694871969, 37.96462890887257, 39.39289097336372, 48.59206465781461, 47.637547737820135, 56.58135932167222, 65.03904146080511, 71.01579117451237, 73.91339743979813, 72.07554656031668, 59.98199532896289, 53.99034271053472, 51.64692207180541, 63.19991109006418, 64.84353666615561, 69.58351868816261, 74.64914835377499, 78.10948578748757, 83.3388543464106, 91.6218840859894, 91.83142487092833, 90.21024728754968, 86.6440064533025, 81.8705850854839, 74.82340069127306, 65.44448049877249, 70.94249081166996, 76.27725142228473, 81.70231207181159, 90.146039833766, 82.99708651378704, 79.27017523536898, 73.43896437855366, 43.77073449482379, 44.65023977369426, 55.83387706744068, 66.64689867376457, 81.98925633163837, 96.69397895590379, 100.59067696033227, 112.95865739913648, 124.74072668949178, 129.97883036713637, 128.00221543023096, 121.14396339040832, 119.48389982333721, 114.47489261288635, 110.75835167748906], [26.821945766478507, 22.07139979024623, 12.879491698661138, 0.0, 10.802735222819967, 20.216218770487977, 26.049396084869958, 67.65617603074669, 74.12118996127727, 82.77168245767466, 90.51791836487504, 96.45670980588349, 90.17679554994785, 82.32991310013, 73.8897119313402, 44.22132825132028, 38.844425804912895, 33.589563485720454, 27.616100111162257, 22.669601834473184, 18.6138158103668, 24.037749200328097, 29.749680841366906, 32.77101408371151, 39.488484150065354, 77.46042665517261, 84.098933168298, 89.0532770829475, 96.36540440505902, 101.77884284556129, 100.38521338259164, 95.79465666918811, 89.81412710184561, 82.90790482411096, 76.92948089349414, 48.47619273275968, 48.25483452466031, 56.33222792751671, 50.88631106383679, 58.99004735143088, 68.81425285012132, 75.31318563967116, 77.85008003689167, 76.94687894279323, 67.93423757226662, 62.61326605136031, 61.344238299517144, 60.35505109204271, 64.57681644193116, 71.54958876173937, 76.8579723963209, 81.03695835944043, 86.08967621058096, 93.48775625385046, 93.11470899767752, 91.01623163364677, 86.76624391599836, 81.37085610290264, 73.55318069622028, 63.28852636157317, 71.27061922922564, 77.75244082682109, 83.7554806913293, 91.92678595842165, 84.69271333473907, 80.11066316122105, 73.29299348508832, 40.334642066148206, 33.83042537328373, 43.18698450022389, 54.85565840610618, 71.12267043961008, 87.23425081599287, 93.32999755822594, 110.05448493453159, 122.59667213507853, 128.4075092925721, 127.43327642975699, 121.58935916156504, 121.39323315214438, 117.9874812705915, 116.74954858434192], [18.58942819781095, 14.183996405878913, 7.412504002164586, 10.802735222819967, 0.0, 10.011912687090762, 16.794046027197876, 60.28474734775327, 66.85650364282681, 75.50293615641822, 83.45945689293471, 90.05349291005113, 83.0704230123618, 74.96566789792594, 66.53052586857171, 36.47956879657946, 32.28241036958091, 29.141845200444774, 26.614283351893793, 25.81759637372072, 21.768334900958916, 20.739544296727182, 23.865268917892585, 25.334685058976063, 31.239537212955522, 69.43677761950943, 76.36786777856304, 81.71327356529578, 89.64353914194945, 95.55186381851398, 93.7989126988079, 88.69314033822253, 82.32049718452444, 75.16057682702505, 69.04120540354657, 39.30849279985953, 38.38179667757041, 46.099404476592554, 42.4643199152506, 51.12468183226901, 60.21196921955505, 66.63728385701977, 69.75074477628661, 68.78626885189028, 58.24513898998571, 53.2913877045814, 52.65872120619836, 56.134594610788476, 58.39316773032164, 63.9725150731186, 69.2379143102212, 73.17405830743155, 78.59293648139676, 86.96461809967002, 86.4498015137608, 84.46790182311555, 80.53989104252658, 75.46678950796212, 68.15582789595159, 58.54863503856678, 64.77121688081144, 70.6235529978528, 76.4575546010117, 85.33123840670589, 77.62535812040443, 73.40381921762015, 67.13406277454224, 48.22484821600439, 44.44488442073993, 52.015908630443974, 61.14643967619448, 75.59118583872332, 89.83394715383976, 93.41439453182905, 106.17272068951114, 119.10797795078365, 125.20053300976038, 124.2189640857646, 118.42479170829718, 117.84506246175631, 114.46643131403374, 112.58102754654587], [11.382750696156883, 10.582269461145327, 12.219499626104376, 20.216218770487977, 10.011912687090762, 0.0, 7.3183418389158295, 51.23123609910895, 57.814522785826696, 66.41354113254903, 74.45577880831652, 81.44952057367503, 74.06577713072662, 65.8438906776066, 57.45751935510901, 29.750887904825984, 27.999262329776585, 27.85601270344715, 29.071394317292903, 31.38045457699015, 27.971319048931623, 22.55625285778039, 21.969375255580776, 20.321221829479004, 23.70501606868255, 60.199859177483106, 67.22901434564604, 72.72736437193848, 80.9217802950049, 87.05279238735092, 85.0604675192127, 79.7007787682522, 73.16019500812205, 65.89287214514235, 59.735811686919845, 29.70303443482147, 28.4145354002546, 36.90917851156892, 35.85760313417965, 44.90699204440361, 53.04709019919244, 58.833455582193146, 61.786619502288886, 60.174548947304665, 48.50996896684551, 43.37174073867152, 43.0147215973052, 54.16434872643542, 54.270824984135885, 57.983102254497545, 62.855899562057665, 66.06538590576392, 71.32880815698344, 79.99195286346738, 80.13092484838886, 78.67883381711879, 75.45116572744539, 71.09495658291172, 64.57033393217958, 55.83779384453223, 59.8870455197588, 64.65556472254315, 69.82800569497842, 78.4638583874899, 71.21081690800281, 67.83836638629909, 62.55537721910331, 55.18458761050403, 52.79535365330527, 59.544808982381575, 66.94260391400088, 80.24165397732156, 92.6790668629523, 94.12679154917154, 103.05466911108775, 114.65663610347072, 120.26197967033607, 118.71456165389162, 112.54535198626954, 111.36427754590123, 107.77532677355786, 105.44347593859321], [9.529517433871558, 13.423093271827064, 18.18053741477965, 26.049396084869958, 16.794046027197876, 7.3183418389158295, 0.0, 43.922855254347326, 50.55160675607514, 59.17458357081218, 67.18138609033447, 74.1474004809003, 66.74976632809448, 58.53578951059977, 50.143756774559584, 27.285239298559556, 27.963587089365593, 29.768844310205072, 32.72989998678954, 36.026733943144635, 33.08235373824194, 26.74215040606409, 24.319500144263593, 20.33938892397601, 20.590389247560815, 53.6445841770209, 60.567714547794, 65.94214997235247, 73.9748373009511, 79.97535301661188, 77.89948977138914, 72.63524508181081, 66.19154785603769, 58.959253798180626, 52.851340946778976, 23.66474367008221, 22.331394465329254, 32.3493119052627, 32.93170876495415, 41.88442617180772, 49.39499034196938, 54.33190759283831, 56.497939766815406, 54.048584496976765, 42.408996026821775, 36.672573534626075, 36.27769610872286, 53.67681325426623, 52.55532690260493, 54.96466640960069, 59.32399386800334, 61.746601886805045, 66.46510221716827, 74.70770561194053, 75.84471884127511, 75.01156095264653, 72.46070864225032, 68.80274406916762, 62.91051384625019, 54.79393038789363, 57.40842564524909, 61.24622164696482, 65.6579106481996, 73.3768788702733, 67.13269863784991, 64.60780001247501, 60.19607464530459, 59.27600068576888, 56.916694081095415, 63.14527835886681, 69.5911368359535, 82.45244257052185, 93.74551995670352, 94.09214272497859, 100.85998230449344, 110.44413990379536, 115.2448065060121, 113.00381164047369, 106.35551800273657, 104.7321253614832, 100.98702355244325, 98.74202941512083], [45.47057339242152, 52.849304963197405, 60.38856475247221, 67.65617603074669, 60.28474734775327, 51.23123609910895, 43.922855254347326, 0.0, 7.577683276710566, 16.090228606164704, 23.500815401639088, 30.79726011542423, 22.973377419706033, 14.871961845957411, 6.623044671418576, 44.954237446646, 53.720408551544594, 60.59104285395458, 67.62848390308672, 73.18187451268487, 71.8396152409799, 64.16199006455359, 58.23409340310802, 50.71027506676084, 41.834018947112725, 23.047736362121228, 26.206833663556267, 28.87397649645554, 34.11630595259868, 38.492870006255, 35.424775128903924, 31.319708602565175, 26.599433560648357, 20.985352964125166, 17.455124408977838, 28.4502983919328, 29.607140518731526, 37.487798031365365, 47.12458495891407, 50.57388704654825, 50.58779546583554, 47.52729173302121, 42.64513392664829, 32.73332118403558, 26.83038959956808, 18.807161856689675, 17.142288100835167, 71.02433576612266, 64.08671739297839, 58.226040836074695, 57.905508631119616, 53.99075517050805, 53.18070952904057, 56.139253431421004, 65.07939614345909, 68.89412013562611, 71.43631620305483, 72.89208288886758, 71.99581923001874, 69.19528654826131, 63.28743004767394, 60.17570797831307, 58.030052688942, 56.786672262897, 59.84144689252072, 63.84003930812183, 66.00751993589776, 92.28286725972082, 91.06879549587526, 95.3957953636383, 97.76649076388277, 107.63481370894367, 112.62948235268071, 107.32689485772599, 100.8063306414353, 95.94625422904923, 94.19737436364747, 86.30213153692158, 75.61749818816307, 69.45548981829526, 63.520170070897834, 61.091333238942106], [51.24766495853104, 58.60248281062718, 66.47549837560697, 74.12118996127727, 66.85650364282681, 57.814522785826696, 50.55160675607514, 7.577683276710566, 0.0, 8.763532937134773, 16.656856065526114, 25.45593327385148, 17.76454914872201, 10.498486918880358, 6.290159625624852, 48.506404093797826, 57.638087165789365, 64.8248860891301, 72.27135812515418, 78.21676097423341, 77.17883107712602, 69.26149457304847, 63.02274442304093, 55.45630895461869, 46.272581945215556, 19.16752059833118, 20.432173312922465, 21.997325436825815, 26.60675463483623, 31.159679503413273, 28.067587414743453, 23.757558866646043, 19.376166909527516, 14.643704503173032, 12.844664720619413, 33.29027693074639, 35.893239849190614, 43.48240333801196, 54.27457456302166, 57.43592301415874, 56.62100976225701, 52.80783788341587, 47.479907233865255, 37.01932496696721, 31.389136190107624, 23.816547357099434, 20.258962672010828, 78.249212024783, 70.97299268165757, 64.43494473700389, 63.66737429593972, 59.11367494248867, 57.652310283969626, 59.73568171351009, 69.60046472964905, 73.94302308187267, 77.05958034339972, 79.02801464926111, 78.62239020405592, 76.27401942638006, 69.75824087552556, 66.0038417225733, 63.13954503503815, 60.71044526671932, 64.97070719837838, 69.64988420746467, 72.44288027741105, 96.7581495671962, 96.852038724006, 102.00774324720511, 104.6902213594752, 114.70274096424043, 119.46617218126767, 113.92834660259815, 106.1729710434526, 99.23721552656316, 96.12879010884912, 86.88742214493739, 74.9841420115598, 67.1537852538403, 59.26639231409813, 54.826879178523065], [59.56606695990767, 66.88125776385574, 74.94409588710118, 82.77168245767466, 75.50293615641822, 66.41354113254903, 59.17458357081218, 16.090228606164704, 8.763532937134773, 0.0, 8.45592284028219, 19.31836618160203, 11.943447331707125, 8.384861272973454, 11.975995482030918, 55.32060127875694, 64.70137460237738, 72.16069486131916, 79.93030182893303, 86.15361048567888, 85.29188482813748, 77.16768210236309, 70.69117370648762, 63.10338831324265, 53.73578321430861, 19.713436374594103, 17.723765479423466, 16.882425711920252, 19.398350131703495, 23.517119547795243, 19.866020867625533, 15.658780934660845, 12.795606053304589, 11.328786635814359, 13.660075267599767, 40.86012144786957, 43.707260057911625, 50.20500849984411, 61.688324795667526, 64.19706519435435, 62.289646982052275, 57.50131576160574, 51.58702346289952, 40.78292821767017, 36.574046558136025, 30.374520073249386, 26.983446327301007, 85.42392909897436, 77.58918797345628, 70.12658659760973, 68.7256119074204, 63.38123018516755, 61.08797403229285, 62.12056407085185, 72.93068708450414, 77.89941176358172, 81.7535255858141, 84.4278561037238, 84.7583239582916, 83.1756796518693, 75.7216386486746, 71.09132477501687, 67.30014759577953, 63.45596433122454, 69.12837869332375, 74.66435569363567, 78.32582910337645, 104.29235953619931, 105.03843570916392, 110.31891349575672, 112.76096532582287, 122.43592510616823, 126.47229593392123, 120.23280881454612, 110.41282369649291, 101.15472141771369, 96.69820813274188, 86.2415802646665, 73.45050894104311, 64.09506588230374, 54.89658487823593, 49.05653343871332], [67.80620060161976, 75.14129133654345, 83.05143030889037, 90.51791836487504, 83.45945689293471, 74.45577880831652, 67.18138609033447, 23.500815401639088, 16.656856065526114, 8.45592284028219, 0.0, 12.180086052130708, 7.360358127380897, 11.095619792284072, 18.179607318584992, 63.679233104579154, 73.04931787681768, 80.45047782793867, 88.10877188388672, 94.16658545495692, 93.33696376587106, 85.4591539514178, 79.06304729493436, 71.50291769731957, 62.16381288558324, 26.43672840682273, 22.51405218443541, 19.227777956634768, 17.055093694917097, 17.991548513227457, 13.485767903670114, 12.48695511760453, 14.26700441311164, 16.902200278801693, 21.074474528195026, 49.27900054160892, 51.614144926060696, 57.16351315010058, 67.97898872404588, 69.65984428849251, 67.10978160123615, 61.47132065101972, 54.62503266436449, 43.749249890485366, 42.615365998462316, 37.74521334015149, 35.3391113333741, 90.53109041934673, 82.47210725009779, 74.48316728847777, 72.44048750158046, 66.41060472190712, 63.061754334135976, 62.46143984242898, 74.36274967625437, 79.9785812206408, 84.53008209694303, 87.90527927021974, 88.91143998601682, 88.02597997846614, 79.94912886794883, 74.59840510740366, 69.90484958553083, 64.20435501717948, 71.61418246962727, 77.92878363154331, 82.36389855973377, 111.61410953364754, 111.82940990870082, 116.46987851368405, 118.23213346339004, 127.33195349995334, 130.38902697846763, 123.49457225850486, 111.99117073520821, 99.88035870566232, 93.93153885315743, 82.31082055240338, 68.80775731233561, 58.35224534537462, 48.871835924763225, 43.9087246394882], [75.65473934898822, 83.02423603252521, 90.23244519777887, 96.45670980588349, 90.05349291005113, 81.44952057367503, 74.1474004809003, 30.79726011542423, 25.45593327385148, 19.31836618160203, 12.180086052130708, 0.0, 10.013270932150942, 17.65536410357999, 24.87588379263535, 73.68426387548091, 82.71066115151524, 89.57799089392577, 96.47640856923358, 101.68808792546949, 100.71306695457645, 93.8174977693041, 87.98137796155373, 80.55223923405163, 71.54888837945511, 38.418429560279904, 34.48985404348829, 30.466487649410112, 24.921434218989965, 20.340527298522083, 16.700630596114806, 21.460531217038106, 25.834210046081264, 29.013443120957792, 32.802217211966415, 58.65183793973159, 59.68414302185678, 64.45638464903412, 72.58391147374488, 73.11307514656697, 70.6334784572985, 64.34019622113588, 55.94909797836523, 45.42439010511407, 49.77810368520853, 46.15461846784907, 45.39030805837496, 92.1549156034687, 84.50971294221995, 76.7001074004189, 73.98671993685896, 67.43898909191603, 62.58414030853604, 59.106995622727055, 72.51951316844784, 78.85768835400374, 84.05343746133792, 88.13591683889238, 89.72246771989715, 89.43240793223168, 81.31572107106656, 75.50773397200729, 69.92266131641851, 61.3953814375542, 71.29507886173784, 78.27405494669088, 83.33015008604599, 117.79972501246938, 115.68314773044874, 118.48541643650486, 118.86167849958917, 126.98135078030046, 128.61137005448697, 121.22420297892157, 108.83474983602855, 92.57172532099241, 84.60725820166878, 71.61897482857307, 57.35079647342182, 46.4117094424049, 38.88680938807853, 40.41687635271297], [68.40503932143973, 75.78444337496079, 83.31772469337605, 90.17679554994785, 83.0704230123618, 74.06577713072662, 66.74976632809448, 22.973377419706033, 17.76454914872201, 11.943447331707125, 7.360358127380897, 10.013270932150942, 0.0, 8.41879966639271, 16.61883479842221, 66.06358367688522, 75.32416924273168, 82.58124986626592, 89.92988565905908, 95.58463775826615, 94.44325877091421, 86.82581875755628, 80.66914663375157, 73.07557058264821, 63.864840518759685, 31.077432503445102, 28.33736302269957, 26.0293025688602, 24.327539626167603, 23.90525793254482, 19.274730667268194, 19.579300904544066, 20.860769231147472, 22.08743025693469, 25.118536370746863, 50.24222154259543, 50.79104169289624, 55.04880852523943, 64.4407059551853, 65.29466867462766, 62.45125589674113, 56.36161528658586, 48.82148180347649, 38.02542094071924, 40.097735044914494, 36.657205520079245, 36.68348441844346, 85.7329747840204, 77.49985857529406, 69.27777580225862, 66.85862721797471, 60.53147440844048, 56.62904287784484, 55.36019279213634, 67.59792379097524, 73.44421688386866, 78.26788270750299, 81.98156840438928, 83.37827838756469, 83.01424738851024, 74.52709859643745, 68.80983620020407, 63.69444849279807, 57.21160646858854, 65.3099748202032, 71.95535546313262, 76.79475468437973, 113.33713558183246, 111.64800406819363, 114.60056401455036, 115.14351761890694, 123.24997963246295, 125.33635531839985, 117.69048115195949, 105.14335016106644, 92.69449776317593, 87.1061196267319, 76.15790992141702, 63.70903244290874, 54.68353610685303, 48.560394473449875, 48.03727966836413], [60.26443593242728, 67.63437757908265, 75.23348651742843, 82.32991310013, 74.96566789792594, 65.8438906776066, 58.53578951059977, 14.871961845957411, 10.498486918880358, 8.384861272973454, 11.095619792284072, 17.65536410357999, 8.41879966639271, 0.0, 8.450051192980254, 58.298919769127195, 67.51215149256265, 74.78341499797041, 82.16670957472168, 87.89673673412734, 86.64667680323102, 78.8306755532438, 72.65204238358747, 65.0321842577976, 55.84721538378143, 26.02490950628774, 25.23346966289545, 24.95136389078974, 26.62961727872575, 28.78052529697516, 24.53774397726745, 22.198291063823856, 20.353651348131155, 18.568194092817052, 19.63425300462141, 42.00249489575724, 42.40664474365143, 47.21650877583821, 57.05852933058157, 58.596157689201, 56.3179553847019, 50.98556403879691, 44.27056571131792, 33.380644370395125, 32.8664914980603, 28.520513989155912, 28.698337791547893, 79.51652352796123, 71.40475247194375, 63.60985507850056, 61.79103616015373, 56.10402106776955, 53.26703756571686, 53.79111885715063, 64.8755873050789, 70.06583344877053, 74.1986541682754, 77.2346485765754, 77.99603189877428, 77.00557335549087, 69.01750713614395, 63.95710710396327, 59.718926243295314, 55.1936244408526, 61.467367346840625, 67.36352590608944, 71.48109755453949, 106.42559920764624, 104.87765029813883, 108.1278039865062, 109.11688108941047, 117.62797414298976, 120.55287115511234, 113.41806106506266, 102.40347934858136, 93.03825309478738, 89.15706570126859, 79.59826557319205, 68.08782505355936, 60.37758097495349, 54.66926313724409, 53.32288352456198], [52.00408722376919, 59.37652011132287, 66.84835749796345, 73.8897119313402, 66.53052586857171, 57.45751935510901, 50.143756774559584, 6.623044671418576, 6.290159625624852, 11.975995482030918, 18.179607318584992, 24.87588379263535, 16.61883479842221, 8.450051192980254, 0.0, 51.168779810486676, 60.11099123253764, 67.1247384443836, 74.24385457584435, 79.78330515211525, 78.42731628482827, 70.76295011884238, 64.78047524483371, 57.2193147570446, 48.241040696565925, 24.377284724610263, 25.888198156612866, 27.36829220479292, 31.174099171558844, 34.553032217097126, 30.963284840988464, 27.627306409487495, 23.983051264467623, 19.703904876954542, 18.046108253556664, 34.50304237854578, 34.85054341737506, 40.97584944609711, 50.436499299325305, 52.84950779039075, 51.78443156465009, 47.59380136661107, 41.68500527414793, 31.131161211045928, 28.269966319499797, 22.242664403167375, 22.203230796224698, 73.5302720135233, 66.00935597081599, 59.215533160760444, 58.161546081791094, 53.3876876488383, 51.59949562828994, 53.45489898484528, 63.42086870087156, 67.88273194514196, 71.16571639663957, 73.37324313693688, 73.2652523497148, 71.34648551021168, 64.41208327484726, 60.35823253761006, 57.21502071867786, 54.43472329879073, 58.99561208051409, 63.90046574327735, 67.00629092177103, 98.62869536560753, 96.8861933678168, 100.39659614445806, 101.91176032419256, 111.00629635578534, 114.91691799957512, 108.67558093395746, 100.0461445885868, 93.21394884167546, 90.64624934397116, 82.17260845260712, 71.29967591593586, 64.74538485702466, 59.354772066353036, 57.95286915528572], [19.537226261493135, 22.462606250996032, 31.816854040963193, 44.22132825132028, 36.47956879657946, 29.750887904825984, 27.285239298559556, 44.954237446646, 48.506404093797826, 55.32060127875694, 63.679233104579154, 73.68426387548091, 66.06358367688522, 58.298919769127195, 51.168779810486676, 0.0, 9.96065267795986, 18.973617448152208, 29.2030558638518, 38.465048847895524, 38.203795422870016, 26.531035654364207, 18.381559360436913, 11.980233552806931, 6.865392405844474, 41.59399338298267, 48.59362501774819, 54.700560488608616, 64.41413613618138, 72.67945686082412, 71.41616847334674, 64.35730828656719, 57.00022101422229, 50.07627046667123, 44.14908455531112, 19.144819124403632, 29.458067820493063, 41.69108414670293, 53.23793377867809, 61.93497070146587, 65.74356517205655, 68.62199671160903, 70.61317087954913, 65.36916845312425, 47.12214409154013, 38.45572420074793, 30.597201490245443, 78.86976994928271, 75.20279557475337, 74.04989180031056, 77.4324442819556, 78.0035952841487, 82.1764233613618, 90.61823794265868, 93.69132456875965, 94.02796318764878, 92.89347707063979, 90.45676368897594, 85.95142986027085, 79.3370971274349, 78.7996269737074, 80.40545745796281, 83.14904541760625, 89.79428309800932, 85.12968357667167, 84.5001399762849, 82.00086421587365, 62.06202550471286, 71.97044893896513, 85.30149400457256, 94.91011880650021, 109.17407780519898, 120.96886513355335, 120.88663494209929, 123.9378068418567, 130.58734795198174, 132.93692093212672, 127.59716362052299, 117.69465579570908, 111.92747374077969, 102.34317591218068, 92.0791404697197], [19.02313465980983, 18.503550545613106, 26.36562892741383, 38.844425804912895, 32.28241036958091, 27.999262329776585, 27.963587089365593, 53.720408551544594, 57.638087165789365, 64.70137460237738, 73.04931787681768, 82.71066115151524, 75.32416924273168, 67.51215149256265, 60.11099123253764, 9.96065267795986, 0.0, 9.347952558277722, 20.033152178616977, 29.882441023912154, 29.941308321213704, 17.92100094552199, 9.981408250062264, 7.745101262728849, 12.50808845241438, 51.3718360750473, 58.243672819479904, 64.18600151544, 73.6403745897232, 81.71668285196539, 80.66896815666011, 73.82801653432483, 66.62009650613363, 59.77945371020637, 53.8710463337061, 27.625787827701167, 36.181660248573586, 47.72478368265953, 56.91274087167003, 66.01734615788239, 70.9488323635477, 74.82012652355048, 77.39434148715233, 72.94678912731257, 55.280845489663676, 47.16017168202293, 40.12427881534063, 80.51122196901619, 78.21003240067627, 78.57250354669559, 82.54647480975727, 83.96897899361207, 88.64542938710856, 97.34650916481715, 99.59640203684533, 99.3371679547408, 97.47317586352287, 94.28272521592528, 88.99789280639028, 81.54445088784048, 82.64408561262569, 85.31789088542186, 88.90134165274657, 96.33425084991421, 90.76587264671257, 89.22931881223575, 85.7366982731522, 54.05446721064479, 65.88090607308483, 80.8990666000079, 92.0066670736623, 107.12048791823814, 120.34396247008155, 121.77818794201715, 127.67968744250862, 136.04096451264712, 139.0370196997617, 134.2573562363587, 124.66328396282131, 119.40899198154163, 109.91860533724419, 99.83572643406168], [20.832854545711612, 17.35878202815739, 22.159533660581623, 33.589563485720454, 29.141845200444774, 27.85601270344715, 29.768844310205072, 60.59104285395458, 64.8248860891301, 72.16069486131916, 80.45047782793867, 89.57799089392577, 82.58124986626592, 74.78341499797041, 67.1247384443836, 18.973617448152208, 9.347952558277722, 0.0, 10.8499659276354, 21.02740362180997, 21.58271364560615, 10.509941831451352, 6.43329160541569, 11.555992472014985, 19.958864249023012, 59.75486140259552, 66.46288990895148, 72.1240229392851, 81.11411045896972, 88.79739009319776, 87.9791000750879, 81.53632779991922, 74.59535638717351, 67.85420606398108, 61.96551001552048, 35.33114331447157, 42.77762205185862, 54.1098068397872, 60.72259045849374, 69.97833980233001, 76.02938769494983, 80.57647655830168, 83.23549477264926, 79.29456514879593, 62.7797548585611, 54.822622958710156, 48.20412197396386, 81.85713971917093, 81.01808798576009, 82.84547223706491, 87.22268341125482, 89.26757246922104, 94.11204187550643, 102.61129626685073, 104.44802785222988, 103.79723581661162, 101.37374495200602, 97.60700105887433, 91.64078088017423, 83.39654481358967, 86.10374635067824, 89.68177203973124, 93.8575359611782, 101.50817391053666, 95.56788702696011, 93.34333423897898, 89.02904519010477, 45.30098796630323, 58.59500662998929, 75.27931751288837, 87.86096286859846, 103.9063565059268, 118.44931459075897, 121.50609639082998, 130.36766405966304, 139.55834459798066, 142.8389914540217, 138.39899332727572, 128.98257845646944, 124.22322778518718, 114.88880876557879, 105.3941549829019], [25.051112099543328, 19.56833141995109, 19.275051242597748, 27.616100111162257, 26.614283351893793, 29.071394317292903, 32.72989998678954, 67.62848390308672, 72.27135812515418, 79.93030182893303, 88.10877188388672, 96.47640856923358, 89.92988565905908, 82.16670957472168, 74.24385457584435, 29.2030558638518, 20.033152178616977, 10.8499659276354, 0.0, 10.379230582929832, 11.737353413113407, 7.445599355609057, 12.950078485863978, 19.80537502976801, 28.88175434615706, 68.94657696382272, 75.50527036276716, 80.8461205228574, 89.25186496793266, 96.36153090711807, 95.71512998517525, 89.80894851191046, 83.20295476164226, 76.54252988993774, 70.6665799030025, 43.72415154497228, 49.860239906665875, 60.88214082797192, 64.43366513729265, 73.6405834776035, 80.91202282564807, 86.1041343521864, 88.70809335780123, 85.35695286848684, 70.48041638572455, 62.76331838269657, 56.79428732076349, 82.31414116542476, 83.20244085144908, 86.68557808161634, 91.43034579126132, 94.11844155804457, 99.03598715107161, 107.14110930640294, 108.55464587177029, 107.50049278038004, 104.4878567802946, 100.13513325172974, 93.46001089418355, 84.39744425899822, 88.92392403643902, 93.467907035894, 98.23165143380086, 105.95225803005945, 99.73632332333057, 96.78654074069769, 91.60864380139644, 35.20770640615024, 49.18665762232559, 67.5038703872284, 81.63293029442326, 98.64163951016243, 114.56468902529326, 119.49093413127164, 131.77508913449495, 141.70966702514258, 145.31404351072655, 141.3670098758219, 132.32921818261906, 128.34533188251217, 119.58384948169368, 111.34039520868411], [30.126979135545902, 24.174639351299593, 19.57361723358115, 22.669601834473184, 25.81759637372072, 31.38045457699015, 36.026733943144635, 73.18187451268487, 78.21676097423341, 86.15361048567888, 94.16658545495692, 101.68808792546949, 95.58463775826615, 87.89673673412734, 79.78330515211525, 38.465048847895524, 29.882441023912154, 21.02740362180997, 10.379230582929832, 0.0, 4.351776491634308, 14.053827266766728, 21.791952571698825, 28.20100439479459, 37.077181078820246, 76.79457766645619, 83.21623651777382, 88.2453126613705, 96.05160305615321, 102.52187940432508, 101.96368441849953, 96.63019539413041, 90.37518558946385, 83.78862834443048, 77.94150381019531, 50.97363254697093, 55.83881407117621, 66.49734656758073, 67.13879022117113, 76.08819691431425, 84.41389962654765, 90.0690083392765, 92.47094006356105, 89.67275797358695, 76.6393858036459, 69.21106299477933, 63.98663943145954, 81.62549117797819, 84.14359842284863, 89.11581826724876, 94.10050958401997, 97.3058393471084, 102.16507850404025, 109.7304882651782, 110.81384570412276, 109.43985667828903, 105.94476708540722, 101.13561621160135, 93.8881908257105, 84.16701232596269, 90.33244813556918, 95.68734337196103, 100.89433814569463, 108.4849230039122, 102.18019531856213, 98.63331861088993, 92.74706584850311, 26.69503381713424, 39.411015350904854, 58.94684257015832, 74.37134001528588, 92.19277769009871, 109.24782848309603, 115.89751236127871, 131.33957403771038, 141.7095212963728, 145.58817611543074, 142.18154474299436, 133.65354806013804, 130.57135275316153, 122.69507236490563, 116.10695671839179], [28.00190510489136, 21.697849040845263, 15.893549695342571, 18.6138158103668, 21.768334900958916, 27.971319048931623, 33.08235373824194, 71.8396152409799, 77.17883107712602, 85.29188482813748, 93.33696376587106, 100.71306695457645, 94.44325877091421, 86.64667680323102, 78.42731628482827, 38.203795422870016, 29.941308321213704, 21.58271364560615, 11.737353413113407, 4.351776491634308, 0.0, 12.90992904979578, 21.03710266429676, 27.230022655084092, 36.14991340706899, 76.41250973736808, 82.97619231716463, 88.09879472569094, 95.97210489472032, 102.36980907648862, 101.60805049209137, 96.29373991338151, 89.98361532739838, 83.25602604007074, 77.31827631004924, 49.51741712682626, 53.49704786938715, 63.66854642230745, 63.51530769529953, 72.41136771163049, 80.92643728697747, 86.7966301155288, 89.38761771423255, 86.96757901769496, 74.31073283754233, 67.29137892920727, 62.80562156544302, 77.47959521205942, 80.1546938595169, 85.39218307457708, 90.47650326933459, 93.89184117369706, 98.89812650720177, 106.62874892117344, 107.335740558756, 105.78479885702163, 102.1300790090484, 97.18852410754428, 89.85106161621194, 80.07825774635333, 86.45652307505897, 92.00613825904074, 97.40356060800342, 105.29672253474583, 98.65473126000575, 94.8933657255655, 88.83667468802147, 29.298244918741087, 38.4516724961943, 56.413859056383, 71.19963382538377, 88.64481845331706, 105.5062918740089, 111.92555325522959, 127.36753598314765, 138.4313079049544, 142.79059459266745, 139.89484959701255, 131.89636652246722, 129.32335729025957, 122.26321882348151, 116.53816112105812], [19.782582756309903, 13.378427868450421, 13.564929578815697, 24.037749200328097, 20.739544296727182, 22.55625285778039, 26.74215040606409, 64.16199006455359, 69.26149457304847, 77.16768210236309, 85.4591539514178, 93.8174977693041, 86.82581875755628, 78.8306755532438, 70.76295011884238, 26.531035654364207, 17.92100094552199, 10.509941831451352, 7.445599355609057, 14.053827266766728, 12.90992904979578, 0.0, 8.40555263750784, 15.454419865321764, 25.046491249612785, 66.57687423192466, 73.45263410931408, 79.065302730633, 87.76921354620134, 94.92594099779336, 93.88163436397066, 87.84256253798175, 81.0282901538642, 74.07773145167351, 68.01691615333928, 39.2815608886832, 44.11440229207008, 54.36500020610864, 57.56026348150853, 66.80000931709941, 74.04995410751178, 79.51029015448182, 82.57046448927782, 79.74024704718342, 64.85190555725065, 57.81210441102324, 53.03970510567773, 75.76605058350985, 76.34916878437248, 79.78941921026033, 84.65013027572601, 87.56236636310422, 92.79478686380264, 101.40791725818492, 102.22832809731426, 100.94774976732158, 97.79655181003606, 93.34805113127443, 86.70407080990448, 77.78891424673628, 82.12036556045287, 86.74829867349032, 91.72647640836485, 100.07586228998122, 93.24533968028585, 90.09380679112627, 84.84004657330087, 40.5871377867458, 50.462080720416964, 66.14413836370777, 78.82801376989539, 94.88303168578514, 110.09917373416692, 114.11561843410249, 125.41619195983219, 136.47438779921828, 140.84958823463995, 137.6472708491593, 129.39624946161058, 126.05193538720665, 118.47973264320977, 111.31461119444194], [16.05021554761546, 11.804928844706517, 17.418466340925942, 29.749680841366906, 23.865268917892585, 21.969375255580776, 24.319500144263593, 58.23409340310802, 63.02274442304093, 70.69117370648762, 79.06304729493436, 87.98137796155373, 80.66914663375157, 72.65204238358747, 64.78047524483371, 18.381559360436913, 9.981408250062264, 6.43329160541569, 12.950078485863978, 21.791952571698825, 21.03710266429676, 8.40555263750784, 0.0, 7.790869678916403, 17.468656752495225, 59.10311030424284, 66.08784735645044, 71.92305428606961, 81.03101116060976, 88.58743293433906, 87.4198885148037, 81.00264981002344, 73.95475226519206, 66.94552231316695, 60.87266096702722, 32.24368875056402, 38.19739586445454, 48.904797545762996, 54.71920424550798, 64.00539509426227, 70.25515819314458, 75.13365413737934, 78.14770273895351, 74.76089436370711, 58.56889459929492, 51.2489344117292, 45.940271158835856, 75.70086605621847, 74.84182157487244, 76.8762886051507, 81.4024493317883, 83.73460699531914, 88.84657524731588, 97.69444080663412, 98.96945950382351, 98.0714494037398, 95.44614908582554, 91.52212558348496, 85.48330813436425, 77.25056525587331, 80.04636184673993, 83.83620502467676, 88.27999859873377, 96.45475944910048, 89.96560134431405, 87.46369643495582, 82.9629738433521, 47.65027753235015, 57.659314809723405, 72.35998437122927, 83.89198172489144, 99.24067375489264, 113.32813798551508, 115.88046292626588, 124.4257792759173, 134.62450856564624, 138.618454215293, 134.928684901856, 126.30109184334084, 122.30249054418096, 114.23460428479503, 106.1319161133707], [11.555776401465808, 11.282590703778764, 20.127005114623213, 32.77101408371151, 25.334685058976063, 20.321221829479004, 20.33938892397601, 50.71027506676084, 55.45630895461869, 63.10338831324265, 71.50291769731957, 80.55223923405163, 73.07557058264821, 65.0321842577976, 57.2193147570446, 11.980233552806931, 7.745101262728849, 11.555992472014985, 19.80537502976801, 28.20100439479459, 27.230022655084092, 15.454419865321764, 7.790869678916403, 0.0, 9.73808088388744, 51.64431808176426, 58.71491910750001, 64.61902829948829, 73.82152755111065, 81.41477500359996, 80.07678956107443, 73.58855076170542, 66.47835009243298, 59.38638994868042, 53.26922490618385, 24.50053818475933, 31.228546573437033, 42.76495937833741, 50.13583509465564, 59.30885420647464, 64.92006902111602, 69.1812457508867, 71.786488291984, 67.8743905204807, 51.3599062491618, 43.676021073242296, 38.15338561688748, 72.9984023601861, 71.09136149208233, 72.06384514296677, 76.21310097301819, 77.97606663108496, 82.76187951074948, 91.45242660875152, 93.31665616232254, 92.8400142510801, 90.72155514416187, 87.32454456396927, 81.80920580015449, 74.11865845147364, 75.72690541844521, 78.79024585729655, 82.67965067052523, 90.33380522842059, 84.45045931484594, 82.5705130193204, 78.7480518577525, 53.37469140752546, 61.622295221142856, 74.81551698061119, 85.05445225822847, 99.75410978219729, 112.69942997846428, 114.03652184026323, 120.4469280309187, 129.38218496929352, 132.93610112729863, 128.87616226881684, 120.06397562321582, 115.79047638570452, 107.79666852334749, 99.81430838976884], [13.466291363702407, 17.75853167701466, 27.428407395631467, 39.488484150065354, 31.239537212955522, 23.70501606868255, 20.590389247560815, 41.834018947112725, 46.272581945215556, 53.73578321430861, 62.16381288558324, 71.54888837945511, 63.864840518759685, 55.84721538378143, 48.241040696565925, 6.865392405844474, 12.50808845241438, 19.958864249023012, 28.88175434615706, 37.077181078820246, 36.14991340706899, 25.046491249612785, 17.468656752495225, 9.73808088388744, 0.0, 42.05645622446006, 49.21388434364924, 55.22163646217708, 64.60507310559952, 72.34678840148916, 70.82808642563363, 64.16409350870916, 56.944615272459174, 49.782555065207816, 43.639454593652744, 15.401797494554849, 24.3913776878153, 37.13429001776276, 47.15996917042264, 55.931365740308635, 60.36655228943529, 63.546316331939884, 65.46260963719641, 60.60939883188584, 43.4393044423716, 34.99029264021781, 28.56063651545674, 72.30584079325227, 68.94109169978066, 68.27826346261669, 71.78966847022195, 72.6161544779555, 76.83641397934673, 85.20820778638699, 88.03978249181243, 88.22958337473472, 86.90511035641342, 84.32266439118276, 79.63163561850132, 72.81714235504165, 72.6727797939896, 74.58192621921671, 77.55498454625419, 84.30519656234132, 79.45345919963297, 78.56818134198188, 75.81629448540349, 61.14506451743582, 68.1953333538575, 79.97847709243014, 88.80500101691577, 102.7094714321952, 114.21876689887118, 114.05090935570128, 117.54454178907349, 124.5227758261659, 127.29424294846345, 122.53545415571234, 113.27739180493181, 108.38208982749092, 100.14025023442949, 91.87070094469023], [51.53894068550782, 58.22265397686636, 67.41006181361763, 77.46042665517261, 69.43677761950943, 60.199859177483106, 53.6445841770209, 23.047736362121228, 19.16752059833118, 19.713436374594103, 26.43672840682273, 38.418429560279904, 31.077432503445102, 26.02490950628774, 24.377284724610263, 41.59399338298267, 51.3718360750473, 59.75486140259552, 68.94657696382272, 76.79457766645619, 76.41250973736808, 66.57687423192466, 59.10311030424284, 51.64431808176426, 42.05645622446006, 0.0, 7.556762854602293, 14.366363946481309, 25.204961047554924, 34.422602837654814, 32.32509210256223, 24.034823529684797, 16.095178602040395, 9.750483439474372, 6.506405512171296, 31.247859655143436, 38.25625480763507, 46.592962118581106, 62.305827613757764, 66.9446224675172, 65.41047123220056, 62.42857266279518, 59.691952202431075, 50.04792309806442, 36.34835686352226, 27.863744863810428, 18.553580262385317, 89.56137015209902, 81.74379341450002, 74.76800563042299, 7