{
	"dissimilarities": [[0.0, 6.60243742299183, 14.850865766487622, 24.350356876160433, 17.64726949105068, 11.329912417947103, 7.458050794046189, 42.9867750510236, 49.085145691776745, 57.557189052878634, 65.63514764704308, 73.20746039052838, 66.01279190226184, 58.06882832582707, 49.63748030775182, 25.414363821970458, 24.513643082085554, 25.687578591743755, 29.343666882513528, 32.36870421954815, 28.045039517093276, 23.749793796193977, 19.941725972996547, 17.141888097275253, 20.2491424439431, 52.043359680631, 59.281092759716, 66.41584237045312, 74.78096590646163, 81.14143670710693, 78.75520725668002, 72.99994025360287, 66.29902278736886, 58.89905993303913, 53.01411263647884, 19.552133902247782, 24.599900003308083, 34.698664640241255, 37.787744997990345, 46.76760629363651, 54.77312200427818, 57.8776661352986, 58.65822897775202, 55.772319076026456, 43.01524996815341, 36.08717108683119, 34.108747944929405, 67.6441322869042, 58.48528221976529, 61.69591378371751, 64.99455905670767, 66.78155697279779, 71.5011876637936, 84.8146543684535, 86.71627517507316, 85.4937883257842, 82.61086836957027, 80.41886744338724, 75.91013737589459, 67.76155666089815, 62.88551617169247, 67.76447568553705, 73.76589543207906, 82.26194468470642, 79.1932210080718, 73.99828944571559, 71.59324244624652, 53.25251987805384, 49.26303405461776, 53.4133160223939, 61.08179591477462, 81.26625423794057, 94.61879130642497, 98.25426404404465, 109.11289225872233, 113.61638384603154, 120.60207632005888, 112.80081481099585, 103.32967850910414, 101.22087172079172, 95.2341778256921, 96.20087904318564], [6.60243742299183, 0.0, 8.892960142210523, 20.119624900912562, 14.644231472703066, 11.550447346970548, 11.985626858075213, 49.37408453579577, 55.29528638945072, 63.63199915805295, 71.80601090278185, 79.56848526906911, 72.42350484277549, 64.47162257053425, 56.05978283852125, 26.493411806873382, 22.766218963351598, 22.026098445461717, 24.378883997789192, 26.734353490326654, 22.100031083816063, 18.34412127782187, 15.812787943457852, 15.601019315776774, 21.829744935055036, 56.95093746912971, 64.24735735756298, 71.45962941352725, 80.0874582964788, 86.76057951669868, 84.56842565554513, 78.58342327117742, 71.72302051685037, 64.3242286573057, 58.34938612189736, 24.144050816275552, 29.44803174275398, 38.64813500540788, 41.239983083977265, 50.44042795235228, 58.68798878929511, 62.53589234473687, 64.00015465594026, 61.63894681536953, 48.47797147085477, 41.9214812113747, 39.60630567609815, 70.04472360121197, 61.43430811852053, 65.57708941261659, 69.26838243509624, 71.60738214557053, 76.70718740765177, 90.42264473219159, 91.663300938514, 89.91780944934732, 86.59055597108384, 83.90185510784546, 78.82140938189833, 70.5288795479391, 66.40737914496988, 72.03239389289988, 78.89110746884754, 87.73545795048116, 84.14587435022513, 78.27015440912679, 75.04427485142848, 48.609064632670616, 45.540089992249975, 51.34236733585691, 60.36716679503846, 81.4276993934185, 95.85417402450784, 100.45048276982821, 112.970014403528, 118.89835175495264, 126.3768547878655, 118.98222458258377, 109.67801422325161, 107.64857563772425, 101.3665185915243, 101.65952282338922], [14.850865766487622, 8.892960142210523, 0.0, 12.495036382874277, 10.533996016334637, 13.693679747722523, 17.860383617943622, 57.8080349602502, 63.893548510425454, 72.30866847727367, 80.37333138561914, 87.83080359472639, 80.80829941690862, 72.88089384761658, 64.44220613952834, 33.785486747456204, 27.718119709533344, 24.336495082319185, 23.43613480628004, 22.88080150365511, 17.55374153170945, 17.291030331890866, 18.368528783545756, 21.58452280926518, 29.6227414422152, 65.74272373477757, 72.9877218725329, 80.10010455011444, 88.58506033653093, 95.05770384190032, 92.95595639673326, 87.18545539881613, 80.44541660265453, 73.12486528450879, 67.18372245803002, 32.87002547568446, 37.11297566592152, 44.751650750314035, 45.13906005110853, 54.24559650921837, 63.33885137641331, 67.98367650024483, 69.93908103335016, 68.42509508854968, 56.0832209936391, 50.22758279430645, 48.465540786452465, 70.11449794351365, 63.181899901396164, 69.10177421121172, 73.34600027061366, 76.4835916196923, 81.86846105224231, 95.47134259573244, 95.81341042938426, 93.3399301899701, 89.35347283456603, 85.88989534589248, 79.76552368995073, 71.09710095049005, 68.92609872071311, 75.75139582738997, 83.62758660369857, 92.55724482128542, 88.23655854622687, 81.45270150736353, 76.80439642377502, 43.012970560814146, 38.63932597786037, 45.1277484208457, 55.543517025424634, 77.49422971234911, 93.43116963517603, 99.58453943649135, 115.09564983117878, 122.7779958105206, 130.9118078146418, 124.4766163303881, 115.77694823760582, 114.45097812246944, 108.66322943530895, 109.34567927738924], [24.350356876160433, 20.119624900912562, 12.495036382874277, 0.0, 11.23797234204453, 19.079643370702655, 24.49792417597313, 65.41354600195639, 71.96462486949443, 80.64085199883846, 88.22840314269858, 94.62183925965783, 87.96222034103481, 80.24077293277752, 71.8215980061594, 46.026389073846865, 39.75304954319581, 35.3950548283006, 32.13968115061807, 28.147017176533748, 23.155274095929524, 26.9394742614548, 29.97473851724156, 33.886492680960366, 41.748804350524736, 76.08768437769187, 83.09822926511772, 89.81811934371329, 97.49636229061636, 102.94934145295956, 100.77316685151415, 95.91725627001583, 89.75940087184483, 82.66917129719195, 76.9756655026315, 43.57854949727369, 46.02877430454123, 52.075160608484836, 48.72143206315046, 57.08226723279278, 67.56255591429218, 72.52921046693449, 74.2400961346298, 73.61781855889598, 63.841472684608874, 58.766564847750054, 58.32153815802679, 65.97386858190283, 62.37185846858486, 70.69502496019781, 75.41783739627677, 79.28694331532562, 84.49648565164718, 96.77503979857518, 96.3902450962001, 93.28639380338583, 88.65155981583622, 84.33886269320065, 76.79103177505922, 67.43278847242183, 68.7734620150393, 76.92974980382954, 85.37177011153393, 93.62594355456922, 88.69568211719138, 81.2021224790648, 74.74379367493543, 39.95475794342606, 28.974822581455427, 32.86403421369667, 44.395606883565954, 67.14804702553006, 85.00425864290949, 93.2533769983879, 112.90043887459235, 121.6321170301476, 130.11059360744693, 125.10488639108523, 117.45726204995897, 117.5424659654722, 113.30904260370518, 115.97811321103383], [17.64726949105068, 14.644231472703066, 10.533996016334637, 11.23797234204453, 0.0, 8.923247386693705, 15.952525928209392, 57.86318764018039, 64.63977785983431, 73.43068952861061, 81.2371247833802, 87.96451515489512, 80.44442884163885, 72.34042197465007, 63.98950811629833, 40.46830220808262, 36.44320460712495, 34.23781523529917, 33.89667740528385, 32.80864637950487, 27.39248112057561, 27.684592592907734, 28.015129046313977, 29.515212727473862, 35.545429916813866, 69.26426405724112, 76.60111012882278, 83.79106053849148, 91.92302623810949, 97.70658685685274, 95.08582936569996, 89.84441142810276, 83.33318806630515, 75.86409301631845, 70.0025071905995, 35.31978058351466, 35.858364508667556, 40.9882247802442, 37.9977197281238, 46.660983102168096, 56.7325946444083, 61.85097117521149, 64.07408631692589, 63.76248418939523, 53.51747523683162, 49.30356916848869, 50.17073986613949, 59.85291360947433, 53.71466459443407, 60.87664804643815, 65.50389052845253, 69.31048967723424, 74.87363153546653, 88.40670203374363, 87.7297988853232, 84.66261935134304, 80.24048109467725, 76.3388561535726, 69.74557443500532, 61.002623699889476, 59.843101068876756, 67.48393306856948, 76.16696289768397, 85.253230299214, 80.17127293246389, 72.67009250709424, 67.17159864797024, 49.830467094911306, 39.997039767749975, 39.95367402057084, 47.531094181749914, 68.4806059620433, 83.38273608757183, 89.25581422812863, 105.52405033523968, 114.79972652268613, 124.21402388880604, 119.24392667051136, 111.9704370319459, 112.24541794456667, 108.87368208564006, 112.12737148450435], [11.329912417947103, 11.550447346970548, 13.693679747722523, 19.079643370702655, 8.923247386693705, 0.0, 7.636436435434326, 49.26403297441192, 56.07095415684042, 64.87197439524722, 72.73717572258428, 79.63917855082403, 71.84780945618286, 63.64309978048178, 55.31703348773803, 34.95965541845595, 33.33194935693838, 33.20525493188818, 35.170267022939946, 36.19089085369027, 31.009444047434894, 28.87282083391434, 26.884591747341915, 25.84251550184252, 29.61424079351341, 61.1553029258489, 68.53036862001964, 75.81515408015838, 84.00563867157308, 89.85817149523344, 87.04543613366589, 81.6878748576681, 75.10875529742492, 67.5455696607137, 61.68771738539556, 27.26511472909973, 27.23055592319755, 33.31701822985522, 32.00775806594982, 40.96993827482191, 50.418304283377694, 54.82849352159947, 56.62966754776808, 55.66174663843887, 44.863818407829996, 40.39078138025172, 41.586248034901125, 58.572428260030556, 50.38641952993018, 55.685711633117094, 59.80138218209988, 62.872917927539, 68.23534376105326, 82.06198308028912, 82.18064540435579, 79.804024100785, 76.03134209181947, 72.93305066500537, 67.47640733838035, 59.151382649455336, 55.71808102022576, 62.16728752566177, 69.95308385207565, 79.09321175369787, 74.64332151804705, 67.97985587814176, 63.98143454130814, 55.32880261826137, 46.88670933472979, 46.47940578160845, 52.38876820415094, 72.08948792229464, 85.10792401167627, 89.1476248550277, 102.11500425758445, 109.7755301678802, 118.74113937295269, 112.96169829690147, 105.26807795708207, 105.07868580742009, 101.62123915738493, 104.9168690677833], [7.458050794046189, 11.985626858075213, 17.860383617943622, 24.49792417597313, 15.952525928209392, 7.636436435434326, 0.0, 41.93324724610419, 48.689665973796025, 57.49435214588241, 65.3029310414902, 72.20575104968347, 64.62011160944742, 56.52921061538551, 48.14191514523918, 31.282139160518767, 31.567151988524934, 32.88822276680832, 36.16481863831392, 38.34855555390856, 33.621114819442646, 30.276387710213594, 26.944771125799416, 24.079733523405647, 25.814772551047646, 54.2933985304873, 61.50514007307387, 68.60467601920735, 76.55520745824835, 82.2539778930612, 79.44259959734407, 74.2054376856323, 67.77816640472118, 60.32384130084308, 54.58206498116352, 21.685398905578612, 22.65388205928719, 30.953010682249666, 31.616594195801245, 40.394655490230136, 49.168253036390816, 52.38879724401138, 53.12433464065583, 50.963867763247265, 39.94806397637596, 34.313813533289334, 34.910113961483326, 60.27031776597932, 51.31805495113923, 55.01153913248968, 58.46657440913208, 60.552933483263566, 65.31436509856577, 78.53896878376571, 79.9527503532212, 78.48910321299381, 75.44637656848586, 73.1295683474432, 68.5088672417803, 60.33149585835921, 55.7644478205264, 60.96037290975191, 67.28071910710355, 75.83453371884364, 72.37467344193007, 66.88203251157776, 64.19999792926461, 57.61660605802481, 50.36822545051261, 50.75734526282816, 56.36141051278791, 75.50666578991782, 87.82594534597688, 90.9559638829422, 101.7939805362295, 106.93396133205589, 114.68246725838068, 107.79111691114781, 99.28108537844165, 98.34916977175688, 94.24987452541887, 97.3308296955817], [42.9867750510236, 49.37408453579577, 57.8080349602502, 65.41354600195639, 57.86318764018039, 49.26403297441192, 41.93324724610419, 0.0, 7.621079646783256, 16.50888128065403, 23.696211157541622, 31.13032399185582, 23.05845733198496, 15.354596157006736, 7.1178645014235125, 42.708518334254, 52.1287630663361, 58.64005149260404, 65.7316248284202, 71.3074159677401, 68.42963460588244, 62.26311675859641, 55.98490728084088, 48.65839767017609, 40.58531396901657, 25.126031465491028, 29.24776329113454, 34.32743477650942, 39.87008724788934, 44.14327859327225, 40.083469315704875, 35.63251459395549, 30.617258079842305, 24.34329784851463, 21.162238177933848, 30.354086518293546, 30.396705272564493, 38.25477769342624, 46.51665923536531, 49.907653794449004, 51.095684568388464, 46.80968612060656, 41.48232281007269, 32.22543302823033, 25.65885061066756, 17.654488262912697, 17.02920312486832, 76.78987469044436, 64.63396058224728, 58.82224442228784, 57.77872824423004, 53.79323737561689, 54.185678091985054, 62.84845024226088, 71.09273001167116, 74.83176311109985, 76.3035284597041, 78.61988889020856, 79.65299323638041, 74.53384424454812, 63.70956095929668, 60.806325465830795, 57.789870089322314, 62.27317125303848, 65.01748976159855, 66.93206134190143, 72.23056261199618, 89.87465608406677, 86.18948891817583, 86.33884707436485, 88.32449704834863, 102.22939275225164, 108.19726043665521, 105.09187248061708, 101.37769278428802, 93.74567638347966, 95.41420329404346, 82.55408421719561, 70.23599163155907, 64.70127291391135, 58.381581070379966, 61.67516592372448], [49.085145691776745, 55.29528638945072, 63.893548510425454, 71.96462486949443, 64.63977785983431, 56.07095415684042, 48.689665973796025, 7.621079646783256, 0.0, 8.993880951867052, 16.807095955704366, 25.694349007751725, 18.200292734276584, 11.859457690874907, 7.323526501740743, 45.61012149458381, 55.56282679063956, 62.46403252833779, 69.87206773977427, 75.90061716139866, 73.40055359088457, 66.90504529984521, 60.44406526828117, 52.962819226483006, 44.33032360224731, 20.59095534366079, 23.154766593631017, 27.425671471780994, 32.613915537851355, 37.2270121802737, 33.11724750708111, 28.171462428883682, 23.236276222680107, 17.484753767003326, 15.60631111482111, 35.194905019712465, 36.34733880767812, 44.115057081006796, 53.39647908926776, 56.48819031359976, 56.64035419883118, 51.78031871553239, 46.21469612316252, 36.4685617835757, 30.238351895745655, 22.80473324057429, 20.002005909693832, 83.89344271563665, 71.49283997951302, 64.83377460632458, 63.33123696618578, 58.72172935817518, 58.57486882504437, 66.36123024776393, 75.46519995906608, 79.84107285595489, 81.85775338322559, 84.66393971445231, 86.28083606027992, 81.51481916917439, 70.17321763934144, 66.47314626412204, 62.416450966770014, 66.20356494554542, 69.83474659681768, 72.63636305414674, 78.70638393219349, 94.50390529175012, 92.17318469104686, 93.3434473928546, 95.6912243473847, 109.57377095790392, 115.32816829923581, 111.8062663141629, 106.45498975100315, 97.02357082537735, 97.35441352072434, 83.20481863238165, 69.85568132559774, 62.5827019553349, 54.28179241335147, 55.685316569073876], [57.557189052878634, 63.63199915805295, 72.30866847727367, 80.64085199883846, 73.43068952861061, 64.87197439524722, 57.49435214588241, 16.50888128065403, 8.993880951867052, 0.0, 8.901280094297057, 19.723150945298702, 13.661502917866176, 11.492665734173992, 13.418720821177182, 51.713615343010865, 62.01929181359904, 69.2026454327861, 76.83652891182136, 83.20647307373108, 81.01196414632987, 74.2845330443945, 67.7083102299036, 60.14937676750917, 51.14146385704591, 19.904176237005636, 19.343209347799192, 21.497308443226956, 25.27875628910997, 29.821216567698663, 25.404061077463556, 20.126074063307875, 16.041812269459957, 12.478645979290059, 14.097328435448112, 42.86173391866898, 44.346202357875434, 51.50876180412378, 61.37039436763485, 63.902564856485355, 62.922506261021056, 57.34483560921631, 51.42186725839027, 41.38495711799553, 36.453674754094656, 30.23232696840521, 26.89174760557197, 91.55404035401865, 78.95605370393119, 71.29654741614358, 69.22322234610363, 63.89224058331192, 63.03348973171716, 69.58321434355521, 79.62528291086007, 84.76092590596177, 87.45397906015774, 90.87676355236012, 93.25206303906039, 88.99140650128531, 77.0834729299967, 72.39993831581525, 67.05580121645329, 69.92145700305203, 74.58098535082836, 78.47293028628059, 85.49426781792513, 101.70280242507229, 100.34808325768812, 102.05189149576323, 104.39453067633518, 117.89504414594222, 123.04105771415385, 118.81885956397156, 111.27874211945044, 99.69056835795037, 98.53076651111841, 83.0654554499569, 68.82430286087117, 59.75851602258715, 49.718274925988155, 49.386909994401194], [65.63514764704308, 71.80601090278185, 80.37333138561914, 88.22840314269858, 81.2371247833802, 72.73717572258428, 65.3029310414902, 23.696211157541622, 16.807095955704366, 8.901280094297057, 0.0, 11.540157478469434, 9.425918280454749, 13.671775712373504, 19.161561569042984, 60.40370882637117, 70.56135861199022, 77.61728864418991, 85.06455070171538, 91.24747332829482, 89.11051430848227, 82.59783982191114, 76.16395209606412, 68.73212234598665, 59.8851366039535, 27.02901724306611, 24.20065114793065, 23.1582561351132, 22.646889030617604, 24.0482414910556, 18.807368115747984, 16.543950385424004, 16.694443356556366, 17.47716413286026, 21.381146009060437, 51.596312058033085, 52.629530776673185, 59.07456999896302, 68.10576766914045, 69.84997806563392, 68.43784470651053, 62.03113047467043, 55.170893315543815, 44.995047263783135, 43.21473749138406, 38.1346947354532, 35.73680583305487, 95.98748541452156, 84.01408916367191, 75.81869845556261, 73.19433927494, 67.17592024409926, 65.2377874056917, 69.38747659769002, 80.6716032496001, 86.69311742402601, 90.09003676278967, 94.10579662834154, 97.05675921327406, 93.17149181947383, 81.52403888054553, 75.98882346435391, 69.00841929775837, 70.23392403107273, 76.1195098522959, 81.31678436079316, 89.11103234836963, 108.68371454077118, 106.96752276627666, 108.15042313566082, 109.88745054829938, 122.40071398754078, 126.7097645198312, 121.84285731803372, 112.57866123290223, 98.0155664937835, 94.90738250038368, 78.21916893899568, 63.17476020264578, 52.7753288096243, 42.20318146446247, 43.04486108633161], [73.20746039052838, 79.56848526906911, 87.83080359472639, 94.62183925965783, 87.96451515489512, 79.63917855082403, 72.20575104968347, 31.13032399185582, 25.694349007751725, 19.723150945298702, 11.540157478469434, 0.0, 11.196326368176887, 19.356171098347833, 25.877978458356033, 70.53730400796441, 80.2503328902004, 86.90309446402972, 93.87271473753991, 99.47052592750315, 97.19640406968539, 91.23412771809191, 85.13146065729904, 77.97217309137781, 69.63216588508935, 38.37417476282831, 35.089568904270266, 32.43834418209786, 28.039193994484258, 23.96076834267236, 18.41218646747067, 22.33823315491449, 26.185305093287134, 28.648134294362162, 32.73741190238069, 60.81410078435203, 60.94094963263681, 66.56669279225177, 73.72005037989271, 74.50280334221989, 73.22630130509033, 66.02256385704464, 57.90558449600647, 47.92430250103004, 50.401072546009864, 46.4100308654894, 45.57998031968574, 97.43828455537701, 86.88707623258485, 78.63083704059882, 75.51263412507954, 68.92194552160095, 65.62382993351862, 66.2020145954524, 78.94980861800289, 85.92736403099887, 90.02289662410513, 94.57539464625303, 97.91722672111818, 94.33352470907964, 83.75642702883671, 77.54704961150463, 68.70826349739913, 67.57691173379176, 74.84727359981567, 81.50669719005782, 89.8483597034266, 115.14037708219445, 111.96605047960638, 111.73326479819379, 112.3366242606473, 123.24669725203358, 126.47597545129781, 121.0330022299397, 110.53064149396978, 92.23523155696674, 86.6526231943485, 68.75710756007526, 52.86012251144252, 41.481928992938045, 32.143842292627696, 38.69953051722934], [66.01279190226184, 72.42350484277549, 80.80829941690862, 87.96222034103481, 80.44442884163885, 71.84780945618286, 64.62011160944742, 23.05845733198496, 18.200292734276584, 13.661502917866176, 9.425918280454749, 11.196326368176887, 0.0, 8.816544775701024, 16.669605417966135, 63.60281982437339, 73.7354718629725, 80.65268254923576, 87.97709671115484, 93.77996359957642, 91.1559742658843, 84.89631512243976, 78.51071250558373, 71.03537827870709, 62.33960281233182, 33.28922510753415, 31.984339958086583, 32.174421718758694, 31.89169740247532, 31.76757600045611, 26.151072334953017, 25.662242067210418, 25.69659671945127, 25.03433411693864, 27.53292927175919, 52.59951423425563, 51.36838688415451, 56.071744510607346, 63.70378981771114, 64.36805598545337, 62.552059485993134, 55.46356423473331, 47.84288250658823, 37.74791037676461, 39.50665834244501, 36.37883471550623, 37.168278917586676, 89.40161262947034, 77.62265301636879, 68.84833587492354, 65.8042714687468, 59.365290811406645, 56.800891477056624, 60.15179414721439, 71.68852671694506, 78.03924486593866, 81.79395958873843, 86.18735744905042, 89.69621323184218, 86.37169034569719, 74.53307414085592, 68.31019605883193, 60.426684302803395, 61.12721769466304, 67.38804094422972, 73.22000510862328, 81.64201159308435, 111.26185941886708, 107.44260313740342, 106.34235162892298, 106.49387644614463, 117.53825661402665, 120.27859241751852, 114.40577221205326, 103.6704690123463, 88.85382016694177, 86.48643555720001, 70.55760773908982, 56.723777859983315, 48.35303061063523, 42.68137532585601, 48.94988972237194], [58.06882832582707, 64.47162257053425, 72.88089384761658, 80.24077293277752, 72.34042197465007, 63.64309978048178, 56.52921061538551, 15.354596157006736, 11.859457690874907, 11.492665734173992, 13.671775712373504, 19.356171098347833, 8.816544775701024, 0.0, 8.457827306601324, 56.25874222997755, 66.40613664772515, 73.3315188387018, 80.73472677545637, 86.55045205308747, 83.72116933607265, 77.37959338256424, 70.91589330025596, 63.35716988852496, 54.65528404997878, 29.375886126848002, 30.212326537989803, 32.76457626709514, 35.39181392526997, 37.528251653340824, 32.2927000972487, 29.560316361624157, 26.929278530307737, 23.482070710205203, 23.883059563740424, 44.385224756037246, 42.59508447664885, 47.364690662149286, 55.37482815978586, 56.52279771081811, 55.07263286492122, 48.58012499027792, 41.61660065993816, 31.42920406563758, 31.068538345030348, 27.593067068716625, 29.259524564308474, 83.00137957202165, 70.55797591769641, 62.14710490058711, 59.568551872821246, 53.71954063932436, 52.19291900015183, 58.14677695508837, 68.36208562771483, 73.82236791419406, 76.89615236849819, 80.74996880377184, 83.77939638877639, 80.16613083935407, 67.94334308319243, 62.428372133602366, 56.0885030642255, 58.55394014227752, 63.52013015448835, 68.07545945080243, 75.8508299823254, 104.9615088413225, 100.8597398010604, 99.60085908071161, 99.9099039087051, 111.5900684274917, 114.81553772389638, 109.37357605129435, 100.16929155981178, 88.5348281457724, 88.4513224207298, 74.08072415027883, 61.410513391965296, 54.813184554906556, 50.006682517735456, 55.543677179960724], [49.63748030775182, 56.05978283852125, 64.44220613952834, 71.8215980061594, 63.98950811629833, 55.31703348773803, 48.14191514523918, 7.1178645014235125, 7.323526501740743, 13.418720821177182, 19.161561569042984, 25.877978458356033, 16.669605417966135, 8.457827306601324, 0.0, 49.03616045917701, 58.814289292516335, 65.50600567052045, 72.73018015719782, 78.36404146186483, 75.4326325333462, 69.21988511273429, 62.861089109372145, 55.418304528117, 47.05612900797968, 27.078401315691995, 29.862179271855766, 33.99310937993188, 38.35408161189645, 41.66663148280352, 36.997260054378735, 33.29087639370381, 29.191590015914752, 23.897962555020083, 22.20756444884909, 36.54960644789031, 35.14599145972461, 41.15327947832866, 49.157019311277836, 51.33506168071004, 51.236952951290014, 45.800759730501206, 39.562885434120474, 29.663694293497112, 26.30659398292812, 20.840842788050992, 22.295319231879144, 78.13656653397719, 65.7611803338636, 58.61708476174994, 56.82205422641152, 51.925732510702154, 51.44824466875729, 59.07574224659489, 68.17178566828592, 72.68316622110004, 74.89103264340169, 77.94017995660711, 79.95152601333328, 75.57732422428253, 63.97332145727667, 59.780810488565876, 55.214350658941505, 58.899516297615484, 62.60281370304364, 65.7246285810639, 72.24710952397787, 96.88800183695312, 92.6859727337617, 91.80042114490143, 92.74649524578258, 105.4300403320459, 109.91837136490506, 105.59923815923975, 99.2558994046088, 89.9934110282143, 91.13858771333456, 77.79820712089328, 65.52867393343377, 59.86874512677266, 54.710297137842105, 59.48259510960673], [25.414363821970458, 26.493411806873382, 33.785486747456204, 46.026389073846865, 40.46830220808262, 34.95965541845595, 31.282139160518767, 42.708518334254, 45.61012149458381, 51.713615343010865, 60.40370882637117, 70.53730400796441, 63.60281982437339, 56.25874222997755, 49.03616045917701, 0.0, 11.581537414188583, 19.949168047768932, 29.113477668861137, 37.45311063831709, 36.03968565614537, 27.41760558796455, 20.10667369030268, 12.79210031109364, 5.595914024134125, 38.06126256067622, 45.350859702711475, 53.12272402489524, 63.621812725985905, 72.90933239139494, 71.35397994274473, 63.1126359189376, 55.03571769347892, 47.72796288494414, 41.588246642243256, 16.901615758895304, 28.935366723772628, 40.682112720782435, 51.821797884161725, 60.2424446885074, 63.98560811134876, 65.95673236361993, 67.13522280402526, 62.286549720476785, 44.58842210760162, 35.99520397305016, 27.501295030537214, 88.76267117309173, 76.13949713807384, 75.27494886440569, 77.37069284239271, 77.55791841766484, 82.12977040299194, 96.79589328477908, 100.05911487323424, 100.00579291339662, 98.3284389304043, 97.50331104643736, 95.17882401957, 88.44208026378426, 79.24227810905185, 81.51849824276947, 85.93485138739892, 94.91103983438776, 93.27233760865477, 89.66574797788212, 90.06532124235719, 62.990324896703775, 68.10644441125416, 77.46029986833678, 86.354540235378, 106.55294954827285, 118.77870218160514, 120.53759616051669, 125.86420160603103, 128.4062321229032, 134.03954224224796, 123.44885605061766, 111.75059466129413, 106.0976973526864, 95.5339459939087, 89.9582887605496], [24.513643082085554, 22.766218963351598, 27.718119709533344, 39.75304954319581, 36.44320460712495, 33.33194935693838, 31.567151988524934, 52.1287630663361, 55.56282679063956, 62.01929181359904, 70.56135861199022, 80.2503328902004, 73.7354718629725, 66.40613664772515, 58.814289292516335, 11.581537414188583, 0.0, 8.461072395126813, 17.747414508866076, 26.429746436657563, 25.622989817160335, 16.90239920215266, 10.381798428316552, 7.57355016591202, 12.699953252306758, 48.78356484151572, 55.73545941192997, 63.03233435022912, 73.06951380784501, 81.99525208646158, 80.77927153039023, 72.96554082178517, 65.24123072148086, 58.242169518050794, 52.25891490215689, 25.034560928238026, 36.21131640658989, 47.32274953100889, 56.20127190328089, 65.22563256164857, 70.41084863026587, 73.405238479098, 75.04291793692718, 70.94542788945117, 53.889633187253125, 45.639928796563694, 38.04349098704793, 90.69431587459387, 79.56506695112293, 80.72149716752682, 83.53344537017658, 84.62408410712627, 89.5789612378181, 104.19598177074155, 106.73463518723084, 105.95194704036793, 103.53285745962728, 101.847264463781, 98.28190836199349, 90.86142921216369, 83.62930714755505, 87.35059923630615, 92.93302808138208, 102.03123700926376, 99.6553367730965, 95.03235933751962, 93.86237816038452, 52.78538483981756, 59.88666216119201, 71.81689565063674, 82.64751715463238, 104.130504252038, 118.3852661214, 122.00160523474108, 130.84395099299883, 134.89193661967238, 140.87775476238485, 130.94446121368279, 119.44045865678515, 114.23545279923354, 103.51723228553637, 97.79056074711407], [25.687578591743755, 22.026098445461717, 24.336495082319185, 35.3950548283006, 34.23781523529917, 33.20525493188818, 32.88822276680832, 58.64005149260404, 62.46403252833779, 69.2026454327861, 77.61728864418991, 86.90309446402972, 80.65268254923576, 73.3315188387018, 65.50600567052045, 19.949168047768932, 8.461072395126813, 0.0, 9.324107559962032, 18.164411080798466, 17.929719910504435, 9.579373510845583, 6.356054021568179, 11.270526636807128, 20.148776230852977, 56.617852030075284, 63.40170044100891, 70.40129125286127, 80.03146352790246, 88.55277793091771, 87.49377101457581, 80.08413981895094, 72.64714046605505, 65.81298326292163, 59.923355057233486, 31.556939323228594, 41.89987720237253, 52.476142567693344, 59.558201097870004, 68.81971757147372, 75.01473288964864, 78.58995687312309, 80.40476527600224, 76.80081892098465, 60.43939757732555, 52.41315546749912, 45.45716705325775, 91.638384946658, 81.80862940614914, 84.41009755711423, 87.67862681319247, 89.35347398072764, 94.48259291978243, 108.86971506509465, 110.94116621096627, 109.68183729344884, 106.76751957909178, 104.49030715711805, 100.03556553201558, 92.1395820076464, 86.49012382114653, 91.18614474111506, 97.46504242540635, 106.51968853871115, 103.67151537981098, 98.40602229407902, 96.12406879676563, 45.06183325443791, 53.40991090897262, 67.17972896287694, 79.37129242623126, 101.62755164550717, 117.3241893256234, 122.314353557946, 133.73964840857082, 138.7195681292504, 144.90515049309374, 135.51363085618624, 124.23604118178272, 119.47149954485624, 108.88479467491014, 103.43095505831303], [29.343666882513528, 24.378883997789192, 23.43613480628004, 32.13968115061807, 33.89667740528385, 35.170267022939946, 36.16481863831392, 65.7316248284202, 69.87206773977427, 76.83652891182136, 85.06455070171538, 93.87271473753991, 87.97709671115484, 80.73472677545637, 72.73018015719782, 29.113477668861137, 17.747414508866076, 9.324107559962032, 0.0, 9.144506328113998, 10.553107434464883, 6.416584725986324, 11.343789668611898, 19.047003448128795, 28.830459729415157, 65.00228537675608, 71.58349078030321, 78.2374930718991, 87.3717089293127, 95.39451624288311, 94.50473365971412, 87.5783147766641, 80.49075338421743, 73.86265722279744, 68.10260747323017, 39.32014600183237, 48.923433264230226, 59.01860974440422, 64.25257845861643, 73.60046478531541, 80.77841887950166, 84.78782480051113, 86.62272012889366, 83.42512074087396, 67.93127847665627, 60.047359826698816, 53.59766484860924, 93.29523945484442, 85.03677181123778, 89.09109592092956, 92.76043433178353, 94.94560494474054, 100.13897088160041, 114.0597998098101, 115.76938600061023, 114.09831269371053, 110.72904152729379, 107.88156354009726, 102.51169061764774, 94.1214572655721, 90.27482630532114, 95.89019430247964, 102.70444625163532, 111.55000317527157, 108.3193472562085, 102.51499075067183, 99.12043114390892, 36.3552388414939, 46.384565738411474, 62.47763914823768, 76.21865547832893, 99.18849883659237, 116.48230955958937, 123.00022419694639, 137.18254216421647, 142.8471306527812, 149.05830578115146, 140.18689193149143, 129.11464119447567, 124.78147291262067, 114.32065106226466, 109.20517236561683], [32.36870421954815, 26.734353490326654, 22.88080150365511, 28.147017176533748, 32.80864637950487, 36.19089085369027, 38.34855555390856, 71.3074159677401, 75.90061716139866, 83.20647307373108, 91.24747332829482, 99.47052592750315, 93.77996359957642, 86.55045205308747, 78.36404146186483, 37.45311063831709, 26.429746436657563, 18.164411080798466, 9.144506328113998, 0.0, 5.442191677936839, 10.963041531207024, 18.230679768653307, 26.27693743904843, 36.45701847291262, 72.60670266208253, 79.11678593381639, 85.54570656020961, 94.17245547060887, 101.55601417055226, 100.66531120779818, 94.30991159708506, 87.56635006941295, 81.023905071074, 75.34357872051397, 45.708890882110076, 54.306689618574005, 63.80268367592578, 67.01385563574222, 76.30094915005455, 84.46761752663464, 88.84138079612818, 90.63739661434086, 87.9298165284067, 73.56442720300123, 65.96706407735294, 60.348238083755305, 92.55436277045533, 85.99950613688992, 91.49574473175181, 95.53482547928604, 98.22213808640028, 103.43147893461347, 116.77745302958502, 118.0648016219323, 115.97826478179935, 112.16916236115551, 108.77013522688048, 102.51358746894319, 93.68028439703568, 91.72478245622243, 98.22192997052679, 105.52339025732321, 114.10048077122023, 110.46539780961614, 104.1477621047529, 99.65055959661072, 28.212952299694447, 38.33048573844184, 56.081792857944, 71.04833080210305, 94.4662004026937, 113.13107268582011, 121.07080147957485, 137.9345924338248, 144.30845007580683, 150.67039213435447, 142.54311517522203, 131.92966436725965, 128.3273210691969, 118.53661554382226, 114.45824873560892], [28.045039517093276, 22.100031083816063, 17.55374153170945, 23.155274095929524, 27.39248112057561, 31.009444047434894, 33.621114819442646, 68.42963460588244, 73.40055359088457, 81.01196414632987, 89.11051430848227, 97.19640406968539, 91.1559742658843, 83.72116933607265, 75.4326325333462, 36.03968565614537, 25.622989817160335, 17.929719910504435, 10.553107434464883, 5.442191677936839, 0.0, 8.844062575200217, 16.11047698764447, 23.978622519234843, 34.28761716303904, 71.23735906277253, 77.98812748979654, 84.64138468882115, 93.30468695763652, 100.51843364565967, 99.33425411943216, 93.07666152067209, 86.28278894122273, 79.50380883604772, 73.71010786709058, 42.560019861633016, 50.31773950990413, 59.38048955824251, 61.949716319812374, 71.20673110426625, 79.59846448998286, 84.12046403743724, 86.03209876466991, 83.65372389981115, 69.66924716381415, 62.46750998462131, 57.68028950591044, 87.16871131725809, 80.62941012620395, 86.33158563708086, 90.4625283998051, 93.32006005810416, 98.61656035628616, 112.0748425600943, 113.0523347622102, 110.80524079086922, 106.8963670264885, 103.41621580953512, 97.1151801328377, 88.31208786367496, 86.42177926257611, 93.08153799156062, 100.62003942352429, 109.32319192333945, 105.45973771856784, 98.94873364894411, 94.31015330535557, 30.623717557688664, 36.81689521995674, 52.461845639643045, 66.70738833224587, 89.939049405014, 108.14390394629197, 115.81932175556805, 132.6150810208013, 139.5069330665715, 146.3727207977007, 138.71820670357232, 128.59220910041833, 125.56835986810705, 116.73785182172719, 113.80162832717836], [23.749793796193977, 18.34412127782187, 17.291030331890866, 26.9394742614548, 27.684592592907734, 28.87282083391434, 30.276387710213594, 62.26311675859641, 66.90504529984521, 74.2845330443945, 82.59783982191114, 91.23412771809191, 84.89631512243976, 77.37959338256424, 69.21988511273429, 27.41760558796455, 16.90239920215266, 9.579373510845583, 6.416584725986324, 10.963041531207024, 8.844062575200217, 0.0, 7.483323088800787, 15.633567678631547, 25.970765517681336, 63.52509071445183, 70.42791857639172, 77.3678466588407, 86.53157023194801, 94.31806957674853, 93.06054878587501, 86.27306456201947, 79.12796081377833, 72.19032804683354, 66.27476070892203, 35.266409580054464, 43.907366667124606, 53.570676055072006, 58.12081304341805, 67.4708018425214, 74.92172601395532, 79.11263710718256, 81.08870189476248, 78.27644842291676, 63.1826815452989, 55.750234851618224, 50.34153641644715, 86.9540188289814, 78.66181268947886, 82.9248127598491, 86.70200593119266, 89.0853442369928, 94.39094002799746, 108.46584915916819, 109.81443778081703, 107.95787544242017, 104.47509267127934, 101.54071320895444, 96.13482356868562, 87.78925351870511, 83.96778860945768, 89.76228968392233, 96.8583511103204, 105.86506711895409, 102.36456305079405, 96.33516615010087, 92.79539399976782, 38.349703110093955, 44.63615933203937, 58.41397701820017, 71.24627961776491, 93.9103309520931, 110.62672133842806, 116.8150736927256, 130.89157868845527, 137.15487047999298, 143.96011727209944, 135.6524932120243, 125.16189088850194, 121.53440671841958, 112.24851315056807, 108.56792633829923], [19.941725972996547, 15.812787943457852, 18.368528783545756, 29.97473851724156, 28.015129046313977, 26.884591747341915, 26.944771125799416, 55.98490728084088, 60.44406526828117, 67.7083102299036, 76.16395209606412, 85.13146065729904, 78.51071250558373, 70.91589330025596, 62.861089109372145, 20.10667369030268, 10.381798428316552, 6.356054021568179, 11.343789668611898, 18.230679768653307, 16.11047698764447, 7.483323088800787, 0.0, 8.215213005312647, 18.529052343106514, 56.582231290757036, 63.65621757274365, 70.85461789884086, 80.34343799437163, 88.44084360075722, 87.02643407857613, 79.92205683046777, 72.53858231011706, 65.42801930348324, 59.40897404427088, 28.32814960803318, 37.62855976711001, 47.85457043556219, 53.92753896875303, 63.2347103078212, 69.93607594022473, 73.7239081735467, 75.61044248642793, 72.42570326312344, 56.666581934653735, 49.055748966617074, 43.31563495509774, 85.33038759299455, 75.74885253150495, 78.79397075270697, 82.22728708764437, 84.16167982488702, 89.38295684066867, 103.77684562020664, 105.48464088624549, 104.0041811300533, 100.91833137894331, 98.47654235730654, 93.83246986004303, 85.87065374668798, 80.56883475202164, 85.58192041964823, 92.1787149098394, 101.31032579835512, 98.16035514984455, 92.61713802126984, 90.02234262189498, 45.09854553723321, 50.33145480040224, 62.2008130304763, 73.68057590410035, 95.68470626496777, 111.06126113224707, 115.97477205448659, 127.76639537532775, 133.32124261440728, 140.03652958327007, 131.2823545203365, 120.61052515606919, 116.6521510868204, 107.31093048976837, 103.48949477524395], [17.141888097275253, 15.601019315776774, 21.58452280926518, 33.886492680960366, 29.515212727473862, 25.84251550184252, 24.079733523405647, 48.65839767017609, 52.962819226483006, 60.14937676750917, 68.73212234598665, 77.97217309137781, 71.03537827870709, 63.35716988852496, 55.418304528117, 12.79210031109364, 7.57355016591202, 11.270526636807128, 19.047003448128795, 26.27693743904843, 23.978622519234843, 15.633567678631547, 8.215213005312647, 0.0, 10.373251190461984, 48.97258481949446, 56.25792141256007, 63.73668954013258, 73.48926669139152, 81.79091740310899, 80.14612572940244, 72.79655142302306, 65.2050838858772, 57.88421344732495, 51.75536221453821, 20.50499676893474, 30.68399095585224, 41.68469156291448, 49.40021134041865, 58.521080872868424, 64.38601683591878, 67.58173199354138, 69.21510848452483, 65.55776563975724, 49.242325993629066, 41.36569994127219, 35.309389582918094, 83.1808755077811, 72.35829257768131, 74.02304739549795, 77.01853673314194, 78.38577536944551, 83.41783744225788, 97.97673201178267, 100.15938025379317, 99.15434166451232, 96.55197397975904, 94.69123941077656, 90.89998292511343, 83.36664880661047, 76.56014333978041, 80.63672877779439, 86.53436100679097, 95.67443171475631, 92.98003115609951, 88.07073996565026, 86.55451466719768, 52.32238737591821, 56.15893260178426, 65.93794830007975, 75.88978211229872, 97.01483282262525, 110.89879742453803, 114.43286428707985, 123.7338504395705, 128.3053757675855, 134.8349030498551, 125.62309100103357, 114.80268066313327, 110.5654895657814, 101.34119720771432, 97.66669369533409], [20.2491424439431, 21.829744935055036, 29.6227414422152, 41.748804350524736, 35.545429916813866, 29.61424079351341, 25.814772551047646, 40.58531396901657, 44.33032360224731, 51.14146385704591, 59.8851366039535, 69.63216588508935, 62.33960281233182, 54.65528404997878, 47.05612900797968, 5.595914024134125, 12.699953252306758, 20.148776230852977, 28.830459729415157, 36.45701847291262, 34.28761716303904, 25.970765517681336, 18.529052343106514, 10.373251190461984, 0.0, 39.36904064861837, 46.906676609752374, 54.77076255715821, 64.96512325035798, 73.6934893922986, 71.81039254619614, 63.995409190004814, 56.06752585844614, 48.50778900011975, 42.24985866348864, 12.653940288326362, 24.500553123219998, 36.42966177033914, 46.75082005616195, 55.31388190113735, 59.65285201261747, 61.85143690276643, 63.072966220070406, 58.599749089670524, 41.35658404593078, 32.98614662549443, 25.868615922558863, 83.23890236554831, 70.85788837788924, 70.44553774995877, 72.72564080885196, 73.1794284815337, 77.8625225650716, 92.55686137804032, 95.49330574231284, 95.2195863086612, 93.35510236763731, 92.35069700061524, 89.80015616991945, 82.95123403639113, 74.10818402202783, 76.72601166572426, 81.47643816962265, 90.53983832679351, 88.59652056812124, 84.6978134432628, 84.76607055722457, 61.838506962771326, 64.95674878182594, 72.9173714011261, 81.22521504095468, 101.17069644856394, 113.1973128434879, 114.97822047888545, 120.83385822891887, 123.90687397815675, 130.01556420805582, 120.0273731582113, 108.87212069767085, 104.01799519762979, 94.63418689147541, 90.69523712070169], [52.043359680631, 56.95093746912971, 65.74272373477757, 76.08768437769187, 69.26426405724112, 61.1553029258489, 54.2933985304873, 25.126031465491028, 20.59095534366079, 19.904176237005636, 27.02901724306611, 38.37417476282831, 33.28922510753415, 29.375886126848002, 27.078401315691995, 38.06126256067622, 48.78356484151572, 56.617852030075284, 65.00228537675608, 72.60670266208253, 71.23735906277253, 63.52509071445183, 56.582231290757036, 48.97258481949446, 39.36904064861837, 0.0, 8.016393496450757, 16.71239128587962, 27.882591434644752, 38.14352727927512, 36.13664316040795, 26.522757970236842, 17.72224654250493, 10.559444987409137, 5.810228209518969, 35.13524299327857, 40.97305696213658, 50.45057366676114, 63.44512694540661, 68.09962244302903, 67.43742604608228, 64.08514894451241, 60.97760285576711, 52.100930877450566, 39.520763037357334, 31.061603853330578, 21.231708722152582, 99.04835591591366, 85.159713711464