{
	"dissimilarities": [[0.0, 7.370034596669611, 15.277133635883308, 25.663770417966063, 18.432377076382227, 12.176678651518648, 8.692318008085357, 42.20499327829699, 49.04246418971951, 57.52675868242109, 65.60135280121901, 73.37598735012318, 66.1014613794629, 58.07317585405577, 49.65738364510805, 17.22957700253355, 17.10674148627321, 20.195826437835642, 25.962656171473217, 33.96859422591033, 29.8622195684178, 21.228755031195636, 15.810137004328393, 10.199699064546321, 11.021793913194486, 48.61195446722398, 55.27174593992378, 62.08392852111425, 70.97730007021356, 76.41920165027575, 75.66643957015756, 68.82147722130394, 62.88596398765115, 55.7317308875448, 49.71209102372988, 20.7837592213773, 23.393039155310667, 35.17298668512881, 38.315565210741106, 48.86583866497547, 55.10712542788815, 59.9272604847854, 60.70907975151438, 57.37743234985972, 44.95940047245027, 38.23577295800023, 34.93997998384514, 66.07879543839375, 61.98992029777041, 63.420757005477775, 67.96653083263416, 69.18749992506369, 73.71276739523525, 82.81316233112564, 82.39866543878522, 81.59556065431893, 78.97259313106166, 75.69325671572726, 70.77532861806705, 66.19290746344605, 66.34618111835158, 70.21611340530694, 74.61561211463524, 81.03759753120382, 75.38889201514293, 70.9759603915546, 67.23579368058483, 59.12201334647082, 61.667106800445325, 69.73667938212309, 77.06662366689362, 91.2297120117402, 99.21716729609774, 100.92701758708027, 106.31169326794445, 115.30449792106339, 120.43662073667184, 114.65406178776425, 107.18815714065471, 103.20016950290619, 96.24381731524267, 94.27658182329176], [7.370034596669611, 0.0, 8.626750837305439, 20.310318948045815, 14.049672622191524, 10.71605746070564, 12.101848831688734, 49.56226437783589, 56.349498628585735, 64.7564954686795, 72.89429106479099, 80.72402864976657, 73.46951127897691, 65.43183547073845, 57.02275816838314, 20.20735043566162, 15.636376599106393, 15.762583142434178, 20.064239291598057, 28.033428595559442, 23.47595114879642, 14.4807017458031, 10.189887621706973, 8.357845944268655, 15.069746460291361, 55.170740610296036, 61.956132083917154, 68.8423294188152, 77.8190424543298, 83.40987509766194, 82.7702244471553, 75.83827032635945, 69.86189642805712, 62.696845866261455, 56.63988689381283, 27.03554601290532, 29.284814473906113, 39.67281326207363, 41.68836058094894, 52.32983624626215, 59.00275652944739, 64.5741621106809, 66.18962399007609, 63.604128752149904, 51.061354063116084, 44.86704895271046, 41.77754213286267, 67.64463304329563, 64.42062517743902, 66.79715245242039, 71.89032216040435, 73.72818523041194, 78.68721116580751, 88.19894368716199, 87.2525342312913, 85.8328266511009, 82.54181932416574, 78.63506558105944, 73.0382186997127, 68.0942417931022, 69.32712926623324, 74.06338865018543, 79.29205853731685, 86.27004341002068, 80.03401742863258, 74.7981926297364, 70.19336395128481, 54.39057891141205, 57.82600230316376, 66.89980999700735, 75.40603004528857, 89.99029002513552, 99.10588569126247, 101.95458477180851, 109.39723107493714, 120.15525349715641, 125.95410879064544, 120.85082350861909, 113.76259907614104, 110.11470867879805, 103.19447242316596, 100.90504024460128], [15.277133635883308, 8.626750837305439, 0.0, 12.228576207341918, 8.60100474975209, 11.330310452438411, 16.512832876409067, 57.02556253885499, 64.08615119665579, 72.6719917759148, 80.61260468288708, 87.91037385054334, 80.81480945486166, 72.80430987412561, 64.32041037287043, 28.390793532789182, 21.614493065330315, 18.134259380115584, 17.704625254895884, 22.467989563287805, 17.240402805054927, 11.410495658934584, 12.583856358036558, 15.575449063639805, 23.623591023517875, 63.65758716310405, 70.36027658582711, 77.11862780991704, 85.80564983018284, 91.16113410715043, 90.54017808604684, 83.90493129749457, 78.05430498405005, 70.9551460025605, 64.95257283093565, 35.46364609992959, 36.367435114072606, 45.38907991071075, 44.685540917807714, 55.18715642685734, 62.87869402169074, 69.25254638493482, 71.16488563084954, 69.29479593322873, 58.00151285932025, 52.48833153351959, 50.112389052878996, 67.17710698807697, 65.5047653990511, 69.34072757311868, 74.99031834842113, 77.50113841489359, 82.65480086274367, 92.05992178884675, 90.64211730506263, 88.67169684688068, 84.59430309330529, 80.02020204094512, 73.44194299493282, 68.04887184767485, 70.98659227831494, 76.87773905582199, 82.84740495587825, 90.02126694466136, 83.50006316730098, 77.51379774458012, 71.76085934314756, 48.97545001950019, 51.03454037762072, 60.136765508254136, 69.59819553043988, 84.62669910746102, 95.0735636878828, 99.44142664341821, 110.15248523093351, 122.36968305441493, 128.7681747415793, 124.67219632190653, 118.24182190745213, 115.41600720967197, 109.2467175408888, 107.74201283839197], [25.663770417966063, 20.310318948045815, 12.228576207341918, 0.0, 10.204709537563376, 17.82810747666173, 23.865612996615802, 64.9488203666261, 72.38886421932014, 81.263757231373, 88.69864300584834, 94.84773287405966, 88.15991603504081, 80.3297619420408, 71.80690880207004, 40.37761991072971, 33.32627561975578, 28.31162613588861, 23.572051384601508, 21.127929114394032, 16.47455662278099, 19.084083856009386, 23.778893176867967, 27.672970576302877, 35.31908792867014, 73.91789843253774, 80.31453788885125, 86.70684657781797, 94.67974161045325, 99.40776559801628, 98.7482314472291, 92.83056670138554, 87.31256723366491, 80.4152103637391, 74.6018402210108, 46.16825435213536, 45.428511969443, 53.26061577209675, 48.692426822223624, 58.60637128507834, 67.7552498097906, 74.79619381486404, 76.31812842205544, 75.02772059963974, 66.34732228013931, 61.55250135284565, 60.09902767881674, 65.5359412275054, 66.26658096703325, 72.02228010016785, 78.11111493106857, 81.24945993135863, 86.22335964190391, 94.77834314779663, 93.0513977940167, 90.70666260633517, 85.81098355411525, 80.62524268231157, 72.79598679731961, 66.91635740995997, 72.23732111451365, 79.46709352803293, 85.91419512638291, 92.72223279306193, 86.40928257597427, 79.91617055743973, 72.82998470794281, 43.7641130588591, 40.62564036796665, 48.37916359179402, 58.760438255275496, 74.53451675228588, 86.79836067783025, 93.3261472743637, 108.92070132159417, 121.89497575178403, 128.62861591100173, 125.83045105109647, 120.31342951386561, 118.7651847757617, 114.01060533045765, 114.34349941210856], [18.432377076382227, 14.049672622191524, 8.60100474975209, 10.204709537563376, 0.0, 8.186013987704701, 15.1586873875018, 57.16164382756669, 64.91998765326889, 73.83392949702342, 81.40308868793343, 87.89434163600964, 80.6851136681411, 72.57616600137283, 64.14003911065849, 33.83029081543938, 29.048471894082383, 26.601359595131264, 25.857712090599684, 28.11258648535303, 22.848978245880623, 19.66023515237524, 20.764727063318578, 22.097404391634736, 28.22730039415803, 66.50547795413334, 73.05031252082854, 79.75348458208519, 88.27113719231349, 93.12841670013441, 92.16325731332708, 85.86849132045536, 80.10037795245374, 72.97740329654167, 67.03015207377177, 37.73143780108101, 35.78494682744971, 43.092360115581926, 39.297248372436734, 49.48227562029605, 58.12513163300605, 65.0425298245783, 66.95267151390193, 65.88800277966979, 56.564832719092436, 52.24354141545476, 51.79862900562309, 59.26831472432579, 58.462944147890475, 63.25889008252922, 69.20186352010613, 72.1632497619701, 77.35464624232881, 86.59726915218693, 84.77376793395528, 82.43281625234437, 77.87423167087753, 72.97391579928396, 65.88173979773605, 60.30272528703417, 64.19534254066824, 70.80939852060823, 77.20224293815615, 84.46229664425255, 77.77142609472203, 71.35177994931283, 64.89151327940962, 52.85520937774428, 50.03132359980793, 55.167713735919534, 62.89430924933153, 76.97764620078223, 86.75244173397579, 90.94936353894988, 102.5411002764737, 115.77614760847159, 123.01033585685616, 120.08741085405573, 114.73847231321719, 113.24168422776224, 109.07338483851791, 109.77587899422369], [12.176678651518648, 10.71605746070564, 11.330310452438411, 17.82810747666173, 8.186013987704701, 0.0, 7.3792781407052965, 49.357705860795576, 57.17961088658069, 66.07208323754648, 73.7084696428088, 80.45131004268761, 73.01685497970901, 64.80754869073317, 56.41754438518888, 28.131562116117387, 25.987287251054177, 26.11777880141099, 28.407263983079723, 33.22016296703243, 28.16462295364596, 22.157124676156023, 20.13713749262129, 18.373005492833475, 22.042683368545422, 58.87315326843645, 65.41717413286676, 72.20965772137431, 80.93344843725716, 85.83945889314312, 84.73425840711339, 78.27219434273947, 72.41404561523753, 65.22019195346805, 59.24531489511726, 29.98042776884419, 27.683569888618806, 35.804463695315995, 33.696214058649204, 44.22323224282081, 52.20957173608055, 58.535000949674576, 60.14056856787928, 58.58483773832655, 48.61035078585962, 44.06657267203979, 43.81983363037611, 57.37037612786139, 54.988808544175335, 58.466118252295736, 63.94794640277999, 66.34254007417134, 71.38403047889831, 80.76765941997753, 79.31570834891586, 77.44691067337098, 73.57890513317092, 69.2930369630283, 63.1157866600492, 57.96158105306188, 60.196966409752996, 65.80113831211537, 71.56988695404148, 78.70475950531565, 72.2155953496415, 66.4295477324918, 60.981885400077985, 58.41764758891719, 56.38695237642079, 61.02208203071201, 67.38878758743809, 80.74673020919657, 88.87402794064727, 91.33316912107097, 99.55728259143179, 111.53832386151022, 118.395860159597, 114.74258833693936, 109.01366293594263, 107.07322131359267, 102.76596752947275, 103.40216235069225], [8.692318008085357, 12.101848831688734, 16.512832876409067, 23.865612996615802, 15.1586873875018, 7.3792781407052965, 0.0, 42.059829797593245, 49.85436701200894, 58.77772355773715, 66.36477407062245, 73.11611763367577, 65.72040228877812, 57.552117056353545, 49.1283192705948, 24.824373934372318, 25.408565949338975, 27.53071971525136, 31.50711382496533, 37.30379641347854, 32.75307404728982, 25.95086251286552, 22.236835636403057, 17.99764651674096, 18.370324615425442, 52.12999608360216, 58.50782832111221, 65.1692024393291, 73.74802476977439, 78.5449871856764, 77.3998370415545, 71.03131569530952, 65.24584055590499, 58.11435174025718, 52.21413163166469, 24.07987099320033, 22.103881167378837, 32.05010968016543, 31.598807915348754, 42.16156319860768, 49.58636288128535, 55.00274248754164, 55.620779078909656, 53.062723340529026, 43.01368703937336, 37.734664683291655, 37.08909453469214, 57.808055100803394, 54.35421565468659, 56.63779672370865, 61.46854220431043, 63.0982344603548, 67.63870063865926, 76.55887384440477, 75.78978262777207, 74.68867103278416, 71.63628788776613, 68.10074243524365, 62.73307968862602, 57.99973775582496, 58.907934019574185, 63.44681235171978, 68.21318033790821, 74.68579289326316, 68.90580676822148, 64.11575162691936, 59.72935626818965, 61.78310186705628, 60.14352628614778, 64.84537293058635, 70.47281310922511, 83.69263885884514, 90.87539698966988, 92.25410101149434, 98.28458699613476, 108.06637993784594, 113.98821687693223, 109.36043748804829, 102.99123779608301, 100.44156666363928, 95.70974113084775, 96.29966420499042], [42.20499327829699, 49.56226437783589, 57.02556253885499, 64.9488203666261, 57.16164382756669, 49.357705860795576, 42.059829797593245, 0.0, 8.985323001348645, 17.949871198875606, 24.68714145636578, 32.08675648401569, 24.04305527384962, 15.8868883096653, 7.689049708910589, 41.182518555771026, 51.25873748474315, 58.341775397191086, 65.94916621305975, 73.73120024810915, 70.68758943103091, 62.72742320303057, 56.26800673584404, 48.659641207261494, 39.635355088364385, 22.31529406406167, 24.677936433854512, 29.097015488638505, 36.161404631731855, 39.58146351438614, 37.34447792520369, 31.653039180253653, 26.695054057908184, 20.834989738213885, 17.288245579504846, 27.43509400597282, 28.13629014165894, 35.74237534075917, 44.03630603305048, 48.740685970284645, 49.35165671358437, 47.05016613136016, 41.09134053701862, 31.567016879150824, 25.278176100644146, 17.62652884386458, 15.741388755745692, 72.19136839007922, 63.90966068624473, 58.91320374674731, 58.62527746123882, 55.08214906446417, 55.462346315970784, 60.16844341611662, 63.90482440477722, 67.68887305880888, 70.18173843780066, 71.56143490662124, 71.89782951090396, 70.4118477463372, 63.86472982941667, 61.005656977731185, 58.56942139525904, 59.84589390545949, 59.47039290253527, 61.81400150809035, 64.72506136123901, 94.20762632298202, 93.71850036625314, 97.12682767946039, 98.6562271958939, 109.24963567891382, 110.66449145896699, 105.82502204562641, 97.59861960426808, 94.41985823087582, 94.67996347745982, 83.95601612549189, 73.80621043292975, 66.92956238442218, 60.06082455511251, 61.066388412169246], [49.04246418971951, 56.349498628585735, 64.08615119665579, 72.38886421932014, 64.91998765326889, 57.17961088658069, 49.85436701200894, 8.985323001348645, 0.0, 9.204390328544578, 16.630345599714367, 25.8062259708897, 18.322898800323845, 11.792011987807212, 7.627490438562674, 45.84525614961158, 56.20139812682434, 63.55162166686567, 71.45425849331353, 79.5601095500263, 76.88692217900301, 68.82440367328626, 62.18384288390696, 54.59118286615349, 45.31250985572957, 17.895102674196952, 17.814095233248782, 20.781241713301636, 27.26091203421523, 30.809399003020488, 28.62843593706622, 22.686746050972182, 17.977713514725643, 13.033602602545043, 11.605121669801566, 33.194407662151, 35.84542579391154, 43.273775173882434, 52.688076833317844, 56.94981276765644, 56.59637877345193, 53.325292408506236, 46.97620448191556, 36.91595846174396, 30.977626066746527, 23.616652057503686, 19.25596194454834, 80.66600055238737, 72.09081641642828, 66.40730966647288, 65.50210243679022, 61.33573989788487, 61.06849988847627, 64.79494460726235, 69.29673056318362, 73.78594177838991, 77.04752411553095, 79.007026974115, 79.95766871373313, 78.7700149470685, 71.62642040190934, 67.91732405042427, 64.5152078284907, 64.82046810469804, 65.42837855883879, 68.73753652491538, 72.48202937081155, 99.15782927796317, 100.10719104512587, 104.64054225457859, 106.53817081912905, 117.40629927412992, 118.78008808020775, 113.67693824884371, 104.06590729809636, 98.45112768504926, 97.08054325971509, 84.653881454414, 73.09720564783407, 64.17349588858399, 54.712051918784425, 53.45746398008341], [57.52675868242109, 64.7564954686795, 72.6719917759148, 81.263757231373, 73.83392949702342, 66.07208323754648, 58.77772355773715, 17.949871198875606, 9.204390328544578, 0.0, 8.94875906991612, 20.623675666832888, 14.235990248236474, 11.836951091630482, 14.119341250266954, 52.749758196271436, 63.358680421122635, 70.95870222034462, 79.15767978222843, 87.58722107115875, 85.09613198541335, 76.84124675860814, 70.01551293002754, 62.41329321568768, 52.9567490962428, 18.250706116818222, 14.506028752400155, 14.368433733737195, 19.577020589268987, 22.9780234844455, 20.431095277638786, 13.988741641335183, 9.988349211155166, 8.546064422390812, 11.998459454673212, 40.71998222216015, 43.955240739493775, 50.42056133133504, 60.701306936944206, 64.21607479623275, 62.711912585478146, 58.39388977021679, 51.772570724319614, 41.553103006879965, 36.43621478282793, 30.188270605546617, 25.807940833523258, 88.28270898072272, 79.23129157680724, 72.67885549686186, 71.06109023243977, 66.25897661172846, 65.36450824267051, 68.24711284667337, 73.37540693782533, 78.49570652707409, 82.58318297091961, 85.19799414029542, 86.96791241750896, 86.21198499665323, 78.22411129800693, 73.51132546540045, 69.13034137371835, 68.58583171843298, 70.05658606393884, 74.34648104718256, 79.07688223218022, 106.72246258174502, 108.55806275181727, 113.50038381783678, 115.29859126423246, 125.97390074545457, 126.80363662376712, 121.00302460321598, 109.184153356452, 101.46673280617678, 98.83831035778921, 85.04404341369451, 72.5563955320598, 61.99618205660865, 50.78689527072713, 47.666088880452754], [65.60135280121901, 72.89429106479099, 80.61260468288708, 88.69864300584834, 81.40308868793343, 73.7084696428088, 66.36477407062245, 24.68714145636578, 16.630345599714367, 8.94875906991612, 0.0, 12.47316846513591, 8.685943920162158, 12.553955383558206, 18.706366827124878, 61.562815299361205, 72.03225816842671, 79.46676236144148, 87.39034140947643, 95.37144590726213, 92.97476861607475, 85.10053239541463, 78.46029463269497, 70.91495128444099, 61.56979023776814, 26.57229798240973, 21.49356832376695, 18.218697094125776, 18.056334275670075, 18.10979942521095, 14.440165128622247, 12.138587000300364, 12.859742248429322, 16.01480588966916, 20.707544413294325, 49.34562167659427, 51.746387301752726, 57.285074953525644, 66.52757100403515, 69.08443769779065, 67.24529742321735, 62.10137462958908, 54.314989162340765, 43.810195579630424, 42.27866443719107, 37.44434810564914, 34.50343146382106, 92.23066160819015, 83.26721844029163, 76.33653750236553, 73.98092081110597, 68.57565258824287, 66.61457062288562, 67.65009536059515, 73.67946307779172, 79.68624340987914, 84.57085273285935, 87.91978723882298, 90.30757246297465, 89.99462227699233, 81.64718029789287, 76.18047968827408, 70.5643159129686, 68.43118920255293, 71.417168917182, 76.93067594759319, 82.41654579108227, 113.61849637371157, 114.49471712798778, 118.59221765782674, 119.53059102583342, 129.6127984694337, 129.56274119900476, 123.02227062017444, 109.74654469234048, 98.89082613975812, 94.61521737409073, 79.57885977134414, 66.32586624964452, 54.73759861213351, 43.44567792282592, 42.153304416561454], [73.37598735012318, 80.72402864976657, 87.91037385054334, 94.84773287405966, 87.89434163600964, 80.45131004268761, 73.11611763367577, 32.08675648401569, 25.8062259708897, 20.623675666832888, 12.47316846513591, 0.0, 9.452442897334581, 17.717926682518442, 24.78417585774627, 71.49562880541083, 81.4982822709256, 88.43726013881353, 95.6306586991645, 102.54893460278146, 100.2311789742905, 93.2256853450483, 87.0845561846735, 79.7162507797514, 70.76007764763578, 38.71049879841087, 33.796976369898694, 29.781544866504323, 25.715223625337053, 21.34062411419202, 17.546874497939537, 21.701047769357817, 24.751337367208965, 28.352194063556368, 32.612336499285504, 58.83764304604423, 59.7846840588421, 64.5635162012388, 71.32769508503588, 72.83591971475559, 71.42553385814576, 65.82098933819476, 56.35188762087238, 45.741977565172824, 49.450872606812, 45.98148206703682, 44.75034520113419, 93.67491183692765, 85.44022479342715, 78.71112423807601, 75.69095530950494, 69.83189894250246, 66.47008910834732, 64.62596661372338, 71.78648968743619, 78.8543441195146, 84.41761262658831, 88.49547622857263, 91.22564368979201, 91.32589641893249, 83.22029271291078, 77.36382720578219, 70.40912002395066, 65.98609071479872, 71.09518800321503, 77.93102632530191, 83.82750425679124, 119.40147247116491, 117.9534056029, 120.28887313648067, 119.81365821490266, 128.98698996073034, 127.88009383223154, 120.71323260498639, 107.00534284521741, 91.8592794907757, 85.28975092136085, 68.89903819752497, 54.72218162911499, 42.37244678689832, 32.86373262636916, 38.459829221724746], [66.1014613794629, 73.46951127897691, 80.81480945486166, 88.15991603504081, 80.6851136681411, 73.01685497970901, 65.72040228877812, 24.04305527384962, 18.322898800323845, 14.235990248236474, 8.685943920162158, 9.452442897334581, 0.0, 8.63878463494721, 16.631147279440892, 64.02891895649572, 74.38805301605174, 81.59629546310751, 89.15829117937551, 96.5754386574034, 93.91108810777327, 86.36502390870001, 79.96151552221657, 72.39355773545067, 63.22254583421339, 32.27334589811422, 28.44618922639375, 26.47854185963217, 26.455611169166698, 25.060131708468273, 21.095448225345056, 20.749106655931982, 21.071281447683713, 22.496887884493045, 25.766267611268283, 50.70583720447596, 51.07242049681399, 55.346265706863626, 62.83601815570106, 64.45563782519858, 62.73991577314051, 57.2804774546919, 48.42509928898414, 37.77484742900028, 40.04366755737842, 36.7422235120128, 36.46722595792365, 86.46571390591238, 77.71047753392786, 70.75015040206628, 67.99524332193816, 62.3412250804812, 59.71553985813365, 59.68915383975395, 66.09865759156074, 72.52003562921493, 77.70562878639254, 81.43013094846475, 84.11479651574167, 84.11537734203881, 75.67937921269446, 69.92646726729332, 63.66115203331105, 60.64457136568965, 64.44184977430507, 70.58707593642546, 76.36848383987382, 114.98644389562743, 113.63817325893561, 115.74540412831854, 115.34878808523592, 124.3922137496604, 123.25946857389691, 115.9757251137806, 101.94169571209945, 90.22286737498948, 86.08602068493491, 71.51018805647632, 59.00783172525498, 48.965175580507875, 41.800799709367496, 46.101126158312205], [58.07317585405577, 65.43183547073845, 72.80430987412561, 80.3297619420408, 72.57616600137283, 64.80754869073317, 57.552117056353545, 15.8868883096653, 11.792011987807212, 11.836951091630482, 12.553955383558206, 17.717926682518442, 8.63878463494721, 0.0, 8.558637742517789, 56.32927454135767, 66.74793470216815, 74.00075140914895, 81.66382981283274, 89.27502881623538, 86.37491729886784, 78.58288329303173, 72.10274516897215, 64.46233806233033, 55.27435325813889, 27.552524540815167, 25.567747756775606, 26.117653801681133, 29.501844789964945, 30.286295821901117, 26.80425090397853, 23.58202714572496, 21.25467788240142, 19.598125594052867, 20.84210863241167, 42.55193149384867, 42.452763502775106, 46.92698289975844, 54.73016923953762, 56.91801168270168, 55.563522795375576, 50.767595610794075, 42.585837498331635, 31.907443063658185, 32.177898296570035, 28.34398549325338, 28.692070682692126, 79.69641287218366, 70.82349861453385, 64.15838938688138, 62.005397450360526, 56.84909298004691, 55.14474829143375, 56.903949130199614, 62.435555258275215, 68.04617558462076, 72.50497976035278, 75.60584837251248, 77.78452744341133, 77.45010257290667, 69.25170502872055, 64.12974572270086, 58.92490899282672, 57.403321556315234, 59.77111074605612, 64.85699785336685, 70.00709039334947, 108.69689252623311, 107.3341548622351, 109.41896318461032, 109.32564956147776, 118.55445534094213, 117.86886002994854, 111.01274379849941, 98.11822818651586, 89.63831676949474, 87.4813699814298, 74.56139779445185, 63.29649771730015, 54.967978798982166, 48.839407765436974, 52.37057241392079], [49.65738364510805, 57.02275816838314, 64.32041037287043, 71.80690880207004, 64.14003911065849, 56.41754438518888, 49.1283192705948, 7.689049708910589, 7.627490438562674, 14.119341250266954, 18.706366827124878, 24.78417585774627, 16.631147279440892, 8.558637742517789, 0.0, 48.76923927637704, 58.86157456255761, 65.89295017202198, 73.34809299849074, 80.81273333312733, 77.8724066667591, 70.200803155451, 63.85824018026918, 56.297295105776755, 47.31325338459077, 24.942483522307597, 25.093417628560644, 27.627791552730034, 32.831263728967514, 34.911041655609665, 32.15326997433664, 27.760141401216472, 23.986336669484025, 19.911717020784117, 18.663209515193277, 35.03224656412777, 35.08013387521481, 41.10415017318184, 48.61874283486616, 52.04656336313221, 51.95541131253568, 48.47221085622072, 41.05568867640372, 30.652516950397615, 28.419183484810905, 22.807972321703257, 22.363090464411105, 74.89298934469181, 66.48236618156135, 60.81438439306618, 59.62385549860785, 55.28443163360276, 54.54249854003776, 57.60324420521737, 62.305982933889766, 67.06254943808723, 70.48538262047425, 72.70889517850416, 73.84151592331146, 72.88900275575709, 65.68835277446969, 61.8131469219503, 57.95941467670026, 57.69885390262392, 58.81645549544881, 62.557951678680546, 66.47816548470578, 100.49654980904182, 99.20623944332294, 101.76839573662207, 102.38197791056258, 112.31722381475102, 112.72815272356578, 106.98326846960275, 96.89465415609779, 90.8879455387805, 89.87005850428582, 78.10661887993105, 67.39204061503277, 59.968293743685415, 53.5974494278063, 56.26868107900428], [17.22957700253355, 20.20735043566162, 28.390793532789182, 40.37761991072971, 33.83029081543938, 28.131562116117387, 24.824373934372318, 41.182518555771026, 45.84525614961158, 52.749758196271436, 61.562815299361205, 71.49562880541083, 64.02891895649572, 56.32927454135767, 48.76923927637704, 0.0, 11.73446347837565, 20.493370541584465, 30.66481006495056, 42.3226529154941, 39.13350666376186, 28.12561265209682, 20.106321157391296, 13.123902598303069, 6.466029109927515, 39.27266149857701, 46.439701060372784, 53.784297688043246, 63.88047563270651, 70.6635791751159, 70.27791751191084, 62.118787717672504, 55.72611077800561, 48.55395642360257, 42.46551626265556, 15.398957476198802, 25.113745556132585, 37.04547407583709, 46.972838741793616, 56.703413388400044, 59.853515398682056, 63.116440884606696, 64.64614128430478, 60.50230336453233, 43.69274999466832, 35.60698097975636, 28.797979434399736, 78.1174368686854, 71.80557670297479, 70.75959957966644, 74.42468298768266, 74.70743727240657, 79.2866771243461, 89.20757915417165, 89.22476983598318, 88.8905639166175, 87.38976400478995, 84.92061054704456, 81.64232832705768, 77.79309853224544, 75.35910839044416, 77.29809352493885, 80.8702480987426, 87.54475685635961, 81.83112185019921, 78.27599033553172, 76.41893767324078, 67.3394160914599, 75.60471565900778, 86.31781459465566, 94.27365437176087, 108.31388648055564, 115.55193620378435, 115.90948779426671, 116.63985964055267, 124.75903383577766, 129.21072921683037, 121.64835800735858, 112.80778638540012, 106.6210087634219, 96.74018377681149, 90.53825916195619], [17.10674148627321, 15.636376599106393, 21.614493065330315, 33.32627561975578, 29.048471894082383, 25.987287251054177, 25.408565949338975, 51.25873748474315, 56.20139812682434, 63.358680421122635, 72.03225816842671, 81.4982822709256, 74.38805301605174, 66.74793470216815, 58.86157456255761, 11.73446347837565, 0.0, 8.893628791805627, 19.392510540307082, 31.697296479029216, 28.777060632949954, 17.68553783685362, 10.197099444476208, 7.669998200760805, 12.537556967382361, 50.18251832960818, 57.16055235242662, 64.17281808258554, 73.7048373689364, 80.36045883540027, 80.2656900722037, 72.49242981099017, 66.34176278389357, 59.37079032308333, 53.404270126343526, 26.120336101991544, 33.767152719142324, 45.06583885663767, 52.18782224512745, 62.50113489721675, 67.02669432276763, 71.44090963580861, 73.41680207265894, 69.89257059353378, 54.04815680543099, 46.4414522503034, 40.09464707900702, 81.00586199426375, 76.24040930331029, 76.85215472320647, 81.31975271460902, 82.41077081079871, 87.34844539930097, 97.3188639875963, 96.86443181307922, 95.91660695472723, 93.47760002777346, 90.15911673763448, 85.65560524628673, 81.16393891525412, 80.61246484077797, 83.96504971652527, 88.50867343448262, 95.52039876317441, 89.39342689163347, 84.86259377151727, 81.60592800640461, 57.1885946259564, 67.50872719508168, 80.40897981539665, 90.30801442686425, 105.45173487219776, 114.71717970146574, 117.09543776223347, 121.80740103837455, 131.45516080915834, 136.2859399340358, 129.4241938086926, 120.82004506576983, 115.01684194611052, 104.94188204605354, 98.5005683823622], [20.195826437835642, 15.762583142434178, 18.134259380115584, 28.31162613588861, 26.601359595131264, 26.11777880141099, 27.53071971525136, 58.341775397191086, 63.55162166686567, 70.95870222034462, 79.46676236144148, 88.43726013881353, 81.59629546310751, 74.00075140914895, 65.89295017202198, 20.493370541584465, 8.893628791805627, 0.0, 10.630339778600737, 23.28727937431, 20.665212059112047, 10.239194372992875, 6.288719920718764, 11.415489906412512, 19.975950249169077, 58.39046026274608, 65.21472903089838, 71.9772684513778, 81.03415157515782, 87.45796371490086, 87.50563055324854, 80.11205593222986, 74.15897738165171, 67.31260956925388, 61.424326350726275, 34.072862331832425, 40.480811516652096, 51.37589048818376, 56.273739510417585, 66.80770150200195, 72.36775101042203, 77.49348361071264, 79.54447430750336, 76.37639971144834, 61.54146216032314, 54.214850927381406, 48.240223640150695, 82.84965655535626, 79.36413476358766, 81.2123869753054, 86.17610181109802, 87.78757419755597, 92.85327501798433, 102.64807401140263, 101.92559654998439, 100.61939454943462, 97.54540885310541, 93.67572275741342, 88.28154676367807, 83.3568891254201, 84.25389841026347, 88.5975924096619, 93.70819824344485, 100.78472771219484, 94.52301737623141, 89.41594896665177, 85.17681854027036, 49.128561841861, 60.61030766074597, 75.05858831952413, 86.37206890004315, 102.3046907101975, 113.09786430154257, 117.04573353457687, 124.91011396566019, 135.39999668518863, 140.41845530019864, 134.12454458820676, 125.76662430173023, 120.37688954927258, 110.4253064431947, 104.25212497497101], [25.962656171473217, 20.064239291598057, 17.704625254895884, 23.572051384601508, 25.857712090599684, 28.407263983079723, 31.50711382496533, 65.94916621305975, 71.45425849331353, 79.15767978222843, 87.39034140947643, 95.6306586991645, 89.15829117937551, 81.66382981283274, 73.34809299849074, 30.66481006495056, 19.392510540307082, 10.630339778600737, 0.0, 12.892105358670818, 11.085138651425648, 6.922205606045377, 12.44622242389096, 19.80595098254813, 29.127089167925096, 67.61124792519078, 74.21701114896359, 80.65366603250477, 89.07305999896754, 95.10148956152177, 95.26861378557814, 88.42290700054464, 82.7413329067177, 76.05623734864851, 70.28194316024248, 43.16795468788614, 48.369347530328646, 58.94413372201496, 61.26061096803536, 71.85704194543533, 78.59919266597959, 84.36790299463519, 86.21554922768826, 83.31708106220086, 69.94683723918135, 62.865514574714766, 57.291286506887765, 84.84076565955175, 82.9376384292536, 86.17210042741506, 91.57841969533592, 93.6765454928192, 98.72044194907832, 108.04633814044672, 107.1377288932242, 105.55836529670039, 101.85221731138174, 97.4635030139874, 91.08933395140546, 85.72595507669561, 88.30429382463501, 93.68884871957627, 99.24725236252256, 106.15924703616682, 99.9679863974919, 94.3963635084013, 89.12423426293304, 39.199869957583346, 51.51771569364151, 67.8111145276301, 80.77553776273507, 97.65344302402326, 110.26008155261027, 116.10147110435508, 127.79947246462076, 138.7958514488877, 143.84441162354105, 138.19679127182093, 130.14928504995675, 125.31750831793245, 115.70248630001316, 110.20968569265582], [33.96859422591033, 28.033428595559442, 22.467989563287805, 21.127929114394032, 28.11258648535303, 33.22016296703243, 37.30379641347854, 73.73120024810915, 79.5601095500263, 87.58722107115875, 95.37144590726213, 102.54893460278146, 96.5754386574034, 89.27502881623538, 80.81273333312733, 42.3226529154941, 31.697296479029216, 23.28727937431, 12.892105358670818, 0.0, 5.6843904463041595, 16.081751149780953, 23.681026079330874, 30.655036866694545, 39.79558625410393, 77.630536274857, 83.91903548965792, 89.92855728516105, 97.50895904926958, 102.91593691731921, 103.15073051857348, 97.07442329938108, 91.76547382618406, 85.3033076258795, 79.70782614101023, 53.27726617815209, 57.16427084044299, 67.43848931538818, 66.82094952124423, 77.24249960396652, 85.287507545144, 91.57699540927362, 92.87318762173135, 90.15954657345326, 78.86899248452002, 72.06775181769474, 67.03202157470858, 86.51806345939826, 86.5119665579189, 91.24403242148615, 96.98480259887336, 99.49990664422285, 104.31066554198361, 112.76575969847237, 111.78607134494682, 110.0638951492035, 105.7705114090928, 100.95068882111013, 93.55170629959756, 87.78834033100168, 92.2522923612906, 98.67489104699952, 104.4870026992241, 110.91497747744195, 105.08243251191388, 99.23186689321942, 92.92830564480386, 27.825948563163003, 39.451202928002296, 57.90121519393066, 72.72738743684833, 90.71241161967225, 105.393183240831, 113.4489671328899, 129.68811831299544, 140.66107848268135, 145.52473801647935, 140.64789274659176, 133.04231864242087, 129.00808788215804, 120.12243110616132, 115.95854943897837], [29.8622195684178, 23.47595114879642, 17.240402805054927, 16.47455662278099, 22.848978245880623, 28.16462295364596, 32.75307404728982, 70.68758943103091, 76.88692217900301, 85.09613198541335, 92.97476861607475, 100.2311789742905, 93.91108810777327, 86.37491729886784, 77.8724066667591, 39.13350666376186, 28.777060632949954, 20.665212059112047, 11.085138651425648, 5.6843904463041595, 0.0, 11.847669712608848, 19.77732433651643, 26.788172143805326, 36.17187613196357, 75.2141133652545, 81.68238796411525, 87.95736561463853, 95.91991564118166, 101.36799994621828, 101.3740047189238, 95.08624790110773, 89.58549426979022, 82.90493407682683, 77.15471403683445, 49.579800752579885, 52.704251901767705, 62.44633216893538, 61.62010019503066, 72.01321327088897, 80.0226910785823, 86.48048500623692, 88.12511353375413, 85.79956915996766, 74.45744894562307, 68.07716690942793, 63.7703518091318, 81.4660556061765, 81.2578631160637, 85.96884092509745, 91.7974449482058, 94.45185237321544, 99.45092981882549, 108.26150085662749, 107.02903398972481, 105.08619134086743, 100.69028542850879, 95.78788130830984, 88.45426267654749, 82.71703521391828, 87.04278351733747, 93.51688110904949, 99.56016922284186, 106.32188725005481, 100.16270938385397, 94.08730434617591, 87.73592277352729, 33.047606922425004, 41.459884087775364, 57.39682389362395, 71.10831655301038, 88.38454874650714, 102.22701177193306, 109.59607420666308, 124.87735097239624, 136.68716054951014, 142.18055150242577, 137.71780535921923, 130.55407644637828, 126.96264428846156, 118.88542231708877, 115.43615097061566], [21.228755031195636, 14.4807017458031, 11.410495658934584, 19.084083856009386, 19.66023515237524, 22.157124676156023, 25.95086251286552, 62.72742320303057, 68.82440367328626, 76.84124675860814, 85.10053239541463, 93.2256853450483, 86.36502390870001, 78.58288329303173, 70.200803155451, 28.12561265209682, 17.68553783685362, 10.239194372992875, 6.922205606045377, 16.081751149780953, 11.847669712608848, 0.0, 8.15766881491177, 15.76441320577004, 25.583393987190775, 65.79223211699545, 72.5782349089666, 79.29892532126443, 88.0745035381558, 94.00609609954347, 93.84898072757771, 86.87701963952982, 81.0073208450555, 74.06186804903064, 68.10921358856088, 39.413672986302934, 43.24208558529494, 53.08295910992448, 54.79135396746624, 65.34051651850268, 72.1951424088958, 78.23836131574475, 80.43913018531954, 78.07215909843957, 64.96067446735742, 58.515872709852715, 54.13484354753955, 78.23706330307617, 76.23627228923665, 79.57347417658781, 85.11228178056511, 87.4215034845025, 92.66096581100578, 102.30704167566104, 101.08011422365574, 99.22434597457587, 95.34309082870644, 90.83156896728786, 84.4619917787049, 79.11597382501135, 81.6706019159137, 87.20825270157289, 93.06247842939308, 100.31581401991353, 93.77606775232667, 87.91426822088408, 82.49586950973448, 43.715464019112005, 52.32346474354393, 65.90338726923676, 77.57804354829058, 93.60642106424926, 105.29309993216121, 110.45017225957982, 121.37150991465859, 133.32211195636756, 139.12554866377417, 134.1268220092046, 126.74303840241573, 122.64941222480618, 114.31042006279824, 110.129516651742], [15.810137004328393, 10.189887621706973, 12.583856358036558, 23.778893176867967, 20.764727063318578, 20.13713749262129, 22.236835636403057, 56.26800673584404, 62.18384288390696, 70.01551293002754, 78.46029463269497, 87.0845561846735, 79.96151552221657, 72.10274516897215, 63.85824018026918, 20.106321157391296, 10.197099444476208, 6.288719920718764, 12.44622242389096, 23.681026079330874, 19.77732433651643, 8.15766881491177, 0.0, 7.989655659703046, 17.852538227119105, 58.35771936471781, 65.28731260007352, 72.229467126139, 81.4324065098201, 87.60978193875846, 87.35315051582312, 80.01773830477325, 73.96403244110638, 66.9008541348058, 60.86500740135028, 31.848560517076777, 36.54131834811837, 46.83398850292214, 50.621926272495855, 61.17623079893832, 67.13297552941084, 72.63420453762299, 74.88357789802922, 72.22382086620519, 58.02697656800327, 51.33867376464875, 46.69253485158116, 76.65162324720802, 73.35327258596332, 75.54643291138531, 80.70207588244772, 82.57775507863205, 87.78516779839582, 97.72525381207778, 96.70852153845107, 95.13738477796315, 91.80469257882484, 87.7543524911072, 82.18680151304204, 77.20431047333724, 78.37334328971681, 83.04131792522128, 88.46657443437228, 95.77085060424125, 89.25408273137528, 83.83341344458918, 79.27967775904018, 50.749048844214016, 59.12103821494859, 71.48717910172644, 81.86455435251342, 97.19020661511148, 107.43483120086994, 111.07920504825628, 118.9597241686538, 130.26491159184758, 135.929263121697, 130.3576103990447, 122.68473866398661, 118.13728260941917, 109.53857744625148, 104.92411900801305], [10.199699064546321, 8.357845944268655, 15.575449063639805, 27.672970576302877, 22.097404391634736, 18.373005492833475, 17.99764651674096, 48.659641207261494, 54.59118286615349, 62.41329321568768, 70.91495128444099, 79.7162507797514, 72.39355773545067, 64.46233806233033, 56.297295105776755, 13.123902598303069, 7.669998200760805, 11.415489906412512, 19.80595098254813, 30.655036866694545, 26.788172143805326, 15.76441320577004, 7.989655659703046, 0.0, 9.919580165046911, 50.87338037997083, 57.864768315543344, 64.94512305474811, 74.38431148573996, 80.57296128239204, 80.14262963276313, 72.65948239213802, 66.49946277059047, 59.326851061995356, 53.22526753098658, 23.859313794103656, 29.13820958483464, 40.217757654414875, 45.54595067671576, 56.025654618524065, 61.344062508635524, 66.23691938018375, 68.1366908841582, 65.05949675721592, 50.42376278957823, 43.455175142679856, 38.761750711649704, 73.64048770484, 69.28904055663045, 70.47314658131465, 75.17768867323196, 76.55994909351467, 81.54966521742224, 91.44662895596107, 90.75202753620567, 89.59355494039711, 86.84069276529688, 83.32051373718322, 78.48271393475136, 73.8655763230667, 73.83175025926603, 77.66272736090183, 82.49383226766506, 89.57482665198792, 83.32912856707753, 78.50575838819006, 74.7865189440635, 57.046622201739, 63.95524984387922, 74.74363260306866, 83.69085414988862, 98.3385432858067, 107.1803558072872, 109.4296220653497, 114.73336911272324, 124.93927784602734, 130.31206020360796, 124.25839911864817, 116.40051446250337, 111.62591531457832, 103.16599658202381, 98.81351188089427], [11.021793913194486, 15.069746460291361, 23.623591023517875, 35.31908792867014, 28.22730039415803, 22.042683368545422, 18.370324615425442, 39.635355088364385, 45.31250985572957, 52.9567490962428, 61.56979023776814, 70.76007764763578, 63.22254583421339, 55.27435325813889, 47.31325338459077, 6.466029109927515, 12.537556967382361, 19.975950249169077, 29.127089167925096, 39.79558625410393, 36.17187613196357, 25.583393987190775, 17.852538227119105, 9.919580165046911, 0.0, 41.293439716707404, 48.3567773507723, 55.60679293343785, 65.37259085808128, 71.64937582543787, 71.04380598316881, 63.31111005367309, 57.01243033168746, 49.72969221324261, 43.56305208136769, 14.153420694408435, 21.638878219339215, 34.03786958080358, 42.06757170407131, 52.1202479780864, 56.244428354279805, 60.018711980948055, 61.29846894733363, 57.42230405116139, 41.937407031370384, 34.25322638268309, 28.910390370877316, 72.55622948824433, 66.78929564007755, 66.42315627776496, 70.35467221878301, 70.91718420244469, 75.49795051994703, 85.21945935521423, 85.08590361160783, 84.60769082279329, 82.77786104926902, 80.08780974958815, 76.36414709156928, 72.32579994901532, 70.55615005865937, 73.04836261657607, 76.87420184142839, 83.50772824673695, 77.78070964411982, 73.96356997247064, 71.57062004790633, 65.16093427450814, 71.16082626523983, 80.61190874871467, 88.0603682781731, 101.92933434356135, 109.12688109609239, 109.67616958058049, 111.53941163192559, 119.95926124193467, 124.72198572559914, 117.80213934386786, 109.50266682860479, 104.16240162506014, 95.52029459498745, 91.09603628137428], [48.61195446722398, 55.170740610296036, 63.65758716310405, 73.91789843253774, 66.50547795413334, 58.87315326843645, 52.12999608360216, 22.31529406406167, 17.895102674196952, 18.250706116818222, 26.57229798240973, 38.71049879841087, 32.27334589811422, 27.552524540815167, 24.942483522307597, 39.27266149857701, 50.18251832960818, 58.39046026274608, 67.61124792519078, 77.630536274857, 75.2141133652545, 65.79223211699545, 58.35771936471781, 50.87338037997083, 41.293439716707404, 0.0, 7.370862701808113, 15.315754380559742, 26.777066016071625, 34.12125787486451, 33.36372857492301, 24.00637752823256, 17.29688704065636, 10.747998610198367, 6.719351068774799, 30.149333262603637, 37.45147811940997, 45.858116334218295, 59.35724009724665, 64.8340357020728, 63.40575826848469, 60.73853324843801, 57.42525267647441, 48.87723815750089, 35.68128372884458, 26.919154745946056, 16.85753680355303, 90.55210257914388, 81.25191262