{
	"dissimilarities": [[0.0, 7.39267475942132, 15.997495406026816, 26.780650185685005, 18.54574260493769, 11.381044038179189, 9.531355551049074, 45.48165917981816, 51.265428790392704, 59.5769175586571, 67.81821369679055, 75.66694603134926, 68.41779849545705, 60.269382807028556, 52.01635112919347, 19.707071175306314, 18.89810310845599, 20.842436893602464, 24.9641025912639, 29.809460408651542, 27.876031200014065, 19.82215494024098, 15.931650280835099, 11.440253252145252, 13.658707497611731, 51.7351669314922, 58.73301968296792, 64.29668117651393, 72.66095082309502, 79.23011453941498, 77.55848349651333, 71.87450540294427, 65.21639336350306, 58.039670948816195, 51.936864228141786, 22.45303555958421, 26.06373343407903, 37.826169265805916, 41.756905591271575, 50.83841254171323, 57.54072211378044, 62.04146390641708, 63.8709994307941, 60.34936331735922, 46.60650120624515, 39.486497578328574, 35.90189668404393, 65.31639403092932, 61.96152732061583, 63.8560739735484, 68.01457200287817, 69.93442890330456, 74.4458349189187, 82.40198934357785, 85.16538903235147, 83.82504990547591, 81.56629496555185, 78.12195991298427, 73.38247808397271, 65.37479012426023, 66.64774177463302, 70.12333696576273, 74.08090366631659, 81.26999243822239, 75.62606269030933, 73.5478132516982, 69.45951109201721, 53.688247015213086, 58.08833934216789, 67.96986747374349, 77.583350407152, 90.83882454300482, 100.65913221093781, 103.00074657226918, 110.30476368166613, 118.54578179599852, 121.99643970494564, 118.00702769921826, 109.60562855630884, 106.08247169585533, 100.05039881948673, 97.05718978529187], [7.39267475942132, 0.0, 9.744685600761986, 21.946362166452346, 14.08456745511242, 10.578298412157837, 13.42774388973922, 52.871991820034324, 58.63284017373448, 66.90780518230508, 75.16656341617505, 83.04011456016805, 75.8094210320947, 67.65464255353483, 59.40135569559849, 22.674037499976006, 18.418368092251473, 17.388883931004372, 19.441300003791255, 23.734640677846983, 21.479351570374433, 13.408443689063427, 11.655609739390385, 11.214013158958439, 17.9683732258936, 58.41314508668653, 65.46617543914498, 71.11840534985504, 79.61485299268033, 86.30801055309372, 84.73861856072459, 78.9691215117311, 72.23612901621364, 65.05717612836692, 58.931982305981215, 29.020539834723653, 32.09577164470062, 42.56844099425354, 45.18900306936555, 54.42094890226805, 61.66854983261035, 66.90645023581364, 69.43648516131742, 66.62300992582364, 52.800819270129395, 46.23222760888788, 42.88235442673733, 66.98873764877602, 64.54744752501152, 67.50438989022557, 72.11133332954468, 74.70461645752046, 79.7065244302432, 88.06951954411468, 89.95108383760694, 88.11434260309412, 85.27359732656151, 81.22818478818797, 75.92566936346383, 67.39800301495066, 69.87599172539022, 74.13551800723147, 78.75456235650655, 86.76337312186367, 80.23256221898681, 77.43030894809816, 72.59967718167026, 48.801093222886365, 54.301009323660985, 65.27934016307633, 76.05792166252516, 89.76234686454644, 100.70956640026299, 104.11686033399556, 113.38268241900464, 123.38649033522529, 127.53161280345778, 124.13654824633747, 116.08860376794976, 112.93178586348402, 106.95570427777608, 103.71927423894614], [15.997495406026816, 9.744685600761986, 0.0, 12.690062848315486, 7.399781502180588, 12.31894817047312, 18.24517998596569, 60.43036391046172, 66.53175659677542, 74.98690987557131, 83.08451018751794, 90.27072318700547, 83.34593283691247, 75.26204701697914, 66.8909023057164, 32.07394119751852, 26.305297090975444, 22.245800014131344, 19.308286083215, 19.241594237316324, 15.705368856907528, 13.511031132092807, 17.218144875440153, 20.09560882808931, 27.684610828092598, 67.64464926006615, 74.5826915283061, 80.03663750652159, 88.11323809920735, 94.35214267936394, 92.84718320686265, 87.48698915282844, 81.01209701111324, 73.91421837620184, 67.8555891135406, 38.16903987750172, 39.67158926759947, 48.817041623552825, 47.84987957494598, 56.846270365657944, 65.27531752109465, 71.31224695631451, 74.02800580164609, 72.14600758546054, 60.10587076061045, 54.25694445412527, 51.80086196870081, 65.52394445627337, 65.02255787261761, 69.86439123976649, 74.90632444104111, 78.3107191622601, 83.55279975422779, 91.71390235766417, 92.65801044098163, 90.33625411293181, 86.75615667171897, 82.00525431078427, 75.86387563613056, 66.46713054734484, 71.07922735333082, 76.48127055682, 81.82411445338997, 90.23536246108196, 83.05303456289712, 79.33108941460182, 73.47924260263252, 43.16537771803247, 46.06953104011572, 56.9916944168094, 68.75713828658247, 83.00922230034969, 95.37513289022591, 100.38867583265717, 112.99676250337592, 124.5486258124174, 129.47795641374242, 127.04270553742386, 119.73535935819713, 117.629537463985, 112.61297436710501, 110.67082666052316], [26.780650185685005, 21.946362166452346, 12.690062848315486, 0.0, 10.855645087008833, 20.2038592519022, 26.0186530473153, 67.63980162465383, 74.13096316833874, 82.75147599275364, 90.48486010291225, 96.48310881176798, 90.13405358459029, 82.28469159885077, 73.87408652971483, 44.3536547017297, 38.61845638160211, 33.569500708820335, 27.757608332363382, 22.73769965549651, 18.652096005403035, 23.785728990358024, 29.34935189460488, 32.5701343686052, 39.62868734853953, 77.64337255699468, 84.31165304748289, 89.35557193692833, 96.61836228682056, 101.99853954156389, 100.54333718503791, 95.93883883492467, 89.97758845137845, 83.07689407332035, 77.19934803568532, 48.57231120156978, 48.43130900108304, 56.412403063126554, 51.052511564401115, 59.252254851719265, 68.97614177613774, 75.55653613786544, 77.89589058772395, 76.93767463181771, 67.92944245732279, 62.801512873780176, 61.411010976463444, 62.59742788084467, 64.78420461075508, 71.82201528457249, 77.09838266760072, 81.19644345744834, 86.30488073579548, 93.60648676730756, 93.77684491591073, 91.1233988206135, 86.85455226261678, 81.5059934612695, 74.49462768061878, 64.16589881152385, 71.38864127389327, 77.94862376622888, 83.82809703822049, 92.01841660407882, 84.67056846459994, 80.09770017279487, 73.25230616157941, 40.01620871192288, 35.32107224998337, 44.56184852702097, 57.18556758047069, 72.17289908521813, 86.18790258827259, 93.2305300326808, 110.0763712383271, 122.49947103582879, 128.07345343322714, 126.74691559360984, 120.4310018754788, 119.78932655038682, 116.34045782433779, 116.72784113363318], [18.54574260493769, 14.08456745511242, 7.399781502180588, 10.855645087008833, 0.0, 9.96958205185418, 16.754833933689373, 60.27123923872424, 66.85699032201309, 75.48638791697174, 83.44121671693897, 90.06867017097275, 83.04914756817512, 74.93612016939184, 66.51777670379309, 36.55527095288079, 32.09163889119923, 29.11424384067472, 26.63006417548666, 25.660693795424724, 21.72775614906985, 20.63403931433419, 23.584760463290017, 25.160700123275205, 31.31964658606987, 69.66860099717644, 76.62365204479525, 82.0339681698625, 89.92780899141704, 95.80208920771305, 93.99298324751264, 88.88265670106205, 82.52081687932218, 75.36110125389649, 69.31730918419332, 39.35855319365835, 38.501436673251504, 46.134264036428945, 42.56930023370467, 51.30291421741469, 60.32163871775765, 66.81694983263814, 69.76853631765742, 68.76471555115634, 58.20999454521723, 53.42218988106394, 52.68888887406272, 58.440246918894424, 58.514164054068985, 64.1647679308548, 69.40600371309166, 73.28019629141096, 78.73502211138468, 87.01881740906454, 87.16812136051718, 84.52971232514686, 80.5883094935829, 75.54319829641518, 69.12445259875297, 59.51544316700076, 64.83789379219394, 70.75131660760292, 76.49650313102495, 85.37606416076119, 77.5986763585487, 73.38381713487153, 67.0997972113256, 47.87652995478475, 45.969553132616305, 53.362985747004544, 63.394846694147326, 76.85358321303278, 88.57441390919783, 93.28243129215002, 106.19908628462073, 118.95013232446664, 124.75061507523068, 123.31587185798553, 116.87892558300473, 115.97792409662847, 112.6073863338941, 112.53019905269372], [11.381044038179189, 10.578298412157837, 12.31894817047312, 20.2038592519022, 9.96958205185418, 0.0, 7.317528463185366, 51.23793067744041, 57.828022340547406, 66.41875993838323, 74.46290141104836, 81.46428073746806, 74.0730909754786, 65.8425205203575, 57.464841919101225, 29.849510999090942, 27.89089331263074, 27.859372851100026, 29.018766330219844, 31.119219303503964, 27.878616938753936, 22.580059822463934, 21.852487952332865, 20.23055436910709, 23.805058860559303, 60.515760175259516, 67.5594040874107, 73.10236482633096, 81.25384757134701, 87.33830321573737, 85.29439419681285, 79.94566657429839, 73.41911354697149, 66.15369770666264, 60.06436945098742, 29.785849488244633, 28.57654183634901, 36.99698872670658, 35.97316501305057, 45.07559172521363, 53.18099867141678, 59.03051646463855, 61.824667209877006, 60.17813550662531, 48.51524073829907, 43.529731572519275, 43.06961927069982, 56.424685341831136, 54.363827066403495, 58.16926765801813, 63.02200399456525, 66.18065984623684, 71.46018857552674, 80.02161986755573, 80.93953265284325, 78.7390265757329, 75.50041207684518, 71.1596212372755, 65.59430199377195, 56.886022718806856, 59.950874230172325, 64.7759360225681, 69.87907964869294, 78.49712432641289, 71.21046254628348, 67.84318061196767, 62.55139407722955, 54.77422055787511, 54.19647343532275, 60.751969809828516, 69.02680413712778, 81.52091327014233, 91.26832862751164, 93.94480669421252, 103.08601139042636, 114.4421805495181, 119.70711483197515, 117.62798812650479, 110.75516724921123, 109.29687106809463, 105.74188011482174, 105.35709089923107], [9.531355551049074, 13.42774388973922, 18.24517998596569, 26.0186530473153, 16.754833933689373, 7.317528463185366, 0.0, 43.9311588278742, 50.56767004834296, 59.18219907542711, 67.18987032871163, 74.15995112037785, 66.75809831213344, 58.535827082852215, 50.15289556464083, 27.40546949612612, 27.874324641812834, 29.777987666720747, 32.67280289220478, 35.776322319029184, 32.987764025758665, 26.77175398201197, 24.235691472248384, 20.268523689147024, 20.716453541894882, 54.00918520984453, 60.94231482047939, 66.36045555630741, 74.33892727592126, 80.28362100842605, 78.15388288990924, 72.90639201985783, 66.48281141403962, 59.25720718226725, 53.229088008759334, 23.784303165223303, 22.555306303103517, 32.475014827883214, 33.06690204461098, 42.071113023227944, 49.55254628953897, 54.557454010571306, 56.54806934522307, 54.06004428369786, 42.43441560450482, 36.87261174832075, 36.35406606770452, 55.821529516770234, 52.65272499147342, 55.16836126361682, 59.507597936562235, 61.87857207529541, 66.61096711224063, 74.7388422150546, 76.70333905495353, 75.07871689564668, 72.51597446830351, 68.8723558095713, 63.963571640211875, 55.86419587286031, 57.47933158727781, 61.37870937593715, 65.71891514182245, 73.41290196418517, 67.13910209557977, 64.61960761348591, 60.198131075042795, 58.864968568741865, 58.20671057834916, 64.26407933715403, 71.57936897404248, 83.68955159322083, 92.31626476273524, 93.89421041466719, 100.88990869045718, 110.21081372736158, 114.6524236943731, 111.8484196023002, 104.52210583264481, 102.59573136259802, 98.88061104475447, 98.63920680508855], [45.48165917981816, 52.871991820034324, 60.43036391046172, 67.63980162465383, 60.27123923872424, 51.23793067744041, 43.9311588278742, 0.0, 7.592955490358416, 16.08801423332675, 23.49984255012565, 30.77090098955115, 22.975171623221318, 14.853612929564479, 6.623961178937117, 45.02443663016978, 53.718112562543325, 60.60844740533311, 67.57886352432742, 73.0134930706039, 71.78060841856481, 64.2145420547546, 58.25893103930044, 50.7202324568713, 41.88773989905173, 23.821523856948236, 26.992797991639993, 29.72416935414334, 34.81014649908976, 39.03568918604596, 35.88901506110206, 31.863334861673486, 27.23241597420497, 21.70818353389915, 18.419498669429498, 28.54682749634162, 29.763906299996307, 37.61771153926029, 47.208347695029204, 50.700386775253286, 50.74120225544659, 47.77118484020992, 42.7116671469585, 32.75695252043772, 26.903414535029626, 19.162825930045233, 17.29486915834861, 72.10761027664675, 64.13900371799622, 58.394430947268205, 58.0729085036249, 54.130655532785156, 53.332344057173394, 56.14290268820577, 66.12312496320149, 68.9544993330382, 71.48390152069751, 72.94141491562316, 72.94582744359612, 70.09731273494054, 63.34062376469106, 60.28964603211139, 58.09533260647025, 56.80623482224048, 59.85904714364523, 63.86292562238071, 66.0260155419838, 91.9698380864637, 91.98091299942256, 96.19339398437873, 99.2650181890322, 108.65841579123995, 111.31005155204971, 107.11782917770475, 100.83294264396699, 95.63195888238623, 93.40744223412631, 84.69854447680312, 73.62654900084125, 66.83003971758674, 60.82962531859272, 60.86629890853148], [51.265428790392704, 58.63284017373448, 66.53175659677542, 74.13096316833874, 66.85699032201309, 57.828022340547406, 50.56767004834296, 7.592955490358416, 0.0, 8.737207576344744, 16.655159786085875, 25.43882501423704, 17.775066032301147, 10.472304004233692, 6.296574623826355, 48.54884243927361, 57.63424480986507, 64.84168532633387, 72.2284173787731, 78.06786882303071, 77.13924785913957, 69.32447214360307, 63.056516433335396, 55.46730798978279, 46.30341931482441, 19.8195384362196, 21.177208800167218, 22.86703051169718, 27.319022224190732, 31.697767102733863, 28.50069772954224, 24.275061658727644, 19.98054807796938, 15.32263292205664, 13.730822674416672, 33.340518918795695, 35.98371772131751, 43.547064718993, 54.32546059219136, 57.51929546335941, 56.72119096745069, 52.98140102813837, 47.513420740326474, 37.01753276290167, 31.391316623113006, 24.025128117971605, 20.3307451229237, 79.2759594771921, 71.00253255725605, 64.55440960793823, 63.78659535772814, 59.2093541653533, 57.76014681788984, 59.725649225810834, 70.6361074988484, 73.98222918937297, 77.08987708569602, 79.05824441270532, 79.5437796936051, 77.16103470562689, 69.79129812261321, 66.08176565309459, 63.17939440698349, 60.71751367532345, 64.9760072196493, 69.66165436497188, 72.45728655182907, 96.48986203266959, 97.83301369293207, 102.86561494700906, 106.24280173871519, 115.73740307464423, 118.2293554354831, 113.75612717871314, 106.20755975346738, 98.95013748475488, 95.37352780807333, 85.30587725598136, 73.24115497156062, 64.61834714791932, 56.59526371677231, 54.61202249026665], [59.5769175586571, 66.90780518230508, 74.98690987557131, 82.75147599275364, 75.48638791697174, 66.41875993838323, 59.18219907542711, 16.08801423332675, 8.737207576344744, 0.0, 8.476900596989209, 19.223065078628952, 11.978482696349733, 8.396332079754172, 11.974467426670717, 55.369970677660746, 64.7225390659855, 72.17814363763475, 79.8695162194016, 85.97784732072249, 85.22782703446161, 77.2310144517398, 70.74378139616253, 63.13043919622886, 53.766854014649724, 20.335168853720543, 18.55061714856991, 17.920272053331278, 20.26041283200545, 24.100365282627088, 20.35490474483568, 16.351033507740144, 13.622094259270488, 12.115302579602293, 14.39405992442004, 40.92054470973604, 43.80108278566615, 50.31078579770112, 61.741975476052154, 64.27381366050484, 62.41041977801641, 57.687932142702444, 51.64347068018239, 40.8111251853242, 36.64710553517616, 30.5718459740472, 27.072306712897333, 86.31774626577048, 77.61019739673272, 70.24497060193148, 68.84732401262508, 63.48949378709715, 61.19130549743166, 62.09062649303055, 73.9689282695269, 77.94211299271056, 81.78815016543764, 84.4564272528487, 85.64132919875117, 84.02048313522931, 75.75640523450473, 71.16915044645384, 67.35382518131452, 63.452174799077724, 69.15515051336068, 74.69379040717429, 78.35456131879626, 103.9800200235464, 105.93816118107009, 111.08771343172486, 114.20036084680318, 123.38695524596325, 125.20209432735945, 120.02079005963786, 110.43833221404672, 100.81638936070094, 95.85794143100246, 84.5157160134182, 71.68211524971855, 61.42681983111248, 52.02270934343201, 48.71697714149823], [67.81821369679055, 75.16656341617505, 83.08451018751794, 90.48486010291225, 83.44121671693897, 74.46290141104836, 67.18987032871163, 23.49984255012565, 16.655159786085875, 8.476900596989209, 0.0, 11.97896540917854, 7.370057432651798, 11.100585579174146, 18.18069295673732, 63.74846322028043, 73.08089304870572, 80.4743006964287, 88.05541049227065, 93.99999819511488, 93.27031984501048, 85.51571345998833, 79.11427207171018, 71.53636032122932, 62.21248610791225, 26.99228159371812, 23.268093571357408, 20.255305795955238, 18.09791369598924, 18.77148002283989, 14.241277402759557, 13.436164651248545, 15.135029921207487, 17.55906387847911, 21.67361090790095, 49.36152206576979, 51.73144935691564, 57.305774738462866, 68.05370993555826, 69.76077528018718, 67.26317571261177, 61.695372594453325, 54.709865217827996, 43.80306954234421, 42.73677018809918, 37.96371260291209, 35.45199179855702, 91.25329086739455, 82.5123589596103, 74.63008596422337, 72.5924573578709, 66.55078518645745, 63.197969093961596, 62.44833171399658, 75.37566504147593, 80.04170461604322, 84.58226855033173, 87.95200549014666, 89.75228825474896, 88.81187284653163, 80.00209994671849, 74.70217617728046, 69.98209181617135, 64.21526370034428, 71.65743089066046, 77.97326032218008, 82.40205219798868, 111.29428225047174, 112.61136621170738, 117.13727370436091, 119.5358975428499, 128.1944762382793, 129.1362235184708, 123.26433308657349, 112.01116468654281, 99.518721909443, 93.045823836161, 80.49643969531563, 67.04454266645543, 55.5636221701881, 45.78466200382159, 43.472862063882026], [75.66694603134926, 83.04011456016805, 90.27072318700547, 96.48310881176798, 90.06867017097275, 81.46428073746806, 74.15995112037785, 30.77090098955115, 25.43882501423704, 19.223065078628952, 11.97896540917854, 0.0, 9.747493208566704, 17.50505546277169, 24.831648384579264, 73.72073874693766, 82.68114137500586, 89.59076074884982, 96.47313766891239, 101.62086070458469, 100.7089711858773, 93.84757067020503, 87.97139225133071, 80.53883161928117, 71.5818668893061, 38.812353289741836, 35.01321336958269, 31.25118392979501, 25.836809345758834, 21.362172764943107, 17.61218048421018, 22.132367396879282, 26.39643196551371, 29.47623284736708, 33.322842585285834, 58.68408624593719, 59.75112591135555, 64.48416426690805, 72.63673428087284, 73.21222888939778, 70.71681954402862, 64.50298451170254, 55.96536817500989, 45.38963922644333, 49.74066476128934, 46.282841519220334, 45.41881790959674, 92.6243259866579, 84.56918012268638, 76.83311679296418, 74.1190525444317, 67.53716040262951, 62.73207693759697, 59.158277722733565, 73.39847359562789, 78.91044298736601, 84.09148638099059, 88.185956629579, 90.47565227249262, 90.11194778164963, 81.35935431994434, 75.6050321850834, 69.95805750675999, 61.436791797839234, 71.27298146161695, 78.26517206915233, 83.32187012687088, 117.63474664297028, 116.42510901276077, 119.17683002197543, 120.1332020895359, 127.87156461090753, 127.60831685054916, 121.10930618561035, 108.86637025172354, 92.34800629569911, 83.92331720015169, 70.04773043766967, 55.96299179682793, 43.800473996558736, 35.89537199983202, 40.2378777035309], [68.41779849545705, 75.8094210320947, 83.34593283691247, 90.13405358459029, 83.04914756817512, 74.0730909754786, 66.75809831213344, 22.975171623221318, 17.775066032301147, 11.978482696349733, 7.370057432651798, 9.747493208566704, 0.0, 8.433320791057874, 16.625183364544224, 66.14589752904075, 75.36198791310106, 82.6093517796468, 89.87941297415708, 95.41849878444728, 94.37300300029365, 86.87999068827551, 80.72050331745251, 73.11316704003247, 63.92515457373516, 31.820609675221906, 29.232398500252522, 27.112218884727895, 25.387730122632888, 24.807099617117213, 20.19600897448241, 20.59044301993332, 21.846507365881163, 22.961921981220083, 25.95555575587017, 50.34198020530913, 50.93218065455641, 55.22411651880549, 64.53379597647519, 65.42050878520335, 62.63948670425901, 56.635949993245035, 48.93354401121094, 38.1021941448701, 40.26068691529951, 36.91795768533094, 36.81866029659643, 86.30906686958673, 77.55479648812619, 69.45733592629125, 67.04537482007272, 60.706732055820126, 56.80380679948079, 55.356165457906286, 68.59875600526227, 73.52428697536837, 78.33317427620412, 82.04200566246618, 84.1864565186528, 83.74894302163564, 74.59412003692914, 68.93988428616123, 63.7922730073537, 57.23193712090143, 65.36330977154797, 72.00871505616735, 76.83684437066843, 113.0077215016749, 112.32355357530345, 115.1734164656803, 116.3066382009308, 124.09631763887174, 124.03139319638134, 117.4334702263227, 105.15641878825038, 92.29402321597034, 86.14197464635676, 74.19774303083493, 61.44939142810003, 51.55338650988715, 45.26934142803868, 47.614933136944984], [60.269382807028556, 67.65464255353483, 75.26204701697914, 82.28469159885077, 74.93612016939184, 65.8425205203575, 58.535827082852215, 14.853612929564479, 10.472304004233692, 8.396332079754172, 11.100585579174146, 17.50505546277169, 8.433320791057874, 0.0, 8.42714318439369, 58.365998606799806, 67.54177441292278, 74.80254731922706, 82.10133887720795, 87.70940565373814, 86.56689046729947, 78.88599385809175, 72.7030650839681, 65.06297707038918, 55.89185295366423, 26.874159380597472, 26.202819233963908, 26.041230634120367, 27.590910083329145, 29.53967168327597, 25.27352152142762, 23.08995502366603, 21.336133691430813, 19.559777511163286, 20.63382384314604, 42.08795560118121, 42.535949670646325, 47.3772910401953, 57.13546709861844, 58.70373274361627, 56.48900250829758, 51.24249655474398, 44.36283172131764, 33.43837509544412, 33.011811894690574, 28.79026724382285, 28.823686674253366, 80.2427595898187, 71.44052287831003, 63.77038306654475, 61.95753797395152, 56.25803031650007, 53.41479749737022, 53.762482739370114, 65.90938802776932, 70.12761926468646, 74.24801233082871, 77.2778301062528, 78.8457008947767, 77.79277742997752, 69.06801931663263, 64.06676924909306, 59.79837475303076, 55.19417597807367, 61.50762817525833, 67.40458143571432, 71.51441630789755, 106.08237969849618, 105.62825838001716, 108.76270951564427, 110.37158222459591, 118.54677201306231, 119.19399033006809, 113.15884903689275, 102.41619324883162, 92.6406997604112, 88.21035826791763, 77.69520123132864, 65.75251095343607, 57.34110177195694, 51.55027467366196, 52.95678527044015], [52.01635112919347, 59.40135569559849, 66.8909023057164, 73.87408652971483, 66.51777670379309, 57.464841919101225, 50.15289556464083, 6.623961178937117, 6.296574623826355, 11.974467426670717, 18.18069295673732, 24.831648384579264, 16.625183364544224, 8.42714318439369, 0.0, 51.229666547007604, 60.11863996243452, 67.14341261872856, 74.19427508821813, 79.61976940585137, 78.37043742229018, 70.8192518734089, 64.8156336911283, 57.23641425409789, 48.28576465149504, 25.207636911183208, 26.772911329337006, 28.339173240894628, 31.999457731857785, 35.21569554504419, 31.562076569827152, 28.324352075324107, 24.776944094280434, 20.58383729368497, 19.08984569557515, 34.5818235636043, 34.98021513333092, 41.09755143485883, 50.5112915887308, 52.963148899096, 51.932468808553224, 47.83216424712281, 41.75204363200592, 31.157133433873934, 28.345376054149874, 22.535820650321348, 22.32002753016837, 74.43370001826271, 66.05318688240727, 59.374345595909126, 58.32200300725689, 53.525053158926745, 51.746875719289775, 53.44857224041793, 64.45971604440687, 67.93996292982807, 71.21045886988921, 73.4175831541406, 74.16793344453644, 72.19434509858428, 64.46076994897585, 60.46578565791716, 57.27915831606488, 54.44787532199511, 59.014895240763295, 63.92463083580839, 67.02697904187525, 98.32637932082308, 97.73714832295452, 101.13838653657942, 103.31109460987845, 112.01271584865236, 113.5984258293493, 108.46159593649494, 100.07136403566642, 92.8797959713417, 89.80891249817081, 80.46139632180538, 69.13730299883336, 61.95390391708482, 56.50757166952766, 57.7030420274897], [19.707071175306314, 22.674037499976006, 32.07394119751852, 44.3536547017297, 36.55527095288079, 29.849510999090942, 27.40546949612612, 45.02443663016978, 48.54884243927361, 55.369970677660746, 63.74846322028043, 73.72073874693766, 66.14589752904075, 58.365998606799806, 51.229666547007604, 0.0, 10.149150485253479, 19.094323191830966, 29.115719934420472, 38.185752332474586, 38.204380680351626, 26.857004647572307, 18.732420600436292, 12.229285704422521, 6.860302334791231, 41.48662920063048, 48.56095875738356, 54.715543529908395, 64.46769808257544, 72.7175530277981, 71.3947490476752, 64.32932284805514, 56.92488987650604, 49.93568213424415, 43.96573660282163, 19.14368742268699, 29.46520581572873, 41.66564203796011, 53.23818815909652, 61.933354028376186, 65.75624133868673, 68.6589831256925, 70.61407690118503, 65.37537174962682, 47.070488273761484, 38.47635964991098, 30.593584530385357, 80.98736795803114, 75.17527918065039, 74.06648561690643, 77.44899585275562, 78.01434198941668, 82.17532014903591, 90.57092672941869, 94.6936584124361, 94.02492234329927, 92.89348570842635, 90.44385784797666, 87.00618290006256, 80.47637381016806, 78.79630862660137, 80.4052307979111, 83.152924138773, 89.77633288479684, 85.14439523524477, 84.51724866401031, 82.03734544203641, 61.747425568915936, 73.84240082443849, 86.76970265204216, 97.22229547116193, 110.49863577928699, 119.69621010833207, 120.77225395656612, 124.00349238927433, 130.37035833173684, 132.34452274518785, 126.37219341202956, 116.31073849069762, 109.93590157763792, 100.37311203790995, 91.99951016740116], [18.89810310845599, 18.418368092251473, 26.305297090975444, 38.61845638160211, 32.09163889119923, 27.89089331263074, 27.874324641812834, 53.718112562543325, 57.63424480986507, 64.7225390659855, 73.08089304870572, 82.68114137500586, 75.36198791310106, 67.54177441292278, 60.11863996243452, 10.149150485253479, 0.0, 9.148671913106133, 19.535082182621117, 29.14135477722863, 29.532833552329716, 17.96167889435667, 10.095409930041823, 7.727929973488761, 12.528824030763818, 51.3159892516326, 58.2393328367204, 64.20657595078411, 73.64192843131737, 81.66735493168831, 80.58397779576411, 73.77203107625785, 66.55339063798019, 59.6676671675012, 53.739595895811206, 27.71290172386791, 36.300980614600526, 47.89252217505916, 56.9664541701663, 66.08444543619187, 71.08596661482576, 74.99050583644802, 77.46032931316584, 72.99493244401575, 55.395036879632386, 47.30917771421745, 40.20383976242599, 82.68251687804982, 78.21270217510634, 78.68297885633265, 82.6568258433419, 84.07060118607066, 88.71537332505136, 97.30743363056735, 100.57709580113799, 99.37739894569306, 97.50798769162631, 94.30347682670259, 90.03851269815556, 82.6180198752244, 82.67396889392278, 85.3849158356124, 88.96164606393069, 96.32432125450455, 90.81568555109664, 89.27539315723195, 85.77524396600728, 53.22802944229934, 67.369502200995, 82.00056550225452, 94.03338824071693, 108.09578290468515, 118.86792475740366, 121.48880602204946, 127.69497792963283, 135.7223668268457, 138.33424625717265, 132.95764718154322, 123.22434366726753, 117.34427450703099, 107.85932321862413, 99.60357921231288], [20.842436893602464, 17.388883931004372, 22.245800014131344, 33.569500708820335, 29.11424384067472, 27.859372851100026, 29.777987666720747, 60.60844740533311, 64.84168532633387, 72.17814363763475, 80.4743006964287, 89.59076074884982, 82.6093517796468, 74.80254731922706, 67.14341261872856, 19.094323191830966, 9.148671913106133, 0.0, 10.554317380154528, 20.50157453735846, 21.402216457285373, 10.675002391154248, 6.340305812192501, 11.4878353664485, 20.041952590949762, 59.622159423187654, 66.38925096885666, 72.11085743810428, 81.10107133639309, 88.76036204019915, 87.8922784609352, 81.44594662561614, 74.48526605239705, 67.70343596778426, 61.82140687023848, 35.39272894452918, 42.871235536472405, 54.178050852769346, 60.780561320178414, 70.06160443352101, 76.11955607445198, 80.70623192878477, 83.27160398623832, 79.31294656990806, 62.800496996057134, 54.93305261461133, 48.25130043647628, 84.13287350607638, 81.05580863294426, 82.9523368983938, 87.32298758643611, 89.34522532980236, 94.1885556797535, 102.61289996654268, 105.36870027578628, 103.83696939244174, 101.40820230462027, 97.64164995536166, 92.67724576021712, 84.4702053105587, 86.14134830665536, 89.75124154058632, 93.89888118249034, 101.52336402363314, 95.5880633745447, 93.36538497032191, 89.04990436628253, 44.726875020754356, 60.438129146053576, 76.66828930043741, 90.16740239000296, 104.98932015533379, 117.22245456875302, 121.34423895426538, 130.40631998284874, 139.35006139931113, 142.30590113994475, 137.34980396570822, 127.87565175659466, 122.44038288879827, 113.1005100071212, 105.28746898531766], [24.9641025912639, 19.441300003791255, 19.308286083215, 27.757608332363382, 26.63006417548666, 29.018766330219844, 32.67280289220478, 67.57886352432742, 72.2284173787731, 79.8695162194016, 88.05541049227065, 96.47313766891239, 89.87941297415708, 82.10133887720795, 74.19427508821813, 29.115719934420472, 19.535082182621117, 10.554317380154528, 0.0, 10.158841352074605, 11.834289989737831, 7.07336358806537, 12.266180515426711, 19.433743903922906, 28.814407751867353, 68.68906548887475, 75.31705230916415, 80.75795907428841, 89.18388491339152, 96.2994389124934, 95.58643517826701, 89.64033128548935, 83.00457395035828, 76.30551458300147, 70.46224250328439, 43.642366656220894, 49.8252417209926, 60.76443432866143, 64.41468092950143, 73.67371379547399, 80.88626770848298, 86.13160382059033, 88.64859866735945, 85.27567451098689, 70.32957967910177, 62.75484675039543, 56.716148404305734, 84.60186979627997, 83.22052286956996, 86.73158689455957, 91.46481105723316, 94.11391324639145, 99.06902398157752, 107.13919925063033, 109.34486182849892, 107.48986486038415, 104.4702535317091, 100.13412317148895, 94.42339241467552, 85.39005344058954, 88.91085265075841, 93.48571290693664, 98.19565316725706, 105.94442738169728, 99.66443151866511, 96.72162255482696, 91.54564571998561, 34.98361714319804, 51.442700789977174, 69.205912043971, 84.22154606902555, 99.81055220119082, 113.61671721945909, 119.44418663803795, 131.7978001971592, 141.59299545794906, 144.9432877621695, 140.57334610756268, 131.53951253184562, 126.83234179915877, 118.04339982321427, 111.32077105900036], [29.809460408651542, 23.734640677846983, 19.241594237316324, 22.73769965549651, 25.660693795424724, 31.119219303503964, 35.776322319029184, 73.0134930706039, 78.06786882303071, 85.97784732072249, 93.99999819511488, 101.62086070458469, 95.41849878444728, 87.70940565373814, 79.61976940585137, 38.185752332474586, 29.14135477722863, 20.50157453735846, 10.158841352074605, 0.0, 4.279930737654292, 13.135864626513325, 20.788872577282607, 27.551401722642854, 36.82756073057647, 76.42604403263189, 82.92377079500419, 88.08292907827861, 95.91632921640688, 102.41069816182899, 101.77356151336252, 96.37550181585279, 90.08780541815838, 83.46535663514803, 77.67428343342964, 50.727522211535664, 55.65398146531115, 66.20124978957061, 67.0049966396728, 76.04052159046246, 84.26340152958976, 89.98999714293596, 92.29612607760347, 89.46745767879415, 76.32184638144705, 69.07402151273259, 63.764860844366915, 83.81779021739058, 84.1054161795439, 89.0836162243549, 94.054236470099, 97.20571199598602, 102.13642087956616, 109.69237857177586, 111.44334022201451, 109.3564615930407, 105.84960084626714, 101.07097333447656, 94.73148513494078, 85.01073432939253, 90.23699508160354, 95.63212666466706, 100.76027925379866, 108.42236549929581, 101.9916479089514, 98.45359530575625, 92.56364729663075, 26.716529773202673, 41.93942537831308, 60.82634436555557, 77.10682147187411, 93.33862158287407, 108.50498535466669, 115.89723619649301, 131.3078612908376, 141.63148978342232, 145.31735360598947, 141.5721512606009, 133.0766681022241, 129.23741016423736, 121.30286448838125, 116.10092979270001], [27.876031200014065, 21.479351570374433, 15.705368856907528, 18.652096005403035, 21.72775614906985, 27.878616938753936, 32.987764025758665, 71.78060841856481, 77.13924785913957, 85.22782703446161, 93.27031984501048, 100.7089711858773, 94.37300300029365, 86.56689046729947, 78.37043742229018, 38.204380680351626, 29.532833552329716, 21.402216457285373, 11.834289989737831, 4.279930737654292, 0.0, 12.351668720672121, 20.387390499690607, 26.878101068217852, 36.15798456201038, 76.28014591492668, 82.89901397457956, 88.12459028985397, 95.98610332117437, 102.37479811473844, 101.54744876758433, 96.20066578207681, 89.88274543505419, 83.13496996238098, 77.26361219911817, 49.493351914083654, 53.532001217381165, 63.614905771878156, 63.55104998878616, 72.52255789781513, 80.9622199600958, 86.90044752427993, 89.35728640533307, 86.89959039979853, 74.20532104931831, 67.35309708704342, 62.77343681240517, 79.74667500480393, 80.23857783055928, 85.51886154145149, 90.58456855401012, 93.94344276338232, 98.9997073094741, 106.67357992360377, 108.0534634794195, 105.81359078660488, 102.14541685075599, 97.23412692934947, 90.7843693237219, 80.99322253566595, 86.48397886038916, 92.08703015207995, 97.39981888496679, 105.32295074749965, 98.5875003001509, 94.83356256868431, 88.76385211177569, 28.966262259043866, 40.58699665477529, 58.02382313201595, 73.71732401403204, 89.67517239391205, 104.60187731818407, 111.86194186551214, 127.37777534412947, 138.3320542617926, 142.46500359945668, 139.2095988961299, 131.1236739072698, 127.8699588040718, 120.75920866838365, 116.51447295261526], [19.82215494024098, 13.408443689063427, 13.511031132092807, 23.785728990358024, 20.63403931433419, 22.580059822463934, 26.77175398201197, 64.2145420547546, 69.32447214360307, 77.2310144517398, 85.51571345998833, 93.84757067020503, 86.87999068827551, 78.88599385809175, 70.8192518734089, 26.857004647572307, 17.96167889435667, 10.675002391154248, 7.07336358806537, 13.135864626513325, 12.351668720672121, 0.0, 8.291862828538886, 15.520759215486969, 25.324375267445287, 66.67452530187991, 73.58183333035066, 79.23646286726037, 87.89023455329331, 94.99056887504521, 93.90803912633608, 87.89304831794321, 81.09274387868447, 74.12717887374926, 68.10560487618552, 39.50571917513013, 44.38562939297268, 54.631780674045395, 57.74622324280589, 67.01919310946892, 74.29230414020257, 79.7991755068656, 82.70483774084188, 79.83983396059692, 65.03218131350405, 58.083684825947195, 53.21886014723623, 78.0976854357607, 76.48525099046617, 80.0374619752439, 84.88465070072198, 87.76209900351631, 92.98432921940538, 101.47327666032483, 103.13892149958959, 101.06942568589703, 97.90691078357413, 93.46522404631978, 87.76192303363963, 78.84114343760014, 82.24466324356762, 86.93063601703535, 91.85849206898625, 100.15115898568688, 93.33240812299938, 90.18125884298362, 84.90840204937409, 39.67437726964734, 51.941719990932405, 67.24439056913498, 80.89863408357867, 95.77102551357243, 108.73991853636927, 113.8656971355064, 125.45407976972095, 136.23849467491138, 140.28520770103188, 136.59727060760116, 128.1277825175702, 124.20183007724043, 116.6211147204667, 111.17360934650327], [15.931650280835099, 11.655609739390385, 17.218144875440153, 29.34935189460488, 23.584760463290017, 21.852487952332865, 24.235691472248384, 58.25893103930044, 63.056516433335396, 70.74378139616253, 79.11427207171018, 87.97139225133071, 80.72050331745251, 72.7030650839681, 64.8156336911283, 18.732420600436292, 10.095409930041823, 6.340305812192501, 12.266180515426711, 20.788872577282607, 20.387390499690607, 8.291862828538886, 0.0, 7.8742740126635775, 17.709504116507777, 59.21497052859885, 66.22830393445739, 72.08174020060247, 81.132722891688, 88.61810346346354, 87.42135404647992, 81.04804435037359, 74.01598405688924, 66.98565224198248, 60.92954159333303, 32.4626431600502, 38.45884699476733, 49.21321189313509, 54.87007751492495, 64.17864254512614, 70.5014640009139, 75.42053492161106, 78.28203833662387, 74.86345186057034, 58.78968382133875, 51.51990441152936, 46.118365409060736, 77.95433790757508, 74.92182644809985, 77.0940786158368, 81.61364096107054, 83.92499411272077, 89.00410975379882, 97.70995408396581, 99.92701266153773, 98.17201715864634, 95.53604430338758, 91.60526472615109, 86.53985076499103, 78.30829267623373, 80.14057383121215, 83.98873621012139, 88.40427305329483, 96.49315608302986, 90.0580273341948, 87.55193032646818, 83.02997579935041, 46.599589551581175, 58.93688916791644, 73.28699260178571, 85.78674615407213, 100.08051329875647, 111.78307202350275, 115.53857508726271, 124.44011094508613, 134.30136378460165, 137.92146625330477, 133.67804165554676, 124.8009801719694, 120.24227655449079, 112.17841226840484, 105.89904661597946], [11.440253252145252, 11.214013158958439, 20.09560882808931, 32.5701343686052, 25.160700123275205, 20.23055436910709, 20.268523689147024, 50.7202324568713, 55.46730798978279, 63.13043919622886, 71.53636032122932, 80.53883161928117, 73.11316704003247, 65.06297707038918, 57.23641425409789, 12.229285704422521, 7.727929973488761, 11.4878353664485, 19.433743903922906, 27.551401722642854, 26.878101068217852, 15.520759215486969, 7.8742740126635775, 0.0, 9.89755249955316, 51.72608174828506, 58.833705936325494, 64.76507501599286, 73.93302540898038, 81.46952904019312, 80.09090515642117, 73.63189822580253, 66.52252067839589, 59.4008759187318, 53.29298923365543, 24.633393301509013, 31.397992581240434, 42.94929176249616, 50.21845869505487, 59.41212472316133, 65.07593821517852, 69.37784132456473, 71.85961318397553, 67.92476222262404, 51.47340277727776, 43.85898774430643, 38.25430694742987, 75.18475488822271, 71.12242917876361, 72.20592566247753, 76.35056067560085, 78.09527128885296, 82.85831246901817, 91.43557225230546, 94.27246334359623, 92.8936901410902, 90.76805421898582, 87.3633635198305, 82.85757673158348, 75.19511868947882, 75.7739166830193, 78.88114269549268, 82.74897634652523, 90.34054954955226, 84.49844553346084, 82.6167146048111, 78.78551830140115, 52.636244614200585, 63.08317557062221, 75.92264167047905, 87.07581939900065, 100.78173188456628, 111.22696924075994, 113.76418987605928, 120.46722360297052, 129.08374175844406, 132.2601935331676, 127.6145384131294, 118.52192519864043, 113.70339118325678, 105.71866854630667, 99.61853993216245], [13.658707497611731, 17.9683732258936, 27.684610828092598, 39.62868734853953, 31.31964658606987, 23.805058860559303, 20.716453541894882, 41.88773989905173, 46.30341931482441, 53.766854014649724, 62.21248610791225, 71.5818668893061, 63.92515457373516, 55.89185295366423, 48.28576465149504, 6.860302334791231, 12.528824030763818, 20.041952590949762, 28.814407751867353, 36.82756073057647, 36.15798456201038, 25.324375267445287, 17.709504116507777, 9.89755249955316, 0.0, 42.069038521693244, 49.28519366878063, 55.34372204000102, 64.74463294715792, 72.46300277077746, 70.8809845685535, 64.21187203516095, 56.95927042091177, 49.748637847709404, 43.5969106131487, 15.387095330864305, 24.404691837931534, 37.091739615286784, 47.16483030151211, 55.947101397215484, 60.38140887500213, 63.596368597570525, 65.4556138162702, 60.60023755817723, 43.36201232199849, 35.02126092751194, 28.545429969367532, 74.41481327397192, 68.9274576771148, 68.3128659507119, 71.82122235335075, 72.63269998776727, 76.85169416943658, 85.17263359583742, 89.0127799142907, 88.23028882534788, 86.90643101183133, 84.3169946210172, 80.68508709434703, 73.9471513655588, 72.67299902559776, 74.59359604349169, 77.5560584338214, 84.29292086644963, 79.45385549903276, 78.57268989874999, 75.83791869486726, 60.85344118247422, 70.00272407124724, 81.42467421388434, 91.0900772864816, 104.05554914622995, 112.94572991542152, 113.94180551688456, 117.60591020144867, 124.31520632931127, 126.71684324423393, 121.33620145343419, 111.80133556106509, 106.3594399949805, 98.13652665376878, 91.80105565438784], [51.7351669314922, 58.41314508668653, 67.64464926006615, 77.64337255699468, 69.66860099717644, 60.515760175259516, 54.00918520984453, 23.821523856948236, 19.8195384362196, 20.335168853720543, 26.99228159371812, 38.812353289741836, 31.820609675221906, 26.874159380597472, 25.207636911183208, 41.48662920063048, 51.3159892516326, 59.622159423187654, 68.68906548887475, 76.42604403263189, 76.28014591492668, 66.67452530187991, 59.21497052859885, 51.72608174828506, 42.069038521693244, 0.0, 7.556258784215242, 14.284826948816637, 25.15586364513866, 34.36987831200563, 32.32553255309651, 24.07259854237317, 16.094719029998814, 9.717831223219202, 6.301230308890558, 31.601218803379243, 38.89857621446248, 47.45304184004588, 63.11313190706083, 67.81201457841502, 66.41853762931217, 63.50484574912297, 60.731434832774696, 51.08675875133889, 37.35406891299609, 28.790980376511737, 19.166803939404296, 91.71043538705665, 82.58018325719145,