{
	"dissimilarities": [[0.0, 7.366301593684785, 16.561241958531433, 25.546829073919056, 18.437029781493628, 12.147305135183894, 8.669991105188862, 42.21821919778069, 49.04953599842572, 57.445833749112786, 65.61122953109378, 73.35703485064431, 66.09954294479698, 58.07188810694171, 49.65637347804548, 17.61774108149342, 17.107500122713287, 20.794073804553165, 26.00911683016734, 34.22775580369187, 29.99884703932103, 21.243415797853714, 15.815335025374141, 11.261809038382292, 10.1644944219511, 48.61441516687185, 55.551947908578704, 62.10036828120466, 70.73961909316971, 76.41275625335265, 75.65984827088886, 68.83056054391021, 61.95111053539665, 54.795796295922635, 49.74441214889765, 20.746550474971738, 23.36609642101044, 35.11132960116391, 38.54252492861687, 48.93433749597203, 55.39088790618834, 60.20404925580501, 61.30415537082518, 58.07472236606087, 44.98406341266792, 38.228807850198635, 35.02839249980762, 65.01367489914536, 61.74148304803806, 62.98093604085057, 67.5257851400061, 69.60867399850314, 73.23568488111968, 82.02268896832246, 82.82703378014979, 82.03512268596954, 78.64886578340365, 75.69687809402012, 71.80958026060355, 66.13364440127229, 66.0426602998397, 69.81371620390694, 73.79114533379516, 81.04773453468552, 75.38301057745674, 71.41825588492237, 67.87299970320201, 56.83325734476548, 60.13352133859728, 67.66694842242411, 74.30009052617733, 88.95528003943843, 99.33425913177139, 101.32516347390374, 107.32914538950261, 115.2710040517944, 120.06148719829879, 116.92640503447537, 109.0631633541473, 105.46218821445235, 98.30657173221428, 95.58592704541074], [7.366301593684785, 0.0, 10.023329033178602, 20.232907128833737, 14.098122494575936, 10.705707572360735, 12.103144971725692, 49.56292357453987, 56.344442008157834, 64.6893010886216, 72.89245881843803, 80.7068914659803, 73.4612092216752, 65.42104049853359, 57.01485979115374, 20.05278802145871, 15.58787666982017, 16.028812253969008, 20.14870395818086, 28.400602113695925, 23.701218462819906, 14.519948678253856, 10.173756332821867, 9.467944654287855, 13.85378770467557, 55.14152780844016, 62.16203727618686, 68.836682013587, 77.60500253301997, 83.40058303024556, 82.75842669080768, 75.83208779666163, 68.89181214151819, 61.721013897696054, 56.64253911759665, 26.956700725184618, 29.21432437839023, 39.559003117344375, 41.71037794212104, 52.36358208282754, 59.24207109645653, 64.80458315215581, 66.72334148937843, 64.22705180815598, 51.03501531120368, 44.818288852261574, 41.814565290120285, 66.47036380203896, 64.0438814503044, 66.23609334078398, 71.33832061745754, 74.00695550797606, 78.11975971292384, 87.43126899912909, 87.5669488738627, 86.15783451470149, 82.12250275218187, 78.62063631524569, 74.0458411113257, 67.91829002509523, 68.90667453038292, 73.55347088339879, 78.30106000288933, 86.26666679502985, 79.83199296356743, 75.10811630020933, 70.69353663843629, 52.14197889094583, 56.27362027939476, 64.79763997894118, 72.64800464504317, 87.84554163733728, 99.2688591529212, 102.37899513073168, 110.32723614137723, 120.13682625075144, 125.61634219775092, 123.11150401442913, 115.63060553070066, 112.34702725622228, 105.23293925783996, 102.22822679612304], [16.561241958531433, 10.023329033178602, 0.0, 10.849120642568316, 8.536278291196284, 12.26368411823515, 17.607365274888856, 58.23608310044696, 65.28724705077143, 73.75998678568821, 81.80671009089643, 88.99078007492614, 81.95888779425798, 73.97014057989259, 65.47497912845093, 29.36746600737539, 22.598784747602892, 18.18659874713604, 17.394401015835356, 21.714945031630222, 16.303345414879427, 11.21063101163788, 13.336936788290556, 17.697452829561747, 23.769656936358363, 64.93641243734986, 71.84911766875744, 78.35068283792039, 86.7704266601675, 92.26168964767385, 91.66753255768137, 85.10427102625523, 78.35220904352407, 71.270833712716, 66.24893608861365, 36.8069888246619, 37.67305185021372, 46.57559946312578, 45.16531971935958, 56.14055870169572, 64.00538519679097, 70.47424303506814, 72.67824773461008, 70.97526347582813, 59.32716359063525, 53.81314537848769, 51.52143289587177, 66.30203779871485, 65.56456803924652, 69.47949003020436, 75.2355346827163, 78.60232706744932, 82.99878570023075, 92.29321000899898, 91.72137985625646, 89.64347768922515, 84.80170709256875, 80.64873189622426, 74.90221414257317, 68.13848306912344, 71.11365863588796, 77.11701901079162, 82.66330537410346, 90.9091461244944, 83.99655537882659, 78.4547864762914, 72.69226088326971, 45.655967806261664, 48.098613602400995, 56.781541992695246, 65.90978658385606, 81.88935524410176, 94.78035418908777, 99.68147152114159, 111.29717566063748, 122.90636459795394, 129.0311284933767, 127.43559867432951, 120.68146943821654, 118.25365376168948, 111.93672152030076, 109.88199709222104], [25.546829073919056, 20.232907128833737, 10.849120642568316, 0.0, 10.035058380751106, 17.782489524717878, 23.800449087686687, 64.93596628414024, 72.35484635031453, 80.97419315570235, 88.69836387841403, 94.82660852634687, 88.1223295588585, 80.27456138912997, 71.7542119397362, 40.00589111676061, 33.18980428510266, 27.455937198756263, 23.43444570136853, 21.255039471967724, 16.471253531501965, 18.910295635744486, 23.659195456605744, 28.463959844544277, 34.03228170345425, 73.82999194565183, 80.52017479265652, 86.66476634748452, 94.46337100735181, 99.3767190471341, 98.72510054976404, 92.79682128704655, 86.3844773518478, 79.46459988587948, 74.56520461997985, 46.00722492830514, 45.26887547471446, 53.04675507319709, 47.59802020605501, 58.614036907010714, 67.49191578798464, 74.59584886854186, 76.50369060415377, 75.4232686608966, 66.25031214310421, 61.430006188739725, 60.09367737875607, 64.28001351474263, 65.44053483463499, 71.11244286609654, 77.3021985682598, 81.17898552211744, 85.53381819278053, 94.25662260389007, 93.18170747931606, 90.64185860105879, 85.18201682053936, 80.56441744707777, 73.66596243963433, 66.39265156363467, 71.46670127758252, 78.71101892986704, 84.73684306463144, 92.70878266200874, 85.80512726450795, 79.74176350183133, 72.73765595282957, 42.07715733638169, 39.279727248935906, 46.28325231588349, 56.07480633432809, 72.7750899552749, 86.97625325898375, 93.65044998167704, 109.23288933947742, 121.88140535702324, 128.40645138128, 127.74857594307169, 121.90542177620405, 120.6259677741113, 115.70638688398392, 115.52440317032472], [18.437029781493628, 14.098122494575936, 8.536278291196284, 10.035058380751106, 0.0, 8.261093145949268, 15.184248474847113, 57.194738841636934, 64.93802392650507, 73.59655975617176, 81.43358736749491, 87.89043025867562, 80.68974171618116, 72.57739645090454, 64.14213217280302, 33.87017247320784, 29.056112535856546, 26.30887422262798, 25.85709758458472, 28.308911902668978, 22.941466457868362, 19.647830728562834, 20.786591773608603, 23.210240682494312, 27.21421704751941, 66.51273426436032, 73.406629428442, 79.77679202334168, 88.00589688603593, 93.12883892786415, 92.16920047451887, 85.88604422576515, 79.20995174805887, 72.08048862536606, 67.06961834601442, 37.70864283077344, 35.76749062177862, 43.03799716198046, 38.554059504984764, 49.58848059478053, 58.08561120349929, 65.04112871343787, 67.29507713911315, 66.36781208393504, 56.59722196832687, 52.24351219402763, 51.888424370481324, 58.048413940645396, 57.84658492618661, 62.520150669876195, 68.53025513629434, 72.23613717503638, 76.73615166713344, 86.03628999895234, 84.96003209199888, 82.52941193982117, 77.3520521766555, 72.98620941984065, 66.85366398409205, 59.94437645249818, 63.59231134324215, 70.18255168557626, 76.08253485018089, 84.49217349354528, 77.2850768468504, 71.3811703981256, 65.0585838202845, 50.86959009343972, 48.5623649693564, 53.08832512152992, 59.9509979062241, 74.75963443985096, 86.86187928301787, 91.3113559402544, 103.15082386090042, 115.7477034917308, 122.68977922779735, 122.21246674047383, 116.5464082192236, 115.29225289496443, 110.91634128607278, 110.99647118096969], [12.147305135183894, 10.705707572360735, 12.26368411823515, 17.782489524717878, 8.261093145949268, 0.0, 7.377217892376702, 49.35700415216402, 57.16900601213664, 65.81061915148734, 73.70730939774036, 80.43604498355708, 73.00385903345824, 64.78799105694742, 56.401730936350965, 28.370981434106255, 25.931664620534445, 26.203094112013204, 28.44998382645911, 33.514099683937225, 28.340985753314317, 22.164686972860675, 20.110406400097464, 19.509952948188623, 21.131645949674105, 58.82732618193661, 65.76442779663265, 72.19406921606667, 80.5982590101522, 85.8273413904043, 84.72110513462518, 78.25935381109473, 71.47776080999995, 64.27644883442845, 59.23639109970611, 29.874336816480916, 27.571511668604572, 35.635094411128954, 33.22532936537987, 44.256014712516546, 52.18000879197809, 58.527196841659915, 60.50309157215315, 59.06782720306406, 48.556860882689975, 43.9900982585192, 43.84283267185511, 56.19581398801825, 54.491057313289396, 57.77619142939005, 63.29590465094604, 66.47356881085366, 70.7559100857707, 80.09520173842247, 79.54283756900236, 77.63554859697247, 73.09521688609503, 69.26699571794035, 64.10314524318945, 57.72985364211945, 59.67284788562789, 65.20111289041061, 70.48713907966719, 78.70097229468284, 71.84057547656435, 66.56838310995523, 61.31528090234134, 56.43118566954706, 55.10644633826387, 59.19486877209612, 64.60901668391472, 78.48272819276691, 89.06987968485504, 91.78881161940942, 100.37065353617989, 111.52735641710572, 118.07218059900623, 117.04512127181582, 110.99442081016005, 109.3071324276676, 104.76893597135371, 104.68098414609923], [8.669991105188862, 12.103144971725692, 17.607365274888856, 23.800449087686687, 15.184248474847113, 7.377217892376702, 0.0, 42.071235337646385, 49.85383643147062, 58.512106411847924, 66.374426144844, 73.10244639258927, 65.71343971218415, 57.53985559545248, 49.118673810177945, 25.386769627749036, 25.376065616937016, 27.899945588592065, 31.540848142397216, 37.54530522645789, 32.88677055289993, 25.956783622497962, 22.22585943773086, 19.120738271948625, 17.73853364918287, 52.10190884100419, 58.897830771901624, 65.16839527948079, 73.4071323099429, 78.53687331443462, 77.39240451526145, 71.02971884777315, 64.34021022429481, 57.20470592051766, 52.22482849674754, 23.988257026991853, 22.009363382185796, 31.90944085695801, 31.403437376464268, 42.22145430645759, 49.61124321446127, 55.04653636184087, 56.054562059345336, 53.63610581719038, 42.991374019783024, 37.68033062983993, 37.146612162031964, 56.760691346551354, 54.00766538194908, 56.08333439702359, 60.93660215900648, 63.39468961897419, 67.1069515784158, 75.84648172859424, 76.15445663890304, 75.01351903580215, 71.25928083488822, 68.08824454098092, 63.752053431284146, 57.90638800795867, 58.51822077156682, 62.96430797565458, 67.31890527271284, 74.69269940455537, 68.76499825711029, 64.41244549081543, 60.22951802647928, 59.72707306328741, 58.86412543614364, 63.03366095390362, 67.74281035172608, 81.36219308924237, 91.03799520254806, 92.68717294796292, 99.19931509355912, 108.04700901373715, 113.64013745870886, 111.67412590824499, 104.96782297534592, 102.71199952366338, 97.7480267140578, 97.57682041091765], [42.21821919778069, 49.56292357453987, 58.23608310044696, 64.93596628414024, 57.194738841636934, 49.35700415216402, 42.071235337646385, 0.0, 8.976607403644708, 17.35716924535271, 24.683477366789713, 32.08465031496901, 24.050146131839554, 15.880805595772715, 7.727466460478039, 42.48304826294432, 51.236958120058, 59.350347815927734, 66.00638203568401, 73.94055585536853, 70.81209049815554, 62.756022961383934, 56.26414497656164, 48.95684955475933, 40.52448269396939, 22.20452082992997, 25.4576457107896, 29.06604890073207, 35.46770762281834, 39.58917842057379, 37.33870586783862, 31.6375331735879, 26.012879539486665, 20.281334418968616, 17.249421958803428, 27.33997090040079, 28.04116838443097, 35.575924255388934, 45.187469485249586, 48.73818217380232, 49.542337274174805, 47.239576910073026, 41.77987255818485, 32.5416512929857, 25.150517997165007, 17.43891604472488, 15.746580240438778, 71.8850033422316, 64.36118255314246, 59.143050538279425, 58.793487576345896, 56.185287705926925, 55.53125102796515, 59.133799377833796, 64.96044958515728, 68.7345792404531, 70.39849375839903, 71.53423585477373, 72.81268743472327, 70.98612717710441, 64.21681178522262, 61.200448095975965, 58.89442165943214, 59.83383478738642, 60.71512009072278, 62.89000266710265, 65.97231954915328, 92.25847590565802, 92.81099562731184, 95.84226225247977, 96.5614308509818, 106.90452350984687, 110.87216691544964, 106.31402534593076, 99.17396579501197, 94.43113659749163, 94.2760445837716, 86.6581762584054, 76.16751733658761, 69.89130529543175, 62.780119508021976, 62.480644574870595], [49.04953599842572, 56.344442008157834, 65.28724705077143, 72.35484635031453, 64.93802392650507, 57.16900601213664, 49.85383643147062, 8.976607403644708, 0.0, 8.729616999355528, 16.62579297519012, 25.77931554326794, 18.328006603260327, 11.795164807343177, 7.6594337201817995, 47.07984477901679, 56.19011152737042, 64.60772210585078, 71.50087795518618, 79.74019421145748, 76.98837041281236, 68.84582701017054, 62.18040730634489, 54.75059221591921, 46.278774744444924, 17.82281568351536, 18.64541906356575, 20.775488963752476, 26.53897277440031, 30.811110158577765, 28.61550042161376, 22.685117704873168, 17.414692374958708, 12.784573148058483, 11.617800612844453, 33.14495402525149, 35.79900896127257, 43.17923743780436, 53.94863224507596, 56.96168095615049, 56.91736782423384, 53.65551437499, 47.73422529094633, 37.91660491400952, 30.93060305280956, 23.535003252023273, 19.305029052411758, 80.40837046645828, 72.61884477330086, 66.75462213805993, 65.79390004516081, 62.55751773511568, 61.26719261501392, 63.73881905080765, 70.45300765982867, 74.93995157548798, 77.35367800929332, 78.99246585137405, 80.85142017023021, 79.38505619813361, 72.06571044362582, 68.22462409546957, 65.0443840860748, 64.81298594064619, 66.8767826888418, 69.92120325491564, 73.8026958708064, 97.16430756689584, 99.13097646784514, 103.27099893204165, 104.46188907052566, 115.07713871893134, 118.9395318050026, 114.11653546006632, 105.70420510136557, 98.43982342245334, 96.64326653901696, 87.23758552526608, 75.28569896344538, 67.11796166488358, 57.51457461175468, 54.8926520804328], [57.445833749112786, 64.6893010886216, 73.75998678568821, 80.97419315570235, 73.59655975617176, 65.81061915148734, 58.512106411847924, 17.35716924535271, 8.729616999355528, 0.0, 8.52960884417111, 19.81548880763038, 13.256409009274686, 10.68615991394018, 13.16812345320551, 54.22936613431526, 63.5957230875289, 72.23656676703284, 79.31039359925339, 87.74727977314826, 85.1558979726282, 76.9087030939051, 70.11074781438512, 62.5976176914999, 54.104650259050565, 19.14744516088175, 16.512411564250876, 15.573971495598222, 19.436969783173968, 23.3549507240618, 20.66966792758181, 14.764096755437665, 10.956811151936222, 10.237369246570086, 12.834500260375936, 40.79772398500943, 43.74278532801003, 50.08206991014965, 61.49498602720333, 63.57342198190606, 62.528072136383074, 58.20559550299563, 51.77647324344211, 41.66989243595219, 36.092419554472784, 29.960723027634245, 26.032468226463678, 87.2838531338305, 79.09154516368363, 72.41625977531527, 70.70866368981686, 66.78504562047277, 64.80605871269375, 66.13755382243782, 73.63757943891403, 78.83649534060335, 82.09083501317747, 84.33388452922051, 86.97190270670124, 86.06000207975748, 77.96154355672161, 73.12518948593979, 68.97867996991245, 67.56825365898551, 70.80265634242399, 74.80829610952932, 79.6610988659513, 104.6712158302585, 107.19224536809025, 111.50483784430942, 112.4715310104497, 122.74134677167633, 125.94718942881202, 120.37961944801975, 109.89920883061887, 100.26432547793823, 97.16144471648715, 86.43565700287179, 73.58439479963005, 64.03383070541818, 53.104653379373836, 49.166890406451245], [65.61122953109378, 72.89245881843803, 81.80671009089643, 88.69836387841403, 81.43358736749491, 73.70730939774036, 66.374426144844, 24.683477366789713, 16.62579297519012, 8.52960884417111, 0.0, 12.554603716235768, 8.755628393588266, 12.560371883833138, 18.738859511077003, 62.711684885465715, 72.00615722305467, 80.53425769158483, 87.44378044162939, 95.56218079786586, 93.08985827750563, 85.12632054189953, 78.45256325916854, 71.00353088401097, 62.54726009994871, 26.43580093803738, 22.045680479299886, 18.134443387546913, 17.02014410428813, 18.17298030250022, 14.469317270438369, 12.08473644403431, 13.311405012629733, 16.76589859845982, 20.631427329958, 49.27190037589674, 51.672290931165755, 57.145174350563764, 67.7946383273332, 69.05476182701001, 67.47826173581363, 62.33438231468208, 54.941901579419735, 44.6372404090763, 42.150821747050024, 37.31546544586063, 34.46619301213833, 92.17293509377295, 83.9135088234499, 76.82166963831558, 74.42129982267039, 69.87799982324952, 67.0084263424753, 66.60993199403646, 74.98655699736612, 80.95414823709831, 85.02532783706235, 87.88204842077322, 91.10102432310045, 90.72220521253122, 82.21819063025342, 76.63696993195452, 71.48430958531891, 68.40904385206716, 73.19183116481241, 78.1893967901664, 83.78257116805861, 111.76718585035609, 113.70245919960577, 117.44176206180235, 117.73646079856148, 127.41772484821612, 129.7810680468817, 123.48991445948755, 111.48354296680478, 98.92668407892009, 94.24921089441453, 82.18554405238869, 68.55230485012484, 57.96176478501556, 46.679038873014434, 43.674620132054194], [73.35703485064431, 80.7068914659803, 88.99078007492614, 94.82660852634687, 87.89043025867562, 80.43604498355708, 73.10244639258927, 32.08465031496901, 25.77931554326794, 19.81548880763038, 12.554603716235768, 0.0, 9.376735583191943, 17.630577871191715, 24.736472497817186, 72.67236386223266, 81.46212612643795, 89.40069404773786, 95.63611378299132, 102.65043365461466, 100.27999947624065, 93.21650928191521, 87.06186918819755, 79.91961079613235, 71.63629976547521, 38.61364561492666, 34.35031090700375, 29.736141407133925, 24.878250280193278, 21.323184807586834, 17.542011700284803, 21.665986116006763, 25.417264040434816, 29.116555312800344, 32.581389924526555, 58.75937298910038, 59.70816304279235, 64.43943234060875, 72.2939897085367, 72.83450805534018, 71.41054619099867, 65.81071929277982, 56.7514493459026, 46.4163437163876, 49.36637927894725, 45.87709469453917, 44.75388313491733, 93.8015596899101, 86.07487989897827, 79.22160856559393, 76.20233839144636, 71.14751107072765, 67.02832096693038, 63.7687915993097, 73.23547973067232, 80.09454867483429, 84.960010741181, 88.45893682722446, 91.93392795291896, 92.07960490504385, 83.81668432531028, 77.89654285536197, 71.65147794648395, 65.97971538503566, 73.04955443761902, 79.1132585485439, 85.07049817371788, 117.65461715722954, 117.28228497422998, 119.28853659347598, 118.19282070738895, 126.83952039761229, 128.02750151673365, 121.07192781716844, 108.53524519171347, 91.86049513105425, 84.9177679829393, 71.22246467796073, 56.710677367459, 45.52507975698104, 36.015948647385315, 39.57221345221342], [66.09954294479698, 73.4612092216752, 81.95888779425798, 88.1223295588585, 80.68974171618116, 73.00385903345824, 65.71343971218415, 24.050146131839554, 18.328006603260327, 13.256409009274686, 8.755628393588266, 9.376735583191943, 0.0, 8.62102111249062, 16.628852202675745, 65.3006318634062, 74.37821293541292, 82.61391099080791, 89.18415856494096, 96.70361681648846, 93.97791308780693, 86.3733173195683, 79.95514621971323, 72.62985957379082, 64.1695571984706, 32.24502888158678, 29.252562004798776, 26.49097664637831, 25.46973217865396, 25.055402926877544, 21.0865963658171, 20.764172587324495, 21.473669128016315, 23.15036711045162, 25.79312613628191, 50.67486487076319, 51.04266905346167, 55.28150852232046, 63.982928389221556, 64.48011499706261, 62.87260802548049, 57.422435495887235, 48.98347778249838, 38.57530839527301, 40.02906407160535, 36.70190062128415, 36.514004488036015, 86.52476941982324, 78.39870317091432, 71.3043212770314, 68.5260408145464, 63.7070318959109, 60.22801915137872, 58.72552388788291, 67.49033917689003, 73.80954508347618, 78.23243519363244, 81.42081155427657, 84.87581822245234, 84.88370774536124, 76.3077107790952, 70.46898382838035, 64.77110080987183, 60.649068116557736, 66.33854169544993, 71.85384469555518, 77.71502071190031, 113.111307715338, 112.84118626675762, 114.63806776280565, 113.51589011773545, 122.06541743846061, 123.38718286227827, 116.36944874685942, 103.62050663810189, 90.20019302654119, 85.610251406253, 74.10722559329648, 61.306059549450815, 52.178866485975135, 44.78409270811025, 47.2893311359248], [58.07188810694171, 65.42104049853359, 73.97014057989259, 80.27456138912997, 72.57739645090454, 64.78799105694742, 57.53985559545248, 15.880805595772715, 11.795164807343177, 10.68615991394018, 12.560371883833138, 17.630577871191715, 8.62102111249062, 0.0, 8.556506613974245, 57.656559889396014, 66.74583297007759, 75.0255583428539, 81.69296393568416, 89.41100005062316, 86.44417032159616, 78.59313253606588, 72.09866498855935, 64.73532805772479, 56.2319579710751, 27.554627759825426, 26.530044397767718, 26.14708479678792, 28.53993573051218, 30.26966328231163, 26.779009136669604, 23.60028160688302, 21.23383584940898, 19.920621514932336, 20.89833125284672, 42.538139699882734, 42.440737223795026, 46.8871888641056, 55.94607059400545, 56.95611629215432, 55.76911769540047, 50.98714554314145, 43.25087834767708, 32.83283459890249, 32.20424059171057, 28.334210371928787, 28.76847608187756, 79.65684514598071, 71.48863386131964, 64.67341801449435, 62.48011280597376, 58.19923043269014, 55.55226476987669, 55.87914132979693, 63.739957913939364, 69.3070128288058, 72.96396631475064, 75.60620997228361, 78.59720089808775, 78.18415037768821, 69.84108878785905, 64.61283481985933, 59.82651598530367, 57.408169594763024, 61.51869906138726, 66.12562529780647, 71.37723344415353, 106.74051992184934, 106.44491816394329, 108.21578130626202, 107.32892469559823, 116.12077447026252, 117.97921944103251, 111.41849047531775, 99.81956444177158, 89.59607309600864, 86.9582647164796, 77.25014659512046, 65.68414071512734, 58.09449860555268, 51.66574465429514, 53.59885752053349], [49.65637347804548, 57.01485979115374, 65.47497912845093, 71.7542119397362, 64.14213217280302, 56.401730936350965, 49.118673810177945, 7.727466460478039, 7.6594337201817995, 13.16812345320551, 18.738859511077003, 24.736472497817186, 16.628852202675745, 8.556506613974245, 0.0, 50.10145619819901, 58.85861875901965, 66.88671571078252, 73.3751441410852, 80.9502205175046, 77.9419166109658, 70.2097673601332, 63.85515412703962, 56.61463753176514, 48.221034892149916, 24.940802649796236, 26.033524464845417, 27.659762256214147, 32.037065447247365, 34.90128401501426, 32.1418761675094, 27.781801610533645, 23.64102311216714, 19.827572555983295, 18.735228193726673, 35.009329268641366, 35.06007609508665, 41.049530261236, 49.74627412672717, 52.09616896716864, 52.13776736084626, 48.67023956960973, 41.73793947441791, 31.655901745022977, 28.446056002885285, 22.788567357796715, 22.476188595133742, 74.73684631874835, 67.03579452018812, 61.19651002489793, 59.96501040351739, 56.541353196581355, 54.80984005310106, 56.60594446515837, 63.51930367834763, 68.21657569052569, 70.83551837845843, 72.7093680885902, 74.71311226550125, 73.5411166649371, 66.16255249523066, 62.169513080315994, 58.61273605424008, 57.710227950325915, 60.33958466265004, 63.73067426526525, 67.7739954235185, 98.52844499547209, 98.27979820597828, 100.49008105902843, 100.30586763294508, 109.89636023206903, 112.84280797326211, 107.3870856160349, 98.47963280442818, 90.850458482313, 89.38281202274847, 80.71868118161049, 69.67566055125867, 62.9119070931728, 56.27264848841553, 57.54070623742674], [17.61774108149342, 20.05278802145871, 29.36746600737539, 40.00589111676061, 33.87017247320784, 28.370981434106255, 25.386769627749036, 42.48304826294432, 47.07984477901679, 54.22936613431526, 62.711684885465715, 72.67236386223266, 65.3006318634062, 57.656559889396014, 50.10145619819901, 0.0, 10.546436857109892, 20.67814289345078, 29.771177628465605, 41.817491326857315, 38.55367215773497, 27.361684173099388, 19.28788490785247, 11.942285664852184, 7.656903756768137, 40.29259866989923, 47.47310570684645, 54.73797156022993, 64.62755622137233, 71.60947035665411, 71.27470428905596, 63.138527139312636, 55.73090789897633, 48.62538658880339, 43.60298980632027, 16.86094409091878, 26.489694248258402, 38.28878859714564, 49.16670765991937, 57.893832108818806, 61.85091450678861, 65.14046017809446, 66.92118884386448, 62.775305250873934, 45.13577177795375, 37.05557572826225, 30.1565329867227, 78.00931374092187, 72.89408673368307, 71.75274650361277, 75.41064124627201, 76.64448173279528, 80.23424928288966, 89.59796111180626, 91.06324982081672, 90.87558767352772, 88.40372611422947, 86.08977682326048, 83.75075745470996, 78.88130527824458, 76.41133503887785, 78.29945518650274, 81.45686147456051, 88.92135401106317, 83.3806195767854, 80.27680660487962, 78.54354701694616, 63.93809617410251, 73.48913096593091, 84.11911828608011, 91.77735598598922, 106.43001119284338, 116.34461777970049, 117.24242984217891, 119.26052937728834, 126.06026789710185, 130.10801618099862, 125.45727564165651, 116.0987492153704, 110.34828134321377, 100.09735068042997, 92.76748624551894], [17.107500122713287, 15.58787666982017, 22.598784747602892, 33.18980428510266, 29.056112535856546, 25.931664620534445, 25.376065616937016, 51.236958120058, 56.19011152737042, 63.5957230875289, 72.00615722305467, 81.46212612643795, 74.37821293541292, 66.74583297007759, 58.85861875901965, 10.546436857109892, 0.0, 10.215844669064767, 19.52974623246111, 32.0883979556107, 28.994593790333035, 17.744507543518413, 10.178369029775107, 6.491284618902332, 11.759149763144276, 50.182442608049556, 57.15565682050389, 64.1747630791373, 73.61758100678964, 80.34540281033196, 80.24118890799558, 72.4864469394624, 65.32238743618498, 58.36380709943036, 53.41327334136154, 26.107107502402886, 33.75792519321082, 45.0331154658587, 52.85167797023408, 62.52096568680619, 67.64936616523356, 72.0196110616627, 74.18394790544004, 70.65951656948839, 54.05978538463299, 46.43681160208791, 40.128270875153746, 79.82743543553879, 76.0616335344349, 76.48762371037054, 80.9145952243705, 82.8746533923134, 86.85076251224785, 96.3910187649975, 97.25595302326019, 96.43975067398061, 93.14939719155575, 90.15655067873635, 86.68045524809654, 81.08869942102793, 80.35421315445122, 83.58588189147018, 87.61282984417922, 95.50642283842463, 89.40160422635314, 85.42267068698168, 82.36842883782077, 54.63242998096764, 65.67886444501173, 78.07548185184535, 87.52746021961634, 103.30363558237595, 114.83567746192213, 117.51271099155267, 123.0052256320732, 131.4172504883334, 135.88592117285074, 131.73433780359346, 122.65143770837234, 117.33090226919356, 107.08662400902904, 99.88756617744595], [20.794073804553165, 16.028812253969008, 18.18659874713604, 27.455937198756263, 26.30887422262798, 26.203094112013204, 27.899945588592065, 59.350347815927734, 64.60772210585078, 72.23656676703284, 80.53425769158483, 89.40069404773786, 82.61391099080791, 75.0255583428539, 66.88671571078252, 20.67814289345078, 10.215844669064767, 0.0, 9.465501827316182, 22.431096828702117, 19.655717277947403, 9.274450196834362, 6.453840309019894, 11.834657428194404, 20.02932579128162, 59.60492876189143, 66.3916456638855, 73.14530335387238, 82.10074991251653, 88.49427579662074, 88.55272801522275, 81.23421731168295, 74.32665957932679, 67.4995628999617, 62.61644350741291, 35.20452372993173, 41.43222851121669, 52.238808165060355, 57.10667849886755, 67.42887342371466, 73.5810055194301, 78.78257671023584, 81.05005420421826, 77.98657457865164, 62.61394267856683, 55.31340879434889, 49.46855235572534, 81.8113585147301, 79.41370773766295, 81.29660184753543, 86.32392740232666, 88.86049600647038, 93.04943349023078, 102.51812949785489, 102.92548901253689, 101.61937990547676, 97.65733049177948, 94.11342971686348, 89.59736524533453, 83.39836379657659, 84.33116057641634, 88.73866951396019, 93.42067342316567, 101.47198848478058, 95.0593250489449, 90.40884955235191, 86.19161176951545, 45.36081396267271, 57.599887822899504, 71.7228917984766, 82.9383610373828, 99.7747768187167, 112.8490865572106, 117.28922330807704, 126.22648204815452, 135.83577333192508, 140.56833862309492, 136.85777844116365, 128.07247943085764, 123.22868912243395, 113.17483648385237, 106.43595996965668], [26.00911683016734, 20.14870395818086, 17.394401015835356, 23.43444570136853, 25.85709758458472, 28.44998382645911, 31.540848142397216, 66.00638203568401, 71.50087795518618, 79.31039359925339, 87.44378044162939, 95.63611378299132, 89.18415856494096, 81.69296393568416, 73.3751441410852, 29.771177628465605, 19.52974623246111, 9.465501827316182, 0.0, 13.158107199025096, 11.153671717401497, 6.96301365508822, 12.602799796204968, 19.838087467069325, 28.054445837513974, 67.6811740016393, 74.2695233458861, 80.72134698838748, 89.13292166237419, 95.11829983588025, 95.29333063788012, 88.47382656710617, 81.85456360703448, 75.17175552777543, 70.37167223837452, 43.23083278571185, 48.43366885871936, 58.99713931575969, 61.22666285332511, 71.98121104459317, 79.00274205419245, 84.77268087917027, 86.85121697677961, 84.05395381878935, 70.05215020186473, 62.93905489750037, 57.438373396650995, 83.62043743936155, 82.4993059779165, 85.63880898644672, 91.07613586864049, 94.0086665713128, 98.22218415948173, 107.35672091855602, 107.49681961578551, 105.88247241946935, 101.43963924426338, 97.51004908309086, 92.10808963599197, 85.44211280896917, 87.86084012101585, 93.21428875285562, 98.29815533569086, 106.20782219664929, 99.78123183365342, 94.70403037968273, 89.5459490430982, 36.47146871281634, 49.34995396961507, 65.12633511151076, 77.98873394676293, 95.82635400756473, 110.2857242402568, 116.36701134088041, 128.53803159536196, 138.75670986242008, 143.52137705442794, 140.1175554352393, 131.59622052788973, 127.22338858221667, 117.47524415079283, 111.4562402407409], [34.22775580369187, 28.400602113695925, 21.714945031630222, 21.255039471967724, 28.308911902668978, 33.514099683937225, 37.54530522645789, 73.94055585536853, 79.74019421145748, 87.74727977314826, 95.56218079786586, 102.65043365461466, 96.70361681648846, 89.41100005062316, 80.9502205175046, 41.817491326857315, 32.0883979556107, 22.431096828702117, 13.158107199025096, 0.0, 5.8202288996923475, 16.434894005499434, 24.126594958215634, 31.26392131062777, 38.90403368411627, 77.85845163775117, 84.15111916813194, 90.135669253714, 97.71785606616967, 103.02517732681387, 103.28227572675107, 97.24928642321788, 91.07637934760066, 84.61588343407554, 79.95778920816528, 53.533135390228715, 57.41702089032409, 67.68469223543691, 66.47114494721214, 77.55666865293992, 85.63027512721158, 91.9536930804893, 93.51053536649499, 90.97625870009011, 79.16002271553263, 72.31578625537944, 67.37807862402207, 85.43710785562453, 86.03004896215732, 90.73902823068103, 96.5566297983181, 99.87869648358696, 103.94268409451757, 112.33076796873905, 112.24308214465015, 110.35557122719428, 105.42236696983382, 101.12024167779587, 94.63656385743478, 87.48531626802243, 91.81496665525346, 98.27090855690219, 103.67631044603493, 111.08663746311349, 104.92375049690315, 99.48287449867308, 93.22167241558587, 25.00516720393921, 36.95384556391254, 54.94800827338639, 69.98901458345141, 89.13245462882357, 105.33890893470743, 113.60269163228375, 130.13661400397586, 140.6543488451427, 145.2807789030229, 142.27987587196262, 134.21764616258898, 130.6286095731839, 121.64216818927063, 117.1248954367711], [29.99884703932103, 23.701218462819906, 16.303345414879427, 16.471253531501965, 22.941466457868362, 28.340985753314317, 32.88677055289993, 70.81209049815554, 76.98837041281236, 85.1558979726282, 93.08985827750563, 100.27999947624065, 93.97791308780693, 86.44417032159616, 77.9419166109658, 38.55367215773497, 28.994593790333035, 19.655717277947403, 11.153671717401497, 5.8202288996923475, 0.0, 12.02213059257772, 20.04606350551564, 27.351163635703127, 35.11405077129808, 75.3393377741838, 81.87247748966571, 88.07792198670566, 95.99433875027677, 101.4224380689834, 101.44439836031712, 95.1860991148943, 88.78915972316702, 82.10512598868333, 77.30640408564362, 49.70971509116549, 52.83728446523066, 62.56647003446901, 61.19266891150673, 72.22581717751409, 80.27020567596655, 86.7568589924654, 88.6722806918597, 86.50667236496206, 74.63244112989003, 68.21349563919378, 63.99786614158503, 80.29660277663248, 80.70621111969737, 85.36758147446096, 91.26621886701813, 94.71399011595305, 98.97559429060104, 107.74964672527884, 107.37656465115573, 105.2995100160264, 100.25789634510545, 95.88360089573828, 89.47640141032215, 82.35660169784076, 86.52587388319859, 93.01532454823618, 98.61526194231539, 106.42558817335859, 99.8765732714397, 94.25369337985366, 87.96951534786443, 30.497616222895505, 39.19623571812097, 54.61076286425475, 68.31736182048343, 86.69017871319005, 102.22075640869436, 109.80012244460572, 125.35704853167206, 136.66418512850163, 141.91180006399736, 139.47884451859207, 131.88576427154672, 128.70015622167077, 120.50015044746262, 116.62301689266371], [21.243415797853714, 14.519948678253856, 11.21063101163788, 18.910295635744486, 19.647830728562834, 22.164686972860675, 25.956783622497962, 62.756022961383934, 68.84582701017054, 76.9087030939051, 85.12632054189953, 93.21650928191521, 86.3733173195683, 78.59313253606588, 70.2097673601332, 27.361684173099388, 17.744507543518413, 9.274450196834362, 6.96301365508822, 16.434894005499434, 12.02213059257772, 0.0, 8.248751245973713, 16.0289793885272, 24.40622532495154, 65.82372271845838, 72.68452700339131, 79.33495913441602, 88.02117953456242, 94.00803933995122, 93.85440710540288, 86.90195149056012, 80.07241565617988, 73.126244285248, 68.16173402950555, 39.429857023377735, 43.26287353264539, 53.085014047278406, 54.70751392422746, 65.42872209152442, 72.54133754830859, 78.58023544050836, 81.02152799442203, 78.73745008257767, 65.01991993099794, 58.54693434785119, 54.2344138108683, 76.9814271126987, 75.77169708985174, 78.99048925452378, 84.55488069603628, 87.67662225600992, 92.10208775449055, 101.59986596293555, 101.3648812109086, 99.49956863435943, 94.88863668240525, 90.85379822486988, 85.46001637913689, 78.81642274165287, 81.19119657333692, 86.68258587311743, 92.02269711580011, 100.34099984415687, 93.49189920056646, 88.1701847353547, 82.88945261581418, 41.180849648243814, 50.32557594007901, 63.37533522190393, 74.73630646704694, 91.6564920576068, 105.35921098100094, 110.76891613688794, 122.14645892376468, 133.2842243963371, 138.78965006607578, 136.17455919803453, 128.35630026822318, 124.66768490012876, 116.17078751841403, 111.4014400810337], [15.815335025374141, 10.173756332821867, 13.336936788290556, 23.659195456605744, 20.786591773608603, 20.110406400097464, 22.22585943773086, 56.26414497656164, 62.18040730634489, 70.11074781438512, 78.45256325916854, 87.06186918819755, 79.95514621971323, 72.09866498855935, 63.85515412703962, 19.28788490785247, 10.178369029775107, 6.453840309019894, 12.602799796204968, 24.126594958215634, 20.04606350551564, 8.248751245973713, 0.0, 7.990391344734062, 16.659776653846748, 58.34867287039463, 65.36260216793764, 72.23212295975985, 81.31963204541862, 87.60022407868082, 87.33915313147692, 80.01572822910606, 72.96976901930292, 65.90786452642674, 60.87620562594116, 31.81500582550282, 36.51402551165956, 46.775147691330375, 50.84044483290602, 61.20919509039834, 67.55818302209586, 73.03323331613902, 75.51374969795907, 72.89782211672312, 58.02764261131986, 51.320632236853136, 46.73375005170021, 75.41186993159135, 72.99715344598641, 75.02337499260797, 80.17303030879062, 82.88118025905624, 87.21650945835994, 96.91078256590257, 97.00668675943808, 95.49534676950611, 91.38089242329032, 87.74957735654318, 83.19172226352013, 76.99907209418626, 77.96773800432845, 82.5457667708706, 87.43986433298247, 95.76617558462854, 89.04895392309234, 84.19329905473646, 79.82188568873191, 48.28981972277264, 57.31528922661008, 69.1568930995605, 79.0744370420459, 95.13698956378948, 107.56645803132358, 111.4814364788051, 119.93769114326953, 130.2365829559239, 135.57480633541235, 132.5839212090943, 124.47238824175457, 120.34145883018276, 111.56879635147799, 106.26585337042367], [11.261809038382292, 9.467944654287855, 17.697452829561747, 28.463959844544277, 23.210240682494312, 19.509952948188623, 19.120738271948625, 48.95684955475933, 54.75059221591921, 62.5976176914999, 71.00353088401097, 79.91961079613235, 72.62985957379082, 64.73532805772479, 56.61463753176514, 11.942285664852184, 6.491284618902332, 11.834657428194404, 19.838087467069325, 31.26392131062777, 27.351163635703127, 16.0289793885272, 7.990391344734062, 0.0, 8.756546161487536, 50.643251263303476, 57.762607171800084, 64.75172409316326, 74.07529722257507, 80.49732518942146, 80.1017530537808, 72.56646547284072, 65.38648116039867, 58.23424716721041, 53.15388835403635, 23.93909261285016, 29.63106025789378, 40.69863928758474, 46.956185721123134, 56.91522430361797, 62.56340414294443, 67.34268789720498, 69.51360801553383, 66.40279137305666, 50.80071872118923, 43.72333119824833, 38.841002633830016, 73.52403898048502, 70.02598028476956, 70.90055760256381, 75.53736537479408, 77.73091215653172, 81.79688858181599, 91.37873501498275, 91.95272902874815, 90.9219133970855, 87.3996578187186, 84.26085833049808, 80.5212222608385, 74.81609987920821, 74.46330044410193, 78.08752435768115, 82.36540400318631, 90.38576478906568, 84.0834236352848, 79.8510970282961, 76.42556948624213, 54.74735182905754, 62.91758586694373, 73.4987375124029, 82.01249772775283, 97.3065166939104, 108.50785359698737, 111.03933922841215, 116.88476926495346, 125.87544104863832, 130.83488018993177, 127.38702297643665, 118.98424628390761, 114.48715519254483, 105.60708541229822, 100.1696718904486], [10.1644944219511, 13.85378770467557, 23.769656936358363, 34.03228170345425, 27.21421704751941, 21.131645949674105, 17.73853364918287, 40.52448269396939, 46.278774744444924, 54.104650259050565, 62.54726009994871, 71.63629976547521, 64.1695571984706, 56.2319579710751, 48.221034892149916, 7.656903756768137, 11.759149763144276, 20.02932579128162, 28.054445837513974, 38.90403368411627, 35.11405077129808, 24.40622532495154, 16.659776653846748, 8.756546161487536, 0.0, 42.431323601491705, 49.64013350703002, 56.682860461818656, 66.14347381706789, 72.59370069698443, 72.00013263562082, 64.35060361620084, 57.074644227523386, 49.8195286858713, 44.68427121164756, 15.266706006114381, 22.36146264307829, 34.642043803759876, 43.077398823773635, 52.437319341706946, 57.323145991015025, 61.20548054480736, 62.74737501766474, 58.96109428002557, 42.91368476854391, 35.29062030590199, 30.100821962617697, 71.40018620289676, 66.82653300949036, 66.46620622347372, 70.44750450543559, 71.99208791565316, 75.61767570833811, 84.8395516395353, 86.04044237028069, 85.62756678478567, 82.8296382894727, 80.30112444626592, 77.45577158613678, 72.33319800457471, 70.59851055969683, 73.13331196116671, 76.59631856316238, 84.04039689455905, 78.40755971201555, 74.98619737977472, 72.6364209804144, 61.578961004991925, 68.39186434159599, 77.48474431642299, 84.44745458155032, 98.87600670458988, 108.7326456479411, 109.82037347323673, 113.00997614703128, 120.2738446225548, 124.70012314734095, 120.73187699403648, 112.04693518311691, 107.23764628959599, 98.43890280484588, 93.23816630135876], [48.61441516687185, 55.14152780844016, 64.93641243734986, 73.82999194565183, 66.51273426436032, 58.82732618193661, 52.10190884100419, 22.20452082992997, 17.82281568351536, 19.14744516088175, 26.43580093803738, 38.61364561492666, 32.24502888158678, 27.554627759825426, 24.940802649796236, 40.29259866989923, 50.182442608049556, 59.60492876189143, 67.6811740016393, 77.85845163775117, 75.3393377741838, 65.82372271845838, 58.34867287039463, 50.643251263303476, 42.431323601491705, 0.0, 7.576756412899255, 15.285976593700843, 26.312420451276314, 34.0792862728008, 33.28097803142639, 23.963094852131203, 16.173964580455777, 9.759375414401529, 6.660034791988404, 30.15563618085279, 37.45413594634057, 45.84232538787348, 61.03785482747028, 64.82078285782488, 64.20251270213525, 61.532805656559, 58.44543874752138, 49.899252807662464, 35.68769205019015, 26.9161764137232, 16.83980074294666, 90.04696835591203, 81.80095736246066, 75.66157502384978, 75.3287614321