{
	"dissimilarities": [[0.0, 7.3984332619519515, 15.892060351765, 26.470287928463545, 19.619207253404223, 12.289863124288322, 9.591803011945617, 45.632621358003064, 51.24103881405314, 59.5978693875982, 67.76090033213934, 75.66951093382254, 68.70244576636804, 60.657623521737236, 52.211045967452385, 20.561029807812137, 20.756482265136018, 21.740663339280843, 25.694350238278084, 32.864363613617115, 27.790504468151436, 20.347454850276332, 16.751177811213932, 13.586975439553205, 14.754343048789469, 51.41004381923606, 58.87441529091599, 64.39752483911684, 72.58481301519534, 79.45458871064811, 77.63366651362371, 71.79652678312497, 65.29439469224067, 58.208679001174765, 52.48211003838544, 21.268816236509522, 26.49099485589609, 38.20094834651524, 41.96186347888057, 50.90028004103872, 57.6820048912662, 61.81163487598435, 63.76028229442952, 60.12604767614173, 46.001161675347134, 38.92642227776751, 35.70849063254184, 64.18458263098859, 61.71775597454714, 64.64505391608311, 67.93894720335551, 70.6583197594688, 74.31648139096285, 83.01725680873237, 85.53857473438879, 84.5687138012854, 81.44941178682205, 78.99392253745252, 74.17507562701188, 65.3205150697863, 65.48969606291209, 69.43360549373949, 76.2823093476154, 80.60057001343836, 79.9291719377997, 74.25463021314812, 70.05626245458772, 53.284791397283804, 59.697983542635775, 68.58274993714689, 79.0417813211276, 92.96485101389237, 101.03413533765718, 105.9057718130773, 111.39293700286477, 116.99233011201198, 122.05734053389139, 121.177555355791, 113.66788068902765, 107.69275158006525, 100.52224577439081, 95.78760343390242], [7.3984332619519515, 0.0, 9.523545667004075, 21.49769635615012, 15.582822160726153, 11.626717523081268, 13.434324056338006, 53.025396737230984, 58.616831818125185, 66.92028619552994, 75.10465626759856, 83.03297514864504, 76.09859045574733, 68.04211583769279, 59.59667129597465, 23.443651628303854, 20.271069770087937, 18.428097265208716, 20.29299451504287, 26.979853836331248, 21.289689393663078, 14.116637251300073, 12.730096867201402, 13.335891042344224, 18.8405395691922, 57.99257345094613, 65.6009496558267, 71.21007388079518, 79.54937987085385, 86.49363158215988, 84.79301366740522, 78.90712701615291, 72.30808165216116, 65.21407041737712, 59.406288634753885, 27.89038024789798, 32.51184096824229, 42.9792239314668, 45.42222418719191, 54.51302954892704, 61.848314640368294, 66.7327635440284, 69.35935851803436, 66.43784534042658, 52.3130454402971, 45.78983551573769, 42.75411149721226, 65.75098518814168, 64.20956292348373, 68.2964276798346, 72.07066926847229, 75.42541394283485, 79.60550864347837, 88.73276706603512, 90.39549348477654, 88.84489530419657, 85.17445877431908, 82.0904804185319, 76.60742333181406, 67.34771995862344, 68.67304857347631, 73.50192210620183, 81.30448659743355, 86.05644997377978, 84.70175439427088, 78.12441535678734, 73.08498454581697, 48.27581320972445, 55.70478668612719, 65.64290977069047, 77.31681676199565, 91.73176504831035, 100.94512111558971, 106.8655251950071, 114.44170922415934, 121.85943016689714, 127.55173404036977, 127.11223865030173, 119.95281479601532, 114.41231135442327, 107.35233460410245, 102.42443050261642], [15.892060351765, 9.523545667004075, 0.0, 12.492731644138281, 9.50449164301921, 12.753192665119476, 17.94593071831902, 60.448247196105115, 66.46402716850406, 75.02763549345138, 83.0257036828964, 90.19694363134818, 83.49532567242395, 75.51942539712914, 66.99118290409041, 32.549724301086464, 27.694484950065583, 23.107165759193514, 20.314631389020082, 22.609630697538115, 16.207148936340097, 14.545175637968935, 18.056835046105814, 21.678904104067463, 28.31564166147321, 67.15804276497902, 74.60249503060489, 80.0150181766321, 87.95226059127613, 94.43094569169257, 92.85088452574578, 87.33415445708634, 80.99906506467534, 74.00475100514089, 68.32342438536452, 36.8484255612227, 39.9184983820863, 49.017026902579644, 48.026031033043346, 56.84832377285453, 65.32585382201032, 70.95204403874055, 73.81844625362903, 71.79679865385482, 59.38504524020344, 53.5919158868285, 51.50104422006274, 64.18539275658627, 64.44260058323151, 70.42280501196088, 74.73479889316918, 78.80968968953954, 83.32522803143002, 92.34101580447614, 93.01271667132922, 90.84315965755646, 86.53622759005846, 82.67748716908405, 76.23401601854796, 66.40823762548176, 69.8250743743754, 75.9168156766274, 84.48426103491092, 89.44941988243063, 87.3325875719054, 79.75047161948035, 73.59911915413996, 42.928693109800506, 47.90541087249741, 57.5848026916169, 70.14503110008899, 85.06383908489704, 95.67448385366023, 102.97330046804427, 113.97296320888357, 123.20277242786149, 129.5550436363839, 129.73394699642554, 123.33039972490019, 118.96208851657791, 113.00806284941365, 109.45578773707592], [26.470287928463545, 21.49769635615012, 12.492731644138281, 0.0, 11.033278472287467, 19.68561771441641, 25.280494713161726, 67.4392012488082, 73.97650182057669, 82.85529720515997, 90.43784749258606, 96.2694525017277, 90.06678005072462, 82.35938461629688, 73.82870613807457, 44.65792960006467, 39.69230912236603, 34.14599753694024, 28.48124706671093, 24.842846098695176, 19.754165559018027, 24.58372535715344, 29.90565687222665, 33.95699702774827, 40.175084366707246, 77.20868811470056, 84.22981694238557, 89.21044991968868, 96.30841912318316, 101.90023768101273, 100.46923894551276, 95.65778953782777, 89.8830087746696, 83.13186255652192, 77.763978076659, 47.09875124429263, 48.56900040698971, 56.46785400448887, 51.1886215069434, 59.15498892934617, 68.91949741080913, 74.97837267275271, 77.51757462687559, 76.3481342781046, 66.9315721070522, 61.85165295769552, 60.91358861643641, 61.14288982893763, 63.90082459770072, 72.05895330742247, 76.77014415237363, 81.40949563903284, 85.9042502538968, 94.11571421985805, 93.92457547193297, 91.28009414566961, 86.44272421933601, 81.86515106933842, 74.39314477317836, 64.04679528027405, 70.16769093900785, 77.5472063467767, 86.35464116842225, 91.1591536158541, 88.4278419037514, 80.07090669884246, 72.83208859539828, 39.956511903717285, 37.716958363357, 45.36130827604331, 58.55948615641543, 74.15195489023922, 86.45586278104714, 95.40035090879145, 110.87355352855909, 121.35444311237097, 128.13197394480397, 128.88035253557973, 123.48409075215821, 120.7838861800137, 116.615407516966, 115.55355836536022], [19.619207253404223, 15.582822160726153, 9.50449164301921, 11.033278472287467, 0.0, 9.733213925812638, 16.556697158926777, 60.23589991204579, 67.02264479723641, 75.9235761987817, 83.71502479535017, 90.04269512564434, 82.98930352262039, 74.964998801515, 66.50657079718742, 38.63015872480317, 35.48207322336026, 32.02806519809667, 29.737533293333765, 30.691714418198146, 24.350690844613712, 23.735515463885992, 26.42890827132239, 28.686383528166857, 33.39981624405382, 70.17173742500326, 77.45397746523031, 82.79888240031573, 90.38150899045927, 96.48854659103156, 94.52384466554578, 89.22714041492566, 83.15813156349384, 76.10320170631854, 70.59129474029484, 38.65384238221301, 38.6574735913956, 45.75127808905122, 41.38287629447748, 49.805823644991804, 59.047153147948094, 65.21892234072106, 68.41243413166208, 67.52858906084148, 57.05109385122912, 52.66510574616293, 52.8135841804042, 55.065400465238085, 56.02186619944471, 63.05560071128551, 67.70272497210958, 72.31381691039913, 77.17835502735876, 86.41318088024157, 86.02187028644691, 83.3352423719101, 78.61592039620903, 74.33287731541616, 67.48042081184812, 57.492813946331744, 61.85491778371362, 68.70325215666058, 77.90436181262079, 83.2180004118016, 80.34826058460511, 72.03878553858738, 65.27929263349064, 49.155632684415785, 48.45952537323553, 53.54423022177883, 63.6622048357963, 77.41157034749159, 87.00783847313794, 93.96422258957003, 105.23431032271603, 116.08124388002228, 123.54462103438725, 125.07713784904298, 119.81780814651368, 116.85649972627407, 113.09629343481129, 111.95719709570446], [12.289863124288322, 11.626717523081268, 12.753192665119476, 19.68561771441641, 9.733213925812638, 0.0, 7.375591334255645, 51.235046742019186, 57.95963117955874, 66.78609246790336, 74.69683448204198, 81.47643101821812, 74.07395942106282, 65.9182614587052, 57.49511351504511, 31.725323410224348, 30.933528548519938, 29.951801541602435, 30.90509884138773, 35.0443024770794, 28.835096878631695, 24.427358964865565, 23.974412918001686, 23.52472084769088, 25.795643101364075, 60.966836116086725, 68.28721257766101, 73.75172508546815, 81.53664932328158, 87.92811006509112, 85.72521608447741, 80.17582959616063, 73.97677450995684, 66.8200282699116, 61.2746696978685, 29.159731350972915, 29.073537348513902, 37.221530510146046, 35.53209712926324, 44.40374282233039, 52.72509554955126, 58.21757913209069, 61.147754614082515, 59.50880009020066, 47.805924860138035, 43.06232362977685, 43.243400661779845, 54.14467388918831, 53.027105105043425, 58.08174144737916, 62.201277249360494, 66.11526895064588, 70.66483976402115, 80.0622554520279, 80.61677863710521, 78.55903106989038, 74.49398200928161, 71.04305824499079, 65.22588571164155, 55.82235754048024, 57.874999453989126, 63.447244901434274, 71.90197875965576, 77.03879170431593, 74.89452170452442, 67.58017457531412, 61.98924880587464, 54.844851043540274, 55.99933109335127, 61.04192567992278, 69.81411047221842, 82.78628632906567, 90.54307375264018, 95.78458171267096, 103.14509275246196, 112.09572202771274, 119.01714001263149, 120.13285769415013, 114.29734831676659, 110.43929521514032, 106.13558138896816, 104.39252748203816], [9.591803011945617, 13.434324056338006, 17.94593071831902, 25.280494713161726, 16.556697158926777, 7.375591334255645, 0.0, 43.94397008697767, 50.63742820206513, 59.49206125167378, 67.36706740539016, 74.15637801041768, 66.8363325831391, 58.71884008180934, 50.25886894202776, 28.711551717391416, 30.062753827820316, 30.82619522366828, 33.43854658715457, 38.60139863889502, 32.98537801616238, 27.51442343018848, 25.31787674116534, 22.707751557894433, 22.274257851667493, 54.33583943106765, 61.443269632437584, 66.75800069097191, 74.34099849030505, 80.62757804366571, 78.39857464042946, 72.93881668224488, 66.86491491190968, 59.78308333908502, 54.35484855523403, 23.13449619152027, 23.60239206645017, 33.507806540268994, 33.67156135048112, 42.43005913003809, 50.09234984008549, 54.62898974421074, 56.653966864801944, 53.99636182258365, 42.18021692683501, 36.62357598790518, 36.46328015706169, 54.701607808054945, 52.5275832084146, 56.15722220039813, 59.679219410956996, 62.78467013366197, 66.65426880371804, 75.46334021375976, 77.19691893343817, 75.89367136451584, 72.51347937961322, 69.83138992751026, 64.79098640823926, 55.83840916198785, 56.53084282169142, 61.00952847860993, 68.24286241730631, 72.79441178081682, 71.56399489949986, 65.38742996565418, 60.82343386448363, 58.04441886808808, 59.53223250457537, 64.61430214529715, 72.73134731393601, 85.50477880006385, 92.3737521882749, 96.65034228013467, 101.9503730844445, 108.53367473471289, 114.51717248331364, 114.85295182051458, 108.42375434374819, 103.89287875923036, 99.11717419332987, 97.26159055995866], [45.632621358003064, 53.025396737230984, 60.448247196105115, 67.4392012488082, 60.23589991204579, 51.235046742019186, 43.94397008697767, 0.0, 8.236136896042526, 17.166965225492273, 24.056585470634896, 30.88720788863762, 23.08911885392877, 15.19153216415418, 6.699674005306452, 46.069993309694695, 55.156027707851564, 61.46560795976418, 68.33248415222147, 75.62063066704133, 72.01841007274174, 64.7443920927138, 58.92770159582239, 51.83937362908411, 42.774594824428426, 26.536440436449464, 28.535531227587455, 31.14028478451734, 35.45652368698912, 40.37237136453718, 36.86423346634326, 32.384716386273126, 28.513594855171995, 23.344543979442328, 21.482029770434522, 29.575964449248076, 29.88640129712251, 37.495509948825315, 46.639974542336944, 49.925629090746696, 50.035014220177146, 46.61239157913391, 41.600842132791506, 31.448987895022455, 25.416667816181786, 17.92421413346284, 17.468524056599314, 71.00394078830767, 63.78589053435466, 58.24053795671546, 57.050539529372955, 53.977085158145115, 52.180050202206694, 55.251467417310465, 64.93223634216993, 68.78278591485596, 70.38067357680987, 72.84050614775222, 73.40326687323179, 69.16731330364148, 62.02161908699715, 58.59516845718415, 56.04772025883148, 55.6482351426556, 61.03749061717176, 63.65023163323387, 66.37407238126968, 92.03107126085587, 93.79695746198581, 97.10809030044568, 100.61659841994765, 110.384024633108, 111.32836425572626, 109.54683572280213, 100.95232791430273, 92.80967303224332, 92.65338804025198, 88.40865787497664, 78.43694577616345, 68.94586991856025, 61.72819604695638, 60.21860338409645], [51.24103881405314, 58.616831818125185, 66.46402716850406, 73.97650182057669, 67.02264479723641, 57.95963117955874, 50.63742820206513, 8.236136896042526, 0.0, 9.200029504483016, 16.743101872647884, 25.68383955421675, 18.59911309928164, 11.935439765186116, 7.329273918281537, 48.895144377279294, 58.331341163084346, 65.13997083800685, 72.51255703274619, 80.24541273049333, 77.05395573480124, 69.45258697615847, 63.25317601971289, 55.93963799591476, 46.58215245430518, 21.762525389964168, 21.773208450214636, 23.421701924634363, 27.27474214042065, 32.599890659451894, 28.99474988835784, 24.17572180756699, 20.49801586986999, 16.145312688869424, 15.878922111937639, 34.147414489172135, 36.13096469344849, 43.7190203697271, 54.36520532728944, 57.5023406427785, 56.770797046248894, 52.70242904879623, 47.371041229634784, 36.744071703206004, 30.551043557991306, 23.231338415232, 20.021027949116398, 79.04650440058548, 71.53967699451985, 65.27775012556772, 63.6792871460891, 60.00454907075225, 57.61471019118557, 59.763019468958106, 70.42064512433528, 74.84916064935044, 76.99277050791726, 79.92009968036179, 80.9683713304154, 77.09019931667355, 69.40390087923309, 65.27465946572465, 61.7561586625584, 60.689396634868494, 66.88454024562179, 70.45972122255945, 73.80317473142378, 96.25132534320359, 99.5675130752539, 104.01692749833492, 108.06743995174756, 118.09329342785668, 119.08754800430826, 117.08298705954826, 107.36380773803397, 97.14489244857526, 95.56824364708277, 89.88826006566289, 78.77042575913718, 67.40856981562327, 57.649099000319254, 53.49611389425379], [59.5978693875982, 66.92028619552994, 75.02763549345138, 82.85529720515997, 75.9235761987817, 66.78609246790336, 59.49206125167378, 17.166965225492273, 9.200029504483016, 0.0, 8.574555941726722, 20.39063030713065, 14.416772918231874, 11.507587821856237, 13.563717280985841, 55.23275186401239, 64.92105330119088, 72.13998577991212, 79.93072907605934, 88.02738463052468, 85.07713229544122, 77.18218356225677, 70.68400654342089, 63.22240191631333, 53.682809750950575, 21.35374588819688, 17.940059349641125, 17.401110024382152, 19.477433140484607, 24.983639557156618, 20.67470177177473, 15.48371277882763, 13.10174288149199, 11.73952645713046, 15.074051197226511, 41.68532669109155, 44.004251964253676, 50.64130360826064, 62.28894777562331, 64.89235432649154, 63.039688821758105, 58.107846461750924, 52.3434268175746, 41.47617688614068, 36.28713378994585, 30.202914343320646, 26.659726415399426, 86.98804565814653, 78.98257969537855, 71.68726829819886, 69.51420486990285, 65.07841638580156, 61.96435158774996, 63.07672540759333, 74.68028283940025, 79.77571151148187, 82.62330409803961, 86.19458671194333, 87.99189167294927, 84.77625959849775, 76.23659775841735, 71.13615192523353, 66.37512373737584, 64.56282971252763, 71.61831385893768, 76.41147847111404, 80.64207190053872, 103.75917427856592, 107.99015748436749, 112.85008858775822, 116.81921697036482, 126.63532489013315, 127.09845548545043, 124.4244762608057, 112.65209555961482, 100.18299173743436, 97.28753484888387, 90.48905699446735, 78.51825960244571, 65.48529711020807, 53.863368838651844, 47.56170107338616], [67.76090033213934, 75.10465626759856, 83.0257036828964, 90.43784749258606, 83.71502479535017, 74.69683448204198, 67.36706740539016, 24.056585470634896, 16.743101872647884, 8.574555941726722, 0.0, 13.192131361386075, 10.487867846690909, 13.418518162492946, 19.09625641325202, 63.67033257211074, 73.27981333861328, 80.41240622083352, 88.03682611627899, 95.83332573213195, 93.03388067258652, 85.42271184568071, 79.04131807217591, 71.6381176381292, 62.169704392378556, 28.301370400329485, 22.93655954596506, 19.857232651295394, 17.026947737547587, 19.49209631855953, 14.42711616875507, 12.267518327424376, 14.798608226597018, 17.501533291240772, 22.401252949751473, 50.18458622918947, 51.98363758468107, 57.752987236592396, 68.59581633672795, 70.3754523872416, 67.96541059071812, 62.19789365022987, 55.42685180653702, 44.428994742811334, 42.56073643131652, 37.72776674329219, 35.18121233792828, 91.93550496568635, 83.90060636986283, 76.02974443737352, 73.2949754626511, 68.12351625122551, 63.98603676333106, 63.23388766483312, 75.93420074814087, 81.80766378249874, 85.39471399251663, 89.60328597774242, 92.0394199688446, 89.48087618888574, 80.61389713683499, 74.76813669647768, 68.3971184609686, 65.44138272901677, 73.47584418376208, 79.58783803883037, 84.63378998895836, 110.87139213148104, 114.3465671038812, 118.60486103170979, 121.82028025539134, 131.1101871441696, 130.81397841475487, 127.38512173438109, 114.10810225506934, 98.75371649099966, 94.26312378023182, 86.25742956555867, 73.62282476575331, 59.47566340270879, 47.314295424543175, 42.00627564889031], [75.66951093382254, 83.03297514864504, 90.19694363134818, 96.2694525017277, 90.04269512564434, 81.47643101821812, 74.15637801041768, 30.88720788863762, 25.68383955421675, 20.39063030713065, 13.192131361386075, 0.0, 10.92353125955645, 18.565460008499247, 25.243632830086653, 74.19664710006059, 83.40901581818308, 89.92063704573012, 96.71316636406326, 103.41751599092245, 100.66902553651815, 94.0321138862463, 88.24916295402548, 81.14817747367324, 72.03131666131819, 41.17392708554993, 35.86914510339611, 32.039048000066636, 25.848965320221133, 22.34800247998201, 18.639465652513593, 22.30365930222099, 27.349325395221378, 30.583713051890886, 35.175957456779834, 59.7121105510478, 60.16844710419241, 65.01663813193393, 72.91635152184189, 73.42232392738615, 71.10535644377518, 64.55496601877012, 56.07927556416208, 45.285477136820774, 49.486924881846036, 46.04680350710432, 45.50639349356207, 92.77600557146201, 85.38908721971696, 77.5542743677735, 74.25901367017758, 68.38368006352518, 62.77836672171292, 58.769422689979805, 72.83291569964835, 79.67151733395318, 84.08277652791058, 88.93975501948182, 91.90620373742219, 90.0945216134981, 81.63320284166771, 75.32882280560219, 66.7753877679957, 62.01309184340195, 71.23924757822363, 78.8836075210445, 84.68179886793406, 117.20859305879722, 117.7809377582641, 120.04281456430631, 121.51629238364772, 129.73020870932027, 128.28418628113175, 123.92639336978199, 109.854795660197, 90.46039288971673, 83.77320954558719, 74.24156668336913, 61.05086834786153, 46.467271090724424, 36.47390354565343, 39.05370968174318], [68.70244576636804, 76.09859045574733, 83.49532567242395, 90.06678005072462, 82.98930352262039, 74.07395942106282, 66.8363325831391, 23.08911885392877, 18.59911309928164, 14.416772918231874, 10.487867846690909, 10.92353125955645, 0.0, 8.545862143799537, 16.64095091581722, 67.25681126054921, 76.82592258375072, 83.63081987137625, 90.82914923038093, 98.13007678010601, 94.83521774168642, 87.56407319612127, 81.51525041384623, 74.22651384538625, 64.81850157221433, 35.37335890441841, 31.563860203076967, 29.715676085571957, 27.397287974309428, 28.093689802351008, 23.10221405598314, 22.46487106750969, 24.4743509856387, 25.38608102147399, 29.001364301747913, 51.58184425934673, 50.8751060263019, 54.74986223127306, 63.59836175945988, 64.18226048599757, 61.32132820110871, 54.85793369558204, 47.10773649504688, 36.18803656324247, 38.886481318352196, 36.192285950102956, 37.16009789736763, 85.0627875412889, 76.88857753695322, 68.51409320436748, 65.31651807118931, 59.63687593063645, 54.77819599964328, 53.05354293064015, 66.14755089190497, 72.40585240118322, 76.43508490901152, 81.09118851316444, 84.09535899700306, 82.29933201346867, 73.04100297098542, 66.61125352224002, 59.09792972014968, 55.52817388129389, 64.01393083964938, 70.95884759985896, 76.66945958031235, 113.48155294500137, 114.34186783972117, 116.23089773374488, 117.56208460422401, 125.52615952692514, 123.74196551520632, 119.26173436860888, 104.34276925476027, 88.51974830452993, 84.60794853492281, 77.92193086824221, 66.47221610365379, 54.17437814868431, 46.990123007577395, 48.307215003428645], [60.657623521737236, 68.04211583769279, 75.51942539712914, 82.35938461629688, 74.964998801515, 65.9182614587052, 58.71884008180934, 15.19153216415418, 11.935439765186116, 11.507587821856237, 13.418518162492946, 18.565460008499247, 8.545862143799537, 0.0, 8.56486024570302, 59.566846372241606, 69.15423912313337, 75.9529735042598, 83.21695828531975, 90.7174858850848, 87.17665779215817, 79.68828678436971, 73.60000530252307, 66.29770379332324, 56.86848896863883, 30.52057904922174, 28.635229319523255, 28.681380531381414, 29.512626215035453, 32.59411648856218, 27.785902329443413, 24.764537037072753, 23.916737771975928, 22.170880374241843, 24.119323994648774, 43.31255923101041, 42.33137072362124, 46.59187344114032, 55.99877669312698, 57.24595072314224, 54.85194213120613, 49.1038904901292, 42.24035457954668, 31.19733661665313, 31.09085628371506, 27.719217966899894, 29.153225576409106, 78.85302310080858, 70.59140534930225, 62.658007269587486, 59.97855534175601, 54.99352109265419, 51.187117859272796, 51.61716430174276, 63.5120105191287, 68.95323526818025, 72.2276609890634, 76.2675290936756, 78.67971570410725, 76.27772915349703, 67.20172949574413, 61.43494771819003, 55.55109533284691, 53.25429118314619, 60.69433340274346, 66.29400561136119, 71.24720807234388, 106.80908956061043, 108.00868183412088, 110.13343122196552, 111.95593981730465, 120.28886210839646, 119.08166456576414, 115.24488545513428, 101.66845592087853, 89.03704958195779, 87.00063520230086, 81.79631510206593, 71.20429979354215, 60.24412418400303, 53.56385863569833, 53.69757301137475], [52.211045967452385, 59.59667129597465, 66.99118290409041, 73.82870613807457, 66.50657079718742, 57.49511351504511, 50.25886894202776, 6.699674005306452, 7.329273918281537, 13.563717280985841, 19.09625641325202, 25.243632830086653, 16.64095091581722, 8.56486024570302, 0.0, 52.131864024637075, 61.45478314643828, 67.96696827141197, 74.98009504791754, 82.31824099036601, 78.70819340394831, 71.370354524922, 65.4581935530189, 58.28281763183052, 49.05191049169184, 27.998185889662086, 28.28737425833264, 29.85207069171673, 32.765360383188984, 36.93679118382344, 32.85317764032577, 28.923501099518848, 26.198891829767227, 22.269932352924787, 22.071493074471064, 35.55794124208072, 34.9389908514158, 40.749917895486774, 49.90138209719131, 52.149342493887744, 51.08133805940301, 46.51874536007373, 40.5282206663904, 29.73937852435128, 26.693630688349163, 21.330903868830077, 22.33768993399152, 73.54148617997691, 65.80329042092211, 59.106367175111195, 57.208975327122445, 53.231891021472165, 50.50093805274627, 52.44542242200853, 63.15017307561587, 67.72817255927148, 70.08889215769698, 73.2853633534066, 74.71080139738191, 71.33600784591985, 63.24964074805246, 58.71313357701278, 54.61210958740915, 53.37049744986383, 59.700576109175394, 63.68289100578215, 67.46051773425842, 98.58860152961459, 99.87328455816072, 102.44222237288461, 105.02864802112056, 114.05459183676469, 113.9219686964324, 111.14722805261385, 100.24837583136726, 90.16463574436156, 89.28597516439386, 84.74187733983393, 74.58040302816008, 64.60953614606291, 57.886472705451574, 57.40753318847544], [20.561029807812137, 23.443651628303854, 32.549724301086464, 44.65792960006467, 38.63015872480317, 31.725323410224348, 28.711551717391416, 46.069993309694695, 48.895144377279294, 55.23275186401239, 63.67033257211074, 74.19664710006059, 67.25681126054921, 59.566846372241606, 52.131864024637075, 0.0, 10.461138824914858, 19.118016115152148, 29.243956812569433, 40.858376592801356, 37.617762359290786, 26.687364086717984, 18.66474818647594, 11.477487604745608, 6.642189067768321, 40.41045848876585, 48.5008449085213, 54.69588725435233, 64.51445190323251, 73.0833148838487, 71.47070604016976, 64.39844482578349, 56.891893717802894, 49.895841224228406, 43.78836228746671, 19.29560946078003, 30.459210926441052, 42.72267815133234, 54.22250824342253, 62.91196801203036, 66.74414168602422, 69.47479214272262, 71.47091290999863, 66.19821617755213, 47.55450729169904, 39.01783235711913, 31.050587826071876, 80.9739487446215, 76.1770114295324, 76.02308891869919, 78.3788250948608, 79.86199370782874, 83.05216407883769, 92.04898287029854, 96.12031750185336, 96.03541014197384, 93.8928165826963, 92.52989974198262, 89.18420853863728, 81.42446608196823, 78.55515722331475, 80.34354237868199, 86.04564666458792, 90.06491816129639, 90.6321311746651, 86.60517701030147, 84.12217311656367, 61.25389948010701, 75.36969519268646, 87.78905376267542, 99.41246286026036, 113.51699079146279, 121.07859274421332, 124.94709340889183, 126.22787172901523, 129.54055431026242, 133.26932524191278, 130.80987635725617, 121.49206221518959, 112.49597708647435, 101.27778146822334, 90.62285093848048], [20.756482265136018, 20.271069770087937, 27.694484950065583, 39.69230912236603, 35.48207322336026, 30.933528548519938, 30.062753827820316, 55.156027707851564, 58.331341163084346, 64.92105330119088, 73.27981333861328, 83.40901581818308, 76.82592258375072, 69.15423912313337, 61.45478314643828, 10.461138824914858, 0.0, 9.03362568572907, 19.61598308142177, 31.84600966511508, 29.074815752494825, 18.095377824143043, 10.545842752841613, 7.489422993986654, 13.290169095711686, 50.318127409160496, 58.215182022864774, 64.16994611724868, 73.70044528201629, 81.95516622003512, 80.71654637694435, 73.94200938621442, 66.60715081425248, 59.796763077284695, 53.783683951852815, 28.16070716887665, 38.101891843543136, 49.82280535216632, 58.98891865175114, 68.06314950709991, 73.0329012484957, 76.67435860379454, 79.13521212014692, 74.51441880173589, 56.5394486008669, 48.38464344043957, 41.03424298199656, 83.57237331436848, 80.08796116447648, 81.56680772284656, 84.53151298003468, 86.76728176448421, 90.43460780669142, 99.62066345594697, 102.913780513299, 102.24166049389967, 99.45104844599815, 97.3301609343482, 93.05347526449879, 84.59607550378605, 83.38401175321849, 86.37031996892466, 93.05393571403789, 97.40753279620216, 97.29905500082965, 92.22033623783808, 88.65314694657326, 52.50812160351835, 68.98734283885886, 83.36013159013692, 96.7566638419147, 111.77393434581889, 121.04808826916891, 126.39475394259468, 130.8547146548834, 135.81714977512428, 139.96150681724953, 137.64231707354213, 128.55848721882455, 120.08440636700082, 108.84748448277227, 98.17445821714566], [21.740663339280843, 18.428097265208716, 23.107165759193514, 34.14599753694024, 32.02806519809667, 29.951801541602435, 30.82619522366828, 61.46560795976418, 65.13997083800685, 72.13998577991212, 80.41240622083352, 89.92063704573012, 83.63081987137625, 75.9529735042598, 67.96696827141197, 19.118016115152148, 9.03362568572907, 0.0, 10.676393911451422, 23.141526795820774, 20.713337466416586, 10.511369672861091, 6.363408198066977, 10.974574409510376, 20.228062843803162, 58.55369558671549, 66.27264809302436, 71.98107280419777, 81.07956382041355, 88.86312761779512, 87.8623056861129, 81.47511335746478, 74.39432294408044, 67.67679869988541, 61.75361011764237, 34.91312010018138, 43.77564709690322, 55.15482679203634, 61.80716212371266, 71.01608888271001, 77.07166690876949, 81.37970291746898, 83.9944346001365, 79.90989942512589, 63.046092927896034, 55.16098783493066, 48.50409728893436, 83.91125809671125, 81.75002821125182, 84.72982858581761, 88.16832799695938, 90.99284016801757, 94.9336096266529, 104.03859203248251, 106.7094707794165, 105.5906228982906, 102.28590614275313, 99.54456828401311, 94.45680647533845, 85.42428607398698, 85.81434383526917, 89.83895098845296, 97.16649263961041, 101.67420204905673, 101.0384653593404, 95.14281155940067, 90.66579830493738, 44.16298107826679, 61.66247776473011, 77.31122438118808, 92.01813541130979, 107.73212075280107, 118.43569312898587, 125.04933956390276, 132.49081549050513, 138.66811691588964, 143.13308802740622, 140.99905412923812, 132.27753030229388, 124.542284593218, 113.78939756300811, 103.95270157197537], [25.694350238278084, 20.29299451504287, 20.314631389020082, 28.48124706671093, 29.737533293333765, 30.90509884138773, 33.43854658715457, 68.33248415222147, 72.51255703274619, 79.93072907605934, 88.03682611627899, 96.71316636406326, 90.82914923038093, 83.21695828531975, 74.98009504791754, 29.243956812569433, 19.61598308142177, 10.676393911451422, 0.0, 12.616726786210515, 11.125906621551614, 7.3192328873425705, 12.519768000684161, 19.584155157475877, 29.18850645034016, 67.74343390900664, 75.21151890407278, 80.59852676159909, 89.10887379731578, 96.25899823782285, 95.51597405551237, 89.64213392491817, 82.91763573535475, 76.33531855924818, 70.55853319253511, 43.00895037925769, 50.760706782742986, 61.77405158907141, 65.51085739695998, 74.65212509842978, 81.87357470270511, 86.75655028659843, 89.32738327874362, 85.76227747432971, 70.46814462079875, 62.8392281203315, 56.89749060318384, 84.31173748324065, 83.7745281162272, 88.41429388842651, 92.29471184403678, 95.67019553387227, 99.76347874409979, 108.5299693834224, 110.61461026308561, 109.08691513632563, 105.28778391774513, 101.91950700776759, 95.96401819079168, 86.35814341015941, 88.62868651654526, 93.73755701605826, 101.54176743595292, 106.06956070614129, 104.9495856575352, 98.29479588626396, 92.88246955696418, 34.185904737001906, 52.381959399156514, 69.5379551128941, 85.77381804452082, 102.2978782856103, 114.69674565416052, 122.78670695593783, 133.78843683418012, 141.01726006803426, 145.69719422488842, 143.69626249744897, 135.42151548543575, 128.61261264565903, 118.56540044103373, 109.98776926809498], [32.864363613617115, 26.979853836331248, 22.609630697538115, 24.842846098695176, 30.691714418198146, 35.0443024770794, 38.60139863889502, 75.62063066704133, 80.24541273049333, 88.02738463052468, 95.83332573213195, 103.41751599092245, 98.13007678010601, 90.7174858850848, 82.31824099036601, 40.858376592801356, 31.84600966511508, 23.141526795820774, 12.616726786210515, 0.0, 6.903508469217806, 16.59154844564217, 23.935731822508895, 30.780314106339894, 39.905797285691825, 77.66536266812585, 84.75204050505775, 89.69658022787021, 97.40240501009873, 103.70626708429384, 103.26928030612369, 98.08132204385264, 91.86040156656685, 85.50921354653516, 79.97705875981298, 52.473163321024835, 59.203382739503525, 69.91731763678277, 70.54776711631783, 79.3526936943199, 87.72914216953502, 92.98416269266463, 95.20626745274683, 92.06218036485708, 78.85781562322457, 71.43048043037776, 66.16045575360971, 85.2487478989089, 86.60010916410744, 92.93349618238476, 97.15203495792488, 100.95017554231315, 104.98118297337216, 113.01694653183921, 114.66672662150278, 112.8516318611822, 108.65647208677116, 104.7347152043544, 97.93180831914945, 87.82512347717133, 92.1746602641035, 98.30296895988448, 106.25263826026152, 110.57061861404625, 109.10818474867418, 101.88884635909197, 95.62169378686616, 22.7212956171804, 40.806345768659874, 59.985525759618724, 78.05660470960183, 95.55489351207503, 109.94945669286642, 119.71007596538264, 134.83664127623297, 142.6462578243063, 147.28368028699427, 145.24531230900203, 137.465096692769, 131.74839787785362, 122.6008044367133, 115.72323210121606], [27.790504468151436, 21.289689393663078, 16.207148936340097, 19.754165559018027, 24.350690844613712, 28.835096878631695, 32.98537801616238, 72.01841007274174, 77.05395573480124, 85.07713229544122, 93.03388067258652, 100.66902553651815, 94.83521774168642, 87.17665779215817, 78.70819340394831, 37.617762359290786, 29.074815752494825, 20.713337466416586, 11.125906621551614, 6.903508469217806, 0.0, 11.841911334767087, 19.78086656508388, 26.73992644446557, 35.929385758406774, 75.03388033852941, 82.36968449910394, 87.57581770393782, 95.54070985223042, 102.05878755314639, 101.23822801675469, 95.81743734756164, 89.43676018198829, 82.80633850222749, 77.13638257975786, 48.00645996748649, 53.79210121081833, 63.89069743653799, 64.20277792527827, 73.05251981646525, 81.41836746827677, 86.91953464683556, 89.55335818348135, 86.86317015446406, 73.56856084460227, 66.6779100426281, 62.28235406580013, 79.23436636067942, 80.30384918732925, 86.61664236475528, 90.93959350711158, 94.93161745634698, 99.25499136124705, 107.80140912347372, 108.96733350523824, 106.9161276637419, 102.5841051293001, 98.57470526600365, 91.80745853842534, 81.76924457865078, 85.90297813367191, 92.11795951125875, 100.48559835350677, 105.14514602246389, 103.33894855145027, 95.83924555697166, 89.49145983164834, 28.849983764690943, 42.64878485104966, 59.10779493074318, 75.79156726249272, 92.55825573201248, 105.96872317269462, 115.13587442453913, 129.17638305545006, 137.92323957659818, 143.29845714251098, 142.10187191971272, 134.79801117338587, 129.4979157171392, 121.2854714274465, 115.21465514291181], [20.347454850276332, 14.116637251300073, 14.545175637968935, 24.58372535715344, 23.735515463885992, 24.427358964865565, 27.51442343018848, 64.7443920927138, 69.45258697615847, 77.18218356225677, 85.42271184568071, 94.0321138862463, 87.56407319612127, 79.68828678436971, 71.370354524922, 26.687364086717984, 18.095377824143043, 10.511369672861091, 7.3192328873425705, 16.59154844564217, 11.841911334767087, 0.0, 8.174395162446329, 15.66458092075622, 25.411487321531848, 65.63428189936296, 73.34817979047132, 78.9919249869358, 87.69750769720078, 94.98655696630381, 93.81377558173973, 87.75029580215744, 80.90578268334511, 74.0194234677626, 68.11287731871577, 38.49878972707829, 45.018623654396215, 55.33543006339928, 58.66846122312574, 67.84575858265413, 75.07551322214158, 80.23356008452112, 83.23778871426755, 80.20326773972947, 64.91918098549773, 57.93946973139868, 53.14374194654762, 77.78487760619572, 76.95287317982626, 81.57495063193164, 85.56688070503169, 89.15747864948068, 93.55895805255246, 102.83789880494217, 104.37935290459181, 102.59572073438717, 98.65032128800296, 95.1902578941926, 89.27837698673738, 79.77292630113227, 81.82083261678008, 87.0288243034217, 95.27026338439867, 100.15229050216834, 98.65071104315693, 91.69558325011474, 86.19996813431254, 39.22269294742311, 53.60689850107101, 68.18640024385725, 82.96124520228159, 98.67067364342537, 110.04164994201999, 117.51544707782386, 127.46366587735758, 135.66746330461442, 141.13030430721318, 140.05102865171244, 132.35572850032364, 126.11881834819901, 117.25508313576427, 109.84582986312991], [16.751177811213932, 12.730096867201402, 18.056835046105814, 29.90565687222665, 26.42890827132239, 23.974412918001686, 25.31787674116534, 58.92770159582239, 63.25317601971289, 70.68400654342089, 79.04131807217591, 88.24916295402548, 81.51525041384623, 73.60000530252307, 65.4581935530189, 18.66474818647594, 10.545842752841613, 6.363408198066977, 12.519768000684161, 23.935731822508895, 19.78086656508388, 8.174395162446329, 0.0, 7.835078588104012, 17.828666481151583, 58.19996981304754, 66.07845473697677, 71.93403539098233, 81.02755250085856, 88.74467937430222, 87.39564760798402, 80.98401672773976, 73.90184219483115, 66.92383024313482, 60.918045424290604, 31.697161799955605, 39.22992628511597, 50.07184140818801, 55.852469360416194, 65.0900267195098, 71.38624663751773, 76.01252341243122, 78.942480370704, 75.39501706973778, 58.89349533895432, 51.60508596887352, 46.2069534080795, 77.733940305732, 75.58085761493805, 78.81054769979653, 82.40754763455479, 85.49497451285794, 89.69961779929753, 99.14277843406899, 101.27201154325773, 99.88698728090945, 96.39044745747977, 93.48589234015049, 88.302328096473, 79.26516448452959, 79.768673848177, 84.04876311938754, 91.78877996628717, 96.57692166372469, 95.55049159849523, 89.29504850064271, 84.61041860422928, 46.07158709273131, 60.50718957775888, 74.2248265501342, 87.88194837465453, 103.01564061930179, 113.08763939538147, 119.39009205280003, 126.53669495557291, 133.62954228334436, 138.78052764058455, 137.46445454795628, 129.3526485281966, 122.34993124817031, 112.88346770470245, 104.5438459983943], [13.586975439553205, 13.335891042344224, 21.678904104067463, 33.95699702774827, 28.686383528166857, 23.52472084769088, 22.707751557894433, 51.83937362908411, 55.93963799591476, 63.22240191631333, 71.6381176381292, 81.14817747367324, 74.22651384538625, 66.29770379332324, 58.28281763183052, 11.477487604745608, 7.489422993986654, 10.974574409510376, 19.584155157475877, 30.780314106339894, 26.73992644446557, 15.66458092075622, 7.835078588104012, 0.0, 10.009917881867265, 50.565174562319, 58.521636679480885, 64.4910495313283, 73.74961115965206, 81.6717146655158, 80.13029162777795, 73.53818956747381, 66.35653945384911, 59.294003072302765, 53.24389345223192, 24.25965432504315, 32.832529645695885, 44.45054685750749, 52.14639499867562, 61.27265562921325, 66.7874364401826, 70.75970719788208, 73.32999006074712, 69.21319230912603, 52.08779112619903, 44.40269350554968, 38.538666241638225, 76.15354344390386, 72.9214715204529, 74.89039635638953, 78.04333538523697, 80.56166217767789, 84.40740616204764, 93.71429775573681, 96.52241190179383, 95.61421055538236, 92.61639902041442, 90.29956522212667, 85.81377103504455, 77.23616319478073, 76.4237284742406, 79.79833778553902, 86.80636582785422, 91.33366474351058, 90.8644708214579, 85.40965725441394, 81.54844941175564, 52.308111734119656, 65.49787229577822, 78.00089242642227, 90.41344632497237, 104.97223069422446, 113.78630461739176, 118.96578706729045, 123.66973543813813, 129.34813920467795, 134.07421998159458, 132.4956195559211, 124.07280075719582, 116.5405244796343, 106.8429639264602, 98.26186166002005], [14.754343048789469, 18.8405395691922, 28.31564166147321, 40.175084366707246, 33.39981624405382, 25.795643101364075, 22.274257851667493, 42.774594824428426, 46.58215245430518, 53.682809750950575, 62.169704392378556, 72.03131666131819, 64.81850157221433, 56.86848896863883, 49.05191049169184, 6.642189067768321, 13.290169095711686, 20.228062843803162, 29.18850645034016, 39.905797285691825, 35.929385758406774, 25.411487321531848, 17.828666481151583, 10.009917881867265, 0.0, 41.07353450049212, 49.12335105773685, 55.24406699730798, 64.67705950893446, 72.82985486302097, 70.9719076945252, 64.15535656558963, 56.86604732083868, 49.66049235575239, 43.55550891357037, 14.922002802240085, 25.28723846028445, 37.92995550687663, 48.14557990299721, 56.89027851849072, 61.25412690352488, 64.2286763879651, 66.20863521652568, 61.29604691977105, 43.4821621283616, 35.202962514032116, 28.668495077124398, 74.48642349994087, 69.90482083174851, 70.15755801152272, 72.6556345467647, 74.3498140010287, 77.6403577461265, 86.66515586210751, 90.39649984675539, 90.15323807557608, 87.8584313382273, 86.35556075951945, 82.83691493105054, 74.96484315794318, 72.4349557509401, 74.53901064943224, 80.44177735134319, 84.55831750243088, 84.86746540590772, 80.56252883450126, 77.85508939094174, 60.671290425681704, 72.1150012322724, 82.96823436987422, 93.7186842904926, 107.43379040833923, 114.60278958506547, 118.32182560515355, 119.87306920198449, 123.63980279401795, 127.80157470676825, 125.92131452673554, 117.15748497679233, 109.01005560649914, 99.1834046338763, 90.5418283781239], [51.41004381923606, 57.99257345094613, 67.15804276497902, 77.20868811470056, 70.17173742500326, 60.966836116086725, 54.33583943106765, 26.536440436449464, 21.762525389964168, 21.35374588819688, 28.301370400329485, 41.17392708554993, 35.37335890441841, 30.52057904922174, 27.998185889662086, 40.41045848876585, 50.318127409160496, 58.55369558671549, 67.74343390900664, 77.66536266812585, 75.03388033852941, 65.63428189936296, 58.19996981304754, 50.565174562319, 41.07353450049212, 0.0, 8.465893005764071, 15.403645405830206, 26.348287848028022, 36.37712003735018, 33.81240345204476, 25.52505335121228, 17.413185691081488, 11.07702945695871, 6.435506398982213, 32.565549360247246, 39.44455413914481, 48.4253153836702, 64.11083455607775, 69.07842974838547, 67.88648133561577, 65.12062465557712, 62.631466094294304, 53.191823639802195, 38.63781228959746, 30.075826736861963, 19.9612186576