{
	"dissimilarities": [[0.0, 7.396510664029759, 15.86751090096758, 26.285122435148672, 19.692510639982856, 12.347058426123809, 9.653361408095162, 45.61487236802093, 51.222326291590726, 59.5588751668135, 67.7352844849832, 75.84218432061124, 68.67572826957112, 60.599636374751206, 52.178106710130955, 20.52935397995271, 20.76002132009071, 21.788442087949516, 25.562845387205872, 32.50258349340441, 27.77998570833214, 20.38030350102787, 16.66813756370966, 13.500288385913132, 14.687820601882434, 51.33969247396807, 58.85901125031821, 64.67070481866207, 72.80497728819658, 79.69652078105175, 77.64355536987942, 71.91376537177146, 65.45779038580518, 58.09935945121224, 52.38384920336804, 19.89799236741833, 26.825354564411672, 36.81914903134237, 41.96088335366087, 51.02337342439406, 57.99569205256385, 61.88170746208235, 63.7232205945803, 60.085380167351005, 45.83210188694493, 38.81481653250766, 35.673478535725195, 67.58019344204979, 61.55539687848768, 64.44867576306845, 67.76788728688892, 70.40294649507082, 74.97809541801212, 85.768535937131, 87.70319205606579, 86.9115739810148, 83.95710009158923, 81.69247813706615, 77.0399928713176, 68.61195804497518, 65.70056778971299, 70.59320507224007, 76.57265757991156, 83.91168650460565, 81.6272099562402, 75.73386208431664, 72.81861521948339, 52.80161706555087, 56.892269773387824, 66.87763280332962, 76.43116354051119, 90.99517151824838, 100.18323487655181, 106.51172870520733, 111.00873745332908, 116.36884787032311, 121.9658428113864, 118.55561564200677, 110.7520666686585, 106.03324579310375, 98.64949838477348, 95.91657747695186], [7.396510664029759, 0.0, 9.49650867089169, 21.290851486619832, 15.670645721555383, 11.662150629890741, 13.45996918065227, 53.005663597681156, 58.59654432252668, 66.88097119277307, 75.07757553407922, 83.20149925427698, 76.06987690742305, 67.98487179932313, 59.562652115056906, 23.406274885882677, 20.268802819770364, 18.49688945564156, 20.15471352123986, 26.568864043443234, 21.285222835579763, 14.146296338438024, 12.594784691981799, 13.230948212356173, 18.776792561925166, 57.923341939694275, 65.58210358714335, 71.4379947437712, 79.733434997861, 86.70064229060947, 84.79880913285368, 78.99568920878215, 72.43611352855741, 65.1098140236009, 59.312501870299606, 26.55226445905818, 32.78519625555007, 41.550238577892166, 45.41633731262976, 54.62792564649942, 62.140746793581116, 66.79286288600564, 69.32005766102996, 66.3960234896215, 52.154326152153146, 45.68602350468911, 42.71796565124737, 68.87556756364263, 63.93069828853745, 67.99898367363612, 71.80557552007832, 75.08661291931938, 80.0624745379308, 91.20361802801285, 92.39715892919418, 91.02500956731795, 87.51834522128587, 84.62853116958031, 79.22069629633475, 70.34555044295439, 68.64847854328701, 74.51274589243364, 81.49342363361423, 89.2068837830123, 86.3223332243751, 79.45466527413777, 75.66518051250668, 47.76554368383198, 52.936428075046884, 64.09098647255043, 74.64133706776798, 89.76828384230066, 100.1336699933941, 107.48605086989153, 114.07707412745803, 121.26487163336412, 127.46674369298476, 124.61863178520196, 117.17762721379921, 112.83429363447254, 105.51921023300764, 102.54617041209792], [15.86751090096758, 9.49650867089169, 0.0, 12.301536347734821, 9.515696007748618, 12.567648430188125, 17.827219937093556, 60.3936170075862, 66.41719259886715, 74.95490848607321, 82.96074036984194, 90.27606843838755, 83.4077980442198, 75.40775901149937, 66.91209344009742, 32.48468132587828, 27.667066879891443, 23.22712466570206, 20.342184653139345, 22.31124513022413, 16.22001885305541, 14.415291042201124, 17.816325977888763, 21.5391421045381, 28.224692490709927, 67.06274271463111, 74.56606655553705, 80.24556948996577, 88.13515944231187, 94.61064422440467, 92.80855924602743, 87.41440223879269, 81.13136721632401, 73.86263280091435, 68.19703811023956, 35.47418249847364, 40.18551900238563, 47.418285204780496, 48.00030317114371, 56.98748945255359, 65.64894353447147, 71.00335413713435, 73.75455188037832, 71.72839002928899, 59.1894090374592, 53.45502057988675, 51.441055278723255, 66.79132586408146, 64.01071961280678, 70.045130045878, 74.42403863483207, 78.43998945057011, 83.5396965210217, 94.35982287295059, 94.7525795443249, 92.7248100204611, 88.55482707689907, 84.8691733646543, 78.38918245900317, 68.7708383218196, 69.30638720727094, 76.56796586411453, 84.50506206108304, 92.22368396061661, 88.71477277644522, 80.7759520258188, 75.7675798640764, 42.47323141722005, 45.05676873685832, 56.139233364551345, 67.45287175489041, 83.17795326414942, 95.01146133498034, 103.6494221779937, 113.75504782179334, 122.71844384138092, 129.48800565733274, 127.54091445352108, 120.87776609084094, 117.61447940066775, 111.32137868445379, 109.55249825744991], [26.285122435148672, 21.290851486619832, 12.301536347734821, 0.0, 10.581457349484806, 19.128179449033905, 24.877264820414663, 67.26186364325535, 73.82190549244355, 82.66271840345414, 90.25335512004416, 96.16573408557531, 89.82504310466811, 82.09214650826664, 73.61053746220813, 44.42907511543498, 39.5083814452433, 34.17731304156788, 28.599516634739356, 24.82530958627628, 19.694636134972434, 24.19390700506367, 29.455301928797894, 33.63608991849922, 39.91335845380328, 76.98117482510901, 84.08712458140326, 89.40162227885456, 96.45581107147778, 102.01545668525614, 100.30157719743505, 95.67866439205518, 89.97046154357406, 82.84670735052705, 77.49788314430765, 45.5598641427835, 48.7216734293796, 54.54071930919389, 51.013123506408256, 59.235275913464726, 69.19517059256523, 74.91611862165419, 77.32593876877809, 76.15423921988555, 66.55386853191469, 61.54938073918111, 60.71533713349619, 62.92049844461252, 63.230981385126476, 71.55154845815463, 76.38637128667644, 80.9867092250751, 85.8212677356986, 95.54319615425479, 95.28266442911392, 92.70064398449576, 87.94115111373162, 83.48295060782668, 75.85308645029993, 65.38025562781193, 68.89873686142136, 77.6018344927765, 86.10575017893312, 93.32882302224448, 89.37154557886775, 80.60376261560408, 74.31399488822419, 39.74247826832037, 34.78156410479216, 44.117091301449676, 56.00734373668814, 72.530272096915, 86.134170396391, 96.20805756525013, 110.8988525266614, 121.05392266796672, 128.10608798687986, 127.17081398883452, 121.52803438820186, 119.79486545472996, 115.17342763605927, 115.60610674896357], [19.692510639982856, 15.670645721555383, 9.515696007748618, 10.581457349484806, 0.0, 9.614940891749518, 16.504875396373794, 60.230020795269915, 67.02785256659104, 75.9078346501732, 83.69593984313506, 90.02691217234702, 82.94160162114076, 74.90414360322193, 66.47678449069795, 38.713664553082886, 35.581003234799844, 32.2015426334918, 29.77661538105567, 30.389822067211792, 24.296741008191162, 23.709558914477572, 26.371279225226086, 28.709668666033345, 33.46153225537298, 70.18024624287212, 77.50526912381832, 83.21118449002157, 90.71446582191787, 96.78691286026917, 94.51391245417636, 89.47059060195646, 83.47646756187935, 76.04486922721215, 70.55822790389217, 37.47986562603828, 39.10697500278273, 44.21751312729735, 41.4920289001859, 50.093532669335, 59.56149753433707, 65.4110541766654, 68.43967458679263, 67.53900679669698, 56.99408296199312, 52.65337514337424, 52.867749690456485, 57.542400182633784, 55.60022531567315, 62.75416515089756, 67.48338189428071, 72.03010268976448, 77.25023018425736, 88.0418772765855, 87.61439514793814, 85.08589098078825, 80.51133250848635, 76.4119006347759, 69.49353770249162, 59.67475494067287, 61.15141452804731, 69.21110784293802, 77.87148117019615, 85.7577928395958, 81.64490280417321, 72.95092146776655, 67.29908529949753, 48.58525181241266, 44.92523160997114, 51.152652524356704, 60.81462471848401, 75.18842122072947, 86.07459103608286, 94.51618323580146, 105.0465207427701, 115.56193519506513, 123.4193075565666, 122.77077666114657, 117.416904628527, 115.60942952315499, 111.44934293728988, 112.02083753632989], [12.347058426123809, 11.662150629890741, 12.567648430188125, 19.128179449033905, 9.614940891749518, 0.0, 7.378204227199051, 51.26017357991737, 57.994154483276, 66.81321128384681, 74.71775824774427, 81.49432641173354, 74.08171464925086, 65.91530426897958, 57.50984601013919, 31.903656270762244, 31.087528863871793, 30.07729173806267, 30.780513951282582, 34.54953838556096, 28.665832810947965, 24.43364059207162, 23.996858441775125, 23.62596766762585, 25.955955048772545, 61.050206604100474, 68.39542743180972, 74.23209690485952, 81.91554134280616, 88.27194271646229, 85.7556355236758, 80.47918719215234, 74.36193938940963, 66.82944750377649, 61.312204525193884, 28.124558570017573, 29.68456716627967, 35.89396839369315, 35.726393069150284, 44.73219482389822, 53.315932020857055, 58.4984656227447, 61.241029871630936, 59.576367459936044, 47.870239940873184, 43.1530520883096, 43.37962876080755, 57.22596103332544, 52.796324068737476, 57.92606546903003, 62.09638872880668, 65.92515377320967, 71.00977985455711, 82.12068906301029, 82.49320400954205, 80.64234551816037, 76.7570226025218, 73.51600460925856, 67.76561887274478, 58.72907882572601, 57.70879146569596, 64.35179303982665, 72.05685509529059, 79.95491109494318, 76.44292916635314, 68.83089958933624, 64.47448092067671, 54.10097781360014, 52.34130747897321, 58.34055658141932, 66.8649232801006, 80.34837311272182, 89.33321728479821, 96.1898431056198, 102.79430035345382, 111.41574890105097, 118.80836509285196, 117.42054235483623, 111.49996199629004, 108.9208370871701, 104.29701045484563, 104.42979608159018], [9.653361408095162, 13.45996918065227, 17.827219937093556, 24.877264820414663, 16.504875396373794, 7.378204227199051, 0.0, 43.962615315828714, 50.66595006583543, 59.509147411420194, 67.37845631446899, 74.18495336619009, 66.83169795715699, 58.700766215185425, 50.26327232886731, 28.88099077156788, 30.201946847814526, 30.938033815605618, 33.325399526610326, 38.169246718256645, 32.85384081825775, 27.52133503123353, 25.328343427074856, 22.79213570866131, 22.43031195818634, 54.40707715166786, 61.54546540914382, 67.25812372239444, 74.73202208711801, 80.98112991803167, 78.42135908490249, 73.2437514503766, 67.25948940445508, 59.7739466204725, 54.376168724077324, 22.119229793098878, 24.311133173297765, 32.21121286294034, 33.85164312361412, 42.752757218804454, 50.68721279635995, 54.90282689939484, 56.73575443719709, 54.05374811235506, 42.218533282823245, 36.699504001585105, 36.59892094775937, 58.0792101692655, 52.42799714671631, 56.110501753680666, 59.67664635396626, 62.68650255259546, 67.26300626884536, 77.90281926110691, 79.28209328776663, 78.17551296925633, 74.97020394591897, 72.48678822960274, 67.61749058183493, 59.06325050617304, 56.634194509148536, 62.08721113764871, 68.51843438131685, 75.91869672976449, 73.19957732851027, 66.81360507700512, 63.51865431894641, 57.37203678618756, 56.04163669997696, 62.02934830912378, 69.90909530427163, 83.17225684113986, 91.2190170800652, 97.08233234739598, 101.59745914259403, 107.84538362309827, 114.31434496270478, 112.05621551875008, 105.48833091346681, 102.2841249536186, 97.24108462971033, 97.30671108377292], [45.61487236802093, 53.005663597681156, 60.3936170075862, 67.26186364325535, 60.230020795269915, 51.26017357991737, 43.962615315828714, 0.0, 8.250463979955189, 17.154271171786167, 24.049163390990923, 30.986399210204937, 23.079507239476886, 15.112327257818533, 6.666754157667808, 46.1277286088781, 55.19236726400904, 61.46046433116448, 68.20719103073449, 75.34228127795059, 71.95207808608598, 64.76263939224906, 58.940440769154904, 51.85685223257788, 42.814673118429546, 26.59241895253476, 28.65324031607017, 32.07426779186525, 36.18675976013322, 41.04471501524397, 36.90214243807985, 32.98841810654288, 29.304341521914, 23.263254823041787, 21.456208155505436, 30.36693403575807, 30.271408814910977, 37.63082207478811, 46.71419753078169, 50.0990729375588, 50.48701033976574, 46.838734722563146, 41.65478908963216, 31.48486224194168, 25.3965415348622, 17.970085030102833, 17.613519867558615, 75.07721057156328, 64.39634755645866, 58.87294545271287, 57.706159303341664, 54.554914581232524, 54.557593564780774, 60.141757851465314, 68.0910682564167, 71.98523604598076, 73.61716156950177, 76.1096205085164, 77.24816603185725, 73.35242718362443, 63.737228179212195, 60.584281817545985, 57.169617724126525, 59.825408957125426, 63.05169904202481, 65.89309908702663, 69.67391463972154, 91.58016639672013, 90.97352526921294, 94.75717713005886, 98.50682575717275, 108.44296714702867, 110.21806776337567, 109.90816773158028, 100.45085525626521, 91.92829323900541, 92.40718225484305, 84.6245209955155, 74.21046459580944, 66.41688674857805, 59.39928648523945, 60.30113458702775], [51.222326291590726, 58.59654432252668, 66.41719259886715, 73.82190549244355, 67.02785256659104, 57.994154483276, 50.66595006583543, 8.250463979955189, 0.0, 9.160182132511666, 16.74077373812973, 26.052914120090076, 18.624701225944968, 11.867573235929365, 7.334683393562602, 48.92793886998689, 58.35055198260103, 65.11913220101412, 72.3823636652961, 79.98120516363042, 77.0007006807512, 69.4770128832726, 63.26676806680124, 55.9480489128306, 46.602131987946926, 21.776680933318143, 21.86936999907613, 24.383503262141332, 28.011498291677633, 33.291780530056606, 29.06435343303652, 24.749613531154058, 21.287512877581374, 15.993596074866373, 15.79467637260061, 35.02487743143131, 36.387893244554654, 43.984162526966344, 54.406651377804295, 57.61593684610018, 57.109752831836715, 52.858944909459, 47.395168676503076, 36.75450052516161, 30.489010190416266, 23.2217070418199, 20.094319526032077, 83.13930219847273, 72.16850724484686, 65.90271976089383, 64.31633131665822, 60.57422244839388, 60.12556204198567, 64.93476848952079, 73.64820272294449, 78.10294183799974, 80.26507119935424, 83.21469486750851, 84.85620129448463, 81.31734747259075, 71.25335898634127, 67.34926324120026, 62.95534309766489, 64.92003743635648, 68.91878378165835, 72.752238128076, 77.1249024833049, 95.83628792793354, 96.95309993171293, 101.9087781799637, 106.00900218068854, 116.26420651104209, 118.06667229868275, 117.47749725514483, 106.83801113847586, 96.27876738434323, 95.3546052837257, 86.1082834920324, 74.37836333993478, 64.6430994922191, 55.174297391617145, 53.62903876590967], [59.5588751668135, 66.88097119277307, 74.95490848607321, 82.66271840345414, 75.9078346501732, 66.81321128384681, 59.509147411420194, 17.154271171786167, 9.160182132511666, 0.0, 8.60736638109672, 20.97625299747338, 14.524235835061134, 11.535498767859542, 13.58920159834348, 55.27326629691646, 64.93768751947994, 72.09531256730966, 79.76471723889661, 87.72135959913531, 84.99335691783628, 77.1995288728249, 70.70217561737212, 63.233067692888355, 53.70739619219764, 21.439565086213012, 18.102393156505936, 18.508279618725695, 20.316728942756434, 25.73826836163292, 20.78698583803794, 16.205457357219327, 14.113827382820613, 11.674668722612175, 15.086811493050808, 42.67175522239972, 44.20404322419568, 51.15881383975819, 62.33595108628002, 64.98351110286788, 63.3418513256875, 58.27595845260552, 52.39050644791152, 41.506765259468956, 36.31458926059097, 30.2525204841002, 26.744197600044235, 91.08679747978069, 79.6690846306972, 72.37322498038783, 70.20384691337468, 65.71266959528943, 64.64662058601223, 68.48327088521594, 77.97293850404358, 83.09073959676046, 85.94171687443801, 89.52118838634478, 91.93375653426888, 89.05426536097087, 78.28998261941223, 73.33486485277673, 67.68513780083981, 68.8130816819443, 73.67685555628074, 78.77291526399769, 83.98224429354914, 103.28959238183732, 105.40153986355985, 110.74272356745492, 114.72903984029894, 124.77598130917193, 126.01527799370726, 124.74276037510286, 112.0510534210916, 99.23160127447187, 96.99945348692313, 86.468556350397, 73.7672116461929, 62.315194759020805, 51.08711176871637, 47.62321969245034], [67.7352844849832, 75.07757553407922, 82.96074036984194, 90.25335512004416, 83.69593984313506, 74.71775824774427, 67.37845631446899, 24.049163390990923, 16.74077373812973, 8.60736638109672, 0.0, 13.883976023548188, 10.525042497133493, 13.403148413185649, 19.103108671671976, 63.7368065020097, 73.31801867875194, 80.39302254890917, 87.89885955082234, 95.55092119568837, 92.95058305424341, 85.43850583859847, 79.06496238805451, 71.66408031799543, 62.21683593179386, 28.435697295776762, 23.153113909597064, 20.96945561548308, 18.064534806850606, 20.412288304640565, 14.497186876973613, 13.26447850040257, 15.861855912199525, 17.508964117751827, 22.469482841286627, 51.18400072843036, 52.21906608075754, 58.3714409365557, 68.67095535775766, 70.50490424945406, 68.31806539653647, 62.414762480984166, 55.5078496996556, 44.489878476283316, 42.64369700811895, 37.819328232676604, 35.29939590709, 95.93015078363524, 84.6638752144368, 76.83588439960414, 74.12650635243197, 68.92396228764731, 66.87176908548786, 68.8063823890303, 79.2560618628863, 85.10697630543466, 88.6620598249185, 92.84930039038893, 95.93665810934583, 93.63142451814302, 82.71881690678693, 76.93499590014466, 69.79647293125069, 69.53411229190993, 75.42847518751687, 81.92636554705439, 87.85515886737224, 110.40724361768581, 111.78652532557433, 116.48300547725955, 119.80403029698972, 129.3033236716748, 129.7581683073404, 127.66834673222854, 113.56738990123321, 97.81647771953723, 93.92659114085338, 82.13888776719267, 68.63659512114516, 56.02785743937501, 44.36552879674412, 41.9860734780767], [75.84218432061124, 83.20149925427698, 90.27606843838755, 96.16573408557531, 90.02691217234702, 81.49432641173354, 74.18495336619009, 30.986399210204937, 26.052914120090076, 20.97625299747338, 13.883976023548188, 0.0, 10.495225174049816, 18.36887422410481, 25.23069550074825, 74.68659780758365, 83.87027060113539, 90.32728490124612, 96.9852667728821, 103.50195549178832, 100.8411488431369, 94.30240145209467, 88.55987899795417, 81.49515724728982, 72.41805029142513, 41.984979454337555, 36.892016974098205, 34.004906717517954, 27.960200378760483, 24.443494870444137, 19.625999919607484, 24.18800815756198, 29.179807687987147, 31.283034049856543, 35.861886305498444, 60.82902727717385, 60.504178816699486, 65.38788436196486, 72.65371027572779, 73.15521548479451, 71.07014033741378, 64.26737067745175, 55.5254672315107, 44.75520265907046, 49.38230582186869, 46.14597087136363, 45.93408573540746, 95.84788775481191, 85.64530335420375, 77.91565951417365, 74.66861422960854, 68.76578390180693, 65.09917113344969, 63.45267157807843, 75.20794452186394, 81.95273774920327, 86.3087118927986, 91.13376860977041, 94.86185901147853, 93.17770371839848, 82.91274578738464, 76.5087463098964, 67.4025335070583, 64.71920616174987, 72.00459226087169, 80.26970409464512, 86.83135421383892, 117.123472752273, 115.29767179162434, 117.67788039922426, 119.37439962459256, 127.58258284347608, 126.70803465402125, 123.44697499360058, 108.6406810485267, 88.67410616766557, 82.44217819792448, 69.31574185601085, 55.1747688756843, 42.348352998774075, 33.75227482761477, 39.82739872899049], [68.67572826957112, 76.06987690742305, 83.4077980442198, 89.82504310466811, 82.94160162114076, 74.08171464925086, 66.83169795715699, 23.079507239476886, 18.624701225944968, 14.524235835061134, 10.525042497133493, 10.495225174049816, 0.0, 8.58743122083263, 16.65933132986252, 67.38393887228187, 76.90454740562824, 83.63251547690837, 90.68658645482529, 97.80701730528052, 94.71420363585985, 87.57398780417361, 81.55431619430925, 74.28337251493487, 64.91537678697433, 35.629722418997396, 31.871437087374318, 30.94103047257077, 28.474631998338783, 29.036403262598828, 23.104473228141643, 23.567244313642608, 25.696859951347694, 25.536088642833008, 29.19852688515528, 52.615425419933175, 51.23216693162695, 55.525379226424576, 63.749358450829405, 64.40756985805989, 61.85787297402934, 55.24835389528351, 47.30103143996306, 36.353042720419715, 39.15946428489638, 36.428471261943784, 37.3866876970843, 88.93716297597162, 77.75107005472039, 69.50314718088543, 66.36319856567998, 60.677630395058216, 57.85105334493368, 58.660239580659315, 69.49352514824683, 75.703986401529, 79.670358637319, 84.27342381058278, 87.94500793877322, 86.33703024697057, 75.20575765655656, 68.75542922867373, 60.585447847278054, 59.53671918831916, 65.90947553033052, 73.28488496619077, 79.78007198815953, 112.92206077362161, 111.43496666459784, 113.6242594524662, 115.51389391796353, 123.51349892883741, 122.4439095524697, 119.36512120082631, 103.78505920383104, 87.41799021545748, 84.06908521980067, 73.22746886543548, 61.09061151111269, 50.573827560916015, 44.00838555639457, 48.0936168598642], [60.599636374751206, 67.98487179932313, 75.40775901149937, 82.09214650826664, 74.90414360322193, 65.91530426897958, 58.700766215185425, 15.112327257818533, 11.867573235929365, 11.535498767859542, 13.403148413185649, 18.36887422410481, 8.58743122083263, 0.0, 8.519059414115857, 59.65566785753663, 69.1985496085647, 75.91630653444905, 83.03325142342925, 90.35748066608869, 87.0405031110847, 79.68546690977817, 73.6198468215682, 66.3255336719337, 56.929241914883505, 30.714788720364414, 28.86236579118018, 29.853466451777855, 30.470495605030713, 33.44482596295976, 27.80746599832442, 25.723941143501534, 25.06567913754395, 22.255551867203337, 24.25553414698631, 44.31011550410182, 42.647488348454665, 47.27329800871439, 56.108721928141165, 57.42068622029004, 55.336429400796305, 49.43766470145108, 42.381148508219084, 31.3085232860266, 31.310626979890962, 27.914357001545618, 29.33639650508666, 82.84508603612159, 71.37596866846478, 63.52575257646739, 60.87979636031573, 55.857903991550145, 54.05059486429114, 57.04000180094633, 66.83029281353306, 72.2758309911527, 75.52565060755832, 79.54174811299194, 82.59039271943396, 80.46723723719823, 69.3289910126247, 63.616795638816534, 56.93777258958501, 57.45909556024116, 62.70857997964196, 68.65064701584318, 74.4902956034649, 106.23273822862662, 105.0238314313639, 107.46923495517717, 109.83433712614669, 118.19553988975217, 117.72160132438435, 115.36864944937867, 101.02705351661771, 87.90346411827083, 86.51645703119014, 77.21329974716339, 66.12667612259183, 56.997852559096046, 50.77187949169668, 53.56824741135619], [52.178106710130955, 59.562652115056906, 66.91209344009742, 73.61053746220813, 66.47678449069795, 57.50984601013919, 50.26327232886731, 6.666754157667808, 7.334683393562602, 13.58920159834348, 19.103108671671976, 25.23069550074825, 16.65933132986252, 8.519059414115857, 0.0, 52.21082058418022, 61.499678520304656, 67.95093721537148, 74.83076474730599, 82.00425728790438, 78.61085303952817, 71.38120459673078, 65.47789151329825, 58.30999106255911, 49.10839117089246, 28.133297558413965, 28.468107452767075, 30.929719548850393, 33.62097187987117, 37.70694973119076, 32.89434599286602, 29.701047071825244, 27.184041927695336, 22.27377301942107, 22.1377975474818, 36.46215690929533, 35.303299106216194, 41.16270171709055, 50.00087369343869, 52.33437942907647, 51.56731187012232, 46.80912778603133, 40.632124201080856, 29.82310640486678, 26.807434840060026, 21.47881394811052, 22.52118921351697, 77.5897037207307, 66.5065409198377, 59.86426915319859, 57.99649751940574, 53.95960280041048, 53.1267116126404, 57.60493355219412, 66.40341195895203, 71.00443074366235, 73.37083935844434, 76.57119875632522, 78.60259945104025, 75.53777521768792, 65.16720774392857, 60.80176024300707, 55.86646948196546, 57.59759134935448, 61.73032562326605, 65.99291572540031, 70.74886575726569, 98.0808307088043, 96.95864233599153, 99.91828605616477, 102.92086803873825, 112.03713997873683, 112.68933583982864, 111.39995024078308, 99.6885203687926, 89.17261041355927, 88.93978268428087, 80.60062191736186, 69.99424442842975, 61.80376816638917, 55.38146995916599, 57.40862416883965], [20.52935397995271, 23.406274885882677, 32.48468132587828, 44.42907511543498, 38.713664553082886, 31.903656270762244, 28.88099077156788, 46.1277286088781, 48.92793886998689, 55.27326629691646, 63.7368065020097, 74.68659780758365, 67.38393887228187, 59.65566785753663, 52.21082058418022, 0.0, 10.437379361660525, 18.907219615501536, 28.82626063552775, 40.314212946991596, 37.57034237287452, 26.856303651374162, 18.817612531115024, 11.537720976665067, 6.658919536036908, 40.39340568026189, 48.49916373585607, 54.72133985497341, 64.54442901323348, 73.23944606589373, 71.60352845214815, 64.36243180903644, 56.826024870761, 49.89472164305948, 43.77765967028934, 18.726892335555142, 30.530848220341504, 42.091744165375516, 54.21996458357749, 62.908748538347204, 66.85954417316846, 69.50454347839481, 71.46733640586856, 66.20124349785578, 47.49405926345299, 38.99578537211428, 31.048129499704515, 84.8197014429313, 76.17262069492982, 75.86141083966758, 78.16682535471651, 79.55532558330503, 84.05686986715926, 95.56204237256378, 98.6414755734362, 98.78785518903419, 96.83221580671966, 95.66906535339527, 92.542631731888, 85.41006485544042, 79.55515123293992, 82.11836216158332, 86.612708813742, 94.00318451932601, 92.7364204277138, 88.52230388772057, 87.39664843185021, 60.656761712420206, 73.03700952199402, 86.44184352616436, 96.74623063884373, 111.51154034023264, 120.08441415440822, 125.46936010798827, 125.54033388062699, 128.71952234840055, 133.1451251480381, 127.7499147276003, 117.9960777453369, 110.304548750123, 99.05365664045782, 90.80244033417455], [20.76002132009071, 20.268802819770364, 27.667066879891443, 39.5083814452433, 35.581003234799844, 31.087528863871793, 30.201946847814526, 55.19236726400904, 58.35055198260103, 64.93768751947994, 73.31801867875194, 83.87027060113539, 76.90454740562824, 69.1985496085647, 61.499678520304656, 10.437379361660525, 0.0, 8.81034802310391, 19.176398349571112, 31.29317576057719, 29.068352541221614, 18.311561472149062, 10.72487082655507, 7.534714732211167, 13.27798338988971, 50.280655217312, 58.20449799956583, 64.13760404816398, 73.67517598275043, 82.03212470000445, 80.80937742907814, 73.84547833415407, 66.49097084685845, 59.762872988980256, 53.7457423857426, 27.306217047486072, 38.200834343559734, 48.96778201004935, 58.982985820500716, 68.08099497257915, 73.16498808998425, 76.6983762985047, 79.11963586357744, 74.50461544942613, 56.45266407541064, 48.339099442175055, 41.01928584949086, 87.10192393936566, 79.95212808865166, 81.3110763707105, 84.24869948855316, 86.40431169281798, 91.24404230097392, 102.84374255442974, 105.2675541185935, 104.80403862426667, 102.1890532434781, 100.26295333459669, 96.11049391404245, 88.18889789407461, 84.0240639906407, 87.91458244511682, 93.49691324671412, 101.13265031547142, 99.27054525104514, 93.94149757664623, 91.69163621121113, 51.92353840967666, 66.90616657266673, 82.39830164663212, 94.04941425940999, 109.87766102058768, 120.21689443694108, 126.98743072577616, 130.27327546630528, 135.09815523391694, 139.86614491228391, 134.888026031737, 125.32834084429413, 118.05933648060333, 106.73520109481166, 98.34499620776323], [21.788442087949516, 18.49688945564156, 23.22712466570206, 34.17731304156788, 32.2015426334918, 30.07729173806267, 30.938033815605618, 61.46046433116448, 65.11913220101412, 72.09531256730966, 80.39302254890917, 90.32728490124612, 83.63251547690837, 75.91630653444905, 67.95093721537148, 18.907219615501536, 8.81034802310391, 0.0, 10.472831669917399, 22.854709257427775, 20.968040069368765, 10.845737722785342, 6.288362320964257, 10.789338335846686, 20.063462368977493, 58.40568534371408, 66.18084970074555, 71.89447477231649, 81.01941876326063, 88.8999518225548, 87.89682964205643, 81.32144445639778, 74.22225201797393, 67.5405180831394, 61.611100221148185, 33.76365359383543, 43.80924048020725, 53.95329334611608, 61.73106684642375, 71.0018914967073, 77.14669180137477, 81.31364985906588, 83.90297238439653, 79.83260584463135, 62.81482516962693, 54.995109074973776, 48.39128872533913, 87.11600109955363, 81.47209811627177, 84.3488242893719, 87.7858101226642, 90.54284318813514, 95.53358946325231, 106.96292885638123, 108.87144815714333, 107.92416899863119, 104.7770166573873, 102.22100404555174, 97.19355463863657, 88.59521172021071, 86.05105882926128, 91.07608171722669, 97.44970080470276, 105.13624623337955, 102.81811358567685, 96.62535410585791, 93.4182645722676, 43.885334975178914, 60.042026416432854, 76.89205536087614, 89.49881584332513, 106.1160504744158, 117.89297199692228, 125.79951980775165, 132.04689860247203, 138.09853932767732, 143.13006368124803, 138.62999501903425, 129.41558622679, 122.7913431416153, 111.89236002283431, 104.16786793015498], [25.562845387205872, 20.15471352123986, 20.342184653139345, 28.599516634739356, 29.77661538105567, 30.780513951282582, 33.325399526610326, 68.20719103073449, 72.3823636652961, 79.76471723889661, 87.89885955082234, 96.9852667728821, 90.68658645482529, 83.03325142342925, 74.83076474730599, 28.82626063552775, 19.176398349571112, 10.472831669917399, 0.0, 12.550639883556459, 11.514227788515354, 6.8670798023464075, 11.796083576158733, 19.090582870853726, 28.803299535850833, 67.4506420124667, 75.00329979832208, 80.42944978980127, 88.97098541105326, 96.19329849803397, 95.42581511663843, 89.38919883150918, 82.65904488922365, 76.04902314504942, 70.26715541253769, 41.54666013300993, 50.69656390213674, 60.20791987908521, 65.31210694834098, 74.57415132346459, 81.8866346568879, 86.58294451816614, 89.12277960039972, 85.5724562429018, 70.06631664712714, 62.51229872359967, 56.63979765180291, 87.01532954368247, 83.300073950458, 87.8927569010574, 91.80972074180826, 95.1339245831261, 100.13138995731958, 111.07793285654235, 112.52286815668276, 111.1146268661725, 107.44013153498011, 104.2304818126299, 98.25032128738658, 88.90318719645695, 88.3430494541512, 94.57387601956641, 101.61881499831412, 109.15855372883519, 106.44507025305467, 99.44925912852484, 95.21492822516696, 34.1530653932842, 51.19317291168855, 69.67667145450957, 83.36816186528823, 100.93809734947638, 114.43864081559575, 123.64493268914514, 133.49711607326512, 140.58130386219582, 145.72805160364982, 141.72676712162118, 132.92301355730464, 127.1069682412364, 116.83857139290504, 110.1623399342464], [32.50258349340441, 26.568864043443234, 22.31124513022413, 24.82530958627628, 30.389822067211792, 34.54953838556096, 38.169246718256645, 75.34228127795059, 79.98120516363042, 87.72135959913531, 95.55092119568837, 103.50195549178832, 97.80701730528052, 90.35748066608869, 82.00425728790438, 40.314212946991596, 31.29317576057719, 22.854709257427775, 12.550639883556459, 0.0, 6.47483476565796, 15.623188065061301, 23.01046764746957, 30.109792123669266, 39.364187847899856, 77.25011950006996, 84.44324397553288, 89.4592151073833, 97.1777698079771, 103.49914915594178, 103.017238227829, 97.72130080832353, 91.52547238550416, 85.07320950188014, 79.54549253492264, 50.7722640319945, 59.086953219967064, 68.05713157481694, 70.2293956238059, 79.22858328204491, 87.73037401872172, 92.7362446426513, 94.8927937659143, 91.75532996538185, 78.31878429182609, 70.96369727353195, 65.77756761280901, 87.2792678721668, 85.92194971532075, 92.31456165819849, 96.6200412836281, 100.38497759992273, 105.15644709337909, 115.1567238646427, 116.2956879920584, 114.52954714985175, 110.40757984475572, 106.59431824149975, 99.66126637953735, 89.54201178016959, 91.29494720476309, 98.68776493639946, 106.11990333460437, 113.19735239307342, 110.24807713460469, 102.65891408100033, 97.42008800032062, 22.75619160520535, 39.98069959548036, 60.703962349709315, 75.63977513239772, 94.41638644503955, 109.97691494672515, 120.61413722062946, 134.74270702745423, 142.3432899507725, 147.2859187506195, 143.7104542074778, 135.33375203368243, 130.46327250269115, 121.00976252337003, 115.78036286229697], [27.77998570833214, 21.285222835579763, 16.22001885305541, 19.694636134972434, 24.296741008191162, 28.665832810947965, 32.85384081825775, 71.95207808608598, 77.0007006807512, 84.99335691783628, 92.95058305424341, 100.8411488431369, 94.71420363585985, 87.0405031110847, 78.61085303952817, 37.57034237287452, 29.068352541221614, 20.968040069368765, 11.514227788515354, 6.47483476565796, 0.0, 11.499789315664051, 19.461563154454296, 26.603558071215307, 35.85644940830688, 74.94353168845595, 82.34273369581095, 87.64333364112773, 95.56217509655701, 102.0543253644132, 101.1619386960678, 95.73095901031985, 89.40724700531088, 82.65424242117315, 77.0074050236252, 46.67928188353757, 54.05904414995815, 62.42976373991375, 64.19279469523106, 73.20310948790093, 81.74025081068604, 86.9842032929664, 89.49953125700908, 86.80073870690126, 73.39943210479932, 66.55836141873442, 62.235541394038634, 81.48065249207329, 79.83506489135694, 86.24303168987603, 90.6430097086385, 94.5907488940856, 99.56859458667921, 109.97259177689928, 110.73025693700662, 108.76997006448183, 104.53415333949737, 100.65054565775371, 93.74163225254246, 83.7446143344525, 85.28068215238815, 92.7585789031933, 100.53734855792042, 107.93010535686965, 104.68903653022178, 96.81484451051261, 91.51410364666445, 28.26934744562685, 40.686250364548194, 58.85452954928647, 73.00687228069243, 90.97166614868294, 105.6428039286349, 115.88363516278787, 129.08381753322317, 137.55400986196048, 143.2338303232538, 140.27438944053327, 132.48065579072437, 128.12350985230768, 119.59543710764932, 115.27861148788574], [20.38030350102787, 14.146296338438024, 14.415291042201124, 24.19390700506367, 23.709558914477572, 24.43364059207162, 27.52133503123353, 64.76263939224906, 69.4770128832726, 77.1995288728249, 85.43850583859847, 94.30240145209467, 87.57398780417361, 79.68546690977817, 71.38120459673078, 26.856303651374162, 18.311561472149062, 10.845737722785342, 6.8670798023464075, 15.623188065061301, 11.499789315664051, 0.0, 8.168403085122451, 15.770976829028504, 25.53814250180105, 65.68856341695194, 73.42966358943748, 79.13598216174785, 87.78047319523414, 95.06391857630386, 93.84211638019283, 87.75760085772995, 80.9608943219458, 74.01290924710383, 68.12844883058152, 37.40860627507051, 45.38195651420803, 54.2331677055072, 58.7689046961783, 68.03809104558489, 75.45502344847361, 80.41176333568194, 83.29428476483653, 80.24459057018048, 64.94155644295019, 57.98508632807746, 53.232633517820865, 80.60212315330496, 76.65021573793476, 81.30845669820408, 85.33401016959185, 88.86335959500005, 94.05332155624966, 105.3468523330533, 106.38398772597894, 104.76648518219602, 100.9656791646686, 97.67378427912118, 91.70469832714075, 82.47993992375908, 81.7561296365533, 88.10599473898203, 95.5110322352586, 103.33962583014419, 100.31652016614287, 93.0175933132166, 88.69786970438143, 38.26525669583671, 51.05647599460947, 67.10203935162849, 79.93775456261945, 96.6515891483253, 109.25810446220835, 118.06395049293724, 127.12860776160608, 135.07968221156716, 140.97292204728578, 137.66747614388197, 129.54777888527582, 124.40430491055463, 115.29845689959804, 109.89753163767563], [16.66813756370966, 12.594784691981799, 17.816325977888763, 29.455301928797894, 26.371279225226086, 23.996858441775125, 25.328343427074856, 58.940440769154904, 63.26676806680124, 70.70217561737212, 79.06496238805451, 88.55987899795417, 81.55431619430925, 73.6198468215682, 65.47789151329825, 18.817612531115024, 10.72487082655507, 6.288362320964257, 11.796083576158733, 23.01046764746957, 19.461563154454296, 8.168403085122451, 0.0, 7.91473918568717, 17.92891821932074, 58.247305539797814, 66.14323606469505, 72.04976016246665, 81.09186936799628, 88.83456242003992, 87.44529089056995, 80.98298982641614, 73.93104112734596, 66.92593132251388, 60.93465945267988, 30.667468180520984, 39.52506600896207, 49.100287126002286, 55.92324805046861, 65.22068630444015, 71.69826283824784, 76.16210769402242, 78.9879868484543, 75.42741204191083, 58.91765794848718, 51.64573409267399, 46.277137171583426, 80.89924193312665, 75.35266497060667, 78.56194494915458, 82.1654093638061, 85.18121273738873, 90.31407639075525, 101.91539498533312, 103.42259182169168, 102.23759625473011, 98.90819151681163, 96.19104668147276, 91.03111163154449, 82.41166780333447, 80.03757368369325, 85.3550449208493, 92.11769040106445, 99.9988945651156, 97.36534038008409, 90.80521062543419, 87.37286535013251, 45.12341195294565, 57.881759272152145, 72.89460180223607, 84.875395323015, 100.89149181055602, 112.14047988275564, 119.87549030728168, 126.05220789228184, 132.92566930984225, 138.59465870081578, 134.79398451486756, 126.27270849390423, 120.44339095790198, 110.79176493175027, 104.59736368125476], [13.500288385913132, 13.230948212356173, 21.5391421045381, 33.63608991849922, 28.709668666033345, 23.62596766762585, 22.79213570866131, 51.85685223257788, 55.9480489128306, 63.233067692888355, 71.66408031799543, 81.49515724728982, 74.28337251493487, 66.3255336719337, 58.30999106255911, 11.537720976665067, 7.534714732211167, 10.789338335846686, 19.090582870853726, 30.109792123669266, 26.603558071215307, 15.770976829028504, 7.91473918568717, 0.0, 10.034803050271943, 50.56133151391313, 58.54102345746273, 64.59616734208386, 73.82391307299598, 81.80897209189847, 80.19939406317933, 73.54153542128556, 66.37041127008526, 59.269530779615636, 53.22383111897028, 23.23296325627489, 33.03887421731729, 43.502103336413896, 52.16874710719981, 61.33913523665986, 67.01223816245981, 70.84195914517008, 73.33727906014002, 69.21679758940171, 52.042165845157314, 44.38799303537962, 38.55629412376222, 79.6294256269745, 72.77339272043679, 74.65988503838079, 77.79910616174094, 80.23520293367109, 85.14403141123269, 96.73478228157563, 98.80219922820093, 98.10834918454015, 95.29022198491533, 93.1722536832382, 88.80557586320135, 80.74603223147498, 76.95470705316383, 81.25583059449164, 87.20398292930253, 94.93263426745105, 92.77357792515474, 87.06524725686803, 84.51482887749727, 51.585816498081975, 62.958318619228606, 76.60230101098685, 87.60013518418056, 102.91017077215541, 112.82527860409675, 119.48389179682674, 123.1099506707072, 128.6051216986879, 133.92662635160687, 129.6771805470416, 120.86301518198876, 114.57001392640039, 104.73443666689083, 98.37289123125885], [14.687820601882434, 18.776792561925166, 28.224692490709927, 39.91335845380328, 33.46153225537298, 25.955955048772545, 22.43031195818634, 42.814673118429546, 46.602131987946926, 53.70739619219764, 62.21683593179386, 72.41805029142513, 64.91537678697433, 56.929241914883505, 49.10839117089246, 6.658919536036908, 13.27798338988971, 20.063462368977493, 28.803299535850833, 39.364187847899856, 35.85644940830688, 25.53814250180105, 17.92891821932074, 10.034803050271943, 0.0, 41.05590086837157, 49.1279195495311, 55.391585596512066, 64.79951585313282, 73.04553705723285, 71.07704765538222, 64.20455331172334, 56.9131281022553, 49.64136099469538, 43.53275853797007, 14.040529284374571, 25.446683866779615, 37.14127751782598, 48.15075701704502, 56.918284365836655, 61.43152680320047, 64.28347248040134, 66.20623988969069, 61.29573033960855, 43.41353354512278, 35.17375878986739, 28.67006091497048, 78.30402312043967, 69.89204790685817, 70.01021687183692, 72.47089070416207, 74.06794600320046, 78.58625073262758, 90.01909358374189, 92.85906545131381, 92.84564073577815, 90.73959224084143, 89.43922984769542, 86.1480187087192, 78.88792848544082, 73.32893959946811, 76.2193156401282, 80.96206768623941, 88.38674897407756, 86.90623265383839, 82.41852349323854, 81.06755859777482, 60.06024758342934, 69.53314309183467, 81.3614515745556, 91.0508884545018, 105.3674231711602, 113.56270973894486, 118.82416321388814, 119.22615297514136, 122.8275738497628, 127.66339827253825, 122.86282348800266, 113.7324857263637, 106.91617030043044, 97.01293462414405, 90.69495025421799], [51.33969247396807, 57.923341939694275, 67.06274271463111, 76.98117482510901, 70.18024624287212, 61.050206604100474, 54.40707715166786, 26.59241895253476, 21.776680933318143, 21.439565086213012, 28.435697295776762, 41.984979454337555, 35.629722418997396, 30.714788720364414, 28.133297558413965, 40.39340568026189, 50.280655217312, 58.40568534371408, 67.4506420124667, 77.25011950006996, 74.94353168845595, 65.68856341695194, 58.247305539797814, 50.56133151391313, 41.05590086837157, 0.0, 8.431793181787192, 15.507292012156121, 26.414296303474394, 36.68962463820504, 34.079150924528534, 25.475573882464474, 17.240203407620253, 11.171999350531802, 6.495192335980052, 33.589463674911656, 39.426519467069525, 48.882241616322446, 64.09886265098129, 69.03428609624532, 67.95914850459368, 65.15519942203535, 62.63489780832955, 53.19667033936988, 38.6244173561764, 30.079793099999108, 19.94282700293155, 96.87127432005838, 84.94414999632288, 78.576068081239