{
	"dissimilarities": [[0.0, 7.58770768352952, 15.044674875594648, 25.837963052359875, 18.114787342560906, 11.345780965273477, 7.530746496953206, 43.28442144040496, 49.10741736357176, 57.582134013661616, 65.65975406794024, 73.16279327266102, 66.16799306295587, 58.2521540082589, 49.77675496638218, 21.912299481355785, 21.446612027828635, 22.805337514746586, 26.870872446001556, 31.135956135622617, 26.492491548134726, 21.497948385906057, 17.274157971427808, 13.783512315247009, 17.161281010879403, 53.054124858004776, 59.7884742267567, 66.42056674527629, 74.53322954671737, 81.0106976147485, 79.03244576678874, 73.19435750050985, 66.80629732865285, 59.476513525655186, 53.468220699727844, 21.39168337012541, 25.444943793732815, 37.17018850780839, 39.233029956574406, 48.80515553350922, 55.042529455699075, 59.829257919206476, 61.293703803451635, 57.839180184589495, 44.46812142563589, 37.531446959645045, 35.10056180789869, 66.59746627437201, 59.32491975664661, 61.23986908277986, 65.8136837773273, 67.22835317591031, 71.64199529571007, 83.01813307946594, 87.22399512475171, 86.32155098966079, 83.26366916313195, 80.87859157592514, 77.13799002081713, 66.65587180110388, 62.93852018210827, 67.93968630348195, 73.88104662202625, 82.51369195208773, 81.12780334355041, 74.95490709252249, 73.02577713579407, 50.755623645674945, 53.0947962739945, 61.44042438183102, 70.3499643835635, 85.42636506607442, 95.54175111107358, 100.82766753840532, 110.09026162345015, 115.35609205075508, 122.03149373715968, 118.96875911796846, 110.33542685844748, 107.05955464510784, 100.97132298944719, 96.29704231251038], [7.58770768352952, 0.0, 8.488377418192362, 21.209267278466676, 14.628439730052554, 11.623437628231889, 12.683080547567611, 50.7548052628366, 56.40812475427943, 64.73949347372954, 72.92678776954318, 80.59787273616139, 73.62824043432468, 65.70950781922693, 57.26449215563064, 23.922268934283004, 20.12137557007942, 18.86784912473494, 21.17805593676806, 24.77291097862399, 19.5833408969133, 15.165555608209347, 12.684571663107983, 12.900203692947523, 20.231759233430015, 59.03023975367659, 65.89559054761605, 72.66271676430064, 81.06531159433047, 87.8203098261198, 85.99082452061613, 79.97785121320535, 73.39505628555877, 66.08767255614652, 60.024095052757346, 27.23309312897653, 31.337511153555013, 41.93016808466197, 43.190033691007834, 53.07033299453065, 59.638900418936714, 65.10399248156483, 67.36293886434535, 64.52908200669974, 50.84602361655679, 44.35623973793547, 41.72031462188099, 69.09026017722087, 62.52739891742465, 65.49836637939131, 70.59287044700605, 72.57406855723538, 77.50736420772462, 89.44750059007492, 92.79999487096394, 91.34984132404688, 87.78456378533987, 84.82719812375814, 80.40186998064759, 69.47596661026996, 66.8061931706622, 72.68709921013053, 79.62457611762962, 88.83884481557139, 86.72931141368855, 79.65313248038282, 76.91661397663884, 45.48570714363286, 49.402675559257936, 59.31063410340687, 69.58391511425006, 85.44841559950753, 96.78139956963238, 103.08904170043238, 114.27451984723876, 121.27320561113929, 128.47282448328974, 125.83906433386623, 117.37407957817824, 114.30559135675294, 108.0286407634552, 102.7783432640069], [15.044674875594648, 8.488377418192362, 0.0, 13.493365834836801, 9.584300378188384, 12.98569102119017, 17.465265005507874, 58.12522462104219, 64.07035009104094, 72.57008573302927, 80.59446116448635, 87.84465114392347, 80.9913788837662, 73.0800316699356, 64.56759465945395, 31.836494625058297, 26.421255468832, 22.756830393467038, 21.250849161876683, 21.442634606055687, 15.69162982059496, 15.658973624556369, 16.97549942399298, 20.190505296245586, 28.5288398601801, 67.42922312467829, 74.21558787558124, 80.8320180934238, 88.95553539800835, 95.37461979297841, 93.61685337010887, 87.92896934447174, 81.5446810063558, 74.2965455324621, 68.2794891680175, 35.51329822167601, 38.350293037205994, 47.59550077065472, 45.74782549209278, 55.70343625065855, 63.10765640040044, 69.40920452453206, 72.04231670312602, 70.12015794269071, 57.63775289398494, 51.82714891501675, 49.939000266696574, 68.03574235799947, 63.13875664353543, 67.93041971603067, 73.58471743202533, 76.26444542160618, 81.54274802521404, 93.393089358331, 95.73337521277588, 93.70890289319436, 89.5433452206625, 85.86580460130978, 80.43375296107902, 68.77098870868548, 68.29924466039392, 75.36546171893265, 83.18790781308583, 92.59345990561287, 89.59789633820446, 81.55778184642422, 77.67030496359038, 40.683682520752065, 42.73671358127259, 52.77304743015587, 63.98168752725052, 80.59152263487763, 93.34514172578693, 100.91577957696754, 115.15237006514539, 123.68761991456705, 131.4072184752952, 129.56191794097498, 121.64105066282404, 119.44978672952138, 113.93915907691795, 109.694096169694], [25.837963052359875, 21.209267278466676, 13.493365834836801, 0.0, 11.221237000694043, 19.960785652471852, 25.333466779758847, 66.21678337304684, 72.65529099661813, 81.46399077155507, 88.96004165928683, 95.08507965924585, 88.66278315917421, 80.94828913075149, 72.40102891812539, 44.9290133865538, 39.444512751375775, 34.88492047160088, 30.348024009591036, 25.966004392187525, 21.63622390022381, 26.627825547673645, 29.754036768181173, 33.39605960370421, 41.380940981647576, 78.48523179276171, 84.91057810000001, 90.98944643863007, 98.154672226654, 103.53391873714159, 101.86077591986691, 97.11411177976528, 91.40778466390721, 84.36992541915377, 78.56754345334214, 47.02006404171396, 48.17054203172115, 56.13859235301542, 49.19116890880981, 58.65242880954823, 67.31531937028595, 74.40530527337714, 76.70685233236014, 75.86942071688375, 66.2843334827739, 61.19584634982027, 60.51911153370126, 64.27471508625915, 62.6954421721267, 70.21324317603326, 76.31835097739982, 79.72432556529272, 84.94339009545193, 95.51137433457193, 96.82888682083025, 94.32289199506481, 89.53981958695815, 85.0236627189643, 78.17557044027987, 65.38560056134385, 68.92619981233612, 77.39366503946414, 85.66187897641069, 94.4373867804927, 90.54629283074765, 81.70306053556763, 76.26134690833007, 37.67278637575662, 31.515559791418113, 39.62790390411759, 51.88233711363329, 69.81175380316357, 84.77433433943406, 94.16521179047194, 113.29729743380567, 122.57911478546147, 130.4542899636822, 129.62741409537327, 122.57175392040996, 121.97707144857519, 118.14619357598522, 116.56203517221768], [18.114787342560906, 14.628439730052554, 9.584300378188384, 11.221237000694043, 0.0, 9.454720735376219, 16.246377354161265, 58.09870753944423, 64.84086334740391, 73.70437719330388, 81.34868102455059, 87.87718091710417, 80.75561481681189, 72.71145291110076, 64.2514228977506, 38.049895865554554, 34.39450568154485, 31.826171683244983, 30.79956929374645, 29.985842618801644, 24.34679940138056, 25.10065498946723, 25.719712527383468, 27.331754754822548, 33.82985987705968, 70.7943009868927, 77.51720728098834, 84.0543809955772, 91.69958133956017, 97.44249060335909, 95.34193396344493, 90.08610346449184, 84.04835583397198, 76.67033499568156, 70.71917566314399, 37.93657878847681, 37.69175671095139, 45.0183447410462, 39.20629551610797, 48.96719058428667, 57.14191756656581, 64.10274132025386, 66.90865903938474, 66.13550405100995, 55.81284229180839, 51.36087249367018, 51.72114889606866, 58.79924020738218, 54.79559398862881, 60.871653069874036, 66.86842510605263, 70.1016250643645, 75.6028057585787, 87.4082484750898, 88.67967823979563, 86.20322210255733, 81.64418387543093, 77.54731533528562, 71.6019704576887, 59.65338648175321, 60.454956733087194, 68.31408025813289, 76.76617362334838, 86.42197795956321, 82.54419072583417, 73.7894034024668, 69.19849433422557, 46.54753080147871, 42.32490848087378, 47.575182019118, 56.40862394344651, 71.8250860724705, 83.93363637639735, 91.45887909448166, 106.61988097450916, 116.49802450572864, 125.21982306975997, 124.69372849588831, 117.9984891944187, 117.14411921422666, 113.74342702725697, 112.04475123003903], [11.345780965273477, 11.623437628231889, 12.98569102119017, 19.960785652471852, 9.454720735376219, 0.0, 7.619475410604129, 49.198169790416316, 55.99931035626797, 64.84051083484925, 72.54952792098047, 79.3401831221131, 71.91661047782175, 63.75274767868291, 55.348033882646895, 31.742617817061163, 30.460680946707377, 30.233452056041664, 32.22613734027446, 34.06999886405689, 28.451890697818904, 25.988463341625472, 23.934354129063372, 22.74990702156521, 26.873435717050132, 62.172473554001094, 68.95138810876372, 75.63481428999138, 83.43405379720467, 89.33716719555517, 87.0156124307534, 81.51532180512488, 75.36467653740326, 67.86073887985627, 61.88326562101455, 29.078910975323158, 28.334757388540737, 36.50591169821442, 33.10231918894791, 43.00642874725659, 50.47366616771226, 56.71064324391058, 59.202395115004684, 57.717526422047015, 46.56732707445221, 41.917805858933654, 42.589739371341096, 57.46915751949142, 51.28355128218008, 55.31331643405666, 60.77483201887634, 63.335041173498944, 68.57094538739851, 80.6849462665078, 82.87035442468209, 80.95143844191097, 77.00997542085166, 73.70318791847062, 68.93232724628265, 57.878786160310796, 55.943052882474, 62.56208142960535, 70.21372125495398, 79.87245701268525, 76.78200709728291, 68.95219800227005, 65.6554369559551, 52.55581271937326, 49.91260461511647, 54.59595979051929, 61.795728802294434, 75.85372203575325, 85.86673111294931, 91.69544780908997, 103.09749814369687, 111.56826876487716, 120.03498929045976, 118.969072481084, 111.99364388133037, 110.49739135361949, 106.87401171830174, 104.82084205345477], [7.530746496953206, 12.683080547567611, 17.465265005507874, 25.333466779758847, 16.246377354161265, 7.619475410604129, 0.0, 41.960459093996455, 48.6352502418707, 57.487095798381766, 65.17718656391696, 71.97985021498444, 64.7342609703636, 56.672428846420516, 48.19534759342702, 27.999910038875587, 28.662498851475544, 30.058757175168253, 33.46743863710757, 36.521544284643014, 31.510509794468017, 27.78339400537936, 24.230316388204134, 20.92251038909903, 22.743124460770048, 55.31180550977888, 61.89692048144455, 68.37261136154282, 75.94663557205385, 81.7394096525692, 79.44750537367467, 74.05996013079569, 68.05605969480385, 60.64842682281077, 54.752877612793846, 23.3045828882588, 23.60372898829939, 33.886978977461624, 32.75100877177043, 42.30253816141207, 49.16859512323685, 54.367893952592006, 55.762034368344466, 53.088184843464525, 41.63187875511941, 35.881649705276395, 35.88577756823248, 59.18547203201243, 52.19013018052004, 54.70075820716285, 59.43211662747435, 61.134925704810215, 65.63084431664947, 76.92539540641393, 80.5481182634375, 79.44447588513322, 76.21462794715517, 73.67808160200576, 69.7701771519187, 59.199537196549024, 55.959340492326504, 61.32923586015421, 67.53564689371258, 76.29198534448979, 74.39119163191032, 67.88056152320759, 65.67713250969443, 54.848632274431864, 53.11776621403017, 58.28120108150471, 65.26484040383504, 79.23035263748174, 88.49034149288104, 93.41889774562095, 102.80163271750519, 108.64366998246678, 115.99464980487302, 113.86424882789971, 106.14803275873847, 103.9253165191837, 99.62926420721956, 97.24393034087299], [43.28442144040496, 50.7548052628366, 58.12522462104219, 66.21678337304684, 58.09870753944423, 49.198169790416316, 41.960459093996455, 0.0, 8.175190766406004, 17.01577823339203, 23.687838643940335, 30.743802298349273, 22.92501686775462, 15.036134020843456, 6.5821389843860025, 42.481962182404764, 51.44230339224367, 58.106376200646324, 65.51074983573152, 71.62205506752545, 68.34792878747899, 61.88721233679721, 55.56403795158896, 48.09587452255308, 39.656335581453256, 26.599625250953615, 29.841223932636378, 34.079426482859766, 39.13992023063553, 43.55073996185725, 40.0534866284956, 35.231431048477695, 30.900387341070598, 24.449357693078337, 20.758035556300747, 28.722025885686147, 28.87277599186724, 36.747439293957534, 46.224421357006925, 49.154695715164905, 49.51982087018155, 46.91562058984425, 41.73908218022142, 31.978703362562793, 24.528284788305218, 16.705837128570003, 16.638087289971196, 74.29410170041174, 63.6476030101836, 57.133270805202415, 56.54994217121438, 52.8911349757887, 52.145773494145175, 57.82047256137356, 68.97715515395075, 72.46945472868802, 73.75755823102968, 75.93239358513368, 77.72417837774957, 72.51897913013296, 61.813415362666206, 58.86051225504054, 55.72496830350047, 58.545947052499756, 63.8840454706821, 65.89086097908739, 70.42998371953058, 88.24950554724911, 88.07451712662758, 91.37476337895323, 94.25274413779483, 104.03624166201287, 106.7483630449111, 105.5811635513013, 100.29118529779919, 93.1281693188772, 95.31282048780491, 88.21334246239971, 77.80860554380601, 71.22713650382914, 64.94959541810292, 62.26858420810466], [49.10741736357176, 56.40812475427943, 64.07035009104094, 72.65529099661813, 64.84086334740391, 55.99931035626797, 48.6352502418707, 8.175190766406004, 0.0, 9.122635999125142, 16.6240380722483, 25.178188892724194, 18.143665939470225, 11.873054275974148, 7.335075107016969, 45.404985302435264, 54.6993450890433, 61.71467645272688, 69.41628462818721, 75.97530313266155, 73.14055349105965, 66.35892089793107, 59.89693577571428, 52.355353697437295, 43.44930768350715, 21.21866459476065, 22.90361424002356, 26.25908797516003, 31.045780094808293, 35.924665336761734, 32.43223704544671, 27.114474741414668, 22.84421196388998, 16.88568743106898, 14.328705132338305, 33.29745251327286, 35.24009129900252, 43.110240185797785, 54.1093677541157, 56.787366705368555, 56.4621844257968, 53.0789587241842, 47.55966330771119, 37.21942592746821, 29.856418109142076, 22.261122657034843, 19.171161348374312, 82.23860734681934, 71.45702167545399, 64.2887161913587, 63.216003360797465, 59.02699957125543, 57.64144908497627, 62.16207344698487, 74.34508404505733, 78.42380724203858, 80.26219776737234, 82.91235488283384, 85.19880997195686, 80.39513539803704, 69.27517945623532, 65.59383257147951, 61.43239002133373, 63.14171563780237, 69.5833707207562, 72.644064789203, 77.76130167110456, 92.27595906233846, 93.72728086080004, 98.1613077280097, 101.6402708556875, 111.75512729651577, 114.4699876843992, 113.02541676127548, 106.40325169482804, 97.12228698989456, 97.81528180108667, 89.16588307263949, 77.5973209033599, 69.24551549387813, 60.64614157437243, 55.39806426539289], [57.582134013661616, 64.73949347372954, 72.57008573302927, 81.46399077155507, 73.70437719330388, 64.84051083484925, 57.487095798381766, 17.01577823339203, 9.122635999125142, 0.0, 8.797415527986557, 19.351489718276007, 13.59861773772945, 11.504131470996931, 13.588407707296465, 51.778601120912164, 61.32372332956848, 68.62397352001605, 76.61759415913404, 83.53692930549668, 80.96579752971456, 73.902560073956, 67.32868888555699, 59.74838484307696, 50.49588796560407, 19.70531471039103, 18.400920158325455, 19.719661788774424, 23.338959402263182, 28.407234345541383, 24.501389627646223, 18.525797839490046, 14.95406526982205, 10.91787621344504, 12.080233891080423, 40.76483086920794, 43.1112146205009, 50.01638727252817, 62.15655530175428, 64.15338108603662, 62.859814804133954, 58.461448417780396, 52.50207145124798, 41.7929773241073, 35.593841015316244, 29.283946522588685, 25.7496783246628, 90.04177745827027, 78.94638996289477, 70.78423297986491, 69.00798614069853, 64.16347592449924, 61.995232834605254, 65.28333543925785, 78.41518020700614, 83.15480510025779, 85.69744332157873, 89.00031074291077, 92.06478857287681, 88.06581589718814, 76.16426925832076, 71.43419928916909, 66.0106079066743, 66.54938818853225, 74.14653527795352, 78.49101856664608, 84.44192396033121, 99.65993437262223, 102.10692584992675, 106.94307589893566, 110.38758888591548, 120.22467747170698, 122.30640543228456, 120.15092569615632, 111.23261642509375, 99.79087035579941, 99.17680097964715, 89.2237029838334, 76.92325530089929, 66.9216039928955, 56.62432749885546, 49.216967620699116], [65.65975406794024, 72.92678776954318, 80.59446116448635, 88.96004165928683, 81.34868102455059, 72.54952792098047, 65.17718656391696, 23.687838643940335, 16.6240380722483, 8.797415527986557, 0.0, 11.219356450981538, 8.386311857974816, 12.62177813170763, 18.591955087951806, 60.54520076188144, 70.01968031121838, 77.23121843506338, 85.02484415731819, 91.71744048528238, 89.20986130775918, 82.37709355722991, 75.88752130611857, 68.3540087647004, 59.21122988281367, 26.817997175622903, 23.475177669220802, 21.742132975391648, 20.948563581466342, 23.008049426171638, 18.318310779551183, 14.976108091668978, 15.80226760249139, 16.08975837896859, 19.65070744181743, 49.337484620427034, 50.88738981495746, 56.726159816114624, 67.88933779745005, 68.91305956822823, 67.09562616308384, 61.836436610734616, 54.784293431194044, 44.00275463868911, 41.330556611671824, 36.49702814528138, 34.35251830485413, 93.86556253044795, 83.11429510743302, 74.43199280661942, 71.88928984688226, 66.43300446010083, 63.1232433884114, 64.02146430439855, 78.29160599217616, 83.85422099960728, 87.16461446676125, 91.13991969046239, 94.89262119235259, 91.68805293881921, 79.7489300477255, 74.05656118443855, 66.94641024336636, 65.52088968252185, 74.42241732876117, 80.3330240699121, 87.03579671482501, 107.12051295252543, 108.62892638244114, 112.59509204797364, 115.19704078959393, 124.23514610439675, 125.33918371057563, 122.3115534089985, 111.52575452447304, 97.06190219314836, 94.87549147897171, 83.78162764706394, 71.04970490335889, 60.1060569728093, 49.79112782496691, 43.92352268788384], [73.16279327266102, 80.59787273616139, 87.84465114392347, 95.08507965924585, 87.87718091710417, 79.3401831221131, 71.97985021498444, 30.743802298349273, 25.178188892724194, 19.351489718276007, 11.219356450981538, 0.0, 10.051995489123938, 18.099834801993744, 24.92251491217963, 70.22816671073345, 79.38249198978508, 86.2352539137214, 93.44511546667256, 99.49610666327504, 97.01129735576846, 90.79615732055825, 84.56471261272999, 77.19201610083083, 68.49801395814006, 37.85231077665887, 33.989984219391246, 30.590094639784066, 25.623281618868944, 22.19810020559052, 17.614936255495618, 20.421904171624202, 24.99637758048902, 27.00759638166227, 30.72890808616398, 58.43532184638176, 58.96610789679594, 64.05697656044482, 72.76340220085108, 72.80391547133034, 70.99497900941735, 65.23102947714492, 56.76591443552415, 46.36680218494013, 48.28321667985474, 44.61260318585453, 44.00984834305777, 95.37370632868276, 85.70768603725061, 77.16532806357448, 73.95401355498797, 68.0704572038251, 63.43191799336864, 60.74990393954412, 76.29031029361549, 82.76880396462212, 86.81702725476532, 91.37104388820836, 95.56892787348913, 92.98344713337212, 81.93580807363246, 75.58457510843968, 66.61459932562781, 62.41234827762549, 72.71051991175115, 80.31806084053436, 87.51921202013813, 113.60429456406791, 113.00979346968154, 115.42482642912435, 116.80864293708667, 124.8482712487281, 124.97872524844257, 121.15182782837536, 109.39104304162578, 90.91571832644523, 86.52489324473919, 74.05333660815366, 60.747454236544634, 49.19749304174114, 40.15303461457154, 39.94668498710361], [66.16799306295587, 73.62824043432468, 80.9913788837662, 88.66278315917421, 80.75561481681189, 71.91661047782175, 64.7342609703636, 22.92501686775462, 18.143665939470225, 13.59861773772945, 8.386311857974816, 10.051995489123938, 0.0, 8.596244892201245, 16.59740808277847, 63.30481906901169, 72.76319928904029, 79.81939512373722, 87.45210531803802, 93.75529680998672, 90.83183655748005, 84.2710237439656, 77.84283052450512, 70.28088541043635, 61.310520985403386, 32.85571753698039, 30.731290331841485, 29.95599125076321, 28.986322784975727, 29.22406333832477, 24.338344504138277, 22.871989367673773, 23.880927976475075, 22.9956191076305, 25.283788119361663, 50.49099419174743, 49.99697657640391, 54.31285179938139, 63.870812622326916, 63.90734368356849, 61.768972031421484, 56.045155433080296, 48.19633713957887, 37.552688565821605, 38.34129417918883, 35.240210908990285, 35.99134213869671, 88.09514488817159, 77.49810273762681, 68.48642274328674, 65.46588198112553, 59.71702844322347, 55.79558759745114, 55.79144249586534, 70.31929217243281, 76.16119358698585, 79.78947463960269, 84.09495183453157, 88.27887925642797, 85.7715538805729, 73.68500624912423, 67.41193985529027, 59.44014236261021, 57.34147146177517, 66.59432304118317, 73.17659301665397, 80.31484822171231, 109.29172519347541, 108.65184512575892, 110.71699414541202, 111.82645137045577, 119.54532541293099, 119.41460707911583, 115.60916976792056, 103.62165020327805, 88.83848173871847, 87.260364575673, 77.118640976168, 65.57726740825251, 56.09152196281381, 49.510290237888086, 48.812360672206104], [58.2521540082589, 65.70950781922693, 73.0800316699356, 80.94828913075149, 72.71145291110076, 63.75274767868291, 56.672428846420516, 15.036134020843456, 11.873054275974148, 11.504131470996931, 12.62177813170763, 18.099834801993744, 8.596244892201245, 0.0, 8.580468504540764, 55.967790480971736, 65.43100642150797, 72.46369872006571, 80.19044752558818, 86.51371716520052, 83.32413694755274, 76.67876585116989, 70.21278954957009, 62.61162868635149, 53.664623990336885, 29.410247865311323, 29.34609461744554, 30.913922328781474, 32.88774998545536, 35.223731691376514, 30.660647878163466, 27.176441912927416, 25.445159033881673, 21.747664387338446, 21.826931877378325, 42.453596611599835, 41.43619191436034, 45.96838071415514, 55.85025050298531, 56.436746960396086, 54.67446576933483, 49.60188472673015, 42.508631428302486, 31.733278426639767, 30.337362646487435, 26.752411834924082, 28.352261021456, 81.56633536288253, 70.55424966669871, 61.848769797011045, 59.431251780267566, 54.176388550471955, 51.27775114783974, 53.79971162542273, 67.13462389487266, 72.17012190848256, 75.08241051188338, 78.80507264072115, 82.45064542426788, 79.38032196751328, 67.13126582371758, 61.59847873703654, 55.12122884413544, 55.09583134076135, 62.989252192973105, 68.09709529123158, 74.64480445501077, 102.80965176784622, 102.12189179509494, 104.203328712457, 105.50868691465767, 113.49418244180644, 113.85245673728248, 110.63229154795698, 100.11718668953841, 88.60856403516121, 89.04186500481417, 80.54328284123352, 69.92398380786665, 61.930293520882074, 56.254088973902014, 55.112340424944804], [49.77675496638218, 57.26449215563064, 64.56759465945395, 72.40102891812539, 64.2514228977506, 55.348033882646895, 48.19534759342702, 6.5821389843860025, 7.335075107016969, 13.588407707296465, 18.591955087951806, 24.92251491217963, 16.59740808277847, 8.580468504540764, 0.0, 48.64377909568694, 57.79886045075453, 64.58171796536968, 72.05860807847066, 78.17631009997541, 74.92086375586216, 68.45933912251357, 62.10674916033746, 54.600308402448796, 45.99008164302918, 27.770302352545983, 29.57786949824436, 32.68051198020089, 36.37662520017154, 39.80235334099658, 35.85502520005866, 31.69199245556432, 28.446261477643386, 22.97284187812385, 20.810210115161595, 34.859527368214, 34.18254905709381, 40.34458644982747, 49.70058833091266, 51.46208455074078, 50.90681202100401, 47.15862930580996, 40.90878949234404, 30.507307157007304, 26.218978487059694, 20.54432831056109, 21.777402885966936, 76.50174969535283, 65.74910598221847, 58.26059815547285, 56.823792619476755, 52.41766632550043, 50.650764721796214, 54.85627223557731, 67.06200260721066, 71.2697709912474, 73.28540740379984, 76.16102898020972, 78.77716334066182, 74.51703825571269, 63.171170277649544, 59.03558278723185, 54.312946939794315, 55.81685204668956, 62.3155529025023, 65.74635616036961, 71.20302846754815, 94.54011410671161, 93.82460880594802, 96.34881030000626, 98.36393560298406, 107.25012012706166, 108.84342628886864, 106.72712992324973, 99.20018594692792, 90.03574420225375, 91.47953458288222, 83.83272471794609, 73.3686522204624, 66.34668835315638, 60.56664076529816, 58.97598927708952], [21.912299481355785, 23.922268934283004, 31.836494625058297, 44.9290133865538, 38.049895865554554, 31.742617817061163, 27.999910038875587, 42.481962182404764, 45.404985302435264, 51.778601120912164, 60.54520076188144, 70.22816671073345, 63.30481906901169, 55.967790480971736, 48.64377909568694, 0.0, 10.373888611232768, 18.59799963297991, 28.6610500800042, 37.729568100294024, 34.96590211415725, 25.690667184510207, 18.689884512091396, 11.929531719507976, 5.5613225999565055, 40.22833242552365, 47.44969516905518, 54.98323947006332, 65.13664662116354, 73.92699871800254, 72.2410428468309, 64.50513365198685, 56.75237878054163, 49.61817856251571, 43.55996501598194, 16.3748085373822, 27.66727217249668, 40.04954606487157, 51.984762650959155, 60.5025180348517, 63.74410126740306, 66.40315750198891, 68.09371915941165, 62.57756343422534, 44.40009435878137, 35.91788770433952, 28.157883533915278, 84.3226942834273, 74.1699735053459, 72.29490892842283, 75.69166051590372, 75.72478025834495, 79.71197417654679, 92.00963153656626, 97.85072135350651, 97.78827798184005, 95.7933446517908, 94.6342126703867, 92.75607156305236, 84.0756766886509, 76.14881351267606, 78.70789706457977, 83.30326848866777, 92.01159710502202, 92.3275772463091, 87.82614805737039, 87.98538227952521, 59.347551981540136, 70.37424136298749, 82.3249239104297, 92.22706397914456, 107.1008041337367, 116.0473035482973, 119.93780548296199, 123.82048138632254, 127.51296141527847, 133.17113521839508, 128.06492516162243, 117.75404652748121, 111.44859825284131, 101.45114434386625, 90.47538558790474], [21.446612027828635, 20.12137557007942, 26.421255468832, 39.444512751375775, 34.39450568154485, 30.460680946707377, 28.662498851475544, 51.44230339224367, 54.6993450890433, 61.32372332956848, 70.01968031121838, 79.38249198978508, 72.76319928904029, 65.43100642150797, 57.79886045075453, 10.373888611232768, 0.0, 8.344432173377886, 18.713625088515425, 28.213539170659818, 25.888126189224625, 16.431895991982937, 10.247424913826643, 7.810376643073366, 12.55629806970884, 49.88870309601968, 56.856645810326214, 64.04055360878847, 73.8923236844147, 82.47861186254092, 81.11803258084086, 73.72697368332494, 66.18850949348493, 59.29328801933891, 53.3366012380425, 25.143868906713777, 35.03817483572845, 46.86831289164886, 56.11121178160687, 65.3490982125425, 69.63981080783368, 73.36163354345989, 75.57620478356286, 70.81994866615574, 53.26969943035389, 45.182899171980196, 38.07725012921989, 86.48385933030927, 77.60809333552173, 77.50271114528798, 81.63452317785027, 82.41701110082563, 86.90147586941889, 99.34061680802094, 104.37314018225426, 103.74083752082356, 101.09294905629136, 99.17048331190105, 96.23077986450096, 86.58532359497173, 80.56678307637195, 84.44833876518517, 90.11484840586735, 99.15998736155589, 98.65908666871952, 93.08427272892904, 92.0808511242552, 50.41457861334669, 63.768866451837454, 77.73975751634745, 89.39093932666637, 105.54466706579325, 116.294703596038, 121.62725511540836, 128.73207526051655, 133.84076189226775, 139.7670857794499, 135.01642476645955, 124.74051336816372, 118.91140088313531, 108.81219410221637, 97.83790536816717], [22.805337514746586, 18.86784912473494, 22.756830393467038, 34.88492047160088, 31.826171683244983, 30.233452056041664, 30.058757175168253, 58.106376200646324, 61.71467645272688, 68.62397352001605, 77.23121843506338, 86.2352539137214, 79.81939512373722, 72.46369872006571, 64.58171796536968, 18.59799963297991, 8.344432173377886, 0.0, 10.569369923955449, 20.26446057725189, 18.35563082145427, 9.255322505899668, 6.352496956647125, 11.127867909130572, 19.783821707550587, 57.77102933433971, 64.57195153521857, 71.48026587259685, 80.97499531045833, 89.2384285885471, 88.0655294456923, 81.04405138625765, 73.74318430870261, 66.96559710302651, 61.057829547810954, 32.153344549810676, 40.98322968525158, 52.377857448831506, 59.2052071981295, 68.84322903400425, 73.97383814224554, 78.4661051623314, 80.93546149496821, 76.7704202516905, 59.979105330045016, 52.16554153887281, 45.644631997834395, 87.46473271662936, 79.80519565455785, 81.15947327946802, 85.81204341252285, 87.15387605026498, 91.93780418473304, 104.29886036839054, 108.70909526083216, 107.66148653198847, 104.52304698560745, 102.01245537115425, 98.22182730331163, 87.83135583878968, 83.51433234090516, 88.40630474759348, 94.79370014446476, 103.96687851861081, 102.84407341635621, 96.49587636530423, 94.56675592731267, 42.94103757630546, 57.745974817872735, 73.1584806128419, 86.11958462097627, 103.22073113630407, 115.39832112295957, 121.88422570353761, 131.68508615183146, 137.77064428997673, 143.88181652384293, 139.49039743279016, 129.34943052017425, 124.05589435330968, 114.16633503322197, 103.69344815346055], [26.870872446001556, 21.17805593676806, 21.250849161876683, 30.348024009591036, 30.79956929374645, 32.22613734027446, 33.46743863710757, 65.51074983573152, 69.41628462818721, 76.61759415913404, 85.02484415731819, 93.44511546667256, 87.45210531803802, 80.19044752558818, 72.05860807847066, 28.6610500800042, 18.713625088515425, 10.569369923955449, 0.0, 9.954027145544357, 9.999183730994343, 7.131945959863902, 12.251698643096024, 19.449639334853536, 29.133487144831218, 66.77862777871478, 73.27739942341285, 79.71126389210363, 88.56338219131707, 96.25127268131112, 95.35232112148628, 88.95393350779587, 82.08353580784231, 75.52439507016838, 69.73581169267791, 40.933055755438026, 48.930641379459956, 60.153484447656204, 64.00395238291888, 73.90714633996303, 80.0321845235984, 85.21891659534064, 87.58425012071744, 83.90094577865052, 68.33988102017722, 60.58450573211042, 54.472353287542305, 89.103554405635, 83.21767655776345, 86.30103778998499, 91.40881690853398, 93.254576758505, 98.12945145629907, 109.87296788898807, 113.8501492096797, 112.501011243732, 108.91289014054122, 105.8098340157406, 101.03858963713743, 89.73340756179299, 87.7287383682025, 93.6575467854769, 100.49299607551663, 109.3804509168943, 107.77743117722528, 100.82095749206134, 97.87463812722063, 32.68608172274462, 49.353311533378, 66.86904222724193, 81.63414479688007, 100.07180394874698, 114.13990021746437, 122.05542417560788, 135.30161853526525, 141.74986762078674, 147.6618573267817, 143.46337292885778, 133.3471741206097, 128.6702765254753, 118.98782903386788, 109.3437614637983], [31.135956135622617, 24.77291097862399, 21.442634606055687, 25.966004392187525, 29.985842618801644, 34.06999886405689, 36.521544284643014, 71.62205506752545, 75.97530313266155, 83.53692930549668, 91.71744048528238, 99.49610666327504, 93.75529680998672, 86.51371716520052, 78.17631009997541, 37.729568100294024, 28.213539170659818, 20.26446057725189, 9.954027145544357, 0.0, 6.237111736237053, 13.558043310603084, 20.194621881244988, 27.437810738942307, 37.4220730451455, 75.07463796174981, 81.38980511834002, 87.48398316081068, 95.72074486037353, 102.7557762716501, 101.96553462159768, 96.17431122969607, 89.7152320500013, 83.2390903888424, 77.51514338520127, 48.37936486234117, 55.252236300801954, 66.06307472700745, 66.96295134861707, 76.93441644466049, 83.94704108328065, 89.77144147661203, 92.05007247834327, 88.97096325257968, 74.80628110730248, 67.33534954261658, 62.00426597890557, 88.63000093348766, 84.51872582788924, 89.23433586379255, 94.7339711286164, 97.07430632211572, 102.02885317579532, 113.17566533373358, 116.57809589592878, 114.9046981201751, 110.8871326912574, 107.22637524846166, 101.5522392255809, 89.50005936987029, 89.73912325927374, 96.61748938101707, 103.87834651626343, 112.51290256023186, 110.35347027255219, 102.80796190148017, 98.8934557271298, 23.898556421364074, 40.58282542370982, 59.507029775764614, 75.64651864945242, 95.06865414816613, 110.72389973601065, 119.89845781236808, 136.34290895525, 143.30722885386479, 149.2303026201168, 145.50947491310544, 135.72918620147868, 131.9323736662706, 123.01483586714812, 114.85153567066585], [26.492491548134726, 19.5833408969133, 15.69162982059496, 21.63622390022381, 24.34679940138056, 28.451890697818904, 31.510509794468017, 68.34792878747899, 73.14055349105965, 80.96579752971456, 89.20986130775918, 97.01129735576846, 90.83183655748005, 83.32413694755274, 74.92086375586216, 34.96590211415725, 25.888126189224625, 18.35563082145427, 9.999183730994343, 6.237111736237053, 0.0, 9.797943436478956, 16.56083251054152, 23.817909178271798, 34.01241038944779, 73.02636878706946, 79.60489637429262, 86.00504050359129, 94.42775420401382, 101.47338774444762, 100.37265842971335, 94.43511103372451, 87.8454157207932, 81.06427665887597, 75.18087158985988, 44.45484888249332, 50.380008485280605, 60.622758014098736, 61.12702255489139, 71.11552880102194, 78.13938484062159, 84.15944905284488, 86.77439774984747, 84.0918113590565, 70.05347674163491, 63.102967726163904, 58.65009328170956, 83.11579168798171, 78.67004151389452, 83.37472280998279, 88.97958639491299, 91.48348001356018, 96.66624615153846, 108.31261718206763, 111.24262105377261, 109.35920622953337, 105.22974453831033, 101.50301581167197, 95.87854012383714, 83.99651002809726, 83.90508049578177, 90.89013349088383, 98.5167712688904, 107.60851397928485, 105.08381043473193, 97.24250563385937, 93.2912182064213, 28.828325259946507, 41.2178800613484, 57.84464948852004, 72.73800862993252, 91.34769573029101, 106.21184416708287, 114.989290504197, 130.76405032823018, 138.67833643118254, 145.34498343218826, 142.27982470361246, 133.08892943421822, 129.72103126579583, 121.7316820423277, 114.44689874285218], [21.497948385906057, 15.165555608209347, 15.658973624556369, 26.627825547673645, 25.10065498946723, 25.988463341625472, 27.78339400537936, 61.88721233679721, 66.35892089793107, 73.902560073956, 82.37709355722991, 90.79615732055825, 84.2710237439656, 76.67876585116989, 68.45933912251357, 25.690667184510207, 16.431895991982937, 9.255322505899668, 7.131945959863902, 13.558043310603084, 9.797943436478956, 0.0, 7.173730191210005, 14.953717989358795, 25.1822049280603, 64.80130359585897, 71.6244127590322, 78.42186643204204, 87.45890122998674, 95.11080355831766, 93.83286074467571, 87.29105583295282, 80.2849722061019, 73.3471510721615, 67.36044703967505, 36.37980250509445, 43.20133220161131, 53.785201641949484, 57.29207631699826, 67.21258690861221, 73.32803425994902, 78.7393509856882, 81.50700193122262, 78.29410955559194, 62.851970455664926, 55.73066594593279, 50.749445586243525, 82.85229416880499, 76.54516795670153, 79.56314267385169, 84.78465654271997, 86.81482200805809, 91.95901123401005, 104.29019814621441, 107.71340251170776, 106.12350998076312, 102.41261161515315, 99.2448094501599, 94.55337598527258, 83.48344338484762, 81.04339683687463, 87.07047519493597, 94.32627602725944, 103.74832427495589, 101.71914656626542, 94.43072185366451, 91.4627878014459, 37.259302616770206, 49.93026500053527, 65.04275007719153, 78.38738287012251, 95.84469319994018, 108.97772531084475, 116.418328438569, 128.87647170560754, 136.4068245602306, 143.17575539390683, 139.75656854872346, 130.35053476872068, 126.21685272095348, 117.68763113106479, 109.20579388662536], [17.274157971427808, 12.684571663107983, 16.97549942399298, 29.754036768181173, 25.719712527383468, 23.934354129063372, 24.230316388204134, 55.56403795158896, 59.89693577571428, 67.32868888555699, 75.88752130611857, 84.56471261272999, 77.84283052450512, 70.21278954957009, 62.10674916033746, 18.689884512091396, 10.247424913826643, 6.352496956647125, 12.251698643096024, 20.194621881244988, 16.56083251054152, 7.173730191210005, 0.0, 7.8742952009066185, 18.0440314823912, 57.989384302457935, 64.9436269320673, 71.94275810511735, 81.22004684446266, 89.08422445581911, 87.64356124703406, 80.84307024825274, 73.67321293857572, 66.61569644548321, 60.57060918277416, 29.465713091486297, 36.94575918400899, 48.046846149997315, 53.43662178910203, 63.18391197482765, 68.70415767040943, 73.56622690544002, 76.1524798774368, 72.4827902848642, 56.41058753632372, 49.07167867214304, 43.82076056809113, 81.16050227341518, 73.72352696693545, 75.54235000451695, 80.3837958307691, 81.98207724530091, 86.92302897279417, 99.3842641605301, 103.31910367496009, 102.06202118561734, 98.73875202312155, 96.0489119129434, 92.05869558283145, 81.55811544876029, 77.62307387593945, 82.8624761260089, 89.58407737798245, 98.95855045993025, 97.41505842682218, 90.72000502187967, 88.51499923383093, 43.351875118184545, 54.80824778825095, 68.55021482941201, 80.6648617217059, 97.29453068348172, 109.149814248099, 115.57127870068068, 125.72490821302819, 132.45942844891113, 139.10856580650037, 135.40711632702212, 125.89045156501501, 121.34735685310243, 112.69698823831784, 103.91406765892266], [13.783512315247009, 12.900203692947523, 20.190505296245586, 33.39605960370421, 27.331754754822548, 22.74990702156521, 20.92251038909903, 48.09587452255308, 52.355353697437295, 59.74838484307696, 68.3540087647004, 77.19201610083083, 70.28088541043635, 62.61162868635149, 54.600308402448796, 11.929531719507976, 7.810376643073366, 11.127867909130572, 19.449639334853536, 27.437810738942307, 23.817909178271798, 14.953717989358795, 7.8742952009066185, 0.0, 10.270600523810277, 50.60909021962898, 57.675467387940444, 64.83299544276895, 74.22457914616145, 82.16111886231833, 80.51770229420059, 73.55800498685478, 66.30477296387122, 59.102524677547486, 52.99658114395502, 21.68362618463134, 30.034588277204634, 41.956116120936755, 49.19665616210538, 58.626665013066884, 63.5271390495697, 67.70506475275991, 69.88281487261638, 65.65259497613009, 49.150101633535506, 41.46222558218537, 35.96863304536398, 78.85610430903408, 70.37952439884292, 70.92139022164814, 75.274670333234, 76.3423696469867, 80.93939305843223, 93.29396786328657, 97.88239181317279, 97.06098976549771, 94.20943979601353, 92.07879996352897, 88.85565901737498, 78.97333468459131, 73.58529264537457, 77.90519299822846, 83.8643402660897, 92.9934307360282, 92.05943925888631, 86.13468561299204, 84.7822897220768, 49.756722498039935, 59.44418213574114, 71.58647044440835, 82.32359238058706, 98.03972944495257, 108.52794404408128, 113.84671950114328, 121.6287881598987, 127.1953548860919, 133.59434201889403, 129.57504196641395, 119.9672985019944, 115.0757798270481, 106.46746363763336, 97.73381548542976], [17.161281010879403, 20.231759233430015, 28.5288398601801, 41.380940981647576, 33.82985987705968, 26.873435717050132, 22.743124460770048, 39.656335581453256, 43.44930768350715, 50.49588796560407, 59.21122988281367, 68.49801395814006, 61.310520985403386, 53.664623990336885, 45.99008164302918, 5.5613225999565055, 12.55629806970884, 19.783821707550587, 29.133487144831218, 37.4220730451455, 34.01241038944779, 25.1822049280603, 18.0440314823912, 10.270600523810277, 0.0, 40.923543759014, 48.19675865474861, 55.68124050861018, 65.43818949619977, 73.70323848310609, 71.79009216181711, 64.40053511456017, 56.8876465019366, 49.50225761034858, 43.31864749334218, 12.593201554947733, 23.223408235370492, 36.037913220600124, 46.795077971166464, 55.43192603059999, 59.06713921235065, 62.01681687168587, 63.65391515934413, 58.46794299133714, 40.93795751702728, 32.64551031317212, 26.210804810996976, 78.85750867836215, 68.88617220973737, 67.3521347237558, 70.87802430221683, 71.0798567483336, 75.14024439477278, 87.41125859652777, 92.97579867095669, 92.80176044342433, 90.68679153512583, 89.41575878424902, 87.3923099910704, 78.59692310549474, 70.97774406843895, 73.78065330736958, 78.5479130849434, 87.33170939587846, 87.3661354890858, 82.65416194887639, 82.63063186075753, 59.02171479034561, 67.6867279012831, 78.30304290050825, 87.46224505130347, 101.93298407068583, 110.5922919119763, 114.39805525680161, 118.6170303162568, 122.59092397589649, 128.59635239160852, 124.01347692128397, 114.1856718083018, 108.56172905144545, 99.68452460923184, 90.41833120626376], [53.054124858004776, 59.03023975367659, 67.42922312467829, 78.48523179276171, 70.7943009868927, 62.172473554001094, 55.31180550977888, 26.599625250953615, 21.21866459476065, 19.70531471039103, 26.817997175622903, 37.85231077665887, 32.85571753698039, 29.410247865311323, 27.770302352545983, 40.22833242552365, 49.88870309601968, 57.77102933433971, 66.77862777871478, 75.07463796174981, 73.02636878706946, 64.80130359585897, 57.989384302457935, 50.60909021962898, 40.923543759014, 0.0, 7.7335913871738144, 16.279439721039573, 27.618826832503185, 37.80321574335415, 35.5990586946585, 26.15766533561455, 17.52800266231418, 11.305711747523906, 7.699803199311071, 34.241137735935524, 40.918795537626785, 49.731680494052995, 65.97434288770573, 69.98114537654072, 68.97683424482321, 65.97046208171675, 62.952998152256235, 53.12997853641514, 39.315855229663185, 31.019704095706732, 21.320169067253573, 98.05597