{
	"dissimilarities": [[0.0, 7.391541779370595, 16.024585880448523, 26.85894955217126, 18.50700772773238, 11.380276771316373, 9.528625121946295, 45.48288116910718, 51.26304706937491, 59.572639617028685, 67.81807727773584, 75.67056765446092, 68.41692176665688, 60.272029804688785, 52.01772395348439, 19.64556409481746, 18.934266199893433, 20.852697301193267, 24.95704569114457, 29.889776142968774, 27.924841708860587, 19.813993828230267, 15.960983169871396, 11.446105050909981, 13.570837946829736, 51.75697006815014, 58.74315197044613, 64.2903783376644, 72.47701903213033, 79.22728069617705, 77.55616709877668, 71.73681168208238, 65.22214344368356, 58.05711771852714, 51.94984012289378, 22.42044868827912, 26.05627341718925, 37.875297863397456, 41.727343619576224, 50.83684121222586, 57.49039465727744, 61.97778598833363, 63.85912794756805, 60.335671726026696, 46.62609354569085, 39.46169299218155, 35.880269309343106, 64.21816029096676, 61.95531091868011, 63.82582932175507, 67.97678986399403, 69.90971593610598, 74.42693914341457, 82.39805611881731, 85.15677670857262, 83.81149358473573, 81.55854360925446, 78.11033943069353, 73.37560102344551, 65.38402344389586, 66.61798379189413, 70.07926621847388, 74.02118783156327, 81.26074024309163, 75.57652633992934, 73.53781491576287, 69.4520959143285, 53.7244917766188, 57.01042397537704, 65.81084814467079, 76.38556161259157, 91.23771086736915, 100.81180201967453, 103.22328910260592, 110.32663645326126, 118.58014350396877, 122.12522761873484, 118.5212186150203, 110.6306839521063, 106.8682476690281, 100.04137181608154, 97.03810216981906], [7.391541779370595, 0.0, 9.793296961839209, 22.048039869993296, 14.043775066592636, 10.578256947822453, 13.427423875722218, 52.87170613098919, 58.62900015124154, 66.90196201279348, 75.16482838435823, 83.04300787983385, 75.80714369310816, 67.65525288866124, 59.401060539560746, 22.610918715089174, 18.451281096083978, 17.401492162199368, 19.436474699576227, 23.83808879587586, 21.5474254216036, 13.401387613579947, 11.697555463159429, 11.21291047928173, 17.890883083050678, 58.4282706771584, 65.47150081424891, 71.10957123282064, 79.45946735900239, 86.30468102638426, 84.7352880909283, 78.855557947351, 72.23832597003397, 65.06946574557311, 58.93984777925985, 28.988058074014514, 32.08272156913229, 42.60462728132991, 45.156657956511644, 54.41567080424125, 61.615599566077606, 66.84151244930545, 69.42175344960802, 66.60711810347928, 52.811639444642985, 46.204873932839604, 42.85882514065133, 65.90558605162913, 64.53891965968667, 67.47120828262702, 72.07116328186393, 74.6772159316373, 79.68550173213026, 88.06402622892102, 89.94063546357056, 88.09872363991788, 85.26367522543467, 81.21437593465875, 75.91678683754019, 67.40522166746567, 69.84397723129639, 74.08973269431405, 78.69433049149373, 86.75273189104207, 80.18217256039237, 77.41795578713148, 72.59018132019618, 48.85043156804016, 53.15149247580743, 63.04192584297206, 74.81150434791572, 90.16977074937355, 100.86670786205246, 104.33879725342219, 113.40371319282785, 123.42158369872318, 127.65806359497246, 124.63029231685903, 117.11123392145042, 113.68518518290837, 106.9506705076263, 103.7035426895706], [16.024585880448523, 9.793296961839209, 0.0, 12.737189299324434, 7.3967939531525415, 12.351711820074215, 18.284984929854065, 60.44742141271148, 66.54015838937458, 74.99323403402862, 83.09743070089893, 90.27426012800197, 83.35680877104936, 75.28098817234323, 66.90779533524008, 32.05585570844034, 26.38956729320936, 22.308147728351383, 19.315084685883257, 19.28259397067949, 15.721236453386796, 13.55752623204414, 17.334090859993612, 20.144093803066678, 27.649788332580126, 67.69182764821282, 74.61549138079549, 80.04707595002678, 87.99083055191613, 94.35730458698049, 92.8600036293173, 87.36784322691996, 81.03702591461949, 73.95426040933803, 67.89148879917373, 38.17556069405689, 39.70190450088823, 48.90811198122228, 47.83773006610403, 56.86921368237687, 65.24868302846829, 71.27118949277556, 74.03551839245452, 72.14904444436893, 60.160193772833665, 54.26443087467427, 51.8074214104705, 64.53140845168186, 65.02911819549763, 69.85084730118287, 74.88308584624075, 78.30432476293898, 83.54727376582407, 91.69169063309677, 92.65737299416764, 90.33110272530854, 86.75924830356587, 82.00004315285909, 75.85616735110462, 66.46154565428463, 71.0478249596316, 76.44099194006245, 81.7620770187686, 90.21565856314862, 82.99794938947495, 79.33344902453074, 73.48107288766623, 43.154291921162475, 44.852269147807924, 54.63001865141261, 67.38689928101756, 83.35694881686841, 95.48784327721928, 100.56297285260045, 113.00970774751109, 124.56709645053964, 129.57092562379904, 127.45097458754991, 120.71004646771591, 118.25340084977789, 112.59127932408111, 110.64865668050822], [26.85894955217126, 22.048039869993296, 12.737189299324434, 0.0, 11.067559411508707, 20.306001830791747, 26.130370605866286, 67.6903900881919, 74.16304500913641, 82.77868945447266, 90.52390747348714, 96.49709067947954, 90.16956551994174, 82.3354056712795, 73.92298521905639, 44.372272896016646, 38.75326315762116, 33.69038596930447, 27.82275531182534, 22.734255261545826, 18.65782738365904, 23.907919609116092, 29.526033452060048, 32.665520877956226, 39.62744361477501, 77.72956079020837, 84.37846915338127, 89.39055734875006, 96.5299887942038, 102.02398786510528, 100.58605834353065, 95.79456972648254, 90.03337128697608, 83.15438390516483, 77.27178474593325, 48.61661007362772, 48.50694259551444, 56.560603894802256, 51.067758580295255, 59.31602518575544, 68.97464697479077, 75.53517991802313, 77.93135811684523, 76.9652156728007, 68.0298592666492, 62.844083222227006, 61.449733685201466, 61.79690347144349, 64.81784370747202, 71.83063665154852, 77.09201010022873, 81.21334875709104, 86.31791751730341, 93.55818827426852, 93.79085222003033, 91.13209238476463, 86.8774545026319, 81.51417486062795, 74.49245287447148, 64.14944439845921, 71.35602794238802, 77.90998730065415, 83.75434660769159, 91.98461531059806, 84.60109161503573, 80.12172188852863, 73.27437252723688, 39.97759561465747, 34.21262107286786, 42.12124526514603, 55.68575060316487, 72.46088576935314, 86.26398418762251, 93.35114267453635, 110.08460659679666, 122.5106688295134, 128.1375686589801, 127.05103449584496, 121.34125181350703, 120.24801639497512, 116.32043511200827, 116.71665727591758], [18.50700772773238, 14.043775066592636, 7.3967939531525415, 11.067559411508707, 0.0, 9.91238939128205, 16.734327369928856, 60.25618523069877, 66.8324869913403, 75.45820812776793, 83.42465572332613, 90.05819164482578, 83.03215226254517, 74.92206237963865, 66.50268027646445, 36.448900406786606, 32.077352393012255, 29.104133310892372, 26.623692778461404, 25.738059813843527, 21.790187956293767, 20.624616124000585, 23.593169541619837, 25.112278265411863, 31.200102760589136, 69.65212824765403, 76.60017607014026, 81.99804571610017, 89.69028772844476, 95.7897463335314, 93.98239338254865, 88.64235250402854, 82.49954322946533, 75.34916857594548, 69.29744449860976, 39.27628019385006, 38.43256107279988, 46.11209048472587, 42.47545839286148, 51.25787553221625, 60.20608374819738, 66.69049489181349, 69.71631563784837, 68.71317423329835, 58.17138474164233, 53.345840563155505, 52.62313679055002, 57.450438326081844, 58.47274999932404, 64.08011920027205, 69.31376878902287, 73.20827076221929, 78.67644919200272, 86.96623952028447, 87.12915905618428, 84.48052763894134, 80.54907696186113, 75.49483731018587, 69.08076992244844, 59.486815903684445, 64.75278584346144, 70.65014332357161, 76.37525999012013, 85.32374485014046, 77.48964232823194, 73.33835112884685, 67.0590379679319, 47.978811115756876, 45.10495604574984, 51.16513282972856, 62.30028614270977, 77.33211948406303, 88.77298627128874, 93.51518479200128, 106.20612487291731, 118.99147369177389, 124.88022923638238, 123.77072416264296, 118.04606258320928, 116.57677892905731, 112.62169804807655, 112.52728427442963], [11.380276771316373, 10.578256947822453, 12.351711820074215, 20.306001830791747, 9.91238939128205, 0.0, 7.320618860152813, 51.238763632196616, 57.82471718553659, 66.41349662836724, 74.4620837523719, 81.466877020842, 74.07162352743187, 65.84453885010227, 57.46574394589037, 29.80345067124292, 27.91512722846622, 27.86822297453187, 29.014207354929425, 31.193650318162412, 27.92663929815922, 22.57583209820041, 21.877305948094087, 20.23192322459474, 23.74754644153103, 60.53275892953285, 67.56650212443087, 73.09499922576707, 80.96904418250435, 87.33526450040513, 85.29199441588231, 79.69716457843342, 73.42284597536707, 66.16784739393333, 60.07416095110228, 29.75664532603032, 28.565747244764108, 37.045030380701526, 35.93346973947729, 45.071972587786526, 53.120964692540774, 58.95769854096418, 61.80985986128252, 60.16179949677601, 48.531438402335255, 43.50329749851206, 43.04818206423154, 55.34644935487114, 54.35475857416041, 58.131684596197594, 62.976400711576474, 66.15097745700609, 71.43741472586845, 80.0108789141091, 80.92812634914493, 78.72162397333143, 75.48995731108263, 71.14371845513745, 65.58279214439887, 56.89127241442004, 59.91158359987048, 64.72199095842815, 69.80805386279515, 78.48205438078497, 71.15021243195177, 67.8299582052354, 62.54086649492785, 54.81297203321478, 53.26261390255388, 58.55378644442954, 67.98195041677542, 81.95753504594947, 91.43485125890652, 94.18115381418838, 103.10686203020155, 114.47763486528834, 119.83661554195496, 118.13524890544059, 111.99659749436782, 109.9617267692189, 105.73489893370954, 105.34035425864298], [9.528625121946295, 13.427423875722218, 18.284984929854065, 26.130370605866286, 16.734327369928856, 7.320618860152813, 0.0, 43.92756380575152, 50.55893387051315, 59.17032732628828, 67.18430951356262, 74.16323899851541, 66.75237249701617, 58.5323867434699, 50.14899680015373, 27.334759084724947, 27.881123986605296, 29.77877654542035, 32.67428879298823, 35.861233906456555, 33.04812741434319, 26.768594318565427, 24.246322559795416, 20.254313783155258, 20.631016475606188, 54.0121707588894, 60.93662849848202, 66.34206483473932, 74.02172267264469, 80.27929979245097, 78.14836481041466, 72.62674269914524, 66.47663587663037, 59.260782898861414, 53.22669184000111, 23.721518873603372, 22.508682110683182, 32.49185427515294, 33.006277931961684, 42.05102090414525, 49.466740357436215, 54.458110952703706, 56.51768467462334, 54.0293853589704, 42.42454851069456, 36.817281591399514, 36.30935551176078, 54.72668184950707, 52.63483007677864, 55.113163843976565, 59.444369258368646, 61.83159427721706, 66.57505858099663, 74.72450863624411, 76.6842812503617, 75.05207917517795, 72.49702620615012, 68.84860050553873, 63.94762052469602, 55.87098742061847, 57.43031865043395, 61.31068325929048, 65.6331783786613, 73.39296151229189, 67.06656733896457, 64.59625916400238, 60.17997835690526, 58.931484573114105, 57.367014858758836, 62.209212532930536, 70.6124548472281, 84.15044356706282, 92.50700562451796, 94.15059436027248, 100.91359636383686, 110.25790630339338, 114.80151455141146, 112.3966310533708, 105.7769874762846, 103.31814582283364, 98.8885533938922, 98.63136803543885], [45.48288116910718, 52.87170613098919, 60.44742141271148, 67.6903900881919, 60.25618523069877, 51.238763632196616, 43.92756380575152, 0.0, 7.5830911204627505, 16.072243176327472, 23.49781136760839, 30.793502874942856, 22.9732679609632, 14.855269429073038, 6.623836805468036, 44.99556460963683, 53.71769178976768, 60.60350813443398, 67.5769556039595, 73.06593388599012, 71.81429923623033, 64.20760919518382, 58.25396681321528, 50.716041218391894, 41.86311869120643, 23.837872309271063, 26.9923816507542, 29.699778114725383, 34.17210260246233, 39.035757840812124, 35.88409271164054, 31.298264865628337, 27.23054202413215, 21.728270895702885, 18.426394394510556, 28.5112721155537, 29.739700370590853, 37.6343260435706, 47.179741427629395, 50.68892953482203, 50.674405925099485, 47.6785453482044, 42.68348909629214, 32.72298795332318, 26.89913744685154, 19.084420991240393, 17.230086630349543, 71.19394487198166, 64.130315385467, 58.35524355531938, 58.02336282840218, 54.08976812583602, 53.30023663415289, 56.14902380730025, 66.11033547377063, 68.93574004604771, 71.4719410122862, 72.92858425582091, 72.94309856909861, 70.11812736866112, 63.31438209219825, 60.23998551849599, 58.024114737119575, 56.80148753869945, 59.8028839658655, 63.847610666838754, 66.01703217027743, 92.01145945430497, 91.3543986656903, 94.6857064320844, 98.53722687568363, 109.0400820481324, 111.47775460098711, 107.36446724884068, 100.86462236251145, 95.68986192065556, 93.59665200850574, 85.43850876908914, 74.74593148542235, 67.98256488082882, 60.84443989098676, 60.85657169126803], [51.26304706937491, 58.62900015124154, 66.54015838937458, 74.16304500913641, 66.8324869913403, 57.82471718553659, 50.55893387051315, 7.5830911204627505, 0.0, 8.733413163455625, 16.656115751448926, 25.45321336224994, 17.7738030531543, 10.481477944177195, 6.293066346040538, 48.53775350684069, 57.63939171085152, 64.8363379838191, 72.2198748413143, 78.10712839463135, 77.15986798412811, 69.31302687312927, 63.05089371637435, 55.46747232521881, 46.29401044142616, 19.88037588192962, 21.213867802954297, 22.864246230938686, 26.651520727706814, 31.689404840894188, 28.48966857529464, 23.726151762877222, 20.00709467772235, 15.389597507006412, 13.78543443682661, 33.33199422261628, 35.986608999665684, 43.59221254882312, 54.315261942802316, 57.52188625882474, 56.687864534052395, 52.92850512823463, 47.507545672714464, 37.007836269428736, 31.43066863598434, 24.006889319655095, 20.314950421789295, 78.37348545699183, 71.0018515424243, 64.5374815101974, 63.76161216370067, 59.19265789070385, 57.74712501439556, 59.74251848184084, 70.6331640549832, 73.97597446999754, 77.0878262003611, 79.0554731195102, 79.54743120554483, 77.18230990772912, 69.78033118504183, 66.05421646553572, 63.13473670737467, 60.72332945202284, 64.94282026748961, 69.65822338600573, 72.4563352807058, 96.50337361372465, 97.14359589751268, 101.34340320267084, 105.44546244126334, 116.07262937187627, 118.36353251939353, 113.97555645799824, 106.23575334328739, 98.98866925313597, 95.53626015563992, 86.02417589704993, 74.1523230743114, 65.85474234667099, 56.56628961004761, 54.567971834814905], [59.572639617028685, 66.90196201279348, 74.99323403402862, 82.77868945447266, 75.45820812776793, 66.41349662836724, 59.17032732628828, 16.072243176327472, 8.733413163455625, 0.0, 8.464537803259017, 19.237849941766857, 11.967055544243332, 8.388562271101586, 11.95872106685092, 55.36577457034583, 64.72488326437536, 72.16982633795875, 79.85831464506121, 86.01397255296318, 85.24517851366784, 77.2166005605106, 70.73384852471307, 63.12989689882107, 53.7646254974411, 20.39555492796852, 18.5956724389228, 17.924394682391647, 19.403210263786406, 24.081021357499356, 20.325598919882164, 15.655884394843303, 13.66161960516373, 12.195034957335793, 14.44585532321562, 40.91886126643381, 43.80728012410014, 50.35297072338362, 61.73832098695564, 64.27811320009052, 62.389351540783395, 57.65100067849338, 51.64300045986371, 40.80797394198478, 36.686975970811574, 30.56730437329942, 27.06875199187803, 85.44521111730839, 77.61147530428579, 70.23598332416897, 68.83208585228003, 63.48063280766758, 61.184894567260415, 62.11988086189907, 73.96964106707121, 77.94074863211809, 81.78907194187582, 84.45781589531249, 85.64877497501973, 84.04473330479087, 75.75414345314111, 71.15308004636422, 67.32530512637011, 63.4677501620058, 69.13676424736968, 74.69391021982793, 78.35620050083895, 103.98597259773405, 105.24469297698863, 109.60372691694327, 113.41628677259504, 123.70494250311089, 125.32653842789975, 120.23371664715215, 110.46730403814155, 100.85056412749236, 96.01811386404535, 85.25600317005598, 72.47637935343874, 62.77827580556861, 51.97530332397778, 48.65369139350474], [67.81807727773584, 75.16482838435823, 83.09743070089893, 90.52390747348714, 83.42465572332613, 74.4620837523719, 67.18430951356262, 23.49781136760839, 16.656115751448926, 8.464537803259017, 0.0, 12.045155155776367, 7.371018361280889, 11.101862559196542, 18.179119360585677, 63.73325951738847, 73.07815954098383, 80.46727681779737, 88.0514309253306, 94.04379292273028, 93.29713098889984, 85.50684216347855, 79.10561604099176, 71.53299141100426, 62.201901781897725, 27.00948205828816, 23.273237506098074, 20.2300947666572, 17.123142712265555, 18.77329745772705, 14.227078707140338, 12.485324409822319, 15.139527814297812, 17.58629978207915, 21.682702422686432, 49.34566054394467, 51.72046749152736, 57.31738813877164, 68.03895466125468, 69.75386061520857, 67.22069375327106, 61.63379937857651, 54.69252846854476, 43.78359713716638, 42.73790227340627, 37.93179341074514, 35.42740606021301, 90.45089809594508, 82.50751132943181, 74.60534986396831, 72.56014161992873, 66.52352535800249, 63.17668098689899, 62.467790244840494, 75.36843845567378, 80.03028658609497, 84.57507806789654, 87.9455824735975, 89.75488255574652, 88.83469376242834, 79.98975281350651, 74.67169235761895, 69.93647516283625, 64.22206083748628, 71.62371344037875, 77.96403171123511, 82.39760437347192, 111.32553272104067, 112.01117276880085, 115.78889111390482, 118.83925070124603, 128.5290616002723, 129.28325707278262, 123.48896280276146, 112.04308359751708, 99.57381488402605, 93.2373228797903, 81.28834160193448, 67.77920933898626, 57.055950511575126, 45.79740578965133, 43.454372499896735], [75.67056765446092, 83.04300787983385, 90.27426012800197, 96.49709067947954, 90.05819164482578, 81.466877020842, 74.16323899851541, 30.793502874942856, 25.45321336224994, 19.237849941766857, 12.045155155776367, 0.0, 9.811960150479514, 17.568340634552655, 24.864108109164164, 73.71899751085074, 82.70039844641924, 89.5984174413556, 96.47060377679027, 101.64036117480673, 100.71778916995338, 93.84707232901602, 87.98248600300087, 80.54850025434894, 71.57683737722547, 38.88598223800112, 35.075683946819375, 31.27238405473335, 25.13461049494145, 21.371015024541514, 17.6644924356697, 21.337158655172743, 26.463287966864453, 29.565285620568478, 33.386840831803035, 58.69039700008906, 59.77017478319133, 64.54663948637588, 72.63413798643134, 73.22849363981662, 70.6985752031392, 64.46484267034788, 55.97469188533979, 45.393614863530814, 49.801641680745036, 46.29251059919854, 45.42693482388296, 91.95784677381728, 84.5752780849749, 76.82560484162481, 74.1013654745443, 67.53202090577896, 62.72582243209007, 59.13010460815357, 73.39794674147943, 78.90659312681308, 84.09553274420998, 88.18498482934692, 90.4756411753986, 90.1191144485545, 81.34270325042515, 75.574089957633, 69.89787311273247, 61.41306716865181, 71.22107801500798, 78.2687609858857, 83.3253896926369, 117.63210710890039, 115.92675081086303, 117.9842334098489, 119.48971043951911, 128.13088738099904, 127.70451667814389, 121.2765083823579, 108.88310038212047, 92.36900899869433, 84.05742865748768, 70.75145442832348, 56.48932874869972, 45.24121764418321, 35.81384548154106, 40.16759584128009], [68.41692176665688, 75.80714369310816, 83.35680877104936, 90.16956551994174, 83.03215226254517, 74.07162352743187, 66.75237249701617, 22.9732679609632, 17.7738030531543, 11.967055544243332, 7.371018361280889, 9.811960150479514, 0.0, 8.440342969761005, 16.624422174808032, 66.13161100798577, 75.36069759845326, 82.60297737094156, 89.87457409524863, 95.45834747778603, 94.39670294316076, 86.87108183310511, 80.71308217457668, 73.11026538367696, 63.91429684881694, 31.840713658695503, 29.241327395697517, 27.095346373337307, 24.407735698692676, 24.805440462136705, 20.18719388960095, 19.600387907626754, 21.8542851218378, 22.989196892410426, 25.968143144771833, 50.32753559215804, 50.92340098578879, 55.24201204255831, 64.51845306058857, 65.41515910396924, 62.59536946290547, 56.56994004561937, 48.91623225451415, 38.08104978156574, 40.26872344295713, 36.88830351873028, 36.796796724345754, 85.55863091949834, 77.55013230645136, 69.43163220027601, 67.0107431591161, 60.67833100783195, 56.78063392142493, 55.36901544808844, 68.5904837578851, 73.51159580699978, 78.3258960520769, 82.03468302762631, 84.18765847132983, 83.76975761001916, 74.57866014263118, 68.90494487027256, 63.73794099064753, 57.233204337905256, 65.32159762638035, 71.99931820159767, 76.83209884595644, 113.03384683813654, 111.79538170764009, 113.88287373269699, 115.7206050822825, 124.43067106925274, 124.17680300851698, 117.65919695645961, 105.18718567251106, 92.34795564454312, 86.33794014269867, 75.02864711398743, 62.45030099172124, 52.97817951854425, 45.27143548550411, 47.59083643788549], [60.272029804688785, 67.65525288866124, 75.28098817234323, 82.3354056712795, 74.92206237963865, 65.84453885010227, 58.5323867434699, 14.855269429073038, 10.481477944177195, 8.388562271101586, 11.101862559196542, 17.568340634552655, 8.440342969761005, 0.0, 8.429211993383547, 58.34702857739306, 67.53689022195258, 74.79535266999814, 82.10032340028398, 87.76273764089161, 86.6018883723136, 78.87859208090691, 72.69361162338718, 65.05902102443984, 55.87940689547402, 26.878003183333245, 26.195256879781347, 26.01519487454593, 26.649694201447435, 29.546005474028686, 25.264976382405386, 22.200526020738, 21.328720886572896, 19.569753053328828, 20.631046338792274, 42.06545571271171, 42.51691236088653, 47.38005947688501, 57.11532874339722, 58.69224679017215, 56.43106288626021, 51.15998429124606, 44.33609205473403, 33.408318794562376, 32.99771461470862, 28.73765761944103, 28.7867509303411, 79.43003371430987, 71.43406301182422, 63.73669465697659, 61.91466501146741, 56.220035241967345, 53.385839337059316, 53.789244644696275, 65.90006767579418, 70.11260891647233, 74.23819369505897, 77.26924614243688, 78.8488799449354, 77.82125090133357, 69.05231025357175, 64.02815018935041, 59.7423705560203, 55.2046623074657, 61.46662612229096, 67.39183977141967, 71.50861729821976, 106.12649154560265, 105.07884682500236, 107.4012537249319, 109.77883840413702, 118.92158337982706, 119.36546713256811, 113.41238995583261, 102.45433467286061, 92.71026919910935, 88.42773255145335, 78.54142554530465, 66.92159347417272, 58.69084324406788, 51.58359757416372, 52.95574568884398], [52.01772395348439, 59.401060539560746, 66.90779533524008, 73.92298521905639, 66.50268027646445, 57.46574394589037, 50.14899680015373, 6.623836805468036, 6.293066346040538, 11.95872106685092, 18.179119360585677, 24.864108109164164, 16.624422174808032, 8.429211993383547, 0.0, 51.20614295439543, 60.11657459390981, 67.13748545671704, 74.19221575799058, 79.67089445301684, 78.40327452307848, 70.81184885736508, 64.80880896912741, 57.232436817636504, 48.2671919499667, 25.220627890141056, 26.77135216936427, 28.31499273853966, 31.219652376250092, 35.21694088474631, 31.555775614023798, 27.607047410963496, 24.774360651546147, 20.602296415258614, 19.09456961382961, 34.55394052832101, 34.95974175192882, 41.110328307756724, 50.486473307168694, 52.952218825038734, 51.86915023845116, 47.74235555596109, 41.724309551200804, 31.123516247977136, 28.33948503649715, 22.47099044051245, 22.272084783357506, 73.57135359591821, 66.04553046412909, 59.33739824301963, 58.274759039183856, 53.4851151343207, 51.7155383125113, 53.461386381034536, 64.44809731305224, 67.92250179315675, 71.19942393206523, 73.40637945822087, 74.16737704487092, 72.2178792605797, 64.4383038192825, 60.419676181571624, 57.21194658386685, 54.447901981107215, 58.962967109478555, 63.910406150832955, 67.01928680178347, 98.36679324948074, 97.1587407721766, 99.70641538097165, 102.66203172688307, 112.39018753950711, 113.76644543508041, 108.71084460311779, 100.10527214966946, 92.9415225903954, 90.0093607343993, 81.24940672401685, 70.31851064244348, 63.171197957440555, 56.52599364505764, 57.69418635895181], [19.64556409481746, 22.610918715089174, 32.05585570844034, 44.372272896016646, 36.448900406786606, 29.80345067124292, 27.334759084724947, 44.99556460963683, 48.53775350684069, 55.36577457034583, 63.73325951738847, 73.71899751085074, 66.13161100798577, 58.34702857739306, 51.20614295439543, 0.0, 10.085304354700353, 19.004644715278157, 29.038460952563454, 38.23663569980495, 38.2075780042565, 26.76593277165356, 18.6275763900162, 12.172632956315649, 6.874117057777458, 41.50523286799945, 48.57158330615779, 54.718083819397656, 64.36485985098639, 72.69597658895495, 71.3636782898712, 64.39282338557635, 56.92583911077061, 49.9397721962074, 43.97074412383807, 19.14674889692206, 29.475385443612677, 41.718500982907344, 53.24199003900051, 61.936786303375335, 65.75633797960026, 68.65341096557684, 70.61989608111611, 65.37942686294429, 47.106897751318044, 38.4856396622241, 30.59842477246151, 79.7954341267527, 75.1759515171562, 74.07098233593548, 77.45218771374115, 78.01983830106231, 82.18112513521196, 90.62492483370444, 94.70024941388063, 94.03260690250514, 92.89797185691658, 90.45166995359513, 87.0193374858106, 80.50745488328688, 78.81050059312494, 80.41248836230521, 83.16233504526704, 89.81221798613734, 85.1608100842157, 84.52170777903616, 82.04061722469746, 61.70837189289889, 72.5040325025734, 84.523145240653, 95.91736127837295, 110.84224010668466, 119.80879791760961, 120.9885081684317, 124.03230087340525, 130.38827608093638, 132.46507053550022, 126.94443065534992, 117.1930418613266, 110.9239755417591, 100.3184073563846, 91.93622889663067], [18.934266199893433, 18.451281096083978, 26.38956729320936, 38.75326315762116, 32.077352393012255, 27.91512722846622, 27.881123986605296, 53.71769178976768, 57.63939171085152, 64.72488326437536, 73.07815954098383, 82.70039844641924, 75.36069759845326, 67.53689022195258, 60.11657459390981, 10.085304354700353, 0.0, 9.146900744649745, 19.569998406181867, 29.334996713398457, 29.66775916859342, 17.965548956556383, 10.07052185744041, 7.7514068309637825, 12.519126485816848, 51.310471409563355, 58.230603805859694, 64.1969541687473, 73.61558723025729, 81.6684138864451, 80.5730605247355, 73.86060203642761, 66.54605554679685, 59.66249729370397, 53.73296568015532, 27.689837913120435, 36.28190155500371, 47.8871257923674, 56.95380875969692, 66.07470764059364, 71.04498230275287, 74.94132480651984, 77.44574738467195, 72.98377801176098, 55.37944287466588, 47.27987309526062, 40.18299706553868, 81.53670712629052, 78.21023476576052, 78.66026957921314, 82.63093248382172, 84.04808568936313, 88.7019332032231, 97.34957743986074, 100.57493451404157, 99.37162041518738, 97.50285253017992, 94.3018472744227, 90.04958815543601, 82.65807246294231, 82.6728272656585, 85.36795188964678, 88.94321726835155, 96.35047321816586, 90.80775110035417, 89.26846918184295, 85.7744193194014, 53.343776485459244, 66.09581506289497, 79.8281416496129, 92.74436536705107, 108.532211240572, 119.0577662552007, 121.75047926780856, 127.73508614916899, 135.7789512947846, 138.4968902639923, 133.53709672611862, 124.10980246931591, 118.32949258469924, 107.8790014894907, 99.60350984717739], [20.852697301193267, 17.401492162199368, 22.308147728351383, 33.69038596930447, 29.104133310892372, 27.86822297453187, 29.77877654542035, 60.60350813443398, 64.8363379838191, 72.16982633795875, 80.46727681779737, 89.5984174413556, 82.60297737094156, 74.79535266999814, 67.13748545671704, 19.004644715278157, 9.146900744649745, 0.0, 10.593744559876686, 20.70712425561599, 21.540616068418306, 10.67889448052157, 6.34598563898383, 11.46786707347753, 19.974385078335928, 59.61513861923894, 66.37709967570432, 72.09249115264328, 81.12984540844295, 88.75670858778999, 87.88256404279058, 81.53977253794118, 74.47441077205634, 67.69788867917524, 61.811977175909604, 35.351403964537816, 42.84143156369397, 54.1712746259024, 60.75081455927191, 70.0448432412984, 76.0643335695329, 80.6417258049829, 83.24835682039355, 79.29144859492145, 62.78145255019801, 54.89272050517914, 48.21686833414269, 83.02866436369143, 81.04401374975893, 82.91658099821045, 87.28268262870857, 89.311947915262, 94.16403029398887, 102.6246083669162, 105.35646616561779, 103.8199742507903, 101.39439607873783, 97.62799670817057, 92.6731307088531, 84.48859513411348, 86.11914274658919, 89.71414075414397, 93.85469170380955, 101.52512283209278, 95.55382964071002, 93.34901968448662, 89.03885292625971, 44.84968943424358, 59.096648123070956, 74.47442058524778, 88.76644651297828, 105.40132024249839, 117.3976948937787, 121.5769463238, 130.43378695828383, 139.39692758138423, 142.4477706108814, 137.85982023736992, 128.66249098812048, 123.34317774820659, 113.11574372155674, 105.28544046050605], [24.95704569114457, 19.436474699576227, 19.315084685883257, 27.82275531182534, 26.623692778461404, 29.014207354929425, 32.67428879298823, 67.5769556039595, 72.2198748413143, 79.85831464506121, 88.0514309253306, 96.47060377679027, 89.87457409524863, 82.10032340028398, 74.19221575799058, 29.038460952563454, 19.569998406181867, 10.593744559876686, 0.0, 10.329287647973656, 11.92443409983258, 7.091930566567961, 12.33751579177137, 19.422488906475014, 28.734941237092684, 68.69910152272207, 75.3176193729401, 80.74313421795993, 89.25723871112713, 96.29480837115338, 95.58453489149726, 89.72417048027155, 83.00301646059913, 76.31452874735801, 70.46562609128935, 43.60598032098011, 49.80652281410269, 60.78404890526456, 64.3791708936821, 73.66315706752997, 80.83216663723076, 86.06642172601225, 88.62900465456988, 85.25480603569633, 70.33050691560429, 62.7228643005109, 56.686525342239285, 83.5697587489243, 83.20703152891319, 86.69458709923789, 91.42114525955441, 94.08227158148547, 99.04312451511848, 107.11876540887317, 109.32909583618974, 107.46884549848465, 104.45539777863156, 100.11450719919375, 94.40685693932066, 85.38380627952203, 88.87188157202598, 93.43521546128437, 98.13024738297297, 105.92234538356006, 99.60716415186884, 96.70429534606599, 91.5308781261347, 35.06053896950121, 49.99520450652227, 66.97478924013213, 82.66988892292139, 100.1620942550645, 113.75270645924199, 119.62622575662682, 131.81022731396126, 141.62189538617952, 145.05025704571815, 140.98822238517667, 132.21478442539157, 127.61292747062659, 118.04182195077908, 111.3093090672447], [29.889776142968774, 23.83808879587586, 19.28259397067949, 22.734255261545826, 25.738059813843527, 31.193650318162412, 35.861233906456555, 73.06593388599012, 78.10712839463135, 86.01397255296318, 94.04379292273028, 101.64036117480673, 95.45834747778603, 87.76273764089161, 79.67089445301684, 38.23663569980495, 29.334996713398457, 20.70712425561599, 10.329287647973656, 0.0, 4.289634981142451, 13.353763400369875, 21.04126024282208, 27.682868907721367, 36.8558354552026, 76.52577721803989, 83.00363370859655, 88.13076292645708, 96.05745932597603, 102.43971633532091, 101.8183386574638, 96.47995362239048, 90.15332012825209, 83.55167019841274, 77.75718797698951, 50.791733066963765, 55.739650363181596, 66.34656416682631, 67.03742025155064, 76.10460472664377, 84.28671662913231, 89.99785244132696, 92.34180251064133, 89.506464706029, 76.42960132951465, 69.1332970101914, 63.820916430108554, 82.91111068380887, 84.14442361628723, 89.11117156495511, 94.07081229221414, 97.23882053436957, 102.16432750182129, 109.67659956767753, 111.46891402435384, 109.37953720497114, 105.8818085283949, 101.09327000338517, 94.74579794341713, 85.01560659005185, 90.23377183337554, 95.62477453559886, 100.7272928767998, 108.41555304964889, 101.96172866002523, 98.48757548616787, 92.59457207283734, 26.605627808148633, 40.275382698425425, 58.48812087607317, 75.34366648901408, 93.56796297345261, 108.56245549953105, 116.0095255345639, 131.32564449980322, 141.6424968403057, 145.37969767020007, 141.8787744936244, 133.64015176456272, 129.87604002186106, 121.27461972194776, 116.0831814590796], [27.924841708860587, 21.5474254216036, 15.721236453386796, 18.65782738365904, 21.790187956293767, 27.92663929815922, 33.04812741434319, 71.81429923623033, 77.15986798412811, 85.24517851366784, 93.29713098889984, 100.71778916995338, 94.39670294316076, 86.6018883723136, 78.40327452307848, 38.2075780042565, 29.66775916859342, 21.540616068418306, 11.92443409983258, 4.289634981142451, 0.0, 12.509826996865899, 20.579234014144305, 26.959341702093454, 36.14246530652946, 76.34910298700338, 82.95104990651393, 88.14878915117687, 96.05877482635125, 102.39134204451845, 101.57716287065523, 96.23913633658759, 89.92471892468531, 83.19530173247725, 77.31912508775844, 49.519780423195144, 53.5810761879425, 63.72125117360217, 63.554459068318955, 72.56072525485199, 80.95322830291903, 86.87644257520273, 89.37837722519345, 86.91518117209246, 74.27762764435857, 67.3785494449924, 62.797145762470365, 78.83455649609621, 80.25707817804147, 85.51928550041892, 90.57442166096345, 93.95055864485498, 99.00522729439878, 106.64326508352767, 108.06128471342015, 105.81724537478317, 102.15868392038273, 97.23733552260803, 90.78171099337887, 80.98469049554656, 86.45878383506404, 92.05545244360886, 97.3430950069927, 105.30059563255595, 98.53548948580912, 94.84694931948486, 88.77575736327276, 28.921925734498473, 39.035819462453006, 55.6858121089996, 72.04059062778731, 89.94525887676475, 104.68228128179256, 111.98916716711992, 127.38855436560486, 138.34582117680304, 142.53612752957787, 139.5328858491244, 131.78216957374875, 128.49173849127519, 120.73901638061595, 116.49880087971042], [19.813993828230267, 13.401387613579947, 13.55752623204414, 23.907919609116092, 20.624616124000585, 22.57583209820041, 26.768594318565427, 64.20760919518382, 69.31302687312927, 77.2166005605106, 85.50684216347855, 93.84707232901602, 86.87108183310511, 78.87859208090691, 70.81184885736508, 26.76593277165356, 17.965548956556383, 10.67889448052157, 7.091930566567961, 13.353763400369875, 12.509826996865899, 0.0, 8.330737863889194, 15.488912588460957, 25.234956054785854, 66.66986905631452, 73.57036750420892, 79.21460609130443, 87.86015271299361, 94.98392177641082, 93.90000062623022, 87.89433756479136, 81.08176328261084, 74.1239851538811, 68.0971085197932, 39.45572567837021, 44.35073436417995, 54.63010249416901, 57.7022977169732, 66.99867395629406, 74.22518694001052, 79.72175492702046, 82.67646885346234, 79.81190341632824, 65.01499621108356, 58.037994814727405, 53.17843077230875, 77.04446438430381, 76.46678265003456, 79.99127126431462, 84.83252098074408, 87.7211774542697, 92.95199790947825, 101.46059213369357, 103.11958511637337, 101.04411434690915, 97.88717355493874, 93.44222931572354, 87.7454717510107, 78.84188986111272, 82.20419235540788, 86.87600126354502, 91.79150444341786, 100.13344930802431, 93.27517558398615, 90.15831570927321, 84.88984313442708, 39.78721514901803, 50.623432837801204, 64.9997307339983, 79.5005207149616, 96.17882968318244, 108.9072487317062, 114.08138064369689, 125.47187553239671, 136.27765626608823, 140.4117119742591, 137.05969406733186, 128.98661793437748, 124.98086504480654, 116.63011785268053, 111.16792136206733], [15.960983169871396, 11.697555463159429, 17.334090859993612, 29.526033452060048, 23.593169541619837, 21.877305948094087, 24.246322559795416, 58.25396681321528, 63.05089371637435, 70.73384852471307, 79.10561604099176, 87.98248600300087, 80.71308217457668, 72.69361162338718, 64.80880896912741, 18.6275763900162, 10.07052185744041, 6.34598563898383, 12.33751579177137, 21.04126024282208, 20.579234014144305, 8.330737863889194, 0.0, 7.839792042998657, 17.628332200823365, 59.19646038202476, 66.20667318996514, 72.05737912881538, 81.07059228868879, 88.615640514563, 87.41036486600902, 81.05666223485304, 73.9984127687519, 66.97176427314459, 60.91148796262532, 32.40708898993492, 38.41315995456407, 49.18564342643681, 54.83158667965031, 64.15370968523169, 70.43066257202601, 75.34035755727403, 78.25022997007456, 74.83507037883902, 58.752804872338196, 51.46488398966886, 46.0730807321485, 76.84848400720749, 74.90648272385941, 77.04782276019169, 81.56282059501196, 83.88138348433348, 88.97241577187391, 97.72348928167199, 99.91112727328957, 98.15009553055756, 95.51779004027793, 91.58784630470731, 86.53515685320525, 78.33221960535879, 80.11410289119053, 83.9441077762632, 88.35297888764603, 96.49519763016666, 90.0183823850925, 87.5303034964836, 83.01589062369273, 46.76226872700161, 57.71278252821509, 71.1091352459902, 84.51311379785724, 100.54326292242504, 111.98983047782295, 115.79988036098976, 124.47242345486363, 134.359990188538, 138.08145943748642, 134.22022455778963, 125.74176864567237, 121.12569391191523, 112.20882017144574, 105.9076364554808], [11.446105050909981, 11.21291047928173, 20.144093803066678, 32.665520877956226, 25.112278265411863, 20.23192322459474, 20.254313783155258, 50.716041218391894, 55.46747232521881, 63.12989689882107, 71.53299141100426, 80.54850025434894, 73.11026538367696, 65.05902102443984, 57.232436817636504, 12.172632956315649, 7.7514068309637825, 11.46786707347753, 19.422488906475014, 27.682868907721367, 26.959341702093454, 15.488912588460957, 7.839792042998657, 0.0, 9.851295181850805, 51.73632224006591, 58.836749205682004, 64.76003670919803, 73.82802656528975, 81.46539209087007, 80.08023251914143, 73.62257845477139, 66.52259287175542, 59.406829231353434, 53.296919983162795, 24.61378492561885, 31.39028252366423, 42.975721237946466, 50.20489066153733, 59.40890183548216, 65.04144284047024, 69.33396881536001, 71.85117162117695, 67.91686007197995, 51.48154082108852, 43.84046979407452, 38.23970685011858, 74.0450212082002, 71.12010619289683, 72.18725123371794, 76.32757528381246, 78.078800083383, 82.84784802900914, 91.46427932257744, 94.27053371563801, 92.8887008780883, 90.76470892080114, 87.36089528973723, 82.86347835096744, 75.22334481414241, 75.7668958363554, 78.86071144826892, 82.72289556935173, 90.35676658349202, 84.48191395115978, 82.61186738334993, 78.78398964473458, 52.6886396725915, 61.831526084401716, 73.69969642101661, 85.80492101404965, 101.18792149157846, 111.38767296618774, 114.00281008320259, 120.4987497851134, 129.12423152241914, 132.40073933646417, 128.16258102927208, 119.48059894072085, 114.5961297257882, 105.71296430050504, 99.59939136046431], [13.570837946829736, 17.890883083050678, 27.649788332580126, 39.62744361477501, 31.200102760589136, 23.74754644153103, 20.631016475606188, 41.86311869120643, 46.29401044142616, 53.7646254974411, 62.201901781897725, 71.57683737722547, 63.91429684881694, 55.87940689547402, 48.2671919499667, 6.874117057777458, 12.519126485816848, 19.974385078335928, 28.734941237092684, 36.8558354552026, 36.14246530652946, 25.234956054785854, 17.628332200823365, 9.851295181850805, 0.0, 42.10585242246927, 49.309233095257134, 55.352659334877345, 64.5774178992065, 72.44317967980284, 70.85650150507395, 64.183803203168, 56.97027874777527, 49.767461992031926, 43.616495079066254, 15.40693893704551, 24.435326176675463, 37.17871767505198, 47.17064429381924, 55.958827575217484, 60.38601130017572, 63.59312917438145, 65.46764190345692, 60.608618063438826, 43.422345213247134, 35.04347560580677, 28.561152762421077, 73.23388525823181, 68.93051905190154, 68.32063768322487, 71.82602823188513, 72.6428202859953, 76.86002182184106, 85.2145073401085, 89.02019472000957, 88.23876006544702, 86.9132135974097, 84.32484045970575, 80.69538667060898, 73.97092663904914, 72.6824465047168, 74.59692129838879, 77.5567095250043, 84.3201879875715, 79.46109506069193, 78.57984861216143, 75.84232421671702, 60.79274250331808, 68.71495744037371, 79.17245079163237, 89.81612777259622, 104.38425835912632, 113.0434198491067, 114.14461462407141, 117.62957616743275, 124.3247741794857, 126.82489078510685, 121.886572613936, 112.7498841449152, 107.27304387953099, 98.07129360875555, 91.73267434936993], [51.75697006815014, 58.4282706771584, 67.69182764821282, 77.72956079020837, 69.65212824765403, 60.53275892953285, 54.0121707588894, 23.837872309271063, 19.88037588192962, 20.39555492796852, 27.00948205828816, 38.88598223800112, 31.840713658695503, 26.878003183333245, 25.220627890141056, 41.50523286799945, 51.310471409563355, 59.61513861923894, 68.69910152272207, 76.52577721803989, 76.34910298700338, 66.66986905631452, 59.19646038202476, 51.73632224006591, 42.10585242246927, 0.0, 7.5596142678052045, 14.314877281940667, 24.772306516282597, 34.3942533669459, 32.3073465436505, 24.174257092474488, 16.10200940993797, 9.712320073165474, 6.309276768657877, 31.615174315757834, 38.89971803019814, 47.449068961061315, 63.124934169785604, 67.81214131054793, 66.40164113581451, 63.4798432592557, 60.731455756943504, 51.095135990244096, 37.34410794251531, 28.782499258917678, 19.181508519627176, 90.67438602150803, 82.58960718185921, 75.74018