{
	"dissimilarities": [[0.0, 7.33144324659565, 15.837780762192473, 27.414729151197495, 18.716013860057117, 11.521078789485212, 8.706962602162537, 44.25379419396093, 50.11574027615918, 58.473548948560676, 66.68961007441798, 74.50043456268284, 67.15568914892228, 59.14020817442904, 50.709165339267585, 17.99404369403145, 16.895682363232712, 19.59064144911516, 25.1744340899846, 30.359183041221293, 28.97391261414835, 20.33263162793124, 15.001255368159724, 10.83710772238594, 11.47162093676626, 50.55720730006896, 57.53399753636447, 63.169561222857276, 71.78439285873625, 78.54496422404803, 76.71021241837329, 70.70636618722143, 63.78037569753627, 56.59044770708069, 50.51874515256563, 21.754725771129245, 24.528099054116222, 36.12133064008314, 39.82793110315855, 50.1227849569743, 56.39413538626628, 61.00814829752849, 62.610427223873224, 58.8491816078714, 45.525008189176546, 39.05476419379479, 36.046241870301, 65.06910363466297, 62.83014211021374, 64.58549060681511, 67.89548670269546, 70.4448980260875, 74.25894368021757, 83.2982315415916, 83.37492941866098, 83.33391244753378, 80.21856133235202, 76.88573061193405, 72.1499851940639, 65.25149447600805, 67.52509456404304, 70.9721351377216, 74.63785961855098, 81.45459905066784, 75.45025564436231, 71.78529743874904, 68.45458658360225, 53.57820041844023, 57.517056382844856, 65.94698809036714, 75.84621832800772, 89.5684179497882, 97.86081047504038, 103.84774913058673, 107.61480873355039, 116.36267937838645, 119.39239429649909, 117.4682506964408, 109.88615870079, 106.34700400557507, 98.8846307248415, 97.68872359032581], [7.33144324659565, 0.0, 9.089284504243063, 21.776946292909365, 13.428745921218155, 9.606778942131697, 11.913619900017208, 51.521197744724105, 57.441631602400655, 65.80302297252535, 74.02022709027756, 81.75482864248166, 74.4309547825179, 66.38852050062306, 57.95000610901495, 21.681065877378767, 17.016425453101185, 16.558709473122413, 20.12174673770272, 24.55223856877034, 22.80633617836425, 14.279825507835344, 10.736900195890803, 10.89486840221046, 16.511122441530766, 57.51721589991877, 64.55116080245787, 70.25407058726724, 78.93215578033856, 85.72894552313646, 83.96997899037214, 77.96130690742541, 71.0116654357127, 63.81362707485502, 57.71984529411317, 28.30799280674336, 30.270519467606498, 40.37811640573059, 42.306040335159814, 52.895398703151415, 59.71080303677994, 65.141180735587, 67.48050781576046, 64.56358329470932, 51.49099171411408, 45.65254086093314, 43.068089331743955, 65.74648449577516, 64.31767890831878, 67.24505308245422, 71.07716989227978, 74.3260419087474, 78.59934855276595, 88.08932516140439, 87.41066532472614, 86.68689876626163, 82.96836008579493, 78.98720454875256, 73.6325471590544, 66.2867523790183, 69.69891892947939, 73.99974938868051, 78.38528667466133, 86.09158535954232, 79.15603496359907, 74.77474353143987, 70.5954399463002, 49.02934978473767, 53.22484742029142, 62.33172765246985, 73.35287596526092, 87.38653701937235, 96.76574636085847, 103.77808950394864, 109.67953148008714, 120.32811477910887, 124.18258310734872, 122.96050030407756, 115.87152129338999, 112.80281433427471, 105.65191280527354, 104.47226632883178], [15.837780762192473, 9.089284504243063, 0.0, 13.1941313934054, 7.472028072710514, 11.744024461898311, 17.307807761744208, 59.20520871492671, 65.34354273726711, 73.83626459998064, 81.92173654270633, 89.04315450363256, 81.97995326285798, 74.00422336495271, 65.48936890424089, 30.204824405464155, 23.663852804774056, 19.8251691567456, 18.419995059372873, 19.196403948709268, 16.277538434799624, 12.296954870834973, 14.36852985003257, 18.548678649299656, 25.52834959171701, 66.3096291970099, 73.23496653677437, 78.78265622127516, 87.1137095580922, 93.53587932030001, 91.89719479715058, 86.19434043447075, 79.42962955546032, 72.31280994070764, 66.28737297310077, 37.23776397285875, 38.02957280701934, 46.87118797381096, 45.38813757476275, 56.21822514960519, 63.9223625533367, 70.12677881960536, 72.69563190482876, 70.57443675001547, 58.98454765476024, 53.76845309701558, 51.809582510802024, 65.62735749405998, 65.54358906700682, 70.19704942122793, 74.55796908867454, 78.46927816374856, 82.95439307209352, 92.3412530048663, 91.0336243334308, 89.6327842759836, 85.28016467196824, 80.64977666901534, 74.48791725048855, 66.62580943030248, 71.68550281185705, 77.05789930475163, 82.09132929710745, 90.25452797211672, 82.77260810824694, 77.73151596100197, 72.4943165551983, 43.47851364942358, 45.720821943257086, 54.90616183732025, 67.10758419430277, 81.67745815904095, 92.57954461882125, 100.93848415361127, 110.37559548732521, 122.48650403233859, 127.08726923631929, 126.598654258367, 120.147081456549, 117.86963132001232, 111.52278374725432, 111.1921248062776], [27.414729151197495, 21.776946292909365, 13.1941313934054, 0.0, 11.357156701732075, 20.404003872692087, 26.14959046375352, 67.69342216431188, 74.12006945923711, 82.76414731833813, 90.4953944992202, 96.3550917981782, 89.86526592474455, 82.13562018565494, 73.60377906501039, 43.07384879922314, 36.250207396126285, 31.032919688800227, 25.62968107982339, 20.609784397863578, 16.427006720726727, 21.54751008742917, 26.58823279846261, 31.506810671468394, 38.09530167591334, 77.18725703266314, 83.81197641294068, 88.95847515736307, 96.48411881043265, 102.05314406869348, 100.56724621150356, 95.52776532816522, 89.20213075429635, 82.30328438029836, 76.48306513667472, 48.8557052192986, 48.22990425885786, 55.97725147391587, 49.77066212441424, 60.528611333968826, 69.33963763061432, 76.14268794035273, 78.32908139383072, 76.9737290330125, 68.2343050599633, 63.69875365963347, 62.60662005936181, 64.84604117983775, 66.74456108831029, 73.64572265760368, 78.45630992612035, 82.90619119120709, 87.25305195525539, 95.78695578500776, 94.024611874797, 91.98924979354, 87.03231910784135, 81.83445152972006, 74.73175563382478, 66.39623416844613, 73.60634604544916, 80.19811941349316, 85.70501700733905, 93.70927382915737, 86.23491462175177, 80.68941385594286, 74.25176834868364, 39.11887585599989, 34.523886285511466, 42.16155605309401, 55.68142430044234, 71.18141969109648, 84.24468601063964, 94.36805164895122, 109.15696058952292, 122.04750383018134, 127.28549267573625, 127.61223292736797, 122.0681960658573, 121.04290330224094, 116.23144789179422, 117.81515693264505], [18.716013860057117, 13.428745921218155, 7.472028072710514, 11.357156701732075, 0.0, 9.641006724846532, 16.44200662495145, 59.34009403212334, 65.95654231770851, 74.62093558773546, 82.52689621718288, 88.9862956613149, 81.89511046498019, 73.82958623926137, 65.3701200542867, 34.955898111107565, 29.854321517530476, 27.016609135296367, 25.708530574801216, 25.055136628565585, 21.466092902928676, 19.599319410069572, 21.214699812258033, 24.05980033218682, 29.346085122709372, 68.67498517906375, 75.57816631668383, 81.03389584904303, 89.17759658211354, 95.2335903167639, 93.32535223352521, 87.7775443187194, 81.0843379034154, 73.92578586049122, 67.9304308591264, 39.10793101690891, 37.5169868842043, 44.83987977926813, 40.319967382256586, 51.15867582854163, 59.44507229242472, 66.11199423060152, 68.80002104931951, 67.51357237952692, 57.64512081898488, 53.489050205550534, 53.208794387063136, 58.75745130735505, 59.23356155681604, 64.78121206266995, 69.405656912147, 73.69807641765847, 78.29953354516282, 87.68199841982862, 85.84469293504498, 84.01455632003437, 79.33569325202721, 74.42507096283371, 67.93569047794077, 59.90772383657762, 65.68013050859663, 71.6007633995817, 76.98586901199572, 85.50482477234345, 77.60380402565727, 72.20514005710167, 66.43549173312077, 47.774221646731704, 45.49631378659269, 50.67499962943508, 61.31878482730357, 75.09196499385423, 85.3886560651098, 93.64598609324202, 103.64310641651689, 116.78852637158046, 122.20738455222616, 122.73186173157495, 117.2854300153913, 116.09133217895311, 111.47802940120707, 113.00123273735112], [11.521078789485212, 9.606778942131697, 11.744024461898311, 20.404003872692087, 9.641006724846532, 0.0, 7.378084403977165, 50.33666136302145, 56.992761788557516, 65.62753265702707, 73.59903164184571, 80.4162371494564, 73.02625204893498, 64.82552921482358, 56.42704209375804, 28.362533288869827, 25.93000108922626, 26.089222592805996, 28.44741095584364, 30.66774206338557, 27.86936015414349, 22.177487389828585, 20.05912165269349, 19.453327739347653, 21.90188691223969, 59.72839154927591, 66.69860712243292, 72.24240075044919, 80.62207396854554, 86.88432759972383, 84.73867380209462, 78.95667445252909, 72.11915375886775, 64.86735241344672, 58.826357844826376, 29.931300163144087, 27.934835597553626, 36.106663769983, 34.10893848188628, 44.945908450739864, 52.549224595098494, 58.53708157606983, 60.954114758914535, 59.0302816384138, 48.23495447102434, 43.864392822888554, 43.83910125248643, 56.347629709185036, 55.32202029835016, 59.11218766386149, 63.22447911351223, 66.87741005159852, 71.27427711395904, 80.78678893538785, 79.53062000596643, 78.37279964207973, 74.33145138612164, 70.10614308731492, 64.45887786664595, 56.96650857884536, 60.97338177158037, 65.82465128923684, 70.57340814970821, 78.6763333192037, 71.27844579934602, 66.52889317381697, 61.82310573264894, 54.16114864618992, 53.25323552004231, 57.80055292755748, 66.6575341858882, 79.56763605154282, 87.84265299404954, 94.42180959006532, 100.39639568764184, 112.06119319604197, 116.85672621398066, 116.85305785934547, 111.00283713084843, 109.3064451029415, 104.45102696897112, 105.81038498685452], [8.706962602162537, 11.913619900017208, 17.307807761744208, 26.14959046375352, 16.44200662495145, 7.378084403977165, 0.0, 43.04312811547779, 49.67723495893601, 58.32993530016659, 66.27607919186174, 73.09367053275213, 65.74268787703687, 57.589391259732245, 49.153072445981465, 25.410727968933237, 25.397704434803472, 27.525517562783886, 31.53290514739386, 34.7991541869383, 32.49875629981083, 25.968078231672997, 22.194158188849112, 19.08844324586272, 18.27207846473463, 52.99428469332274, 59.829137128068155, 65.23478804669371, 73.43896718706435, 79.58750383376838, 77.41449066640152, 71.71192301264946, 64.96140544372255, 57.766881635021875, 51.792695447257245, 24.09557175010931, 22.50578238290315, 32.481581947580196, 32.39189591761941, 42.99304709610425, 50.05039855730712, 55.10322571550886, 56.57834027522406, 53.610198170068756, 42.65914650087131, 37.562799032530435, 37.167407700960766, 56.783085403235305, 54.88040109861747, 57.3689350851813, 60.884055571854425, 63.7205254927605, 67.55719258218384, 76.48153546449727, 76.1517651313602, 75.80160873000754, 72.44980214942517, 68.97020912750834, 63.9994357424522, 56.99823549838497, 59.75121036962769, 63.64458985350101, 67.55205417464482, 74.5581308831473, 68.30321556260122, 64.3887228169939, 60.635925131902454, 57.40433149027758, 56.93749775920136, 61.577782702373725, 69.57900747320099, 82.37808327194118, 89.71620131448049, 95.2918727079377, 99.2255590083672, 108.58201481353113, 112.35536019993653, 111.4546990962721, 104.95439600969371, 102.69007870428489, 97.39136768897825, 98.69160562517595], [44.25379419396093, 51.521197744724105, 59.20520871492671, 67.69342216431188, 59.34009403212334, 50.33666136302145, 43.04312811547779, 0.0, 7.556437155417162, 16.055932095941053, 23.47282313615124, 30.93905450750079, 22.96855871100013, 14.922315326842714, 6.604617453971199, 43.544570702198925, 52.25905867739865, 59.319710316260874, 66.90649291115881, 72.505319665122, 71.58327363308126, 63.73938130417719, 57.28782516437028, 49.99773802865155, 40.668416359920485, 22.537776565913465, 25.742506275116163, 28.718231911300197, 34.73415589854731, 39.707024749262764, 36.372483884664824, 31.11303968155066, 25.432752412986314, 19.590511169574825, 16.13346770079728, 28.55737868908351, 29.473249274017157, 37.050907831813184, 46.757288311408935, 50.23768986369725, 50.812925999899434, 48.073797374252486, 42.90810352127759, 32.679851427557686, 25.533435282335557, 18.316543887024565, 16.8170661190246, 71.90696514152542, 65.82887526486996, 60.256759564660676, 59.254891915311, 56.2221956784262, 55.5624930544147, 59.17513431914888, 65.05514251629845, 69.91427469037549, 71.43359362176642, 72.9101932926164, 72.85757577243902, 70.0874190313244, 65.25191027556853, 62.46113672940256, 60.248959795296095, 58.86122841674097, 61.16443560861226, 63.30930168212379, 66.13655912855965, 90.68316955225977, 91.51100349608612, 94.79431012389789, 97.93059938145898, 108.15754003894658, 109.54107150064942, 109.05980624189375, 99.3421122072408, 94.76534005616784, 91.99082802437937, 85.48214451835425, 75.11694278239692, 68.6906314689075, 60.93052775279096, 62.43998995478079], [50.11574027615918, 57.441631602400655, 65.34354273726711, 74.12006945923711, 65.95654231770851, 56.992761788557516, 49.67723495893601, 7.556437155417162, 0.0, 8.757357264000197, 16.64378433877062, 25.627633698325212, 17.845724449439675, 11.07862131520362, 6.450340014324051, 47.487522186028976, 56.54116415665718, 63.84787856731077, 71.70606632659252, 77.66450498579425, 77.04038549883693, 69.01135956097941, 62.39071030301952, 54.975043563350006, 45.530286859169834, 18.678778180541496, 19.953339869339114, 21.86740788154952, 27.275366096631334, 32.398880342399075, 28.985888236816983, 23.56208664526054, 18.122280945226073, 13.093978149402762, 11.541861978208459, 33.39470503678216, 35.819146456212685, 43.17379602475481, 54.01780055718666, 57.00130955031098, 56.835906961419454, 53.30471452279315, 47.71470720482335, 36.99839568575461, 30.18931731651571, 23.213572622891117, 19.692584963266302, 78.96930138297112, 72.6474584552024, 66.39822817313853, 64.9452861524501, 61.2969193804201, 60.08724777356651, 62.759415027540996, 69.47754882417676, 74.94739210695658, 77.04644488153332, 79.02093957718249, 79.44559474283756, 77.0412776532128, 71.63524876052304, 68.18733862125006, 65.30261246588053, 62.74801988240257, 66.22231744035895, 69.0398631142342, 72.51044689496734, 95.09015280991801, 97.110278488007, 101.35764694256446, 104.72707425791803, 115.11539996446922, 116.39974471593044, 115.56860701430959, 104.69343572912081, 98.01895010899521, 93.86371046857244, 85.90699425042772, 74.34689990827874, 66.3385536374317, 56.49234511388396, 56.17187029562511], [58.473548948560676, 65.80302297252535, 73.83626459998064, 82.76414731833813, 74.62093558773546, 65.62753265702707, 58.32993530016659, 16.055932095941053, 8.757357264000197, 0.0, 8.451815481352217, 19.61407890977262, 12.318461151982175, 9.523218580401744, 12.249030840332187, 54.51951270150375, 63.85869740270442, 71.37910775803898, 79.47278406148962, 85.68692442918899, 85.23426920751342, 77.0368970554039, 70.27013915119892, 62.75415444017725, 53.22706433893169, 19.31275226107066, 17.268170649472424, 16.756361554095477, 20.263373343880357, 25.05337608459227, 21.03039934482482, 15.50886068001702, 11.258533571504993, 9.736991704270162, 12.732368773404618, 40.9066569069085, 43.643677596882355, 49.9558486751341, 61.53702874656421, 63.59908288050345, 62.44402582722682, 57.8907812459089, 51.7477858172281, 40.75638283887393, 35.36523909277066, 29.588858359991402, 26.17650392604438, 85.83613517933922, 79.12995071949064, 71.94114571578562, 69.86679397164855, 65.43334518944224, 63.51947706578498, 65.04756618890029, 72.66406410890062, 78.85157790229763, 81.70641959597832, 84.36829543153183, 85.50880473108886, 83.71975029683723, 77.44020394208604, 73.09373103228936, 69.33571951960514, 65.38585752255938, 70.24841424296142, 73.93930551512115, 78.29231796451928, 102.61572813623933, 105.23606120928423, 109.68437731198509, 112.73969094485122, 122.8382882605143, 123.45983470851147, 121.8646215258941, 108.91177931589927, 99.8919128482206, 94.35171554177397, 85.09866606988226, 72.64441967676566, 63.23407570762673, 51.983606407617955, 50.42683107727816], [66.68961007441798, 74.02022709027756, 81.92173654270633, 90.4953944992202, 82.52689621718288, 73.59903164184571, 66.27607919186174, 23.47282313615124, 16.64378433877062, 8.451815481352217, 0.0, 12.577907484387456, 7.686672011199191, 11.788185704641661, 18.27258528054955, 62.929192392214475, 72.23564417609855, 79.69321296855513, 87.65338021772628, 93.70339725242685, 93.23996713808744, 85.29025608922474, 78.61671624582888, 71.14837730074478, 61.65528141407924, 26.103267804026586, 22.109949071209048, 19.09835103518406, 18.05278250395146, 19.99151274860392, 15.212038190500872, 12.182778157927483, 12.680362071872473, 15.707819916176561, 20.383774111952768, 49.31871165744177, 51.549145547611495, 56.9292621512553, 67.80305957782546, 69.0050525235845, 67.26384709921918, 61.86282624188277, 54.80096238461915, 43.72404827467426, 41.34781639069092, 36.88847953171486, 34.49256700660309, 90.72532190011167, 83.90632270741602, 76.18144304783958, 73.53770979604661, 68.36336071384221, 65.55443048200978, 65.37426625333809, 73.99958604680036, 80.90339784400254, 84.49471472689686, 87.86328026716653, 89.62139818725093, 88.44707776230052, 81.57285076663372, 76.51511115602933, 71.86261180479816, 66.1295177814026, 72.72117412223264, 77.30001582630405, 82.36329892308298, 109.95902449150971, 112.01558806898066, 115.85821528532566, 118.11100548708681, 127.70246617250598, 127.49425640013948, 125.04438887603779, 110.54343888652262, 98.6435632826013, 91.58805238265181, 81.04731282647268, 67.85871882841198, 57.432616788444335, 45.85674524416031, 45.20214341319913], [74.50043456268284, 81.75482864248166, 89.04315450363256, 96.3550917981782, 88.9862956613149, 80.4162371494564, 73.09367053275213, 30.93905450750079, 25.627633698325212, 19.61407890977262, 12.577907484387456, 0.0, 9.362016833980004, 17.619679191281264, 24.72779228903701, 72.95255588073869, 81.74759321535056, 88.69504499908064, 95.90060497070262, 101.09423211352878, 100.37584448625117, 93.42345180812275, 87.26431043350584, 80.11801269133942, 70.89876645461652, 38.34873894165754, 34.358800768957316, 30.612171063143595, 25.895613834371908, 22.370085985665657, 18.600026235054695, 21.186569802757333, 24.631695586513526, 28.08000205707943, 32.27694673258866, 58.928392287832445, 59.79814340015613, 64.43989223879608, 72.30823450897996, 72.73960867157086, 71.11417372449239, 65.17648108008018, 56.51747107928564, 45.63929822866571, 48.71164341978075, 45.62497312463873, 44.91983740844766, 92.34818571869401, 85.98279218714059, 78.5094672294771, 75.39553932150804, 69.55718254015528, 65.45791174395234, 62.306932198031625, 72.28043561696892, 79.93585431705493, 84.23902860982444, 88.35745443253019, 90.5334365713741, 89.97465529700366, 83.07752760533874, 77.67212865102793, 72.067540415492, 63.65559631570381, 72.77829703975667, 78.29082020126765, 83.72864812163982, 116.08780158341388, 115.71786143109031, 117.70489462263748, 118.33061598845474, 127.06118108278824, 125.8133598030257, 122.3853169452178, 107.61308815029204, 91.4078610417914, 82.26731970296164, 70.04129963799792, 55.95741846879178, 44.967870616349956, 35.31818672801514, 41.10221314219113], [67.15568914892228, 74.4309547825179, 81.97995326285798, 89.86526592474455, 81.89511046498019, 73.02625204893498, 65.74268787703687, 22.96855871100013, 17.845724449439675, 12.318461151982175, 7.686672011199191, 9.362016833980004, 0.0, 8.635508520262427, 16.628105112386827, 65.25769724748716, 74.3620869556394, 81.59757081863687, 89.20965657952274, 94.74280134599613, 93.94630441190021, 86.41313192851044, 79.968215151322, 72.61847297744487, 63.17646005163977, 31.43458325864006, 28.650273846468185, 26.463033955799567, 25.454295593710878, 25.701011556293537, 21.09058776227334, 19.699759642812953, 19.997391997245767, 21.446851060898055, 24.809963927031273, 50.63677118506915, 51.1114306374078, 55.4162450799521, 64.42633589841451, 64.94996189770289, 63.16324936276192, 57.441892312544375, 49.514106920581675, 38.439653259015024, 39.54448850049208, 36.4522203512821, 36.40742591575341, 85.75465916301142, 79.02595855152603, 71.29382025776471, 68.39866483042668, 62.91027226431205, 59.558251351557615, 58.40022834773747, 67.43895944875948, 74.60213247408606, 78.4638941025462, 82.16481556606162, 84.17707094386805, 83.38357638497268, 76.33261481550167, 71.05804005876898, 65.98904202572359, 59.31299977714553, 66.78935338764826, 71.77100687596341, 77.06085536192928, 111.21056136932104, 111.2758783908144, 113.26490672825952, 114.25912916833963, 123.00057031981092, 121.8570398663041, 118.76277104613645, 103.65859591810975, 90.97656167948674, 83.99207902175344, 73.93790103655583, 61.49236539437182, 52.361144574936716, 44.23113196964588, 48.28403900985213], [59.14020817442904, 66.38852050062306, 74.00422336495271, 82.13562018565494, 73.82958623926137, 64.82552921482358, 57.589391259732245, 14.922315326842714, 11.07862131520362, 9.523218580401744, 11.788185704641661, 17.619679191281264, 8.635508520262427, 0.0, 8.576381543966548, 57.608407377604856, 66.73153833453526, 74.01331402308814, 81.73129368946438, 87.33281840746159, 86.42254644769041, 78.65021795925186, 72.12574500465982, 64.73163151250225, 55.24139274449949, 26.92458848062137, 26.196279444022842, 26.10747195898573, 28.535337041856263, 31.210029710141722, 26.79507058608372, 23.06190571424393, 20.178446622358322, 18.404124138686115, 19.68665915819995, 42.48790937481984, 42.49497244290828, 47.00705695819841, 56.4339285440801, 57.47881148042766, 56.09314999526545, 51.0292029705892, 43.850187949312016, 32.68759863947104, 31.62272155781022, 28.021762670607643, 28.63324626260421, 78.93917197905324, 72.18233277914109, 64.76987417001392, 62.34107422848851, 57.49056020663118, 55.003908867503135, 55.73698292251738, 63.694461181973196, 70.16047798138995, 73.33776635772097, 76.4117548191251, 77.93688024540995, 76.6669713016392, 69.9779097823701, 65.26035227120241, 60.998715591752735, 56.18262808697988, 61.861157140952976, 66.03835553282471, 70.76820291533423, 104.7992959280735, 104.88439000431866, 106.83413169348391, 108.23094113153027, 117.15487032571632, 116.45765571243255, 113.98300776349348, 99.86923740000775, 90.44870382504129, 85.36998722335743, 77.11282518139916, 65.90729265725851, 58.310308301378406, 51.202129634503144, 54.70541013966376], [50.709165339267585, 57.95000610901495, 65.48936890424089, 73.60377906501039, 65.3701200542867, 56.42704209375804, 49.153072445981465, 6.604617453971199, 6.450340014324051, 12.249030840332187, 18.27258528054955, 24.72779228903701, 16.628105112386827, 8.576381543966548, 0.0, 50.050773392752326, 58.84001839147444, 65.89749490814502, 73.4022244380539, 78.85210902336866, 77.8899379534234, 70.2533324176507, 63.867615848037495, 56.59926276059329, 47.26513075591012, 24.60898034802066, 26.039119000161392, 27.645048132091652, 32.029476406280196, 35.87442682877831, 32.14444050373553, 27.643226392550837, 23.088039941192278, 18.7748852993825, 17.383922520409946, 34.96433048835098, 35.17602233404416, 41.251946945353474, 50.31983792661726, 52.681095446928914, 52.49639071960838, 48.704805331412715, 42.37148082837893, 31.503607562432293, 27.78321058143772, 22.406297835532712, 22.320761925350485, 74.07618711184583, 67.76591130751206, 61.47105049449055, 59.82834872118038, 55.9569671107218, 54.39749101633105, 56.580823085502495, 63.470469130665855, 69.07804655862378, 71.3338464970234, 73.54217827434852, 74.15790335504285, 72.05099773855606, 66.45387424177068, 62.841250593914985, 59.67825252504755, 56.614175394167944, 60.56126485875705, 63.64389700998078, 67.28646309096315, 96.53959264111955, 96.66211589179011, 99.10269268217846, 101.29389886615466, 110.90401509650755, 111.32888312016652, 109.94404277751765, 98.51818737004054, 91.62145181659895, 87.81228244987047, 80.54375030045703, 69.82224928027546, 63.04518259908389, 55.80236743280574, 58.657221663846414], [17.99404369403145, 21.681065877378767, 30.204824405464155, 43.07384879922314, 34.955898111107565, 28.362533288869827, 25.410727968933237, 43.544570702198925, 47.487522186028976, 54.51951270150375, 62.929192392214475, 72.95255588073869, 65.25769724748716, 57.608407377604856, 50.050773392752326, 0.0, 10.544079509553121, 19.38361924226057, 29.727548798108497, 38.5936562099467, 38.99048066548963, 27.4433519148485, 19.408037262826195, 12.012889659014192, 7.283917331003489, 41.32345459989601, 48.510894870472775, 54.7425253289999, 64.61861376049393, 72.91992536637352, 71.24702365338756, 64.25190300339746, 56.84225024260625, 49.774941560534785, 43.75600033483486, 16.87027245854583, 26.5336652887902, 38.48152960773158, 50.20556436615047, 58.923091797772884, 62.73255183698974, 65.8437276448645, 67.81219805386812, 62.79232220672665, 45.006929799529324, 37.025052629948846, 30.162752713247972, 77.99069055297738, 74.00929332603646, 72.96946692406753, 75.41235340411419, 76.98344447960892, 80.68448125691206, 90.25428072267312, 91.09638335921474, 91.92110610412408, 89.71336427173466, 87.18199536530108, 83.7095684752017, 77.6969673137928, 77.59205139859102, 79.2970106447695, 82.06680844679435, 88.54823201099195, 83.03620000171588, 80.29346031714562, 78.64481564886613, 61.114016060776905, 71.61644874630208, 83.22037180934092, 93.81471843308756, 107.45720332652438, 115.00593854252178, 120.01319137980599, 119.2969564918719, 126.78668567758109, 128.62589368360784, 125.20357100268245, 116.09273747623901, 110.32857111854797, 99.62252977949132, 93.95484705320098], [16.895682363232712, 17.016425453101185, 23.663852804774056, 36.250207396126285, 29.854321517530476, 25.93000108922626, 25.397704434803472, 52.25905867739865, 56.54116415665718, 63.85869740270442, 72.23564417609855, 81.74759321535056, 74.3620869556394, 66.73153833453526, 58.84001839147444, 10.544079509553121, 0.0, 8.907120142844377, 19.484837447658883, 28.780323290074307, 29.571924147572574, 17.83509777808871, 10.29992237791771, 6.530715836509348, 12.530728745320879, 51.201235812145285, 58.189527073982, 64.19704089175596, 73.6229364588635, 81.58012560246122, 80.23275734645961, 73.6015760620094, 66.4289256667828, 59.48858007023314, 53.53614260803871, 26.136577611906155, 33.879256057712865, 45.26535466012854, 53.8705304704161, 63.4835722450659, 68.43707260447177, 72.59956263152726, 74.98461977587516, 70.66561678782786, 53.90185807378151, 46.38765243101002, 40.13405547882519, 79.92732132284475, 77.11337586148662, 77.78891799945302, 80.90378762972692, 83.27022697203283, 87.34502082652726, 97.06253503587816, 97.28000917775692, 97.40958816256827, 94.47989536445634, 91.1873876803567, 86.80299260493017, 80.08455552814168, 81.62149310658204, 84.50099887660757, 88.07142050349238, 95.23113665160456, 88.97759033724238, 85.42921631688553, 82.62485617917432, 51.754325493946354, 63.856950460093934, 77.42122969866304, 89.76476969918262, 104.29616402861706, 113.65682253641423, 120.16274691547365, 123.04073289879784, 132.05690980582733, 134.50293403346637, 131.51608978659786, 122.65420284433127, 117.32189988778758, 106.68515459814661, 101.0794306941246], [19.59064144911516, 16.558709473122413, 19.8251691567456, 31.032919688800227, 27.016609135296367, 26.089222592805996, 27.525517562783886, 59.319710316260874, 63.84787856731077, 71.37910775803898, 79.69321296855513, 88.69504499908064, 81.59757081863687, 74.01331402308814, 65.89749490814502, 19.38361924226057, 8.907120142844377, 0.0, 10.714846367104753, 20.34480286881703, 21.59943054770764, 10.358627555680767, 6.289091779379754, 10.809343283036116, 19.944422595199168, 59.40081502878358, 66.2285163908782, 72.02735799732214, 81.02426310691095, 88.61012239921139, 87.50047851771767, 81.21388962130254, 74.25981950107733, 67.42119938810157, 61.52898051203318, 34.10299106636933, 40.65583685478618, 51.61909440919618, 57.58119020945619, 67.73951872131141, 73.5671940666404, 78.43237871860013, 80.95252012351801, 77.10381490669211, 61.37539443658989, 54.150198926422775, 48.302174127745, 81.80823318644794, 80.02090452679138, 82.08839602526619, 85.67205866874356, 88.58174871295073, 92.83748840032919, 102.4766024094543, 102.29114734353541, 101.92681041760675, 98.4764358653237, 94.64225376359272, 89.55345616526267, 82.32749290520005, 85.20189490701796, 88.97677905037874, 93.0848788795237, 100.57999871054595, 93.93025142218006, 89.83523995446673, 86.14980306181704, 43.63558689315689, 56.913515562884804, 72.1825611372039, 85.98680375912933, 101.25663065274223, 112.1692170257075, 119.92038568346841, 125.93947028876453, 135.91641421316908, 138.76537802041798, 136.09266010751523, 127.45268297457183, 122.523440671764, 112.080321710842, 106.77350156314944], [25.1744340899846, 20.12174673770272, 18.419995059372873, 25.62968107982339, 25.708530574801216, 28.44741095584364, 31.53290514739386, 66.90649291115881, 71.70606632659252, 79.47278406148962, 87.65338021772628, 95.90060497070262, 89.20965657952274, 81.73129368946438, 73.4022244380539, 29.727548798108497, 19.484837447658883, 10.714846367104753, 0.0, 9.961950785886463, 12.171082442322787, 6.8807294657701075, 12.404083725863266, 19.72243616693267, 29.130143900290587, 68.63707364889956, 75.25700266037016, 80.76255069126832, 89.15397769361721, 96.1707438885385, 95.31302926097372, 89.51248021066564, 82.86596954435771, 76.1617419339096, 70.3629917992773, 43.25822450799293, 48.66371366746568, 59.29493294543851, 62.132944636179694, 72.747371498669, 79.53992541307281, 85.03645203496234, 87.44377390455772, 84.01634376168941, 69.78798190982613, 62.822013903851534, 57.418043798527776, 83.87806538720633, 83.34346392574834, 86.9906717045003, 91.0131061928076, 94.41111142055989, 98.71045099932465, 107.98203848395987, 107.48343294380943, 106.65593061213352, 102.7018230359855, 98.35968556154172, 92.51575263978108, 84.79306418379812, 89.18570806915429, 93.90686144652511, 98.47989136565624, 106.06104653028531, 99.24310661077149, 94.66700106547545, 90.05179738934865, 33.6475971016758, 47.726102779698, 65.06754396093206, 80.54899678226093, 96.71007796835467, 109.48000919412942, 118.66220386179786, 128.56362180758882, 139.18909652979238, 142.35676766647683, 139.98001201721308, 131.62263168514528, 127.2410106060542, 117.22666497299122, 112.63402228746189], [30.359183041221293, 24.55223856877034, 19.196403948709268, 20.609784397863578, 25.055136628565585, 30.66774206338557, 34.7991541869383, 72.505319665122, 77.66450498579425, 85.68692442918899, 93.70339725242685, 101.09423211352878, 94.74280134599613, 87.33281840746159, 78.85210902336866, 38.5936562099467, 28.780323290074307, 20.34480286881703, 9.961950785886463, 0.0, 4.255904649553841, 12.523124966766758, 20.30755248255638, 27.73964829482756, 36.8386501226349, 76.33032060533104, 82.81201639541078, 88.0645656308817, 95.9060014162234, 102.31144575237448, 101.55234738244954, 96.20767533858718, 89.82683706097025, 83.19485082115052, 77.46058690177476, 50.54499986407003, 54.62281720869865, 64.78501220784938, 64.55924923754789, 75.40783919176235, 83.04765464435046, 89.0530074491415, 91.26599576235927, 88.31519752395384, 75.80758369993822, 69.25258230867001, 64.60664949979326, 83.63362193414356, 84.2800882834977, 89.36615282035778, 93.73657066217244, 97.53620305256345, 101.80652532596983, 110.62126540695688, 109.82083210846353, 108.57310045184339, 104.19498431372723, 99.45074072225013, 92.97024027303729, 84.88905309834162, 90.63900745679213, 96.18625655973047, 101.12386938519357, 108.68843403189841, 101.79818976997, 96.84016127532834, 91.41450431927505, 26.137066849494683, 38.3378714465836, 56.787914621789646, 73.4700546243211, 90.26084627799838, 104.52694453053569, 114.88644447837973, 128.30459328845086, 139.4479228926274, 143.00622119948747, 141.11094844341443, 133.2826999356871, 129.7024411222923, 120.65865282771597, 117.41914586983965], [28.97391261414835, 22.80633617836425, 16.277538434799624, 16.427006720726727, 21.466092902928676, 27.86936015414349, 32.49875629981083, 71.58327363308126, 77.04038549883693, 85.23426920751342, 93.23996713808744, 100.37584448625117, 93.94630441190021, 86.42254644769041, 77.8899379534234, 38.99048066548963, 29.571924147572574, 21.59943054770764, 12.171082442322787, 4.255904649553841, 0.0, 12.378662302339904, 20.286874471635347, 27.59535930312432, 36.50813395100228, 76.54876074293783, 83.1177827939389, 88.396361669534, 96.24279681225299, 102.52600581105177, 101.60064892582416, 96.2728747885965, 89.85514802579213, 83.12062158324488, 77.3236558078448, 49.89120487864844, 53.037344572074176, 62.73806059083798, 61.42446078463469, 72.28753656607226, 80.16105393683786, 86.37784442185986, 88.66949340161837, 86.07230707058781, 74.18307975330683, 68.02804421138372, 64.10561671109741, 79.76620021032977, 80.6548884936985, 86.11067624727602, 90.59855483420776, 94.57148163109183, 98.90868827544061, 107.75235806896825, 106.7047577680171, 105.25914855715635, 100.73189569596548, 95.85853903424685, 89.23731932446887, 81.09128937585844, 87.14374166785679, 92.92609458407068, 98.0262120436805, 105.77389064990257, 98.67445294869253, 93.55187971962174, 87.8969146268782, 28.132988582921115, 36.73980563465443, 53.494452546901876, 69.75281787614992, 86.30181429582491, 100.39462081704087, 110.76031970287237, 124.48116662952494, 136.1453553579763, 140.10828377018206, 138.71112448786658, 131.36625983048427, 128.31619297181422, 120.13419598476557, 117.87232123533815], [20.33263162793124, 14.279825507835344, 12.296954870834973, 21.54751008742917, 19.599319410069572, 22.177487389828585, 25.968078231672997, 63.73938130417719, 69.01135956097941, 77.0368970554039, 85.29025608922474, 93.42345180812275, 86.41313192851044, 78.65021795925186, 70.2533324176507, 27.4433519148485, 17.83509777808871, 10.358627555680767, 6.8807294657701075, 12.523124966766758, 12.378662302339904, 0.0, 8.189298100875124, 16.03859080863879, 25.63793394937263, 66.85915727034522, 73.73751619595208, 79.41853574519482, 88.06736574194579, 95.10800382014298, 93.88812483999114, 87.91859955226325, 81.07060755249431, 74.11120587529524, 68.13593807989191, 39.54661379756589, 43.573956847422345, 53.49388504987534, 55.650806756438186, 66.24902027858535, 73.14451156838436, 78.90816797863164, 81.65353648979172, 78.75487301958294, 64.85244330608306, 58.51753997198884, 54.290870189481346, 77.26896139034831, 76.66985033331977, 80.4181003862544, 84.55828796215428, 88.17510472089583, 92.67965094548067, 102.2988486282531, 101.39293819710937, 100.31789587858822, 96.21671911413091, 91.75275925041899, 85.89011982820763, 78.1785743115065, 82.5763952773102, 87.43155997138764, 92.22359368277762, 100.27595868791502, 92.97811776516396, 88.1887130353649, 83.44382351049403, 38.29145952507124, 48.42179868045769, 62.83339201575438, 77.10975395925226, 92.50599442635554, 104.376972010194, 113.12613285944518, 122.18132845222989, 133.74314051166243, 137.57207434648325, 135.97604822928392, 128.3301314068156, 124.63514615455146, 115.85030918734414, 112.5484869690781], [15.001255368159724, 10.736900195890803, 14.36852985003257, 26.58823279846261, 21.214699812258033, 20.05912165269349, 22.194158188849112, 57.28782516437028, 62.39071030301952, 70.27013915119892, 78.61671624582888, 87.26431043350584, 79.968215151322, 72.12574500465982, 63.867615848037495, 19.408037262826195, 10.29992237791771, 6.289091779379754, 12.404083725863266, 20.30755248255638, 20.286874471635347, 8.189298100875124, 0.0, 8.035065979200168, 17.87827022253666, 59.4132145250528, 66.43604160112898, 72.30774667134388, 81.35246375228034, 88.75978824701677, 87.35184916551147, 81.05767228073935, 74.0026768443933, 66.94315958929434, 60.897496292881485, 31.94242489800275, 36.79480320924715, 47.182112073734956, 51.84027213398835, 62.12425776327872, 68.28367355292231, 73.50848065145006, 76.24095187118913, 72.93297820723485, 57.915627321894576, 51.32701759003173, 46.80589997924955, 75.61503832384058, 73.98792771939706, 76.44050008758163, 80.20366913094232, 83.38241940123942, 87.79930116474337, 97.6243696930273, 97.04857329945656, 96.40089411726385, 92.74069319871317, 88.72946455765604, 83.48855053564817, 76.18539659458112, 79.33170116553032, 83.39768818514898, 87.76464824898194, 95.63848787339404, 88.5846054288542, 84.23184209779156, 80.26462393279053, 45.277432220884116, 55.275922256967554, 68.32162024751815, 81.25134476048694, 95.98693214998849, 106.38533182669126, 113.96346770166925, 119.96710746585458, 130.7647488866256, 134.2386658558143, 132.32458889491863, 124.40670833870375, 120.26850957809734, 111.15532508990485, 107.39385309139658], [10.83710772238594, 10.89486840221046, 18.548678649299656, 31.506810671468394, 24.05980033218682, 19.453327739347653, 19.08844324586272, 49.99773802865155, 54.975043563350006, 62.75415444017725, 71.14837730074478, 80.11801269133942, 72.61847297744487, 64.73163151250225, 56.59926276059329, 12.012889659014192, 6.530715836509348, 10.809343283036116, 19.72243616693267, 27.73964829482756, 27.59535930312432, 16.03859080863879, 8.035065979200168, 0.0, 9.901384501837965, 51.681323938334835, 58.81041603084347, 64.79673917580602, 74.08771039313312, 81.69644030963839, 80.09545409492958, 73.58998628674307, 66.3974762379285, 59.253083654224966, 53.155058563054055, 24.02251285213098, 29.848911982348238, 41.04632614225558, 47.97909103630198, 57.86620127003109, 63.32288577035378, 67.86095345684096, 70.27971086098506, 66.42006931169017, 50.65449030337608, 43.69758746903099, 38.878854864025335, 73.6239521608993, 71.0580927790541, 72.24124599701356, 75.54508011623773, 78.16025890465566, 82.32251466721439, 92.06694981874028, 91.98287720905859, 91.86830572998271, 88.73167026290963, 85.27571940269789, 80.68225356332006, 73.83990466666154, 75.75465271950911, 78.97911325856944, 82.77882951393441, 90.16769699696286, 83.6516785099548, 79.87119153138445, 76.73585190392299, 51.85298981914034, 60.93427780299391, 72.5566944144595, 84.10490617501888, 98.24292499217529, 107.24004926573619, 113.65255360186963, 116.91241399138696, 126.47667427428807, 129.4421867632339, 127.1272216854824, 118.93939424726274, 114.43226410938296, 105.16964897473714, 101.31527959183762], [11.47162093676626, 16.511122441530766, 25.52834959171701, 38.09530167591334, 29.346085122709372, 21.90188691223969, 18.27207846473463, 40.668416359920485, 45.530286859169834, 53.22706433893169, 61.65528141407924, 70.89876645461652, 63.17646005163977, 55.24139274449949, 47.26513075591012, 7.283917331003489, 12.530728745320879, 19.944422595199168, 29.130143900290587, 36.8386501226349, 36.50813395100228, 25.63793394937263, 17.87827022253666, 9.901384501837965, 0.0, 42.32314877015832, 49.56621444981179, 55.640422245032475, 65.13458508136857, 72.8677870595284, 70.99141284963873, 64.29291872283558, 56.96686360636971, 49.7070917690367, 43.54188160531413, 14.221666121718261, 21.830059465695488, 34.349456345322075, 43.98634357681682, 53.14770651892107, 57.66648217699797, 61.159908718545495, 62.91478077784411, 58.221474490412724, 41.79958385667549, 34.220101302949246, 28.98757582930468, 71.45820991937528, 67.80804715155149, 67.39864832130277, 70.03330902379335, 71.81645744896254, 75.5078466849972, 84.91161473219124, 85.57347369994174, 86.21345076949609, 83.8108171751165, 81.14294491644186, 77.40508812230577, 71.2230766922972, 71.59484851160212, 73.69424205398145, 76.64589407930056, 83.16383312250699, 77.57366459273479, 74.6412264760196, 72.6178855564447, 59.90686092394697, 67.52107791993994, 77.35485443556024, 87.17022589442729, 100.5388372387722, 107.84375673103138, 112.81531924508424, 112.87603010541314, 120.5766989993846, 122.80702870363949, 119.94963860371712, 111.44723287216847, 106.54542420405795, 97.27114057053139, 93.62369033077461], [50.55720730006896, 57.51721589991877, 66.3096291970099, 77.18725703266314, 68.67498517906375, 59.72839154927591, 52.99428469332274, 22.537776565913465, 18.678778180541496, 19.31275226107066, 26.103267804026586, 38.34873894165754, 31.43458325864006, 26.92458848062137, 24.60898034802066, 41.32345459989601, 51.201235812145285, 59.40081502878358, 68.63707364889956, 76.33032060533104, 76.54876074293783, 66.85915727034522, 59.4132145250528, 51.681323938334835, 42.32314877015832, 0.0, 7.572496057355264, 14.238318818771372, 25.29259068097555, 34.69950226744928, 32.22423878359534, 24.16751658416471, 16.458629387458878, 10.42805760081857, 7.364909646334772, 31.096250668035285, 38.219048622483804, 46.60533357189669, 62.47695499686051, 66.25634936901908, 65.50008428874858, 62.62364562539977, 59.62619782828089, 49.97602996918985, 35.92744204321641, 27.39348655480074, 17.60846616929876, 90.07414889339712, 83.30448530818094, 76.6434583455643, 75.63253892018584, 72.699843