{
	"dissimilarities": [[0.0, 7.392983490527415, 15.850691545208237, 26.0076356955806, 19.53589981187705, 12.282409048932625, 9.55186908410516, 43.48081939421703, 49.15137841799892, 57.49274781502407, 65.71143259549667, 73.46464495008125, 66.49957268850268, 58.40049337992031, 49.94515084042928, 22.159471455872794, 21.96053120726564, 22.510224140066754, 26.213512746924092, 30.855192015941203, 26.878795881723967, 20.761131854490227, 17.04796755659894, 14.486146131948587, 16.481078102499822, 52.701367488337645, 60.471544263294966, 66.00531837186094, 74.31474360493934, 80.9760161483308, 79.01124287470672, 73.26757500812572, 66.6659354719565, 59.53740025771931, 53.553051131777366, 18.70245490162706, 22.514584187866518, 34.88699096150514, 40.1878660469618, 50.13329692915709, 56.54763274632006, 61.002112520643664, 62.616554942743775, 58.93320823657553, 45.70187181785115, 38.39281166109992, 34.362343963137626, 66.59639189354743, 60.31563591249414, 62.31836611793064, 67.0180155345803, 68.40793455786984, 73.54244349373211, 85.58774712634514, 88.20473208472599, 87.32529968627198, 84.29620352471736, 81.92994887568318, 77.18302591494236, 67.75674913104922, 63.881748854919515, 69.15276339316084, 75.32805498903664, 85.14886817710769, 82.08157387409342, 75.99123259002755, 74.07380704538164, 53.04801351179117, 55.94598215922279, 66.03538968535675, 75.5226137327871, 89.28446398013425, 99.9863392319253, 103.1737972305462, 111.50592900792054, 115.79711561800207, 122.05474332668071, 118.15776844259742, 110.56771293786358, 107.43018643914245, 99.94590951416971, 96.02749083340503], [7.392983490527415, 0.0, 9.498497315745217, 20.997390635556823, 15.511909414399023, 11.625894617705127, 13.423553589425227, 50.86651610341713, 56.522684068364065, 64.80886475497611, 73.04782957855755, 80.84298511605667, 73.89053870317615, 65.78163412258606, 57.3294888404327, 25.09933287395651, 21.79871808729979, 19.712823703471276, 21.27906903090215, 24.91444113651472, 20.473293826672503, 15.121859440302375, 13.598862646454704, 14.680561099775643, 20.528799064541985, 59.2297756087069, 67.10228484694942, 72.72983186409857, 81.17669600351361, 87.95388459550472, 86.11394019020926, 80.29133855683479, 73.60904132015048, 66.46788327949714, 60.44217514938215, 25.294896210346796, 28.711968184708162, 39.588097978843614, 43.54770385067008, 53.76462542723766, 60.62692894209148, 65.83680405543066, 68.17156150733237, 65.21902152438905, 51.73227279381463, 44.98003901286206, 41.23531429262643, 68.00488078615405, 62.58337663151584, 65.82349399907902, 71.07160602379592, 73.07641811688767, 78.68561657018168, 91.10493187581726, 92.94860666097682, 91.49615055846328, 87.92395396344618, 84.94151085438386, 79.450258383554, 69.48635561378157, 66.88023016805853, 73.11993130710124, 80.21350679185801, 90.5361336245336, 86.82756003600132, 79.78047033534325, 76.97247886712034, 48.056061225516494, 51.93373148785307, 63.188136544042685, 73.78368396286685, 88.06079161294294, 99.96035902280057, 104.28796450409051, 114.69606664899622, 120.77965714680629, 127.61784825587422, 124.30090212565305, 117.02058125867333, 114.22379900126283, 106.81081854891636, 102.6501703260782], [15.850691545208237, 9.498497315745217, 0.0, 11.977028006864726, 9.500882746799375, 12.74000584662558, 18.013095484086122, 58.43589724893786, 64.33716246637464, 72.88692666322167, 80.98526258367808, 88.11487573779097, 81.33854488895958, 73.2733751823355, 64.73567762754209, 34.17612362953477, 29.342701166577424, 24.97123977264317, 22.410588506874515, 21.64239981110362, 16.825092358690846, 16.744674445062977, 19.323106078281157, 23.062844483655283, 29.96320733844765, 68.38310465596533, 76.11285481290243, 81.55552312609775, 89.57568352205065, 95.85263197992305, 94.10615241081358, 88.72076800233364, 82.31205891479239, 75.2749398678895, 69.33601469692493, 34.31443349679125, 35.9945862880231, 45.460926057495236, 45.89846995473884, 56.23425371390245, 64.10161594794394, 70.12913149282348, 72.70725484558277, 70.68030693850469, 58.9208184553055, 52.957875475060355, 50.11593940732542, 66.00768090871014, 62.487629308792506, 67.93252418544886, 73.8013427426086, 76.55587609455252, 82.38212372922162, 94.45548215024348, 95.34492407593156, 93.25843175293052, 89.0439366749492, 85.26503670615614, 78.67811343131547, 67.80509375482544, 67.78217451923884, 75.45981877460343, 83.29360413218807, 93.66574986688472, 89.14696642996132, 81.05901129087567, 76.98297312835872, 42.91704570267229, 44.13189540944878, 55.20032305616257, 66.62938067460878, 81.46372414820043, 94.84884088785988, 100.76126638986722, 114.53879079916915, 122.37868624573339, 129.70865598591536, 127.34523037486537, 120.7423780727662, 118.97158496938313, 112.61312571210523, 109.70366359222747], [26.0076356955806, 20.997390635556823, 11.977028006864726, 0.0, 10.588232852394496, 19.16809962697753, 25.03330916766815, 65.49068219627006, 71.63915510989011, 80.49766024123801, 88.27571178320709, 94.26351557165853, 87.8479530697856, 79.96779789659429, 71.42857126640985, 45.84914375022846, 40.93834986611925, 35.871980277944765, 30.935042381288408, 25.833905071734314, 22.017284328457286, 26.64797316958277, 30.739809217300103, 34.849097158783394, 41.408128412534964, 78.14835454509216, 85.54758941877022, 90.6093801407567, 97.81919541091156, 103.18277335680335, 101.50965190516793, 96.90757720570758, 91.0266304101801, 84.21185023506435, 78.48007950641397, 44.28879772844729, 44.05941980418754, 52.31952144789929, 48.41438928973842, 58.425614776285016, 67.40962039717009, 74.01091999761184, 76.30839555719402, 75.1809367168851, 66.4606473899978, 61.30371926413541, 59.50195901019533, 62.116410967469726, 61.350706918872085, 69.40432655469985, 75.73118667507529, 79.14686700260833, 84.82234411497409, 95.79934001553032, 95.76940378125873, 93.15094134527718, 88.37456054932376, 83.81940344133984, 76.05040675196176, 64.14558270330777, 67.62440176862783, 76.7761180615142, 84.90788619718546, 94.75796890099723, 89.49192790439363, 80.59446657210046, 75.16412873808149, 40.67482618171158, 34.63827956910115, 43.57728090680366, 55.55626056229955, 71.05966604366635, 86.13266867357169, 93.906779423477, 111.79830022250748, 120.90473107777599, 128.45219674584064, 127.19336185694304, 121.49693537510129, 121.1610108759106, 116.52025921377192, 115.85685107358405], [19.53589981187705, 15.511909414399023, 9.500882746799375, 10.588232852394496, 0.0, 9.637893739707337, 16.584352157265045, 58.359887511327514, 64.88437012778446, 73.77654428440368, 81.66529441151079, 87.94774611043749, 80.91683955881953, 72.80620543446429, 64.35819313331794, 40.182286490610274, 36.98548029046936, 33.64270034815954, 31.825721755924434, 30.35206272780112, 25.58893032903965, 25.89214935939898, 27.613132231475266, 30.00972283316957, 35.017486402630055, 71.42970350623845, 79.11347078232636, 84.48494042058047, 92.26264767314773, 98.07439281716745, 95.94845976007886, 90.88426356822006, 84.63387617751863, 77.55077238621071, 71.6619628294647, 36.43873331678366, 34.76535647191236, 42.02478535721458, 39.05287741817236, 49.24662986140544, 57.78386282858356, 64.41307651358613, 67.31335120030468, 66.44960833698809, 56.67101891318295, 52.14541699134481, 51.59341704360447, 56.7851281987079, 53.889679355601565, 60.532369348879804, 66.77183262364683, 70.08822625424463, 76.12926938733628, 88.20556247058592, 88.16830473947722, 85.57419322249233, 80.95785258280549, 76.76604028293139, 69.75512527247281, 58.691194602123005, 59.647994328501916, 68.14869083727733, 76.57847722138273, 87.24056611520108, 82.01195163587947, 73.15101288068573, 68.42623488790804, 49.44209399175066, 44.89179077780244, 51.1310897662062, 60.0951686135762, 73.71805548971287, 86.08521093402453, 91.64845088408468, 105.87721218658538, 115.33689788662083, 123.81898922676362, 122.83840716729138, 117.39075059066487, 117.16803119745822, 112.91701178520906, 112.30532159526437], [12.282409048932625, 11.625894617705127, 12.74000584662558, 19.16809962697753, 9.637893739707337, 0.0, 7.381377046878583, 49.29992478699547, 55.872119859627894, 64.69569771732252, 72.65833518382954, 79.28754827248827, 72.00170753110272, 63.79729795395274, 55.38993360048847, 33.30270578734474, 32.30322130535879, 31.13307469027719, 32.31057845335632, 33.85572556590208, 29.08995362338873, 25.94918904404534, 24.896643461446608, 24.762838291429215, 27.465750777523652, 62.31808213874649, 70.05753029666117, 75.52518003298503, 83.54293082281433, 89.6181585613211, 87.28621224808741, 81.96101706890909, 75.55049156080662, 68.37708748554769, 62.44853203295249, 27.176865038891776, 25.20962415686305, 33.5943301328841, 33.4326463436435, 43.769157381436045, 51.53989025063128, 57.43569646119267, 60.03170331753513, 58.3866317289628, 47.51241147012702, 42.57893368720821, 42.092418899369434, 56.3820242928187, 51.28829041105334, 55.633844782142766, 61.278966446463066, 63.86103816036271, 69.691488259293, 82.1249553908216, 83.02166146535457, 81.08014188403273, 77.13052248573086, 73.79440903697089, 67.97420491507934, 57.887698431413426, 55.9637147025178, 63.026450915197515, 70.70944692441206, 81.35945266062514, 76.88948021694863, 69.07508528700332, 65.71262830185232, 54.89080835495981, 52.27369261457015, 58.41727455101721, 66.13834848392023, 78.93474436355733, 89.37018706963735, 93.00343612260485, 103.466903892032, 111.07369441721757, 119.18396871076264, 117.42969045238324, 111.49362754714869, 110.5830474843418, 105.8342929026766, 104.73378022892885], [9.55186908410516, 13.423553589425227, 18.013095484086122, 25.03330916766815, 16.584352157265045, 7.381377046878583, 0.0, 41.97382749034398, 48.509305047703975, 57.35205553348587, 65.29778759541507, 71.96199368830447, 64.71832990105975, 56.531043647236025, 48.09078468107795, 30.026280237065812, 31.09569834737178, 31.643171008283222, 34.46554609470153, 37.35688665552446, 32.96759944816457, 28.51827784440149, 25.79740725755776, 23.52322595414891, 23.686539224044086, 55.596330829774445, 63.17260517079971, 68.51067875580054, 76.36052581157327, 82.34068498816156, 79.95608295365494, 74.70597999010752, 68.39783340198147, 61.28565505678956, 55.43374137087881, 21.080003973756885, 19.159201163017237, 29.662111475101515, 31.539286382632323, 41.6301615488496, 48.830708098020295, 53.77892044622318, 55.47141315352294, 52.801264982615685, 42.003663828409266, 36.28463512926878, 35.359474606141944, 57.11291996117826, 51.00071246671666, 53.75606031987666, 58.72299801874365, 60.51646550443499, 65.77417531202485, 77.77901756422791, 79.7080655181753, 78.49722580055628, 75.21884999032353, 72.637077555684, 67.70482725117391, 58.22816461082965, 54.763215572030816, 60.60720713345324, 67.14677838521372, 77.18162999211528, 73.53757106492661, 66.92378421784777, 64.66329679197302, 58.23266036801271, 56.1308113166989, 62.24472473899533, 69.39572101878898, 81.93228092837566, 91.36058948870074, 93.89446945401578, 102.12930456783329, 107.44794960826539, 114.69169019050163, 112.05157115262493, 105.56602964150065, 104.03528111808825, 98.86596163458042, 97.66969302724007], [43.48081939421703, 50.86651610341713, 58.43589724893786, 65.49068219627006, 58.359887511327514, 49.29992478699547, 41.97382749034398, 0.0, 7.517466469408294, 16.386656409039336, 23.69994797241819, 30.664362892158806, 23.053566472168487, 14.93364832345385, 6.589848878317697, 43.42031712442843, 52.422711570155315, 58.614216989844536, 65.73442241814028, 71.9325573822655, 69.00696642818163, 62.080921860586926, 55.98657803108161, 48.90749209493827, 39.941582293148315, 26.463322068931333, 30.284080046228215, 33.492886797456485, 39.11952330165905, 43.95263082521343, 40.37784873800703, 35.870920526534256, 30.9601920185896, 25.24167071471956, 21.672103046431303, 28.866758527209562, 28.21841958418694, 35.421222874716925, 45.331243966396656, 48.58998692643355, 49.244330557264085, 46.41815589534881, 41.47058805995442, 31.478414077938695, 27.042448970700143, 19.5633394077249, 17.580084673070292, 73.44916555788187, 63.66565188437451, 57.206065560734224, 56.77418039472393, 53.164224295178485, 53.358133872151214, 60.528578719247214, 69.000420157061, 72.50097578146776, 73.78842119908535, 75.96946341660265, 76.82822142680816, 72.59593597334785, 61.78028128936347, 59.06458807952797, 57.001824277458844, 61.27479213885471, 63.85665707263388, 65.91373961866746, 70.41346121060248, 90.2544881206012, 89.55379868067813, 93.93663856531987, 97.37911103830417, 107.01177803920878, 110.28471840773202, 106.62434567455648, 100.87819928234258, 92.56448403300875, 94.38051961266675, 86.28366166250278, 76.6446645479009, 70.79967439836729, 63.358400433522, 62.251988959105255], [49.15137841799892, 56.522684068364065, 64.33716246637464, 71.63915510989011, 64.88437012778446, 55.872119859627894, 48.509305047703975, 7.517466469408294, 0.0, 9.17308334376964, 16.78947771601663, 25.008463422285462, 18.162939816024085, 11.217872511374962, 6.286187901484094, 46.73680637998153, 55.99614416828478, 62.547127487459356, 69.90421065705998, 76.44288782825315, 73.85018489226047, 66.7829071181773, 60.52627514367978, 53.289564475193046, 44.11010152027053, 22.577521407972093, 24.60114917397897, 26.85188565353236, 31.708375278391053, 36.51211138653058, 32.923543230870486, 28.434421786829443, 23.985984846713986, 19.04589508060141, 16.78063440390598, 34.04386008669232, 35.02998666129762, 42.23507246826328, 52.73442502832263, 55.611418096139914, 55.65945523880933, 52.08805356970761, 46.535151063123436, 35.95762118733233, 32.259054947009425, 24.988040754592866, 21.070376976691687, 80.47320897217412, 70.72238593112928, 63.72926062749533, 62.7701715068542, 58.62200968756172, 58.06436107805776, 63.96405247545992, 73.37973970873526, 77.5211396716131, 79.37881191928264, 82.04282343658058, 83.38675490494579, 79.5052241218247, 68.49816126957816, 65.04795498007732, 61.913348198328364, 64.93618515461996, 68.52509124240298, 71.7203544764214, 76.78357603556849, 94.1068078489598, 94.55108205456263, 99.75690821910264, 103.5864826487932, 113.41979652440729, 116.66175904266079, 112.77386583936035, 105.94230311739842, 95.28979825457837, 95.52124575709486, 85.87781653105786, 75.13380717121227, 67.48761061142405, 58.04988973062904, 55.31935044256736], [57.49274781502407, 64.80886475497611, 72.88692666322167, 80.49766024123801, 73.77654428440368, 64.69569771732252, 57.35205553348587, 16.386656409039336, 9.17308334376964, 0.0, 8.419222884102961, 19.16284056289688, 13.468779325256797, 10.468054036408008, 12.787135492755091, 52.750475775409896, 62.32722568788127, 69.30507036841422, 77.06212789313564, 84.0609596064376, 81.67693949566359, 74.29785494781895, 67.8052848497078, 60.39045096882981, 50.93855985838796, 20.83738376315103, 19.686727483876393, 20.20087848081605, 23.87702175968923, 28.81494167859251, 24.71198561943977, 19.877503787962738, 16.195784935423443, 13.264953124843716, 14.175724850661043, 41.619764957170176, 43.270794182400685, 49.482712864494516, 60.77791940737496, 62.876304302111, 61.86043620164031, 57.303009339351746, 51.3052722722375, 40.40698749483028, 37.45684768715399, 31.21678041789361, 27.212016528014885, 88.3553985712283, 78.25319603250134, 70.1699445100629, 68.46207723746058, 63.63723034881191, 62.29184862168889, 67.07535092635719, 77.40010068865136, 82.23501574295204, 84.80808964761415, 88.14326675241793, 90.3140671806592, 87.2269534553615, 75.41276887935211, 70.7990081529989, 66.48280650551949, 68.33057247688791, 73.04474149509501, 77.55966769785762, 83.47201032369234, 101.4861238819693, 102.95280216203165, 108.55229892432976, 112.32674575464684, 121.93965195093618, 124.56306631464955, 119.93980439583824, 110.8729219179903, 97.94586059618916, 96.87458889183752, 85.86337503233639, 74.2904869682681, 64.87371644130596, 53.67067940142303, 49.077763807762004], [65.71143259549667, 73.04782957855755, 80.98526258367808, 88.27571178320709, 81.66529441151079, 72.65833518382954, 65.29778759541507, 23.69994797241819, 16.78947771601663, 8.419222884102961, 0.0, 12.123227882479524, 9.450236330791414, 12.5575803178092, 18.654301193983493, 61.025365465896094, 70.59479297746842, 77.5796045656155, 85.25558812153767, 92.12691415449072, 89.82160690756693, 82.59391470370747, 76.15221670203817, 68.76189531923642, 59.333635396260405, 26.667354405523565, 23.006199689260132, 21.055059100566353, 20.86848906943179, 23.467790296105235, 18.633301549306633, 15.969455785083786, 15.866870864766689, 16.847286744191248, 20.261008011316466, 50.004368678782875, 51.14859483654125, 56.41161088709554, 66.97744686745855, 68.17089388442156, 66.52590716805831, 61.087112432276555, 54.162072926476924, 43.150973591517904, 43.30045385877449, 38.38538010365823, 35.462534490243705, 93.14372955793802, 83.1671606570863, 74.48306744332291, 72.04227996737436, 66.62229767203569, 64.20422588337479, 67.06692338279348, 78.29887857396828, 83.88630718166056, 87.19913492079723, 91.18797065145986, 94.1092882674111, 91.77560598999928, 79.75318940395414, 74.19340565035631, 68.41922222792326, 68.547501496985, 74.38175009005113, 80.35320357473012, 87.0225158591316, 108.91229710911011, 109.8083980060254, 114.74333169816019, 117.83270816607092, 126.87193665167166, 128.5628168148436, 123.12328541067555, 112.14964736056112, 96.51514501230469, 93.94595333050458, 81.75235082711949, 69.61803114904312, 59.09791851728086, 47.5802427821078, 43.91882471500239], [73.46464495008125, 80.84298511605667, 88.11487573779097, 94.26351557165853, 87.94774611043749, 79.28754827248827, 71.96199368830447, 30.664362892158806, 25.008463422285462, 19.16284056289688, 12.123227882479524, 0.0, 9.392292719053266, 17.150471941443765, 24.455001109099157, 71.32575109049066, 80.58901762798658, 87.12561730953398, 94.15907536859542, 100.18703148912566, 97.8225909195673, 91.3211895457222, 85.27189262652864, 78.13559841570617, 69.03625990899826, 38.74504498825973, 34.76682678907076, 31.76319813281706, 27.78634719618012, 25.180330303927747, 20.651449250787365, 23.377184430876635, 26.57488053498621, 28.85130528866604, 32.29386346275783, 58.994065310724245, 58.540628304584345, 62.81535179833112, 70.72406976778903, 70.76672818156788, 69.02927995641251, 62.840946838498795, 54.30807115086598, 43.54235907971883, 49.7088140376209, 46.3657421173904, 45.351189148598706, 93.41156156658319, 84.3327250579236, 75.75521263821042, 72.57304445267974, 66.66585457754692, 62.686580448876015, 62.1558034606311, 74.39860729379372, 80.88713965794021, 85.02210149323261, 89.66663437926849, 93.25807695868563, 91.68412809795262, 80.39272784332177, 74.16450633160623, 66.43251172194718, 63.794208089820636, 70.86539778064768, 78.62793799270455, 85.94357146306142, 115.75663934584874, 114.02885083929897, 116.86468278068472, 118.37473623670019, 126.28010184624848, 126.5555497965965, 120.17969763911914, 107.77445836581605, 88.48952872828521, 83.89099623825562, 70.57279195966048, 58.081708128680184, 47.466464390728504, 38.57735802609166, 41.747120169025074], [66.49957268850268, 73.89053870317615, 81.33854488895958, 87.8479530697856, 80.91683955881953, 72.00170753110272, 64.71832990105975, 23.053566472168487, 18.162939816024085, 13.468779325256797, 9.450236330791414, 9.392292719053266, 0.0, 8.395071241203079, 16.65661861654069, 64.49713265722076, 73.99252370074173, 80.6563874753984, 88.01813761014886, 94.32228198396045, 91.65456868209526, 84.76157607336314, 78.5294501026918, 71.26731348293728, 61.93418355410633, 33.614488741595984, 31.38508266520254, 30.246507997829898, 29.969274550590345, 30.73026944870977, 25.802232950268838, 24.94519681198948, 24.996343755832047, 24.89410670539684, 26.977260973666063, 51.364534717883906, 50.205513652591165, 53.75275031491637, 62.44778881394865, 62.5443782294374, 60.572639486740464, 54.56515983440848, 46.70952611618163, 35.760358465260694, 40.33685192773742, 37.28703554104591, 37.42906948868237, 86.72589725620239, 76.8756597699629, 67.86367603116317, 64.90787563741144, 59.17104143576178, 56.009342634477896, 57.84838289750857, 69.3533173521531, 75.24866348339572, 78.92119049202282, 83.27872771672209, 86.7253403070354, 85.13235330666735, 72.95932483415454, 66.80052932598119, 60.07799283205001, 59.37707443701175, 65.59451069781822, 72.32667487701696, 79.48232116181549, 111.2980484792743, 109.69879712179026, 112.42523581928167, 113.87167693599723, 121.69387497139356, 121.9538077213484, 115.55799237013899, 103.23243107534226, 87.19141007384862, 85.25160402235095, 74.03687535713999, 63.00935604637814, 54.66134374420777, 47.48733734395867, 49.41358779952192], [58.40049337992031, 65.78163412258606, 73.2733751823355, 79.96779789659429, 72.80620543446429, 63.79729795395274, 56.531043647236025, 14.93364832345385, 11.217872511374962, 10.468054036408008, 12.5575803178092, 17.150471941443765, 8.395071241203079, 0.0, 8.583205075386525, 56.98476782497569, 66.42997232909401, 73.00178890120635, 80.37765440086653, 86.70063587330996, 83.874615341626, 76.88784167369583, 70.65299142979713, 63.41127094690808, 54.1042724843668, 29.6405391332286, 29.56717384062823, 30.24129103235474, 32.74271714853997, 35.515344647151686, 30.91937151249624, 28.09564360834023, 25.684988534470385, 23.042553680280907, 23.124274709177563, 43.22259927546841, 41.813028119629664, 45.80949498108816, 55.003337554032385, 55.82870494176131, 54.416236556965025, 49.19424232311702, 42.153039014451736, 31.09554339911951, 33.177867464878766, 29.311538844042325, 29.664972402970292, 80.73343306551538, 70.64331430412916, 62.091218079102475, 59.823249908909816, 54.63925355004124, 52.589210771797234, 56.6399230643495, 67.15325529398635, 72.2514130647236, 75.16278165703203, 78.87994238890914, 81.62442505330033, 79.35305893893448, 67.2135924679913, 61.91707846697495, 56.669756400109044, 57.91857681427214, 62.90555932101628, 68.12233897533139, 74.57877911484736, 104.37686299631672, 102.9252273091089, 105.93953143989881, 107.80668066646612, 116.03282818586894, 117.0280167622954, 111.31434874964077, 100.7561402821789, 87.72371776312478, 87.58092906923859, 77.82447422830249, 67.56522972383894, 60.54767122116031, 53.71850827834478, 54.63230627179795], [49.94515084042928, 57.3294888404327, 64.73567762754209, 71.42857126640985, 64.35819313331794, 55.38993360048847, 48.09078468107795, 6.589848878317697, 6.286187901484094, 12.787135492755091, 18.654301193983493, 24.455001109099157, 16.65661861654069, 8.583205075386525, 0.0, 49.73774328062798, 58.86070116397793, 65.12685474879518, 72.22576618944228, 78.32073114613658, 75.43959531691823, 68.63275211793339, 62.5608901170627, 55.47093451960971, 46.440646961571865, 28.035228040642885, 30.125964850193014, 32.19648352371833, 36.35201997955033, 40.12384304612634, 36.163463240123576, 32.53820164127021, 28.731825129318707, 24.223854789652574, 22.194412466383422, 35.38505895805736, 34.10864193409084, 39.7502719503504, 48.88746631497225, 50.98300765361053, 50.831599885286145, 46.90244354510133, 40.74698515102519, 30.052276321643358, 29.39772661721685, 23.72276707870351, 23.18588994686678, 75.62082934138279, 65.8255103766634, 58.54230991413075, 57.28259347568079, 52.95339529955262, 52.060085432197724, 57.6982327736788, 67.13152871836634, 71.37231073677226, 73.38357130571642, 76.24519150177466, 77.90874947101881, 74.49896989152569, 63.245842215421526, 59.42387431226405, 55.83068344927439, 58.65642952541777, 62.295512480303344, 65.80446782033908, 71.17061868489176, 96.13969257156364, 94.71525981398996, 98.23904698308365, 100.83722136318057, 109.79423377002614, 112.01769261765524, 107.45448025835292, 99.76419779887092, 89.23349447112162, 90.13415139465401, 81.33998443830014, 71.443062626302, 65.26964840528434, 58.33486536366098, 58.58089144573408], [22.159471455872794, 25.09933287395651, 34.17612362953477, 45.84914375022846, 40.182286490610274, 33.30270578734474, 30.026280237065812, 43.42031712442843, 46.73680637998153, 52.750475775409896, 61.025365465896094, 71.32575109049066, 64.49713265722076, 56.98476782497569, 49.73774328062798, 0.0, 10.415175774177458, 18.598742425685696, 28.682607256541534, 38.739311578911426, 36.467381393458325, 26.38221881115108, 18.85448383109336, 11.682594220081176, 6.599239777540592, 40.32721894287887, 48.46167267306868, 54.707630647827784, 64.7534783997769, 73.55473230385691, 71.90667482334571, 64.42543257520862, 56.82912397711084, 49.750669228615905, 43.73864876610678, 17.80638604122827, 29.290630865365223, 41.12605674659106, 54.170124288469914, 62.74322950101804, 66.1987914412072, 68.80781891795571, 70.50316157361226, 64.9739030100342, 46.365113367532466, 37.285559714451935, 28.431212198205337, 85.1261236924538, 76.34625659252404, 74.46532493510335, 77.87046094864552, 77.86364717208201, 82.6420384997596, 95.42294497892983, 99.68300884339553, 99.81293367581573, 97.86168188575814, 96.74326755174859, 93.75923840071285, 86.01889049244572, 78.31022593703905, 80.82036425425505, 85.77349684562924, 95.48340425561044, 94.05498609012481, 89.79313982768089, 89.87253732072512, 61.72450643687938, 73.22953814238791, 86.97720745847138, 97.55013302084447, 111.41060148207438, 121.36374052780954, 123.1403319766636, 126.71235641490178, 128.52669409775393, 133.59285860024647, 127.38673409248428, 117.9694578934356, 111.58844664336641, 99.8800809886557, 89.93264261711778], [21.96053120726564, 21.79871808729979, 29.342701166577424, 40.93834986611925, 36.98548029046936, 32.30322130535879, 31.09569834737178, 52.422711570155315, 55.99614416828478, 62.32722568788127, 70.59479297746842, 80.58901762798658, 73.99252370074173, 66.42997232909401, 58.86070116397793, 10.415175774177458, 0.0, 8.466424832443268, 18.908092268989382, 29.585147901713082, 27.758480673177083, 17.589598222291634, 10.787635051531824, 7.626513228837476, 13.280286264401195, 50.17674509397296, 58.06657718015593, 64.08625748593914, 73.74369105779323, 82.25686462292681, 80.95174851866906, 73.78451023602638, 66.43525818744511, 59.542808842423575, 53.64073406309008, 25.732513175616756, 35.92795836859168, 47.566128040287246, 58.43014431183093, 67.74417688694093, 72.21707203158387, 75.81310861726784, 78.00862313400606, 73.1651351704789, 55.12513991493254, 46.519765932168774, 38.357960769354264, 87.34791450108861, 79.78514248425029, 79.69066026965933, 83.83706276931542, 84.56787278050537, 89.80216046426902, 102.72242853065048, 106.2297045352463, 105.7642338322144, 103.16635958252071, 101.28715082927349, 97.26776756101484, 88.57646005918653, 82.71725682896115, 86.59833003402116, 92.51401544400862, 102.60015249926633, 100.42699662667202, 95.07293968823457, 94.02047600912957, 52.98877363193572, 66.96056202952894, 82.71296261995178, 94.928180306059, 109.72689635415041, 121.44690030503229, 124.83475298189545, 131.49544429026372, 134.92148836934658, 140.27222793772256, 134.5056226257393, 125.24732614554843, 119.20266579179477, 107.46268236210749, 97.43211350780797], [22.510224140066754, 19.712823703471276, 24.97123977264317, 35.871980277944765, 33.64270034815954, 31.13307469027719, 31.643171008283222, 58.614216989844536, 62.547127487459356, 69.30507036841422, 77.5796045656155, 87.12561730953398, 80.6563874753984, 73.00178890120635, 65.12685474879518, 18.598742425685696, 8.466424832443268, 0.0, 10.606061257096906, 21.50549341393696, 19.93420024117861, 10.175306055766232, 6.306260007685537, 10.534945718244634, 19.893485533555427, 58.120397411231245, 65.88837608046852, 71.72174140054607, 80.96802725721896, 89.05917387233846, 87.91833494270156, 81.13275920613104, 74.0238834756666, 67.198631950297, 61.32545983041113, 31.657114164280323, 40.53732697218484, 51.969043357244786, 60.62861153413969, 70.4184690545218, 75.7897116079278, 80.13988627132255, 82.58485951344373, 78.32998485313554, 61.235717523547585, 53.015513526321314, 45.553644001303745, 87.32903926354588, 80.95676258701003, 82.44491429832499, 87.16059746818294, 88.48406914840957, 93.99443953720098, 106.83919081188189, 109.70097570178795, 108.75911103964873, 105.64496082328522, 103.14539111689092, 98.26599757730095, 88.8037072785923, 84.66968403518123, 89.69405308369821, 96.2879714232705, 106.55012038275949, 103.75270069759023, 97.5485224177512, 95.54866570501551, 45.44555779208786, 60.503626500776875, 77.45320906093805, 90.78859787846879, 106.22198337402192, 119.29097154465114, 123.99037858200056, 133.31023170701636, 138.01012452640933, 143.62470720450995, 138.38850213590234, 129.43757906355967, 123.96706558625428, 112.69104091973774, 103.3384009613696], [26.213512746924092, 21.27906903090215, 22.410588506874515, 30.935042381288408, 31.825721755924434, 32.31057845335632, 34.46554609470153, 65.73442241814028, 69.90421065705998, 77.06212789313564, 85.25558812153767, 94.15907536859542, 88.01813761014886, 80.37765440086653, 72.22576618944228, 28.682607256541534, 18.908092268989382, 10.606061257096906, 0.0, 11.166344084717522, 10.831710585626865, 6.944680975410244, 11.985714383219799, 19.071232183599907, 28.99393854737302, 67.20404611942763, 74.71328489199657, 80.21708307803252, 88.78748669664235, 96.2202197167052, 95.3400120323173, 89.15159443082032, 82.45415682826473, 75.80004429972037, 70.03797624504405, 39.61947750594157, 47.25352200115645, 58.67445213189023, 64.59904578162939, 74.7666510703735, 81.17979627318951, 86.17416104931416, 88.53575992569249, 84.73798913491312, 69.24828173516856, 61.25462356451825, 54.22170030916696, 88.08157778397826, 83.40007393949062, 86.7824249617619, 92.02047687059066, 93.88867105372448, 99.46785923114345, 111.78839562330168, 114.10346966834301, 112.76419606016202, 109.16884648878575, 106.03333611249658, 100.17949655302043, 89.78193141764203, 87.95458670012466, 94.21003597889255, 101.23892423438676, 111.32270554297814, 107.9741887831629, 101.0522513385424, 98.01992548999672, 35.29211534672823, 51.76506410553738, 70.52177631867661, 85.43570714609078, 101.78771107403813, 116.65234144036734, 123.05460042103566, 135.7470051183974, 141.3103011834849, 146.82471114025685, 141.99509987093788, 133.2907417177108, 128.39112884013852, 117.59656555388884, 109.15034128699405], [30.855192015941203, 24.91444113651472, 21.64239981110362, 25.833905071734314, 30.35206272780112, 33.85572556590208, 37.35688665552446, 71.9325573822655, 76.44288782825315, 84.0609596064376, 92.12691415449072, 100.18703148912566, 94.32228198396045, 86.70063587330996, 78.32073114613658, 38.739311578911426, 29.585147901713082, 21.50549341393696, 11.166344084717522, 0.0, 5.1458938632656395, 13.891420952892725, 21.072508194537544, 28.245674290158355, 37.98779666224869, 76.04725209274675, 83.3457125354149, 88.53609608902995, 96.39733496281575, 103.04431861167119, 102.29784553916349, 96.78489907186403, 90.51879182968662, 83.98889956831796, 78.3204033265985, 47.113599936622784, 53.18273864345029, 64.33523706921547, 67.24546496574574, 77.58166809593746, 85.0155468565726, 90.59250129305305, 92.78543429140987, 89.55407001916495, 76.0694170072069, 68.46689060248002, 62.18949127649475, 86.86586707391332, 84.07040830391425, 89.40372720861168, 95.10243494259669, 97.50754212475287, 103.07042026839656, 114.68907051162974, 116.37969913319938, 114.63846540745152, 110.58052329259753, 106.82224214721126, 100.0161434246553, 88.75594493023395, 89.41932463555676, 96.8806090025561, 104.24646908873312, 114.02977226499777, 110.10539603615678, 102.51041335497631, 98.43712199049861, 25.712350178829826, 41.5580637431742, 61.637358496962435, 77.90515239391524, 95.02136561871484, 111.55571151601409, 119.63277034837907, 135.76222724016995, 142.20631996700715, 147.70480067699606, 143.5236568907268, 135.31512291948874, 131.34132848477836, 121.59353598968015, 114.78057325701869], [26.878795881723967, 20.473293826672503, 16.825092358690846, 22.017284328457286, 25.58893032903965, 29.08995362338873, 32.96759944816457, 69.00696642818163, 73.85018489226047, 81.67693949566359, 89.82160690756693, 97.8225909195673, 91.65456868209526, 83.874615341626, 75.43959531691823, 36.467381393458325, 27.758480673177083, 19.93420024117861, 10.831710585626865, 5.1458938632656395, 0.0, 10.734101685955103, 18.13557199531714, 25.358823316842646, 35.08216606401513, 74.09466437436535, 81.60676510605911, 86.96026910538883, 95.03971550791171, 101.76210563911886, 100.75239107842661, 95.12736429562831, 88.70937486653779, 81.98685505042991, 76.18769091249735, 43.69927169165533, 49.04124427135868, 59.7267075229388, 62.39083141449234, 72.7234753077246, 80.16037507369664, 85.8922545050146, 88.3469176214744, 85.43992544934025, 71.93591727747659, 64.7092792721327, 59.15220792392885, 82.28637858056108, 79.2230886422294, 84.50393106558194, 90.27167192692637, 92.79470639075292, 98.5213100852827, 110.44920563831218, 111.8825758252651, 109.99900921133366, 105.86229604012973, 102.06749277560606, 95.31193131292702, 84.19161450557833, 84.56831325332594, 92.07087833819615, 99.67988552663422, 109.76212628807002, 105.65195690856476, 97.85000229072163, 93.7583202495656, 29.924189722661513, 42.24705196226782, 60.4372820139162, 75.70272928448804, 92.2882239105797, 108.11920490932555, 115.70352887904478, 131.21512524687648, 138.27815989829165, 144.36832009505838, 140.66935722534265, 132.8475151216009, 129.35791464120015, 120.31679070875695, 114.20883302967489], [20.761131854490227, 15.121859440302375, 16.744674445062977, 26.64797316958277, 25.89214935939898, 25.94918904404534, 28.51827784440149, 62.080921860586926, 66.7829071181773, 74.29785494781895, 82.59391470370747, 91.3211895457222, 84.76157607336314, 76.88784167369583, 68.63275211793339, 26.38221881115108, 17.589598222291634, 10.175306055766232, 6.944680975410244, 13.891420952892725, 10.734101685955103, 0.0, 7.651300138419547, 15.333903404631641, 25.425651864770153, 65.30789817732536, 73.11688177638406, 78.82626091702413, 87.62916596807946, 95.06958369316382, 93.81387345949237, 87.54334328477101, 80.67345590262839, 73.74458924611582, 67.79476329598441, 35.201810117021324, 41.68097146974309, 52.4689863178147, 57.99135750209601, 68.15958313592013, 74.6188370891552, 79.85612162611802, 82.57010816712511, 79.25892538108623, 63.840410975322314, 56.403259219214355, 50.518393806724035, 81.73491392754046, 76.75410237350896, 80.11712834614373, 85.46498990443789, 87.51730404399524, 93.31960113098323, 106.0207270695726, 107.94851226228313, 106.39858414711429, 102.68000226370786, 99.47520618631232, 93.66462366888263, 83.45008580317653, 81.3141779538012, 87.66376426891367, 95.03351674116998, 105.50487460147633, 101.87186203369968, 94.6464894432331, 91.55614342798212, 39.39211183057026, 51.87518338374149, 68.34246659663862, 81.9673284447054, 97.5951883301482, 111.5631972204372, 117.37278521064675, 129.39115299978587, 135.81968337941763, 142.13323550165492, 138.02280026514907, 129.9059886708643, 125.77723534692018, 116.10848314122293, 108.8863455910932], [17.04796755659894, 13.598862646454704, 19.323106078281157, 30.739809217300103, 27.613132231475266, 24.896643461446608, 25.79740725755776, 55.98657803108161, 60.52627514367978, 67.8052848497078, 76.15221670203817, 85.27189262652864, 78.5294501026918, 70.65299142979713, 62.5608901170627, 18.85448383109336, 10.787635051531824, 6.306260007685537, 11.985714383219799, 21.072508194537544, 18.13557199531714, 7.651300138419547, 0.0, 7.835366433047592, 18.01100267921442, 58.14122429940792, 66.0936368598192, 71.97925549279523, 81.1483755516464, 88.95284322278985, 87.53197719513163, 80.92676891936676, 73.8311671924922, 66.80098922971159, 60.78549888990087, 28.516044437891345, 36.04599898417394, 47.212030630426405, 54.81521147016176, 64.72982030822921, 70.45888940775981, 75.13621015499665, 77.73669409290846, 73.9575041277816, 57.536959584961885, 49.78835545611413, 43.50131574889685, 81.06206605074551, 74.84249022993116, 76.76059212613869, 81.67001373542256, 83.24410270570164, 88.89681828001207, 101.82561676477206, 104.28710316857526, 103.12282279661613, 99.82748192020902, 97.15566420952207, 92.10627076522573, 82.56519588664626, 78.7261245368567, 84.10479594405581, 90.99452095223238, 101.44943770554893, 98.31236473693507, 91.75450593754611, 89.50189436691142, 45.99460228047307, 57.799484273439795, 73.09675957441486, 85.5973009649451, 100.60813252939003, 113.25929862068696, 117.79725229407, 127.31757699259978, 132.7400724246968, 138.92353458011706, 134.3847858697168, 126.00971148759379, 121.41142002344272, 111.37040439237279, 103.60446488380612], [14.486146131948587, 14.680561099775643, 23.062844483655283, 34.849097158783394, 30.00972283316957, 24.762838291429215, 23.52322595414891, 48.90749209493827, 53.289564475193046, 60.39045096882981, 68.76189531923642, 78.13559841570617, 71.26731348293728, 63.41127094690808, 55.47093451960971, 11.682594220081176, 7.626513228837476, 10.534945718244634, 19.071232183599907, 28.245674290158355, 25.358823316842646, 15.333903404631641, 7.835366433047592, 0.0, 10.187313029937094, 50.51151693333141, 58.56775206334402, 64.56311540309856, 73.95379523960737, 81.96433546941981, 80.36555588082248, 73.55494700047537, 66.31959816061767, 59.201309409885205, 53.13441335942852, 21.277849760773737, 30.091042175663773, 41.94092893456417, 51.45578201930467, 60.998547033060944, 66.02482084582489, 69.99382685070466, 72.21318287297916, 67.83844846699377, 50.85033671000026, 42.639253259938634, 35.821279851088036, 79.81703291939635, 72.53736618894374, 73.0423260230291, 77.42000615903723, 78.42411141388884, 83.7581764225701, 96.62968312396065, 99.73889482009608, 99.05825694389904, 96.26429692870981, 94.18727448900778, 89.92957467925513, 81.05628086060997, 75.68554451494971, 80.02860271284968, 86.20148427316634, 96.3980149452011, 93.85206386779355, 88.13470967077176, 86.77530056641724, 52.3537752648852, 62.83748273112432, 76.83401060873723, 88.17341499245288, 102.5749859473273, 113.91794668832716, 117.20939354245272, 124.32982224373067, 128.37491989652045, 134.23515038955404, 129.21503575362786, 120.58420939460453, 115.57523941871415, 105.31826792419685, 97.35602530311536], [16.481078102499822, 20.528799064541985, 29.96320733844765, 41.408128412534964, 35.017486402630055, 27.465750777523652, 23.686539224044086, 39.941582293148315, 44.11010152027053, 50.93855985838796, 59.333635396260405, 69.03625990899826, 61.93418355410633, 54.1042724843668, 46.440646961571865, 6.599239777540592, 13.280286264401195, 19.893485533555427, 28.99393854737302, 37.98779666224869, 35.08216606401513, 25.425651864770153, 18.01100267921442, 10.187313029937094, 0.0, 40.935183735351806, 49.174967194692144, 55.348066174963144, 65.06716625010266, 73.34394314923351, 71.42517151488387, 64.32114589070859, 56.87069497410268, 49.58979118984855, 43.42736963539972, 12.498596340602608, 23.394970665576263, 35.84307845831731, 47.937576246005406, 56.698857728433744, 60.62072767670657, 63.5136168412308, 65.17196362796209, 59.989086790856035, 42.28253636877378, 33.4201620487452, 25.835004779553532, 78.62318336429486, 70.01441800864923, 68.550787391261, 72.12592943927385, 72.31689599127169, 77.16261393235857, 89.90195681157347, 93.86488732898479, 93.84185530186684, 91.7499863095938, 90.49829842951236, 87.3557509846511, 79.4973533542979, 72.1043352925934, 74.95121733835212, 80.07558197119626, 89.87101357109611, 88.14609384293102, 83.62159606608134, 83.49779908034381, 61.238684858373844, 69.97160993658713, 82.17034681505534, 91.91176618345182, 105.37505093130862, 114.92559288616015, 116.55415795759366, 120.42207703574262, 122.6752122096366, 128.16197059279543, 122.58653938098799, 113.70680757846203, 108.24617531533325, 97.88346267320573, 89.86781381962349], [52.701367488337645, 59.2297756087069, 68.38310465596533, 78.14835454509216, 71.42970350623845, 62.31808213874649, 55.596330829774445, 26.463322068931333, 22.577521407972093, 20.83738376315103, 26.667354405523565, 38.74504498825973, 33.614488741595984, 29.6405391332286, 28.035228040642885, 40.32721894287887, 50.17674509397296, 58.120397411231245, 67.20404611942763, 76.04725209274675, 74.09466437436535, 65.30789817732536, 58.14122429940792, 50.51151693333141, 40.935183735351806, 0.0, 8.643541284067195, 15.513445611536431, 26.96285675841314, 37.20532326685941, 34.726925239576794, 25.72892136779653, 17.3693443944235, 10.747680504427501, 6.681582524202558, 35.60628189784581, 42.08469350939319, 49.98264569907124, 65.50908809581958, 69.51098123674333, 68.65914586346626, 65.71827202260748, 62.848370046423945, 53.19108137682012, 40.24650042613406, 31.68248391501143, 22.008524598835177, 