{
	"dissimilarities": [[0.0, 7.5935564623407545, 15.030726603372573, 25.780671742458477, 17.97443018298266, 11.34027840587761, 7.5012336731709, 43.31492882560111, 49.15027479360342, 57.6147433126656, 65.69244615779988, 73.20021465352183, 66.22342486921205, 58.32622874956688, 49.84906352680648, 21.982129125848566, 21.52719133835833, 22.913066873613886, 26.84514746965652, 30.875788547384346, 26.450868223399368, 21.513532005190267, 17.27351067089438, 13.727056030961407, 17.194269546805003, 53.44363330524722, 60.149516354211435, 66.4823788376642, 74.57845736005744, 81.31555513503538, 79.09592049978336, 73.22265492830299, 66.82852205108262, 59.758442656746496, 53.77219592895419, 20.14401579555132, 26.33205437719495, 36.161619381797266, 39.73227250198564, 48.35127597912355, 54.393530811681245, 59.474335979754734, 60.90833255419114, 57.58040359640174, 44.49361514002721, 37.56358412855772, 35.10641425372846, 66.59692823936786, 59.37475698281466, 61.28182566430673, 65.85506866292329, 67.28985578150251, 71.68262061174987, 83.07740072214555, 87.27773398334335, 86.3842839781694, 83.33376738219744, 80.94167006461261, 77.17085310710974, 66.68032022880709, 63.741046337646004, 67.93455167061242, 73.87392476317552, 81.72904164415644, 81.17277224038072, 75.01381982503784, 73.05045661558212, 50.65559722574115, 53.2148548666278, 62.11597174118249, 70.43646108779227, 85.70953092441368, 95.23037211713574, 100.71472890885123, 110.14258365772936, 115.70796116804568, 122.31305877790567, 118.8733107138619, 108.52546132434682, 106.5188719422931, 99.29811888485168, 96.4194889890101], [7.5935564623407545, 0.0, 8.481420963984569, 21.17641561479567, 14.466610547117558, 11.61702818253795, 12.672731746555908, 50.78150594551789, 56.44433899243003, 64.76742926264677, 72.95872757321544, 80.63860099625877, 73.67640954411331, 65.77074910648881, 57.322909311785374, 23.949768928990718, 20.17100952558109, 18.968848235011503, 21.13902718262458, 24.45831560081088, 19.53661897855228, 15.171672110505256, 12.652060326871393, 12.803630477955736, 20.224686774905, 59.32957703303627, 66.18093317331622, 72.71329665472439, 81.10705539335923, 88.08911793940513, 86.05852507681719, 80.0065629517813, 73.41175004243534, 66.29955287072492, 60.24731548813441, 25.958408839063736, 32.01804051466831, 40.82909592192114, 43.6162032009667, 52.50298442191074, 58.90053500599928, 64.64093127742764, 66.8827693142151, 64.1543989673795, 50.84493043303265, 44.364741527066045, 41.7093474938098, 69.09538101374241, 62.56826941138347, 65.52364513991212, 70.61813330446772, 72.61768782358999, 77.53682097443293, 89.50963822514782, 92.84938180020485, 91.40501345459546, 87.84556662131544, 84.88242613475875, 80.43243127208613, 69.50628790240044, 67.60026460669813, 72.6740077127569, 79.61711081285257, 88.0862633633803, 86.77078631442235, 79.70455789917145, 76.93765650484855, 45.41197975199637, 49.63194567798384, 60.098579886192475, 69.74469557890706, 85.76614366346023, 96.49541493802228, 102.99525601056116, 114.32552298519657, 121.63158501562006, 128.7685501862684, 125.77393926046378, 115.63205618850165, 113.80188585975398, 106.3860194522053, 102.91411792180502], [15.030726603372573, 8.481420963984569, 0.0, 13.469335876961454, 9.531023101021946, 13.035755510102128, 17.491279826946364, 58.152184747201524, 64.11180093680811, 72.59489933134108, 80.62018626580944, 87.88838372019454, 81.05362781793993, 73.1560012227598, 64.65027352169041, 31.85359760323703, 26.462686068846715, 22.881034841347233, 21.32938174278753, 21.243477098791292, 15.676898830292622, 15.652094924363514, 16.91910902390566, 20.08634960824355, 28.513470633716583, 67.72473511589173, 74.49541109498975, 80.8851746895068, 89.00762945644719, 95.63472677800954, 93.67266877831868, 87.94627103672559, 81.55487344820381, 74.5224214525342, 68.51886738759086, 34.234963631143074, 39.02032696124834, 46.38272751095222, 46.26757949535896, 54.96056188486412, 62.225822009542576, 68.86933517025118, 71.52011885861977, 69.75451444174504, 57.62749585608046, 51.828506161474316, 49.920998305250194, 68.0540695406766, 63.18117447737477, 67.9469685292922, 73.6013624557158, 76.30296964580019, 81.56529695376814, 93.43976337328941, 95.78436752262824, 93.76786554988358, 89.61431440403443, 85.93283213802458, 80.47868702447433, 68.80369344072292, 68.93212465165311, 75.33389771383584, 83.15638633897261, 91.91546437776283, 89.65064386942912, 81.62499446573426, 77.72175983844905, 40.62594835025223, 42.95179335763205, 53.60679585453883, 64.18987341522768, 80.9113727081418, 93.08776711858685, 100.84066260765329, 115.20684318127316, 124.01045493814905, 131.68853901194103, 129.51734828325704, 119.97421869579456, 119.0171417421677, 112.39166057765172, 109.82268728813865], [25.780671742458477, 21.17641561479567, 13.469335876961454, 0.0, 11.560166002162294, 20.06450547951005, 25.388671128381446, 66.23336132957057, 72.70033961810846, 81.4712512608974, 88.95947049908085, 95.12484769136164, 88.75318751925303, 81.05650363631278, 72.53758283792281, 44.9274913644171, 39.471824653607555, 35.02814353832668, 30.606547503328777, 26.135522421813782, 21.68855525344321, 26.591820905248383, 29.662512827809458, 33.25351492044212, 41.34219897502644, 78.81642919264809, 85.21490604673454, 91.04383698741789, 98.22370727162087, 103.79073691047554, 101.87703308056082, 97.09149040463193, 91.39156179932333, 84.65577365349354, 78.87615925239172, 45.72157765730866, 48.94380771411089, 54.79568228097503, 49.96350594030891, 57.65536528168463, 66.22033920061104, 73.81676231617787, 76.20630608477013, 75.66243714480417, 66.24688146072137, 61.17394950060158, 60.47354271140302, 64.32024222423028, 62.73617300683315, 70.20363880482084, 76.30897446745306, 79.74732339760585, 84.94222395784915, 95.50718272842566, 96.87794142147828, 94.38764114049263, 89.63429844893847, 85.11881326389093, 78.25378507433453, 65.4140875123427, 69.14448306068755, 77.30548926474148, 85.55502801470305, 93.88610216796283, 90.62238529680894, 81.80799096715526, 76.38962519934788, 37.65595187436381, 31.560137490049975, 40.500385032440384, 52.20142191918271, 70.10941835617062, 84.5903690735381, 94.13098573977763, 113.35573197354437, 122.80338037447657, 130.69154326561295, 129.61325319918384, 121.06839489497372, 121.67218801381118, 116.79755182189506, 116.66374399610233], [17.97443018298266, 14.466610547117558, 9.531023101021946, 11.560166002162294, 0.0, 9.328153683965116, 16.17541927989067, 58.043239328662246, 64.80175869289323, 73.63967359556678, 81.30097474148658, 87.88754896561248, 80.75292076107456, 72.70641474234205, 64.26199968366787, 37.83920877229008, 34.227014606206396, 31.764452052389792, 30.821790122732132, 29.93211325881108, 24.364773833446886, 24.978435845061114, 25.502525254041647, 27.04305913770426, 33.58948525289984, 71.0646841543488, 77.78324841597603, 84.01003692108733, 91.69793664209251, 97.77892317141487, 95.36219047692478, 90.02858071781918, 83.95553145936499, 76.90091200364694, 70.9622126830219, 36.487508736054465, 38.142302503646604, 43.38139437659313, 39.65113205959851, 47.90152902917881, 55.91118002733596, 63.29546675085539, 66.1926161603306, 65.62552206946421, 55.56322354134962, 51.15836940272125, 51.52407346502956, 58.81777342491055, 54.72772005683021, 60.70666414714739, 66.70899613190173, 69.97148456474535, 75.48526585523977, 87.40103698964064, 88.6590230905033, 86.17784009592319, 81.63366022268119, 77.54023954716095, 71.6031871164225, 59.682212302796664, 60.82575453225179, 68.11994902441435, 76.60825921148265, 85.7714916545151, 82.5429428483012, 73.78913897302276, 69.21355203064968, 46.75421660677596, 42.71588760177113, 48.67873287018397, 56.814736418314745, 72.41431547086528, 83.81384967372993, 91.48046769820019, 106.63170435979967, 116.86607160852749, 125.60480796903879, 124.77004085198908, 116.36149608287215, 116.9124765428269, 112.40820331726393, 112.22314593247485], [11.34027840587761, 11.61702818253795, 13.035755510102128, 20.06450547951005, 9.328153683965116, 0.0, 7.627125786477823, 49.200602170936115, 56.01155265709311, 64.83793346643658, 72.55778097544277, 79.3767735312503, 71.94675152157998, 63.78952659358652, 55.38879562302113, 31.676083462236207, 30.42823807907316, 30.261194876571516, 32.21985639124228, 33.907803193027206, 28.466803975103183, 25.98138477904744, 23.87420760787038, 22.6265632123332, 26.778015715169193, 62.589474976536245, 69.34847504177027, 75.65074730136482, 83.46247086742986, 89.73917133374849, 87.07732423141805, 81.51944256401505, 75.34370935284994, 68.20000708682457, 62.24492315284874, 27.808430067850637, 28.98703561451757, 35.08540389008788, 33.606762359291395, 42.2243551308918, 49.4950551200782, 56.09687792113893, 58.611535259542215, 57.27765492223943, 46.45465263697299, 41.83552880557971, 42.50368862658368, 57.4838689731643, 51.288097047462934, 55.26183099132364, 60.72444285150694, 63.30816836489139, 68.54119997719326, 80.72938473024576, 82.89464587755671, 80.97674580909703, 77.04472973100994, 73.7360245298502, 68.95323903644778, 57.91901199613755, 56.58024704181159, 62.47411749001454, 70.14754208478392, 79.17784136232821, 76.80846139977352, 68.98522950881589, 65.67173599481839, 52.61564653127061, 50.06542164975364, 55.38999107458037, 61.93293131228933, 76.31157647684891, 85.62647583502832, 91.64242781077904, 103.1347969849221, 111.96387822905642, 120.39257995840863, 118.96354503688755, 110.16284472449597, 110.15719072923712, 105.41419555028688, 104.99020558975883], [7.5012336731709, 12.672731746555908, 17.491279826946364, 25.388671128381446, 16.17541927989067, 7.627125786477823, 0.0, 41.9610612340676, 48.64999233113267, 57.482710366912045, 65.18100291502788, 72.01304463869009, 64.77148354522132, 56.72085920423499, 48.25127622423828, 27.94584892016754, 28.645550155108715, 30.10248510221382, 33.47197913267028, 36.37315498646634, 31.51819708233441, 27.77875660085247, 24.17670050546308, 20.795518663152716, 22.649918219408104, 55.75139640571981, 62.30892198180445, 68.394265347276, 75.97788424296755, 82.13437734478964, 79.50206498870918, 74.05698669531395, 68.03212614765744, 60.99954132112086, 55.132232842034554, 22.034973080957375, 24.455332788183952, 32.59510943475387, 33.311266928508466, 41.688233356448265, 48.32479752698406, 53.88995368651139, 55.29421160831696, 52.79410588090497, 41.52794150781435, 35.80237595716962, 35.794487498427856, 59.19783883670725, 52.20356578305205, 54.66388685991918, 59.39495680627632, 61.12180495808472, 65.60866040174703, 76.96463530913566, 80.57646163436286, 79.47690768965585, 76.25841568179258, 73.71923054221747, 69.79552427904575, 59.234649228932774, 56.61950507323327, 61.247585097759455, 67.46630604905566, 75.5385214577629, 74.42235259298758, 67.92203715189976, 65.70112282767312, 54.878628849667486, 53.2599988965127, 59.020454268516296, 65.4005443896684, 79.6381189422891, 88.24248036483645, 93.35526676115958, 102.84128272115589, 109.02680884442488, 116.3385332844142, 113.83791501734336, 104.32199092595239, 103.52484217745085, 98.11529695232089, 97.40410329369621], [43.31492882560111, 50.78150594551789, 58.152184747201524, 66.23336132957057, 58.043239328662246, 49.200602170936115, 41.9610612340676, 0.0, 8.190755761067413, 17.01125215920809, 23.695495294263694, 30.757548913006836, 22.94118350090614, 15.106206327508241, 6.636718681519128, 42.50779481346731, 51.47562830575228, 58.13956540759875, 65.47187973125176, 71.47484045710968, 68.35265328410846, 61.92063078396658, 55.59322965368733, 48.11160066094993, 39.66989994718519, 27.51632305021592, 30.69689053787582, 34.11574224225457, 39.148826177747424, 44.24015172605389, 40.13761765763151, 35.237111873148855, 30.876021719756338, 25.269934549156414, 21.695524642501507, 29.43496413070162, 29.436703284621704, 36.97952825505494, 46.49155707065016, 49.65006271237994, 49.71999118827609, 47.32126782413051, 42.1094149723857, 32.626060791565784, 24.486705975952525, 16.67827102291104, 16.58070457143131, 74.29098116911854, 63.68190422053163, 57.15347661266281, 56.565994434659856, 52.92313907991341, 52.15852237945992, 57.88809760359109, 69.0112954727445, 72.51001225660895, 73.80065021131733, 75.96885571999962, 77.73643999887301, 72.54939390208658, 62.64124342462414, 58.843021090041134, 55.70723732175596, 57.49495338601338, 63.90081731129294, 65.9180645893652, 70.41335080067368, 88.23783001256136, 88.14398713865042, 91.8375078789778, 94.24628689194945, 104.34258374960558, 106.46597227860008, 105.47677842026283, 100.32986580026653, 93.57915927662704, 95.678519754798, 88.07544325570727, 75.67699281669887, 70.48668997868282, 63.104956536369635, 62.44496394793547], [49.15027479360342, 56.44433899243003, 64.11180093680811, 72.70033961810846, 64.80175869289323, 56.01155265709311, 48.64999233113267, 8.190755761067413, 0.0, 9.084463066301112, 16.63434109964582, 25.21620655915356, 18.144446819955988, 11.91503554857496, 7.325048212589866, 45.40901434553052, 54.7197063364195, 61.7394239790232, 69.37915457423311, 75.84310143197173, 73.15938394761831, 66.39727076590465, 59.92743463240271, 52.370891120488, 43.44789453998491, 22.04859969807051, 23.730661287713602, 26.270872568482645, 31.04824099105888, 36.63587158785823, 32.556798990935114, 27.11660619445632, 22.778564867340393, 17.686214369157863, 15.226488146738662, 34.10384104479059, 35.63320526679183, 43.43354404944995, 54.29318393066155, 57.33626547416734, 56.74422677158345, 53.51762421924491, 47.97789535843112, 37.86919776426991, 29.76565535894693, 22.19041297528248, 19.076895590566302, 82.25053689622324, 71.48692424374507, 64.29194393458658, 63.21318328434478, 59.03413022925603, 57.63903031459886, 62.24211058262356, 74.37680824146634, 78.45675701225538, 80.29551097110897, 82.94168702611209, 85.21344907805667, 80.44106147409916, 70.12756481589088, 65.57188006816659, 61.42026480217111, 62.08217525762174, 69.59974524962993, 72.66485449843769, 77.74446313418011, 92.30490441345695, 93.9135479131784, 98.71528754965908, 101.73543863374483, 112.0992735445585, 114.23727322373504, 112.9566505955504, 106.44424679589696, 97.60112406598947, 98.22651703684039, 89.08354187678982, 75.65482605808681, 68.4591268512167, 58.733978910588135, 55.643865563781006], [57.6147433126656, 64.76742926264677, 72.59489933134108, 81.4712512608974, 73.63967359556678, 64.83793346643658, 57.482710366912045, 17.01125215920809, 9.084463066301112, 0.0, 8.82832296907918, 19.32132572880821, 13.526797128332559, 11.492143879359674, 13.492489203037778, 51.81890602049728, 61.362997678695145, 68.64876751573897, 76.5573384896721, 83.37022954804654, 80.96378398408423, 73.93991544205929, 67.36962134766395, 59.785698164068975, 50.52787796163039, 20.53444376137669, 19.3443956464834, 19.761177298419113, 23.29277350971004, 29.145202910061524, 24.627457070512275, 18.557480560715835, 14.933974129368679, 11.927517565868808, 12.958158394252633, 41.71730994555934, 43.422015941396204, 50.58628781305295, 62.28725963828348, 64.83735066235405, 63.33853271469876, 59.061254519544, 53.05674438814685, 42.52741701691938, 35.61660445060631, 29.31030456091615, 25.756299779747653, 90.03438175968328, 78.98605832908189, 70.82870754366529, 69.05050193672939, 64.2152934619453, 62.03137233382819, 65.36495932367163, 78.45122663189656, 83.19647284824174, 85.73521327856776, 89.03104055590043, 92.07125390175246, 88.09455918918964, 77.06936012321037, 71.45838833719604, 66.04018951903156, 65.47000346307428, 74.15390119730785, 78.50694053721027, 84.40776041026726, 99.62869670125436, 102.23858584640715, 107.41234903770868, 110.408865604857, 120.49217016944505, 122.02170871790145, 120.03735031469412, 111.27153791692531, 100.23901611958972, 99.51855079037394, 89.03467230536519, 74.92312209224677, 65.90938580620625, 54.47089918431278, 49.392955586757694], [65.69244615779988, 72.95872757321544, 80.62018626580944, 88.95947049908085, 81.30097474148658, 72.55778097544277, 65.18100291502788, 23.695495294263694, 16.63434109964582, 8.82832296907918, 0.0, 11.11016740410697, 8.371002613959273, 12.704859861774587, 18.59350342392482, 60.60957067458331, 70.0781276105989, 77.27553294899516, 84.98983050822414, 91.57951103444991, 89.21306120201174, 82.42053928906056, 75.93612646901576, 68.39974933146036, 59.263440753652645, 27.571198153863264, 24.35701372277351, 21.827462288313406, 20.919018751161847, 23.912550366961444, 18.40368519178227, 14.976350279824555, 15.808555348169989, 17.00013000663036, 20.3884882924967, 50.30060405328804, 51.23472561756065, 57.39591893228327, 68.07312081103953, 69.67336213852477, 67.67813376320815, 62.58681035447608, 55.52775976303169, 45.00765715964681, 41.4021828708617, 36.56208432785293, 34.39374056955512, 93.86069019041716, 83.16696824280939, 74.49898962488543, 71.95577689658643, 66.5125989418613, 63.17903718357662, 64.08702376062178, 78.33606059069933, 83.91000783117116, 87.22002696343, 91.18692348595101, 94.9099616851454, 91.71348287422893, 80.5545430981956, 74.09346095798857, 66.97339716185247, 64.4702969253603, 74.4408799139197, 80.36645255776148, 87.02080385690209, 107.07262745034484, 108.6957543480771, 112.97984030569853, 115.1751991096935, 124.45562271740538, 125.04841987839218, 122.18692134163066, 111.56930258170598, 97.4658992566699, 95.16789899793756, 83.52716977978973, 69.0143728176818, 58.961736283914355, 47.5553453129737, 44.03736530098311], [73.20021465352183, 80.63860099625877, 87.88838372019454, 95.12484769136164, 87.88754896561248, 79.3767735312503, 72.01304463869009, 30.757548913006836, 25.21620655915356, 19.32132572880821, 11.11016740410697, 0.0, 10.268816430190192, 18.278652944678008, 25.061826719180086, 70.26544682625874, 79.42979582036737, 86.29400398014533, 93.46983439025034, 99.44879654173837, 97.04646290307294, 90.84188687571215, 84.60193282009722, 77.2135313293951, 68.52439701586404, 38.48182362559254, 34.69560676841997, 30.64471863467963, 25.67642525570423, 23.29956777647751, 17.633233005391638, 20.296672851349012, 24.907378664580918, 27.73969362118935, 31.3753744931255, 59.27360379389203, 59.36590885382827, 64.61959386584897, 73.0479651594516, 73.52793458117425, 71.52086616676598, 66.02055356739484, 57.65759164182764, 47.688333525036434, 48.2675455080831, 44.61211362209325, 43.9907970658597, 95.4012874256746, 85.75646309157604, 77.19265802363162, 73.97520795897839, 68.10749073991762, 63.44367055008177, 60.77867879306526, 76.3331697662336, 82.82333275415725, 86.88292462277155, 91.43231921951194, 95.61098037093157, 93.02769122319992, 82.47878319246057, 75.56341361154368, 66.56481557282821, 61.455925057307496, 72.75496708208074, 80.37757634996956, 87.55612516422141, 113.62449148591205, 113.09510193221092, 115.81772123624755, 116.86682936858602, 125.11152666573143, 124.78260301163849, 121.09318894432343, 109.44150638955165, 91.29879956092664, 86.87478630658033, 73.90707443585366, 58.92209325541235, 48.17205679922489, 38.20568344645394, 40.14368502203345], [66.22342486921205, 73.67640954411331, 81.05362781793993, 88.75318751925303, 80.75292076107456, 71.94675152157998, 64.77148354522132, 22.94118350090614, 18.144446819955988, 13.526797128332559, 8.371002613959273, 10.268816430190192, 0.0, 8.605862615551912, 16.60128207936679, 63.28055098037356, 72.76606955153723, 79.83705521465085, 87.4376068183182, 93.67813248669638, 90.87776310803147, 84.31552682965756, 77.87211533548941, 70.29169633323991, 61.28964415667008, 33.54256354276644, 31.519085576521633, 29.92024058243451, 28.99986811151399, 30.4071884892369, 24.548248981059505, 22.84591207542601, 23.748793060048275, 23.830307992102767, 26.020544466300894, 51.33232314453001, 50.21699327639438, 54.795996918210236, 63.99547656131824, 64.62726846996088, 62.23354106412146, 56.67579851599034, 48.89855743090654, 38.58519845682365, 38.16133215186463, 35.11913177665755, 35.88514479510734, 88.13183793013144, 77.51506420821684, 68.44329504695907, 65.40926239002937, 59.66291532299317, 55.74083390324089, 55.88232785210388, 70.33974315998691, 76.17546362279934, 79.80612887652522, 84.11277095666672, 88.29813106043652, 85.84080341286563, 74.36193055039341, 67.34802863733235, 59.39196238997725, 56.32288902527152, 66.61125263714945, 73.19045540154457, 80.3057560789639, 109.39589070743077, 108.85021743303565, 111.2529138726491, 111.94619602691088, 119.96544257838842, 119.26583554048493, 115.60295930181378, 103.66227513469678, 89.40710195960114, 87.81570531642885, 77.16232349383478, 63.644069008857485, 55.44853736850383, 47.91046088248808, 49.21016523398531], [58.32622874956688, 65.77074910648881, 73.1560012227598, 81.05650363631278, 72.70641474234205, 63.78952659358652, 56.72085920423499, 15.106206327508241, 11.91503554857496, 11.492143879359674, 12.704859861774587, 18.278652944678008, 8.605862615551912, 0.0, 8.552537444856645, 55.94185196078787, 65.43493663020735, 72.48041433294675, 80.16759953984825, 86.42246330137796, 83.37777747234925, 76.73278456268083, 70.25177724780823, 62.63305140688089, 53.645475921464744, 30.2194267401663, 30.225484239520497, 30.891039541488837, 32.91148291177464, 36.30760247579852, 30.890039544121485, 27.212493093785618, 25.360368978728463, 22.684938316360064, 22.724701742411934, 43.28886420285985, 41.650546279027196, 46.38422670321417, 55.950595264290186, 57.12759948138553, 55.07125172572628, 50.13411663618328, 43.07795264894349, 32.59238963382274, 30.11326201804084, 26.602841365422115, 28.234220431802346, 81.60942046550497, 70.57433804029658, 61.80242632974603, 59.37086400870977, 54.11703659645072, 51.22542724404997, 53.923539433136305, 67.1616567195341, 72.18627992730681, 75.09716093723111, 78.82107140265148, 82.47021837956486, 79.46287356369629, 67.90953114329159, 61.53926362268079, 55.093974028414166, 54.053429885627764, 63.00830944332099, 68.10825872084621, 74.62741660121675, 102.93137255825982, 102.3412636292998, 104.78375315594138, 105.63020935840154, 113.95834912537292, 113.69945387016841, 110.63169494350906, 100.16214494173389, 89.22352573811587, 89.62683135258658, 80.60792593747682, 67.89865707071081, 61.381786686557675, 54.68157513979961, 55.51227401068527], [49.84906352680648, 57.322909311785374, 64.65027352169041, 72.53758283792281, 64.26199968366787, 55.38879562302113, 48.25127622423828, 6.636718681519128, 7.325048212589866, 13.492489203037778, 18.59350342392482, 25.061826719180086, 16.60128207936679, 8.552537444856645, 0.0, 48.56786504534689, 57.77246225802263, 64.587152053415, 72.04634122279774, 78.10612138533857, 74.98477592821132, 68.50445627947093, 62.12495632220048, 54.5883538119859, 45.92225654986358, 28.507222505600527, 30.341426585360963, 32.619992301745505, 36.39693923266874, 40.73107233114674, 36.03996368229815, 31.67675312155615, 28.304540816679324, 23.752624593197233, 21.630808400145266, 35.52719549719828, 34.44578799140512, 40.47302679045738, 49.83784986419314, 51.978246446802586, 51.06807815464512, 47.47726026772221, 41.270404904927915, 31.16836102414003, 25.83209944120876, 20.22624115581709, 21.516298027747755, 76.55648178630516, 65.75121631516339, 58.164634874996494, 56.71053893924933, 52.30504235779652, 50.55149976879893, 54.9600657228871, 67.07597003408232, 71.27024329388549, 73.28877169665488, 76.1689136586241, 78.79793860697896, 74.60843476022595, 63.92086625664859, 58.92384224955953, 54.235994661459415, 54.7800802344175, 62.33336249631434, 65.7536761014727, 71.19526398391969, 94.7068806537015, 94.12158816127969, 97.03476412480329, 98.58069820543082, 107.77579836056495, 108.73446752294409, 106.76228860200493, 99.24164085143423, 90.64758974561111, 92.09081522537367, 83.96795689971438, 71.48371650802983, 65.9126592887351, 59.06552154239583, 59.390096527412716], [21.982129125848566, 23.949768928990718, 31.85359760323703, 44.9274913644171, 37.83920877229008, 31.676083462236207, 27.94584892016754, 42.50779481346731, 45.40901434553052, 51.81890602049728, 60.60957067458331, 70.26544682625874, 63.28055098037356, 55.94185196078787, 48.56786504534689, 0.0, 10.361391175912528, 18.50079710938991, 28.333333404472864, 37.22381407881366, 34.89562096147066, 25.725553193730583, 18.75996703725916, 12.051169329605905, 5.585545342289686, 40.287007759062945, 47.55209189965937, 55.00275607649432, 65.12643840977756, 74.13210722076855, 72.37377563593452, 64.59344452969067, 56.79599254928054, 49.56232837152059, 43.46569404931606, 15.857175738050488, 27.819373173534014, 39.589267434332655, 51.941702828826216, 60.463483439739285, 63.49897002062224, 66.13293248558875, 67.69636185060831, 62.046258804179146, 44.40544755835656, 35.93107010730694, 28.171141330290347, 84.30499044133057, 74.19742445497108, 72.32993067118986, 75.72728991424326, 75.76220743205431, 79.75340090909751, 92.13399465576012, 97.89069854511611, 97.82152845116629, 95.80968338463462, 94.64236307774011, 92.74362893860194, 84.11229371461118, 77.4012707158785, 78.75418135578471, 83.38761115686303, 91.06625141155605, 92.32829356856132, 87.81713322665306, 87.91098161119922, 59.29108461825223, 70.81025092859396, 83.16017425592418, 92.39777444733797, 107.4551765580039, 115.7339900375793, 119.82612436831279, 123.861040991605, 127.99616389866972, 133.53527917582375, 127.98067915131537, 115.93503508978377, 110.72988128358851, 99.50897365990946, 90.66762191201713], [21.52719133835833, 20.17100952558109, 26.462686068846715, 39.471824653607555, 34.227014606206396, 30.42823807907316, 28.645550155108715, 51.47562830575228, 54.7197063364195, 61.362997678695145, 70.0781276105989, 79.42979582036737, 72.76606955153723, 65.43493663020735, 57.77246225802263, 10.361391175912528, 0.0, 8.247647869685274, 18.3545861811903, 27.672432474979466, 25.836404778781095, 16.491566666009263, 10.344696513404639, 7.915273169824399, 12.550080764752312, 49.87075851864271, 56.88118806394659, 64.06826872445735, 73.90358096156069, 82.61929874727572, 81.23712979897496, 73.79948409624664, 66.22307970532884, 59.201785793174324, 53.212284882544765, 24.30873411121815, 35.26849020071953, 46.19258271065979, 56.15833730221799, 65.12276104667093, 69.2298774185509, 72.98872160795631, 75.1189675001383, 70.29039815382052, 53.263608841380965, 45.18842996406128, 38.07856728284341, 86.485031662115, 77.64116138671619, 77.53155790298487, 81.66352088173207, 82.45066315028046, 86.93833489428498, 99.45399735551543, 104.4187655602794, 103.78085944967283, 101.12130850053998, 99.1923435015357, 96.23570730384873, 86.63213103537245, 81.71766795964756, 84.48045858970701, 90.17919520783143, 98.27234393199122, 98.67587320131024, 93.09400450353014, 92.03837776205873, 50.38898603344407, 64.33084868657346, 78.68690872933031, 89.67052871215775, 105.91199221767285, 116.0233473916469, 121.54429535427454, 128.77999082027557, 134.29357347255882, 140.12424409697064, 134.9673396534652, 123.06513074102982, 118.25039277621707, 106.94667572187963, 98.02895236913288], [22.913066873613886, 18.968848235011503, 22.881034841347233, 35.02814353832668, 31.764452052389792, 30.261194876571516, 30.10248510221382, 58.13956540759875, 61.7394239790232, 68.64876751573897, 77.27553294899516, 86.29400398014533, 79.83705521465085, 72.48041433294675, 64.587152053415, 18.50079710938991, 8.247647869685274, 0.0, 10.299118787209999, 19.82118166994516, 18.43365862506492, 9.412223604319223, 6.430736102560422, 11.090024601189214, 19.704832751742046, 57.69579581416856, 64.53973722114455, 71.49479217572679, 80.99974404195021, 89.35734320278047, 88.17598834101643, 81.09163052827424, 73.74813455311613, 66.85048884813, 60.91402740560678, 31.114604009609398, 41.23571695700733, 51.4805851983748, 59.31796162750184, 68.44166315485066, 73.38935700891021, 77.97706301246214, 80.41349171537648, 76.23584840903271, 59.90868520348726, 52.12137560131962, 45.596936783908596, 87.49658514192748, 79.83114911807674, 81.15048085758303, 85.80157461569556, 87.15059984371699, 91.94356794574833, 104.39830236576894, 108.7491949314544, 107.69373313827364, 104.54965930607993, 102.03695865457655, 98.24221187805458, 87.89941695859751, 84.53433910014351, 88.39679902942076, 94.81856071499617, 103.13042883140386, 102.87009405851393, 96.51487537057383, 94.55452672771644, 43.08826990576862, 58.543818190488615, 74.30613623339103, 86.5842264250908, 103.6703968293611, 115.21715073501385, 121.86385170570529, 131.73501921776582, 138.21616808374785, 144.27097663180612, 139.51735832548064, 127.83890245630457, 123.50135508875191, 112.43052716091798, 103.9164430166249], [26.84514746965652, 21.13902718262458, 21.32938174278753, 30.606547503328777, 30.821790122732132, 32.21985639124228, 33.47197913267028, 65.47187973125176, 69.37915457423311, 76.5573384896721, 84.98983050822414, 93.46983439025034, 87.4376068183182, 80.16759953984825, 72.04634122279774, 28.333333404472864, 18.3545861811903, 10.299118787209999, 0.0, 9.78880247664596, 10.223177936684568, 6.851701609996016, 11.854248760511982, 19.077968441196298, 28.83076694882999, 66.55953602534973, 73.10634146029074, 79.64550237342783, 88.55422650526518, 96.29436851193557, 95.39873240886105, 88.90680821189824, 81.9825952043997, 75.3139892379103, 69.49725321702401, 39.593355087371656, 49.14260712448184, 58.92444338680505, 64.15977037303651, 73.2302809872526, 79.1687347132162, 84.54835607366923, 86.95940623858793, 83.35957705215591, 68.1036057478851, 60.390603968785285, 54.26966713234142, 89.13941400549973, 83.17697442800777, 86.17546846893019, 91.2816179451718, 93.14021429803262, 98.0349034544996, 109.90445230329654, 113.83884486426521, 112.47822586021908, 108.89425711658781, 105.79583082383834, 101.04121522483716, 89.78815251066052, 88.47121080577789, 93.52712827881531, 100.40247850592152, 108.56694403867348, 107.7752495338202, 100.81021812690248, 97.86875146553676, 33.173835072409794, 50.5576272876362, 68.32737096481829, 82.39650774517196, 100.6300588692895, 114.08903775611084, 122.1119629995765, 135.32017976818372, 142.15047976885384, 148.07637904843023, 143.5850805142714, 132.08475334401712, 128.24282781253154, 117.4205204182786, 109.57850441967105], [30.875788547384346, 24.45831560081088, 21.243477098791292, 26.135522421813782, 29.93211325881108, 33.907803193027206, 36.37315498646634, 71.47484045710968, 75.84310143197173, 83.37022954804654, 91.57951103444991, 99.44879654173837, 93.67813248669638, 86.42246330137796, 78.10612138533857, 37.22381407881366, 27.672432474979466, 19.82118166994516, 9.78880247664596, 0.0, 5.907638326518641, 12.853304637315889, 19.515634362718778, 26.812585409760917, 36.92752467938167, 74.7662121393049, 81.12564444366203, 87.3243836557201, 95.64583293984951, 102.71937002418952, 101.91498701550135, 96.01503202705423, 89.50041995149067, 82.96433812593735, 77.21547483038789, 46.778724591518625, 55.41289021244683, 64.54690909707942, 67.13080891378321, 75.9793648721086, 82.81755969596429, 88.93450080084742, 91.31712944588797, 88.40629717515255, 74.42285849101835, 66.9972936291159, 61.65115378184685, 88.6164529799417, 84.38099664319633, 88.98502314841458, 94.48645021407258, 96.84720288241242, 101.82654186328942, 113.11148513105049, 116.49439523429032, 114.8091118577482, 110.80374221788533, 107.15048582853751, 101.50233150484763, 89.4890925342462, 90.1747456223163, 96.35658594461584, 103.65829565602809, 111.70047067944455, 110.29508696506227, 102.74047393057869, 98.8571994852955, 24.592860387373076, 42.02287713528278, 61.12352750468655, 76.56919785806639, 95.6405526230026, 110.72530876135771, 119.9681437825787, 136.30730856123847, 143.62005835710846, 149.61020729108287, 145.65235801303066, 134.59468750571105, 131.5710857514671, 121.5524110453727, 115.03260938689789], [26.450868223399368, 19.53661897855228, 15.676898830292622, 21.68855525344321, 24.364773833446886, 28.466803975103183, 31.51819708233441, 68.35265328410846, 73.15938394761831, 80.96378398408423, 89.21306120201174, 97.04646290307294, 90.87776310803147, 83.37777747234925, 74.98477592821132, 34.89562096147066, 25.836404778781095, 18.43365862506492, 10.223177936684568, 5.907638326518641, 0.0, 9.648867347145478, 16.381732451600048, 23.626449997902697, 33.91901976419134, 73.05765900032979, 79.64448692591307, 86.02687599242071, 94.46535964562261, 101.56485895514041, 100.4125163581992, 94.42527258349713, 87.82125669012886, 81.06334318400074, 75.17485901874387, 43.1665209870357, 50.871103939235745, 59.451253881046604, 61.515509848716974, 70.37707249331328, 77.26991173895028, 83.57960958150608, 86.22950094255609, 83.6898294118935, 69.98702185022333, 63.05308932525088, 58.58206128918741, 83.14305953743653, 78.68849228391466, 83.35363906504935, 88.95903704498244, 91.48221886437734, 96.65855747380637, 108.34757584906001, 111.27831920389355, 109.39837447717298, 105.27986350293163, 101.55180066341983, 95.91703624370545, 84.03272665500863, 84.54343226954694, 90.83321634693228, 98.46679982414692, 106.89300211096867, 105.12594739433621, 97.29319353259531, 93.33815763233738, 28.877037134786104, 41.93193979384551, 58.96672290259761, 73.2383584721212, 91.69596127712978, 106.04375643666367, 114.96378641905424, 130.81171665224875, 138.98753486492157, 145.63764839395336, 142.28606422597377, 131.68882877845738, 129.25541031966875, 120.15249959528263, 114.58580561434955], [21.513532005190267, 15.171672110505256, 15.652094924363514, 26.591820905248383, 24.978435845061114, 25.98138477904744, 27.77875660085247, 61.92063078396658, 66.39727076590465, 73.93991544205929, 82.42053928906056, 90.84188687571215, 84.31552682965756, 76.73278456268083, 68.50445627947093, 25.725553193730583, 16.491566666009263, 9.412223604319223, 6.851701609996016, 12.853304637315889, 9.648867347145478, 0.0, 7.138011563307942, 14.898914446193249, 25.190901169066063, 64.88335072825544, 71.71714192858926, 78.47443238391664, 87.49946794345625, 95.23753809353056, 93.91077083729539, 87.33437677610091, 80.31444525695132, 73.36695793779298, 67.37091570614793, 35.24821907517089, 43.66039737116832, 52.82646875917966, 57.57511322236198, 66.68358904950138, 72.66063665273767, 78.26214647033608, 81.00198368896368, 77.83981086083229, 62.871347088416556, 55.755064379737945, 50.757818163780335, 82.86144045378981, 76.59058785640943, 79.60265954707214, 84.82499814704212, 86.86844577168405, 92.00303703576415, 104.3686474034697, 107.76947338759969, 106.18268705535921, 102.4723798508423, 99.29835611342256, 94.58411027711743, 83.5195087262379, 81.93376359345172, 87.0854587617504, 94.3511628715349, 102.97898960412132, 101.76174513921875, 94.4784168662992, 91.47659389842728, 37.138822679905104, 50.41696260544725, 65.96956234312587, 78.67838492321322, 96.14056612813567, 108.71125270122178, 116.33369987807336, 128.9331972341603, 136.7650555943432, 143.4649569522156, 139.6994545820755, 128.75921844865954, 125.64429714591388, 115.95835559828267, 109.34233846960196], [17.27351067089438, 12.652060326871393, 16.91910902390566, 29.662512827809458, 25.502525254041647, 23.87420760787038, 24.17670050546308, 55.59322965368733, 59.92743463240271, 67.36962134766395, 75.93612646901576, 84.60193282009722, 77.87211533548941, 70.25177724780823, 62.12495632220048, 18.75996703725916, 10.344696513404639, 6.430736102560422, 11.854248760511982, 19.515634362718778, 16.381732451600048, 7.138011563307942, 0.0, 7.855098523755768, 18.08042910078475, 58.10932075328935, 65.07381738254612, 71.99592472858667, 81.24794244020151, 89.23553730560279, 87.72783255653854, 80.89849151967404, 73.71401049930653, 66.65189042065302, 60.59581215758507, 28.392486998551206, 37.39217603047009, 47.20005377911294, 53.656506456992346, 62.776661412091904, 68.14624591165493, 73.15303951376575, 75.67766050247886, 72.01467482270125, 56.4552513980299, 49.11468667132407, 43.847384658481275, 81.14847773454228, 73.76721290865936, 75.59603136208247, 80.43901921847947, 82.04840419519718, 86.97830549330759, 99.47177573421762, 103.3734452238818, 102.11937969121509, 98.79183091418078, 96.09327406596913, 92.07402107405633, 81.58155641545869, 78.6210827463273, 82.89690589988987, 89.63045804133114, 98.14246005127251, 97.44606992943719, 90.75418341508862, 88.50081769330431, 43.172697407311695, 55.16911435118331, 69.36685795494022, 80.84293293262621, 97.56269932093069, 108.83023723287243, 115.45100417949108, 125.77650582899307, 132.83591650247203, 139.3918060207831, 135.31014493844546, 124.18105613726404, 120.71274926869995, 110.88594401133659, 104.04065656712179], [13.727056030961407, 12.803630477955736, 20.08634960824355, 33.25351492044212, 27.04305913770426, 22.6265632123332, 20.795518663152716, 48.11160066094993, 52.370891120488, 59.785698164068975, 68.39974933146036, 77.2135313293951, 70.29169633323991, 62.63305140688089, 54.5883538119859, 12.051169329605905, 7.915273169824399, 11.090024601189214, 19.077968441196298, 26.812585409760917, 23.626449997902697, 14.898914446193249, 7.855098523755768, 0.0, 10.343114900630372, 50.79300423676089, 57.86330161423763, 64.88319657461956, 74.23568218825842, 82.34207245648646, 80.59887819999497, 73.6165770196858, 66.3500550733842, 59.17345256736427, 53.05803866739037, 20.653134521635142, 30.50956488715147, 41.23552067210237, 49.373431482858656, 58.34807143500817, 63.082476556391164, 67.37446189189552, 69.45770836925264, 65.20230621869644, 49.21859970887499, 41.5209433202805, 36.00813551651517, 78.81980287365914, 70.41752774729015, 70.98502379330822, 75.34075791267657, 76.41861992805192, 81.00137413237925, 93.38173961151878, 97.93132668364008, 97.11406322694563, 94.25491175391734, 92.1131755780271, 88.85427819691634, 78.9785836871374, 74.65778899012571, 77.95140078765135, 83.9220138390784, 92.12689170960805, 92.07657412181936, 86.15469112039673, 84.74173691704635, 49.531345879030944, 59.67255800422336, 72.28200794686634, 82.38924333886943, 98.27176470849352, 108.15689635155192, 113.68917146139668, 121.6724949207673, 127.57819404006771, 133.86277242873194, 129.43150884238898, 118.13573386927577, 114.37653246575985, 104.57848704235691, 97.84099128784216], [17.194269546805003, 20.224686774905, 28.513470633716583, 41.34219897502644, 33.58948525289984, 26.778015715169193, 22.649918219408104, 39.66989994718519, 43.44789453998491, 50.52787796163039, 59.263440753652645, 68.52439701586404, 61.28964415667008, 53.645475921464744, 45.92225654986358, 5.585545342289686, 12.550080764752312, 19.704832751742046, 28.83076694882999, 36.92752467938167, 33.91901976419134, 25.190901169066063, 18.08042910078475, 10.343114900630372, 0.0, 41.12070467984925, 48.40943891379681, 55.70457078819877, 65.42894384718306, 73.95599290234692, 71.90271202579842, 64.47334236909202, 56.924444948846684, 49.56218789456871, 43.35975099270006, 11.769116733581116, 23.526936764956925, 35.48493571572892, 46.816110563630644, 55.35013383524568, 58.77024045898437, 61.7419882687288, 63.25528164775569, 57.96782746956389, 40.95179674594697, 32.66196865243382, 26.219080296439593, 78.82809132595443, 68.9107212102593, 67.38853777531314, 70.91554323482492, 71.1223903806435, 75.18089585057449, 87.52051770935108, 93.01297081280252, 92.83563767727419, 90.70666806743273, 89.42640213370342, 87.37721394439377, 78.61953995856399, 72.17423579573149, 73.81869560958168, 78.61673312850137, 86.39953061429769, 87.36559722115557, 82.64773433199026, 82.55859812852489, 58.92720294411563, 68.00231482308193, 79.05344414386099, 87.55920568252274, 102.25698918572304, 110.2524789728558, 114.26647858598211, 118.65389282205948, 123.04966849543102, 128.93561692055044, 123.90426264221368, 112.29300584136894, 107.86089631630762, 97.7713238474903, 90.58289460377893], [53.44363330524722, 59.32957703303627, 67.72473511589173, 78.81642919264809, 71.0646841543488, 62.589474976536245, 55.75139640571981, 27.51632305021592, 22.04859969807051, 20.53444376137669, 27.571198153863264, 38.48182362559254, 33.54256354276644, 30.2194267401663, 28.507222505600527, 40.287007759062945, 49.87075851864271, 57.69579581416856, 66.55953602534973, 74.7662121393049, 73.05765900032979, 64.88335072825544, 58.10932075328935, 50.79300423676089, 41.12070467984925, 0.0, 7.768476379847596, 16.010544426963158, 27.412919944537137, 38.14543519075252, 35.985419541769765, 26.467852280314023, 17.75531390319791, 11.269527264151101, 7.6243482997519205, 35.7228645128092, 41.61709633123217, 51.05024295101207, 66.70267570757204, 71.4901988833529, 70.33919886944841, 67.29373575045656, 64.16199030766724, 54.216662206113334, 40.27860848305097, 31.939667015149702, 22.064120978331566, 98.92293910175195, 86.89730069936903, 79.3146438236647, 78.85341219127