{
	"dissimilarities": [[0.0, 7.417755897873895, 15.789223880219858, 26.00273814862567, 19.64571146780704, 13.227353511911215, 9.671817243682026, 45.611559900783845, 51.24046585670301, 59.554913680674524, 67.73019478651901, 75.87973954797828, 68.67347371080253, 60.586640027398026, 52.1768588972049, 20.688696816908166, 20.833533846083363, 21.84595074495214, 25.485898522506435, 32.13107309389273, 27.594982871167723, 20.36538780473492, 16.667373076024425, 13.476446070739199, 14.81255787312519, 51.347943727473414, 58.877417366939646, 64.7053875795536, 72.81517627122628, 79.72632027900072, 77.66460843080546, 71.89808262719214, 65.45017384587807, 58.05966969744036, 52.33842434207519, 20.057092688907858, 24.851347145501915, 37.19593058416996, 41.25133951109386, 51.20857194497348, 57.483963264785054, 61.62886131923125, 63.25004515447637, 59.448023211547174, 45.77572341767501, 38.54731286805296, 34.946573124045926, 67.66178244776813, 61.56578920010806, 64.5623767384479, 67.90472785368526, 70.44955141627057, 75.02737041335202, 85.1445735467932, 87.69990775410878, 86.93125989518792, 83.97415985854136, 81.70549292630388, 77.05780426184447, 67.61058900611357, 65.69096110652998, 70.6856016380446, 76.61963931131415, 83.9208829132982, 81.5731973677158, 75.65462488353717, 72.85446363941847, 52.33557604430817, 55.30752951878833, 64.60111251540638, 74.85219058078997, 89.35607436567237, 98.49807858810884, 105.05858682070085, 110.89735627521512, 115.97468733192467, 121.87780781118302, 118.39775307311503, 110.07019728466561, 106.79160123701408, 98.93133613573725, 95.95146792064756], [7.417755897873895, 0.0, 9.274110466713564, 20.824443680653417, 15.547493446945271, 12.67847688471076, 13.455570862215023, 53.01959037514147, 58.63685949707146, 66.90479429480324, 75.0922495836119, 83.23413324237694, 76.08298366482525, 67.99654836260905, 59.5821518323448, 23.664931110911798, 20.442059434920886, 18.626875476594996, 20.04288341018794, 26.032369431799985, 20.96022343304315, 14.120315046682668, 12.659246107805433, 13.312495681950587, 18.993524921122564, 57.995090721906415, 65.65253887096432, 71.51155038605626, 79.76490091486853, 86.72862442003841, 84.82747290934243, 79.00818127259024, 72.46973506588108, 65.12054452369591, 59.32559893093242, 26.771537075357365, 31.010705512592406, 42.01129244754916, 44.63039869995838, 54.86821390895944, 61.62063862163369, 66.52818149511256, 68.83320858394578, 65.7542029244332, 52.06935265105018, 45.39151324886565, 42.01429203330831, 68.9400250881823, 63.97249042276782, 68.1692213880956, 71.99902986078763, 75.19037447559826, 80.1558749602367, 90.55440339830453, 92.4177805478805, 91.07326724149947, 87.56320416634183, 84.6658307976993, 79.2448845978989, 69.34281761539178, 68.66947301646319, 74.6498557408704, 81.57613000450625, 89.23622953770297, 86.28311593970743, 79.39476182622086, 75.69039785606935, 47.117180790607456, 51.026978826881425, 61.562636769354995, 72.93406986992325, 88.01770059044395, 98.39401049202112, 106.00666007962944, 113.97580400528635, 120.86603700722497, 127.33650666775104, 124.41457374113473, 116.4284348091653, 113.5013939561702, 105.72823917694116, 102.54363816430528], [15.789223880219858, 9.274110466713564, 0.0, 12.092709200241355, 9.518809278732505, 13.296320691037996, 17.755116820610613, 60.343158231236735, 66.41411028623244, 74.90592152884018, 82.90747969875524, 90.27881881303622, 83.34529564361068, 75.3425340627431, 66.8691617781417, 32.51471750493775, 27.649676568296638, 23.29094292272561, 20.357012714484927, 22.06774837869002, 16.137423050870577, 14.401768602069577, 17.701220567499547, 21.38859521177053, 28.21028729472506, 66.99652152881295, 74.52174850322386, 80.23486229079427, 88.12083266370492, 94.60957858092661, 92.77818711991199, 87.3475337564348, 81.06970875219008, 73.75857022996628, 68.08216028116406, 35.503405103066015, 38.0635534123789, 47.649710826889695, 46.76906247957073, 57.14384230714258, 64.83670127099023, 70.5346412829954, 73.12520103168046, 70.97399645785441, 58.914575624069776, 53.02291762102915, 50.61832295879157, 66.81194494522609, 63.97785213325277, 70.11112112853513, 74.51274160441955, 78.42149279276222, 83.54290426612215, 93.66816738054946, 94.70037231401038, 92.71746539535386, 88.54433632553291, 84.85923119037264, 78.34799888850617, 67.7586007808388, 69.23712834063166, 76.63060895419466, 84.52227361662894, 92.24083762410433, 88.50188043927446, 80.55271253090237, 75.54840039658282, 42.13767358197993, 43.58113798103032, 53.878643248754706, 66.06818627358543, 81.70035822227825, 93.54187073193644, 102.42481937548358, 113.69527981693561, 122.43263009357436, 129.4564358961631, 127.45869778640282, 120.20948267577197, 118.28449670081355, 111.5872785974706, 109.60493725389757], [26.00273814862567, 20.824443680653417, 12.092709200241355, 0.0, 10.297219206470546, 19.07941894216957, 24.559019424515178, 67.08503920505336, 73.74274332774144, 82.50368175169143, 90.08409095168919, 96.07350909071447, 89.624998401757, 81.90077835585817, 73.45482415448257, 44.290223747078755, 39.32134262967482, 34.11311838395185, 28.57726958765293, 24.81477147948145, 19.67978489490932, 24.015184272810338, 29.140724895786256, 33.28823984620026, 39.72291554666397, 76.77995778728895, 83.92471539706567, 89.29827642857356, 96.36950415377085, 101.92766955838307, 100.1536459158322, 95.49515102251578, 89.79409146654758, 82.60545851580413, 77.23798560423502, 45.431801459667675, 46.20613594664781, 54.61015816526007, 49.228500642965535, 59.32156288212122, 68.10557829283782, 74.31250078678613, 76.59595307971448, 75.31898178956395, 66.22855218787889, 61.10640579966422, 59.84285308624639, 62.76816660006358, 63.07323892067142, 71.51754460179288, 76.38336936483162, 80.84163316982013, 85.72671642298008, 94.83186215356903, 95.11348984919744, 92.61732024420803, 87.85023408327022, 83.3954574344254, 75.66121854031559, 64.27502430141577, 68.68123651004909, 77.5915142883771, 86.04762150615149, 93.32554675384853, 88.84154453631524, 80.08641043310833, 73.60895831016589, 39.630196919816, 33.93331974054943, 42.05797642852502, 54.90947531736558, 71.30543304582697, 84.97634462809135, 95.29336868321735, 110.88870878248595, 120.87980769509015, 128.1111746379592, 127.14465911001822, 120.86771506524641, 120.33499899672518, 115.39090226457819, 115.63762160324792], [19.64571146780704, 15.547493446945271, 9.518809278732505, 10.297219206470546, 0.0, 9.59042433195743, 16.436017838999994, 60.18765055045899, 67.037527193395, 75.87068226139631, 83.65072335049234, 90.03018891868268, 82.88329170164108, 74.84738578986385, 66.44317795913032, 38.771214525924016, 35.594479929841484, 32.26894834757647, 29.793569200310614, 30.198745898605196, 24.23058021996017, 23.7125803013092, 26.314391770925372, 28.62254781494885, 33.481207150096225, 70.13890412001048, 77.48179897996472, 83.21698537196447, 90.71066221210481, 96.78800189906998, 94.48791056433019, 89.41528958613824, 83.43143696104265, 75.95985985571718, 70.46536679999079, 37.540837393918885, 36.92285140509916, 44.51860582925779, 40.055094224991585, 50.31090086682788, 58.692305538060594, 64.9423127471221, 67.79218821487702, 66.76436027827609, 56.75970512223037, 52.25994691957312, 52.098136891093084, 57.55492076503511, 55.580204629052986, 62.860573922264386, 67.61462607419996, 72.03668072756481, 77.27660169720343, 87.32347620962756, 87.56645094037002, 85.0943497128777, 80.51593527617939, 76.41605546117864, 69.44689172699984, 58.67006717071714, 61.08633956915261, 69.30868461133387, 77.91138269835271, 85.79387946384381, 81.395417130487, 72.69231505026406, 67.01141207606717, 48.25390185422557, 43.87331813476518, 48.84507964779173, 59.09274585467053, 73.54711935907343, 84.47290433200227, 93.20228828912353, 105.00126397479502, 115.2710511733972, 123.37473840220493, 122.67253141264322, 116.54905874195852, 116.1794770426806, 111.69680825330047, 112.06354591066456], [13.227353511911215, 12.67847688471076, 13.296320691037996, 19.07941894216957, 9.59042433195743, 0.0, 7.602904748609241, 51.28469919550525, 58.13206485591591, 66.94982872826762, 74.82569527994607, 81.54453691401405, 74.04320792398165, 65.86150531828063, 57.49133891203819, 32.78765001764616, 32.0653465665348, 31.125512357476673, 31.72950415234764, 35.13647600662129, 29.370762472246888, 25.3865576107516, 24.963746021422626, 24.51945065120375, 26.754894021502775, 61.427244489051844, 68.76236627892163, 74.6262772880621, 82.25873085239203, 88.6004969223964, 86.00707294661956, 80.72460325753704, 74.64141021298018, 67.05947822573187, 61.55888207922021, 28.55794168081329, 27.363644459946045, 35.782959573875466, 33.675063572066506, 44.046792004258116, 51.762086502994386, 57.36388528235374, 59.95659460842696, 58.293539572472326, 47.377477410780095, 42.67672414026612, 42.84034272892686, 56.26233815847136, 51.77200917350701, 57.1143311602879, 61.351464192815016, 65.13656022211426, 70.26479514902996, 80.65612546173877, 81.61804897880758, 79.740518922516, 75.80643876546984, 72.52238177808036, 66.73099405861885, 56.70167881171287, 56.68221083092167, 63.53365193861262, 71.28644950753817, 79.20524576752457, 75.46918873157941, 67.73705553851431, 63.404660539821585, 54.47903865787851, 51.48207472455307, 55.805511175770384, 64.5150710184886, 77.89754278631541, 86.68244083916305, 93.75123951596215, 101.708931303178, 110.25759008191365, 118.10824295025763, 116.81694000895239, 110.27013204903355, 109.4102568319707, 104.68413411694175, 104.83593993216518], [9.671817243682026, 13.455570862215023, 17.755116820610613, 24.559019424515178, 16.436017838999994, 7.602904748609241, 0.0, 43.963759027355614, 50.70641580065464, 59.51834193586717, 67.37699764124163, 74.21407426158643, 66.82382638266748, 58.692957251704684, 50.27130741071055, 29.058026691897663, 30.29693530402423, 31.015549105375808, 33.28143643617656, 37.85210614077238, 32.69058092445928, 27.521375353584254, 25.34929193369292, 22.81172983173878, 22.577369418672095, 54.45079189542669, 61.5941686317788, 67.31884115099709, 74.75745558781757, 81.00568549696187, 78.43710347924052, 73.23717317086322, 67.27276128596503, 59.75579949484938, 54.357107807685225, 22.342664746589385, 22.058109019917396, 32.75200914110661, 32.93866724687167, 43.04464458764426, 50.15565017432721, 54.70977436336414, 56.28007088444638, 53.41657922727702, 42.30368895145521, 36.56558966471782, 35.99199785293159, 58.14328410000468, 52.46110929028769, 56.293076355811365, 59.886571658362854, 62.778979979071515, 67.35268861872086, 77.27221706117801, 79.28421455356128, 78.21955463640207, 75.010295209653, 72.52049987928473, 67.62673587621252, 58.04761197173656, 56.63513773678042, 62.2372816903404, 68.60346124041975, 75.95781154604052, 73.08374185957078, 66.68324539607283, 63.459044162484076, 56.903448334661284, 54.775908289038725, 59.72894120490952, 68.04599106830801, 81.38652687744413, 89.41420138799332, 95.54464341627467, 101.5063411241279, 107.4439886002847, 114.19863372776754, 111.86613305431518, 104.59110430899977, 102.91792993580698, 97.48454856300205, 97.32138492339755], [45.611559900783845, 53.01959037514147, 60.343158231236735, 67.08503920505336, 60.18765055045899, 51.28469919550525, 43.963759027355614, 0.0, 8.330629414285934, 17.173039980727612, 24.04717104503513, 31.03749753806737, 23.083318264089566, 15.096899077848867, 6.680979183702417, 46.219818574045014, 55.23278524044984, 61.46602051824239, 68.14169498331702, 75.10440072734505, 71.82922795653216, 64.7440156435913, 58.95115473899982, 51.87399079354008, 42.87679566977325, 26.691636514613354, 28.75567347827338, 32.17934815666734, 36.20896678984936, 41.075457139862905, 36.93840647293044, 32.979531658547565, 29.33647599707702, 23.244298326087993, 21.44330043261517, 30.497526219849505, 30.38280777735687, 38.05271327619216, 47.2096039388227, 50.29463900861216, 50.89306756741819, 47.5210989799055, 42.0593721588497, 31.754927465781723, 27.060376048733264, 19.82457234456083, 18.76703487611338, 75.16360734797527, 64.4210397079855, 59.025109414321165, 57.89781968238235, 54.661575039972846, 54.656431534112905, 60.009815219758664, 68.10363342298302, 72.02042993000522, 73.6470223782397, 76.12966759968526, 77.283036192971, 72.54368552413369, 63.75191905533305, 60.708852105775584, 57.2494162291544, 59.82964740255778, 63.039310988623996, 65.86424963234138, 69.81803220982287, 91.21414635306233, 90.02283646050545, 93.06870808424105, 96.96730317491061, 106.89213010314961, 108.5126829761374, 108.3489280962228, 100.30056736095824, 91.37949513214524, 92.21910047966075, 84.31645847426005, 73.50341515189874, 67.37511430244086, 59.75650877094785, 60.28075313778525], [51.24046585670301, 58.63685949707146, 66.41411028623244, 73.74274332774144, 67.037527193395, 58.13206485591591, 50.70641580065464, 8.330629414285934, 0.0, 9.077997061089468, 16.744060515223715, 26.25516158051494, 18.683498262499157, 11.818271595514378, 7.354406250318852, 48.92360217408793, 58.33833296418119, 65.1037256546965, 72.34201781602917, 79.82302373305153, 76.94464953196875, 69.4758928216002, 63.2673696193586, 55.93470094508944, 46.588990643633615, 21.64560784031964, 21.778196355911593, 24.366433924737493, 28.006492291685657, 33.425768387704075, 29.173551245322276, 24.685031529641297, 21.17320879323543, 15.741033461920633, 15.51853781117416, 35.02539505138827, 36.62570124612373, 44.12666332023745, 54.93636054671604, 57.67557109790943, 57.44286594446834, 53.39913729562224, 47.748298121291775, 37.02636922146843, 31.752994018318383, 24.615169320672532, 21.16269136319041, 83.26945533041294, 72.15513299134096, 65.92779035055116, 64.36330916618473, 60.54927095909085, 60.11970221526675, 64.871089387859, 73.63604368530106, 78.09072770091284, 80.25231141699193, 83.20241886537859, 84.90097713359154, 80.56407765955825, 71.2339772040132, 67.37089704158612, 62.95604578114725, 64.89406398534875, 68.94621534568438, 72.74150696474729, 77.33393338269187, 95.63167739616561, 96.12493094710732, 100.4547004893817, 104.78668875782381, 114.95874938049676, 116.56052113070609, 116.08177313598769, 106.68901373951955, 95.81710148474814, 95.33366072196186, 86.00457974810998, 74.12054076884093, 65.99220541096675, 55.85234572085249, 53.81083643048956], [59.554913680674524, 66.90479429480324, 74.90592152884018, 82.50368175169143, 75.87068226139631, 66.94982872826762, 59.51834193586717, 17.173039980727612, 9.077997061089468, 0.0, 8.662539972128325, 21.113055252695784, 14.637084966870487, 11.554202991982224, 13.590648536129027, 55.31136467467519, 64.94853915153728, 72.07160204787476, 79.68559495554317, 87.48683149528722, 84.87400116101757, 77.1742526044322, 70.70648871852919, 63.241475478393646, 53.726858517155684, 21.49481147884098, 18.179295785096905, 18.592624527333708, 20.29696666428521, 25.822164990964527, 20.91954469340196, 16.19878089995028, 14.122101526875277, 11.607587629282667, 15.037678103458026, 42.71592117760413, 44.799528106050424, 51.38503428986858, 63.05258194518699, 65.06878389345287, 63.89567905729733, 58.99342285351377, 52.913514593929044, 41.97722486908091, 37.68651015574117, 31.637739026124024, 27.92826057586904, 91.19650224005954, 79.67746402274237, 72.45008307328268, 70.30683433710115, 65.76707410829431, 64.69359391507686, 68.50736637255083, 77.98902993567687, 83.09900737959553, 85.94798069651613, 89.52099381797711, 91.98616806035234, 88.31651014363884, 78.30267111110315, 73.39033523037723, 67.71471779858068, 68.76948404369922, 73.78686966812924, 78.8341761772295, 84.26791929307802, 102.95834395903773, 104.36539640068938, 109.15116320750121, 113.38451673763242, 123.3489556988418, 124.40308068209481, 123.24122980407789, 111.86520054812738, 98.66335367675747, 96.83367609103041, 86.1795091793138, 73.45941208224559, 63.5753871452634, 51.58783331790849, 47.6305932767173], [67.73019478651901, 75.0922495836119, 82.90747969875524, 90.08409095168919, 83.65072335049234, 74.82569527994607, 67.37699764124163, 24.04717104503513, 16.744060515223715, 8.662539972128325, 0.0, 13.918823315273384, 10.55873728810576, 13.40989313344644, 19.10368408940163, 63.814313611741476, 73.35538290144217, 80.38949877664375, 87.82773066204774, 95.31935561527352, 92.8262888468368, 85.4164820084659, 79.07843360047598, 71.68822025897214, 62.268575563680926, 28.578496401042326, 23.326282839438328, 21.150046070872328, 18.082869853071053, 20.414797093525348, 14.563049209659255, 13.270592403109555, 15.969710219683892, 17.552379657363073, 22.51926303933577, 51.27099538311657, 52.861387179848776, 58.6675991694798, 69.435370510774, 70.64284373915339, 69.01187701987713, 63.31438114345713, 56.23182973668448, 45.197890107854796, 44.17540727838534, 39.3061295213646, 36.54006272559969, 96.01210833617958, 84.69253086420787, 76.96577690260149, 74.28951342156176, 69.03540460854336, 66.96812526623384, 69.00013092571223, 79.28244678097191, 85.1419238924468, 88.69239297354481, 92.86901994352078, 95.98180088778038, 92.9241802180395, 82.74793276741184, 77.03834126456884, 69.86706209020885, 69.51968328368834, 75.48936159233247, 81.96324652446863, 88.06804824162668, 110.04393752081491, 110.76584803101642, 114.92229000053318, 118.46083161293183, 127.88040090612378, 128.17611821403034, 126.19799308625716, 113.40139417655027, 97.2345974219285, 93.67912975026573, 81.7392103835006, 68.34121234641937, 57.21253483289447, 44.73003857366054, 41.85770585858019], [75.87973954797828, 83.23413324237694, 90.27881881303622, 96.07350909071447, 90.03018891868268, 81.54453691401405, 74.21407426158643, 31.03749753806737, 26.25516158051494, 21.113055252695784, 13.918823315273384, 0.0, 10.357562385390926, 18.415469674354927, 25.321562400659975, 74.83306093947867, 83.96438575877644, 90.39610580019898, 96.98964040943343, 103.37320166804453, 100.78850788112274, 94.33098621413113, 88.61046033822736, 81.55535794299462, 72.53433763827188, 42.1765541785554, 37.11640394918507, 34.27005287165174, 28.13416036139888, 24.453548386975765, 19.591298538687653, 24.223418909944584, 29.336241678506298, 31.362433917349925, 35.948912594973244, 61.000072534100106, 60.949781973175135, 65.79282891513229, 73.33892274804148, 73.41996958816675, 71.85972663981224, 65.41823318877866, 56.562980660222024, 45.83697463955391, 51.182213059720844, 47.86349721403469, 47.24499629349192, 95.90121680875606, 85.71995415302251, 78.14287002544991, 74.9436666777907, 68.95543609752526, 65.2895570854717, 63.99868920763178, 75.24948049928811, 82.05516416431928, 86.3993387841931, 91.20965042192432, 94.89651555088831, 92.55223480176419, 82.96674638423096, 76.71945693838975, 67.57478954512494, 64.84086181249914, 71.84820195019759, 80.17374293405949, 86.78116115199084, 116.83994308661408, 114.58891492011742, 116.37117909454031, 118.17310945429868, 126.3215727769275, 125.33814749299597, 122.19647500023076, 108.5930250961967, 88.22574613938069, 82.19934258891354, 68.9049100833541, 54.94375248194587, 43.48580252477102, 34.076831077838825, 39.712922545215406], [68.67347371080253, 76.08298366482525, 83.34529564361068, 89.624998401757, 82.88329170164108, 74.04320792398165, 66.82382638266748, 23.083318264089566, 18.683498262499157, 14.637084966870487, 10.55873728810576, 10.357562385390926, 0.0, 8.668485272615568, 16.68882153482977, 67.50988394144053, 76.97519317810594, 83.65010770617393, 90.6181496976956, 97.55838940464204, 94.5739663160084, 87.55583030720466, 81.58336094175387, 74.33204260038283, 65.00830634937745, 35.854733513343845, 32.11014110187771, 31.158097296537044, 28.527838844924393, 28.98834133704031, 23.114543534936832, 23.6244857817387, 25.864193868387762, 25.67145041680867, 29.340283101272778, 52.75992006733235, 51.90401036764387, 55.95459625510544, 64.57885087085916, 64.63033031512461, 62.703750029889136, 56.3819316559232, 48.24637769795919, 37.316284938562, 41.004041107370846, 38.1239682600773, 38.66440667554224, 88.9982908908591, 77.8086005061973, 69.71921029756848, 66.62803509339291, 60.884015139454206, 58.030143498250624, 58.933041801748715, 69.53966743255884, 75.7765212515263, 79.73385353889974, 84.31888530356855, 87.98809324522577, 85.67651973468817, 75.2609753488692, 68.93392747992098, 60.72033495512868, 59.551188580218664, 65.93745121937312, 73.30822761813724, 79.95180386963224, 112.50210924449812, 110.53224820412359, 112.04534309964723, 113.95092646310846, 121.95896630838463, 120.7386905583559, 117.77944470778056, 103.61975767466808, 86.7433018226884, 83.68588293982843, 72.64380456675418, 60.25907400198761, 51.44338093072286, 44.1568361566791, 47.854936325042345], [60.586640027398026, 67.99654836260905, 75.3425340627431, 81.90077835585817, 74.84738578986385, 65.86150531828063, 58.692957251704684, 15.096899077848867, 11.818271595514378, 11.554202991982224, 13.40989313344644, 18.415469674354927, 8.668485272615568, 0.0, 8.487663155712118, 59.72251770953914, 69.22673232684812, 75.90136682204377, 82.94935687150927, 90.10502444274613, 86.90187064201942, 79.65482203588039, 73.6270733027788, 66.3433643535457, 56.97142150697768, 30.825416096625542, 28.978862725894835, 29.9561595006199, 30.46586067906807, 33.46001735393646, 27.86488528551275, 25.730699803499572, 25.11998480601559, 22.27882181449268, 24.287924022138036, 44.3895627481705, 43.25473928830205, 47.606561208109085, 56.889674087193626, 57.567488502193335, 56.020765981034806, 50.36922942686757, 43.095434668480195, 32.00011176543198, 33.044053002811765, 29.53965214092448, 30.495944061742865, 82.93390879345426, 71.3971822151356, 63.66279474054778, 61.05619125645645, 55.97431071138899, 54.14947734725901, 57.10035031579101, 66.85073354335124, 72.30340612191567, 75.54834336694397, 79.5528457470904, 82.63400987059133, 79.77497841438746, 69.35140131007398, 63.72278545832328, 57.00570147044822, 57.42429440960159, 62.783625863666245, 68.6892344506786, 74.74008428160286, 105.85463193285064, 104.15530196473819, 105.88445878502657, 108.2634081878309, 116.6426935615171, 115.98156795412184, 113.74448954942666, 100.83326330710717, 87.24770318714974, 86.25139639943397, 76.79280357588722, 65.32091307156885, 58.00460382285211, 51.12669441053253, 53.48249543749241], [52.1768588972049, 59.5821518323448, 66.8691617781417, 73.45482415448257, 66.44317795913032, 57.49133891203819, 50.27130741071055, 6.680979183702417, 7.354406250318852, 13.590648536129027, 19.10368408940163, 25.321562400659975, 16.68882153482977, 8.487663155712118, 0.0, 52.26892264856378, 61.522334951769025, 67.94436881837791, 74.76632003736087, 81.78429362380837, 78.5008832610229, 71.36316417997737, 65.48473283415345, 58.319540030528394, 49.14405204594104, 28.185645069318923, 28.531865144227183, 31.00488836807862, 33.6297201529731, 37.75623470862562, 32.951339091891604, 29.684649708744555, 27.191881053889986, 22.22585490516642, 22.09286825711236, 36.540052801017744, 35.63223464037298, 41.48947400171694, 50.61798339658593, 52.484775347484764, 52.063092846257085, 47.5719842877878, 41.155244264551634, 30.266578069796413, 28.49355541390751, 23.20257647918009, 23.63453376815335, 77.68939510433968, 66.52050456348579, 59.98288067672084, 58.15187617281014, 54.03722516688096, 53.20140969320048, 57.552988605421746, 66.411177203543, 71.02614835930703, 73.3883168529457, 76.5807795478665, 78.64269227349534, 74.79415049410441, 65.17493573978909, 60.898068089237285, 55.92518373834744, 57.584217637440226, 61.748171893180874, 65.98417085205334, 70.94038981250313, 97.75494378990837, 96.12590593001664, 98.34641235431803, 101.4188825281988, 110.53681005130167, 111.00661846462188, 109.84384180308471, 99.5251060116852, 88.60510827635248, 88.77089734662741, 80.30920125074965, 69.29446286924156, 62.85547944068942, 55.821525248783814, 57.41889624511204], [20.688696816908166, 23.664931110911798, 32.51471750493775, 44.290223747078755, 38.771214525924016, 32.78765001764616, 29.058026691897663, 46.219818574045014, 48.92360217408793, 55.31136467467519, 63.814313611741476, 74.83306093947867, 67.50988394144053, 59.72251770953914, 52.26892264856378, 0.0, 10.468002824201234, 18.853144088860756, 28.720335846648624, 39.95634272739773, 37.45888386643102, 26.90751598102913, 18.94675759232387, 11.696506170636255, 6.687865914098831, 40.36445047633734, 48.48381584223743, 54.71419219287414, 64.54868713910938, 73.36856419384748, 71.74897228435941, 64.41100043791653, 56.82871146622835, 49.8918911177185, 43.76157811666013, 18.723226017111713, 29.941483508942504, 42.167707552715335, 54.19282319980103, 62.90071611113181, 66.535029537971, 69.19226802276218, 70.99112979505438, 65.58671728665355, 47.13647966983454, 38.41611667639634, 30.171205574459247, 85.0350704001578, 76.17887611713178, 75.85439928794378, 78.16636588529379, 79.53666512933351, 84.04213988126733, 94.92664804945554, 98.67469172921525, 98.77295983176482, 96.82071664928058, 95.65882089283353, 92.64947511098931, 84.52927081354376, 79.5786322931326, 82.10021346897214, 86.59235440768174, 93.93451504218903, 93.00010913476851, 88.69901939933624, 87.90303186543814, 60.327789533927046, 71.27840190205144, 84.35683920094917, 95.43163609418525, 110.00797666289512, 118.39518422510903, 123.93666145346761, 125.33398926422304, 128.2480186727184, 133.12629238459945, 127.66311949527636, 117.61425735437449, 111.41778026014148, 99.53626179063457, 90.94841094653746], [20.833533846083363, 20.442059434920886, 27.649676568296638, 39.32134262967482, 35.594479929841484, 32.0653465665348, 30.29693530402423, 55.23278524044984, 58.33833296418119, 64.94853915153728, 73.35538290144217, 83.96438575877644, 76.97519317810594, 69.22673232684812, 61.522334951769025, 10.468002824201234, 0.0, 8.69478151297927, 18.99708792679196, 30.831520058139144, 28.888017731005586, 18.31820531867325, 10.813923393301852, 7.596632488206929, 13.27740664471575, 50.25368827480488, 58.18923290336456, 64.1319323660013, 73.66968251823965, 82.11289725067037, 80.89881864454024, 73.86211126927425, 66.48017016430606, 59.73925924851987, 53.711651248126884, 27.313155428586313, 37.25703963493676, 49.08379641752697, 58.683518895306975, 68.10398083862297, 72.72653670033658, 76.3273254067639, 78.59396465285678, 73.85092011651642, 56.073268692657976, 47.76647309610313, 40.15817752817, 87.26248168854693, 79.95003471942762, 81.3233327232602, 84.27091311880208, 86.39571694709865, 91.23791690138958, 102.18275501612376, 105.28409495614379, 104.79117418901849, 102.17783068886501, 100.25132942154147, 96.18241504854487, 87.25792613877204, 84.0305490737976, 87.91434874130924, 93.48557953125378, 101.0780837528764, 99.43934151776389, 94.04321535857386, 92.05030880697252, 51.496233742758484, 64.87907201796193, 80.19186551589172, 92.79300109785015, 108.38485970002054, 118.59123378552039, 125.53518068045776, 130.09134328097517, 134.66196607502548, 139.8211375024042, 134.7776554549165, 124.94583188972386, 119.06258103378012, 107.12127803714323, 98.43985610876979], [21.84595074495214, 18.626875476594996, 23.29094292272561, 34.11311838395185, 32.26894834757647, 31.125512357476673, 31.015549105375808, 61.46602051824239, 65.1037256546965, 72.07160204787476, 80.38949877664375, 90.39610580019898, 83.65010770617393, 75.90136682204377, 67.94436881837791, 18.853144088860756, 8.69478151297927, 0.0, 10.421746887926364, 22.521496630154804, 20.92346595767735, 10.946189917231514, 6.287983529305641, 10.666578522198817, 19.99941810165266, 58.31891507503324, 66.1179767920444, 71.8607007000789, 81.00168124936357, 88.95759866365273, 87.94057294550815, 81.29222400646127, 74.166886682535, 67.45742869551728, 61.51224680234845, 33.732377056933565, 42.477908496353265, 54.01750502952107, 61.13632751718447, 71.02239384681744, 76.54069764092195, 80.84706196126064, 83.31066279758478, 79.12738788167871, 62.3809156682787, 54.404506932641404, 47.49654888445823, 87.24359312298486, 81.44615385696535, 84.33585090942024, 87.78335031278688, 90.4917652569425, 95.49958012478595, 106.29024589643257, 108.8531174157823, 107.89524799565703, 104.74955094725162, 102.19686219132566, 97.22899911552882, 87.6442501477841, 86.02019254585485, 91.06258813198808, 97.42317302677147, 105.0949396087366, 102.86150876073958, 96.62046704417237, 93.59939821544083, 43.616947179001, 58.078245503989024, 74.80393728478545, 88.47645009426844, 104.79254671506601, 116.4534325355296, 124.52842250404609, 131.90653314779487, 137.74600627462246, 143.13313592045373, 138.58239756774367, 129.1005527191939, 123.7665759845881, 112.28206128889703, 104.28725407961979], [25.485898522506435, 20.04288341018794, 20.357012714484927, 28.57726958765293, 29.793569200310614, 31.72950415234764, 33.28143643617656, 68.14169498331702, 72.34201781602917, 79.68559495554317, 87.82773066204774, 96.98964040943343, 90.6181496976956, 82.94935687150927, 74.76632003736087, 28.720335846648624, 18.99708792679196, 10.421746887926364, 0.0, 12.25501363174049, 11.51816689217829, 6.766948236567649, 11.496095804954999, 18.808169688220435, 28.67239954950005, 67.31045551626885, 74.89466331985665, 80.36417126704404, 88.92435059149594, 96.19037794743694, 95.3890872688609, 89.29411002237332, 82.55070403646434, 75.8973985335315, 70.09782659201412, 41.47377835694535, 48.970590767678, 60.25820575477104, 64.36869360548721, 74.60563574021636, 81.12703978342255, 86.05931812326268, 88.48637668862327, 84.83185645919369, 69.6473762366315, 61.96145773509055, 55.73999861119227, 87.05271432664385, 83.23407969382659, 87.86639591809465, 91.79869088435544, 95.0486783512698, 100.0734360397832, 110.40302639247591, 112.45343883826, 111.06513580834088, 107.3898378504792, 104.18427377422023, 98.21371609852817, 87.89413349895047, 88.25519429930237, 94.55527981828072, 101.57801394563532, 109.12776770908484, 106.30264371267374, 99.28557618905872, 95.11831123392123, 33.939806790474144, 49.17481898077754, 67.63611901465605, 82.55858601085127, 99.75550302583144, 113.19168317895543, 122.5699091340919, 133.4010416856783, 140.30476319555746, 145.73477143546916, 141.69330192994968, 132.63177406962913, 127.97164098132453, 117.15728718464314, 110.24994155148413], [32.13107309389273, 26.032369431799985, 22.06774837869002, 24.81477147948145, 30.198745898605196, 35.13647600662129, 37.85210614077238, 75.10440072734505, 79.82302373305153, 87.48683149528722, 95.31935561527352, 103.37320166804453, 97.55838940464204, 90.10502444274613, 81.78429362380837, 39.95634272739773, 30.831520058139144, 22.521496630154804, 12.25501363174049, 0.0, 6.283272937862004, 15.090351549898275, 22.363074417737494, 29.50335359602392, 38.977801921836104, 76.91862340135323, 84.16528527952325, 89.25576337790858, 97.01849847874938, 103.36754829472981, 102.8167373265911, 97.46161037239257, 91.2536552306558, 84.73051504971717, 79.17426680278844, 50.492449806148784, 56.81115278877838, 67.9250754795839, 68.77904434656625, 79.15575256404989, 86.68445294888971, 92.05255597902745, 94.12955123851454, 90.90178082557598, 77.81374483880668, 70.35812364135647, 64.76066085436676, 87.13490259045194, 85.7102634873233, 92.15880654033957, 96.48660782414878, 100.14630521107426, 104.97190228678629, 114.44186038467464, 116.08517176064038, 114.37629859338132, 110.24969836000543, 106.44350181788963, 99.45924555535765, 88.4054112537744, 91.04144780761177, 98.56468172873777, 105.97390557424735, 113.11444570278168, 109.78289658591802, 102.20159159693328, 96.87243121619501, 22.85482162470838, 38.11435609691533, 58.91746239316234, 75.28057688222327, 93.5390374539052, 109.06446764906451, 119.85011677348025, 134.66469916937368, 142.15561172556596, 147.30829280159222, 143.71428242196077, 135.11509577817588, 131.20543585023762, 121.25222124162306, 115.81993343908579], [27.594982871167723, 20.96022343304315, 16.137423050870577, 19.67978489490932, 24.23058021996017, 29.370762472246888, 32.69058092445928, 71.82922795653216, 76.94464953196875, 84.87400116101757, 92.8262888468368, 100.78850788112274, 94.5739663160084, 86.90187064201942, 78.5008832610229, 37.45888386643102, 28.888017731005586, 20.92346595767735, 11.51816689217829, 6.283272937862004, 0.0, 11.268093816299283, 19.11434923109547, 26.269153018739267, 35.70303085868228, 74.7779752370034, 82.2116554520758, 87.56359290629567, 95.49692362385714, 101.9995534569745, 101.05910691389592, 95.5877401738855, 89.26595390568463, 82.45825974520619, 76.79443387065861, 46.59194872040504, 51.967649110137145, 62.50269037862811, 62.89401299893217, 73.26715016596958, 80.84088406998265, 86.42713965685358, 88.828924462989, 86.02832417991527, 73.02538184789478, 66.06328688990993, 61.344949720708954, 81.42210233599243, 79.7357669563036, 86.22278840478242, 90.64461479965242, 94.48864804650289, 99.50145695355194, 109.29244131056893, 110.61672241536121, 108.70955964995133, 104.46995007925224, 100.58979446585298, 93.63280403819563, 82.68806391368626, 85.14154223039114, 92.75135315962282, 100.49488028632693, 107.91727996421461, 104.36085959081194, 96.49017591580244, 91.12765890812534, 28.06173313891248, 38.752098008424916, 56.79814153692146, 72.25911605844585, 89.85207080549256, 104.52739431676662, 114.95869734279955, 129.0357586294284, 137.34148499972383, 143.23099384532395, 140.2375351207151, 132.09954681952013, 128.8319734216986, 119.83585640146137, 115.32602773468001], [20.36538780473492, 14.120315046682668, 14.401768602069577, 24.015184272810338, 23.7125803013092, 25.3865576107516, 27.521375353584254, 64.7440156435913, 69.4758928216002, 77.1742526044322, 85.4164820084659, 94.33098621413113, 87.55583030720466, 79.65482203588039, 71.36316417997737, 26.90751598102913, 18.31820531867325, 10.946189917231514, 6.766948236567649, 15.090351549898275, 11.268093816299283, 0.0, 8.054847333380932, 15.656083295348997, 25.545847104877627, 65.64604910773112, 73.40385240032734, 79.13436385763194, 87.77314232542037, 95.0854455640839, 93.84750841455013, 87.7206973638393, 80.92229643189063, 73.94287019277955, 68.04927673220926, 37.44375341337546, 43.72488406609822, 54.42268515567228, 57.89405786704341, 68.14388783895862, 74.77229945012841, 79.95493175324016, 82.6918338059729, 79.52440145311607, 64.5915658873625, 57.47591090598882, 52.38178343116014, 80.66771904435998, 76.63548750471281, 81.35953492416556, 85.40218074464856, 88.85804346503275, 94.0597413827266, 104.66243629703295, 106.36186459360562, 104.76172903050576, 100.95956123749943, 97.66736916225152, 91.70684839050065, 81.4972171463984, 81.72301394137193, 88.14927453441, 95.52270051787922, 103.33432435659488, 100.24936794497607, 92.92453732685044, 88.69365128241647, 37.80893504199135, 48.99414464138296, 64.82191768204302, 78.75818988158356, 95.23163058683964, 107.80501363732412, 116.81993599360082, 127.02964336593914, 134.75438067567498, 140.93093464674908, 137.5715573752953, 129.06212210633294, 125.1939942131673, 115.57943560079474, 109.95472674903172], [16.667373076024425, 12.659246107805433, 17.701220567499547, 29.140724895786256, 26.314391770925372, 24.963746021422626, 25.34929193369292, 58.95115473899982, 63.2673696193586, 70.70648871852919, 79.07843360047598, 88.61046033822736, 81.58336094175387, 73.6270733027788, 65.48473283415345, 18.94675759232387, 10.813923393301852, 6.287983529305641, 11.496095804954999, 22.363074417737494, 19.11434923109547, 8.054847333380932, 0.0, 7.89901809666531, 17.998558618817757, 58.25667748729411, 66.15866283690676, 72.07223913398694, 81.0945146278722, 88.87561894156984, 87.49040595665059, 80.98579310181249, 73.9309920980483, 66.90736378615627, 60.911390042471055, 30.74124210813605, 38.16216444339883, 49.34091656925325, 55.32823810272112, 65.32432208536947, 71.16332202892151, 75.7809186023883, 78.43475475274622, 74.74164557235392, 58.59938156560488, 51.13408505325649, 45.43939912038377, 81.00206304465895, 75.35972104774042, 78.63376033650631, 82.25352721112009, 85.21432743037838, 90.34465716293636, 101.23149540836755, 103.4334331583963, 102.24588520659958, 98.91544398713057, 96.19445467021868, 91.07084350411742, 81.44150070722738, 80.04050853507486, 85.40724032450025, 92.14107353923497, 99.97748382528417, 97.42548630824653, 90.8215914564193, 87.55793716261361, 44.52234333209853, 55.73001912723733, 70.49812078236351, 83.47034464191171, 99.30248228394277, 110.49511718569377, 118.44339966976891, 125.90754326882144, 132.5159054298653, 138.50690689919983, 134.6387399413991, 125.72934621191322, 121.2660587215099, 111.07006279865897, 104.63236002562407], [13.476446070739199, 13.312495681950587, 21.38859521177053, 33.28823984620026, 28.62254781494885, 24.51945065120375, 22.81172983173878, 51.87399079354008, 55.93470094508944, 63.241475478393646, 71.68822025897214, 81.55535794299462, 74.33204260038283, 66.3433643535457, 58.319540030528394, 11.696506170636255, 7.596632488206929, 10.666578522198817, 18.808169688220435, 29.50335359602392, 26.269153018739267, 15.656083295348997, 7.89901809666531, 0.0, 10.113908740427755, 50.578896263303626, 58.56119423872913, 64.61619785446604, 73.82019675925683, 81.8573010025015, 80.26193080560115, 73.5551809248699, 66.37648702695053, 59.2625068345197, 53.21252995334075, 23.303166352319867, 31.845265686258106, 43.75062042637976, 51.77583966497216, 61.42271569953775, 66.57827837066016, 70.5206162668962, 72.82372540277811, 68.55621243779214, 51.763750982735495, 43.88522445742345, 37.710996202258094, 79.75153267451805, 72.77917948013214, 74.72521186734963, 77.8806980934263, 80.27160006397789, 85.17276733345358, 96.06063779603807, 98.8209236173474, 98.11221798647733, 95.29332687132772, 93.17025930368202, 88.85946352699648, 79.78032006479849, 76.96479119784489, 81.2974885238393, 87.22025219203525, 94.89139614423391, 92.89797706051077, 87.13338557745483, 84.80433297434108, 50.983596807039305, 60.90226983099722, 74.21623495372506, 86.08344559568887, 101.24815703741027, 111.07717215331996, 117.94335788731343, 122.93264101450545, 128.14088130013806, 133.81834717215122, 129.49358861958984, 120.28845125788796, 115.43129486067764, 105.02902788340069, 98.39997200264561], [14.81255787312519, 18.993524921122564, 28.21028729472506, 39.72291554666397, 33.481207150096225, 26.754894021502775, 22.577369418672095, 42.87679566977325, 46.588990643633615, 53.726858517155684, 62.268575563680926, 72.53433763827188, 65.00830634937745, 56.97142150697768, 49.14405204594104, 6.687865914098831, 13.27740664471575, 19.99941810165266, 28.67239954950005, 38.977801921836104, 35.70303085868228, 25.545847104877627, 17.998558618817757, 10.113908740427755, 0.0, 41.02721889504239, 49.112860307398314, 55.386061929232106, 64.79564744476076, 73.14363243405955, 71.18791314275528, 64.23103378739091, 56.9056410496948, 49.62110269167646, 43.499616233276335, 14.049376872578726, 24.4982197236259, 37.2841469702061, 48.01725009178292, 56.94105014547461, 61.071071181468795, 63.98574671920072, 65.72124396401391, 60.656376050901926, 43.119652286080544, 34.6324373000139, 27.75991243007063, 78.49243536735673, 69.8927487259762, 70.02360201229835, 72.49560378513328, 74.05932247247512, 78.58060879314749, 89.37220213161801, 92.88123023020758, 92.83317945586921, 90.7290332920584, 89.42827679600686, 86.23449506813635, 77.9808882450236, 73.34101793039389, 76.21873118911694, 80.95035604106063, 88.32587562859763, 87.10911666037977, 82.54544442878858, 81.4947143270749, 59.68180808535006, 67.86427476676315, 79.23206944622646, 89.6101281708978, 103.79510819121691, 111.82730101273758, 117.26345418464516, 119.02939737877948, 122.3528604062894, 127.61898770675802, 122.74691911265266, 113.2237369546905, 107.9360596031942, 97.44637292839984, 90.80381599080104], [51.347943727473414, 57.995090721906415, 66.99652152881295, 76.77995778728895, 70.13890412001048, 61.427244489051844, 54.45079189542669, 26.691636514613354, 21.64560784031964, 21.49481147884098, 28.578496401042326, 42.1765541785554, 35.854733513343845, 30.825416096625542, 28.185645069318923, 40.36445047633734, 50.25368827480488, 58.31891507503324, 67.31045551626885, 76.91862340135323, 74.7779752370034, 65.64604910773112, 58.25667748729411, 50.578896263303626, 41.02721889504239, 0.0, 8.42328182541781, 15.448955587449948, 26.349611488144166, 36.86693555113778, 34.345480618544414, 25.59241384971871, 17.268808853287968, 11.253187023690044, 6.582260116051401, 33.54869489151471, 40.29201284130022, 48.95733088566621, 64.85006069733984, 68.99688656341193, 68.31496984715444, 65.45803222769781, 62.731467986651325, 53.176130118086284, 39.17686811635836, 30.56506120789044, 20.57073803235754, 97.05584296149007, 84.94103360509052, 78.56996567466754, 77.