{
	"dissimilarities": [[0.0, 7.327004877511682, 15.725685186784615, 25.646062531473056, 19.51006805089993, 12.293992491597105, 9.570342795834746, 43.44623682201455, 49.12945296032499, 57.479848374929624, 65.68004915555714, 73.46570431924036, 66.47221157045745, 58.36797561866379, 49.92505358952157, 21.257987584776625, 21.887027231195813, 22.480284177250606, 26.171006311258655, 30.596548238615114, 26.774592434495688, 20.76393673262125, 16.951031957367082, 14.415990740327148, 15.40679371465228, 52.52881491969421, 60.32501238360356, 65.9225710666014, 74.2895272327169, 80.99540986728225, 79.02398204753436, 73.20941554968395, 66.54574446645225, 59.40036988745721, 53.42070787623523, 18.724113849566713, 22.65759365792224, 34.8712969953519, 40.26812766961554, 50.09240729223323, 56.48202959236186, 60.79997554505253, 62.55107140740588, 58.91178456473289, 45.666256020901955, 38.32142866695682, 34.226642425960165, 66.65951765294535, 60.29224527232295, 62.25721190384586, 66.90249450695507, 68.34547527162272, 73.46343166177246, 85.5613735275053, 88.15817640528847, 87.28489846103162, 84.25360080925871, 81.9015569103014, 77.17848024100466, 67.87362725319498, 63.824263190252054, 68.9813208830338, 75.22130932978293, 85.12674024899596, 82.05550765247268, 75.94300681734545, 74.07525255653462, 52.52511899581975, 55.63233103871005, 64.30218215425994, 73.92218379136959, 88.28593615163018, 99.10033867145536, 102.66790047972893, 111.3189620222776, 116.07324131224482, 122.1273987042092, 118.36807545147299, 110.17639561093652, 106.19271972858338, 100.40016752232609, 96.07162834887406], [7.327004877511682, 0.0, 8.946831793030933, 20.022520321846656, 14.594279519299542, 10.579656203225225, 12.616968821191005, 50.68258404067461, 56.443422948926525, 64.80183441120862, 73.00593944365833, 80.72584138740848, 73.71700557186684, 65.58749750500564, 57.13714852855421, 25.055168837660403, 22.688742531213382, 20.71765108445279, 22.171049638720586, 25.25689644621876, 20.92157613997449, 16.005312141839095, 14.48522400323005, 15.507019257643487, 20.245749653522363, 59.3750825445611, 67.26410036812815, 72.93706917149306, 81.39767178947972, 88.14891873157339, 86.25916941355797, 80.41896460082268, 73.70363474169712, 66.53993984143271, 60.52243258780747, 25.386292527460878, 28.443029252814508, 39.02332890809273, 42.735649477380264, 52.85010523833595, 59.77603566948039, 64.9221519532146, 67.41044390802156, 64.6118647222832, 51.333102558906795, 44.69470911883082, 41.17736495453471, 67.01046608729607, 61.558907000878506, 64.87599890999078, 70.11132963493505, 72.22372715319848, 77.8378680933391, 90.30514187776951, 92.04133906163268, 90.5501624913609, 86.93707427843495, 83.9314437959416, 78.41992404680983, 68.54718087502329, 65.86304112908923, 72.07493007858038, 79.28892952829104, 89.72088050165115, 85.93438793960131, 78.79123266548412, 75.97103055148078, 47.94146742044667, 51.41134259526143, 60.78229571820111, 71.3372965907893, 86.13572268719818, 98.06854998540813, 102.74736213707217, 113.5273675160817, 120.19176711067097, 126.9444116174504, 123.89766615100605, 116.16465351265724, 112.67445271261863, 107.159985087571, 102.9010208097789], [15.725685186784615, 8.946831793030933, 0.0, 11.75270897470779, 9.502058447538039, 12.568606051881607, 17.864254360963095, 58.31402870955594, 64.24448362537133, 72.80768876781634, 80.88174882541001, 88.05699125840812, 81.2431302660735, 73.16405973059433, 64.64748562769665, 33.3079909141052, 29.082194787623, 24.775501713228675, 22.392826096631506, 21.541934392726453, 16.825525310579128, 16.54653093156161, 18.947432268416982, 22.797269624656835, 28.997827106896136, 68.08769628493263, 75.85241412845517, 81.37448130865225, 89.48924320798805, 95.82066117821276, 94.04320649110771, 88.57221484022598, 82.08595019457553, 75.02691901637165, 69.08938798344852, 34.16728142555848, 35.95686364985341, 45.23980806405407, 45.88476319309661, 56.06170653289984, 63.877266056874454, 69.76457982897077, 72.5228806376162, 70.55797892183189, 58.70138676947519, 52.72234078800797, 49.84339451194452, 66.01146625882727, 62.38626708944413, 67.73994664971538, 73.54596753793403, 76.36567688287383, 82.19009051075996, 94.363142901332, 95.20423551296085, 93.13990286114603, 88.91855328958357, 85.17101697295449, 78.60179812041801, 67.83458066029557, 67.61632020405929, 75.14119332046074, 83.06940676614859, 93.57147772163144, 89.015123846155, 80.89716198887945, 76.88305960799785, 42.60461312909167, 44.103967634465796, 53.64259245259392, 65.2474089957156, 80.67240033624131, 94.15306393552362, 100.39607752146021, 114.41785854908535, 122.61044234237782, 129.82547649469348, 127.58832090656517, 120.49086329653257, 117.82028196523028, 113.01506808832468, 109.76086087187358], [25.646062531473056, 20.022520321846656, 11.75270897470779, 0.0, 10.123234201841921, 18.62342422715399, 24.569132311818667, 65.20299926174289, 71.40987164756093, 80.30299433852865, 88.0422148424849, 94.08376211117755, 87.6260529385486, 79.71925801480923, 71.20658834002919, 44.76326778965847, 40.463540600373285, 35.457391404913224, 30.788567930413425, 25.814333096583184, 21.91724185856218, 26.15625005548919, 30.10658155154574, 34.36253010216972, 40.148508333396315, 77.66215772510897, 85.10691288320768, 90.27251331080387, 97.62111456350402, 103.04025400723172, 101.30557685498181, 96.60310140643932, 90.62344610254102, 83.78111392053866, 78.05004409378535, 43.940324958337236, 43.832799807231396, 51.85666924070375, 48.24609852414197, 58.04265748717481, 66.96585497942147, 73.40388321125002, 75.94205369953916, 74.90487723742845, 66.02692927268042, 60.858583755856515, 59.022211020507946, 61.94025822859789, 61.08421553938563, 69.00903939363853, 75.26024531259878, 78.77038190252891, 84.45242087281252, 95.57936253408167, 95.45620473231395, 92.89163416588381, 88.09681096013529, 83.59459010454681, 75.81064097390144, 63.95232137609035, 67.26117399898537, 76.21137101003906, 84.4810327538826, 94.52296682764191, 89.16007416364084, 80.2166918887367, 74.8538746579454, 40.582300434843425, 34.90105933102781, 42.242517415305194, 54.417262860080356, 70.47656418832035, 85.62479876147556, 93.66613214917409, 111.75266477000056, 121.02568986826103, 128.56638887437734, 127.4201290420285, 121.33265359822003, 120.03465196929676, 116.77969985307436, 115.87024675097757], [19.51006805089993, 14.594279519299542, 9.502058447538039, 10.123234201841921, 0.0, 9.53347157284533, 16.49816204435664, 58.28730622320841, 64.8372799715016, 73.74833780823042, 81.60539846196865, 87.91141725447658, 80.86214262724678, 72.74473361128398, 64.314956073063, 39.31753952037199, 36.88279885984074, 33.57620030280225, 31.832289343794518, 30.22593852607025, 25.55190434039721, 25.813413028826776, 27.440452153474187, 29.91450596653293, 34.02626055913846, 71.23309374711356, 78.93661027599526, 84.37058382894297, 92.21426517945153, 98.05561835729766, 95.90834049784179, 90.78225984793235, 84.47316497978915, 77.37860110379488, 71.49902148568864, 36.419207833932504, 34.86504569965441, 41.96319844667627, 39.16254897027779, 49.16547193446207, 57.672212848644385, 64.14204052378619, 67.20934093254213, 66.40430778770553, 56.59508920660048, 52.04009786557502, 51.43629439415758, 56.79221515822381, 53.842149779066965, 60.42672363077328, 66.59605394141246, 69.98691452766613, 76.00687549449977, 88.1473062196433, 88.06050578881303, 85.50020579041296, 80.8753960716989, 76.71507626363395, 69.70049306679779, 58.721586061653355, 59.5376118918809, 67.88493089481474, 76.40346161136615, 87.17633849103171, 81.90354174430769, 73.01536304024395, 68.34346335621943, 49.0109814781021, 44.61625826108937, 49.21996616618428, 58.38237888787667, 72.70336957086549, 85.23386471931869, 91.20041397834426, 105.78661811549824, 115.55439781458774, 123.8895422975581, 123.02733347870802, 117.0726569952374, 115.85518566951149, 113.16910120517319, 112.33112204464938], [12.293992491597105, 10.579656203225225, 12.568606051881607, 18.62342422715399, 9.53347157284533, 0.0, 7.3777733193349055, 49.27888985892646, 55.86335574232251, 64.70157284463743, 72.64034656458568, 79.28532095297388, 71.98608421162915, 63.780649499322195, 55.383209418797485, 32.42597743369531, 32.29151716507939, 31.132790767322902, 32.276831599195454, 33.59777695825776, 28.96685109418101, 25.9423619856863, 24.840741753956664, 24.76025899790788, 26.457270905705506, 62.20489597631982, 69.956961759473, 75.47292319080947, 83.52829523792752, 89.62830553552078, 87.29365138274405, 81.91749072165527, 75.46110515983891, 68.27968197844373, 62.36155810421335, 27.253254184683012, 25.424986457354393, 33.677769234836326, 33.60291973857174, 43.77564999655497, 51.535501065423574, 57.27517320435817, 60.00514418875576, 58.40353756350682, 47.559752683663504, 42.5826162942368, 42.02779017171569, 56.43262470215234, 51.287343052843234, 55.61533519219081, 61.19727297285912, 63.84358562006637, 69.64311707531458, 82.10714903634315, 82.97834783790519, 81.0553223041458, 77.1012864605069, 73.78229959771927, 67.96783568551764, 57.98879868373796, 55.925109726872684, 62.86516948706198, 70.61485228443638, 81.34156877859296, 76.85691271736435, 69.02108496100945, 65.7041837894429, 54.31239084232504, 51.81975001680152, 56.3864811233097, 64.26002762059373, 77.75843013773674, 88.36041772283723, 92.43373315392175, 103.30599262258143, 111.32472043702873, 119.21895183338353, 117.59240289611999, 111.06882758533061, 109.18261728852482, 106.10593818918287, 104.74476205729908], [9.570342795834746, 12.616968821191005, 17.864254360963095, 24.569132311818667, 16.49816204435664, 7.3777733193349055, 0.0, 41.96069618641783, 48.50953624355312, 57.37134259579626, 65.28791399449788, 71.96286995456178, 64.71037879945975, 56.523787685893176, 48.09328419076787, 29.12141135503846, 31.106128076334883, 31.655030335488828, 34.42599541432599, 37.095947757663744, 32.837593612609766, 28.51493052857597, 25.75957428889744, 23.54334069049089, 22.59727448585384, 55.493177283592956, 63.08048117386424, 68.46858889729056, 76.35318443833512, 82.35275314150155, 79.9670815335516, 74.66776252707918, 68.31355018731001, 61.194762809650264, 55.35619269121429, 21.214921385289415, 19.483291408243634, 29.807044756808317, 31.74161433084219, 41.66207042941093, 48.85907556181679, 53.64035646447915, 55.46571864779571, 52.8405036339549, 42.10094034183044, 36.32920871435251, 35.31509096212137, 57.16060326424536, 51.00983255199002, 53.761011195868186, 58.662831985811145, 60.52290878396356, 65.74280540507623, 77.76768905410837, 79.67236393815702, 78.48215959458555, 75.1993657490727, 72.63309104197873, 67.70278171286904, 58.327869620703716, 54.739051902487475, 60.461589334779426, 67.06334125458261, 77.16950934245044, 73.51122674745368, 66.87809650771344, 64.66095447599902, 57.6422259496921, 55.648315771372594, 60.26920236531818, 67.54250264902402, 80.74852435981886, 90.33395869991311, 93.3044051712571, 101.96416313975931, 107.69826568116676, 114.71130489921961, 112.20211814189668, 105.09976040676119, 102.61883243205911, 99.14736814085433, 97.6714244676129], [43.44623682201455, 50.68258404067461, 58.31402870955594, 65.20299926174289, 58.28730622320841, 49.27888985892646, 41.96069618641783, 0.0, 7.5110337666327265, 16.428840094469997, 23.70049154283685, 30.689089670599536, 23.0528255368103, 14.940060800033779, 6.578776044656712, 42.868381234866334, 52.430727314988964, 58.60985886796911, 65.65411244304413, 71.69722783315402, 68.87892648356669, 62.07795062969493, 55.987665928352875, 48.911792546322275, 39.43679227930377, 26.34776287010193, 30.180959432672417, 33.46205390968351, 39.11600791857652, 43.989135942102315, 40.44117061321573, 35.85152195149252, 30.865117641427418, 25.126570511431993, 21.57877697324936, 28.938175914332483, 28.37121426716951, 35.556106687705515, 45.41546636444067, 48.623836654260536, 49.298131065928956, 46.32809231370622, 41.49259132214576, 31.55085660357072, 27.237929114447393, 19.699596963737736, 17.57409112527271, 73.50802224993653, 63.664256461683536, 57.22863527872517, 56.751855177028844, 53.196536574542506, 53.3521013581004, 60.5280456079484, 68.99998487957879, 72.49871469598712, 73.78534685474108, 75.96515850221648, 76.844691487104, 72.72652198251933, 61.776960388574125, 58.98160992543037, 56.956808591664725, 61.28249505891264, 63.885065510373785, 65.92328032829656, 70.45856259887553, 89.76061701048815, 89.15548710596772, 92.4105168701811, 95.84267274348183, 105.9452002382704, 109.27925944114452, 105.9895796290142, 100.61250680141124, 92.88001184968105, 94.37675863014935, 86.4550088232027, 75.92242516461414, 69.28684232189077, 63.8262696587121, 62.23082962549718], [49.12945296032499, 56.443422948926525, 64.24448362537133, 71.40987164756093, 64.8372799715016, 55.86335574232251, 48.50953624355312, 7.5110337666327265, 0.0, 9.219608402635439, 16.778603692406648, 25.068208862526774, 18.158132265605403, 11.20291052866678, 6.284610880845845, 46.2853345302436, 55.984876668491395, 62.53636165742022, 69.8389257607441, 76.24741427826297, 73.75218772871929, 66.78525956313234, 60.522269900026664, 53.28059310559301, 43.72582876572515, 22.3494132176088, 24.398651096641814, 26.764840253687208, 31.703494538976297, 36.58683939178208, 33.015537623036415, 28.387936627213204, 23.8062790629846, 18.81142197288554, 16.563912665234806, 34.07228616554977, 35.11596009224771, 42.2797157101609, 52.781282316231604, 55.60783650837311, 55.651328219064446, 51.9453734545362, 46.51051480229858, 35.979396959638706, 32.31704342829266, 24.994555226326113, 20.982466456191226, 80.54219357959178, 70.71053701170094, 63.71200959008867, 62.70797965444775, 58.60513527386441, 58.02233310087044, 63.95932910967252, 73.36955971215076, 77.5053280443787, 79.36310022539237, 82.02914425419281, 83.40359228571809, 79.64189140673162, 68.47677660166026, 64.93962701912811, 61.84687055670634, 64.94110935022249, 68.54807032990426, 71.72249159046369, 76.82713997084824, 93.69200135632438, 94.25408308776014, 98.39913672226456, 102.21598555730802, 112.47929045003086, 115.76279520413307, 112.21288500073858, 105.69030826854204, 95.63176325181692, 95.5800868776973, 86.12669792434302, 74.49251596905341, 66.17645224703773, 58.731133935979386, 55.36903174604965], [57.479848374929624, 64.80183441120862, 72.80768876781634, 80.30299433852865, 73.74833780823042, 64.70157284463743, 57.37134259579626, 16.428840094469997, 9.219608402635439, 0.0, 8.459279676542677, 19.34969818555509, 13.505793374648746, 10.48272289068842, 12.814129108261863, 52.38859001427628, 62.30276784453071, 69.29076687923023, 77.00023994312481, 83.885426556997, 81.59832156061367, 74.31386307142701, 67.81125525947365, 60.37340789232662, 50.67827945776613, 20.548276685369146, 19.411238562784682, 20.073364212257125, 23.893773713913045, 29.00364338650734, 24.943793706421584, 19.873434440643898, 15.963137520081101, 12.929119596904693, 13.889737071618026, 41.60648877914833, 43.28375243724765, 49.45105617631949, 60.77374759124479, 62.84157293343257, 61.79911862080795, 57.13099350958677, 51.24629731575385, 40.38373422462744, 37.401802079434944, 31.13726555584482, 27.098825493204025, 88.45249122810287, 78.23222419267337, 70.11983302330923, 68.37417417816833, 63.57820981916384, 62.22614263130358, 67.07930300895801, 77.40509850040533, 82.2138965045994, 84.78959176251902, 88.12306635570272, 90.3452223943074, 87.40019169979753, 75.38375798877395, 70.69271025201971, 66.42087674427614, 68.35180716484608, 73.09933927318464, 77.58523415946239, 83.5415583112816, 101.14033084258223, 102.75312649931799, 107.32937596743675, 111.0821211211599, 121.09635273289177, 123.7347232407238, 119.42270171057918, 110.58928907067656, 98.35388667957422, 97.01273467420324, 86.22135465819296, 73.72216418378525, 63.772959665786985, 54.646460077035364, 49.246579798313796], [65.68004915555714, 73.00593944365833, 80.88174882541001, 88.0422148424849, 81.60539846196865, 72.64034656458568, 65.28791399449788, 23.70049154283685, 16.778603692406648, 8.459279676542677, 0.0, 12.215864651869143, 9.447372921282298, 12.557906656802759, 18.641054709586474, 60.73216861165536, 70.59259517666885, 77.56920652038671, 85.17924695642267, 91.92288597251425, 89.7111687640928, 82.59150194827912, 76.15428840540396, 68.75704251504742, 59.1118349514146, 26.54519180678861, 22.865146109336695, 20.99944664041291, 20.86252362843503, 23.556594665390563, 18.795441837680247, 15.937631667247521, 15.686421195244918, 16.674386908579784, 20.15519823482151, 50.02749600415007, 51.20521562497404, 56.473476700489215, 67.00842186112581, 68.1819361660737, 66.54897348135266, 61.011366932241124, 54.166866131738146, 43.186453998904156, 43.39385650214767, 38.43166659858778, 35.44773001336751, 93.20143398661524, 83.15733438997142, 74.48854809889976, 72.0173262532144, 66.63434311247313, 64.1914485632804, 67.06655629826177, 78.3054201244828, 83.88098818788801, 87.1945538465006, 91.17822521611707, 94.1275571272429, 91.90006491569854, 79.7465850463316, 74.13173483496915, 68.38521827907657, 68.55822011002982, 74.4210514906027, 80.37370488001834, 87.07290488924863, 108.49049199297319, 109.48454840190846, 113.45480490155067, 116.5214128218245, 125.94453548322495, 127.66722697601017, 122.54869834126042, 111.87380054074222, 96.84060447956871, 93.95891107235923, 81.95741578534611, 68.83883083021273, 57.840671113969115, 48.379973012870316, 43.914817612735774], [73.46570431924036, 80.72584138740848, 88.05699125840812, 94.08376211117755, 87.91141725447658, 79.28532095297388, 71.96286995456178, 30.689089670599536, 25.068208862526774, 19.34969818555509, 12.215864651869143, 0.0, 9.51279437031969, 17.23436879423662, 24.521147161824423, 71.0090150102951, 80.6211989449444, 87.14329349990719, 94.12681018929523, 100.04085902837625, 97.74635888292777, 91.32483373538477, 85.27977024977214, 78.16339422175518, 68.73205522818834, 38.694303398950304, 34.692210324321, 31.761030011905234, 27.833030558953975, 25.188337240273267, 20.64977494068589, 23.298380740970927, 26.43322429269303, 28.751345962630317, 32.257608034619025, 59.083437165843094, 58.69028749016143, 62.96194680308958, 70.84348613740478, 70.83378422599395, 69.12625499425151, 62.812023052188934, 54.377718117170204, 43.672621077040716, 49.912862766792834, 46.50302345726732, 45.39648173431446, 93.43982454691955, 84.35782215018786, 75.8150926646672, 72.59020838838066, 66.74549009349154, 62.71903065391942, 62.16618383735552, 74.38379759730539, 80.90437310356235, 85.03413835183272, 89.6854418932582, 93.26814749965047, 91.75125286347313, 80.41085478111991, 74.10246836291886, 66.39437271780645, 63.79713337004623, 70.85162814435664, 78.61332603893142, 85.95761653947717, 115.36689228988803, 113.68465372011376, 115.65706395031135, 117.1357971004099, 125.3814266071902, 125.70327948699997, 119.6437602653229, 107.62155438869306, 88.72907161149803, 83.83416992279862, 70.68277256982289, 57.170530683382, 46.00297952649719, 39.06230123976617, 41.657068056418204], [66.47221157045745, 73.71700557186684, 81.2431302660735, 87.6260529385486, 80.86214262724678, 71.98608421162915, 64.71037879945975, 23.0528255368103, 18.158132265605403, 13.505793374648746, 9.447372921282298, 9.51279437031969, 0.0, 8.395357250192335, 16.649994137596746, 64.06293904321141, 73.98816825703626, 80.64592405603999, 87.9484866306789, 94.13175980720952, 91.55253108413072, 84.7592161216843, 78.52918299971547, 71.26157975740205, 61.55467922576945, 33.50197416048342, 31.265597630347656, 30.196822112585473, 29.96547701575718, 30.799954896267316, 25.911670487293733, 24.910922277589584, 24.861837083599333, 24.75761246757815, 26.88186099404381, 51.38747255684624, 50.26787100914816, 53.8133674850483, 62.48853456427089, 62.55518520151455, 60.592772190328695, 54.466272887408174, 46.71031205943324, 35.804338813078665, 40.42831955263451, 37.32673662905326, 37.40627288405256, 86.78532157648537, 76.86722167438899, 67.8664122393532, 64.87230423107091, 59.180150489122376, 55.98860815702192, 57.84714825544884, 69.35094193328737, 75.24112429039543, 78.91359042714426, 83.26964180839677, 86.74247511874526, 85.25846476786957, 72.94927560168288, 66.71831111747868, 60.027590753265436, 59.38555126100834, 65.62481529878293, 72.33768672849608, 79.52854245363095, 110.89792709669595, 109.39019738090518, 111.14304679358237, 112.55172349397586, 120.75815514347696, 121.04407944910494, 114.97494539076229, 102.96663554534649, 87.54171041646471, 85.2783518583812, 74.2735212861391, 62.18721157586523, 53.159030756916046, 48.08403109485874, 49.423115974020966], [58.36797561866379, 65.58749750500564, 73.16405973059433, 79.71925801480923, 72.74473361128398, 63.780649499322195, 56.523787685893176, 14.940060800033779, 11.20291052866678, 10.48272289068842, 12.557906656802759, 17.23436879423662, 8.395357250192335, 0.0, 8.556757789968525, 56.49322341788177, 66.4251535900194, 72.99029995403008, 80.2985687391718, 86.48887574304345, 83.76123778571312, 76.88753128096535, 70.65603537735394, 63.404772768712746, 53.67761645870887, 29.52396391585727, 29.45423950555451, 30.19921473946682, 32.73709557158419, 35.58649259281314, 31.034809661177658, 28.086210663332064, 25.57869750043098, 22.915846495318775, 23.02629453527065, 43.244335012468426, 41.87644599479331, 45.87506167502336, 55.040313217438175, 55.838707968721785, 54.4358397491827, 49.08921323674566, 42.15239094140181, 31.137562577902624, 33.280229561896995, 29.356334049253547, 29.638265355354978, 80.80348816485589, 70.63314637692933, 62.09297329423944, 59.786524096224205, 54.64684204960991, 52.568178516407364, 56.641229915946106, 67.15992256306419, 72.2446996610492, 75.15684617699, 78.8698520092598, 81.64695016011217, 79.49886903334995, 67.20436737227493, 61.836939888330306, 56.62500801025485, 57.93324505045839, 62.951918332836364, 68.14500974154225, 74.63748080970218, 103.94781776227504, 102.59716938660046, 104.56786782534918, 106.40025941813288, 115.04438405539669, 116.06995494963934, 110.69970063542499, 100.46336389268274, 88.0896193013661, 87.61078462478267, 78.06024026040754, 66.77780508028255, 59.005837473857454, 54.2763856269683, 54.6441413571966], [49.92505358952157, 57.13714852855421, 64.64748562769665, 71.20658834002919, 64.314956073063, 55.383209418797485, 48.09328419076787, 6.578776044656712, 6.284610880845845, 12.814129108261863, 18.641054709586474, 24.521147161824423, 16.649994137596746, 8.556757789968525, 0.0, 49.173959868741555, 58.84548261380235, 65.11430594889987, 72.1633261376931, 78.13388322153871, 75.34718472664957, 68.63539455390094, 62.555449623334916, 55.45909437178417, 45.927761949123244, 27.83657895775264, 29.948381108865217, 32.11497331758887, 36.34569635058662, 40.19658435166036, 36.24982154598404, 32.49369637636437, 28.57274908736569, 24.026909380903508, 22.015786573698158, 35.40593689756394, 34.19106913771182, 39.7850541161638, 48.93695306256646, 50.97413039517683, 50.812772402089934, 46.72993584498586, 40.71073290857045, 30.07174901684638, 29.440155371286412, 23.709386536249397, 23.09025712153453, 75.69627513566886, 65.8128814528553, 58.51741581285017, 57.205999228539675, 52.92678551377589, 52.00632578310829, 57.693049345795565, 67.11641744835323, 71.35351307999721, 73.36470007321762, 76.230684378194, 77.92683530355524, 74.64498665694283, 63.21972045832664, 59.29611656010147, 55.749989940854626, 58.66121759521359, 62.31617684731133, 65.80230529168534, 71.21533853681647, 95.74347578794978, 94.43478235040489, 96.88194497604289, 99.45333739940736, 108.84479056845281, 111.10387222447258, 106.88454563775021, 99.51214596600265, 89.60088706646214, 90.21041920499079, 81.61785477252106, 70.79253545203804, 63.83156628117399, 58.91566524566592, 58.64001486522448], [21.257987584776625, 25.055168837660403, 33.3079909141052, 44.76326778965847, 39.31753952037199, 32.42597743369531, 29.12141135503846, 42.868381234866334, 46.2853345302436, 52.38859001427628, 60.73216861165536, 71.0090150102951, 64.06293904321141, 56.49322341788177, 49.173959868741555, 0.0, 10.760115542477505, 18.76410835090101, 28.54274841954225, 38.20563444803801, 36.06359630429579, 26.31848980535656, 18.80350488862981, 11.31991126863789, 6.7620934659729475, 40.284522600516866, 48.48265490392136, 54.76205690379869, 64.78551731445087, 73.61123549292189, 71.95073755964783, 64.43624551853814, 56.80446769445884, 49.65722024300639, 43.59866606122693, 16.865538156588926, 28.271037697644193, 40.17041577943431, 53.09290890072791, 61.70426633014208, 65.19636552486365, 67.79698039966758, 69.56494228911546, 64.10078253506596, 45.57552152692501, 36.523899325656465, 27.86617359668953, 84.21602488453364, 75.28530683142122, 73.43248052840876, 76.8472811123211, 76.87884309578368, 81.68273200242089, 94.52042016968161, 98.76518257047728, 98.81282869859376, 96.84752095396375, 95.69416724614416, 92.76909181204738, 85.20773238909861, 77.27376773280574, 79.79834298577921, 84.81802036398211, 94.59382568895248, 93.18996537994354, 88.85826230313944, 88.9501461199111, 61.099830480951994, 72.46697979692297, 84.60652610609539, 95.12583381377193, 109.46615639026479, 119.39873370140823, 121.50174636066559, 125.30621391337277, 127.96186734193755, 132.82148107799273, 126.88769721935117, 116.8376739817305, 109.94743811739077, 100.34827623548212, 90.02620548850155], [21.887027231195813, 22.688742531213382, 29.082194787623, 40.463540600373285, 36.88279885984074, 32.29151716507939, 31.106128076334883, 52.430727314988964, 55.984876668491395, 62.30276784453071, 70.59259517666885, 80.6211989449444, 73.98816825703626, 66.4251535900194, 58.84548261380235, 10.760115542477505, 0.0, 8.440003646964323, 18.61289709267129, 29.001798287691557, 27.458325081205025, 17.65318859295762, 10.900808288052911, 7.617926653593155, 13.99655572611112, 50.12325897203299, 58.02852378488913, 64.07478009385679, 73.73496974013054, 82.306942407495, 81.03314918812235, 73.80966049760559, 66.42612910804553, 59.518521139454315, 53.61344266407852, 25.737703506713004, 35.949756142742956, 47.596383998581075, 58.423715702293464, 67.73700264933956, 72.21109078355154, 75.74793026579248, 77.99501343337894, 73.15746264078277, 55.150502013138286, 46.52199908620921, 38.33457282878184, 87.43896689973289, 79.76739302255491, 79.67847236817127, 83.807859690694, 84.55538734720368, 89.78395122473164, 102.72429058277969, 106.25909010954337, 105.75669863851267, 103.16324802125851, 101.27091150197606, 97.30111675306821, 88.75133932457328, 82.709917889531, 86.56325365024946, 92.50644920713631, 102.62050623987705, 100.50006685110355, 95.12457177494788, 94.10112598108603, 52.201238058515536, 66.50563466272027, 80.95051819411341, 93.30549194179653, 108.66543135431897, 120.48083436875658, 124.2406568758811, 131.1681451273203, 135.22607167013882, 140.30338119728034, 134.677127636969, 124.76387664336316, 118.07343807652956, 108.11994617589072, 97.45129993311454], [22.480284177250606, 20.71765108445279, 24.775501713228675, 35.457391404913224, 33.57620030280225, 31.132790767322902, 31.655030335488828, 58.60985886796911, 62.53636165742022, 69.29076687923023, 77.56920652038671, 87.14329349990719, 80.64592405603999, 72.99029995403008, 65.11430594889987, 18.76410835090101, 8.440003646964323, 0.0, 10.308758983729328, 20.91274388522046, 19.65330192380379, 10.2592502547655, 6.339270756763745, 10.528393790074627, 20.261539304500168, 58.034562199749914, 65.81773119301256, 71.68820731723149, 80.95594236082455, 89.09313130441248, 87.96710049467941, 81.12627604182835, 73.97726942353681, 67.13962789615059, 61.26844642948972, 31.67914375787414, 40.59393998800395, 51.99159054555921, 60.653145869514994, 70.40677885860055, 75.77210417282778, 80.045948709575, 82.56031652476231, 78.32206871654189, 61.24763842699808, 53.004449973944524, 45.50788155566189, 87.40062442207964, 80.9409462619737, 82.4229358461312, 87.1115844217999, 88.46106316914891, 93.96164783133895, 106.83166446571275, 109.70400995323321, 108.74228768904501, 105.63019460662385, 103.12716200767036, 98.28380925153589, 88.9410174461945, 84.64969877923117, 89.62331705011171, 96.2519991941543, 106.55478001903585, 103.78755540854375, 97.56410435181527, 95.59607578740533, 44.664367963101874, 60.082650473713436, 75.74366754536268, 89.24332676027878, 105.22664107268164, 118.39991090574085, 123.45785472712325, 133.04797961159696, 138.28091959172025, 143.66197379024555, 138.5550508325417, 129.01405845385, 122.87800163358523, 113.299255847639, 103.36225240498992], [26.171006311258655, 22.171049638720586, 22.392826096631506, 30.788567930413425, 31.832289343794518, 32.276831599195454, 34.42599541432599, 65.65411244304413, 69.8389257607441, 77.00023994312481, 85.17924695642267, 94.12681018929523, 87.9484866306789, 80.2985687391718, 72.1633261376931, 28.54274841954225, 18.61289709267129, 10.308758983729328, 0.0, 10.879778012202538, 10.829889370498384, 6.737782588012619, 11.578839520157283, 18.844340617076266, 28.922157574821792, 66.95387815476258, 74.49456982965523, 80.06950853417405, 88.72182587469561, 96.21250087086601, 95.31151515599036, 89.04116558609896, 82.27336142225703, 75.59952302379376, 69.83841451807295, 39.52239946768198, 47.22998795790038, 58.52809012113987, 64.57905960080066, 74.65144432009862, 81.0218540857428, 85.91386611257003, 88.40218109852225, 84.64616652120958, 69.08735402570592, 61.0825825774935, 54.01500592029919, 88.10891897388711, 83.32941355580044, 86.64736791797225, 91.8404109185709, 93.74895550038234, 99.32763955273654, 111.72232607680353, 114.01395134747607, 112.67699192507354, 109.08003381334997, 105.96174126394864, 100.13794033279898, 89.84562836099558, 87.84453649945127, 93.99460786027414, 101.08615210214751, 111.26115774868025, 107.90465135153606, 100.96042443270616, 97.97696682767301, 34.85312740664724, 51.69604687527666, 69.1742809717069, 84.23258562960253, 101.06262290564923, 115.99301758090239, 122.68495370222493, 135.57074458745058, 141.54401372130442, 146.92238978787384, 142.21750153444796, 133.0229441056242, 127.44634483667394, 118.20883869869917, 109.21716291094394], [30.596548238615114, 25.25689644621876, 21.541934392726453, 25.814333096583184, 30.22593852607025, 33.59777695825776, 37.095947757663744, 71.69722783315402, 76.24741427826297, 83.885426556997, 91.92288597251425, 100.04085902837625, 94.13175980720952, 86.48887574304345, 78.13388322153871, 38.20563444803801, 29.001798287691557, 20.91274388522046, 10.879778012202538, 0.0, 4.95629673259582, 13.12277557602773, 20.27731269528479, 27.716212716007533, 37.417002890096725, 75.58564435105426, 82.93018963543697, 88.22158724027904, 96.21776141287259, 102.92992258158256, 102.13035640811123, 96.51423892661128, 90.15131417047704, 83.5941976975002, 77.92459340172647, 46.8085604981874, 52.99261975997059, 63.96509038553442, 67.10510538095006, 77.29618114751732, 84.6655438717889, 90.11545747003217, 92.48952322611687, 89.3225221550435, 75.69615981842354, 68.08362960102184, 61.76267005593732, 86.767784152388, 83.87475738448931, 89.09871878114465, 94.737631582492, 97.20233553171765, 102.7724225261563, 114.5114344925568, 116.14317704069595, 114.42987541108133, 110.36366298943686, 106.64213067202463, 99.84912068211526, 88.66218588323393, 89.15367124172354, 96.46084354612208, 103.92069209039202, 113.8470714565066, 109.87044658787842, 102.24619888868735, 98.23340136239597, 25.604906732187196, 41.80473632606011, 60.601047398619315, 76.99205665658909, 94.51420845536613, 111.08039853795405, 119.37833737366236, 135.64056815591886, 142.34755282816573, 147.8084687359647, 143.74257627142546, 135.1413109076126, 130.4542283940456, 122.1103512557741, 114.81777204206418], [26.774592434495688, 20.92157613997449, 16.825525310579128, 21.91724185856218, 25.55190434039721, 28.96685109418101, 32.837593612609766, 68.87892648356669, 73.75218772871929, 81.59832156061367, 89.7111687640928, 97.74635888292777, 91.55253108413072, 83.76123778571312, 75.34718472664957, 36.06359630429579, 27.458325081205025, 19.65330192380379, 10.829889370498384, 4.95629673259582, 0.0, 10.273069555964954, 17.635567906080766, 25.08653260936062, 34.64126729582385, 73.79929490176202, 81.34051417577774, 86.7723432662859, 94.94554542014507, 101.70783778288198, 100.66321241938503, 94.96230026859834, 88.4715215274198, 81.73296439188742, 75.94022239539494, 43.57826099905963, 49.02061957028542, 59.555817595692396, 62.38293761000866, 72.57653638145729, 79.97221455225834, 85.57672877273113, 88.18138414314895, 85.32845223182828, 71.75482989398225, 64.50902368827659, 58.90226224564327, 82.24933824564783, 79.12535628357662, 84.33603891698739, 90.04625681123663, 92.62680126694875, 98.34502695849335, 110.35002009740398, 111.73675774053075, 109.88038285562304, 105.7369325802647, 101.97160390436476, 95.22024984117478, 84.16611671916739, 84.41409170329906, 91.78277383785654, 99.46758871561894, 109.65820082821138, 105.50713951112711, 97.68219830052607, 93.63948688541176, 29.499422112829418, 42.17423957344414, 59.06446923070679, 74.51862019499511, 91.58955188090891, 107.50867091579141, 115.37756512902796, 131.11269872986134, 138.44704831134996, 144.4436975912313, 140.85480500559615, 132.6042102753495, 128.35903775205227, 120.77878417707885, 114.24047214766215], [20.76393673262125, 16.005312141839095, 16.54653093156161, 26.15625005548919, 25.813413028826776, 25.9423619856863, 28.51493052857597, 62.07795062969493, 66.78525956313234, 74.31386307142701, 82.59150194827912, 91.32483373538477, 84.7592161216843, 76.88753128096535, 68.63539455390094, 26.31848980535656, 17.65318859295762, 10.2592502547655, 6.737782588012619, 13.12277557602773, 10.273069555964954, 0.0, 7.581496785693045, 15.402175949805466, 25.423468252686, 65.24488193472499, 73.05901562243979, 78.804992990463, 87.62682873658775, 95.08153418215248, 93.83183116095572, 87.52438301732866, 80.6214406089503, 73.68964089258252, 67.75182020779165, 35.29895663367066, 41.83815255469168, 52.57561219730024, 58.09901057185513, 68.19007596104366, 74.65627973475442, 79.79107615940612, 82.57918018761984, 79.29109415661269, 63.92938674241674, 56.45524338146955, 50.51088544039019, 81.77113280175783, 76.76131735717048, 80.13406958459099, 85.443092663537, 87.53592695477397, 93.31147409232923, 106.01687668934825, 107.93885256995037, 106.39394577385485, 102.67361190107252, 99.47363852257449, 93.66921834858373, 83.53132479776019, 81.30798812327703, 87.58941800774193, 94.99470056464395, 105.50395635314939, 101.87453702813542, 94.63441326783148, 91.57013550254014, 38.45937362559691, 51.281041764322744, 66.4617498036527, 80.31732656278885, 96.53192167474812, 110.65369805001734, 116.84546913887051, 129.20844517758982, 136.0323030685776, 142.13046018989746, 138.13117919805023, 129.47874286182252, 124.60958524272505, 116.55680972687983, 108.87409508458464], [16.951031957367082, 14.48522400323005, 18.947432268416982, 30.10658155154574, 27.440452153474187, 24.840741753956664, 25.75957428889744, 55.987665928352875, 60.522269900026664, 67.81125525947365, 76.15428840540396, 85.27977024977214, 78.52918299971547, 70.65603537735394, 62.555449623334916, 18.80350488862981, 10.900808288052911, 6.339270756763745, 11.578839520157283, 20.27731269528479, 17.635567906080766, 7.581496785693045, 0.0, 7.933727048874696, 18.138492267091248, 58.1179126255284, 66.07209513297501, 71.98133011113092, 81.14560405276087, 88.96777120377327, 87.57006505507722, 80.93370801176678, 73.81480332336055, 66.78145314217795, 60.775255897376226, 28.61549856197931, 36.18825084799383, 47.35309619704086, 54.896465668276974, 64.77214425318041, 70.5243618835014, 75.11498047020343, 77.76515138861457, 73.99632284832, 57.66631462813405, 49.87450901270801, 43.52676568520303, 81.1063724787427, 74.84543747165475, 76.79689723922141, 81.6783592631477, 83.28479755503099, 88.9106145751282, 101.82883404814798, 104.30321643496661, 103.12859699884035, 99.83348352294972, 97.15519717382075, 92.12118164604028, 82.67387324820187, 78.73441501938721, 84.07283432249889, 90.98745038592928, 101.4610389828384, 98.35004695136138, 91.77665046792451, 89.54441838648133, 44.98984781303241, 57.10771234095386, 71.09481744077874, 83.8059467135134, 99.42773238940046, 112.23436456855838, 117.17950742639078, 127.06317847634493, 132.97178522187752, 138.89198390722584, 134.47174575498929, 125.49667941951402, 120.16918371338, 111.8305549851933, 103.56489155809297], [14.415990740327148, 15.507019257643487, 22.797269624656835, 34.36253010216972, 29.91450596653293, 24.76025899790788, 23.54334069049089, 48.911792546322275, 53.28059310559301, 60.37340789232662, 68.75704251504742, 78.16339422175518, 71.26157975740205, 63.404772768712746, 55.45909437178417, 11.31991126863789, 7.617926653593155, 10.528393790074627, 18.844340617076266, 27.716212716007533, 25.08653260936062, 15.402175949805466, 7.933727048874696, 0.0, 10.285010785556087, 50.43625927921695, 58.5096236753272, 64.53978376674546, 73.94468734741382, 82.00894669308093, 80.43322733390427, 73.56417910076009, 66.28894047587599, 59.1559085335107, 53.08860049446617, 21.304104237693497, 30.150338163274785, 41.97664013635977, 51.47423891633913, 60.99164347734477, 66.01474124278351, 69.90511488279537, 72.19467258083128, 67.83405922376281, 50.87509341022872, 42.637150014027974, 35.78213996628281, 79.90605853477118, 72.52266138604901, 73.02632019282552, 77.37804669395636, 78.40744849441225, 83.73198364255, 96.62847261435049, 99.75502650923268, 99.04715303355613, 96.25624365628661, 94.17184829235293, 89.95806506529993, 81.22447799440948, 75.672457874213, 79.96855519442018, 86.17660440740197, 96.41221254837453, 93.90732240585848, 88.16887360274099, 86.8431903857433, 51.61587988134734, 62.39526806928926, 75.0315339657602, 86.51585057284322, 101.50275054428634, 112.95031520157126, 116.6239574619363, 124.03325559223637, 128.67566862360363, 134.27380561320936, 129.39391445698666, 120.1151613607424, 114.3843368228883, 105.90282477233468, 97.38003576777047], [15.40679371465228, 20.245749653522363, 28.997827106896136, 40.148508333396315, 34.02626055913846, 26.457270905705506, 22.59727448585384, 39.43679227930377, 43.72582876572515, 50.67827945776613, 59.1118349514146, 68.73205522818834, 61.55467922576945, 53.67761645870887, 45.927761949123244, 6.7620934659729475, 13.99655572611112, 20.261539304500168, 28.922157574821792, 37.417002890096725, 34.64126729582385, 25.423468252686, 18.138492267091248, 10.285010785556087, 0.0, 41.104805673878644, 49.356945386781, 55.529268748788276, 65.16868032408063, 73.4048582507787, 71.4852080638752, 64.40061622825013, 56.95459834916269, 49.63692063382689, 43.459420862947916, 11.749987871300336, 22.487254759757512, 35.09252059161944, 46.902000354647235, 55.708870341834, 59.736090948037486, 62.61114522647919, 64.30818494133453, 59.19184822333935, 41.751615910745166, 32.90741891881587, 25.540383351624243, 77.62153697022934, 68.94032068011789, 67.5823197572853, 71.17110052192189, 71.41879400772513, 76.26169101248438, 88.99567404617338, 92.93915813006065, 92.85007598835945, 90.73726638060589, 89.44391943288525, 86.31968432465001, 78.58767940987997, 71.07339368062462, 73.96068371853974, 79.14013949596442, 88.96803554366919, 87.25036654816263, 82.65663292633931, 82.5218927750919, 60.426870729821005, 68.91672674064257, 79.47594088829081, 89.1846318695464, 103.17599778398423, 112.7620681347182, 114.77132031310762, 119.01434652885088, 122.0140563191121, 127.26013132748334, 121.94292360045323, 112.43306612986036, 106.40567518832484, 98.14570384811921, 89.88368614325702], [52.52881491969421, 59.3750825445611, 68.08769628493263, 77.66215772510897, 71.23309374711356, 62.20489597631982, 55.493177283592956, 26.34776287010193, 22.3494132176088, 20.548276685369146, 26.54519180678861, 38.694303398950304, 33.50197416048342, 29.52396391585727, 27.83657895775264, 40.284522600516866, 50.12325897203299, 58.034562199749914, 66.95387815476258, 75.58564435105426, 73.79929490176202, 65.24488193472499, 58.1179126255284, 50.43625927921695, 41.104805673878644, 0.0, 8.655474663519614, 15.481498559272223, 26.795654171752158, 37.16808567342615, 34.83204711034122, 25.783778438784452, 17.431584432397187, 10.781021802513807, 6.667654895220733, 35.50686323662017, 41.98885186769094, 50.03708075589219, 65.42009781547947, 69.49626506535034, 68.69515777563882, 65.7330915926691, 62.849346254340304, 53.15656876752859, 40.36074325236726, 31.729073593621436, 21.99283061874331, 97.14744663437452, 86.07607393310687, 78.359613354