{
	"dissimilarities": [[0.0, 7.34762719927658, 15.78303802168534, 27.403533824389182, 19.396543184425774, 12.544605042144655, 9.90196019572029, 43.32712761332089, 50.08709571041299, 57.38116177753116, 65.58201540196525, 73.53468254713012, 66.2151804843933, 58.210075495010805, 50.83797055493746, 16.28520418247757, 15.781359321280567, 19.298840405122093, 25.777961361998553, 31.916598801810117, 30.61312698983732, 21.061613171487316, 15.078581044048612, 9.983638157652651, 9.516346343524596, 49.11078258889024, 56.11064580678775, 61.78378208898885, 70.46790925620844, 77.2708282798513, 75.48647298480974, 69.44118891852736, 62.482846793026376, 55.260424092742156, 50.14330739694869, 21.347017993524574, 22.831230973872124, 34.98034925517071, 40.81563680938041, 50.33068055631203, 56.19185874341967, 61.099508463267995, 62.643222423496006, 59.229180611417576, 45.42954705137254, 38.52364164036786, 34.806386175413124, 66.05469784675584, 63.572315507085214, 64.95915950452085, 68.23725295635336, 70.70622724789995, 74.43641170077291, 83.40556154818663, 84.54292928894571, 82.87112621905922, 80.72989576067093, 77.51335598521821, 72.94260766469564, 67.21827588175861, 68.07376728095257, 71.35024248506528, 74.94161508281759, 81.59916931440081, 75.76360084412681, 72.19175198457592, 69.02611048188443, 53.112444452014465, 57.92661681961174, 67.46607429241915, 74.29158924187476, 88.8802246166945, 100.32338585188425, 101.58081144765316, 108.41450866318866, 117.3857390805835, 122.66340379850601, 116.56377524637742, 108.43510480580153, 105.32993063717674, 97.85313605859474, 96.47580591162692], [7.34762719927658, 0.0, 8.92133104422709, 21.6697439283378, 14.269043331020164, 10.72830184875696, 12.115165244977632, 50.57631332291268, 57.41621205888591, 64.72877231202715, 72.92462837457212, 80.76979572888769, 73.47760548219587, 65.44605558334483, 58.05864279985165, 19.976783837035878, 15.451989951577628, 15.699068510301116, 20.382445195215887, 25.98540850795342, 24.367175332165303, 14.677793948773399, 10.07472768581479, 9.275935072533494, 14.740885511597018, 56.15441431657652, 63.19817812456751, 68.92382725127092, 77.64568920818137, 84.46597244780969, 82.76081023110025, 76.7276009873937, 69.75973803657413, 62.538839886176845, 57.414755805774995, 28.05917632856583, 28.658297462184642, 39.22981518651969, 43.28177745529703, 52.97415304167302, 59.43682321398452, 65.17317066457177, 67.4398108651229, 64.93091453576234, 51.34355507987962, 45.10198128220193, 41.90424596124599, 66.60766672036225, 64.94189998877965, 67.53120521659437, 71.34263727174104, 74.51785693207773, 78.70563999036355, 88.11558269153828, 88.46052362630691, 86.18350066557593, 83.39189041848154, 79.52142566508793, 74.31451126672205, 68.10109688301611, 70.14135215037099, 74.29444130803468, 78.61271275257083, 86.1547001159818, 79.39209410289756, 75.09653976151401, 71.06076088702233, 48.39574959811445, 53.36935792056272, 63.65172248626099, 71.52885777291009, 86.60702689770146, 99.07275282418333, 101.4966451710016, 110.38593736536937, 121.28152839036059, 127.2683360936152, 121.98063285790718, 114.37608304398843, 111.71568101031579, 104.55214072329005, 103.21731570817745], [15.78303802168534, 8.92133104422709, 0.0, 13.350700089787088, 8.590693555173821, 12.190928804580725, 16.59380770612429, 58.11242649947748, 65.17680319088933, 72.7063920763961, 80.75923835610084, 87.99769273650206, 80.91163423028458, 72.91494828447279, 65.45342741265297, 28.33152899202625, 21.71951872647656, 18.172331575202506, 17.758700011790083, 20.121162247532073, 17.47771095205854, 11.387546897283405, 12.617399939850559, 16.61785826946093, 23.617105697345238, 64.82760642985359, 71.77499285319377, 77.35851859941923, 85.76452392357182, 92.24359780460331, 90.63739676913968, 84.87527014734634, 78.0763485373121, 70.91711233516551, 65.8336136683807, 36.77073443253601, 35.979524719126026, 45.26996391503126, 46.18291033854445, 55.872880870906926, 63.24512068034797, 69.85931073493543, 72.40818649314213, 70.71288489624429, 58.58213684570463, 52.99630107091318, 50.477652685527886, 66.25847461185343, 65.8713750403757, 70.16700894688488, 74.54091481701376, 78.40972055149444, 82.83704846177214, 92.19872246232285, 91.83414558812636, 89.00642077610826, 85.4710776339888, 80.93572341711041, 74.91769438740856, 68.08954430572044, 71.82402160026602, 77.07807112657851, 82.08468911693784, 90.13960855855926, 82.77670753853123, 77.78628916284042, 72.66325673393723, 42.93489787025888, 45.955062851839934, 56.410665430526116, 65.3792006301633, 81.1496550849579, 94.87080020031523, 98.96293581187157, 110.93295236559858, 123.41040569563214, 129.94809763472045, 125.68867211731673, 118.80234138814548, 116.83487967537522, 110.45019627429599, 109.94445663946017], [27.403533824389182, 21.6697439283378, 13.350700089787088, 0.0, 10.64318741781737, 19.53054959679161, 24.483683092498374, 66.30375477859783, 73.6999985451583, 81.60543455613421, 89.2565001104058, 95.14106998020809, 88.52625073198479, 80.70792292773129, 73.22407207986878, 41.42503092129719, 34.656802195104454, 29.673349996089232, 24.72137410802478, 20.63972819101068, 16.499493374956156, 20.28658093637205, 25.098246019320744, 29.84210156459913, 36.232161072860414, 75.72759856630549, 82.39699742088499, 87.59318497730177, 95.22965935949013, 100.8709518349801, 99.34507651557367, 94.20059783319546, 87.81907212083965, 80.83174334994402, 75.88198281237999, 48.15263211737855, 45.346298162096865, 53.380919168300025, 49.537659995439114, 58.78356588588635, 67.36884206688273, 74.86054483093051, 77.119596770273, 76.24836756104031, 67.29650524140719, 62.54307157483549, 61.10580174605737, 64.08675319146609, 65.67302934029506, 72.34017323520884, 77.26973079122838, 81.79024363356355, 86.1329191774367, 94.71666354623798, 93.69700261311732, 90.39308884528413, 85.99403193095786, 80.81586697562719, 73.78843469393274, 66.23672438402839, 72.37737232764863, 79.00336088794816, 84.61202844001244, 92.64140638519527, 85.14497195881023, 79.53167260996359, 73.05719026161783, 39.379853742602315, 34.87728599505545, 43.42069283792843, 53.33770553165445, 70.11032023597961, 85.40869828612465, 91.92158075235236, 108.48893343422458, 122.08393589601965, 129.0266528950818, 126.2710610404148, 120.5596207120496, 119.81368099464602, 115.14559638999123, 116.76498032513369], [19.396543184425774, 14.269043331020164, 8.590693555173821, 10.64318741781737, 0.0, 9.44511846690707, 15.279387223563937, 58.238796077383775, 65.85317009091793, 73.7383193314788, 81.56094722113731, 87.9028400291576, 80.79189856044341, 72.69080597322072, 65.28603706510002, 34.01416098870729, 29.10657094678786, 26.615035587357664, 25.874325884817562, 26.083744722965008, 22.563338006715362, 19.61960999477803, 20.764407961123187, 23.24651824331046, 28.184536558595884, 67.61710765177166, 74.52735258914097, 79.98932803675557, 88.15206376521935, 94.1873844438218, 92.27829412870217, 86.71191302728569, 80.00974713560532, 72.80587160734552, 67.73198996510868, 38.95978507997946, 35.30455305412733, 42.9013266365708, 40.498275364479966, 50.00949837642961, 58.080868161345364, 65.3210541839581, 67.9733619524165, 67.21942745894182, 57.15396098483857, 52.7535489935765, 52.15090904859176, 58.38987684853102, 58.640588765296656, 63.98129502304419, 68.67980211896528, 72.99296316965511, 77.53470896374627, 86.85345208811458, 85.85651791828971, 82.65758799280238, 78.67297714780541, 73.81608800177753, 67.40844148232318, 60.326021792986225, 64.93330241689145, 70.84774142658281, 76.26783555954357, 84.69659612248867, 76.88459960667865, 71.47723229577906, 65.71281627771486, 47.56449958514651, 45.0948256125639, 51.448779202714434, 58.55438666683744, 73.32895161838981, 86.56863695613097, 90.48795940674196, 103.20709517026721, 116.84690943199736, 124.23454106099608, 121.14950005303103, 115.35378274921347, 114.68339235850938, 110.28957330242406, 111.9453219480436], [12.544605042144655, 10.72830184875696, 12.190928804580725, 19.53054959679161, 9.44511846690707, 0.0, 6.34808897263877, 49.30294897746407, 56.97375965369374, 64.81790212749105, 72.7048570995244, 79.33545234741848, 71.97932844539955, 63.7663917127792, 56.41584188426662, 27.827735047412034, 25.710495405838103, 26.23940082241159, 29.067500685577855, 31.937439458275765, 29.1381448578124, 22.780700728626787, 20.281584261818825, 19.24105953987303, 21.13906095619758, 58.81992952165575, 65.777737035651, 71.30499752795491, 79.656742903604, 85.84928280531575, 83.72251299935942, 77.96593427745444, 71.1421341482844, 63.863501774770015, 58.75805773148075, 29.98915437993464, 25.913794287076623, 34.45896712755269, 34.39831041623155, 44.12939978204381, 51.50157172929962, 57.99604026684871, 60.303615615793234, 58.882769252694544, 47.976629331324276, 43.31901373470627, 42.94967297972971, 56.19419394343549, 54.994656663778144, 58.58234132450555, 62.736759167307824, 66.37566477641629, 70.67556631078956, 80.05656090740702, 79.73849961349015, 77.09242080855468, 73.85923248212207, 69.71183229076752, 64.1557815814353, 57.72522648492662, 60.48710166686478, 65.29886117558931, 70.03813265621557, 77.97766353040247, 70.73981336794053, 66.02166719496094, 61.35482309081126, 53.7027965017217, 52.67134653664273, 58.37304266029265, 63.80784871067932, 77.48722036774575, 89.02897397084256, 90.86245231185202, 100.07725280589331, 112.08383994269482, 119.0512226832438, 115.09998773609165, 108.79216056515088, 107.7517110795219, 103.15872958732255, 104.70552532880652], [9.90196019572029, 12.115165244977632, 16.59380770612429, 24.483683092498374, 15.279387223563937, 6.34808897263877, 0.0, 43.0661148499802, 50.70275124204754, 58.575865504176946, 66.42995892676377, 73.05982341248456, 65.74997931363166, 57.58343377692014, 50.195523299134855, 25.34962772638829, 25.295276920910947, 27.475780560257757, 31.64752466146168, 35.33318014402527, 32.960227017866686, 26.001166102315963, 22.157293970792573, 19.019091323568453, 18.076717211276637, 53.05598048243527, 59.8890655104652, 65.28933978854947, 73.47684166483236, 79.56261915067674, 77.42593916052213, 71.74655535250167, 65.00598596963583, 57.77869368177238, 52.71714283997172, 24.98738400691235, 21.167665661341143, 31.49393697200731, 33.035291477973466, 42.690250618135394, 49.574849987362924, 55.274528783079134, 56.74218587537693, 54.318370920574615, 43.42361292146287, 38.0864895678884, 37.28501901264822, 56.787316824910505, 54.84978354001042, 57.319542173474055, 60.95515377523681, 63.88164097767226, 67.6806121130587, 76.52052833569768, 77.06655100279174, 75.05212126559644, 72.45128717110674, 68.95297079493496, 63.97889572619726, 57.98689446888384, 59.663082429118816, 63.64703618878432, 67.65135528792113, 74.6101288985496, 68.39142646357122, 64.40318551685621, 60.55945710793849, 56.27771905037654, 55.80951124139057, 61.56021755546802, 66.41692929566207, 79.9378497271857, 90.71372555744003, 91.67966668969453, 99.24943617652737, 109.17418925978082, 115.3041437599725, 110.49336753548575, 103.59469045188547, 102.04882174224993, 97.04632483458471, 98.52572991388001], [43.32712761332089, 50.57631332291268, 58.11242649947748, 66.30375477859783, 58.238796077383775, 49.30294897746407, 43.0661148499802, 0.0, 8.413310707726538, 16.581122637229512, 23.733686307066378, 30.815459426731223, 22.96821144723877, 14.899485149463318, 7.605873671796095, 43.47927592103278, 52.22387723822576, 59.33646710135374, 67.06583204981226, 72.94808049894229, 71.95445710271946, 63.823657007019875, 57.29760827152233, 49.98115297957371, 40.60540395375541, 22.527058741704586, 25.749091083621067, 28.736090080799052, 34.742352431583875, 39.60345999364112, 36.334823780954466, 31.12210236896872, 25.44152923810489, 19.519613507030357, 16.309434731389462, 27.642877808912548, 28.760727238479763, 36.2758463487165, 46.099009574932964, 50.0286192853429, 50.37811972601055, 48.136758170041794, 42.99629010191184, 32.503664741259016, 26.388074699061125, 18.94734424086629, 16.856047809113317, 71.90349809570999, 65.79787791543856, 60.1696974153324, 59.247646888466086, 56.29454994821257, 55.61634426398852, 59.17133662185141, 66.09563883161903, 68.9630439543677, 71.40728984955254, 72.87790858230885, 72.84606230691703, 71.00972349626984, 65.17991741996975, 62.4154244762021, 60.277532602800065, 58.86616468325305, 61.18544650348838, 63.27452570035816, 66.07385229450759, 89.48373507732478, 90.86009579335894, 94.90866449394204, 95.5990108072163, 105.7615324954256, 110.56287075203693, 105.16156994159346, 99.38971485684398, 95.01887283491509, 95.34336582264757, 84.2299900789923, 73.16941303397496, 67.77838875779804, 60.457026043618875, 62.238987753442785], [50.08709571041299, 57.41621205888591, 65.17680319088933, 73.6999985451583, 65.85317009091793, 56.97375965369374, 50.70275124204754, 8.413310707726538, 0.0, 8.325545515568994, 15.731565188427247, 24.429703968859837, 16.867343701452107, 10.321744259404511, 6.434906046285137, 48.444272434894145, 57.52288620581315, 64.8680542205442, 72.84278671861605, 79.05117225785543, 78.36300628920362, 70.1020058995916, 63.424868936967414, 55.994664466533, 46.523098307890905, 19.000028924690852, 19.890603795518224, 21.50239349765481, 26.554892802870434, 31.360623485426224, 27.987063906941113, 22.7504029098672, 17.528721389123678, 12.754400046870803, 11.451646678133452, 33.468806751262015, 36.320873597439835, 43.44185843112794, 54.106211876946226, 57.52239639036334, 57.07360369966131, 53.82690022742593, 48.10247005733938, 36.89710618831849, 31.54181717802917, 24.541170733779776, 20.708669277830914, 79.59908276979854, 73.23973807616007, 66.86111133428128, 65.39259404894504, 61.700800214160274, 60.34626531154309, 62.73623666563507, 70.64927134526545, 74.24234073856807, 77.37501357529834, 79.44410868570519, 79.97091180284804, 78.55671080874828, 72.10573400810101, 68.57300789005468, 65.62066675213427, 62.78934675321675, 66.52825112194827, 69.42751775067883, 72.98111483686208, 94.69812576023996, 97.31847732816983, 102.15958857192852, 103.08981961285211, 113.37029032030219, 117.88548918881769, 112.13347132454955, 104.96533165641696, 98.01301601214671, 96.78317036064007, 84.06840486878862, 71.69974676071153, 64.53820673991561, 55.04141598776633, 55.07321971771888], [57.38116177753116, 64.72877231202715, 72.7063920763961, 81.60543455613421, 73.7383193314788, 64.81790212749105, 58.575865504176946, 16.581122637229512, 8.325545515568994, 0.0, 8.508637964026617, 20.010561869550912, 13.221235250397557, 10.700047955215014, 12.543108587486516, 54.189254668676355, 63.60131347127726, 71.21073386266397, 79.51293749084955, 86.09003933979528, 85.61469789659384, 77.06430297204231, 70.17875992945092, 62.621881301769214, 53.07150613198549, 18.386738986207046, 16.147749898815842, 15.628703217474282, 19.409311947905906, 24.38051090378124, 20.516312817570043, 14.788610143595545, 10.197478315096584, 8.565441373235183, 11.05194435933379, 39.78304586631196, 43.53139252084515, 49.802619676432094, 61.346086443135086, 64.17534623831311, 62.82562057633574, 58.620141217157375, 52.627379816241614, 41.18547882659008, 36.24628442791612, 30.098844287229138, 26.002833501612876, 86.63843652444714, 79.90150471205637, 72.64779172645075, 70.64617258612404, 66.30167080608808, 64.44624457254274, 66.05449796042775, 74.64499698506813, 78.8199986686487, 82.60300035377838, 85.22662946550565, 86.37000246103723, 85.44735974622537, 78.23151763351183, 73.89829662050525, 70.23196426679058, 66.38180322619424, 71.1477544926886, 74.76059514835855, 79.09769891258108, 101.32047674007073, 104.97381843588451, 110.2715617557839, 111.21222617522301, 121.32050947977176, 125.36675641968452, 118.99680479834201, 109.99934647992963, 101.12816539984085, 98.80753619841485, 84.85415906775432, 71.58654232606418, 63.039165746253296, 51.863824158749935, 49.99595801905066], [65.58201540196525, 72.92462837457212, 80.75923835610084, 89.2565001104058, 81.56094722113731, 72.7048570995244, 66.42995892676377, 23.733686307066378, 15.731565188427247, 8.508637964026617, 0.0, 12.900834653151321, 8.753574006547268, 12.567511184125758, 17.838650515319625, 62.65221291475583, 71.99295176008933, 79.5067415526839, 87.62218233023243, 93.97376212552157, 93.49090590990888, 85.25908891312935, 78.50061468392187, 71.0085690373356, 61.50337519535621, 25.49958756604273, 21.319648356075017, 18.157298987722704, 17.02129663332344, 18.987921888434524, 14.348587205092143, 11.188455999046608, 11.774898148363324, 15.03081906963137, 18.94011011264362, 48.23835423213841, 51.43094056111397, 56.84345756555707, 67.52081391769991, 69.54458087523624, 67.66212092486553, 62.6340059310568, 55.687772826133035, 43.93329755713854, 42.24814431541295, 37.402307080227565, 34.40873203517656, 91.46105156209032, 84.63321917812497, 76.88684558175943, 74.33091422233834, 69.25657061876836, 66.49850011358654, 66.37157171265042, 75.94867606316264, 80.91925276337034, 85.37306954943594, 88.69515948742507, 90.43208833105162, 90.03755780894198, 82.32996727201358, 77.31744607776903, 72.76818554810285, 67.11758865739341, 73.62735060115118, 78.11680659297419, 83.13316670059902, 108.5336937842396, 111.58865843125726, 116.23996818534329, 116.50941410999248, 126.03023660384258, 129.1836829497326, 122.1207071401513, 111.57721094906678, 99.69619777583809, 95.83513157361133, 80.64177427010351, 66.5757225726115, 56.98350456240999, 45.41660887290506, 44.466201351096], [73.53468254713012, 80.76979572888769, 87.99769273650206, 95.14106998020809, 87.9028400291576, 79.33545234741848, 73.05982341248456, 30.815459426731223, 24.429703968859837, 20.010561869550912, 12.900834653151321, 0.0, 8.996230594099178, 17.25336789968892, 23.545322285167835, 72.75653404708463, 81.60112120767354, 88.61629785358755, 95.95166707752632, 101.37035770063788, 100.61165851735971, 93.41862717917105, 87.18791770043808, 80.00036205444165, 70.71398188266862, 38.06739526779802, 34.08460733552567, 30.376725278026896, 25.815561350936182, 22.36581492377546, 18.584902635145554, 20.96770607446647, 24.344570782615005, 27.701749160010387, 31.048647091209126, 57.78895439192393, 59.08860620737025, 63.63697582937582, 71.38740634871294, 72.36972315556235, 70.50008308010854, 64.9987498540947, 56.417476523692606, 44.52760753421505, 49.00190955485595, 45.72019315648449, 44.7161642705224, 92.28434742765351, 85.8366413448275, 78.25390905553118, 75.21173038112515, 69.45111156222208, 65.3614523071088, 62.2447532595408, 73.1076331772196, 79.05657461652487, 84.09215206508433, 88.2051276285142, 90.42008799075401, 90.55407838558014, 82.86163869553758, 77.46779413076506, 71.95084937245754, 63.589058933528435, 72.65830903210356, 78.10470442718095, 83.52616993012742, 115.01008871534431, 115.40932049375387, 117.97727968596789, 116.71175168702197, 125.04909016348559, 126.78271663058294, 119.03509647873663, 107.61520112122322, 91.41467874278926, 85.4280345334157, 69.02652579851966, 54.235440213962924, 44.224997667634014, 35.12742264994405, 41.15294001352357], [66.2151804843933, 73.47760548219587, 80.91163423028458, 88.52625073198479, 80.79189856044341, 71.97932844539955, 65.74997931363166, 22.96821144723877, 16.867343701452107, 13.221235250397557, 8.753574006547268, 8.996230594099178, 0.0, 8.580645357402322, 15.58671731588563, 65.22054680364789, 74.34005346028049, 81.60916049175898, 89.3264053916951, 95.07950561469173, 94.22450502034391, 86.4720794943761, 79.97364473049116, 72.60761280946826, 63.13882411607024, 31.452292216063313, 28.684207910351926, 26.509886298882535, 25.491799907796548, 25.572114373879117, 21.062018030148344, 19.74272649430149, 20.040558755529798, 21.403837895956183, 23.97393205419589, 49.66461134333092, 50.70766310664145, 54.91657723412549, 63.5851004620877, 64.7947129726921, 62.82590776542813, 57.51914472158704, 49.61274974631666, 37.673020408785845, 40.147079709624954, 36.808172840653704, 36.444490264957224, 85.74958756181793, 79.00337427816255, 71.2314402122658, 68.40756045809155, 62.99489508050991, 59.62720458626926, 58.40743484157501, 68.42302072659737, 73.75675934054591, 78.44569057199057, 82.14071259876201, 84.16802057472978, 84.13265549599967, 76.27556549344652, 71.02852186169324, 66.03015269968309, 59.32980318311507, 66.8226941597742, 71.75056412084156, 77.01116346923504, 109.98158689644846, 110.68026259571606, 113.35083775738947, 112.26183882227906, 120.64827114800171, 122.75488115067111, 114.97521372384006, 103.69849540753856, 90.95607112323214, 87.24370043043662, 72.50980611912608, 59.14381082200315, 51.16553588401987, 43.55705702772953, 48.005845818710156], [58.210075495010805, 65.44605558334483, 72.91494828447279, 80.70792292773129, 72.69080597322072, 63.7663917127792, 57.58343377692014, 14.899485149463318, 10.321744259404511, 10.700047955215014, 12.567511184125758, 17.25336789968892, 8.580645357402322, 0.0, 7.539616286551259, 57.61155402786647, 66.7356181256905, 74.03849736980654, 81.85563584808887, 87.68423015789686, 86.7057584608657, 78.71368560306635, 72.14094168958125, 64.73945051906098, 55.235788390896296, 27.04078716751306, 26.318228393146565, 26.21208084738192, 28.548939286545096, 31.008253568949687, 26.703140070179014, 23.114351673594005, 20.284956699494334, 18.458518001132592, 19.20118201827692, 41.581836978069454, 42.14702430544612, 46.56494526320402, 55.63074581484032, 57.377398527061175, 55.82679420735579, 51.20222850937807, 44.01449051085706, 32.15122792732777, 32.44261236219355, 28.543933265779245, 28.758636172420275, 78.93570058546855, 72.18715511158797, 64.76370841851563, 62.41084008407656, 57.638013977576385, 55.11994156379975, 55.7429929201461, 64.7380379225095, 69.28730958950936, 73.34980828327652, 76.41791275116698, 77.94788806822176, 77.49361510444551, 69.9605919376588, 65.28041141638376, 61.08448550750879, 56.20529364352708, 61.936733639735046, 66.06403996666056, 70.75616308372365, 103.49262044942954, 104.11880804923044, 106.82932582596229, 105.99512730052739, 114.62056963806445, 117.32972795109657, 109.96329818596139, 99.90561186373233, 90.46139804617857, 88.66429111388098, 75.54790855350353, 63.39798620957239, 57.013083087425066, 50.4110635414802, 54.317938237099], [50.83797055493746, 58.05864279985165, 65.45342741265297, 73.22407207986878, 65.28603706510002, 56.41584188426662, 50.195523299134855, 7.605873671796095, 6.434906046285137, 12.543108587486516, 17.838650515319625, 23.545322285167835, 15.58671731588563, 7.539616286551259, 0.0, 50.94367403047825, 59.771797745309634, 66.87908398192758, 74.50609665825307, 80.20764210686642, 79.19225068436424, 71.32043929547558, 64.8737757333206, 57.58209699837902, 48.20426950022295, 24.82848667519054, 25.971349181200832, 27.347273528100178, 31.43373547948689, 34.98067499860605, 31.278873429873858, 26.957483938556155, 22.614811195785762, 18.509375800358182, 17.2761209840729, 35.02488545145695, 35.58676945674655, 41.45127968414, 50.437011647551174, 53.202278549152915, 52.69488349501361, 49.25807528012325, 42.805234064807976, 31.33704748736386, 29.269701058211805, 23.797183533565356, 23.203909484832533, 74.74849956625272, 68.38822948071565, 61.94845224643878, 60.29970170076202, 56.39341412353086, 54.68208237966497, 56.566154842276866, 64.65270234480072, 68.42382239784338, 71.67895333593448, 73.98470276646187, 74.71004245820271, 73.55364490784766, 66.9384102101182, 63.2436693863544, 60.02210664986158, 56.66932991415202, 60.89150101020419, 64.05066560117305, 67.77260304656971, 96.19012341847008, 96.85324112282298, 100.02180345506946, 99.81672276603828, 109.17677342064187, 112.87864744604508, 106.52740350042275, 98.80440089268951, 91.63353169240752, 90.78936097795038, 78.6715764009083, 67.04898425212224, 61.23387569339116, 54.402324721157015, 57.65071476817555], [16.28520418247757, 19.976783837035878, 28.33152899202625, 41.42503092129719, 34.01416098870729, 27.827735047412034, 25.34962772638829, 43.47927592103278, 48.444272434894145, 54.189254668676355, 62.65221291475583, 72.75653404708463, 65.22054680364789, 57.61155402786647, 50.94367403047825, 0.0, 10.623172217414059, 19.51452975719082, 30.149426986969967, 39.514696952313045, 39.71390725776283, 27.66716523481321, 19.459508892718468, 12.050566713651724, 7.4156012260402075, 41.34978502261135, 48.52737193065939, 54.73866289590699, 64.54061771201891, 72.707725353044, 71.10762862013043, 64.21673887310564, 56.8325123546499, 49.77681341764032, 44.78270185607416, 17.664240312025342, 26.4725666654499, 38.18311177376659, 50.23000406685506, 58.92798099452922, 62.62471932772217, 65.92680313348195, 67.84465358472355, 63.438547825462734, 45.34015855685215, 37.19689218441689, 30.194272600017523, 77.96868183730709, 74.02462318594009, 72.9767367800112, 75.44216774640905, 77.03150235700186, 80.70140785215027, 90.1952315622243, 92.0252755981659, 90.90080089623112, 89.71879519614673, 87.1941882062624, 83.73482395874214, 78.89300968862142, 77.61746942996317, 79.30883022794303, 82.08115748866388, 88.49936109779328, 83.04649378025152, 80.30444685136183, 78.67116169803091, 59.70186131458563, 70.71098917004119, 82.92078749104274, 90.50910232040255, 105.01718584965785, 115.98545468241349, 116.04424639428463, 119.3429554260127, 127.225427341705, 131.80754152426667, 123.99708863251816, 114.43442959832271, 109.46525780404525, 99.10440825776539, 93.65212036299825], [15.781359321280567, 15.451989951577628, 21.71951872647656, 34.656802195104454, 29.10657094678786, 25.710495405838103, 25.295276920910947, 52.22387723822576, 57.52288620581315, 63.60131347127726, 71.99295176008933, 81.60112120767354, 74.34005346028049, 66.7356181256905, 59.771797745309634, 10.623172217414059, 0.0, 8.953403739860727, 19.837890512064106, 29.656835889993356, 30.223920019842716, 17.968558795699252, 10.262793970188971, 6.502242043911701, 12.530473524657678, 51.28247810387877, 58.25656796528564, 64.2392522667546, 73.59385575939862, 81.43031461572637, 80.14748138717879, 73.60354045727074, 66.46003858605742, 59.52128487686905, 54.57733562213562, 27.121885546878577, 33.623325900487046, 44.95505781094611, 54.18145572476884, 63.45880705665983, 68.32007432860608, 72.75071507747307, 75.0794084588538, 71.3751188745729, 54.35319073980416, 46.67571472457649, 40.23632198677171, 79.91029628387695, 77.1333336821406, 77.82300425087024, 80.98201453605037, 83.37975592512278, 87.41615602528499, 97.04161194025082, 98.21197960367394, 96.49111950462678, 94.50457227155515, 91.21148925914041, 86.82477621775321, 81.21845914167575, 81.64245702212298, 84.54345646353639, 88.13502910205439, 95.22303877575312, 89.03459192251098, 85.47176593371407, 82.64751755166587, 50.22169864096163, 62.82301849438916, 76.91596964525613, 86.27261879973699, 101.93817347700843, 114.50070790866013, 116.45328504441265, 123.07215045846628, 132.52679856209554, 137.4773255756249, 130.39691563124606, 121.19889458612622, 116.51419026819984, 106.18245265213258, 100.77985273621609], [19.298840405122093, 15.699068510301116, 18.172331575202506, 29.673349996089232, 26.615035587357664, 26.23940082241159, 27.475780560257757, 59.33646710135374, 64.8680542205442, 71.21073386266397, 79.5067415526839, 88.61629785358755, 81.60916049175898, 74.03849736980654, 66.87908398192758, 19.51452975719082, 8.953403739860727, 0.0, 11.044811502277211, 21.217422168335766, 22.216609451924413, 10.435688682204015, 6.291572378722112, 10.869141754218733, 19.952928253937742, 59.53293441664533, 66.34517139393664, 72.11927391787906, 81.05504011075455, 88.53811383892085, 87.48248705769598, 81.2625606639315, 74.33730719265091, 67.4907650678997, 62.5901703366556, 35.18966959776032, 40.26446620773164, 51.28164578803659, 58.13195694491558, 67.69105624166126, 73.43153980138091, 78.639664710215, 81.10817155200621, 77.8574000672302, 61.9315360502318, 54.54079655205848, 48.46851748319147, 81.81710372671432, 80.05661147924796, 82.14728573624835, 85.79467383739589, 88.74870301865934, 92.96290626894535, 102.50378414342892, 103.2358900751941, 101.11318632496028, 98.52602258841785, 94.68491666778579, 89.5844672657446, 83.40455695891313, 85.22470166570905, 89.04989824446976, 93.19822724131386, 100.6214015785393, 94.03508683952018, 89.91035225304361, 86.17566830500317, 42.06530339750696, 55.8425356055982, 71.55555757237715, 82.4286500423326, 99.05217860276305, 112.92231765143285, 116.52235803467146, 125.97213555643934, 136.43374831170422, 141.5735539368263, 135.091641331731, 126.21922145658424, 121.80652341005997, 111.63488754561077, 106.51622695676849], [25.777961361998553, 20.382445195215887, 17.758700011790083, 24.72137410802478, 25.874325884817562, 29.067500685577855, 31.64752466146168, 67.06583204981226, 72.84278671861605, 79.51293749084955, 87.62218233023243, 95.95166707752632, 89.3264053916951, 81.85563584808887, 74.50609665825307, 30.149426986969967, 19.837890512064106, 11.044811502277211, 0.0, 10.49841816314958, 12.430474979271308, 6.998713651623562, 12.792208805056614, 20.087877100391324, 29.355642822531824, 68.96752355708246, 75.55709525034179, 81.02182289518105, 89.33562191700274, 96.24747547624045, 95.44121298011069, 89.70222237583793, 83.10058207063099, 76.38466615037622, 71.55603863016476, 44.60857507010573, 48.262549791665336, 59.09314800131928, 63.069123022234564, 72.78014051194488, 79.51138122631684, 85.46574618533066, 87.79864359262534, 84.90476097104725, 70.66231695178848, 63.50958694896138, 57.81399843796897, 83.98459207218941, 83.48780463277795, 87.19988004222833, 91.31708916374383, 94.7765808419495, 99.01462681509283, 108.14351030449582, 108.53197075538525, 106.0758078569771, 102.86865442375895, 98.51075824946795, 92.62979217297028, 85.83784876618645, 89.30093404996533, 94.1276379048567, 98.76510966891856, 106.24402883049164, 99.51465129413846, 94.88974397929302, 90.16969627066919, 31.743980751888337, 46.32548292404151, 64.05473539220941, 76.7820287921936, 94.60004184781613, 109.99492060913214, 115.66583155352004, 128.6294397083186, 139.7444371744298, 144.88654387148617, 139.09473587748246, 130.6358581984673, 126.59520306907085, 116.80853799828459, 112.40811601333478], [31.916598801810117, 25.98540850795342, 20.121162247532073, 20.63972819101068, 26.083744722965008, 31.937439458275765, 35.33318014402527, 72.94808049894229, 79.05117225785543, 86.09003933979528, 93.97376212552157, 101.37035770063788, 95.07950561469173, 87.68423015789686, 80.20764210686642, 39.514696952313045, 29.656835889993356, 21.217422168335766, 10.49841816314958, 0.0, 4.25331473200244, 13.335667080995197, 21.303095234260226, 28.648655053445722, 37.52049266516532, 77.01167641228983, 83.43819947753065, 88.62373910459442, 96.35138684470554, 102.63124708577921, 101.92868629764924, 96.65724014574553, 90.34904818872951, 83.71235656619064, 78.93370074209989, 52.34515417816645, 54.44234983924066, 64.92059721561832, 66.03625642963233, 75.69435551703845, 83.29690445391194, 89.8729553115086, 91.97061786737936, 89.47828173857653, 77.1789818071661, 70.40961819157435, 65.4029806215499, 83.97249706406002, 84.68225553570203, 89.88407225725845, 94.37766190168597, 98.25097777629217, 102.42804105614329, 111.02879460037948, 111.08871051394479, 108.36053167885241, 104.60713481628, 99.84253917910898, 93.29812574304266, 86.02152490299727, 90.99076541505703, 96.7010602799049, 101.72094647034095, 109.12926430287175, 102.37466870693208, 97.35497106004608, 91.76656647195264, 23.869368154249457, 36.32736808538469, 55.30001298643157, 69.45967199539308, 88.18825074220987, 104.79642885059596, 112.30391060698624, 128.48554482675976, 140.08489549107765, 145.29275982429564, 140.3564291510032, 132.5307382811387, 129.14977133150705, 120.30137640216267, 117.27765288543515], [30.61312698983732, 24.367175332165303, 17.47771095205854, 16.499493374956156, 22.563338006715362, 29.1381448578124, 32.960227017866686, 71.95445710271946, 78.36300628920362, 85.61469789659384, 93.49090590990888, 100.61165851735971, 94.22450502034391, 86.7057584608657, 79.19225068436424, 39.71390725776283, 30.223920019842716, 22.216609451924413, 12.430474979271308, 4.25331473200244, 0.0, 12.964558480213434, 21.064232058640588, 28.310995403633342, 37.022279868404134, 77.11153866450775, 83.63640398844868, 88.86150316466068, 96.6195381496859, 102.79967721136833, 101.92195740526664, 96.64822215704045, 90.28923098474465, 83.54174974563843, 78.69655606749414, 51.56018917162856, 52.6904207131821, 62.700517237961805, 62.86195634288144, 72.46186123141159, 80.27750709038733, 87.08827449447055, 89.28617394267212, 87.16469418974903, 75.43933598007908, 69.06781407834008, 64.77621059517334, 80.05242640039407, 80.98077052395877, 86.53011649710781, 91.14524285682482, 95.19687029799982, 99.45030328477868, 108.10399287136151, 107.88936377907523, 104.99921286513607, 101.07257053600337, 96.17727587250597, 89.49994711717036, 82.14584563154203, 87.41108063836104, 93.35305756823308, 98.54324392241848, 106.15541633065018, 99.17220331687123, 93.9817418235379, 88.16694966383015, 26.28031415932243, 34.79160291815485, 52.202028350142, 65.82864320904677, 84.26426481423582, 100.74445237839788, 108.19311268297383, 124.62676601802872, 136.7999258695628, 142.41895069108696, 137.98187639480693, 130.6141248279784, 127.79465037851872, 119.80867199717954, 117.74471653461828], [21.061613171487316, 14.677793948773399, 11.387546897283405, 20.28658093637205, 19.61960999477803, 22.780700728626787, 26.001166102315963, 63.823657007019875, 70.1020058995916, 77.06430297204231, 85.25908891312935, 93.41862717917105, 86.4720794943761, 78.71368560306635, 71.32043929547558, 27.66716523481321, 17.968558795699252, 10.435688682204015, 6.998713651623562, 13.335667080995197, 12.964558480213434, 0.0, 8.38736531439724, 16.220415479102684, 25.711892310910567, 67.06686706408242, 73.92578126906604, 79.57903374074928, 88.17028453148983, 95.11991214423054, 93.94679589919872, 88.0295858628427, 81.21346113460271, 74.23962227125939, 69.24880971615065, 40.79570764717251, 43.06733351797157, 53.139471839774, 56.512054686092036, 66.1945411320054, 73.00487583636308, 79.21814132286009, 81.90688284926327, 79.60200061295802, 65.58100365935263, 59.05977002783421, 54.55256928871741, 77.32146156514672, 76.74385999980711, 80.53154007932856, 84.76163026780753, 88.43866509644207, 92.89187273712677, 102.39327443203896, 102.35190551668038, 99.66121577267043, 96.31300121201569, 91.83492633854887, 85.94753513985667, 79.19234887052902, 82.62037533756066, 87.5639494782944, 92.41874685148083, 100.38804721215358, 93.16165844909204, 88.32486828707923, 83.4921287187253, 36.73566970343044, 47.063722833807965, 62.10454918722655, 73.43740607181657, 90.32699176973004, 105.04233053453753, 109.96411749907371, 122.22194252447957, 134.32149293480146, 140.22639016098734, 135.063818211148, 127.22733471541035, 123.98789607389737, 115.44990769208466, 112.33113087915973], [15.078581044048612, 10.07472768581479, 12.617399939850559, 25.098246019320744, 20.764407961123187, 20.281584261818825, 22.157293970792573, 57.29760827152233, 63.424868936967414, 70.17875992945092, 78.50061468392187, 87.18791770043808, 79.97364473049116, 72.14094168958125, 64.8737757333206, 19.459508892718468, 10.262793970188971, 6.291572378722112, 12.792208805056614, 21.303095234260226, 21.064232058640588, 8.38736531439724, 0.0, 8.0486610482881, 17.834106205557713, 59.50640483079922, 66.51918107966252, 72.37364811370797, 81.37141558714575, 88.68804186836857, 87.32858659770315, 81.090663197875, 74.05723983897514, 66.98644803506714, 61.940545761659976, 33.046121635394165, 36.30519683455194, 46.736922901292424, 52.428035617984094, 62.03208205547539, 68.08262929590182, 73.67899455189345, 76.37232992926785, 73.69937432495954, 58.448216434446536, 51.68878174111909, 46.9331608314296, 75.61886153111827, 74.00467489599787, 76.4646277217025, 80.29555195765559, 83.52286635965083, 87.90245353996653, 97.64080280502384, 97.9576496992819, 95.58893127160455, 92.77070428821536, 88.7521548392437, 83.50603295766695, 77.24947542323909, 79.32866262688334, 83.44247703880086, 87.85523555855009, 95.66754036494449, 88.6671604497776, 84.28047859577825, 80.26616872485921, 43.89711054028487, 54.190442535353235, 67.88004048298268, 77.76814890409108, 93.75620360418783, 107.23356442592922, 110.52097090212415, 119.99937897866955, 131.3239675888817, 137.1072851067262, 131.34086221318358, 123.14025045030235, 119.58288494802301, 110.74951860642557, 107.17004199356104], [9.983638157652651, 9.275935072533494, 16.61785826946093, 29.84210156459913, 23.24651824331046, 19.24105953987303, 19.019091323568453, 49.98115297957371, 55.994664466533, 62.621881301769214, 71.0085690373356, 80.00036205444165, 72.60761280946826, 64.73945051906098, 57.58209699837902, 12.050566713651724, 6.502242043911701, 10.869141754218733, 20.087877100391324, 28.648655053445722, 28.310995403633342, 16.220415479102684, 8.0486610482881, 0.0, 9.858024618235946, 51.755447180893114, 58.87371914834694, 64.8411112658151, 74.07577111088887, 81.57869366193874, 80.03447126076279, 73.60071435832066, 66.43168832367729, 59.28207287170969, 54.19455695225184, 25.099299406758547, 29.41786955948499, 40.604542481907245, 48.370542938265174, 57.796340237954844, 63.13739608588615, 68.00844801242067, 70.38275559480044, 67.15267715606008, 51.156829537886, 44.02560750369013, 38.98349942340675, 73.6152965854522, 71.07121073881031, 72.25722454704093, 75.61738224141588, 78.27392609396036, 82.39940580132188, 92.05730041836735, 92.90335077880094, 90.98277821269892, 88.75149793225737, 85.29239514287808, 80.69939287007556, 74.95638506870775, 75.75712063264133, 79.01155770437164, 82.84544800267817, 90.17027404079386, 83.71116891651025, 79.90612745019159, 76.74191615856819, 50.45030401382537, 59.878267385169934, 72.19137196353077, 80.68349000966462, 95.87784846284806, 108.14525344117781, 109.96106749077624, 116.94699149029279, 126.99108918862582, 132.4350165762343, 126.0500463818126, 117.50215769995727, 113.67355399368029, 104.71757808846966, 101.0605107717881], [9.516346343524596, 14.740885511597018, 23.617105697345238, 36.232161072860414, 28.184536558595884, 21.13906095619758, 18.076717211276637, 40.60540395375541, 46.523098307890905, 53.07150613198549, 61.50337519535621, 70.71398188266862, 63.13882411607024, 55.235788390896296, 48.20426950022295, 7.4156012260402075, 12.530473524657678, 19.952928253937742, 29.355642822531824, 37.52049266516532, 37.022279868404134, 25.711892310910567, 17.834106205557713, 9.858024618235946, 0.0, 42.42500034886398, 49.64645632142506, 55.68720205413676, 65.09264861741269, 72.68515830389967, 70.88335243451479, 64.28905745029216, 57.0001489791441, 49.74485841090745, 44.60078543361954, 15.341010381406631, 21.47452361442237, 33.9735732413703, 44.13698002603936, 53.123182852527876, 57.54080265465675, 61.35100717901438, 63.031203246475016, 58.91712921446439, 42.388396054516974, 34.610661340731255, 29.12994345019993, 71.42889444164655, 67.82754205474632, 67.44327301111275, 70.12988088863631, 71.9497318036361, 75.5932571831352, 84.88323622685257, 86.53016870245415, 85.27746792276574, 83.83720612702577, 81.16825327876315, 77.42405112421349, 72.3679942362474, 71.61808454779757, 73.74600033355283, 76.72185653512597, 83.15110704403628, 77.64140798627948, 74.6923148809158, 72.6424511654347, 58.34888788337897, 66.32952741036696, 76.91588676349897, 83.72036121620874, 97.9300324703572, 108.69920260801324, 108.81682471545503, 112.8994584081293, 120.98851243255328, 125.86100753974459, 118.70294397186981, 109.74547695066786, 105.62795218765771, 96.68761879834442, 93.27269070902076], [49.11078258889024, 56.15441431657652, 64.82760642985359, 75.72759856630549, 67.61710765177166, 58.81992952165575, 53.05598048243527, 22.527058741704586, 19.000028924690852, 18.386738986207046, 25.49958756604273, 38.06739526779802, 31.452292216063313, 27.04078716751306, 24.82848667519054, 41.34978502261135, 51.28247810387877, 59.53293441664533, 68.96752355708246, 77.01167641228983, 77.11153866450775, 67.06686706408242, 59.50640483079922, 51.755447180893114, 42.42500034886398, 0.0, 7.565704903432661, 14.211637997861226, 25.146146860031756, 34.3349059725641, 31.982611780457123, 24.119382948090795, 16.43892262755887, 10.481476457616981, 7.868935664542317, 30.13272610764839, 38.378741181549415, 46.41169210217242, 61.75846338978228, 66.30730905424328, 65.41529456489916, 62.634144706886474, 59.61403333193587, 49.972086188312424, 36.141972184332346, 27.455523244673373, 17.601024547442087, 90.08499091633664, 83.33860