{
	"dissimilarities": [[0.0, 7.6063797553367625, 14.686735062294174, 23.82479544213098, 17.609611637709698, 10.448640765312105, 6.517842704765894, 42.809033764955394, 48.853802290745456, 57.34103646652818, 65.48752305138719, 73.20176178151151, 65.64389329192805, 57.48005637414513, 49.09730637661359, 18.651015442689822, 18.429583205087276, 20.77148770115554, 25.884055449756648, 30.87417801429361, 27.368021730767534, 21.08418842338782, 15.931562929779455, 11.971712878441163, 12.369287289293432, 48.20981624721523, 55.59373370367838, 62.23605397529818, 71.65531456191387, 78.428568238269, 76.20749295257411, 70.0752352622142, 63.02933536920982, 55.51702612466699, 49.79347987624542, 19.85391587463453, 26.629239869193526, 35.95113815154144, 37.53037456836466, 47.976129644572794, 54.10170518441031, 58.742431318342554, 59.4857927760264, 56.758707105955146, 46.05220186145784, 38.5923180468053, 34.68730607523269, 64.94112206053076, 61.42094613444515, 61.52585272038897, 67.01355544038263, 67.95716644632915, 72.7487610545525, 81.67603637388189, 82.0137094452482, 80.27216455923428, 77.86635901263072, 74.13645649213527, 69.86371933899919, 65.42483995411587, 65.78112807716275, 69.00695065858554, 75.55395822237432, 80.0953175954034, 76.33519721799331, 70.49729120740045, 66.6642163402891, 55.49263389805213, 53.69284571081087, 61.20628363929879, 70.87300614605773, 83.53139030690414, 95.26139892507365, 98.88108294806348, 105.16630703801717, 114.08125861700879, 120.1131553906674, 116.95404965518705, 107.86272694518922, 106.72877555737146, 99.27387092551791, 95.12273381646717], [7.6063797553367625, 0.0, 7.757443371486129, 18.963460606073735, 14.15793196255456, 10.584225390779478, 12.000909795982174, 50.21371410023654, 56.05324840328522, 64.38928242155278, 72.64641455431372, 80.58246185355252, 73.05012187471446, 64.8751995078597, 56.52284458416234, 20.560923103270557, 16.04969325833843, 15.686631071456132, 19.576768618126078, 24.367608508807713, 20.480357102484742, 14.02310991051821, 9.800498723520654, 9.573714716325581, 15.530855587262183, 54.2647007284216, 61.67785876956841, 68.50705494768842, 78.06938251492873, 85.14070596694516, 83.06346540315104, 76.75452406883632, 69.59273171121497, 62.1185037121953, 56.24212150324184, 25.439617339684094, 31.90454218369207, 40.276768883572394, 41.51824976007718, 52.11748404285527, 58.46505704134578, 63.81050906981418, 65.38137837932447, 63.45614654570343, 51.86161189255164, 44.930246788808454, 41.19257612476124, 67.56869420790981, 64.71335074986108, 65.59120635313427, 71.56596598361321, 73.17966655326744, 78.35731150307788, 87.8205915400655, 87.60703900030266, 85.28201229317366, 82.33941733017825, 77.9456346119063, 73.11084123584125, 68.55461845301527, 69.58880250952419, 73.56220364647086, 81.11880519947645, 86.01225970747957, 81.88040637334812, 75.04123347512332, 70.46272074482648, 50.550703967848, 50.00656670601543, 59.05186297391883, 70.44742141019022, 83.82950059600832, 96.54427249994872, 101.22336638795133, 109.26128263697389, 119.944442886957, 126.61108417419005, 123.93122733719414, 115.07407443227483, 114.11384194475016, 106.43180193983717, 101.62301232208993], [14.686735062294174, 7.757443371486129, 0.0, 12.333146532639354, 10.577174185107005, 12.650265856212947, 17.245473570751283, 57.48059331150007, 63.4849805981797, 71.90526821857793, 80.06663149838492, 87.71146216738299, 80.29139213004807, 72.15218864724272, 63.75730858734318, 27.511012816335413, 20.75999549853723, 17.207159384792394, 17.287976048811903, 19.419884363930542, 14.872418470050961, 11.137133349601411, 11.328598900248608, 15.450921568535486, 23.04301667494734, 61.985307965021605, 69.35730417069084, 76.13223325543848, 85.49571856819463, 92.38311076994434, 90.41038985454153, 84.27575719798739, 77.21422322422042, 69.77883812113149, 63.94288892341763, 33.07685978934805, 38.49207086798538, 45.562845368454475, 44.778353424842514, 55.493662466216385, 62.50843434317761, 68.5622607502924, 70.55587051613456, 69.35237936377908, 58.37781051575462, 52.07357195755385, 48.86587410546532, 68.18037768234291, 66.53689266162174, 68.70275458908036, 75.11871935912772, 77.46361026371119, 82.77663105636778, 92.31708937814494, 91.57513207954712, 88.74719163493155, 85.18715633234646, 80.10985592637503, 74.43722843677742, 69.77127399935321, 71.90787468757108, 76.90331912685936, 85.26703079848903, 90.28289403218915, 85.96687090390137, 78.24792952262838, 72.72157762960865, 45.57542309047087, 44.06307386916417, 53.65396844327284, 66.4097887259662, 80.47207289711682, 94.26466939155063, 100.23660736512055, 110.99294165007188, 123.11527513300179, 130.3516125328037, 128.36034556556217, 119.9985238186825, 119.71782683316415, 112.46672422658246, 108.16953360242192], [23.82479544213098, 18.963460606073735, 12.333146532639354, 0.0, 10.444995911314955, 17.925429264984793, 23.670793151389823, 64.74651904446242, 71.27167600181606, 79.98982597017134, 87.70031515049958, 94.25405383634914, 87.1786106900991, 79.24845267132397, 70.81740073341787, 39.436565617403524, 32.83325345305205, 28.201770242429202, 24.805644048468086, 21.568849985887102, 17.572891336928283, 20.16721002961555, 23.074814719085616, 27.58548208143438, 34.43201037836654, 71.85438971544858, 79.06989304321168, 85.44586168206503, 94.07893557557192, 100.0594705990208, 98.16978708254389, 92.75152538534962, 86.13424228735381, 78.78965361311715, 73.27510310894883, 43.329674550528196, 47.12785356376941, 52.555893646958594, 47.44458802925187, 58.08816264906957, 66.39510663564842, 73.09253112163371, 74.85974963138251, 74.2582588824665, 66.11115083750278, 60.554321412755684, 58.23684948804877, 65.67760361331833, 66.28808937920469, 70.61247986546664, 77.34124255487696, 80.48674860256283, 85.47982797352654, 94.2473220035473, 93.03227977090313, 89.86740286457663, 85.57665232707, 79.81202875730881, 72.81939892724677, 68.07673004084911, 72.08954259734053, 78.54488482556364, 87.30385691931818, 92.01039336547146, 87.86610712861102, 79.5375271551262, 72.74747009905903, 41.64759846079888, 33.66666220438385, 41.548449756621764, 55.279812407605, 70.26087619494032, 85.55491610737191, 93.40896343646297, 108.82505989668405, 121.67586540362622, 129.27427457999534, 128.29348526666297, 120.89413082775465, 122.08473330405886, 116.29287095481125, 114.29033532156532], [17.609611637709698, 14.15793196255456, 10.577174185107005, 10.444995911314955, 0.0, 8.804986383866872, 16.007755859672677, 57.60967580325776, 64.4796435935736, 73.27256751386793, 81.12505880967876, 87.95068715195411, 80.23773749524827, 71.98454913081846, 63.697499753715434, 33.83429622107144, 29.591927191938314, 27.442012041695502, 27.634512584823096, 27.949248315957806, 23.28447302986823, 21.478388562861273, 21.251793625641533, 23.364281498990227, 28.29328472248899, 65.24200915038847, 72.72432848796443, 79.31372650145225, 88.61761982332376, 94.8465939835999, 92.4905382812731, 86.71634682379022, 79.78873114750078, 72.1767032166299, 66.57279081451438, 35.55737520463646, 37.51364710862161, 42.20897293416102, 37.5972984022261, 48.2823589747171, 56.259696651861994, 62.956287334896565, 65.10532086677651, 64.98915052086566, 56.23399637264023, 51.39042802802605, 50.4028885657395, 58.3306156815981, 57.626040691571674, 61.05261913499975, 67.74822292377536, 70.79173462463332, 76.05877773283042, 85.51012087952637, 84.15025950224789, 80.881081534854, 76.79369359122013, 71.25721586303376, 64.95986526599872, 60.24600800879954, 63.27275731197492, 69.18686082898539, 78.13896789134795, 83.20596407982198, 78.75288321054308, 70.33238279937254, 64.01102977125106, 51.263329133216224, 43.42216052454275, 47.87586172025144, 58.16765089386885, 71.03014657686853, 84.08236339626723, 89.84474292632758, 101.50817032729131, 114.97887879263361, 123.346160926348, 122.81415287167353, 115.55975673899763, 117.12840692962156, 112.17760366459, 110.67977257374528], [10.448640765312105, 10.584225390779478, 12.650265856212947, 17.925429264984793, 8.804986383866872, 0.0, 7.6404975217747415, 49.02320274259581, 55.88108407490247, 64.65183838571467, 72.57251170915166, 79.62970450205789, 71.74309819476623, 63.41001151048117, 55.14776529053473, 27.378233006921686, 25.76662999480353, 26.101894587545363, 29.049163861667292, 31.776026313667433, 27.37492778745234, 22.958535683125152, 19.956386354538363, 19.019142376982828, 21.29344234403827, 56.7247434390389, 64.23546439108519, 70.83028482388316, 80.31042294682209, 86.64932798076697, 84.1401557050113, 78.22828261336534, 71.2230258286698, 63.55737556157215, 57.96102650912016, 27.156139770550322, 29.32571515714278, 35.28354063135083, 32.66257015420107, 43.478393619858515, 50.823191529108605, 56.76145112762088, 58.39358318491264, 57.47662738342935, 48.20901595801056, 42.80161545364651, 41.648127292668335, 57.208037934534225, 54.92247607253062, 56.7679216090438, 62.980297074271725, 65.16745416923457, 70.298508156823, 79.70186829308548, 78.96147549275047, 76.28641402443358, 72.92892951452725, 68.2160208557393, 62.938887142991305, 58.33587980808622, 59.976733333370206, 64.67529671805032, 72.70211620991562, 77.64726495060587, 73.39215344304523, 65.98828497765828, 60.79568095740087, 56.125075217147895, 49.90508324095554, 54.28010506829867, 62.99156976762295, 74.99589663680472, 86.67599474907293, 90.80817649274205, 99.11361020099655, 110.8538384208362, 118.58358967158613, 117.28218290896643, 109.47420867920775, 110.36345708147054, 105.06943550259035, 103.23091378920523], [6.517842704765894, 12.000909795982174, 17.245473570751283, 23.670793151389823, 16.007755859672677, 7.6404975217747415, 0.0, 41.72824257879391, 48.48504678139672, 57.2702917948078, 65.1403922760056, 72.19145472392701, 64.45692945238659, 56.22050898140536, 47.878047901375645, 23.822116055721793, 24.716492613514664, 26.844971596732705, 31.181837822952943, 34.990833185937326, 31.156304035783606, 25.89157791472055, 21.490213771457576, 18.139678469122487, 17.302533180253057, 49.81467706404438, 57.187872451064884, 63.595777776286475, 72.84094791848246, 79.04624470178388, 76.56922843179224, 70.77596778915655, 63.90331615730959, 56.311974374111756, 50.8386778865191, 21.53552716509231, 25.236859497350416, 33.1307760384587, 32.163549089591, 42.765101269144374, 49.5442386151188, 54.43977483526212, 55.01690859167059, 52.73811712050021, 43.82852882121474, 37.26331847842425, 35.06202216129163, 58.813742747132025, 55.608385207615015, 56.23789513691728, 61.792755790460426, 62.98056621201628, 67.65240977494821, 76.39649416251707, 76.51859787842444, 74.67488826519272, 72.08930111281506, 68.26698830569265, 63.76725768592964, 59.314275429164766, 59.990150055987264, 63.5758840109709, 70.21873827516129, 74.70260898007373, 70.95528851299215, 64.95229196472648, 60.83537003230327, 58.60193653652538, 53.51519978142908, 58.34600358853687, 66.32588646383488, 78.16235151217045, 89.24298147668496, 92.48944502494847, 98.92234692152746, 108.12689884207145, 114.65934704010786, 112.24815534482767, 103.76017358296265, 103.7599979865994, 97.81158714802046, 95.65177656783412], [42.809033764955394, 50.21371410023654, 57.48059331150007, 64.74651904446242, 57.60967580325776, 49.02320274259581, 41.72824257879391, 0.0, 8.15650820824996, 16.90386229174729, 23.967953453452505, 31.351573778639708, 22.928975649485672, 14.69548262911256, 6.331521356577263, 41.142996256356405, 51.04146537024168, 57.83920798967872, 65.19760381929666, 71.41260674933858, 68.9513533421903, 62.21726812821021, 55.86766564786848, 48.70732071171726, 39.5179161936477, 20.946465181766325, 24.90848021382824, 28.32732076414337, 36.11464544867914, 40.93919013575108, 37.23083363925944, 32.04041758002134, 26.32444774485786, 19.740705635396168, 17.62622803248049, 29.42837341355431, 31.059698237508893, 38.922390807772025, 45.83927111966388, 49.67073357145685, 50.3185750292231, 47.680805206296036, 42.21481007431572, 32.01148295809315, 29.73495806388578, 20.888806531654343, 16.21028616630478, 72.80657821710292, 65.18098325722984, 59.017983253524086, 59.596686420737065, 54.88264619632617, 56.102858447982136, 60.20152818459847, 65.1423956090172, 68.07858643314692, 70.32357966063219, 71.92835654751684, 72.80379933450126, 70.10961046674107, 65.18531571570426, 61.685596499197864, 59.456046433647955, 60.90170052539116, 60.382060705295586, 63.248340377042595, 66.02650200361036, 91.63255501445875, 89.05700649567336, 92.26774030485498, 94.82530816402513, 102.89161881665025, 108.40673855219089, 105.53063199942393, 98.1898923013435, 94.56111539052043, 95.30761501552325, 87.57578648925711, 75.92412467697544, 71.08439901940244, 63.3307494670971, 61.001700391541], [48.853802290745456, 56.05324840328522, 63.4849805981797, 71.27167600181606, 64.4796435935736, 55.88108407490247, 48.48504678139672, 8.15650820824996, 0.0, 9.008837536086494, 16.76576642496814, 25.73874793124044, 17.93099298403248, 11.05826216065309, 6.392115034764706, 44.91013523387163, 55.04944999938816, 62.10165115186933, 69.65973988233112, 76.25691344771965, 74.13553001837045, 67.24479081687485, 60.82506314210277, 53.55255778660804, 44.26767225330338, 16.709794119152214, 18.440846802722646, 20.61328387067119, 28.045512505952498, 33.28479755169122, 29.526462132145546, 23.918049137608318, 18.299781893132526, 12.358038587514566, 12.193237443130599, 34.413761418029225, 37.27702601891715, 45.380602296842305, 53.62115271766218, 57.039162035280974, 56.88666028737757, 53.49468245686195, 47.80105590055735, 37.098254960086535, 34.49758470779952, 25.872232186193173, 19.649158861088303, 80.582116968456, 72.65013983813716, 65.86906727833176, 65.9454200057786, 60.634961081691394, 61.44767920747783, 64.79218738203656, 70.37785922823052, 73.89039284729735, 76.71176921106188, 78.85102754232707, 80.2457401566186, 77.71278887601301, 72.3348642894463, 68.11758857319793, 64.90381769576028, 65.89641590997027, 65.84280716216331, 69.7139861003482, 73.17620143785895, 95.87564845881792, 94.98801764094867, 99.28882263541, 102.29756923707653, 110.60069940778175, 116.09845576022582, 112.97843904479055, 104.3932854874728, 98.80087172853544, 98.10427320056452, 88.87052574138039, 76.29178331589469, 69.28587405112476, 59.37556727862905, 54.52665234331048], [57.34103646652818, 64.38928242155278, 71.90526821857793, 79.98982597017134, 73.27256751386793, 64.65183838571467, 57.2702917948078, 16.90386229174729, 9.008837536086494, 0.0, 8.84778393398765, 19.881975484364247, 13.239059338759798, 10.526070348056248, 12.860330325651281, 51.852217038034546, 62.173674031697956, 69.42948446903678, 77.16505936119046, 84.04545263014076, 82.12035565499129, 75.08641087237979, 68.60478236763221, 61.26278978454824, 51.92302726838737, 17.765103082191473, 15.526628642310378, 14.472843457262986, 20.544687757585535, 25.791109224675296, 21.516037320037906, 15.480171788909352, 10.761959154974155, 8.30941421577418, 12.73663202323397, 42.06728786582437, 44.863657317915276, 52.40407399603795, 61.55266317988104, 64.13779849844148, 63.000629103266405, 58.64494539357658, 52.59397957006075, 41.5671382643621, 39.67116772723478, 32.19539845124979, 26.51462590761876, 87.97931940081308, 79.6153361595686, 72.05121163658688, 71.40657552796124, 65.38149487883099, 65.62575898265108, 68.03078012476394, 74.2917392968306, 78.482875010206, 82.03057022208355, 84.90483319315301, 87.06169206380872, 84.80983852851672, 78.782015620166, 73.61951108944065, 69.14256496026115, 69.58542237399145, 70.08414784389326, 75.22470899051469, 79.60996878492891, 103.2544876623862, 103.3567741405249, 108.0182309395922, 110.86003051597034, 118.89331443945643, 123.83162672170104, 120.01501915146207, 109.32592106905592, 101.59470810269856, 99.55595200114283, 89.02680588061158, 75.77169073537553, 66.85165189202161, 55.51233151695353, 48.747107320623336], [65.48752305138719, 72.64641455431372, 80.06663149838492, 87.70031515049958, 81.12505880967876, 72.57251170915166, 65.1403922760056, 23.967953453452505, 16.76576642496814, 8.84778393398765, 0.0, 11.826219865211835, 8.477345451962956, 12.64187446781485, 18.58669286474697, 60.605251937183816, 70.797676392601, 77.91966626402696, 85.44641112083812, 92.07691118654537, 90.23624872738878, 83.4448701891533, 77.07230239808189, 69.81116331804921, 60.55883437848315, 25.856192966538963, 21.803516436447147, 17.587812055912526, 18.068079306366656, 19.89306857501057, 14.913185536198563, 12.057379929384451, 12.824666629805625, 15.424293111958745, 21.040457819415646, 50.75364528409519, 52.98245708745661, 59.71838393345009, 68.0005675222872, 69.80083559425086, 68.3074472226022, 63.1625313411724, 56.206649755167675, 44.71512203145109, 46.002139669985716, 39.732584808745514, 35.176212097961795, 92.75447358065834, 84.45907925895243, 76.6726707533682, 75.2729227022316, 68.62440870977306, 67.90656406840297, 68.51837816388245, 75.62538137676833, 80.71009436391935, 84.93888060568422, 88.59574960342592, 91.2646761316233, 89.32589045796294, 83.04922174123455, 77.24292643517899, 71.13222227194868, 70.5912581276936, 72.01398110235087, 78.69591539353054, 83.8053865039244, 110.28958973790674, 109.89288526514247, 113.93445733002235, 115.86051974502709, 123.2970250107787, 127.45796342105616, 122.93850014249311, 110.91052335856017, 100.04871135891538, 96.21466847302955, 84.31460257189097, 70.4886914074825, 60.10030719388957, 48.360910104410245, 42.58589977127281], [73.20176178151151, 80.58246185355252, 87.71146216738299, 94.25405383634914, 87.95068715195411, 79.62970450205789, 72.19145472392701, 31.351573778639708, 25.73874793124044, 19.881975484364247, 11.826219865211835, 0.0, 10.181683228175878, 18.6328236669171, 25.351876341583772, 70.41929064103661, 80.24249432688079, 86.9615765530289, 93.95900507104616, 99.89375123453488, 98.05882103625456, 91.84463792094776, 85.74302601567626, 78.71157767841909, 69.7017746238191, 37.39793185061302, 33.42098850389488, 28.47574052623294, 24.504759697719052, 20.266395921090805, 16.136905835848363, 19.763019700339825, 23.877353888517735, 27.11499572215177, 32.48167487357716, 60.06967747611815, 61.49624225565571, 67.29692805580966, 73.29363355510017, 74.37122707824925, 73.10307612609029, 67.43667396415401, 59.240212167430506, 47.38927238095653, 53.47606070294865, 48.31108310276494, 45.00636887782205, 95.15301668760932, 87.47498072980984, 80.07217325485776, 77.93982291238908, 70.8527876501342, 68.8389495978984, 66.7949464440058, 74.86327226556588, 81.00185518538827, 85.81100948288413, 90.24010552803291, 93.13536787885536, 91.54607668111846, 85.47188124342578, 79.39074889070595, 71.39600245095285, 69.43973156542536, 72.14729433165718, 80.52948290651435, 86.09644740784987, 116.56067431935708, 114.39860736648735, 116.95720110198312, 117.29618646723311, 123.80650136958212, 126.9894443749943, 121.81682219374876, 109.36760867859923, 94.30586584438333, 88.05372188745363, 74.53877767290732, 60.10709005734596, 48.53367215033073, 37.679377604410476, 37.5271551988324], [65.64389329192805, 73.05012187471446, 80.29139213004807, 87.1786106900991, 80.23773749524827, 71.74309819476623, 64.45692945238659, 22.928975649485672, 17.93099298403248, 13.239059338759798, 8.477345451962956, 10.181683228175878, 0.0, 8.855649266330166, 16.66079507959692, 62.719157133587544, 72.92506295254643, 79.9120243842196, 87.2899778284732, 93.51537991830573, 91.34791677046009, 84.73901703720777, 78.40552352511445, 71.19040586313704, 61.89985682856367, 30.734076116702287, 28.300247635154257, 25.396222522572348, 26.365276549248524, 26.327945967009658, 21.389460993381086, 20.365607454889577, 20.66168899881738, 21.240794190962283, 25.6915173487535, 51.58817986895952, 51.96800899722054, 57.34108737675863, 64.05381773009778, 65.02260401160818, 63.48477862425287, 57.93983599565401, 50.196555427715666, 38.43908900473292, 43.29863619420252, 38.38211910090309, 36.14757647512103, 86.9355050034051, 78.75687265718675, 71.00307154686043, 69.13803283004154, 62.231402398259156, 60.905336789108176, 60.59121645450989, 68.000195579934, 73.47691236542234, 77.97488845109288, 82.04618085164208, 84.99657635017772, 83.30593753187797, 76.92526276171417, 70.85032233061374, 63.861279546685886, 62.82723741572445, 64.6950129920568, 72.15655478926821, 77.6172747680001, 111.96310797544064, 109.36180243688396, 111.53390942568291, 111.93226994678072, 118.26276299812633, 121.34238084014106, 116.05549972709491, 103.13598875438463, 91.59341932498421, 88.04902143368099, 76.84655554936771, 63.58641016918883, 55.04685615328478, 46.85520818901097, 46.55293006610121], [57.48005637414513, 64.8751995078597, 72.15218864724272, 79.24845267132397, 71.98454913081846, 63.41001151048117, 56.22050898140536, 14.69548262911256, 11.05826216065309, 10.526070348056248, 12.64187446781485, 18.6328236669171, 8.855649266330166, 0.0, 8.498641901845318, 54.739782085219105, 65.04817710424713, 72.10578246991348, 79.63521069913772, 85.97119253448948, 83.59742429559547, 76.80111887790994, 70.37307040913, 63.10166373099053, 53.720900221992466, 25.371290355682937, 25.133495892695663, 24.7951491027013, 29.565098080686525, 32.14886021891398, 27.411379900571315, 23.796097172576218, 20.756973379750935, 17.93932288419056, 20.46754655360984, 43.121283417672544, 43.12148729451954, 48.73028519561925, 55.87230828770612, 57.360146152304445, 56.13722176312498, 51.234860099353504, 44.13755268367349, 32.57057099577724, 35.327442020349714, 29.741443434432668, 27.79753949007561, 80.1433226893304, 71.83021879095274, 64.22272941560806, 63.01576791700773, 56.648277105212635, 56.23431435643803, 57.781655745968486, 64.32310577127969, 68.9196710164084, 72.77009864679854, 76.13291825388046, 78.65607994197828, 76.69567773312019, 70.47053305695395, 64.94479310837976, 59.48789241826983, 59.46596911415568, 60.38603015802476, 66.39355876649539, 71.22926910590903, 105.52263265722708, 102.72211449863292, 104.9239085553765, 105.79163469875809, 112.40890372938453, 115.97395108937933, 111.17239244667775, 99.32368124748561, 91.1346526601642, 89.7261439099926, 80.28261970977485, 67.87236673987502, 61.34550540059782, 54.05374511788234, 53.18787753643522], [49.09730637661359, 56.52284458416234, 63.75730858734318, 70.81740073341787, 63.697499753715434, 55.14776529053473, 47.878047901375645, 6.331521356577263, 6.392115034764706, 12.860330325651281, 18.58669286474697, 25.351876341583772, 16.66079507959692, 8.498641901845318, 0.0, 47.18455230448401, 57.20147817029457, 64.0533074674439, 71.40657320669621, 77.58673090914756, 75.18578848022172, 68.50981130126391, 62.170362134598015, 54.99843871047849, 45.77165224983775, 22.386580538337046, 24.471622583434165, 26.27165817812294, 32.76120254787011, 36.57883886832994, 32.50682203717949, 28.026172042163928, 23.33947517102718, 18.056046639899055, 18.04314601976188, 35.53051613386626, 36.42154405513096, 43.24656890565593, 49.986405712298385, 52.79190466571383, 52.723644908560466, 49.075546700054325, 42.7006844840437, 31.625199137249815, 32.0861621613398, 24.652029494433332, 21.281109684421676, 75.63742854629464, 67.78968077937412, 61.07002460961572, 60.85821394586136, 55.39400904322789, 55.83225655369205, 58.687419151991094, 64.39837332803764, 68.12020120157702, 71.06577473807407, 73.45388523187519, 74.99370263462143, 72.61228849766339, 67.18317619439061, 62.83506682142083, 59.10057304711273, 59.83087249582036, 60.009698598104706, 64.32580326579799, 67.9805647665386, 97.28522228508692, 94.47616452474072, 97.16903463389238, 98.906366728375, 106.34998164982196, 111.0428182314186, 107.36892852369382, 98.29517518060472, 92.4586591461863, 92.14898982036968, 83.5935078178821, 71.55091124667756, 66.0089434312496, 58.405302798436516, 56.887506144316056], [18.651015442689822, 20.560923103270557, 27.511012816335413, 39.436565617403524, 33.83429622107144, 27.378233006921686, 23.822116055721793, 41.142996256356405, 44.91013523387163, 51.852217038034546, 60.605251937183816, 70.41929064103661, 62.719157133587544, 54.739782085219105, 47.18455230448401, 0.0, 11.33160029575263, 19.599924984523028, 28.940167721535357, 37.794943873462614, 35.47341499802068, 26.608180193678393, 19.636649546255622, 12.439267227831388, 6.537244978578821, 38.039430769016136, 45.421934336158486, 52.855234532669904, 63.596100278946224, 72.28401641150197, 70.14462087933391, 62.60187037385537, 54.801349423050496, 47.53128018359397, 41.2509601511102, 13.895804411195522, 25.60860260232787, 37.14903277619638, 46.74484925383632, 55.583960263248116, 58.77063482686938, 61.880552206077525, 63.11723660787637, 59.51785294238297, 43.58902195799558, 34.893649394180024, 28.118869504963687, 77.41170254338746, 71.51250929576791, 68.68223697751783, 73.35146405988914, 73.05820194793908, 78.14244665971219, 87.91712146407711, 88.89168015120546, 87.62283285332879, 86.30026206280726, 83.56293601578986, 81.14845554556915, 77.06450610589569, 75.1018383378608, 76.12744902034245, 81.86579280711584, 86.71287220496231, 82.81820901160027, 78.05818084702929, 76.13757704432594, 63.679241272088575, 68.7368054083574, 79.1042469209026, 89.49547154695901, 101.8406251828528, 112.6224157147875, 114.77200784599604, 115.92966850563738, 124.05009928615512, 129.4032338599067, 124.72656173025928, 114.31103099138763, 110.54028544098858, 100.26808703859749, 91.26682049738051], [18.429583205087276, 16.04969325833843, 20.75999549853723, 32.83325345305205, 29.591927191938314, 25.76662999480353, 24.716492613514664, 51.04146537024168, 55.04944999938816, 62.173674031697956, 70.797676392601, 80.24249432688079, 72.92506295254643, 65.04817710424713, 57.20147817029457, 11.33160029575263, 0.0, 8.399125127129073, 17.952640897938604, 27.264563115220675, 25.27970873954435, 16.3783228645499, 10.227494310663, 6.787506219688126, 12.46530944654111, 48.58992651969118, 55.69104673839055, 62.90989400426359, 73.03436407209927, 81.49123398426849, 79.75279468278318, 72.54352430257586, 65.02087208625677, 57.964521446782236, 51.798153478351495, 24.010975651528238, 34.33837525494532, 44.66253229112031, 51.679533945101824, 61.37779653457556, 65.71076947648395, 69.93095077316248, 71.70153225532782, 68.81848960485998, 53.564484726272376, 45.435801598581584, 39.095336213601236, 80.48885506326839, 75.96283075219887, 74.7375715315734, 80.14325606281325, 80.78870778940158, 86.13434412354087, 96.07654076688105, 96.48976086454145, 94.61468208278647, 92.48770964005044, 88.82035275776407, 85.25016784780397, 80.89867783027631, 80.31428480232576, 82.71087251757463, 89.57091615742344, 94.59975955821649, 90.46228488418578, 84.51318026749082, 81.30252961677759, 53.87000369109939, 60.952201702990635, 73.54556683666138, 86.20237387625347, 99.8751639950525, 112.38575458722073, 116.3513197428872, 121.18305086908565, 130.83431266576423, 136.56904795277683, 132.30608982013456, 122.15132608517683, 118.73548001157822, 108.199776605129, 99.00156192494539], [20.77148770115554, 15.686631071456132, 17.207159384792394, 28.201770242429202, 27.442012041695502, 26.101894587545363, 26.844971596732705, 57.83920798967872, 62.10165115186933, 69.42948446903678, 77.91966626402696, 86.9615765530289, 79.9120243842196, 72.10578246991348, 64.0533074674439, 19.599924984523028, 8.399125127129073, 0.0, 9.627548278372066, 19.147481705889234, 17.508540786834867, 9.151146516880878, 6.321450843572779, 10.3852395949847, 19.391875485191107, 56.36868663756172, 63.329027671890316, 70.35219868293846, 79.98342131436303, 88.10706355950342, 86.60650567370533, 79.73350952734502, 72.44706773659539, 65.49064991178335, 59.43208790969041, 31.43772068648223, 40.995068884078606, 50.54410360513371, 55.43449861735098, 65.59578244046676, 70.77650700134706, 75.66611298354925, 77.60937008863182, 75.11416690693133, 60.739899548004274, 52.89390183081624, 46.8208086661289, 82.41751009273581, 79.01631018150454, 79.00820875106164, 84.8482790328558, 86.09698288909532, 91.50548084329114, 101.3654226114801, 101.44135144726374, 99.21990322267145, 96.5550767889848, 92.2905249086684, 87.87383759844109, 83.36612880627898, 83.83793153066033, 87.20180665635539, 94.67631502049679, 99.72342069469012, 95.51290864617943, 88.87415280630007, 84.77373596405323, 46.25918725169776, 54.48073589951063, 68.63990690469203, 82.88729062387333, 97.49548931840019, 111.26251167894624, 116.59696144340595, 124.30229473860969, 134.78398934274253, 140.70061500094548, 136.7586766683078, 126.86443728802345, 123.83767279461827, 113.34695959920232, 104.45639644495182], [25.884055449756648, 19.576768618126078, 17.287976048811903, 24.805644048468086, 27.634512584823096, 29.049163861667292, 31.181837822952943, 65.19760381929666, 69.65973988233112, 77.16505936119046, 85.44641112083812, 93.95900507104616, 87.2899778284732, 79.63521069913772, 71.40657320669621, 28.940167721535357, 17.952640897938604, 9.627548278372066, 0.0, 9.82635260610233, 9.523612256253458, 6.68339781179648, 11.627091333507014, 18.444343728329528, 27.90517119850371, 64.83457540007282, 71.60696748489086, 78.35549937992423, 87.34501882015977, 94.998287165109, 93.77794100577542, 87.35625381064293, 80.39287795907511, 73.58124163814635, 67.68720644464231, 39.99507887485241, 49.061405514066315, 58.010514298374474, 60.63492664695338, 71.14906892645331, 77.19568090202704, 82.62008477737044, 84.51833710031092, 82.22810794698717, 69.06517313030862, 61.3469919367126, 55.35278884114698, 85.34772896727084, 83.23812104937468, 84.51184008067264, 90.69293000446292, 92.45708435592604, 97.79399408689453, 107.32805299435495, 107.17096524038139, 104.71825836526652, 101.56500815913778, 96.77735229952319, 91.47823727477808, 86.84319295506285, 88.45863139688548, 92.77186972820644, 100.6415008770651, 105.56910707076807, 101.41290179167352, 94.2776538945478, 89.3235221844238, 37.17086521637001, 46.88065554403279, 63.10915054939006, 79.20174941353912, 94.91533001973532, 110.13401184679316, 117.04545619874439, 128.05989325993178, 138.96310115369914, 144.82920105259754, 141.09686812729055, 131.45707167336573, 128.78577746150592, 118.32803597443828, 109.89262742647198], [30.87417801429361, 24.367608508807713, 19.419884363930542, 21.568849985887102, 27.949248315957806, 31.776026313667433, 34.990833185937326, 71.41260674933858, 76.25691344771965, 84.04545263014076, 92.07691118654537, 99.89375123453488, 93.51537991830573, 85.97119253448948, 77.58673090914756, 37.794943873462614, 27.264563115220675, 19.147481705889234, 9.82635260610233, 0.0, 4.961150296757698, 12.542213993153279, 19.24730147283135, 26.401947518076785, 35.779661197470986, 72.83300512805938, 79.52402698180812, 86.00332416317171, 94.41140285153837, 101.43790759503935, 100.36846487176116, 94.46260680398852, 87.81463797060064, 81.05083429825044, 75.3345330352033, 47.598467637116784, 55.86935160388265, 64.09607596910182, 64.18026424038334, 74.90600948115527, 81.85332358896233, 87.770943441373, 89.53349732255943, 87.51470655847562, 75.94299284112613, 68.48819682366278, 62.894935897264254, 86.16543104783953, 85.448871790067, 88.07298670908278, 94.5298186778192, 96.80819936385667, 101.98975106294121, 111.0659008066812, 110.65257804546825, 107.99197330104454, 104.35430464861219, 99.08901584546913, 92.90680237335609, 88.18981872737977, 90.9980219819236, 96.27031635523221, 104.44234550776119, 109.18467134078591, 105.13377307317113, 97.57138931619379, 91.774472303321, 28.790153115570366, 37.94876118622639, 55.70473132020067, 73.32030486260274, 89.94857310246628, 106.46401354667503, 114.88927812468272, 129.29228221206367, 140.54493420127733, 146.44779466522306, 143.1545541852302, 133.98929476599335, 132.046942367988, 122.17833350614087, 114.97704396441344], [27.368021730767534, 20.480357102484742, 14.872418470050961, 17.572891336928283, 23.28447302986823, 27.37492778745234, 31.156304035783606, 68.9513533421903, 74.13553001837045, 82.12035565499129, 90.23624872738878, 98.05882103625456, 91.34791677046009, 83.59742429559547, 75.18578848022172, 35.47341499802068, 25.27970873954435, 17.508540786834867, 9.523612256253458, 4.961150296757698, 0.0, 9.306290637474255, 16.178356497258026, 23.51010182285194, 32.96368126644754, 71.08785190890265, 78.01685158840725, 84.64281132196726, 93.39881531084069, 100.45533459133586, 99.12971304167522, 93.1049069838215, 86.28830984676256, 79.302781423693, 73.50199132092959, 44.5853574296534, 52.04496281884983, 59.78588131662494, 59.55526141531991, 70.24853761535364, 77.24216433977865, 83.33078128404397, 85.32133116767959, 83.6990455724312, 72.14555867797417, 65.10715325746085, 60.22239995353891, 81.47759048314053, 80.68069553309809, 83.35569624168896, 89.89048312288463, 92.33393905208146, 97.62679985559839, 106.94323556062103, 106.30674936603307, 103.46620742894838, 99.7287192800162, 94.37130943203006, 88.20994885652651, 83.49709682395401, 86.2776651530395, 91.63487570926794, 100.07274427553281, 104.96586285202658, 100.76041919370078, 92.93973739341308, 87.05854483371434, 32.822556306036745, 38.50310024636371, 54.2456126890785, 70.9434051927117, 86.99675077472921, 102.96676933217145, 110.95826018861548, 124.76162316994959, 136.70945677727954, 143.1779824707102, 140.41256481658166, 131.5561189697686, 130.1863129451228, 121.09148941703538, 114.6745815869726], [21.08418842338782, 14.02310991051821, 11.137133349601411, 20.16721002961555, 21.478388562861273, 22.958535683125152, 25.89157791472055, 62.21726812821021, 67.24479081687485, 75.08641087237979, 83.4448701891533, 91.84463792094776, 84.73901703720777, 76.80111887790994, 68.50981130126391, 26.608180193678393, 16.3783228645499, 9.151146516880878, 6.68339781179648, 12.542213993153279, 9.306290637474255, 0.0, 7.140750445207982, 14.771440398951858, 24.518497423321215, 63.246924057097054, 70.3609246631315, 77.27015733832559, 86.66037672691733, 94.22977074232266, 92.65608385494859, 86.15886017026247, 79.00906532020387, 71.87780387561416, 65.89396333356024, 36.33035247030981, 44.1135786917895, 52.3583749779918, 54.3329625884138, 64.8440712284391, 71.05006997303903, 76.75076795355847, 78.92361763359752, 77.1938002399586, 64.25441794982174, 57.14184293501248, 52.25500351443978, 78.83549515858505, 76.70343865559369, 78.13808191587887, 84.44160280711522, 86.46187221524346, 91.92501781672713, 101.72212961711038, 101.25160718334031, 98.5542404923713, 95.23593019036295, 90.30449126462825, 84.97518994989747, 80.34350385841235, 81.99818778127896, 86.49253080747326, 94.72268316335415, 99.82489396129903, 95.48129500683375, 87.98411596833205, 82.86178760346104, 41.0774430264909, 46.64507592068619, 60.43787312420761, 75.32216039317807, 90.28401599531591, 104.82343286928057, 111.24337910699612, 121.71445323534377, 133.5047278480742, 140.11500806815383, 137.1448947662427, 127.9910034469572, 126.21479567651765, 116.95121328805085, 109.8702470768288], [15.931562929779455, 9.800498723520654, 11.328598900248608, 23.074814719085616, 21.251793625641533, 19.956386354538363, 21.490213771457576, 55.86766564786848, 60.82506314210277, 68.60478236763221, 77.07230239808189, 85.74302601567626, 78.40552352511445, 70.37307040913, 62.170362134598015, 19.636649546255622, 10.227494310663, 6.321450843572779, 11.627091333507014, 19.24730147283135, 16.178356497258026, 7.140750445207982, 0.0, 7.68518848772527, 17.482910070473366, 56.52427485547515, 63.765327358407475, 70.80656987211243, 80.54794642007268, 88.32812101032394, 86.56068855350911, 79.83566152713097, 72.51516614182984, 65.27797717447535, 59.215949574350766, 29.327571856868644, 37.534018848271884, 46.41170395474926, 49.911992118521376, 60.24476822377341, 65.89754982464133, 71.14696891319699, 73.18461957805847, 71.16171871173383, 57.60399324288338, 50.2845299067392, 45.319786169690296, 76.28241540940431, 73.18450390980301, 73.65453734555815, 79.66421302584696, 81.22656598088717, 86.66407228290129, 96.55903646348182, 96.35504647720401, 93.92660929500494, 91.02287080802799, 86.55239965391638, 81.8817752346477, 77.34028958759576, 78.1364946489444, 81.89122052841373, 89.67596848836244, 94.78179991301249, 90.48049211603043, 83.49288536500679, 79.04930579772082, 47.14464822276969, 51.83618978726934, 64.1366568617874, 77.52137564321981, 91.6785803534875, 105.12623902208092, 110.34409504782522, 118.40207096211581, 129.51185973120124, 135.98902515181354, 132.76215272403968, 123.38922256606577, 121.34023637143527, 112.08055012235121, 104.85822750318933], [11.971712878441163, 9.573714716325581, 15.450921568535486, 27.58548208143438, 23.364281498990227, 19.019142376982828, 18.139678469122487, 48.70732071171726, 53.55255778660804, 61.26278978454824, 69.81116331804921, 78.71157767841909, 71.19040586313704, 63.10166373099053, 54.99843871047849, 12.439267227831388, 6.787506219688126, 10.3852395949847, 18.444343728329528, 26.401947518076785, 23.51010182285194, 14.771440398951858, 7.68518848772527, 0.0, 9.817010889099288, 49.07606160718885, 56.429590944808645, 63.558981111251875, 73.58696864996345, 81.51093105813328, 79.55443212389586, 72.65215676278704, 65.20000545607162, 57.868276804415565, 51.75579093931779, 21.76001630563527, 30.898149194935442, 40.79224719240151, 46.00930738905734, 56.041017713325715, 61.05107341145458, 65.63567609680669, 67.30388653782636, 64.73866982833472, 50.736121921752996, 42.97429077525166, 37.68851883849474, 74.24825891997767, 70.14087689864479, 69.51025397431636, 75.08586249005724, 76.01667749380853, 81.30515045720983, 91.10572420922868, 91.31993852321317, 89.31773038245451, 86.95491673950472, 83.10059978459441, 79.1854339976122, 74.77577322486923, 74.6203933798018, 77.47191924772984, 84.5267332664694, 89.51632756407106, 85.37815409377302, 79.17438009384254, 75.57633757185062, 53.350272819779846, 57.199471240708945, 68.13126299588632, 79.9684875405949, 93.31677977733457, 105.6385852008839, 109.60733579624707, 115.161491237376, 125.10649516629124, 131.21942005909835, 127.57222030139947, 117.91039233434851, 115.48127389776971, 106.17618582419574, 98.86416892106824], [12.369287289293432, 15.530855587262183, 23.04301667494734, 34.43201037836654, 28.29328472248899, 21.29344234403827, 17.302533180253057, 39.5179161936477, 44.26767225330338, 51.92302726838737, 60.55883437848315, 69.7017746238191, 61.89985682856367, 53.720900221992466, 45.77165224983775, 6.537244978578821, 12.46530944654111, 19.391875485191107, 27.90517119850371, 35.779661197470986, 32.96368126644754, 24.518497423321215, 17.482910070473366, 9.817010889099288, 0.0, 39.850648276332535, 47.390904711987275, 54.60805686234788, 65.0122585868726, 73.0345557415972, 70.77205490653154, 63.675264109739956, 56.059830605025155, 48.562146103466645, 42.40263558792092, 12.10929228080572, 23.01887204169305, 34.40199352121273, 41.85890909070101, 51.21666475120929, 55.282458884456254, 58.83153694296926, 59.86183940110109, 56.478136939786275, 42.11224203802929, 33.64276593250849, 27.884296409923543, 71.99660902521521, 66.64524482226659, 64.55565861528176, 69.44810343874754, 69.4704449931291, 74.46882672177748, 84.01468260920446, 84.82370848519543, 83.44653057961881, 81.84465990412386, 78.87452735182968, 75.9923653677512, 71.81324845126021, 70.41072394294997, 72.00544388442147, 77.9367701581889, 82.69922695159809, 78.8437164869816, 73.81685533765219, 71.40869425875289, 61.617721645410555, 64.21060084845917, 73.35676346525824, 83.17631351812537, 95.39103684021248, 106.20684522706044, 108.56886399052983, 110.91070958120385, 119.19486633054272, 124.80011313734325, 120.63991521692769, 110.65891792525336, 107.81918423293236, 98.63307645682342, 91.48383178663676], [48.20981624721523, 54.2647007284216, 61.985307965021605, 71.85438971544858, 65.24200915038847, 56.7247434390389, 49.81467706404438, 20.946465181766325, 16.709794119152214, 17.765103082191473, 25.856192966538963, 37.39793185061302, 30.734076116702287, 25.371290355682937, 22.386580538337046, 38.039430769016136, 48.58992651969118, 56.36868663756172, 64.83457540007282, 72.83300512805938, 71.08785190890265, 63.246924057097054, 56.52427485547515, 49.07606160718885, 39.850648276332535, 0.0, 7.899084233153992, 15.50755020519608, 27.676819596778888, 37.20316921648286, 34.27139826509413, 25.643724727548687, 17.32455662025499, 10.612236473341751, 5.08541490960826, 30.95898025089711, 36.85267782923355, 46.60712254561409, 59.10972230066189, 63.36374888003346, 62.4660478628828, 59.837884661926765, 56.53268380295916, 47.66151629365173, 37.03934539379498, 27.43468019773185, 17.50894424448536, 89.04061914360939, 80.43507559521831, 73.14137229431117, 73.994