{
	"dissimilarities": [[0.0, 6.34295647553733, 15.66984567014152, 26.364241730054378, 19.67596874005376, 12.273962688856196, 8.547916197652267, 44.4866101473849, 50.18843981992784, 58.59202813326293, 66.75955141942897, 74.54463938993912, 67.5279739395529, 59.44016116717332, 50.9826517210578, 22.19547634544438, 21.974546850476532, 22.47971047820156, 26.27265117320477, 31.27608633144168, 27.07006640937127, 20.763551583115298, 17.073339424491802, 14.601291073993492, 16.569988264545092, 52.73779414502671, 60.54660016690127, 66.05560768576737, 74.33163021541111, 80.95055704610644, 78.99871352300916, 73.3062818331612, 66.72966293953748, 59.615929299420166, 53.63116318050066, 18.531519796893782, 23.923943435850646, 34.21127045691055, 40.02932238402459, 50.103533179299205, 56.48593077947133, 61.09984689768552, 62.73365975165152, 59.05984163802871, 46.184207870923224, 38.77931433823606, 35.24154695487298, 66.57174489824727, 60.5417837035476, 62.77432359687809, 67.04401459930652, 68.94074321361391, 73.58674446419533, 85.59938551278933, 87.33072187370281, 86.43664587949013, 84.30658382444437, 80.95021084964914, 77.17787921997663, 66.55564413801325, 63.926599143723145, 69.18335804594979, 75.82433001697572, 83.70731658900523, 82.11108911270622, 75.05345476171269, 73.056519503558, 53.6934012010703, 55.8384084173412, 65.3332204121827, 74.97981239463294, 89.89716797814877, 98.34780413823246, 103.57656891810655, 110.31250037664925, 115.70070151374779, 121.53554487273547, 118.07679259852718, 110.78793579383306, 106.89301004033027, 99.73143706820268, 95.89206981528874], [6.34295647553733, 0.0, 10.152356599875423, 22.316484201273465, 16.32782911954783, 11.595941776593268, 11.988940498869155, 50.8108650735109, 56.46530107664659, 64.8000215556262, 73.00160998599682, 80.87837341263304, 73.85740386006255, 65.75430058194, 57.30852799880942, 24.32942030673583, 21.408046739581284, 19.704880460874914, 21.870174837061434, 26.252882838501144, 21.625949409925337, 15.71802158468428, 13.69339639852827, 14.257727647411171, 19.65890560635166, 58.1813698319235, 66.09480955294941, 71.70801339279616, 80.14493950520865, 86.9054745319476, 85.05481803291829, 79.25665545711269, 72.58350939590717, 65.44625215643897, 59.415347470803916, 24.0486234683419, 29.099942353256854, 38.16652280351288, 42.905085829700056, 53.20951501838694, 59.942436359192115, 65.19619181057041, 67.48548834450021, 64.437925773846, 51.306093522412816, 44.399991502184946, 41.03121449225706, 67.90027903853016, 62.639588428855355, 65.85584353175948, 70.51608178005458, 72.99693830388456, 78.01026282178265, 90.39818944675224, 91.49337678837442, 90.10119330486864, 87.48427786228758, 83.62549444623461, 79.21774500065906, 68.17395180375172, 66.53723043323005, 72.59955258048015, 80.10465030571187, 88.38831807313365, 86.25294322825987, 78.39962689778052, 75.65274885077778, 49.57430885531985, 52.62369364672736, 63.1154266780706, 73.72394235800463, 89.11384218530239, 98.55260513073495, 104.72668622871377, 113.18196049349915, 120.11849613555232, 126.48834970203592, 123.5084372215189, 116.50364834678408, 112.86923326465936, 105.71699969966392, 101.59227424724843], [15.66984567014152, 10.152356599875423, 0.0, 13.162867670282719, 10.582714089400698, 13.425063542551854, 17.881950214568292, 59.4894190853663, 65.4384171828919, 73.959383405699, 82.0158818027077, 89.22411166366044, 82.44709017580293, 74.4169777415188, 65.88495163703661, 33.52721496756884, 28.469106535476325, 23.88580699136527, 21.30215057724992, 21.11622047610836, 16.074205857693435, 15.687472493780664, 18.414123092645628, 22.42181975747809, 29.49739427140982, 68.08345726810731, 75.86525517960457, 81.30106174559882, 89.33711006855656, 95.6511069522014, 93.96020148522992, 88.56287640468256, 82.144513633069, 75.12283226322246, 69.17468511675682, 33.99270385322749, 37.669919077550595, 45.17756245134707, 46.425179454014874, 56.941027018104236, 64.68985978415444, 70.82785147417971, 73.42497516061276, 71.30181465882468, 59.7352146380693, 53.525182397646006, 50.86747960187111, 67.03155134862823, 63.97290544635768, 69.39052011288028, 74.57120276302356, 77.91690611332099, 83.10665050954809, 95.16972367834208, 95.3665678090792, 93.32495412203704, 89.93120944346164, 85.30460736203246, 79.68898456599469, 67.76617079524505, 68.72018997072381, 76.27307361402902, 84.62758109244334, 92.98588238066155, 90.03187380567229, 81.11430363365146, 76.98147250703185, 43.07857767499727, 44.26737322219408, 55.08386838855175, 66.85706120742063, 83.0517392971384, 94.29588802845123, 102.17539929493584, 114.4616500955865, 123.12695811819884, 129.9994425880539, 127.86264379350055, 121.53730013837715, 118.8348149544517, 112.50815845347964, 109.39051445526086], [26.364241730054378, 22.316484201273465, 13.162867670282719, 0.0, 10.740354980065325, 19.6846719686981, 25.19574791268981, 66.61831115510003, 73.10731455001184, 81.9406800143486, 89.6016477652331, 95.35640007063303, 89.01154766120298, 81.21063108679664, 72.6775057343864, 46.265001163052894, 41.325135108440975, 36.126415048987106, 31.025802471784594, 25.814078880228827, 22.051611314173982, 26.996917269658645, 31.18577533557303, 35.38753690557676, 41.8777302378384, 78.45938732032506, 85.88717656650083, 90.89435534735716, 98.02239463257173, 103.31477153406037, 101.6956459344451, 97.16798240881363, 91.33436641919647, 84.55422982245813, 78.83269682448385, 44.47388821545426, 46.054780606590235, 51.98393007861796, 48.40378699993558, 58.680013977830484, 67.66760043197141, 74.4744060341164, 76.76110075297446, 75.64143550654215, 67.38581481751045, 62.02071660134971, 60.642893556924584, 62.259207841458796, 62.429752226711216, 70.53209683772268, 76.05865015391646, 80.17820039687825, 85.13672852052784, 95.96443324274394, 95.28426703444283, 92.71173429310858, 88.56053206753116, 83.24221574048909, 76.29786808636563, 63.44704977443056, 67.9698835590405, 77.08904125023277, 85.7484282634164, 93.6279932065689, 89.8639189396673, 80.1274910960653, 74.46065780092046, 40.86615095852707, 34.174515777159584, 42.28876072812043, 54.3854242056991, 71.29922947379698, 84.40016666185048, 94.0742362518103, 111.08754968716543, 120.8726064408928, 128.05755277313563, 127.05514001843613, 121.86520502682892, 120.75816089609738, 116.33880153131544, 115.8013217883396], [19.67596874005376, 16.32782911954783, 10.582714089400698, 10.740354980065325, 0.0, 9.91635944998339, 16.798646611296363, 59.4344875861248, 66.24000324172427, 75.13481514908852, 82.93827033596612, 89.03108356167427, 82.01859076732286, 73.95302884073367, 65.50267375971221, 40.42190893463855, 37.184855786453454, 33.73899790468523, 31.84307597459123, 30.495048598696446, 25.614817207671543, 25.999389726401755, 27.81673435719414, 30.30698250900995, 35.2956664762234, 71.61681369163774, 79.32286214963779, 84.6509843050888, 92.36121548422535, 98.10611390827438, 96.01539945893867, 91.02289335842471, 84.81553473495651, 77.75931537587208, 71.87810554753469, 36.50420773751523, 36.55592115822839, 41.58839210914032, 38.96813550704684, 49.38155140572962, 57.92242308435587, 64.73736815049142, 67.61845705369296, 66.75185334822986, 57.52345701406382, 52.83543516107078, 52.640539025228584, 56.796223178172184, 54.67465890521476, 61.483841126501865, 66.97667012043112, 71.00269082456211, 76.32526027508251, 88.28601325533228, 87.53968676745298, 84.9542191796266, 81.05416127942428, 76.00738443381091, 69.85338771827676, 57.67941461823587, 59.85122406659775, 68.34057609536731, 77.35086430838142, 85.92886810686281, 82.19862077701583, 72.48662936160738, 67.57447549528817, 49.76927578583451, 44.64736540884877, 50.28664447579507, 59.36151973841023, 74.10078452905692, 84.25881666654175, 91.9046580300523, 104.90834331107052, 115.23137380962864, 123.29492559306534, 122.67238784233054, 117.8148222693865, 116.6421797277044, 112.66979166455612, 112.17366463049763], [12.273962688856196, 11.595941776593268, 13.425063542551854, 19.6846719686981, 9.91635944998339, 0.0, 7.597720179724705, 50.302543125992536, 57.09467216611205, 65.93338117451927, 73.83674508724215, 80.36379097626214, 73.03102273463757, 64.84075510909969, 56.43594269026187, 33.2846150407993, 32.28022783499444, 31.08687222118052, 32.353832819855796, 34.2447054700965, 29.27777841146252, 25.948369949975312, 24.895424244431705, 24.804817474600455, 27.47901422437963, 62.31916651767071, 70.0993600934463, 75.55166586690946, 83.55130829750281, 89.59872971774332, 87.27530330021754, 81.98642317458355, 75.59031779480017, 68.42552296511931, 62.49258833082889, 27.004380144483008, 26.71615695276799, 32.77900935999992, 33.174802514655816, 43.69016272443922, 51.415665453635086, 57.49587792434687, 60.129265871284424, 58.49688548003421, 48.0399449369086, 43.00523460329644, 42.921463877135515, 56.36494216970916, 51.694440086247134, 56.23414802992559, 61.269705890979616, 64.4958046588902, 69.71152333826574, 82.12691690233251, 82.21842101181905, 80.25555692058616, 77.12407583191492, 72.85240554897725, 67.97382652633239, 56.715456907930296, 55.99687325830406, 63.028903143549456, 71.29766342901875, 79.91127779651372, 76.93074759825681, 68.20337485653194, 64.729063534047, 55.5640090550956, 52.47405440515598, 58.10660222921072, 65.9200114536904, 79.6699660035156, 87.74012377728835, 93.45918410262033, 102.32517425805905, 110.99277170832174, 118.6958982271311, 117.38170410363047, 112.00561114135425, 110.10290529396734, 105.66517454907003, 104.63062652301444], [8.547916197652267, 11.988940498869155, 17.881950214568292, 25.19574791268981, 16.798646611296363, 7.597720179724705, 0.0, 42.98490283193246, 49.647810935876336, 58.4818885541757, 66.38529767495062, 73.03944756435511, 65.81382199616715, 57.660518454970806, 49.197169246303375, 29.29413040560711, 30.226961472703834, 30.705690888359847, 33.59282385102941, 36.865613764488074, 32.342637951658254, 27.687216261167276, 24.950290067429314, 22.738390805532568, 23.03868358004706, 55.27177994360606, 62.89086544592354, 68.20318554536628, 76.02783259848336, 82.00349989852616, 79.6933656694075, 74.47429859341379, 68.18401137769442, 61.09556460710563, 55.235447653181296, 20.576113568758316, 21.13091294835737, 29.545376788519963, 32.36231618937609, 42.6180051581412, 49.721716935814804, 54.78094317182659, 56.42066112673467, 53.6048103506929, 42.967087434278646, 36.87800261619549, 36.027313811859756, 58.11904034971467, 52.355030505381954, 55.30648928297204, 59.748240654306386, 62.02858664451233, 66.70682019103135, 78.59997365827907, 79.7877080680174, 78.62542316148219, 76.24793221719528, 72.72656770626868, 68.7665379948239, 58.066177111030704, 55.88441620022437, 61.64958144330784, 68.58457028968847, 76.5796815770251, 74.50657553111695, 67.02416339122365, 64.69235740315688, 58.02601416026727, 55.82966937515982, 61.891543732842855, 69.45381628934031, 83.1733164611533, 90.50261813240228, 95.22259920662282, 101.97419919578489, 108.1463591469801, 114.78056797882329, 112.40964189820997, 106.24238555610822, 103.60653367629844, 98.50435997206687, 97.13590320455903], [44.4866101473849, 50.8108650735109, 59.4894190853663, 66.61831115510003, 59.4344875861248, 50.302543125992536, 42.98490283193246, 0.0, 8.174501370512639, 17.005153637381493, 24.029306493656986, 30.749423583666882, 23.061995585431266, 14.99253363442397, 6.575532223575291, 44.341791574021585, 53.34999700692094, 59.55633049299185, 66.71837939778219, 73.10290946984205, 70.06523075217503, 63.05289443285325, 56.964258634659345, 49.89494897133532, 40.93457799464308, 26.47259914752894, 30.0602265405626, 33.03365082585284, 38.36058464357438, 42.961091111711305, 39.37138571266824, 35.100178353945665, 30.411296360934223, 24.90456151988107, 21.5710213192761, 29.841464347799473, 28.678195764649942, 35.831653600472436, 46.06588653549966, 49.2370370586539, 49.75920832422941, 46.934620338347784, 41.810808540527006, 31.72027419707292, 26.908054596318202, 19.04906170649846, 17.66446298298621, 73.9927662894475, 63.71032687419273, 57.41176080328376, 57.20782675761876, 53.29878564739739, 53.524015553396985, 60.37203485065773, 67.98142133068644, 71.63795308471822, 74.04645130007754, 75.33893710039666, 77.24601565850158, 72.05484393771049, 62.33555589837005, 59.47258133320784, 57.01471701063523, 59.96631518135352, 63.88718794128077, 65.19698653525808, 69.85171974856826, 91.46407871559101, 90.28805010937754, 94.29596646838729, 97.78388064137629, 108.10801267722799, 109.25816708229422, 107.39663514517608, 99.68663325043698, 92.12689230911091, 93.1490289706866, 85.44902382873495, 75.73463843451725, 68.9822833775609, 61.976460772997, 61.10166026253697], [50.18843981992784, 56.46530107664659, 65.4384171828919, 73.10731455001184, 66.24000324172427, 57.09467216611205, 49.647810935876336, 8.174501370512639, 0.0, 9.114527739388915, 16.748623765348633, 25.587690861810334, 18.60341434015138, 11.847379210196026, 7.362711967002649, 47.08613843936371, 56.443105408003994, 63.12537862318296, 70.67318281328637, 77.57053201950609, 74.88106526048, 67.57386260814124, 61.2320235044573, 53.93973603962958, 44.67377242201704, 21.39230808892507, 23.194403825258647, 25.324135552331906, 30.224884205079643, 35.181042189975, 31.554848930671554, 26.94354826867332, 22.44995503681043, 17.589356140027352, 15.544695638322318, 34.74853554821656, 35.38521029213853, 42.7934473046546, 54.029193969979914, 56.87963045386274, 56.69583034937547, 53.135313045473836, 47.64902731813098, 37.05051470347794, 32.01689321421527, 24.29879653012344, 20.400763378128403, 81.97111151904411, 71.5215915243739, 64.5436269951559, 63.91122347657292, 59.3961720521578, 59.08947229124521, 64.94057513244955, 73.42248453244491, 77.6677974851683, 80.6199039218539, 82.38809588590583, 84.77464982737762, 79.97032510017546, 69.85795614590947, 66.23867208789976, 62.78649880767614, 64.8602400626699, 69.64552640013216, 72.0198930559523, 77.24354360133785, 95.45959487572172, 95.82669198634896, 100.91723597383577, 104.97249108385508, 115.63555660169166, 116.88514347923548, 114.77251665576212, 105.87967610853357, 96.18852572970096, 95.71129179395416, 86.43223950228831, 75.33658056149406, 66.76709321089639, 57.37504309528552, 54.14873317755478], [58.59202813326293, 64.8000215556262, 73.959383405699, 81.9406800143486, 75.13481514908852, 65.93338117451927, 58.4818885541757, 17.005153637381493, 9.114527739388915, 0.0, 8.464803927826502, 20.152552264892154, 14.402243289822525, 11.533207584624364, 13.641900936999287, 53.340407465299826, 62.95642455085605, 70.0259305050513, 77.92635188893021, 85.23703152725308, 82.75500664890977, 75.1741807670133, 68.62645761661051, 61.18195504462026, 51.70325079738767, 20.33088856303775, 18.712901921707417, 18.896201546393947, 22.445013287391948, 27.506202054659763, 23.34401041168466, 18.398824490561918, 14.80237928091204, 12.30108979029704, 13.789443268376033, 42.55715022074032, 43.627950981945425, 50.35046451146863, 62.16660959671304, 64.24419376462855, 63.07182326219836, 58.54182908481771, 52.59574112658495, 41.710950726671975, 37.523517168873845, 30.99631568794145, 26.966681074059135, 89.83772113195297, 79.00163148383066, 70.99574454499871, 69.74250985481316, 64.47069486982826, 63.48980747454216, 68.20029111797177, 77.56447999705141, 82.48363080371053, 86.13562420266403, 88.5669906561448, 91.71823796506484, 87.69831261540467, 76.82874894112703, 72.10991306405437, 67.40560262211687, 68.49450742289542, 74.23734470899109, 77.94627546814071, 84.00261764903279, 102.8170206927901, 104.11360499218385, 109.57666676386386, 113.58864172670332, 124.0387965420345, 124.73991888099134, 121.8929193486312, 110.83644538251656, 98.8937686784213, 97.07863547978918, 86.45970533888297, 74.35457928716615, 64.15242304714369, 53.02088047914706, 47.89980644708746], [66.75955141942897, 73.00160998599682, 82.0158818027077, 89.6016477652331, 82.93827033596612, 73.83674508724215, 66.38529767495062, 24.029306493656986, 16.748623765348633, 8.464803927826502, 0.0, 13.268453111299335, 10.528646937024767, 13.35725974190717, 19.146594016393646, 61.69522115424492, 71.27402846472185, 78.31721326493282, 86.09176433264165, 93.21697561096352, 90.83268710948089, 83.4532808988872, 76.97888861411332, 69.57585026974236, 60.14368522947229, 26.678764997470406, 22.643652514046185, 20.27272534022483, 19.567646182694794, 22.040149115490802, 17.116093744371025, 14.641030730145129, 15.076810516830173, 16.700174662335268, 20.48673589823537, 50.95467905333096, 51.490757830390585, 57.37393285959937, 68.36525535979472, 69.58208944410943, 67.84356627825758, 62.47008262990542, 55.59170137226005, 44.60846026631542, 43.46671388240828, 38.263011903914595, 35.3135176188446, 94.59873465604684, 83.87975363420311, 75.31020312897367, 73.42665064539084, 67.476067677747, 65.53842888211241, 68.29642317752045, 78.58527962426602, 84.25841257353831, 88.58945876714297, 91.70561974698742, 95.53128321611989, 92.2947176843132, 81.21120360224906, 75.59540655153765, 69.32790631446348, 68.9700161484203, 75.66744306473608, 80.84604794317364, 87.62009610291476, 110.09991450707575, 110.82166036654395, 115.63536175874313, 118.95646406503131, 128.80365899872578, 128.6929030038301, 124.9869633349914, 112.19504420594586, 97.47815467285051, 94.11602323126752, 82.28958706439106, 69.46142452897062, 58.217417214423634, 46.73519011883779, 42.5641656949577], [74.54463938993912, 80.87837341263304, 89.22411166366044, 95.35640007063303, 89.03108356167427, 80.36379097626214, 73.03944756435511, 30.749423583666882, 25.587690861810334, 20.152552264892154, 13.268453111299335, 0.0, 9.728028283964328, 17.5246925728312, 24.659597999538107, 72.44803441893741, 81.67727948062596, 88.18533388767405, 95.20554004797474, 101.31681986300211, 98.89227749048366, 92.37957298348935, 86.35842273617179, 79.25465812661339, 70.18453110805712, 39.78279872308318, 35.734769499612966, 32.51705154706485, 28.05194637436677, 24.841631679479207, 20.491420373801812, 23.85871845293877, 27.43037322023698, 29.941100766380885, 33.45899262413232, 60.100501005609814, 59.00161969054465, 63.637007776101306, 71.70194036276442, 71.76634288823504, 70.00040655951341, 63.92062303823997, 55.34407034516313, 44.66918599324679, 49.8402696067193, 46.27103377742757, 45.554108817846384, 94.21342180338684, 84.507009769555, 76.08199864088449, 73.48832871162396, 66.94342758944956, 63.480287778358495, 62.58162162672803, 74.00214246838503, 80.64935158036796, 85.69070148076209, 89.59651471185529, 94.01382818570787, 91.70261874903461, 81.31759705191423, 75.04257655658414, 66.53160564032503, 63.703534297819594, 71.48850854150857, 78.56013325381291, 85.92445675866074, 116.88845260464714, 114.79508198666531, 117.32293511703041, 118.8460019189371, 127.3305476916062, 125.88622391309316, 121.03511463987276, 107.10027133149549, 88.37308856115197, 82.87498179872205, 69.84749630725544, 56.60296826896275, 45.354043958647324, 36.94562161704163, 40.72554590720539], [67.5279739395529, 73.85740386006255, 82.44709017580293, 89.01154766120298, 82.01859076732286, 73.03102273463757, 65.81382199616715, 23.061995585431266, 18.60341434015138, 14.402243289822525, 10.528646937024767, 9.728028283964328, 0.0, 8.45311014038626, 16.647731872433972, 65.46213343281053, 74.95915649095559, 81.63905146574366, 89.0472579022317, 95.51944596239599, 92.74870926014017, 85.76434661337095, 79.52861125599563, 72.2681857384652, 62.938802711522996, 34.252823872393016, 31.85380150413541, 30.472224718084682, 29.769901282146186, 30.132049096559545, 25.18040903315095, 24.769033438690883, 25.208255291893728, 25.428962993752815, 27.695927879040177, 52.36231573542996, 50.41644122103174, 54.429513708645366, 63.354295630964394, 63.39813893497952, 61.329339709369094, 55.36767481997295, 47.46097462800461, 36.573398091817246, 40.17277186823272, 36.97572926730405, 37.42982140821718, 87.47430055762611, 76.8902845419332, 67.99793284402291, 65.60648456817623, 59.246986036208064, 56.545396745976284, 58.088528763499234, 68.71953226869759, 74.75934527750694, 79.44952507059476, 83.01676897625065, 87.3660497752835, 84.99137838486841, 73.73336791511208, 67.47864180273896, 60.06845571790068, 58.88551716182316, 65.97267538217758, 72.03640106983039, 79.32906331142095, 112.57401081101072, 110.62968016381284, 113.09295325890153, 114.5935055169848, 122.94736088496236, 121.30176560572795, 116.53890331474706, 102.32875896004178, 87.04276453354359, 84.25250123697714, 73.48708730673981, 62.11023467847322, 52.88352991418787, 46.286363736278894, 48.53944691888661], [59.44016116717332, 65.75430058194, 74.4169777415188, 81.21063108679664, 73.95302884073367, 64.84075510909969, 57.660518454970806, 14.99253363442397, 11.847379210196026, 11.533207584624364, 13.35725974190717, 17.5246925728312, 8.45311014038626, 0.0, 8.57757178002009, 57.870900450136546, 67.34437721897112, 73.95994172342009, 81.42064389121896, 87.96250722881892, 85.01286974861846, 77.88934163700132, 71.63092366955904, 64.37436499544408, 55.048956682693685, 29.94440422685778, 29.650474614885443, 30.094726751095614, 32.287708050179965, 34.815495029566044, 30.145132063352598, 27.581141288750654, 25.450623039714234, 23.114920078912213, 23.455734114262253, 44.16978899318593, 41.9654857083127, 46.32410596275908, 55.8485450666752, 56.573011976980496, 54.99541913677109, 49.77594882234918, 42.67737587214849, 31.643192478687197, 32.787711330741594, 28.78710271990403, 29.55896549004417, 81.4585684763372, 70.62188547806335, 62.15113386529254, 60.35211171307321, 54.62191367990973, 52.91810425078414, 56.73155626132418, 66.34362489747136, 71.5821591371229, 75.58106722452007, 78.46912498467657, 82.19746579037646, 79.10654865282417, 67.88685937438024, 62.44104139698449, 56.619016479042514, 57.09029430371732, 63.134065532060276, 67.661154276746, 74.30267243034896, 105.7712185268126, 103.98457280359699, 106.73138649566872, 108.65850076810403, 117.42532258359019, 116.38397814724729, 112.36156818284856, 99.73010494135403, 87.55514253084118, 86.62906738808292, 77.37203865087517, 66.96918763854495, 58.99576315866573, 52.71690491540484, 53.829091797345335], [50.9826517210578, 57.30852799880942, 65.88495163703661, 72.6775057343864, 65.50267375971221, 56.43594269026187, 49.197169246303375, 6.575532223575291, 7.362711967002649, 13.641900936999287, 19.146594016393646, 24.659597999538107, 16.647731872433972, 8.57757178002009, 0.0, 50.57361387443149, 59.74071161624872, 66.05731972654026, 73.25018918251955, 79.57398649905177, 76.5717699453036, 69.62573277499979, 63.52594938814802, 56.41966902349097, 47.35331090874308, 28.037432651231697, 29.921732648804966, 31.788850913666398, 35.70563140356744, 39.29816798005002, 35.27924624077226, 31.83726267900802, 28.22535822725462, 23.941991014350457, 22.15652498635635, 36.26782795656137, 34.36190447916208, 40.05099748599021, 49.623942134566555, 51.61468918185649, 51.263397159377185, 47.327286347801625, 41.08892746650047, 30.35722027530918, 28.893193554434582, 22.95385247348939, 23.008073656817274, 76.28704996786867, 65.83550689733106, 58.61474742408809, 57.67764547862253, 52.9262506477185, 52.22377465379287, 57.63368633606951, 66.1806266863706, 70.57221813061714, 73.68874929655476, 75.70196130641034, 78.41041647713314, 74.14355405082661, 63.82861913527952, 59.82020654465558, 55.75554236260884, 57.54674676364933, 62.41868230231345, 65.19406929060318, 70.74394444963836, 97.54134226307329, 95.77005121098946, 98.98027851203322, 101.61584729916524, 111.17033320950307, 111.28957425830303, 108.43919055279287, 98.6729891814703, 88.9797500691441, 89.14322183217821, 80.80793042370662, 70.84109404900894, 63.735374119825714, 57.28263253177813, 57.698068725800944], [22.19547634544438, 24.32942030673583, 33.52721496756884, 46.265001163052894, 40.42190893463855, 33.2846150407993, 29.29413040560711, 44.341791574021585, 47.08613843936371, 53.340407465299826, 61.69522115424492, 72.44803441893741, 65.46213343281053, 57.870900450136546, 50.57361387443149, 0.0, 10.426843961922758, 18.70043331520492, 28.95130594439141, 39.44730318053788, 36.83015471768043, 26.407397404498628, 18.838709730202147, 11.596698619562167, 6.574669406312457, 40.333713671397355, 48.471484028763506, 54.70277088623285, 64.71933157287044, 73.46476340318287, 71.79945589986195, 64.38209578150752, 56.81872491808969, 49.75013203585711, 43.743027518578955, 17.863352238879322, 29.56469441179966, 40.911813862958034, 54.226078316683136, 62.74998711680764, 66.17670404117192, 68.83746939070781, 70.5163612797551, 64.96786924977812, 46.790358556899186, 37.79196607541071, 29.285818780652008, 85.07680755440484, 76.21519618483941, 74.63636234413723, 77.877132891775, 78.2052924928163, 82.64894529987214, 95.43072317832731, 98.6817956749047, 98.75897570169553, 97.8763371628189, 95.65948570039254, 93.6814506033938, 84.66227688912406, 78.30032164708082, 80.82708634611916, 86.17690343605759, 93.96499121698086, 93.91576552339401, 88.70400676121653, 88.826944664658, 62.51850105358593, 72.9372578744162, 86.11681499756969, 96.97204776465057, 112.06223264330622, 119.73011978755873, 123.62516919755808, 125.27161828613906, 128.40262942231925, 132.9827837871795, 127.3098094101781, 117.89302114893337, 110.93543842678307, 99.61563753758664, 89.73436440905972], [21.974546850476532, 21.408046739581284, 28.469106535476325, 41.325135108440975, 37.184855786453454, 32.28022783499444, 30.226961472703834, 53.34999700692094, 56.443105408003994, 62.95642455085605, 71.27402846472185, 81.67727948062596, 74.95915649095559, 67.34437721897112, 59.74071161624872, 10.426843961922758, 0.0, 8.571886016500974, 19.199778096600134, 30.348601431462516, 28.133230749307035, 17.599296078153515, 10.756743403479602, 7.569057851102342, 13.29295678415566, 50.19136293935551, 58.0932311205014, 64.09618576483815, 73.72392291853198, 82.1871850435367, 80.87460437700425, 73.76468391056311, 66.44461529734845, 59.56255894174518, 53.66354189254505, 25.724723059691627, 36.53792996059789, 47.305284897393236, 58.441386046716445, 67.74463249558522, 72.19327620741197, 75.85591752332617, 78.04180225114803, 73.1863520510195, 55.6357535895729, 47.06975738482034, 39.23035460902648, 87.30430680029758, 79.82928202668376, 79.99687325183851, 83.84930889775734, 85.00438407788143, 89.8175412884223, 102.73051352247104, 105.27084839779539, 104.76080769516655, 103.17986570923973, 100.23592799555573, 97.2085286793633, 87.26716620552827, 82.71894679577056, 86.61089501862153, 92.98163114078575, 101.08669918419629, 100.33101103661811, 94.0317015341194, 92.9877451007931, 53.81267915501481, 66.56176390427409, 81.68250517296889, 94.19045597112667, 110.33822433046322, 119.81135498536436, 125.27470177197468, 130.13293246255452, 134.8078979494107, 139.71221419924052, 134.42760540001777, 125.1766893665806, 118.61249202505681, 107.22098060119662, 97.25573444809042], [22.47971047820156, 19.704880460874914, 23.88580699136527, 36.126415048987106, 33.73899790468523, 31.08687222118052, 30.705690888359847, 59.55633049299185, 63.12537862318296, 70.0259305050513, 78.31721326493282, 88.18533388767405, 81.63905146574366, 73.95994172342009, 66.05731972654026, 18.70043331520492, 8.571886016500974, 0.0, 10.789490857349348, 22.176732549079677, 20.190447590047675, 10.088040357701736, 6.288445000979893, 10.62806426899033, 19.987541771368754, 58.18471143639095, 65.96674905172692, 71.77184921348903, 80.97085166414784, 89.0028044579974, 87.87047793114888, 81.15029269762505, 74.07767371182584, 67.26846536194101, 61.39979660817949, 31.641448775530506, 41.43980028069554, 51.697831627711906, 60.61136734751055, 70.44074112014198, 75.8066464729267, 80.24572491285588, 82.67402675978097, 78.40934718493233, 61.854506825525505, 53.620774540917125, 46.48494634564966, 87.28138376916657, 81.17012891776815, 82.89893164390327, 87.21447069252673, 89.03262461002386, 94.04856885928311, 106.85651185702726, 108.80011060255374, 107.82801362762923, 105.67140555683984, 102.14631939956824, 98.2313399105497, 87.54878579903885, 84.7044421027273, 89.74300825893604, 96.82284896544883, 105.06473977185055, 103.71519261352216, 96.57346030413048, 94.53796469271485, 46.13431011224338, 59.8924832959511, 76.18436836544002, 89.82867548836931, 106.7100962520336, 117.60532406772796, 124.34300434734122, 132.03818559329613, 137.8883578417222, 143.0753795636549, 138.2660915451598, 129.35182399791233, 123.38618670027635, 112.42309436374858, 103.1498809424842], [26.27265117320477, 21.870174837061434, 21.30215057724992, 31.025802471784594, 31.84307597459123, 32.353832819855796, 33.59282385102941, 66.71837939778219, 70.67318281328637, 77.92635188893021, 86.09176433264165, 95.20554004797474, 89.0472579022317, 81.42064389121896, 73.25018918251955, 28.95130594439141, 19.199778096600134, 10.789490857349348, 0.0, 11.65482341090155, 10.900429248513147, 7.125241419300126, 12.301540790600507, 19.422511192324905, 29.262093446215673, 67.37230713063923, 74.90042195455597, 80.36110241222381, 88.86284458434746, 96.22591669276056, 95.37549241468527, 89.26106542878944, 82.60802769399349, 75.97853646676283, 70.22378135389062, 39.66835983941154, 48.513813135505266, 58.41456785848214, 64.5804755963687, 74.85606688141942, 81.28003866915437, 86.39609440552354, 88.73855335356802, 84.93832550431031, 69.98284339015011, 61.90630483597557, 55.23783719483917, 88.07586957838669, 83.86583225334822, 87.43684817926568, 92.16137545073128, 94.58324908687811, 99.6057467336168, 111.84978705290082, 113.31005834326761, 111.96673166354994, 109.24265894661376, 105.1466571435694, 100.22227366395292, 88.67689713963223, 88.07504899294203, 94.34050844763763, 101.8596525133924, 109.93561824984307, 108.06256462811785, 100.20943945358148, 97.0805457496501, 35.77960067063063, 50.86925114892908, 68.93338555394088, 84.17143704269317, 102.12241475305375, 114.95869915508479, 123.30511794303294, 134.65065058216553, 141.21203011982905, 146.33416195162087, 141.8492331012437, 133.18950070292868, 127.86915255445747, 117.33869665336044, 108.99128039301816], [31.27608633144168, 26.252882838501144, 21.11622047610836, 25.814078880228827, 30.495048598696446, 34.2447054700965, 36.865613764488074, 73.10290946984205, 77.57053201950609, 85.23703152725308, 93.21697561096352, 101.31681986300211, 95.51944596239599, 87.96250722881892, 79.57398649905177, 39.44730318053788, 30.348601431462516, 22.176732549079677, 11.65482341090155, 0.0, 5.429743701344104, 14.763812588371511, 21.939085107048083, 29.105232861385954, 38.69564626892489, 76.50811463391041, 83.81187327140901, 88.92651845430987, 96.66476726222686, 103.20160673440115, 102.51789960746414, 97.11447806551455, 90.92243660966595, 84.43943074304961, 78.79197247807342, 47.477482544351155, 55.001728109656376, 64.3265858233554, 67.41222984457512, 77.92413345746803, 85.40101757536092, 91.13116637415811, 93.27441131039573, 90.04086686433659, 77.13684526372047, 69.37670501610825, 63.50000129855537, 86.9977320941024, 84.94348069010681, 90.43652760478382, 95.50748713427959, 98.51825032486674, 103.44885434743463, 114.90222057746652, 115.8228744073244, 114.11422084745902, 110.82383007719659, 106.18625930285087, 100.25029617244019, 87.92637218582466, 89.78167370250887, 97.2577831986098, 105.08784389338875, 112.86815474247184, 110.44186172573636, 101.94231268320704, 97.69426574749704, 25.64443756741495, 40.090908691980296, 59.535669876779764, 76.19157872399137, 95.08251525491092, 109.81636317821156, 119.75959110254388, 134.94519687535328, 142.1665050730548, 147.27294372969845, 143.3377725054182, 135.21306222292213, 130.8692084130835, 121.3432868439198, 114.68232607534543], [27.07006640937127, 21.625949409925337, 16.074205857693435, 22.051611314173982, 25.614817207671543, 29.27777841146252, 32.342637951658254, 70.06523075217503, 74.88106526048, 82.75500664890977, 90.83268710948089, 98.89227749048366, 92.74870926014017, 85.01286974861846, 76.5717699453036, 36.83015471768043, 28.133230749307035, 20.190447590047675, 10.900429248513147, 5.429743701344104, 0.0, 11.18161444896814, 18.599625500272015, 25.852632448064256, 35.466355662493946, 74.33550430482887, 81.8710994466197, 87.17532180869178, 95.17868773325267, 101.83014001523007, 100.86199801687536, 95.3112911059404, 88.93931301491597, 82.24595899583363, 76.45543910458451, 43.81207170967464, 50.62752534276917, 59.45568780000941, 62.37996546675129, 72.87567872345343, 80.32535597971405, 86.20850804290573, 88.64753905663684, 85.74439798162204, 72.77369512932107, 65.41753675669786, 60.255472262089974, 82.33740184416129, 79.93549789481546, 85.35200393736149, 90.48599420418006, 93.63177740559101, 98.73061304430006, 110.55519038016426, 111.20801965062216, 109.34003601727062, 105.9822765097101, 101.30072417738448, 95.43434609718065, 83.24659420679185, 84.77225135671416, 92.27278107133047, 100.39674069252585, 108.46981323876184, 105.85448735706852, 97.14952585746205, 92.9096722455896, 30.291769113675368, 41.298428575619326, 58.770988917443994, 74.34477923124928, 92.55883178674661, 106.43885567933178, 115.90710846682818, 130.28369768558028, 138.2137236847563, 143.93749231554818, 140.53123584072557, 132.8808942127113, 128.9046483440379, 120.09847566885695, 114.1008407558795], [20.763551583115298, 15.71802158468428, 15.687472493780664, 26.996917269658645, 25.999389726401755, 25.948369949975312, 27.687216261167276, 63.05289443285325, 67.57386260814124, 75.1741807670133, 83.4532808988872, 92.37957298348935, 85.76434661337095, 77.88934163700132, 69.62573277499979, 26.407397404498628, 17.599296078153515, 10.088040357701736, 7.125241419300126, 14.763812588371511, 11.18161444896814, 0.0, 7.701021268170211, 15.44101966569986, 25.48031519623051, 65.33603771955623, 73.17706649923483, 78.8672334143102, 87.64334608555049, 95.04776581662244, 93.80127393483684, 87.57388017808967, 80.72428211421847, 73.80599975386465, 67.85471778832206, 35.11133140638511, 42.82915188935271, 52.0287175676973, 57.88835989901008, 68.14002280739554, 74.5738401342969, 79.92816938953986, 82.65500764076124, 79.34814073967644, 64.43735751224531, 56.956048258983984, 51.43470099859629, 81.71661325324798, 77.13359189892547, 80.66632598653761, 85.48556407668008, 88.11572118998924, 93.35408355425989, 106.0331016144983, 107.10038768178747, 105.52912623805346, 102.69149109031972, 98.52194169395636, 93.65819352752123, 82.2951571647472, 81.34857666624166, 87.68816131792646, 95.60287509284458, 104.0429221331147, 101.88434412422555, 93.73813439601368, 90.57898205950819, 40.245179580933744, 51.48132582442914, 67.22977863546807, 81.11064116204065, 98.16826197756251, 109.96023282786521, 117.74291438566378, 128.2279668724491, 135.73690290327616, 141.67394106977574, 137.95808318227662, 130.01043939732904, 125.30944869692559, 115.92484560789342, 108.76799710765731], [17.073339424491802, 13.69339639852827, 18.414123092645628, 31.18577533557303, 27.81673435719414, 24.895424244431705, 24.950290067429314, 56.964258634659345, 61.2320235044573, 68.62645761661051, 76.97888861411332, 86.35842273617179, 79.52861125599563, 71.63092366955904, 63.52594938814802, 18.838709730202147, 10.756743403479602, 6.288445000979893, 12.301540790600507, 21.939085107048083, 18.599625500272015, 7.701021268170211, 0.0, 7.885872843067531, 18.025811157712873, 58.145028285689165, 66.1245063838297, 71.99604593864377, 81.1447284146323, 88.91360514048901, 87.49165224335118, 80.92979850983983, 73.85375491279775, 66.83198111130146, 60.81552342817788, 28.434569583985933, 37.01797049101794, 46.7974702223811, 54.750197284402375, 64.70395403295734, 70.39902637795966, 75.17431718754474, 77.78539511916041, 74.0059739527031, 58.088298488245464, 50.33719175173795, 44.407632524174765, 81.03666080986304, 75.06849185536986, 77.19929473158811, 81.66985358767928, 83.76935537131317, 88.90956427448333, 101.83232060339718, 103.38686519039906, 102.18739699044839, 99.83332149678108, 96.15033301722602, 92.07350136046385, 81.3321798032367, 78.7370435334716, 84.1099133936817, 91.52283924854862, 99.95137949269956, 98.2709864779317, 90.78043960357635, 88.49561783832839, 46.89307929808364, 57.51875491020826, 72.14455881791484, 84.90088915554128, 101.25404178467103, 111.65782049131958, 118.22952432069242, 126.05869659427363, 132.6510958086605, 138.42846732585588, 134.33395859035477, 126.10776945263467, 120.90533360343123, 111.18171474371793, 103.47629933304904], [14.601291073993492, 14.257727647411171, 22.42181975747809, 35.38753690557676, 30.30698250900995, 24.804817474600455, 22.738390805532568, 49.89494897133532, 53.93973603962958, 61.18195504462026, 69.57585026974236, 79.25465812661339, 72.2681857384652, 64.37436499544408, 56.41966902349097, 11.596698619562167, 7.569057851102342, 10.62806426899033, 19.422511192324905, 29.105232861385954, 25.852632448064256, 15.44101966569986, 7.885872843067531, 0.0, 10.15242345806389, 50.48583604420433, 58.570927544574694, 64.56028482298736, 73.94348739784208, 81.92541553305882, 80.31470716718238, 73.5415367979766, 66.32031035096334, 59.206745438522105, 53.13761653576934, 21.19853651853637, 30.87414169098706, 41.50481191202363, 51.4156111806444, 60.96180703289175, 65.93639088763601, 69.99188906415847, 72.23018439008335, 67.85562009526463, 51.3035588309057, 43.12534166888162, 36.697627810506454, 79.8031446651487, 72.6213513215888, 73.35912014710968, 77.39443096878685, 78.85771578834901, 83.748773780546, 96.63608273695435, 98.79515533325541, 98.07053793074319, 96.26638857801736, 93.14502917603711, 89.88690191480528, 79.78853726679802, 75.68018072705237, 80.01289886869688, 86.67137042899374, 94.88907258600076, 93.77824763643581, 87.11223150258881, 85.75314304766448, 53.31479181477458, 62.72060678312096, 76.08282292873602, 87.66116595392933, 103.31533689400482, 112.36105761102053, 117.71249256499502, 123.00939144083692, 128.298317457238, 133.73621279562065, 129.20366686992463, 120.70195137786331, 115.0661145384763, 105.15601795597912, 97.24526444782703], [16.569988264545092, 19.65890560635166, 29.49739427140982, 41.8777302378384, 35.2956664762234, 27.47901422437963, 23.03868358004706, 40.93457799464308, 44.67377242201704, 51.70325079738767, 60.14368522947229, 70.18453110805712, 62.938802711522996, 55.048956682693685, 47.35331090874308, 6.574669406312457, 13.29295678415566, 19.987541771368754, 29.262093446215673, 38.69564626892489, 35.466355662493946, 25.48031519623051, 18.025811157712873, 10.15242345806389, 0.0, 40.93137103920507, 49.186683107216176, 55.34820208231445, 65.04664234271793, 73.27739983482691, 71.34256939904249, 64.29349608976509, 56.8691685804537, 49.596781473073655, 43.4367631480219, 12.514888795933668, 23.850024679011995, 35.49439205537142, 47.9616528369161, 56.69033181168254, 60.56920022970203, 63.53438181778952, 65.19185097265164, 59.99775690858391, 42.69257684726283, 33.897029965737076, 26.743454726764135, 78.58973076512557, 69.91391994751731, 68.74512183690298, 72.12117106239532, 72.67504988248909, 77.16538282014285, 89.91214187198099, 92.88006058789615, 92.8073453786115, 91.7620846674056, 89.42573496179072, 87.29215662305843, 78.16664171348657, 72.09890783100289, 74.95102382822702, 80.490024073532, 88.35791356700109, 88.03190446134633, 82.55045411645173, 82.45826815210984, 62.06226733480144, 69.82685588867345, 81.47453562163605, 91.46368655572836, 106.08152787689944, 113.3234037104426, 117.06495976966957, 119.01673991955268, 122.56969034417898, 127.58047606948185, 122.53861006878067, 113.76386429685866, 107.63345365477076, 97.65814892828632, 89.70634799340445], [52.73779414502671, 58.1813698319235, 68.08345726810731, 78.45938732032506, 71.61681369163774, 62.31916651767071, 55.27177994360606, 26.47259914752894, 21.39230808892507, 20.33088856303775, 26.678764997470406, 39.78279872308318, 34.252823872393016, 29.94440422685778, 28.037432651231697, 40.333713671397355, 50.19136293935551, 58.18471143639095, 67.37230713063923, 76.50811463391041, 74.33550430482887, 65.33603771955623, 58.145028285689165, 50.48583604420433, 40.93137103920507, 0.0, 8.606436744503384, 15.458614184579874, 26.869314006152784, 37.02161880594065, 34.48453067383346, 25.58933673968409, 17.287441144796446, 10.663040906463458, 6.596527462724158, 35.687974325895006, 41.16418944395574, 49.9033521491863, 65.60925851980409, 69.53036189780822, 68.64763638421277, 65.73255497640866, 62.8391920333308, 53.1512987902807, 39.75376867379526, 31.087332825177047, 21.276458216287317, 97.06052486178586, 85.47818197437036, 77.9614976920456, 77.86801