{
	"dissimilarities": [[0.0, 7.368029343854298, 15.309810894097838, 25.696041681448463, 18.467643495653384, 12.181171414329697, 8.695437548666142, 42.206244680297765, 49.042711367593405, 57.52609945565831, 65.5989701971319, 73.37043923800772, 66.09824695787117, 58.06708149364266, 49.654093598786744, 16.68737077279273, 17.076504409393714, 20.18883482927831, 25.990914374869423, 34.047840996202474, 29.900984525761448, 21.23710123508323, 15.806976009495836, 10.199014930958086, 10.98806139972015, 48.61368891808548, 55.268106442252034, 62.086487201308444, 70.97528050372524, 76.4137429559567, 75.66115570507753, 68.82074002914742, 62.88664827465205, 55.735586592326975, 49.72378207710072, 20.769027978842537, 23.2791618652982, 35.154147088922215, 39.26003267609588, 48.8473858730405, 55.013839229195824, 59.96776913747226, 60.70272798096114, 57.39348221079075, 44.96030010592586, 38.185373190894886, 34.961653581331255, 66.075309295015, 61.97879598280039, 63.401602691073535, 67.92035408552972, 69.17866725621957, 73.67932972187957, 82.80782849470548, 82.8251616406886, 81.18178132204253, 78.97086331499108, 75.69317977694101, 70.76739624299613, 66.18947523453086, 66.34275945435874, 70.19075630893576, 74.60987049258678, 81.03356633292736, 75.38446230176429, 70.95683580963856, 67.22950366437573, 56.63976259070728, 62.106889177007155, 70.01357606290217, 79.11663816315448, 91.26317658022133, 99.35332650888668, 101.16493012390978, 106.29435951939006, 115.37909581197351, 120.37899526620036, 114.61234281154181, 106.86227141030726, 103.15687884679878, 96.26572213297862, 94.25339925490194], [7.368029343854298, 0.0, 8.701424756864872, 20.377928124545658, 14.111408756855244, 10.728900225935227, 12.11017663300305, 49.55855326326516, 56.34461317785119, 64.74947882579364, 72.8875733202051, 80.71869282306022, 73.46357624427554, 65.42207693082142, 57.01652070729586, 19.331951747418707, 15.581855927429217, 15.746244444318556, 20.110244111377764, 28.152320107310725, 23.547351524297838, 14.500139789009614, 10.17458581421971, 8.331221440201793, 15.020434823886092, 55.15887244646053, 61.941471639870436, 68.83576559396532, 77.81270407123247, 83.40297516472184, 82.76258738937295, 75.83122814936671, 69.85413523447113, 62.690422790163716, 56.639111047295984, 27.003090301539306, 29.17261602884949, 39.63147035986697, 42.57134969267689, 52.299735005177325, 58.89683460322863, 64.59302376346723, 66.17095252217064, 63.60829450113109, 51.04197136732643, 44.805991059859, 41.78008777145958, 67.63926236912619, 64.40155980244764, 66.76601112222187, 71.83362673838651, 73.7070084327366, 78.64576737698218, 88.18930617807221, 87.57431066334239, 85.34326189154095, 82.53239362076842, 78.62741726177933, 73.02605056078168, 68.08799707346876, 69.31499146018893, 74.02795999826142, 79.27684367503247, 86.26077517166416, 80.0204748409461, 74.76925685140569, 70.17901004501886, 51.88916118282458, 58.32906902362398, 67.2208005373173, 77.5367004012172, 90.04904732591459, 99.26047476077959, 102.20190376517236, 109.37868875580477, 120.23287765483049, 125.90811724631038, 120.82086934192616, 113.4637661289562, 110.08419505716991, 103.22583164502572, 100.89055363459576], [15.309810894097838, 8.701424756864872, 0.0, 12.191240124858997, 8.60015392050433, 11.346203281333448, 16.5261927544016, 57.047075148765465, 64.10569489573429, 72.69199257021546, 80.62623550413788, 87.91005452466567, 80.82126683489635, 72.81040130976139, 64.32864319942018, 27.528915578768007, 21.6367794994018, 18.15239742977048, 17.706650977605594, 22.49471414423302, 17.22880302344806, 11.416976789958056, 12.634272707888652, 15.642051561770693, 23.659231142091343, 63.695923298135725, 70.3884944013496, 77.1472390225882, 85.82034017255063, 91.16504249731065, 90.54720611175195, 83.9242298275937, 78.07970210705169, 70.98744182933679, 64.99564494148439, 35.506508072300896, 36.32600447568167, 45.43781932037783, 45.50787011495761, 55.20564691868735, 62.83479459829947, 69.34531755468461, 71.19528093094969, 69.34313068453535, 58.055990057271, 52.49133557885931, 50.17429419577966, 67.18581569622755, 65.51829055789112, 69.35799362586286, 74.9772056951094, 77.52921827169773, 82.64698925865555, 92.06853084410922, 90.90951133599602, 88.15108967496056, 84.6181284126862, 80.04660793397015, 73.44313974907865, 68.05755435811867, 71.01192356737697, 76.88285231969208, 82.87067335925484, 90.03507334623792, 83.52374429401237, 77.52435261261165, 71.78077607183573, 46.473994659722386, 51.41335820462594, 60.33706749425414, 71.64473441916296, 84.59470418011635, 95.15480533934918, 99.62435073782763, 110.15015996855004, 122.41819465287676, 128.6953019447454, 124.61253736213311, 117.94413164955759, 115.35550666018297, 109.23896197085817, 107.70744115129966], [25.696041681448463, 20.377928124545658, 12.191240124858997, 0.0, 10.172725193738108, 17.850971320454413, 23.88822622049113, 64.97619638883144, 72.41158918871308, 81.28263002107109, 88.7135597437038, 94.85299051190732, 88.1624897260877, 80.32697515206932, 71.81126774112262, 39.51694532076178, 33.32045991302902, 28.31109787100575, 23.550945930911674, 21.144058992817175, 16.4742056647812, 19.084440163710777, 23.808210456245384, 27.71341473530393, 35.328991069657064, 73.9453756379455, 80.33271150407343, 86.73173338429056, 94.69844739938308, 99.41599642546329, 98.76064386490849, 92.84902020222484, 87.334162374119, 80.44285252061353, 74.64143227059294, 46.18963153958729, 45.34760742789142, 53.28231608339654, 49.32044647272715, 58.60718040075385, 67.67125427984733, 74.88031079131456, 76.33657188449511, 75.07854043435216, 66.38270368359397, 61.52946248900282, 60.15242070264655, 65.54906216561781, 66.26802984683745, 72.02189652782118, 78.06941554646261, 81.26455219962877, 86.19161388900538, 94.78149288127752, 93.26124595171251, 90.13091082049405, 85.83225483961434, 80.65128542004861, 72.7800508659317, 66.92356276955609, 72.25724359781398, 79.45221667210642, 85.92901958057315, 92.73394406560037, 86.42582490413916, 79.9099621131689, 72.84256123012719, 41.74059543884755, 41.058751379844054, 48.6258396028419, 60.84515344381448, 74.53194154069097, 86.8881336152845, 93.47916836112273, 108.93583363521768, 121.92929265227119, 128.58021514440844, 125.7929504384845, 120.09781940103619, 118.72870482110439, 114.01270308907766, 114.32653924659489], [18.467643495653384, 14.111408756855244, 8.60015392050433, 10.172725193738108, 0.0, 8.223015285184745, 15.182590055364399, 57.18683813311394, 64.94214208764846, 73.85546558381658, 81.41852750147983, 87.89620380862371, 80.69218137068633, 72.5820080501104, 64.14924695358381, 33.09398410092973, 29.064876908122113, 26.615214758920544, 25.85865802809456, 28.13419335673349, 22.84422047456509, 19.667657106330356, 20.800550979681425, 22.149799563324652, 28.258080900610373, 66.54319788415117, 73.07811123533637, 79.78270530587496, 88.28774988898873, 93.13423878317172, 92.17250016677929, 85.88900675106538, 80.12656095600342, 73.01048353486705, 67.0743404646606, 37.772596640385224, 35.734926731975726, 43.14282639003607, 40.01030527543485, 49.501735843816064, 58.070112736193764, 65.1442062581638, 66.9851357814632, 65.94264665277119, 56.62100322946967, 52.24365535735127, 51.86158521342796, 59.28078631671801, 58.477443281709526, 63.27630335670456, 69.18290601323706, 72.19309776551651, 77.34234689236337, 86.60655017560522, 84.97887295073521, 81.87621693307366, 77.90158159950771, 73.00492475556638, 65.88037248462892, 60.31374310258184, 64.22444597628653, 70.81238009336961, 77.22751392721267, 84.47818290466667, 77.79742021707152, 71.36147059936164, 64.9140071252431, 50.63038507916017, 50.41014704823409, 55.38325062300325, 64.96040928035441, 76.94720061191083, 86.83942605760245, 91.13727946234219, 102.54429684168113, 115.82315145343588, 122.93956074995988, 120.03010172357713, 114.44943926244761, 113.18465646465194, 109.06747338598981, 109.74523417596912], [12.181171414329697, 10.728900225935227, 11.346203281333448, 17.850971320454413, 8.223015285184745, 0.0, 7.379293451538436, 49.363941655270445, 57.184107285644075, 66.07561527780179, 73.70933438255457, 80.44643775091131, 73.01426113118359, 64.80208138651665, 56.415125588634865, 27.51233467169724, 25.970031101869782, 26.110950456795596, 28.4197004043786, 33.27909511427942, 28.18882710804245, 22.15790828769306, 20.138290162317702, 18.382097773354623, 22.032593051586527, 58.882257605501685, 65.42004776474323, 72.21732556194912, 80.9350009949754, 85.83570506141244, 84.73169680750397, 78.27546642902931, 72.41967423488418, 65.22978562962507, 59.2631933251902, 29.980632562882374, 27.584449433834724, 35.80142773441407, 34.48834070050494, 44.20961587528249, 52.11368377247063, 58.59399760214984, 60.14257723338945, 58.61142385527751, 48.62450718415212, 44.02861698119119, 43.84908491972022, 57.36961228889164, 54.980489990858985, 58.45229715160998, 63.9013793444715, 66.34171652993251, 71.35074252933387, 80.76425797368461, 79.57405570546253, 76.92371123108221, 73.58391925788712, 69.30057658364326, 63.10498558130279, 57.959767340421394, 60.20043323676202, 65.77830535654189, 71.57057300243682, 78.70469303697536, 72.21764522521362, 66.4139488964175, 60.98084486580692, 56.13731406094769, 56.82267872499347, 61.3018426837057, 69.4798088625781, 80.76723441008201, 89.00526213327728, 91.56753692839094, 99.54626852342506, 111.60438449718482, 118.3345086178994, 114.69660451017711, 108.70316609585176, 107.02664699345588, 102.77825195536772, 103.37701384745081], [8.695437548666142, 12.11017663300305, 16.5261927544016, 23.88822622049113, 15.182590055364399, 7.379293451538436, 0.0, 42.06606429094576, 49.858477876633316, 58.78029379072451, 66.36499539024496, 73.11132031241468, 65.71687855286793, 57.544717501603515, 49.12470554520515, 24.42551953015526, 25.386842542886622, 27.522487180266722, 31.520100757694497, 37.3614957421651, 32.777934712680796, 25.95191621162539, 22.235247930699042, 18.002082398633807, 18.351985483615145, 52.136705339803754, 58.50805988271226, 65.17570012980885, 73.7492208960303, 78.54102181178736, 77.3970371251323, 71.03370982815903, 65.25019401167474, 58.122735718161266, 52.23168425093583, 24.07329934673561, 21.972197223594574, 32.038143425222394, 32.47129863762606, 42.14283407061953, 49.47948515107605, 55.05954623723864, 55.61892495207129, 53.08916658620096, 43.02325370101692, 37.68440157208005, 37.11903642460247, 57.80629451657482, 54.343011823318925, 56.61933991659307, 61.4160310217531, 63.093330141859305, 67.60034149142972, 76.5540227350179, 76.17221990629044, 74.24473328410146, 71.63897724992324, 68.10586100685433, 62.720962274282414, 57.99679185152828, 58.908471028334915, 63.41956299503529, 68.21091064871665, 74.6842475382927, 68.90511379600926, 64.09619933455551, 59.725512820783955, 59.49202253594157, 60.56437664812441, 65.11964338764705, 72.5077936099965, 83.71954641739526, 91.00999329654363, 92.49138577351583, 98.2728491448301, 108.13605185679405, 113.92812292817455, 109.31601074056948, 102.66941289123939, 100.39605576181053, 95.72635992798958, 96.27560741728266], [42.206244680297765, 49.55855326326516, 57.047075148765465, 64.97619638883144, 57.18683813311394, 49.363941655270445, 42.06606429094576, 0.0, 8.983582785916317, 17.943144759449275, 24.684430264583565, 32.091751714549346, 24.04902040588086, 15.883359045411208, 7.70584988848576, 42.01474464030305, 51.24743562090658, 58.34172450984083, 65.97310916645495, 73.78928900000282, 70.71861155063618, 62.736374994530635, 56.26575101405876, 48.654445918855735, 39.62154300397796, 22.292840043996122, 24.65169566396547, 29.090255187508653, 36.15783786589478, 39.58028079717476, 37.34048445803674, 31.64799494067763, 26.68620193748631, 20.826214799390527, 17.29133730955255, 27.40779089634265, 28.047659348127024, 35.69800202040895, 44.7088958856261, 48.713671516621595, 49.23923812684487, 47.069867860122116, 41.066212314259815, 31.57607822278088, 25.240846950080225, 17.49534468359298, 15.744819791009201, 72.18762489735909, 63.89470984377465, 58.88205468967096, 58.56562229559134, 55.05703589572276, 55.41458818221719, 60.16242883271211, 64.98017823087626, 67.81078020327033, 70.17218661490465, 71.55309456230054, 71.89413857412501, 70.40908587237294, 63.852932307865906, 60.969397487841356, 58.55280469135839, 59.83858742359092, 59.45590835661676, 61.784671115508466, 64.71210773802692, 92.05033649209265, 94.0658205190905, 97.37305285553897, 100.31492716883633, 109.30582024428246, 110.81912314414205, 106.09124702869731, 97.57632088778811, 94.53158916851766, 94.62897290434385, 83.92572865048734, 73.35498931068396, 66.89536584268376, 60.132954555068814, 61.05636329543072], [49.042711367593405, 56.34461317785119, 64.10569489573429, 72.41158918871308, 64.94214208764846, 57.184107285644075, 49.858477876633316, 8.983582785916317, 0.0, 9.198801925220696, 16.629116214530978, 25.8112124714191, 18.33401917513784, 11.795654715140913, 7.6504453156892795, 46.76372543776274, 56.193182278696405, 63.55241109241633, 71.47684756211312, 79.61330175930789, 76.91426019451943, 68.83242112496238, 62.18185546623785, 54.58685252266554, 45.302633378900204, 17.87632516027388, 17.787401860362575, 20.77784863032999, 27.258005346792455, 30.808445572207198, 28.623896810971264, 22.683856348633075, 17.971311250836706, 13.028712148856652, 11.618181959617258, 33.175805405668676, 35.78434938248772, 43.242343923688836, 53.356105607674344, 56.92959826367133, 56.50635913474377, 53.34524285551784, 46.95777401090145, 36.924293716081834, 30.954079184363952, 23.53007800211697, 19.263419992101998, 80.66176024326711, 72.07920672737852, 66.38286770081996, 65.454046867717, 61.31629362650845, 61.03011094698118, 64.79043678818394, 70.46099734198746, 73.99783210675703, 77.03942421863486, 78.99966044018723, 79.95629049114851, 78.76739956124611, 71.61686924454908, 67.88845306254149, 64.50217192444715, 64.81432172210621, 65.41697731953303, 68.714272922915, 72.4716428059113, 96.99563920213721, 100.4323020640498, 104.86699929119617, 108.1461863790891, 117.45335447542078, 118.92239845476902, 113.92863101185148, 104.04197343177267, 98.55900552096134, 97.02528876669386, 84.61840479195057, 72.6285292836211, 64.13166156727986, 54.78627443247635, 53.442056702872584], [57.52609945565831, 64.74947882579364, 72.69199257021546, 81.28263002107109, 73.85546558381658, 66.07561527780179, 58.78029379072451, 17.943144759449275, 9.198801925220696, 0.0, 8.94673917492474, 20.6243719430796, 14.259824532500323, 11.861722729694282, 14.139943426839729, 53.72997795161775, 63.35599021325062, 70.9619178035051, 79.1809881949709, 87.63701497152489, 85.12061726502918, 76.8494673345321, 70.01438466715437, 62.41017692913063, 52.952632810763355, 18.244588647477286, 14.490832408036123, 14.371250602231456, 19.56948715822819, 22.973486351643565, 20.41964998253915, 13.988190695939522, 9.98887341586197, 8.55196045564109, 12.015153851409309, 40.710938391075324, 43.922674702646844, 50.40210559372381, 61.340399271214416, 64.20408834925647, 62.64691107946936, 58.41465843774164, 51.76198590987181, 41.55905577248151, 36.42595512038582, 30.139616942499337, 25.815820086072705, 88.27828703219461, 79.22469907838078, 72.66294091986636, 71.02799207605831, 66.2467224531394, 65.33961285585387, 68.24574714343561, 74.60318252790314, 78.80017799343668, 82.57709675778975, 85.19190216292749, 86.9718335743599, 86.21051169823927, 78.217635873497, 73.49241860870279, 69.12217478853238, 68.58151807545252, 70.04938816903264, 74.33152029034379, 79.07020825614877, 104.54947959800725, 108.86332507190193, 113.70953185352069, 116.85630098843498, 126.01089650280979, 126.93668569214124, 121.25015842231089, 109.15605012659982, 101.5761478647779, 98.77388306256248, 84.99855325715981, 72.0475800047788, 61.93963854166733, 50.859172738620224, 47.63785099041925], [65.5989701971319, 72.8875733202051, 80.62623550413788, 88.7135597437038, 81.41852750147983, 73.70933438255457, 66.36499539024496, 24.684430264583565, 16.629116214530978, 8.94673917492474, 0.0, 12.477857888749414, 8.70555464404888, 12.55546698945997, 18.712830915916946, 62.52730060335374, 72.02548207090788, 79.46608418392186, 87.40705636895076, 95.41300719229356, 92.99425035942697, 85.10491251109265, 78.45692819148177, 70.91007577788804, 61.562104634662894, 26.564131800361142, 21.476922833341952, 18.220506080497625, 18.054472132591222, 18.10733706423377, 14.432283966606185, 12.139421598782208, 12.858239976424494, 16.016754968000665, 20.71909139149159, 49.33386784626369, 51.70642960966397, 57.264192645876065, 67.07458003312081, 69.06887982210057, 67.1736907277117, 62.121899959669314, 54.30156116609011, 43.818867606103424, 42.26590625773728, 37.393614084751, 34.509427856922315, 92.22536764025783, 83.25750185571385, 76.31709498983376, 73.94108160317195, 68.56062751376948, 66.58151859407734, 67.64587619460585, 75.0181024401643, 80.09649335725679, 84.56394559507028, 87.91324844889718, 90.30638046838867, 89.99120800438396, 81.63914585638487, 76.1566917484629, 70.55394061507779, 68.42568581032818, 71.40809913099008, 76.91156491260263, 82.40775366006316, 111.54411982328455, 114.77601633795426, 118.7873027040749, 120.9836052908165, 129.64868556290037, 129.68896224935241, 123.25376944867689, 109.722328585472, 98.99451129249881, 94.55408652553942, 79.53599177041211, 65.8092420955614, 54.68193796629609, 43.52858220090604, 42.127707383150835], [73.37043923800772, 80.71869282306022, 87.91005452466567, 94.85299051190732, 87.89620380862371, 80.44643775091131, 73.11132031241468, 32.091751714549346, 25.8112124714191, 20.6243719430796, 12.477857888749414, 0.0, 9.412813324001437, 17.673832959030957, 24.76842750365418, 72.39640418180657, 81.4832683177056, 88.42857974207807, 95.63288163648062, 102.57234904857692, 100.23906382246648, 93.22173470492122, 87.07723223029501, 79.70911555818924, 70.74588716193804, 38.70479764993216, 33.78202490111111, 29.78795124886653, 25.72681698940281, 21.340765556711034, 17.555074616055098, 21.707386763076524, 24.753967611547264, 28.358584752596876, 32.630676958657304, 58.82235866889238, 59.721900072787214, 64.5408269497343, 71.73861393923444, 72.81341821848358, 71.33363764166134, 65.85318513574249, 56.33619806739448, 45.765242572961085, 49.44020218983556, 45.919761084498234, 44.76269126503926, 93.66829711239834, 85.42414879449082, 78.68535071136267, 75.63375257944071, 69.81430783076851, 66.41581378820877, 64.61426932191303, 73.27378609921264, 79.38042913362453, 84.41181051958252, 88.49115058980908, 91.21104433403356, 91.3183008831338, 83.21130588532682, 77.32901180089488, 70.396603369874, 65.9790469180401, 71.08481578393791, 77.9032316983755, 83.81570870042864, 117.51247653141519, 118.18886587389979, 120.45402533959764, 121.0848885530503, 129.0146038995256, 127.98695221237577, 120.90424700062891, 106.99349250801264, 91.93796962880704, 85.23198882294308, 68.85587775899181, 54.217762328011474, 42.31084843732956, 32.9423392233714, 38.4349796543401], [66.09824695787117, 73.46357624427554, 80.82126683489635, 88.1624897260877, 80.69218137068633, 73.01426113118359, 65.71687855286793, 24.04902040588086, 18.33401917513784, 14.259824532500323, 8.70555464404888, 9.412813324001437, 0.0, 8.630491104612414, 16.63101198858404, 64.957824756098, 74.38600115467636, 81.59582985579891, 89.16722115844156, 96.60072236940415, 93.9186099760657, 86.36549178373492, 79.95977951738921, 72.39322070586928, 63.22168285796487, 32.29674444747404, 28.46295395750799, 26.50639811106741, 26.46341100841171, 25.050584529222686, 21.089198437061967, 20.770189586279685, 21.100281326393354, 22.531583128688737, 25.80894061309898, 50.70934610005411, 51.03947673509348, 55.35108985767876, 63.28711206653627, 64.45224940701922, 62.68135787096131, 57.340282552173555, 48.43403739060751, 37.81301958914074, 40.06872214687494, 36.71456801061308, 36.50054260931014, 86.46216617751244, 77.70848251130398, 70.74558966698486, 67.96590593352218, 62.34629075399938, 59.68958014806053, 59.688446781194465, 67.50724006449877, 72.99062938463626, 77.71060758455913, 81.43513118325012, 84.11408022139369, 84.11378376204904, 75.68288737320867, 69.91439724790462, 63.66611346754647, 60.64645263422186, 64.44763193950521, 70.58000885489359, 76.36957709261588, 112.96041129941506, 113.87800560871467, 115.90383164659387, 116.69880404813301, 124.39741510161815, 123.35934255545602, 116.18518235762336, 101.9221743061302, 90.30847630880857, 85.99355013501533, 71.42890875632746, 58.41810103384828, 48.85447123389986, 41.821890826342475, 46.039156269443495], [58.06708149364266, 65.42207693082142, 72.81040130976139, 80.32697515206932, 72.5820080501104, 64.80208138651665, 57.544717501603515, 15.883359045411208, 11.795654715140913, 11.861722729694282, 12.55546698945997, 17.673832959030957, 8.630491104612414, 0.0, 8.55064299064544, 57.247541429541215, 66.74919486967418, 74.00114797892829, 81.67261321155681, 89.29794885630066, 86.37865834695833, 78.58214118729742, 72.10075598157943, 64.46253625932707, 55.27703722431097, 27.590038190543574, 25.596910821145467, 26.148899648039414, 29.501098394044003, 30.267547114508588, 26.78703944481071, 23.598481813048462, 21.286750342161337, 19.643212119555216, 20.8984020163033, 42.56298754672135, 42.428101693768305, 46.94589805350709, 55.23379040430047, 56.92171558160773, 55.5161232608523, 50.84528272414889, 42.60597734031569, 31.953727871328862, 32.2262124581846, 28.329410741770737, 28.73982320457224, 79.6915497371322, 70.82588999580932, 64.16229822124595, 61.98620969497377, 56.863998696062055, 55.128898656397375, 56.904840591902875, 63.74901154562353, 68.42240335091361, 72.51339809607249, 75.61375940351193, 77.78731248915273, 77.44854780546609, 69.259497988154, 64.12614183701064, 58.936418274966144, 57.406332948724824, 59.78276890098909, 64.85763953978778, 70.01235365720609, 106.58735203494885, 107.57799201399949, 109.5736141658895, 110.74548368633421, 118.54464630452826, 117.96288111729557, 111.22947731625948, 98.09330559027143, 89.72196776183995, 87.37104830380461, 74.46167735402837, 62.6935955154172, 54.84018846204784, 48.83403189252373, 52.293920410782576], [49.654093598786744, 57.01652070729586, 64.32864319942018, 71.81126774112262, 64.14924695358381, 56.415125588634865, 49.12470554520515, 7.70584988848576, 7.6504453156892795, 14.139943426839729, 18.712830915916946, 24.76842750365418, 16.63101198858404, 8.55064299064544, 0.0, 49.635135877276795, 58.85861442687607, 65.89248527338061, 73.35890880078955, 80.84319267437871, 77.88226392107741, 70.20186212475427, 63.85663590569417, 56.29736939305883, 47.311816846496725, 24.969873980560198, 25.109638426725425, 27.651629104341502, 32.835284061109235, 34.90296366718696, 32.14713209153058, 27.773262587489953, 24.00871052496027, 19.94727168152991, 18.718248949629665, 35.03637088043057, 35.02991849971811, 41.10867871220048, 49.19956687735966, 52.04138062302201, 51.88219564965038, 48.540681663495015, 41.064447194307775, 30.697283683994726, 28.451180997201682, 22.76044217852696, 22.4151596150381, 74.88943498694732, 66.47951604467013, 60.807870052892895, 59.588860831519746, 55.288670047146695, 54.51312084273936, 57.602169891832524, 63.52618923463718, 67.31669250929698, 70.49034809533043, 72.71421698964912, 73.84022912767162, 72.88740154999086, 65.69195354015115, 61.79829684466862, 57.96377313362657, 57.700211023150835, 58.82176514392769, 62.54890455018154, 66.47896299476936, 98.3818697675394, 99.47947741997389, 101.94886670137393, 103.88929345691292, 112.3255747959541, 112.83825944140509, 107.20940806531978, 96.8744150315178, 90.97534875349317, 89.78201128016289, 78.03293170477717, 66.86821257882218, 59.878458224515505, 53.61715482853169, 56.218311620590455], [16.68737077279273, 19.331951747418707, 27.528915578768007, 39.51694532076178, 33.09398410092973, 27.51233467169724, 24.42551953015526, 42.01474464030305, 46.76372543776274, 53.72997795161775, 62.52730060335374, 72.39640418180657, 64.957824756098, 57.247541429541215, 49.635135877276795, 0.0, 10.710661004438617, 19.46068817926884, 29.68502445665203, 41.41156728475807, 38.15161393968309, 27.083543742536072, 19.032546320541453, 12.118162831071754, 6.1968837639262695, 40.336542374898634, 47.49100958899728, 54.812744562076816, 64.85438621428615, 71.61603683709879, 71.23914858713547, 63.12671410572257, 56.75311879425598, 49.58745929820421, 43.50100583187324, 16.19516358020273, 25.569308397969174, 37.44266883334852, 48.11021182802425, 56.883036654957635, 60.15117059152924, 63.61981604015192, 65.19815130636118, 61.15055205277621, 44.44855915042068, 36.434098292840964, 29.79398070567055, 78.0239627109602, 71.86074212992591, 70.98284751008907, 74.73488345229885, 75.12564057770389, 79.75694044014973, 89.71376856586683, 90.11907377953298, 88.90178470249865, 87.63388308119856, 85.06803671023556, 81.68058057058514, 77.75247076512338, 75.50189589942698, 77.59419432881546, 81.29164146699205, 88.02481816124775, 82.24472821817642, 78.56622202419176, 76.55696244376934, 63.690162244633264, 75.200397341079, 85.85304041816772, 95.72759225866913, 107.8179513804265, 115.32794641869732, 115.98440266882807, 116.77540534773456, 125.24057501540827, 129.60510011576258, 122.16995735134284, 113.04359137827473, 107.28295403106698, 97.53746113872963, 91.33013151188038], [17.076504409393714, 15.581855927429217, 21.6367794994018, 33.32045991302902, 29.064876908122113, 25.970031101869782, 25.386842542886622, 51.24743562090658, 56.193182278696405, 63.35599021325062, 72.02548207090788, 81.4832683177056, 74.38600115467636, 66.74919486967418, 58.85861442687607, 10.710661004438617, 0.0, 8.888818627263463, 19.430049252337295, 31.764000479268866, 28.789284976018507, 17.67973728372865, 10.170952790576406, 7.6485723197849795, 12.539489515414692, 50.194879982175564, 57.16754069628413, 64.1770577069241, 73.69521452729313, 80.34700105703902, 80.25156118945657, 72.49012696688412, 66.34436964430023, 59.37678396470585, 53.41453542553278, 26.13008979869673, 33.74596359152349, 45.07951860127201, 53.18550384145599, 62.50272935826699, 66.99450817938725, 71.48321323544153, 73.42378369400659, 69.9011981382225, 54.06891156810052, 46.43415751923824, 40.115030913159664, 80.99782395988728, 76.24133253668926, 76.85385457738981, 81.3096761550171, 82.41718121393427, 87.34398841447607, 97.31813752896315, 97.25881631216808, 95.50469019909374, 93.4790080757046, 90.16014500183398, 85.66100199214341, 81.1605072270399, 80.61492953965687, 83.96336936975254, 88.51239588041983, 95.51802608964925, 89.39689202623555, 84.86290206459928, 81.60738128492801, 54.334731965035424, 67.90198674135783, 80.62633068816429, 92.3431921250119, 105.44361037848508, 114.82151278484294, 117.32109818421131, 121.77606070461354, 131.5280397319854, 136.20514532877306, 129.35902095332207, 120.44951535581963, 114.94731659536379, 104.94246024035974, 98.45373420147936], [20.18883482927831, 15.746244444318556, 18.15239742977048, 28.31109787100575, 26.615214758920544, 26.110950456795596, 27.522487180266722, 58.34172450984083, 63.55241109241633, 70.9619178035051, 79.46608418392186, 88.42857974207807, 81.59582985579891, 74.00114797892829, 65.89248527338061, 19.46068817926884, 8.888818627263463, 0.0, 10.677836829007507, 23.365465678747537, 20.684150646028012, 10.238383126074009, 6.289772232645472, 11.43037770652724, 19.98110138232026, 58.40600012266146, 65.2240425697831, 71.98687860920685, 81.03280128146638, 87.45117160725069, 87.49932960135376, 80.11538747920721, 74.1664235498734, 67.32399930640975, 61.44200821727215, 34.08464057703658, 40.44495532324568, 51.388583371832645, 57.220055311256296, 66.80831807541391, 72.32529853885265, 77.5404167117565, 79.55256379179154, 76.39330916568514, 61.56274023545441, 54.20275639184093, 48.26813789774734, 82.84629329345677, 79.36474728528596, 81.21262336411208, 86.1592696427346, 87.79436903661832, 92.84278240022945, 102.64813076638833, 102.27942134541777, 100.15938427184132, 97.55015101408722, 93.68107457107149, 88.28272615109809, 83.35587448666766, 84.25909518098926, 88.59256501860466, 93.71328927573913, 100.7851983208912, 94.52830885676204, 89.41419307339996, 85.17990354864038, 46.25788514266303, 61.01800521278065, 75.27890859358197, 88.41502027110022, 102.3015614874757, 113.19833990776249, 117.25076847599671, 124.88912589290153, 135.46354805314348, 140.34896614892025, 134.06941721321184, 125.44522758641362, 120.31917492070424, 110.42832193751698, 104.21559605262364], [25.990914374869423, 20.110244111377764, 17.706650977605594, 23.550945930911674, 25.85865802809456, 28.4197004043786, 31.520100757694497, 65.97310916645495, 71.47684756211312, 79.1809881949709, 87.40705636895076, 95.63288163648062, 89.16722115844156, 81.67261321155681, 73.35890880078955, 29.68502445665203, 19.430049252337295, 10.677836829007507, 0.0, 12.919324453724968, 11.059095932986201, 6.947882282850223, 12.516669745987592, 19.87377844279578, 29.166460228535687, 67.6547851501162, 74.25012004284083, 80.6869488383119, 89.09180214130821, 95.10844049928583, 95.2789627559604, 88.44602782001674, 82.770810554208, 76.09264059959345, 70.32897152079511, 43.21260323875883, 48.34377956527593, 58.991160529479586, 62.15223880608902, 71.87747175979335, 78.57107751851595, 84.45228974825561, 86.24678274258015, 83.36322426657917, 70.00060011427996, 62.87489089267251, 57.35448128993084, 84.85098796958583, 82.9533036992065, 86.19214850883742, 91.57368605206199, 93.70584718755066, 98.7191081409681, 108.05719123390222, 107.47996989255111, 105.07431294420793, 101.87651458579573, 97.48974783115001, 91.09403497565755, 85.73634140763312, 88.32977959098345, 93.69867617195219, 99.27180020423566, 106.1746949657195, 99.99275229292381, 94.41050892416048, 89.14520031511229, 36.28721570679621, 51.87005047334089, 67.97577541361736, 82.75083204739603, 97.61968165808653, 110.32629318149195, 116.2575566503692, 127.7990276181287, 138.83988400202892, 143.7772667374474, 138.14128236094257, 129.8772269726261, 125.26045256525141, 115.69320725228859, 110.17602100272192], [34.047840996202474, 28.152320107310725, 22.49471414423302, 21.144058992817175, 28.13419335673349, 33.27909511427942, 37.3614957421651, 73.78928900000282, 79.61330175930789, 87.63701497152489, 95.41300719229356, 102.57234904857692, 96.60072236940415, 89.29794885630066, 80.84319267437871, 41.41156728475807, 31.764000479268866, 23.365465678747537, 12.919324453724968, 0.0, 5.729963041917112, 16.165393459244477, 23.795055718939953, 30.76725737523892, 39.86738736064792, 77.70241857079097, 83.97717220858311, 89.98942105722224, 97.55571218799022, 102.94577603182826, 103.18663894324081, 97.12304440949865, 91.8211595092379, 85.36834731581074, 79.78787011079113, 53.35306327579523, 57.14561722387454, 67.51452027050296, 67.63394538662747, 77.28461090067627, 85.26561307845226, 91.69823411778562, 92.92846883729855, 90.24086484107853, 78.95182813992584, 72.09474190505141, 67.13202220024216, 86.55272612997128, 86.54676726791607, 91.283789544627, 96.98848280803651, 99.5518326936224, 104.31640143716162, 112.79210762925358, 112.140465343799, 109.57273086531569, 105.81908722735233, 101.00359743863933, 93.56359488605821, 87.81898407785056, 92.30278893709999, 98.69873975842957, 104.53331070295866, 110.95079774409884, 105.12947972308918, 99.26214011406222, 92.97158693325176, 25.06489473769036, 39.77336150316967, 58.03099693693441, 74.61217665284278, 90.67220590236838, 105.43901722084694, 113.55612238319165, 129.71967491439403, 140.69016134241943, 145.47683091794033, 140.60870685868755, 132.85191886182002, 128.96986247718553, 120.1167454708296, 115.94445994074722], [29.900984525761448, 23.547351524297838, 17.22880302344806, 16.4742056647812, 22.84422047456509, 28.18882710804245, 32.777934712680796, 70.71861155063618, 76.91426019451943, 85.12061726502918, 92.99425035942697, 100.23906382246648, 93.9186099760657, 86.37865834695833, 77.88226392107741, 38.15161393968309, 28.789284976018507, 20.684150646028012, 11.059095932986201, 5.729963041917112, 0.0, 11.870863822058107, 19.832624901221546, 26.847148571415286, 36.19723074277989, 75.25140013964639, 81.70957255935184, 87.9896019358346, 95.94353974157539, 101.37988809123628, 101.39014696018374, 95.11046165257744, 89.61391170706287, 82.93991307292929, 77.2016601407318, 49.61351119560886, 52.650119034135805, 62.47982561656655, 62.39438805035002, 72.02462204853656, 79.96694965414535, 86.5638496589973, 88.15051435279993, 85.8508118436745, 74.50158533213398, 68.06946203362996, 63.831453255851486, 81.48094345666522, 81.2675263316757, 85.97901105668312, 91.77390035229912, 94.47436896581948, 99.43365957286441, 108.2697244800994, 107.31857535969989, 104.5531188528846, 100.71472779102156, 95.81597229690145, 88.44868712692897, 82.7281422971951, 87.06691686579626, 93.5144015676484, 99.58075439947848, 106.33735567989818, 100.18442478513276, 94.09153216409345, 87.7540055340383, 30.441903084096005, 41.86346636893829, 57.58948568272937, 73.08995894795132, 88.37042316108564, 102.2984750364925, 109.73119510843838, 124.89050396041185, 136.72125956723548, 142.1312452709283, 137.67871111413123, 130.34221105696577, 126.92405304334552, 118.8845817319948, 115.41776070659431], [21.23710123508323, 14.500139789009614, 11.416976789958056, 19.084440163710777, 19.667657106330356, 22.15790828769306, 25.95191621162539, 62.736374994530635, 68.83242112496238, 76.8494673345321, 85.10491251109265, 93.22173470492122, 86.36549178373492, 78.58214118729742, 70.20186212475427, 27.083543742536072, 17.67973728372865, 10.238383126074009, 6.947882282850223, 16.165393459244477, 11.870863822058107, 0.0, 8.186099460628423, 15.79463782814224, 25.590152411308175, 65.8111721741013, 72.59007111207255, 79.31330911545433, 88.07991137877745, 94.00447706973283, 93.8490092897341, 86.88520292482639, 81.01915713277833, 74.07824680426516, 68.13366478192057, 39.428259459347196, 43.19138293556887, 53.09776053000968, 55.64619511388818, 65.34086286134063, 72.140420969766, 78.29526489075171, 80.44984515253961, 78.09875160600161, 64.9854869504077, 58.50005923052023, 54.170458280298845, 78.23817589725239, 76.23689334666436, 79.57319159216883, 85.08808928231278, 87.43029887257026, 92.64413360113662, 102.30788801906206, 101.3561237736149, 98.70134066333442, 95.35231649822848, 90.84255107470672, 84.458263851484, 79.11715022271056, 81.67968778940285, 87.20013823967372, 93.07008043903495, 100.31942915501006, 93.7843181876158, 87.91096368780212, 82.50139127085907, 40.97116542856141, 52.75139584732365, 66.13212180360664, 79.63831203030793, 93.60418398662655, 105.39046647385082, 110.63926774795765, 121.36108468221894, 133.37643165382474, 139.0635817443275, 134.07816527628367, 126.45982592860493, 122.59967852014205, 114.3134081582718, 110.10047254515717], [15.806976009495836, 10.17458581421971, 12.634272707888652, 23.808210456245384, 20.800550979681425, 20.138290162317702, 22.235247930699042, 56.26575101405876, 62.18185546623785, 70.01438466715437, 78.45692819148177, 87.07723223029501, 79.95977951738921, 72.10075598157943, 63.85663590569417, 19.032546320541453, 10.170952790576406, 6.289772232645472, 12.516669745987592, 23.795055718939953, 19.832624901221546, 8.186099460628423, 0.0, 7.994869638875483, 17.84293903401356, 58.361859037429824, 65.28704132528355, 72.23185841701869, 81.42823583283753, 87.60279969003878, 87.34576382199327, 80.0164096828861, 73.96489949278043, 66.90441619513196, 60.873925803177386, 31.845683797579678, 36.48735734548564, 46.82800746481384, 51.53644584831973, 61.16694992639419, 67.07096128360293, 72.66829747680904, 74.88167587756146, 72.23402855287976, 58.03262740660765, 51.31143833061826, 46.708872761307234, 76.64760306474611, 73.34753916630622, 75.53583802560816, 80.67271026714292, 82.5740983399042, 87.76524151710268, 97.722082244011, 97.01144705427173, 94.64447784121955, 91.80366390456696, 87.75424549297892, 82.18494454714865, 77.20190344457147, 78.37202336358689, 83.02624551654857, 88.46396069386317, 95.7674989832363, 89.25211829678298, 83.82245421664463, 79.27652654858868, 48.002665412675626, 59.58138089544667, 71.75428396637166, 83.96250348642478, 97.2127642530176, 107.55953641573235, 111.30659691568849, 118.93788508655939, 130.33646438665806, 135.86853065004166, 130.31227562095515, 122.36857374259053, 118.09039224046586, 109.55401474456359, 104.89683214704857], [10.199014930958086, 8.331221440201793, 15.642051561770693, 27.71341473530393, 22.149799563324652, 18.382097773354623, 18.002082398633807, 48.654445918855735, 54.58685252266554, 62.41017692913063, 70.91007577788804, 79.70911555818924, 72.39322070586928, 64.46253625932707, 56.29736939305883, 12.118162831071754, 7.6485723197849795, 11.43037770652724, 19.87377844279578, 30.76725737523892, 26.847148571415286, 15.79463782814224, 7.994869638875483, 0.0, 9.904595702838451, 50.87347614920407, 57.861406263194404, 64.94438574456484, 74.37755707346588, 80.5652324995488, 80.13347896123585, 72.65589453631878, 66.49762134618372, 59.32708061653486, 53.229918753264435, 23.851043779499335, 29.081398350868618, 40.204478714672575, 46.51302287549289, 56.014524168979534, 61.278629809223425, 66.26469266021563, 68.13136811431043, 65.06500939549396, 50.42349257668089, 43.42325108106022, 38.77310834589249, 73.63617364436317, 69.2828299540796, 70.46002514754638, 75.14738050952059, 76.55282011325549, 81.52988736203798, 91.44358001416339, 91.11156658934917, 89.14912899820418, 86.83707691855724, 83.3174875357707, 78.48411384832725, 73.86374287357435, 73.82801165923632, 77.64637382347058, 82.48869956415416, 89.57023414265721, 83.32464869998518, 78.49331543392259, 74.78169311424452, 54.35267429746957, 64.4169490344251, 75.02419728368545, 85.7843490431002, 98.37185663508231, 107.31906664329033, 109.67926337878797, 114.70736068361839, 125.02206043964469, 130.25124080074502, 124.2143104368462, 116.05881958525454, 111.57988837661334, 103.18934707386349, 98.78754372412375], [10.98806139972015, 15.020434823886092, 23.659231142091343, 35.328991069657064, 28.258080900610373, 22.032593051586527, 18.351985483615145, 39.62154300397796, 45.302633378900204, 52.952632810763355, 61.562104634662894, 70.74588716193804, 63.22168285796487, 55.27703722431097, 47.311816846496725, 6.1968837639262695, 12.539489515414692, 19.98110138232026, 29.166460228535687, 39.86738736064792, 36.19723074277989, 25.590152411308175, 17.84293903401356, 9.904595702838451, 0.0, 41.30212918720698, 48.360395095750086, 55.60852591683532, 65.36156464325292, 71.63605999698403, 71.02896437430229, 63.307180328104, 57.01282341716784, 49.73316984531835, 43.570826359710864, 14.160204955552164, 21.603046336035064, 34.0441520356848, 43.09541869125126, 52.11830111437403, 56.198943291541894, 60.05951039188704, 61.30176346070533, 57.429127446903614, 41.95372339205741, 34.23611648534609, 28.930086768781326, 72.5484973181316, 66.7884879428358, 66.42032208219587, 70.33824161093433, 70.91937591415525, 75.48929856239585, 85.21830770168572, 85.54372106746118, 84.25159919200189, 82.7771198306047, 80.0867250105212, 76.37061169389247, 72.3228980278643, 70.55630309499433, 73.04238442645624, 76.87505427032445, 83.5042281324818, 77.78151650242552, 73.96015778442963, 71.57000604723261, 62.47485797151164, 71.56265830191484, 80.8517633987831, 90.07664876347458, 101.93624832473844, 109.24953735252089, 109.9271176741186, 111.50627646379917, 120.04366556985335, 124.64210355511695, 117.7393055440277, 109.10451096714618, 104.09500330451162, 95.53076466212785, 91.05284840357959], [48.61368891808548, 55.15887244646053, 63.695923298135725, 73.9453756379455, 66.54319788415117, 58.882257605501685, 52.136705339803754, 22.292840043996122, 17.87632516027388, 18.244588647477286, 26.564131800361142, 38.70479764993216, 32.29674444747404, 27.590038190543574, 24.969873980560198, 40.336542374898634, 50.194879982175564, 58.40600012266146, 67.6547851501162, 77.70241857079097, 75.25140013964639, 65.8111721741013, 58.361859037429824, 50.87347614920407, 41.30212918720698, 0.0, 7.373425414703873, 15.308270756354716, 26.75321255980558, 34.109895792942645, 33.34220556899447, 23.997613611192723, 17.2917775995179, 10.74007288025505, 6.697492747840569, 30.151126470045693, 37.46421171089599, 45.84986213964343, 60.20100095902756, 64.83337015756203, 63.376385156878065, 60.74875597687194, 57.42129798857801, 48.86784137347405, 35.67754740909398, 26.90830341413397, 16.85257348982398, 90.54800062054886, 81.