{
	"dissimilarities": [[0.0, 8.426759821705732, 16.97071935862779, 26.7346511675076, 19.204289335507866, 13.129758566836598, 9.9262069271746, 43.29938751380293, 49.011577133413944, 57.339336485247934, 65.54857069693458, 73.60598162159359, 66.20592404393476, 58.188479596113396, 49.80307294297756, 15.872840200611481, 16.008990687096638, 19.97100464898734, 26.766247582316076, 33.346727741404216, 32.09202452380389, 22.1071807731825, 15.932491533397467, 10.434304621223445, 8.836425054350487, 49.01923213037946, 55.083286358835764, 61.68998107137846, 70.4268473756719, 76.2193842416708, 74.43593915024269, 68.40160219239772, 61.430241179983604, 54.43725417197038, 49.09295150385142, 20.28551158501784, 23.599605622209324, 35.54193989241466, 40.40545788376913, 50.48963266280645, 56.40266277428268, 60.88995402842169, 62.47613762293584, 58.52092634223533, 44.95271973788589, 38.068089879063635, 34.64396431113602, 66.03458003135242, 63.408339840643436, 64.64019267847418, 67.81298045346426, 70.20332480622169, 73.88495050689936, 82.75792589360931, 84.04237766592696, 82.42973832890179, 80.38720364567847, 76.30803706320671, 72.78664695683874, 67.14868591468648, 67.81345251347706, 70.95562113085766, 74.469446492212, 81.7944743116155, 75.2965749633257, 71.81405196756725, 68.7673486748346, 54.33437411039261, 59.783050857800035, 67.01242453116505, 75.59453659099401, 89.43039028026998, 100.96694428235013, 101.76226517277696, 108.38823502039192, 118.31032531424027, 121.46802914244856, 118.86885671006868, 109.82423555066875, 106.37698949055194, 98.64262087207122, 96.81399269798318], [8.426759821705732, 0.0, 9.06711710466287, 19.98487137178644, 13.389356843435351, 10.697827193845718, 12.73146408350434, 51.59634772250915, 57.42088414052338, 65.76181252443386, 73.9560736646782, 81.85823662919779, 74.51332282815223, 66.47732314088961, 58.06319686147205, 20.023963087199345, 15.4339817116458, 15.690983707892885, 20.470500099911852, 26.48382109397957, 24.886794391452476, 14.720850523935157, 10.087585614901913, 9.294430621318284, 14.728195633382759, 57.14363937650546, 63.232478876235305, 69.89785226811081, 78.6478647437047, 84.44754139380483, 82.76197311865394, 76.75505961487082, 69.78398840788246, 62.776235963676676, 57.45017438635925, 28.051445523071123, 30.288096087619508, 40.54451682702364, 43.17064493376175, 53.64558719528716, 60.246075851977885, 65.67870989249602, 68.05452860374237, 65.0514170271481, 51.88193968283335, 45.744042959578735, 42.85702393432696, 66.61090872537979, 64.93519971871056, 67.58086562028298, 71.37196374683506, 74.57580812303063, 78.77478377252356, 88.13270149413871, 88.51794178820316, 86.21111014312011, 83.41643927316181, 78.6199559379275, 74.31295818201767, 68.10506000125812, 70.1543756760004, 74.31986878636307, 78.67057446577866, 86.93681635892075, 79.44731870554482, 75.13162826193408, 71.06888158023038, 48.77806578152693, 54.41283691110526, 62.35876911212842, 72.2509461046253, 86.66816309510538, 99.39327872081252, 101.5555527201974, 110.67817621196606, 122.63486442900762, 126.68469809838227, 124.88548212604707, 116.38820518048853, 113.54466222637049, 106.17830619125407, 104.4510452148333], [16.97071935862779, 9.06711710466287, 0.0, 11.553581028269765, 8.516329186691939, 12.303750622240152, 17.611722874304856, 59.15860652910051, 65.32457338858809, 73.78130309821633, 81.81529730443312, 89.07185325770428, 81.96950074907465, 73.99633837784047, 65.49879024333643, 28.53816441678974, 21.846350967366497, 18.24439902286677, 17.763307090710924, 20.42491783904369, 17.81419309282624, 11.400841524721676, 12.797602271517663, 16.802554253576837, 23.749657147842722, 65.89821632739573, 71.89527659757535, 78.38267564950115, 86.77894832816794, 92.27307042080173, 90.69133759022695, 84.9672132810649, 78.17032772115203, 71.27504296232993, 65.95239372552831, 36.89713924779905, 37.859306683525965, 46.86822955662214, 46.11341133286919, 56.829640769020976, 64.31434937660991, 70.54076207836626, 73.1504496227075, 70.94292864074717, 59.26630231589391, 53.74779444924574, 51.52168103706433, 66.3094440570663, 65.91785801155203, 70.3205742092581, 74.6697097509156, 78.57017435545889, 83.00059570986885, 92.27565891831094, 91.97686967280785, 89.10621435126082, 85.56483881509848, 80.18183616120531, 74.95067167238595, 68.14337888625538, 71.90785629861266, 77.18992019107401, 82.23458542994055, 90.88554323966301, 82.92180878789716, 77.90851296167462, 72.73727125156918, 43.12000361197232, 46.88000926023054, 54.83681310243924, 65.90636004597208, 81.06381926314421, 95.05957095852655, 98.9486617779798, 111.3206472486466, 124.62418474754784, 129.38324245411675, 128.36185815967272, 120.51492369383575, 118.51187247696791, 111.94309963600838, 111.11090096608287], [26.7346511675076, 19.98487137178644, 11.553581028269765, 0.0, 10.120845101340404, 17.85767425463966, 23.84081300600913, 65.8123346631565, 72.55802167891191, 81.16480805393107, 88.83715348302596, 94.8651793470598, 88.1588508163026, 80.33529882399804, 71.82539505709019, 39.865383769243955, 33.21077590248804, 28.508418571419373, 24.15228356106813, 21.049782841622143, 17.004448382057472, 19.326022418836967, 23.79866977581422, 28.297733101887335, 34.5453107936013, 75.1131181154518, 80.93627733771929, 87.04693398968143, 94.78261781348631, 99.6477807578768, 98.07989958462026, 92.86536370752945, 86.39836954325506, 79.74317259028766, 74.41332853716729, 46.413332703619446, 45.51003555735818, 53.20636540801631, 47.87869026855708, 58.529470461833114, 67.04943023567942, 73.94945343142459, 76.34865800219575, 75.0210744420545, 66.0755967997454, 61.38211884556883, 60.33212467213425, 63.372167191774146, 64.64091450120263, 71.17297737322907, 76.02015232443114, 80.54111643015142, 84.94822779699629, 93.60801090182973, 92.69089778713206, 89.32886811134752, 85.01119456748974, 79.17398237263049, 72.88606563905793, 65.49182458073042, 71.32995999850152, 77.83971118020598, 83.46888821126373, 92.0303581988112, 84.01685218056836, 78.40839535594932, 72.01765528941391, 40.75157553570931, 38.2021719868537, 43.66637631968827, 55.15880133187952, 70.97996303251574, 86.16373657063764, 92.00531184554437, 108.31777158205682, 122.50329530870096, 128.0052410147146, 128.0221749148204, 121.20440816209239, 120.59427374894085, 115.7200087308871, 116.95758559432234], [19.204289335507866, 13.389356843435351, 8.516329186691939, 10.120845101340404, 0.0, 8.20194471748536, 15.116893707087971, 58.05416088060885, 64.92575460579242, 73.56445497628752, 81.39718638720348, 87.85343815507963, 80.6639746369355, 72.55902172009286, 64.12526954312705, 33.0324000809802, 28.37626103421672, 26.272933575755278, 26.131946150666355, 27.128961828732518, 23.754889087566735, 19.753057695213545, 20.373999116498585, 22.432418030114498, 27.057120030595755, 67.34220360250868, 73.36897952594067, 79.74038947430695, 87.97077901822645, 93.11390093212684, 91.18411379365111, 85.59390655930818, 78.8492204545705, 72.00727853357094, 66.55614512564442, 37.65912204636107, 35.816754691866, 43.17895197305703, 39.335461205789386, 50.06770151432051, 58.118904777745804, 64.82023808576284, 67.5663594302254, 66.24436865685863, 56.38518983254075, 52.04322454939138, 51.77546774038851, 58.01277444215778, 58.0112539520535, 63.20485056306736, 67.81125332962124, 72.09228275106618, 76.64829174459837, 85.96202054499639, 85.08902531720561, 81.88640369864396, 77.99122813220791, 72.40424314588095, 66.85991060255391, 59.90446101213196, 64.25009303611506, 70.04037914360539, 75.43873772687827, 84.40831049016478, 76.06596814544285, 70.7004211933395, 65.03514833561961, 48.783006603899125, 47.82204497271803, 51.46057203231136, 60.15990964765497, 74.03897408453211, 87.28474410769398, 90.6191118086901, 103.15788291233467, 117.47555514736786, 123.1006053579766, 123.15782201206356, 116.29669803924996, 115.61460208148061, 110.9833226719243, 112.2348253254056], [13.129758566836598, 10.697827193845718, 12.303750622240152, 17.85767425463966, 8.20194471748536, 0.0, 7.377081106738489, 50.297275160768876, 57.17685166457085, 65.80523571531145, 73.69751376440134, 80.41271176137204, 73.00051244781768, 64.78975670847495, 56.40311408539442, 27.776923575209313, 25.63403326253167, 26.203452650996528, 29.143339584895312, 32.37730129428656, 29.609862156210948, 22.810893191745755, 20.258370814113086, 19.185240975979372, 21.045537351399275, 59.69357879927858, 65.7651983572152, 72.1899052576895, 80.5892585266751, 85.83281353181577, 83.71788097208699, 77.97257029529901, 71.13235720838516, 64.24310727831605, 58.751600946946056, 29.88918590066009, 27.696676146853235, 35.8706151676825, 34.15944295838581, 44.8965504305365, 52.373068389705516, 58.45429611329443, 60.90164130288487, 58.992450754556465, 48.40894105000756, 43.849097854943786, 43.78371243306681, 56.18968859400068, 54.94316893248403, 58.5829530682079, 62.70819029179648, 66.38519999619082, 70.71331128528747, 80.06079781449617, 79.78570522677364, 77.08932573045807, 73.85665568635875, 68.82880824251583, 64.1213233509998, 57.72159628822638, 60.46119438674962, 65.27719100921249, 70.0621628360106, 78.65926567637031, 70.76274195532876, 66.01553656095953, 61.32374999047414, 54.14276410875733, 54.268348304366015, 57.531814264264916, 64.7207864143591, 77.66136984151042, 89.45561297189171, 90.97953858922689, 100.39617992382263, 113.43221146029501, 118.50935020086132, 118.03343768779408, 110.76780072464719, 109.64237955014649, 104.8144183493485, 105.93199197856954], [9.9262069271746, 12.73146408350434, 17.611722874304856, 23.84081300600913, 15.116893707087971, 7.377081106738489, 0.0, 43.00758653134001, 49.88452905343745, 58.52871055759741, 66.37989195302688, 73.09181421829187, 65.72092809580724, 57.56002774329292, 49.135427341405766, 25.10060359353474, 25.42293730377916, 27.919284962313075, 32.3921677240821, 36.50714398113643, 34.20734247782042, 26.795258587348226, 22.725546689655083, 19.243045722539716, 17.71124756701882, 52.98382354562261, 58.9403295858573, 65.19578653181466, 73.41310928867354, 78.54811486666085, 76.40969867669006, 70.75119727013931, 64.002360320761, 57.203696108315754, 51.73072434174942, 24.093051584012066, 22.264913095472913, 32.278412547135865, 32.473541357266505, 42.97187693028157, 49.90317189210586, 55.05303448324602, 56.54912163273742, 53.59267782389153, 42.904497134427075, 37.5881021645737, 37.13851517358856, 56.7664806883894, 54.65294095312419, 56.98302154091948, 60.50064268868564, 63.35167968664946, 67.10245538498043, 75.82812035728487, 76.54916726452326, 74.57967686323065, 72.083198144545, 67.7832235626761, 63.78892784789888, 57.91071601722505, 59.373728925650056, 63.220760802618415, 67.15376600381978, 74.66802902641508, 67.89876183306122, 63.99848336819155, 60.26923618752699, 57.34177394961039, 57.942886698246, 61.3367895322338, 67.74782141185354, 80.48433864922876, 91.35024716213564, 91.83859041042567, 99.22613963409107, 109.98812769323203, 114.05453298051748, 112.67259928919154, 104.78038596030939, 103.0209594544174, 97.75439268104535, 98.80629442669706], [43.29938751380293, 51.59634772250915, 59.15860652910051, 65.8123346631565, 58.05416088060885, 50.297275160768876, 43.00758653134001, 0.0, 8.340234543599239, 16.625513230848217, 23.73886839477438, 30.908272053617317, 22.974040016281396, 14.928223563395946, 6.59300014856795, 44.465845778823244, 53.199027164371856, 60.31122325364409, 68.059373190143, 74.10613361809231, 73.1230447633905, 64.83264331990937, 58.29961710430815, 50.993999893782565, 41.61989067789674, 22.699177656981078, 25.536478328345492, 28.761164146812593, 34.74001410553169, 38.649704445913144, 35.395954596800145, 30.353439221443182, 24.825106411053895, 20.130742500642295, 16.180433743168013, 28.663756532856677, 29.46610144717952, 37.07674956321867, 46.828106564472776, 50.296924340132215, 50.81820495608937, 48.16469106092907, 42.98068988980602, 32.75888529850132, 26.099652571731006, 18.60443730070947, 16.98449022254919, 72.50532248510672, 66.38506323608344, 60.71459180719643, 59.68382734918802, 56.63827470806622, 55.83086028564985, 59.067491708171836, 66.21445601522974, 69.17877399593864, 71.72419870858693, 72.38195674596882, 73.3456429831781, 71.5742768990049, 65.67830021673193, 62.81399838667818, 60.56775924120578, 59.8281647381759, 61.46647687412907, 63.6745530981555, 66.5604352149614, 90.50748095535181, 92.46389131670499, 94.8971653517144, 96.80393227816633, 106.37952462245693, 111.32475044967963, 105.5907636726107, 99.33851298725394, 96.39971013103221, 94.06959719154587, 87.0058562417692, 75.38041709846644, 69.05154873503925, 61.37955414694416, 62.519005258371585], [49.011577133413944, 57.42088414052338, 65.32457338858809, 72.55802167891191, 64.92575460579242, 57.17685166457085, 49.88452905343745, 8.340234543599239, 0.0, 8.701831798619702, 16.627935810008648, 26.10643398842142, 18.362920895137812, 11.797072531939353, 7.676864932442996, 47.99123791409821, 57.1649399728228, 64.60915820936201, 72.75698565627269, 79.30583860032813, 78.67173189131046, 70.04543333282942, 63.252799822982226, 55.77436314863083, 46.26281116633456, 17.451126780715597, 18.60135865853731, 20.737787120991044, 26.538750890513235, 30.869043176453232, 27.558291560911158, 22.09329144196729, 16.559722925639097, 12.630474039955509, 10.172933299248452, 33.129394398376284, 35.82925739411177, 43.280576917491636, 54.64481000765864, 57.6638917770007, 57.366505837779634, 53.90856007898764, 48.49685954461949, 37.829807579703264, 30.7052387594135, 23.30604222839086, 19.177704981967032, 80.42109869577781, 74.01465767158072, 67.58605599175029, 66.11272039768005, 62.47148578667044, 61.218380722419745, 63.73430573625015, 71.61116126074086, 75.14334614694047, 78.27003437960336, 79.38332268635722, 80.84080172564441, 79.39935937245698, 72.91086123544221, 69.36265540752797, 66.47693439859378, 64.80325549161903, 67.39421087171549, 70.23836527183711, 73.79558884456277, 95.00196275372647, 98.51298565302672, 102.14437348936079, 104.58803164261818, 114.4567314664757, 119.31618606135552, 113.34289265736906, 105.75479330287226, 100.93005489395112, 97.2701612042964, 88.75541290378098, 76.03661704644314, 67.75902657690838, 57.662853659487354, 56.287573811367835], [57.339336485247934, 65.76181252443386, 73.78130309821633, 81.16480805393107, 73.56445497628752, 65.80523571531145, 58.52871055759741, 16.625513230848217, 8.701831798619702, 0.0, 8.555483567761497, 20.302423865006517, 13.288883864352565, 10.66946497943074, 13.143554408480304, 55.21044954308847, 64.61978423391103, 72.23436589254764, 80.57149836448609, 87.32463391988395, 86.85137876728336, 78.1149767285049, 71.20331773292108, 63.65355118812248, 54.107186433713565, 18.439237204054834, 16.541170257902127, 15.583703583972426, 19.449501386127256, 23.411534521376314, 19.51803131331595, 14.037960927829511, 9.916964301117554, 10.170560199042184, 11.947606198327469, 40.811836903119925, 43.786544125797434, 50.20585533803961, 62.145250099679686, 64.27787845884463, 63.05199453575851, 58.58161322953247, 52.58369634446831, 41.63350276338962, 35.985401526683766, 29.86181738213696, 26.00044529235325, 87.2984486891805, 80.55805032089984, 73.24609097781243, 71.16359229507118, 66.74707694350946, 64.79271747033195, 66.15319264018858, 74.89051298153562, 79.15661544372624, 83.0218702060175, 84.8281225408751, 86.96068159142999, 86.07745232703883, 78.80721844176952, 74.38844595957256, 70.63198870337212, 67.58085609066056, 71.53990890688755, 75.24918837093826, 79.66617700130712, 102.46710372883031, 106.50540590830376, 110.33890809721647, 112.52315864528806, 122.07487934670358, 126.26154911365276, 119.56620936581606, 109.94693402280551, 102.77221716223879, 97.75280393774436, 87.94444263102812, 74.44639027134856, 64.63424416944889, 53.163279640206035, 50.49147377282946], [65.54857069693458, 73.9560736646782, 81.81529730443312, 88.83715348302596, 81.39718638720348, 73.69751376440134, 66.37989195302688, 23.73886839477438, 16.627935810008648, 8.555483567761497, 0.0, 13.132463367341904, 8.749878269750557, 12.554855764664683, 18.716685018852054, 63.707848154870064, 73.02854964693026, 80.53371908168045, 88.66152643621432, 95.15284044819533, 94.67183859164314, 86.29774924795447, 79.53058101393074, 72.05212674998329, 62.55629308032034, 25.64029229384051, 22.12611369443466, 18.19175802642323, 17.022649446462584, 18.19288796835659, 13.554852018741444, 11.105882035598299, 12.392015888164483, 16.76877274426134, 20.01147867704798, 49.30946757121356, 51.74165144360382, 57.30455592617504, 68.388145461701, 69.69863645882606, 67.95617130515241, 62.667192485011576, 55.689896224592495, 44.61717480626883, 42.10368104000762, 37.26886790016651, 34.473120273595235, 92.18631364492288, 85.3718979683354, 77.61158488371467, 74.99003386110014, 69.8653037739229, 67.01622716124314, 66.62049124914985, 76.34180319473951, 81.38664994973742, 85.90694041876758, 88.45825688347354, 91.10051009163845, 90.7379712514654, 83.0079365182746, 77.93860774574804, 73.31968380400009, 68.41734173361056, 74.16834210464678, 78.73513295817644, 83.80185251515998, 109.61185698867132, 113.02510651751604, 116.30740249959936, 117.73227602207919, 126.74164962627758, 130.03714933839603, 122.68921101738819, 111.52191235728908, 101.3482555202252, 94.78552206193851, 83.66777300083929, 69.50394404552102, 58.50946715633965, 46.642095114739114, 44.844141219512125], [73.60598162159359, 81.85823662919779, 89.07185325770428, 94.8651793470598, 87.85343815507963, 80.41271176137204, 73.09181421829187, 30.908272053617317, 26.10643398842142, 20.302423865006517, 13.132463367341904, 0.0, 9.231927911205226, 17.576987425335467, 24.72694900426666, 73.9028674792049, 82.6983649503262, 89.68537522530416, 96.99476175003909, 102.48233097120269, 101.7286044635912, 94.48071840881072, 88.2773217403118, 81.112116313838, 71.8414217174204, 38.41868935649583, 35.105035961353785, 30.60729612204321, 25.864814064998416, 22.361812061072264, 18.810341262633116, 21.698805945082647, 25.303794596808718, 29.677059349074245, 32.245668119534244, 58.96844195940172, 59.74931553842529, 64.39858444585661, 72.36941621476515, 72.76387372085128, 71.06430341953413, 65.19995019163339, 56.5451324290527, 45.67888355984097, 49.025413848086345, 45.721495472249146, 44.95774601551962, 93.1635250663098, 86.73540787083111, 79.22112127840718, 76.125243836657, 70.35534091055692, 66.20092580232189, 62.777969108401905, 73.79987940619809, 79.76496838486595, 84.8452002138328, 88.30627289007857, 91.23469723607035, 91.41653762468613, 83.73748889094206, 78.32882171709846, 72.78749710742714, 65.00094142655031, 73.4803563887663, 78.96594152861162, 84.38669573045752, 116.00555513205498, 116.82497021352661, 118.15908902969942, 117.82341652888921, 125.72322633810374, 127.5846091927898, 119.61899844448396, 107.6141593808116, 92.98814413006151, 84.40036614607978, 71.80190708678471, 57.000002275553754, 45.525857540189044, 36.06159981806346, 41.265848388076684], [66.20592404393476, 74.51332282815223, 81.96950074907465, 88.1588508163026, 80.6639746369355, 73.00051244781768, 65.72092809580724, 22.974040016281396, 18.362920895137812, 13.288883864352565, 8.749878269750557, 9.231927911205226, 0.0, 8.666005521623962, 16.633865834957124, 66.2482257539216, 75.35240473015789, 82.61845062350177, 90.35102305380138, 96.23700165865634, 95.38820410661525, 87.50317180746922, 80.99755238525051, 73.64040171065486, 64.17534418127576, 31.58565456938529, 29.31936928241629, 26.536952148836782, 25.469595721371753, 25.06848201203697, 20.617671199475225, 19.76979134468905, 20.456699220774645, 23.143443502580272, 24.869752096660893, 50.716306107788355, 51.12705219330377, 55.46182654751279, 64.49045185573642, 65.0127657902033, 63.1910610632023, 57.54640389043325, 49.60041222401343, 38.53128531735713, 39.95742925060127, 36.63276626680547, 36.5131555004305, 86.53676348478112, 79.7963523814746, 72.02552843087062, 69.13142660789654, 63.678110075910084, 60.227549718221944, 58.71609647202567, 68.89177601821486, 74.2820605466812, 79.03920203982986, 82.02379689738761, 84.8860576101438, 84.89684690563733, 77.01500156366859, 71.71327346487294, 66.65606781804105, 60.635947872706595, 67.43697834025237, 72.43506332904022, 77.73924634239333, 111.04992263788546, 112.28030139222986, 113.60714144806795, 113.52188820951108, 121.40287917309, 123.64997337976665, 115.5854281441643, 103.65491828912621, 92.61289327137212, 86.16613304530566, 75.59724797942977, 62.10562254347189, 52.764520659793874, 44.767481527484094, 48.343121810023376], [58.188479596113396, 66.47732314088961, 73.99633837784047, 80.33529882399804, 72.55902172009286, 64.78975670847495, 57.56002774329292, 14.928223563395946, 11.797072531939353, 10.66946497943074, 12.554855764664683, 17.576987425335467, 8.666005521623962, 0.0, 8.556338422522394, 58.55754689532024, 67.6995317488666, 75.02538973703582, 82.89595822652588, 88.90861676743008, 87.93908896331585, 79.75203996287227, 73.14367652034278, 65.73650195589842, 56.22238194151427, 27.022949653114832, 26.520724314238947, 26.132093817679515, 28.537260044212392, 30.31444008831791, 25.994706443291893, 22.654487977590378, 20.11928074145443, 19.840871538167015, 19.699130609163895, 42.53785875907735, 42.48069781351127, 47.00622406240716, 56.47133610051018, 57.51426914150026, 56.08148388831999, 51.088488531186954, 43.898941875825, 32.74163701482784, 32.017494408356896, 28.167420279849516, 28.701355252314357, 79.6681470470834, 72.89798066064853, 65.41038437222998, 62.963284531125, 58.11988134581105, 55.50969266446154, 55.8697027879853, 65.02995155470647, 69.65738434002893, 73.81289002551415, 76.1286517071698, 78.59043029528252, 78.19698519878803, 70.58973449083031, 65.81086248349636, 61.52787536868496, 57.393385950009296, 62.37230542748621, 66.59687628272626, 71.37674930979396, 104.6595413287992, 105.924960213589, 107.19672434217803, 107.42116596751666, 115.4829816699954, 118.3311529199024, 110.62073417852194, 99.8667148401133, 92.15572792595366, 87.61081882021526, 78.79473984266306, 66.36802481853135, 58.777358025281174, 51.783980272419605, 54.82435860075168], [49.80307294297756, 58.06319686147205, 65.49879024333643, 71.82539505709019, 64.12526954312705, 56.40311408539442, 49.135427341405766, 6.59300014856795, 7.676864932442996, 13.143554408480304, 18.716685018852054, 24.72694900426666, 16.633865834957124, 8.556338422522394, 0.0, 50.952112842714776, 59.77000618140161, 66.88611757293953, 74.55494956375037, 80.43409542373705, 79.41682974572126, 71.34660233701375, 64.87508892309674, 57.5839494054419, 48.20048535542787, 24.68476402125372, 26.022514711172207, 27.64216806577062, 32.02332364606085, 34.92770290843692, 31.268911541683604, 27.01119263778721, 22.658223662956594, 19.72940988754958, 17.349264414464464, 35.00965764894431, 35.12042566973307, 41.201867709962485, 50.36760282404892, 52.704450073925145, 52.44472197183157, 48.73038450344079, 42.39787878909645, 31.540470576901566, 28.212664058486858, 22.551085312257833, 22.373902426012275, 74.74366434251263, 68.38261146543734, 61.984803243842485, 60.31846309003194, 56.44894591517005, 54.759544226870375, 56.5804211940446, 64.71214680576867, 68.44538497018816, 71.69533124745618, 73.12047761360535, 74.71171427038803, 73.54843894987948, 66.94362043914745, 63.25982768290878, 60.07827558370319, 57.67858454350191, 60.944458252100596, 64.07666750658085, 67.77436717630225, 96.42984587171132, 97.73275546105555, 99.41644681579227, 100.40094459292446, 109.24809100521561, 113.19665691624144, 106.59905043493235, 98.52057718402538, 93.31099608047883, 89.9945746673071, 82.18927704915247, 70.22814694829707, 63.52086600339482, 56.37671122653122, 58.80583004004392], [15.872840200611481, 20.023963087199345, 28.53816441678974, 39.865383769243955, 33.0324000809802, 27.776923575209313, 25.10060359353474, 44.465845778823244, 47.99123791409821, 55.21044954308847, 63.707848154870064, 73.9028674792049, 66.2482257539216, 58.55754689532024, 50.952112842714776, 0.0, 10.677939793562192, 19.597641495332905, 30.360344944284495, 40.14821596562753, 40.334281036899, 27.804757666942937, 19.46822445966221, 12.076263638464381, 7.473125795116056, 42.373064851879874, 48.52963858400405, 55.77458000656526, 65.64640604308781, 72.6195713184563, 71.04720100422132, 64.1929518495242, 56.82913376967418, 49.666155071311444, 44.78083934804004, 17.657863575773856, 26.99037196748363, 38.80728989041112, 50.267662763986365, 59.104651214885955, 62.9981309733562, 66.27090814442728, 68.33317526274543, 63.427312417390674, 45.832137676589255, 37.85489498344037, 31.134782467276533, 77.94918152940001, 74.03935859587708, 72.98180849772268, 75.44361622550659, 77.04128747054072, 80.70607524933472, 90.16678973131683, 91.99666497299587, 90.89646674818103, 89.71170702158867, 86.12748916172208, 83.76209811619364, 78.87006392666049, 77.61781633227818, 79.30919516865261, 82.08380988981793, 89.4599285832185, 83.04725688448161, 80.3048645185316, 78.67360223945657, 60.17664390229424, 71.43283514415738, 81.63187661084224, 91.27034511257207, 105.12501241696752, 116.3658673675238, 116.14037897068012, 119.4819280506681, 128.80654445812553, 131.11261609288533, 127.25040972612837, 116.98835006774884, 111.48041385263338, 100.90757505219018, 94.99244837673166], [16.008990687096638, 15.4339817116458, 21.846350967366497, 33.21077590248804, 28.37626103421672, 25.63403326253167, 25.42293730377916, 53.199027164371856, 57.1649399728228, 64.61978423391103, 73.02854964693026, 82.6983649503262, 75.35240473015789, 67.6995317488666, 59.77000618140161, 10.677939793562192, 0.0, 8.977347435268006, 19.991295746219006, 30.257343341368394, 30.80288984144483, 18.042749135703822, 10.21253092731185, 6.483437675763839, 12.53259229495135, 52.31750955679252, 58.28213708172339, 65.26861251278052, 74.66415144623879, 81.36585665873524, 80.1095115943517, 73.60231280309203, 66.47252106862395, 59.452503232485036, 54.59690418602326, 27.129135134955078, 34.5774549464381, 45.86220627919021, 54.17271158008576, 63.86205438076018, 68.89122657348979, 73.20705237078107, 75.64337978056004, 71.41615000737596, 54.91899223236416, 47.36341532794459, 41.19056206833489, 79.89385805208322, 77.14239067010098, 77.85466069097055, 81.00686560828005, 83.41903067218408, 87.45208137444317, 97.03118496947192, 98.21847968848962, 96.50448205596122, 94.51339756499357, 90.20976227331418, 86.84061279307716, 81.20071231996994, 81.65204279767478, 84.562515864681, 88.16572511188978, 96.12028565295898, 89.06266346043425, 85.49317075434523, 82.6562625439555, 50.62581929099204, 63.35113366046323, 75.38896684362683, 86.93244543573982, 101.97652828478687, 114.80434393893877, 116.503623940091, 123.29060771201077, 133.98065739483852, 136.8265906845006, 133.43133935404896, 123.45857024389696, 118.37625651761678, 107.85489585366787, 102.05766959137048], [19.97100464898734, 15.690983707892885, 18.24439902286677, 28.508418571419373, 26.272933575755278, 26.203452650996528, 27.919284962313075, 60.31122325364409, 64.60915820936201, 72.23436589254764, 80.53371908168045, 89.68537522530416, 82.61845062350177, 75.02538973703582, 66.88611757293953, 19.597641495332905, 8.977347435268006, 0.0, 11.183238127655288, 21.82552074775704, 22.78730600066129, 10.480124097557713, 6.296186501850782, 10.906358021138818, 19.971623137128617, 60.57294620227557, 66.39156522943239, 73.1420291704325, 82.09992401987772, 88.509312865579, 87.47648281613462, 81.28888248659527, 74.36866337808539, 67.47682951007165, 62.63269351489601, 35.212909547648735, 41.49314213786109, 52.37013642370189, 58.08785444954462, 68.2718013504294, 74.14786976580193, 79.15998169524825, 81.71541329985254, 77.9491272097905, 62.5187616323022, 55.22448032925103, 49.42812237090552, 81.81737009899325, 80.06630123816619, 82.20134883649573, 85.83674067396294, 88.81084163976423, 93.02695948453287, 102.51675957504304, 103.27891905746192, 101.14445964625571, 98.55289893444021, 93.75513644410442, 89.5967438839066, 83.40500998662395, 85.24658450336578, 89.08510338510614, 93.2542449877243, 101.466914999069, 94.08831849792816, 89.95088198198467, 86.19424599998969, 42.45144625845456, 56.242517173596156, 69.8770648113884, 83.03493258768589, 99.06888010568196, 113.18846430461002, 116.5582564682662, 126.26273645476681, 137.7894239825076, 140.9910537775913, 137.95136899724488, 128.2467592692674, 123.56215680979894, 113.22251396017748, 107.76150662864886], [26.766247582316076, 20.470500099911852, 17.763307090710924, 24.15228356106813, 26.131946150666355, 29.143339584895312, 32.3921677240821, 68.059373190143, 72.75698565627269, 80.57149836448609, 88.66152643621432, 96.99476175003909, 90.35102305380138, 82.89595822652588, 74.55494956375037, 30.360344944284495, 19.991295746219006, 11.183238127655288, 0.0, 10.971820894190444, 12.823480262989335, 7.041061123032595, 13.01029240769519, 20.264117914931806, 29.47559098499435, 70.05992688951099, 75.67995857390633, 82.0689548688055, 90.36775099559965, 96.28889273900494, 95.50455204877036, 89.80012025216858, 83.1974107755361, 76.50782489319408, 71.67551652188236, 44.72232888633552, 49.849252710323945, 60.44977630182398, 63.02089538872702, 73.61308373870716, 80.45000873426574, 86.09269586461822, 88.47901683920503, 85.11175682732143, 71.30423073778516, 64.21738136052377, 58.82679923240775, 84.03672256835387, 83.5336587594721, 87.33386082587177, 91.43154425688513, 94.9190738764061, 99.16178104974776, 108.21901148097163, 108.66316511002077, 106.16887456322212, 102.95627687104846, 97.7249324857816, 92.66545029737365, 85.89242754313335, 89.37829221093682, 94.22871377019888, 98.89978441278018, 107.04938225328097, 99.64542078384568, 94.99976571871241, 90.23904470119905, 31.97626610399386, 46.425283906253796, 62.10213088227127, 77.23209732580338, 94.53797668190508, 110.16705978014336, 115.66423140714359, 129.0157397491104, 140.95696191164666, 144.38929274851978, 141.6876667028784, 132.32793278868306, 128.18444779292145, 118.2609813487755, 113.59437963049507], [33.346727741404216, 26.48382109397957, 20.42491783904369, 21.049782841622143, 27.128961828732518, 32.37730129428656, 36.50714398113643, 74.10613361809231, 79.30583860032813, 87.32463391988395, 95.15284044819533, 102.48233097120269, 96.23700165865634, 88.90861676743008, 80.43409542373705, 40.14821596562753, 30.257343341368394, 21.82552074775704, 10.971820894190444, 0.0, 4.2567245922839545, 13.915416018769296, 22.029012385131136, 29.27569670792096, 38.027275587412966, 78.3462222933455, 83.81626566268577, 89.85094779130202, 97.49465855857332, 102.84113776979882, 102.17151144287253, 96.9615968594447, 90.66624085863252, 84.17159064593965, 79.30581077627095, 52.80298759983884, 56.588280089973196, 66.78556833585108, 66.1854798659536, 76.95824026809528, 84.65828230874405, 90.80206485788527, 92.89172045923021, 89.96699565192937, 78.09666031308564, 71.36139447449992, 66.68455787425863, 84.20753532304708, 84.92230699553436, 90.28610726102879, 94.75117307081905, 98.6561116253636, 102.82290590275234, 111.28861757571043, 111.44681922823274, 108.66116800917209, 104.89895515352427, 99.36031328355386, 93.49123360662767, 86.26022618464965, 91.28357986340592, 97.03907660108766, 102.0991855475094, 110.01109623948956, 102.74505510456768, 97.70255975777509, 92.04328915238972, 23.612445456230088, 35.87654744505215, 52.874296339150604, 69.57705241166725, 87.92797668402403, 104.79087054043242, 112.24550066621738, 129.03599338483798, 141.16542091439302, 144.86594454078548, 142.66157107154444, 133.86670587857154, 130.5631855101404, 121.61046478401732, 118.41614028679055], [32.09202452380389, 24.886794391452476, 17.81419309282624, 17.004448382057472, 23.754889087566735, 29.609862156210948, 34.20734247782042, 73.1230447633905, 78.67173189131046, 86.85137876728336, 94.67183859164314, 101.7286044635912, 95.38820410661525, 87.93908896331585, 79.41682974572126, 40.334281036899, 30.80288984144483, 22.78730600066129, 12.823480262989335, 4.2567245922839545, 0.0, 13.546114366848457, 21.785373419679686, 28.9340922079386, 37.52601417059672, 78.43828638164733, 84.00801218755552, 90.08087283870194, 97.75650807333764, 103.00627174255095, 102.16138546818348, 96.94836325596495, 90.60175153471263, 84.04893534887601, 79.064036879718, 52.01601381745781, 54.89689072305223, 64.62078338499141, 63.00853452806954, 73.77468557163229, 81.6819736325843, 88.03717958432128, 90.2261564615119, 87.66030459606577, 76.36824097739122, 70.02904842644939, 66.06249325540206, 80.29242677070812, 81.22348582551878, 86.93938233482284, 91.52352744491164, 95.60711609917598, 99.85013903805184, 108.36551228766442, 108.2526829587374, 105.30264515878365, 101.36776820420388, 95.71728519469916, 89.6935098728612, 82.38939135364514, 87.7080753059151, 93.69524123007535, 98.92656770254436, 107.01292256205713, 99.54753349594662, 94.33411490771975, 88.44715780920716, 26.059776019912103, 34.60107885789963, 49.81959812434357, 65.95359768203262, 83.99299003477947, 100.73685300398628, 108.12983392000119, 125.1899022675592, 137.86561797928297, 141.98578512156493, 140.28555444232578, 131.92881046826759, 129.2211095138632, 121.12364142667529, 118.87980800816261], [22.1071807731825, 14.720850523935157, 11.400841524721676, 19.326022418836967, 19.753057695213545, 22.810893191745755, 26.795258587348226, 64.83264331990937, 70.04543333282942, 78.1149767285049, 86.29774924795447, 94.48071840881072, 87.50317180746922, 79.75203996287227, 71.34660233701375, 27.804757666942937, 18.042749135703822, 10.480124097557713, 7.041061123032595, 13.915416018769296, 13.546114366848457, 0.0, 8.540539930144345, 16.330025101338364, 25.776123992962575, 68.12724219776962, 74.0076103706312, 80.6039711830595, 89.19582658154188, 95.13169331615433, 93.97941544806838, 88.09316370053385, 81.27614909024193, 74.39289606770919, 69.32856749985193, 40.859461015929334, 44.6415426135889, 54.49459194678166, 56.44093852372968, 67.00910031074774, 73.92749686073768, 79.83746877616201, 82.59307197386043, 79.76556003511948, 66.2242397681597, 59.77907276700151, 55.557463937072576, 77.34972995575394, 76.76613320925982, 80.62973238871551, 84.84068946106022, 88.54478333681051, 93.00383770656971, 102.44143195858776, 102.44894940943273, 99.72537559245326, 96.37254949418046, 91.0150829807722, 85.96517240848385, 79.22247657339813, 82.6695826096644, 87.63286516269646, 92.51941539543107, 101.1611380153382, 93.25891896370791, 88.40258747854217, 83.53458630101741, 37.04288168768227, 47.60681590429288, 60.368385823372165, 73.9928800461366, 90.3030885247571, 105.26518083807306, 109.97891813744945, 122.59985702995463, 135.56526901609564, 139.69567041232338, 137.7547242106, 129.002928577527, 125.66057440629427, 116.96070032239511, 113.5337066212516], [15.932491533397467, 10.087585614901913, 12.797602271517663, 23.79866977581422, 20.373999116498585, 20.258370814113086, 22.725546689655083, 58.29961710430815, 63.252799822982226, 71.20331773292108, 79.53058101393074, 88.2773217403118, 80.99755238525051, 73.14367652034278, 64.87508892309674, 19.46822445966221, 10.21253092731185, 6.296186501850782, 13.01029240769519, 22.029012385131136, 21.785373419679686, 8.540539930144345, 0.0, 8.036379807346776, 17.806784103077426, 60.51079434778818, 66.53391263387944, 73.36969213443183, 82.4028462348264, 88.65734248508011, 87.31588114926411, 81.10110048202921, 74.06644519374977, 67.04265641478685, 61.95614665032445, 33.02008467519468, 37.61529789159798, 47.86525714007448, 52.351960367295526, 62.63571139968445, 68.81154616057707, 74.18610720718776, 76.9835734169515, 73.77126450621698, 59.01448502158685, 52.36238399269954, 47.88280941105421, 75.61453199150948, 73.9965235998749, 76.48850540316117, 80.30414508174105, 83.55328714769732, 87.94175900888725, 97.64200717677062, 97.98475158382146, 95.59979251286, 92.77956780342618, 87.81612547552332, 83.5063325384547, 77.24473263765498, 79.33013419208169, 83.45026489707061, 87.88645589853596, 96.4724105010333, 88.69651370935551, 84.29542711367499, 80.26503895450149, 44.39005607309754, 54.986979302334646, 66.43079017363861, 78.50389716860221, 93.84887292480364, 107.57233431628418, 110.59698310781623, 120.305781554119, 132.696453555583, 136.5424599730268, 134.25787114477535, 125.19622641959656, 121.40833946102333, 112.39038296643787, 108.43891439820962], [10.434304621223445, 9.294430621318284, 16.802554253576837, 28.297733101887335, 22.432418030114498, 19.185240975979372, 19.243045722539716, 50.993999893782565, 55.77436314863083, 63.65355118812248, 72.05212674998329, 81.112116313838, 73.64040171065486, 65.73650195589842, 57.5839494054419, 12.076263638464381, 6.483437675763839, 10.906358021138818, 20.264117914931806, 29.27569670792096, 28.9340922079386, 16.330025101338364, 8.036379807346776, 0.0, 9.844552500327273, 52.769920703580446, 58.89131139739861, 65.84948589110031, 75.1275629419822, 81.52876585294662, 80.00710377570842, 73.60352043628963, 66.441057812656, 59.335193332764746, 54.21047672613475, 25.08471741741485, 30.598875113271124, 41.63748701661929, 48.33072442184485, 58.26473954229735, 63.7676825680121, 68.46903136597004, 70.96144877123318, 67.20737509652996, 51.709292338354324, 44.70570581628812, 39.94944418227684, 73.60441472892524, 71.07239182254423, 72.28255974420354, 75.6311621313587, 78.30626100998302, 82.43496885472143, 92.05079486606994, 92.9172542328879, 90.99299584408926, 88.75862422242349, 84.30927125227035, 80.70934381692143, 74.9443106609771, 75.76151218434484, 79.02270976541635, 82.87422705762614, 91.03013531880859, 83.73770819351199, 79.92213059804915, 76.74487191286195, 50.89547892850605, 60.686704155495214, 70.82477626370076, 81.41491978658557, 95.95710003753136, 108.48746133892664, 110.03388980201672, 117.1869715439814, 128.43619500186637, 131.8080473573539, 129.09022995880474, 119.72826671750886, 115.56750346162617, 106.41035266692904, 102.34258857895398], [8.836425054350487, 14.728195633382759, 23.749657147842722, 34.5453107936013, 27.057120030595755, 21.045537351399275, 17.71124756701882, 41.61989067789674, 46.26281116633456, 54.107186433713565, 62.55629308032034, 71.8414217174204, 64.17534418127576, 56.22238194151427, 48.20048535542787, 7.473125795116056, 12.53259229495135, 19.971623137128617, 29.47559098499435, 38.027275587412966, 37.52601417059672, 25.776123992962575, 17.806784103077426, 9.844552500327273, 0.0, 43.44430262651798, 49.67081232497084, 56.69940223256466, 66.15400895191999, 72.611460132211, 70.83842172607264, 64.28423899319165, 57.010598699972384, 49.82928395782033, 44.61927342168375, 15.344116613592586, 22.473857928360477, 34.8704115826854, 44.126136971681326, 53.41637383422616, 58.044989179127036, 61.730523460975036, 63.54602388009842, 58.96216530613097, 42.884133983274246, 35.25982317979093, 30.11121614110232, 71.40903249372379, 67.83531623387098, 67.47454252822162, 70.153100820429, 71.98982742618044, 75.63058674455549, 84.86949181896489, 86.53553323673887, 85.28914639351015, 83.84402564073378, 80.1464731586861, 77.43979298404552, 72.34649720387897, 71.62554604367193, 73.76326878229419, 76.75287002371418, 84.06922024869455, 77.66952242488132, 74.71243483934093, 72.64909517447785, 58.71871245521307, 67.13250998208963, 75.63997197448258, 84.41619092980513, 97.97837316348166, 109.02619041325171, 108.87446845073866, 113.05152762712105, 122.49919327814422, 125.16073594786516, 121.8573353362684, 112.14329258122457, 107.58223063042679, 98.42210875447932, 94.55106009976059], [49.01923213037946, 57.14363937650546, 65.89821632739573, 75.1131181154518, 67.34220360250868, 59.69357879927858, 52.98382354562261, 22.699177656981078, 17.451126780715597, 18.439237204054834, 25.64029229384051, 38.41868935649583, 31.58565456938529, 27.022949653114832, 24.68476402125372, 42.373064851879874, 52.31750955679252, 60.57294620227557, 70.05992688951099, 78.3462222933455, 78.43828638164733, 68.12724219776962, 60.51079434778818, 52.769920703580446, 43.44430262651798, 0.0, 6.579513831296808, 14.279207070738732, 25.392585176667342, 33.20444584207113, 30.87783265221447, 23.053391268794012, 15.442674309258743, 8.908446017318676, 7.464170955652946, 31.09112329688686, 38.23153118288314, 46.56519551600101, 62.43618174168003, 66.25007371486693, 65.472118767646, 62.60711118501279, 59.61940374869468, 49.97169353493928, 36.00613075791169, 27.394734749240357, 17.60920725096488, 90.5730507846611, 83.8362305222733, 77.01288660278703, 75.92295948747581, 72.89611769693809, 7