{
	"dissimilarities": [[0.0, 7.321451884395681, 15.915763649774203, 25.815385292221418, 16.995570232823752, 10.650671910938625, 7.5828901159335675, 45.19441665340622, 51.21313612016991, 59.56077292452134, 67.7792733695396, 75.44463917501554, 68.11476658667372, 60.06963120897145, 51.628882391079024, 19.469968500718664, 18.85973388456669, 19.993021177727744, 24.8732959262485, 30.054471811668996, 27.804416376753913, 19.85048455390986, 15.058215152606799, 11.664413656658319, 14.204671415413767, 51.977620377925554, 58.92412219996664, 64.31791282244836, 72.87906223321552, 79.81389869058061, 77.78557013942564, 71.95821482298476, 65.06985881323727, 57.87906950914289, 51.79937030261803, 23.140880165339624, 25.559581143801907, 36.6600990738463, 39.533390981607205, 49.163292285655, 56.30478170138464, 60.73582473731361, 62.53981589688441, 58.96127703970138, 45.840402687944554, 39.30033093887721, 36.43404557242703, 64.10225566004857, 62.017453846822654, 63.95375990747758, 67.38049499138636, 70.06116436342761, 73.99725030834355, 82.42025165125814, 83.0632644545271, 82.9372912788979, 79.70789008364761, 76.22278593019507, 71.34906953298788, 64.34940916890052, 66.94286587552833, 70.57880165527605, 74.28437389654042, 81.30002834594961, 75.06957940812927, 71.35462694046441, 67.8390542744623, 54.80687147920305, 58.08740882247136, 68.53356020235637, 75.90426009554677, 89.19529294148715, 98.97943421430507, 101.12042326147234, 106.75703527716233, 116.75921546210168, 120.09142537859452, 116.3953405528348, 109.31014792397706, 106.7708856092274, 100.09796015157042, 97.58965349753963], [7.321451884395681, 0.0, 9.282370677985709, 20.24933868732569, 11.713083907401922, 8.575204400402475, 11.165185284741227, 52.472532360104175, 58.52854374172994, 66.87489536821411, 75.09854742019482, 82.7180286900609, 75.39768269894958, 67.32499808735203, 58.88524243245769, 23.18399425062752, 19.323373159606426, 17.472420783825033, 20.19445786434736, 24.591245996953976, 21.78541606855444, 14.192781967523104, 11.48932724416369, 12.302499341834977, 18.89688151027439, 58.864335038461135, 65.87981664713844, 71.3745499880118, 80.01851012422709, 86.98652024085756, 85.04338830292487, 79.18349096166997, 72.25886365657475, 65.05350894324548, 58.94707084572171, 29.591326003194894, 31.306805333972378, 40.97268439595352, 42.19444256053521, 51.94314842415301, 59.70280839675959, 64.94606570544069, 67.49104846624759, 64.75294436066764, 51.71902776275723, 45.81779082203282, 43.35392584500699, 64.90049649304541, 63.62010543184187, 66.70830808108148, 70.64870821909689, 74.02302578946325, 78.41671921110193, 87.33758841597042, 87.18006760287075, 86.37274801408748, 82.54699412409421, 78.41768670976619, 72.93896757747531, 65.50692929113148, 69.22179388121727, 73.69372027236561, 78.11429843475676, 86.01945840322021, 78.85868400779016, 74.43267066976647, 70.0846564519908, 50.45082725173196, 54.09777329766628, 65.12349998356999, 73.4977294083167, 87.18237576781219, 98.02452404646513, 101.20382932264806, 108.9172258456748, 120.79934153728439, 124.95354077426168, 121.98336950855739, 115.44562984404989, 113.32156111833906, 106.91046753397993, 104.41683926877958], [15.915763649774203, 9.282370677985709, 0.0, 11.432253857231919, 6.423146363227528, 11.239448761104743, 17.125469508652685, 60.28361716557531, 66.57822363594316, 74.97257478703854, 83.05978333945151, 90.09348747889287, 83.0615792580598, 75.06323836495262, 66.56682201494871, 31.893713276033075, 26.14934075268107, 21.367229588483156, 19.30967436438362, 19.98795966961746, 15.722570099664912, 13.350007015406396, 15.934519746068437, 20.235464083755648, 28.01564881967035, 67.7840403884958, 74.67531141117409, 80.01034837951059, 88.2931002023027, 94.83018439893706, 93.01886103860143, 87.49806356896484, 80.78281813058831, 73.6710865637934, 67.6388861436893, 38.739168159831856, 39.44554414338393, 47.898475442491126, 45.796704965005105, 55.46230611725904, 64.28650933693446, 70.22090383522739, 72.95007890037292, 70.96176378483936, 59.50925644891588, 54.19998074181249, 52.29744048215665, 64.98366116184133, 65.09832949029649, 69.92434904869424, 74.38574280619221, 78.40092144107238, 82.97689971764764, 91.84194903520063, 90.97518156336952, 89.5388054936335, 85.09610573886954, 80.3120934782614, 74.02268558061203, 66.07337768751064, 71.50076145441972, 77.0323194487947, 82.04701240516555, 90.34136481850581, 82.69260148201371, 77.65864360088362, 72.26129687960949, 44.761916898267316, 46.375822954151296, 57.44318757594644, 66.92537248638395, 81.36681988930445, 93.69591127508065, 98.51973180153863, 109.8169750840084, 122.89739933737589, 127.78477011308175, 125.64763730049054, 119.82306389356961, 118.40109493269807, 112.72053287687388, 111.18068646455384], [25.815385292221418, 20.24933868732569, 11.432253857231919, 0.0, 11.479523466833678, 19.14782032307127, 25.059247900858253, 67.5488151073103, 74.12631887547958, 82.51249403699711, 90.29632305568191, 96.31616618076117, 89.81490295590604, 82.03377495191948, 73.5458999427503, 42.920220432172464, 36.82081786355677, 30.981395227968093, 25.72476378197522, 21.668422656282665, 16.49827314734518, 21.54003009923148, 26.43048528038203, 31.333591222920155, 38.89685560134879, 77.07466643755525, 83.68183646048627, 88.6465274922015, 96.22268996143556, 101.96850010464293, 100.29672624207053, 95.40631062483536, 89.10500524048072, 82.20001844201417, 76.35105047679546, 48.800132444307124, 48.49540809979176, 56.10452637705892, 50.178080272363445, 59.43319920376915, 69.38163377706978, 75.68099977783436, 78.02386648399883, 76.59100286315447, 67.76021100338504, 62.950225833708046, 61.67003872073858, 64.68878330996577, 66.51603532850345, 73.22122889096784, 78.04912054746879, 82.47818299370353, 86.89580982660299, 95.11278401721061, 93.76639092913958, 91.89229869885206, 86.9762848800467, 81.71030860107992, 74.6300312738213, 66.27458299090443, 73.59216341428458, 80.11946481631013, 85.43731893989248, 93.4893564449828, 85.94225440556768, 80.5765259964452, 74.19442857734596, 40.444106218386445, 36.25351770576435, 46.33540382636695, 56.898576808827, 72.47419463738005, 86.53593185423614, 93.40157294653993, 109.21310967730449, 122.46601167250275, 127.8535208120525, 126.54646027812868, 121.54315825528265, 121.03041038966784, 116.50575234775299, 116.71501967143139], [16.995570232823752, 11.713083907401922, 6.423146363227528, 11.479523466833678, 0.0, 8.297911864147263, 15.28779899338377, 59.23029767901063, 65.9278619118604, 74.36574808484751, 82.3271564582681, 88.9647653373714, 81.84539598249408, 73.74276022414666, 65.31151464851173, 34.74774749598842, 30.578779845973838, 26.93438581271786, 25.705423134100187, 25.99089738653495, 21.352648104374175, 19.565574028548692, 21.053315066395363, 23.853418370103473, 30.170481188328928, 68.53389460111647, 75.43296859464265, 80.6422923710911, 88.84235010020903, 95.20483500464488, 93.05018776162638, 87.67271882316797, 80.97850053835467, 73.80832428986336, 67.78674334855093, 38.9833109797432, 37.66770033712253, 44.86025023701638, 40.57463932649056, 50.11550014527163, 59.40618801153126, 65.63650371259617, 68.50322518877365, 67.17970169000303, 57.019556353948616, 52.60893291712629, 52.18496835111467, 58.65827178272297, 59.034989522293785, 64.37843698131886, 69.01390554245168, 73.2949419659768, 77.98028851640512, 86.9671751323239, 85.6384994485363, 83.90785592694131, 79.2571395483548, 74.30022065012409, 67.8411187846836, 59.81403801958363, 65.62258977817669, 71.48661500789672, 76.73382383943212, 85.34352985721941, 77.33699559579321, 72.06756049187416, 66.34918063988381, 49.46339390241837, 47.29369547364878, 55.379368414668676, 63.09965448940452, 76.45653730394032, 88.02427077964265, 92.37430635717503, 103.59080002536538, 117.48377044458941, 123.03322212934957, 121.68110572198835, 116.74776583567319, 116.19881682196926, 111.9055522029015, 111.89623636077731], [10.650671910938625, 8.575204400402475, 11.239448761104743, 19.14782032307127, 8.297911864147263, 0.0, 7.390410304647636, 51.41068098813667, 58.115129677943706, 66.54606260240065, 74.55931803202482, 81.47740955618605, 74.1163755257772, 65.9144732668562, 57.52286243471794, 29.043750053904294, 27.227719514808797, 26.021990069795756, 27.89706159901564, 30.542263231686828, 26.708503197393487, 21.636107004415813, 19.933123752461025, 19.785125714913566, 23.846881284713728, 60.793712694318884, 67.7425774070231, 72.97640198496974, 81.35469687660215, 87.93196950996149, 85.55455877536238, 80.00956710681982, 73.19745253457732, 65.9542242745613, 59.90117640400116, 31.08319514670903, 29.45551547608116, 37.39357102688446, 35.12234235341958, 44.868148389596435, 53.46295250099277, 59.123141745482926, 61.727238149785755, 59.85298987676369, 48.94393081201479, 44.31875354435688, 44.09825294544903, 56.54280761460232, 55.64427168061813, 59.50443058935356, 63.695005334007675, 67.42048195931153, 71.91545909003959, 80.90527327921143, 80.17293877494737, 79.0053518188539, 74.90022833725375, 70.54715852786838, 64.80165236507315, 57.23107521286498, 61.520809663277895, 66.48179152560425, 71.19226326046221, 79.42250058681235, 71.87241811308337, 67.1498223730391, 62.332756817194394, 54.956336851923474, 53.75179390073796, 61.354249743074796, 67.67362992156654, 80.11938850102982, 90.07410176118474, 92.7634147838501, 100.67085227518871, 113.39948248826072, 118.38112084183577, 116.44522015770995, 111.09903599165158, 110.19808532553255, 105.73505622863775, 105.53343324783278], [7.5828901159335675, 11.165185284741227, 17.125469508652685, 25.059247900858253, 15.28779899338377, 7.390410304647636, 0.0, 44.06971253691861, 50.75706210574186, 59.19166632095988, 67.19460753978568, 74.14721438961713, 66.80024751339371, 58.631061156301385, 50.2113746358937, 25.683858873324972, 26.26247534547279, 27.11927462539802, 30.816353676268793, 34.53709161463543, 31.376138834927954, 25.210449187815694, 21.658353681270743, 18.886724713100204, 19.93877872069315, 53.929552038892794, 60.761294110960065, 65.86303919084928, 74.10684881926589, 80.61737529522044, 78.1917588480098, 72.70543994964385, 65.9615439266885, 58.76303996996852, 52.763474416615935, 24.999413482077973, 23.807574824211077, 33.4197723435455, 33.09588640348478, 42.77878180852132, 50.689586912225366, 55.4250272357912, 57.15984400828045, 54.27266187351524, 43.253717469008805, 37.90274655784014, 37.31011236695072, 56.8152326118453, 54.99411158206206, 57.51977948998686, 61.1246663621504, 64.05220771998646, 68.0242248842144, 76.4444224822799, 76.65723347810231, 76.2832694251296, 72.85735343671928, 69.23813449414791, 64.17472442022294, 57.091461297420196, 60.09616167210606, 64.09971961489708, 67.98970999443952, 75.18996265670904, 68.71920192999102, 64.81230619918945, 60.9482989152405, 58.364927811381236, 57.60293152960929, 65.21036867067914, 70.80514247984654, 83.04014337049972, 91.99988386663945, 93.67393106674734, 99.41724580508179, 109.94664378795675, 113.94655223357137, 111.12523986722424, 105.07876260571908, 103.64949798855432, 98.77871402229192, 98.4580252623336], [45.19441665340622, 52.472532360104175, 60.28361716557531, 67.5488151073103, 59.23029767901063, 51.41068098813667, 44.06971253691861, 0.0, 7.648647097704077, 15.659029259786987, 23.26428931767375, 30.895537539848355, 22.963794011784593, 14.93621251447247, 6.584487263307903, 43.61508175523358, 52.729036842456026, 59.32312108323632, 66.80900626854955, 72.63448156006937, 71.34141697327267, 63.69664359215633, 57.29526123709657, 50.022695723375776, 41.15973202582744, 22.68399133460582, 25.821646227686433, 28.06171063653214, 34.08833515581032, 39.75811038289212, 35.916437727367914, 31.12275384992013, 25.49963145314536, 19.693540301184804, 16.23031722807047, 28.716619872402063, 29.847378935131676, 37.44269404653103, 46.939481954365384, 50.76592342614559, 51.04962193435019, 47.931052741860505, 42.85167525924963, 32.53685837550284, 26.81716656297645, 19.535902071469465, 17.779237654102776, 71.9357417600954, 65.8447625310741, 60.1830964560716, 59.171662541723045, 56.10171904241871, 55.476523955141985, 58.16862511942369, 65.03883594968643, 69.95538414711653, 71.48490098019303, 72.94312420016934, 72.88269608866844, 70.10758140165537, 65.3259104598104, 62.54322576377648, 60.225673169624784, 58.86362952251876, 61.12865776764382, 63.369500730084184, 66.19333495906561, 92.24198299776202, 92.3990125054333, 98.25338849638437, 99.6050851414881, 108.87826501322718, 111.68374206347985, 107.3978109915407, 99.16941903008923, 95.713073974367, 93.06839355850241, 84.3900545848345, 73.83851850544046, 68.55130615832468, 61.48559537806611, 61.14924445983026], [51.21313612016991, 58.52854374172994, 66.57822363594316, 74.12631887547958, 65.9278619118604, 58.115129677943706, 50.75706210574186, 7.648647097704077, 0.0, 8.438449046021194, 16.601828894501775, 25.73640276222903, 17.875965964479374, 11.071655485725385, 6.5199341357039025, 47.43584713013615, 56.842054438178515, 63.84405235862837, 71.66384837438304, 77.83312012854469, 76.91728700291408, 69.00821994581284, 62.39575119041579, 54.96431019375196, 45.77182724379635, 18.47483374417353, 19.736419352752563, 20.96189610566878, 26.55873600275621, 32.575208523095895, 28.620061298462097, 23.489202067489032, 17.98365610784306, 12.88214163244734, 11.24970062570609, 33.35093119514719, 35.91485307359155, 43.22136465067225, 54.06781611869357, 57.481373870912044, 56.83464801320336, 52.96287064257907, 47.51541914763654, 36.75460599180459, 31.079977638072023, 24.071161188808194, 20.50286166961473, 79.00377655234882, 72.61452914268503, 66.21184406299264, 64.7341202654263, 61.047658276795, 59.90097369382172, 61.70637971396308, 69.41063150559809, 74.90901086589977, 77.0205154422971, 78.98781395936373, 79.43727107016838, 77.05279214345536, 71.6162757712505, 68.1389732607797, 65.17427141585866, 62.72429079592183, 66.09116300057919, 68.98172816818682, 72.48426641070151, 96.90286901886454, 98.3825589365088, 105.0123841457884, 106.66986072689001, 116.11702820384382, 118.73730262068018, 114.13991620216959, 104.5288407229969, 99.13663297606227, 95.17893881345216, 85.17303996500668, 73.32128037884408, 66.49589636966982, 57.4977246092142, 55.137536613228235], [59.56077292452134, 66.87489536821411, 74.97257478703854, 82.51249403699711, 74.36574808484751, 66.54606260240065, 59.19166632095988, 15.659029259786987, 8.438449046021194, 0.0, 8.449870202454354, 19.070404409200716, 11.507162333428214, 8.45525436694515, 11.438662323886872, 54.83256339701483, 64.39799961967911, 71.6035925366583, 79.56535209490576, 85.84645294125204, 85.08186402847166, 77.11075847520934, 70.4147610308818, 62.91808327037033, 53.58022175693421, 20.197415085643332, 18.303459796123295, 16.95499673881384, 20.245384242409894, 25.729413292826933, 21.01932606814995, 16.248399248068562, 12.281493062562424, 10.7446176257107, 13.42235750005922, 41.058113507091754, 43.60517035644586, 49.79568455030289, 60.991829082976885, 63.56436914890588, 61.8630601900082, 56.99162260993147, 50.81120259231802, 39.75338649800132, 36.10468881684767, 30.458467206705166, 27.415680793424645, 85.0818089408653, 78.35657181088588, 71.07898722503117, 68.9574930833126, 64.45280642682984, 62.51069508801998, 62.983171174190055, 71.67070607207562, 77.90906815509062, 80.79970445997543, 83.49727454409933, 84.66990906556684, 82.93354350496004, 76.63500505819673, 72.2628494850992, 68.38773619156878, 64.38670933318276, 69.28915129225827, 73.0879034117984, 77.47242554290362, 104.402716076306, 106.10828594732477, 112.6013782860386, 113.8504798821495, 122.88906864514428, 124.72418852125885, 119.37216115111357, 107.69769751532219, 99.83644701776048, 94.4857244214748, 83.25312695390978, 70.41860734903719, 62.41222166941731, 52.504466272871724, 49.50998920052434], [67.7792733695396, 75.09854742019482, 83.05978333945151, 90.29632305568191, 82.3271564582681, 74.55931803202482, 67.19460753978568, 23.26428931767375, 16.601828894501775, 8.449870202454354, 0.0, 11.864573771912333, 6.568184342601921, 11.071690312903671, 17.838919535160894, 63.22517395851023, 72.75317622781688, 79.9201589672241, 87.76666164669663, 93.89125578679727, 93.13309615751932, 85.38409551138132, 78.77089618885819, 71.31827392576072, 62.017098408602926, 26.811294360806844, 22.978400971700314, 19.294965900635173, 18.08060785878597, 20.885736402050114, 15.206472859468038, 13.196985928053003, 13.692297518902697, 16.43212577709278, 20.88248028086544, 49.47688096697586, 51.55573668963727, 56.81425529437734, 67.34572870786094, 69.1062691616796, 66.74486763259642, 61.02559708861305, 53.92818754858585, 42.79863521987188, 42.23083314835611, 37.86240811532917, 35.726369527119246, 90.02815339607376, 83.1910586408624, 75.37349903251501, 72.67897617338998, 67.4275733361593, 64.58070517375613, 63.36148524867848, 73.02962350611368, 79.99980663528301, 83.63506011033421, 87.04128559024394, 88.83788675562371, 87.72083591417429, 80.8284315756272, 75.73796324325562, 70.95653309330869, 65.14935496544743, 71.8016975249084, 76.50100759308609, 81.60243440191196, 111.7317965006956, 112.84040999593451, 118.71877309783402, 119.27740253879375, 127.77115863930254, 128.7203588760743, 122.66917289280127, 109.37800971712241, 98.57312773235759, 91.71528689169666, 79.27223273300973, 65.55481758970107, 56.582822280487335, 46.473958229970194, 44.46018746259253], [75.44463917501554, 82.7180286900609, 90.09348747889287, 96.31616618076117, 88.9647653373714, 81.47740955618605, 74.14721438961713, 30.895537539848355, 25.73640276222903, 19.070404409200716, 11.864573771912333, 0.0, 9.403574124574174, 17.56492085741109, 24.749974600842624, 72.97337640199038, 82.06354685890618, 88.71256400159797, 95.8803571583956, 101.258224203697, 100.27806640332966, 93.42551137604723, 87.27748292447103, 80.13194062915191, 71.25222032037678, 38.364509619081375, 34.32838211167264, 29.9248590456285, 25.043357103462967, 22.350858977332596, 17.522149420226448, 21.069005657479067, 24.617257483796585, 28.07805553965027, 32.249130799064616, 58.98963574858643, 60.00946899494134, 64.6378485177078, 72.48913430640485, 73.44645271015092, 71.25218036925754, 64.94181848792827, 56.36835530545762, 45.379421831858124, 50.045297181857364, 46.799398822950856, 45.94871415998699, 92.3561072223879, 85.95791078157883, 78.36139550777264, 75.22963053409852, 69.33835297987471, 65.26592580594999, 61.364004558262245, 72.17525912967909, 79.94112205328462, 84.26695423964505, 88.35689364694952, 90.54134583516534, 89.98153232102631, 83.12903284263284, 77.70552014026343, 71.96614504811652, 63.56728622392438, 72.66054023730867, 78.30183928352936, 83.7600078958963, 117.61128333564072, 116.44254039688826, 120.73393190192809, 120.03036551502903, 127.75849277310888, 127.6569794681511, 121.1415066188158, 107.54400457418743, 92.24417026004471, 83.34392640730121, 69.39479027412885, 54.553020897147874, 44.8828163656953, 36.273205932273946, 40.227438011864024], [68.11476658667372, 75.39768269894958, 83.0615792580598, 89.81490295590604, 81.84539598249408, 74.1163755257772, 66.80024751339371, 22.963794011784593, 17.875965964479374, 11.507162333428214, 6.568184342601921, 9.403574124574174, 0.0, 8.591007476090684, 16.629418595159184, 65.2621927962784, 74.70145059600047, 81.59819359079728, 89.15697252362482, 94.90923200232663, 93.80429124785105, 86.39717275985114, 79.97364846161476, 72.62337811234265, 63.496403420529745, 31.42007065593396, 28.598450976270495, 25.561161113757745, 24.453536715471035, 25.808424001483818, 20.183674386369223, 19.62905756493118, 19.960130335580327, 21.41661479359033, 24.761523301572726, 50.667867819344394, 51.26043785224346, 55.569935487968, 64.52300999107472, 65.66674732122374, 63.2608131034756, 57.20934262794574, 49.3780855833387, 38.230432244245044, 40.822534761728356, 37.594337834758164, 37.40530936672811, 85.78011495765384, 79.0135988284265, 71.16594019206396, 68.25062031781047, 62.7180700719053, 59.404227218081736, 57.39735437636826, 67.37870575448657, 74.59892458307348, 78.47417604093286, 82.16094389254015, 84.18260238673338, 83.39576182856746, 76.35689341441541, 71.0701209476995, 65.90349823124335, 59.280395034264714, 66.69493578368977, 71.7674337476719, 77.07309320858444, 112.82005145471395, 112.12158703404043, 116.59194112200878, 116.09587708282795, 123.75116042662182, 123.89494860559519, 117.3267217764478, 103.5078806317146, 92.01517445702576, 85.25262314278662, 73.18696271531607, 60.187700652066724, 52.426703418174775, 45.19759930021161, 47.30909269711023], [60.06963120897145, 67.32499808735203, 75.06323836495262, 82.03377495191948, 73.74276022414666, 65.9144732668562, 58.631061156301385, 14.93621251447247, 11.071655485725385, 8.45525436694515, 11.071690312903671, 17.56492085741109, 8.591007476090684, 0.0, 8.534453003534555, 57.64276283294781, 67.13620248654388, 74.01090350063191, 81.64791115554999, 87.48613880167238, 86.22227230629022, 78.61591763315133, 72.13098632103019, 64.7454602567373, 55.618306219371156, 26.990852814885343, 26.2240508482024, 25.20037087291195, 27.59417062142151, 31.29878487309752, 26.05384301277662, 23.055014064108004, 20.212225694050712, 18.453781505216593, 19.713960130276842, 42.5604647303716, 42.695312169163984, 47.25144054132731, 56.535399833491354, 58.196276132183115, 56.25698489824271, 50.8658420391149, 43.77302548965427, 32.54030248337051, 33.00708812388227, 29.257888713324974, 29.658940993717323, 78.97239308639811, 72.19395940797601, 64.69090887269213, 62.246981810016415, 57.35792972826604, 54.906383111479116, 54.71296439809001, 63.675061377377695, 70.183746110491, 73.3690745793442, 76.4310825876718, 77.95428374833644, 76.68602897487929, 70.0237802680589, 65.31084229768315, 60.960198121062916, 56.18681910996946, 61.81366758638968, 66.07185313298199, 70.80218569797766, 106.37478389173269, 105.69096830251141, 110.246013135612, 110.02804777838247, 117.84825609160873, 118.53681207129455, 112.37062600209003, 99.67904824232276, 91.4986336744075, 86.59311329869892, 76.14915720154947, 64.55111786023022, 58.2778443769442, 51.94804204378842, 53.54977557163273], [51.628882391079024, 58.88524243245769, 66.56682201494871, 73.5458999427503, 65.31151464851173, 57.52286243471794, 50.2113746358937, 6.584487263307903, 6.5199341357039025, 11.438662323886872, 17.838919535160894, 24.749974600842624, 16.629418595159184, 8.534453003534555, 0.0, 50.050963498564876, 59.26548115129269, 65.8970660206358, 73.34231992509608, 79.05677017215629, 77.72718961782277, 70.23453226802421, 63.871575048453856, 56.60159555501093, 47.6964230664059, 24.581479187292203, 25.97582098312846, 26.776626661801313, 31.23551646891893, 35.962827399169136, 31.564476152993336, 27.596003370923874, 23.052147259349702, 18.733418365415478, 17.3061491661369, 35.00321068911361, 35.39034823595577, 41.45150621086648, 50.44797096207118, 53.231093168718395, 52.60783164954458, 48.420285102533065, 42.20610397598541, 31.243638573280563, 28.98375570983481, 23.494631476316645, 23.177439225738937, 74.10083437107905, 67.74526940812115, 61.313536603722426, 59.650721524409185, 55.73368929830579, 54.224462738606725, 55.54363259085315, 63.40432458846371, 69.07130021743912, 71.34209898803373, 73.53382728303346, 74.160854660945, 72.06142067634654, 66.47892140110137, 62.85020913371333, 59.57846729026333, 56.58005389452676, 60.45202801248829, 63.63506341422967, 67.29713627087764, 98.19378111766079, 97.62040481285933, 102.67094495874628, 103.17005827018258, 111.73786579348231, 113.54038982373167, 108.41514078068174, 98.3619217558874, 92.66716801872874, 89.04138801134023, 79.63298158682328, 68.67697235174175, 63.11849352642801, 56.59806877411727, 57.54991919846961], [19.469968500718664, 23.18399425062752, 31.893713276033075, 42.920220432172464, 34.74774749598842, 29.043750053904294, 25.683858873324972, 43.61508175523358, 47.43584713013615, 54.83256339701483, 63.22517395851023, 72.97337640199038, 65.2621927962784, 57.64276283294781, 50.050963498564876, 0.0, 10.753282847990466, 19.308763701046704, 29.44610942636359, 38.34636487913162, 38.51369803803571, 27.319917473778226, 19.405613054092772, 12.022593732246964, 5.930451530320774, 41.323846053753535, 48.51115175252258, 54.69402790760489, 64.52557217813221, 73.05023622162972, 71.35443344557791, 64.28827629700228, 56.851059104791126, 49.78072063667806, 43.76179220087078, 16.878993518768297, 26.591300054449444, 38.599741795546706, 50.13720718253286, 58.77099944833711, 62.78025028123817, 65.75032618564832, 67.80198790950219, 62.81713036240212, 44.56021706407878, 36.33463836610801, 29.229681427214548, 78.06264204127075, 74.04746374681426, 72.9459669879769, 75.3784119134539, 76.94617058303214, 80.68941349263847, 89.36669295765543, 91.15623624985037, 91.93228639166897, 89.71614347840374, 87.1982319812894, 83.72901734152619, 77.73384600217202, 77.58871774946135, 79.30331944721439, 82.07245649759074, 88.63327051807168, 83.04718334507392, 80.29905074523181, 78.64611830685642, 63.09879595343583, 73.70085773113644, 87.04172915781439, 95.29697817786156, 108.55126054450493, 117.57143104503358, 118.29408556407846, 119.03463479252275, 127.83435026026622, 129.73367598551545, 124.15838771445108, 115.11427758265783, 110.23911446641148, 100.20795208534729, 92.66728149502846], [18.85973388456669, 19.323373159606426, 26.14934075268107, 36.82081786355677, 30.578779845973838, 27.227719514808797, 26.26247534547279, 52.729036842456026, 56.842054438178515, 64.39799961967911, 72.75317622781688, 82.06354685890618, 74.70145059600047, 67.13620248654388, 59.26548115129269, 10.753282847990466, 0.0, 8.820494506790704, 19.210577664601367, 28.57069266313593, 29.378868199744765, 18.102510612518998, 10.917016150543791, 7.570863181753187, 12.59985987511139, 51.23321773754904, 58.17571017429849, 64.19594557135669, 73.58011899539893, 81.68736929015398, 80.4196396268645, 73.68177881942074, 66.51367039494072, 59.61601309677938, 53.69255220683783, 26.69764511665791, 34.789612544330424, 46.22451055895153, 54.894557659162636, 64.12046706873622, 69.41884653283286, 73.34114581963446, 75.78447291728861, 71.3996645558636, 54.077661806632534, 46.247320111553904, 39.56090190864011, 81.02104262475999, 78.15194070212875, 78.69708118709478, 81.7782774224495, 84.09851189662967, 88.19178069637292, 97.06504558108216, 98.2129986623236, 98.36602775743765, 95.46590139321187, 92.20050566866064, 87.84357870226592, 81.14850522026781, 82.63094924258613, 85.46753178079098, 88.97333400100332, 96.14524032145867, 89.88398865713229, 86.39392031938462, 83.63417802838748, 53.658908797545614, 66.51487687060704, 81.73053192148393, 91.85505969974511, 106.33641081790422, 117.13908108243011, 119.60729022491354, 123.84811764921785, 133.87711791394668, 136.29406104523423, 131.15944786456728, 122.30669254669696, 117.63482987485564, 107.41468386600873, 99.75919945394213], [19.993021177727744, 17.472420783825033, 21.367229588483156, 30.981395227968093, 26.93438581271786, 26.021990069795756, 27.11927462539802, 59.32312108323632, 63.84405235862837, 71.6035925366583, 79.9201589672241, 88.71256400159797, 81.59819359079728, 74.01090350063191, 65.8970660206358, 19.308763701046704, 8.820494506790704, 0.0, 10.47635649661637, 20.016177527156085, 21.176393978093888, 10.31957766856968, 6.291944073966568, 10.760154313885788, 19.703102179516073, 59.36036901858878, 66.18216863144116, 72.0272589867617, 81.01282296047685, 88.66938535988123, 87.59118507437977, 81.1987592005418, 74.23631583897804, 67.39309761016557, 61.48898047403461, 34.099618436692175, 40.799400455853075, 51.72109772816033, 57.67037096631124, 67.21765207865808, 73.60448582516874, 78.23191805719604, 80.85562429789272, 77.00280967814845, 60.846124353509666, 53.397416631502196, 47.35344594715185, 81.83032092215578, 79.99310141990792, 81.95402429916224, 85.53311913904952, 88.43289787979735, 92.737493837586, 101.65399599766737, 102.25958516584305, 101.91016714049417, 98.46710748311725, 94.62410336339407, 89.54871644816296, 82.3336433300131, 85.20143769800153, 88.95954590425485, 93.01292406018888, 100.5760160833884, 93.85510744001695, 89.8085932197188, 86.14084291136123, 45.75052528330207, 59.44779594826353, 75.74708852686652, 87.16992677609534, 102.49287790849716, 114.64575813184959, 118.53633174074454, 125.79214854453348, 136.7384038063568, 139.67055765825083, 135.08191282966328, 126.63470706227275, 122.41535237251456, 112.56196330843336, 105.56492674974854], [24.8732959262485, 20.19445786434736, 19.30967436438362, 25.72476378197522, 25.705423134100187, 27.89706159901564, 30.816353676268793, 66.80900626854955, 71.66384837438304, 79.56535209490576, 87.76666164669663, 95.8803571583956, 89.15697252362482, 81.64791115554999, 73.34231992509608, 29.44610942636359, 19.210577664601367, 10.47635649661637, 0.0, 9.742454289640579, 12.005661389395382, 6.791435344307858, 12.111119693637704, 19.446078063531342, 28.99782577414167, 68.47394256831825, 75.0936682756351, 80.67903353724597, 89.10366091637731, 96.1485759602201, 95.3232892584684, 89.40374794454301, 82.74910111554719, 76.03215345383563, 70.2086199534296, 43.11129714740943, 48.725723460259346, 59.2565640298241, 62.23977382374195, 71.96167842909081, 79.46919188038541, 84.65737888023757, 87.20392201019169, 83.754115599473, 69.15109879103164, 61.96175425651746, 56.364795870945294, 83.81333522882422, 83.20012256962194, 86.69047340289706, 90.71217352753031, 94.09778418318379, 98.46141887908034, 107.14301247114163, 107.32672578249401, 106.55731975357658, 102.62192292895797, 98.253547207135, 92.43718274115854, 84.72370752453268, 89.11739829701261, 93.795939188894, 98.27845289383664, 105.94046237506986, 99.0337475317844, 94.54223467383062, 89.96709150076427, 36.01366301737497, 50.69171982568161, 68.53010316644007, 81.64658607657968, 98.1124788365632, 111.91167771838866, 117.57145318896238, 128.4731589277401, 139.85971753311634, 143.14552433288566, 139.0282599269966, 130.93610422294196, 127.15622035265955, 117.67274007849178, 111.49397668968221], [30.054471811668996, 24.591245996953976, 19.98795966961746, 21.668422656282665, 25.99089738653495, 30.542263231686828, 34.53709161463543, 72.63448156006937, 77.83312012854469, 85.84645294125204, 93.89125578679727, 101.258224203697, 94.90923200232663, 87.48613880167238, 79.05677017215629, 38.34636487913162, 28.57069266313593, 20.016177527156085, 9.742454289640579, 0.0, 5.308645579833993, 12.69353961307854, 20.20055495532861, 27.63816723602944, 37.1231622756723, 76.1686887457436, 82.61388869800781, 87.92267703498739, 95.79614056678018, 102.2073582254925, 101.51826452369436, 96.09095251220742, 89.73506775904832, 83.1226295937656, 77.37887577085094, 50.66066659226664, 55.21800472543756, 65.369678977619, 65.5873931818702, 75.303551938678, 83.76953374269058, 89.3414469424686, 91.66837582313498, 88.57798644264855, 75.69952225898858, 68.80521401537081, 63.778149554500594, 84.4901960495641, 85.01353802079609, 89.84892676905952, 94.19694897097972, 97.93604934328981, 102.24946001454391, 110.55501623325861, 110.40337733160848, 109.31206760978199, 104.99882775656617, 100.2407747363165, 93.81657312722882, 85.74502551760841, 91.47716201807454, 96.91837015821504, 101.6822456708348, 109.25502559037871, 102.34663763781039, 97.55595983033038, 92.22973039042442, 27.824298719463982, 41.71412133754809, 60.65135769361455, 75.15078205616096, 92.58252494925539, 107.76631103530536, 115.00634620207843, 129.25014023934776, 140.7523860806135, 144.34151250389274, 140.73595428675767, 133.11921873073942, 129.91559862738413, 121.12435552215082, 116.19080105579084], [27.804416376753913, 21.78541606855444, 15.722570099664912, 16.49827314734518, 21.352648104374175, 26.708503197393487, 31.376138834927954, 71.34141697327267, 76.91728700291408, 85.08186402847166, 93.13309615751932, 100.27806640332966, 93.80429124785105, 86.22227230629022, 77.72718961782277, 38.51369803803571, 29.378868199744765, 21.176393978093888, 12.005661389395382, 5.308645579833993, 0.0, 11.952827541220238, 19.7261835400561, 27.08098574476867, 36.5528270419034, 76.24829356925471, 82.82130497005487, 88.11975637106585, 96.0404450460284, 102.3886897715918, 101.42361871658619, 96.04482101557058, 89.62154706911689, 82.86636937825124, 77.03188669732873, 49.57623206385638, 52.99118055293703, 62.54987713198717, 61.51624217707077, 71.1755192043599, 79.96283909136369, 85.78366299983684, 88.25049623867677, 85.6089384634049, 73.42654501258872, 67.03211192819117, 62.91900923742531, 79.5576825802753, 80.34354623757862, 85.59674792309556, 90.09299297411201, 94.05314573466431, 98.47199979015441, 106.89490668397312, 106.38503234989372, 105.04853457596357, 100.55089741673741, 95.62723328363721, 89.04169987902726, 80.89443080265738, 86.97393267854069, 92.69210106492284, 97.65889667848195, 105.49895614661109, 98.2928070927205, 93.2972898954294, 87.70026699502576, 30.355729332057074, 39.8568926167448, 57.08394534021544, 70.83438588934887, 87.80434482763462, 102.75154827844644, 109.89500471488168, 124.42619932613236, 136.63182252721845, 140.7501003651353, 137.7534981282441, 130.7980688352703, 128.25675855614344, 120.49375905666524, 116.75654355917915], [19.85048455390986, 14.192781967523104, 13.350007015406396, 21.54003009923148, 19.565574028548692, 21.636107004415813, 25.210449187815694, 63.69664359215633, 69.00821994581284, 77.11075847520934, 85.38409551138132, 93.42551137604723, 86.39717275985114, 78.61591763315133, 70.23453226802421, 27.319917473778226, 18.102510612518998, 10.31957766856968, 6.791435344307858, 12.69353961307854, 11.952827541220238, 0.0, 8.048384298695549, 15.90922155255124, 25.824061853762295, 66.78588456153649, 73.65663783370971, 79.31653763180665, 87.97921860278073, 95.12319340924918, 93.8696684190402, 87.86722577502879, 81.01854196370327, 74.05300504847897, 68.06001151460538, 39.51173540051182, 43.74021300939992, 53.58276959726179, 55.81471598993072, 65.5166675038547, 73.16812687590844, 78.62418161571979, 81.49183337270445, 78.57037630492803, 64.27906713885885, 57.710309039325246, 53.29968134540733, 77.24686789706078, 76.58661134561731, 80.19830366438445, 84.33872995997486, 87.94285846525501, 92.5039580046377, 101.52251783483864, 101.29665268937488, 100.27397083121035, 96.18916662034964, 91.70168565094167, 85.85757920710684, 78.15171659988764, 82.5653956336097, 87.38901744753352, 92.09222038165754, 100.21091400034331, 92.83832509803065, 88.13091117779011, 83.41594357467378, 40.33703515636554, 50.95584649848476, 66.52481833597263, 78.27988918718904, 93.78940243140615, 106.82854926276528, 111.86603092908396, 122.08715834252497, 134.45970171158189, 138.3885133706326, 134.95130263792063, 127.6169568581098, 124.56743310642308, 116.27764780478502, 111.37604090818748], [15.058215152606799, 11.48932724416369, 15.934519746068437, 26.43048528038203, 21.053315066395363, 19.933123752461025, 21.658353681270743, 57.29526123709657, 62.39575119041579, 70.4147610308818, 78.77089618885819, 87.27748292447103, 79.97364846161476, 72.13098632103019, 63.871575048453856, 19.405613054092772, 10.917016150543791, 6.291944073966568, 12.111119693637704, 20.20055495532861, 19.7261835400561, 8.048384298695549, 0.0, 8.025859887069045, 18.036024648289764, 59.40773886561124, 66.41929836469708, 72.24029208231013, 81.27043823920972, 88.81608160664386, 87.36993011597023, 81.05540177092182, 73.99937206634141, 66.93858257245994, 60.88306737316133, 31.989191675211956, 37.007232330826945, 47.3618510390066, 51.97078917680528, 61.579365585470896, 68.37126944672625, 73.33543335444749, 76.16491840608059, 72.8453838907103, 57.41316358497174, 50.58137203234154, 45.86736718678623, 75.63850338483593, 73.97124637961659, 76.32353131218913, 80.08431289841313, 83.25179725691146, 87.71445683339655, 96.83917351158078, 97.02718659159274, 96.40188381525078, 92.74967326507033, 88.72683419209487, 83.49342661175783, 76.1959908446651, 79.35400755409007, 83.40788431480095, 87.71092664225365, 95.64200263330235, 88.52576609227059, 84.22979574049361, 80.27568446978265, 47.19824447624257, 57.50624560107838, 72.03786902855454, 82.47401882830438, 97.13686014288393, 108.85175686517444, 112.48373685884488, 119.82055188724856, 131.57927333977514, 135.1293315089558, 131.24967135432547, 123.58453756878933, 120.1717751860075, 111.59721069464673, 106.16215837828851], [11.664413656658319, 12.302499341834977, 20.235464083755648, 31.333591222920155, 23.853418370103473, 19.785125714913566, 18.886724713100204, 50.022695723375776, 54.96431019375196, 62.91808327037033, 71.31827392576072, 80.13194062915191, 72.62337811234265, 64.7454602567373, 56.60159555501093, 12.022593732246964, 7.570863181753187, 10.760154313885788, 19.446078063531342, 27.63816723602944, 27.08098574476867, 15.90922155255124, 8.025859887069045, 0.0, 10.017378446779578, 51.68172795651842, 58.801422768405786, 64.7020757994347, 73.97193693110923, 81.77397818149934, 80.11216432482175, 73.59959404779886, 66.39958362351395, 59.253834387031304, 53.14848954024397, 24.07310692737508, 30.048166699261824, 41.230987069164605, 48.05335758882275, 57.458137770700965, 63.40815219334537, 67.71037703538926, 70.22387543172367, 66.36455900214018, 50.183893951335314, 42.967024822309675, 37.936108908729096, 73.66402508680751, 71.06038822407409, 72.15329467020105, 75.45202229593743, 78.05740598440256, 82.26498715910961, 91.24613912191145, 91.98742472487362, 91.87446523580711, 88.74080374723388, 85.2808067180636, 80.69270320969994, 73.85947233250893, 75.77166272290133, 78.99178501318615, 82.74455710609338, 90.19715746133183, 83.61522384489423, 79.87456653207477, 76.74615548074298, 53.77409475316986, 63.01056940154649, 76.38663803293164, 85.47594365434271, 99.35490352784488, 109.75314787080448, 112.05586121367365, 116.72473582447543, 127.3773734492511, 130.41345141824024, 126.04763349788138, 118.06092454695467, 114.34698369656228, 105.65679573476079, 100.06033520953305], [14.204671415413767, 18.89688151027439, 28.01564881967035, 38.89685560134879, 30.170481188328928, 23.846881284713728, 19.93877872069315, 41.15973202582744, 45.77182724379635, 53.58022175693421, 62.017098408602926, 71.25222032037678, 63.496403420529745, 55.618306219371156, 47.6964230664059, 5.930451530320774, 12.59985987511139, 19.703102179516073, 28.99782577414167, 37.1231622756723, 36.5528270419034, 25.824061853762295, 18.036024648289764, 10.017378446779578, 0.0, 42.02156725982839, 49.2744432646631, 55.26516153063492, 64.83711331236884, 72.96744984964874, 71.0203391676192, 64.25112015438405, 56.87078074330949, 49.62533298058959, 43.465978547007246, 14.40796249135269, 22.61116117348092, 35.023882556667914, 44.992883131505685, 53.843412923018995, 58.482264040626895, 61.701790066193134, 63.62512117631109, 58.903824918520414, 41.76146722558154, 33.827530690783156, 28.05046087555944, 72.61926915342484, 68.84399808564007, 68.20482009763681, 70.79273326475017, 72.53188567659777, 76.28676653445316, 84.914895980112, 86.49671230470472, 87.1409105217436, 84.77193884555948, 82.13466614961605, 78.4638493569061, 72.33827653564838, 72.56858479114679, 74.58463584345009, 77.48216828761191, 84.09909881118207, 78.42136214018508, 75.53838575435849, 73.59837279417738, 62.18533532670021, 70.33583493222, 82.45137918472449, 90.00769026136048, 102.93707032296288, 111.7278650435766, 112.4236793158102, 113.72949792970158, 122.67845808424059, 124.92815884188605, 119.84580866917986, 111.37489045355439, 107.20064073602018, 98.30203720275225, 92.4597752117671], [51.977620377925554, 58.864335038461135, 67.7840403884958, 77.07466643755525, 68.53389460111647, 60.793712694318884, 53.929552038892794, 22.68399133460582, 18.47483374417353, 20.197415085643332, 26.811294360806844, 38.364509619081375, 31.42007065593396, 26.990852814885343, 24.581479187292203, 41.323846053753535, 51.23321773754904, 59.36036901858878, 68.47394256831825, 76.1686887457436, 76.24829356925471, 66.78588456153649, 59.40773886561124, 51.68172795651842, 42.02156725982839, 0.0, 7.587598494030177, 14.008241103610722, 25.00618663150817, 34.96859285481413, 32.45117655652141, 24.262990708688697, 16.4764857189465, 10.441329189027895, 7.4079579486839, 31.082752562971976, 38.195234377279505, 46.677690444083865, 62.353509680862594, 66.80409642339363, 65.53369749616348, 62.56662775930441, 59.64159689999982, 50.051055858492425, 36.46842297709137, 27.95185755327601, 18.391462040055814, 90.15141577406621, 83.3574875464449, 76.65915069034462, 75