{
	"dissimilarities": [[0.0, 7.5664654819705, 14.803878321468742, 24.346831494601126, 18.199222122939297, 11.304565321287017, 7.563248976479685, 42.911324334352685, 48.85602990810149, 57.23908589783122, 65.45769177263897, 73.24424215834853, 65.81830739881353, 57.7567178895687, 49.36677390008947, 22.375433431195336, 22.722792728284325, 25.003833095614183, 29.82204805317787, 33.94005342657677, 29.818334711036712, 24.413543330132864, 19.608448988453553, 15.361729522212725, 16.975035342430306, 49.523742148193385, 56.423669829146085, 63.75508971763776, 73.00147996194937, 79.59695064871626, 77.23515714641402, 71.05968681912884, 63.932703320546835, 56.424344755315154, 50.56507420677404, 18.92121626170432, 26.787639989422807, 36.251198214029586, 38.91483951873007, 48.516953564770475, 54.50385698476721, 58.99119326201818, 59.85766296649002, 57.35628845897026, 45.82808908629787, 38.111946049659416, 34.11898798988072, 67.0105195941671, 60.86427142744317, 61.863644883834496, 65.60197732862459, 68.28257689200835, 72.8732799225292, 82.38386191122873, 86.15781594483323, 85.27730856874743, 83.17927129779005, 79.55174588129829, 74.70355557368079, 67.34609518951062, 64.04536402132511, 68.28232512578899, 73.90628595316433, 80.74700854324541, 78.64343800958208, 73.0055561794318, 70.79222744449712, 55.64964543028035, 53.99236880664431, 62.429671070312345, 70.88156071035483, 84.9251615903581, 94.58405957628952, 97.80712044821375, 107.09882922756273, 113.625965340009, 121.00741628023376, 113.108011169263, 105.06000033404672, 102.331067635661, 95.0179334568201, 94.69219457179457], [7.5664654819705, 0.0, 8.068732914169548, 19.344006440722513, 14.872030696349439, 11.575552883777345, 12.67585083677376, 50.38185258219696, 56.096882410957214, 64.39762038500582, 72.68773165417973, 80.61220473963654, 73.27730046338057, 65.22888064868306, 56.85742429171195, 23.89484010600299, 20.604813972017414, 20.5936066033495, 24.040515415712303, 27.52254010585807, 23.068797796865397, 18.06146999577299, 14.48077845695714, 13.229565419992792, 19.124105507162135, 55.452904334136385, 62.47616457881765, 69.84853731190474, 79.22551320794891, 86.08287138154749, 83.903405627905, 77.60344962885422, 70.38861997360509, 62.90424103857887, 56.94927929373496, 25.158613359752938, 32.50205232015719, 41.0199346504878, 43.0157923906198, 52.89447405464776, 59.18537567091069, 64.37774029020133, 65.97516693531712, 64.17750274189466, 52.06765682729394, 44.88422840929518, 40.96111887907227, 69.69879408444314, 64.23560385612195, 66.18313871721148, 70.45596722378843, 73.74033413104893, 78.75370602519148, 88.60666352603904, 91.74073638209613, 90.31155923061647, 87.67937980866354, 83.42322092074197, 77.89397199749017, 70.55404559283028, 67.98331112038498, 73.09742838495762, 79.61885617649429, 86.76263555543756, 84.22400314075516, 77.72959121457657, 74.70507292634267, 50.29144861807704, 49.74739732934655, 59.806022242697004, 69.8855385041667, 84.79181174888244, 95.61835132254605, 99.99158686102056, 111.1843074832752, 119.34601993950702, 127.297825258815, 119.9213974070454, 112.14564434245125, 109.57170509181324, 102.01075434275667, 101.05964990635319], [14.803878321468742, 8.068732914169548, 0.0, 12.064430407502254, 10.503277495678146, 12.802885237943245, 17.28959019149931, 57.55231434541038, 63.603090895272466, 71.97890600023605, 80.12621338061592, 87.70045791130296, 80.43746712295537, 72.38897054952545, 63.970895600717455, 31.0445906059161, 25.643940576854625, 23.072322383284497, 23.46158129123887, 24.364336203634213, 19.149849611251494, 17.10588750838035, 16.943125838229292, 19.120375302580076, 26.665983849729045, 63.490613499089285, 70.46614142247117, 77.75015283057661, 86.92546043427554, 93.54070089124508, 91.41478304186998, 85.32101834474642, 78.2501479197617, 70.82953746411275, 64.93014461256857, 32.922677919967384, 38.82337572669281, 45.85822776448303, 45.550661267086376, 55.463452925607164, 62.54448140210468, 68.50605894495905, 70.51914886167131, 69.55492468430619, 58.29087310643784, 51.85707379345157, 48.73949518772948, 69.12288117779539, 65.00725640636105, 68.45404892606112, 73.32810707110339, 77.28307973760987, 82.53488672142075, 92.26960143631113, 94.64489431305994, 92.61181866913975, 89.34312557335028, 84.35035575149944, 77.88208348300792, 70.56747750419446, 69.31964161127414, 75.61423524093966, 83.02941459160789, 90.15449710885215, 87.12587205953395, 79.71146913925327, 75.60153199041629, 45.59327985587134, 43.45736371029142, 53.66253717389966, 64.77602835257964, 80.32789052887516, 92.3398747134609, 98.09718540144375, 112.0118348223584, 121.68448204142533, 130.2552317389095, 123.8506205355474, 116.79772273807941, 115.04015218566826, 108.16662290320406, 107.82225132432718], [24.346831494601126, 19.344006440722513, 12.064430407502254, 0.0, 10.842184784545134, 18.275352700016988, 23.849474524093363, 64.81357375452131, 71.53011591481201, 80.0163521549432, 87.68236337551927, 94.2940944103664, 87.34931010221865, 79.4648522691045, 71.02578098694646, 42.86931652867483, 37.057806393359044, 33.16862019386266, 30.670759450299578, 27.823518459994343, 22.550440403759563, 25.115491622815785, 27.604114372974077, 30.881715817965897, 38.395198293009265, 73.58699187479284, 80.2684786992334, 87.21990929589913, 95.69786178099166, 101.45483198662787, 99.33661039358537, 93.89674942706425, 87.32420225357615, 80.1258411187266, 74.50734502592505, 42.92911024005554, 47.26494929714143, 52.62653789916979, 48.39401441706933, 57.83582470731408, 66.21084696492902, 72.8053270471972, 74.62733124892935, 74.40868587794776, 65.78316650052284, 60.08670314016307, 58.002359169654184, 65.98261830164223, 64.40501230447218, 70.06561581018894, 75.50092751084914, 80.0543881182801, 85.12815492124919, 93.8447123598399, 95.47371280182841, 92.89979772165444, 88.9495412571364, 83.15659790675748, 75.37599983908102, 68.11696365430313, 69.1868317851006, 76.9580471365894, 84.99771971420672, 91.44685265666931, 87.99729479260115, 79.80248633896147, 74.27795624078242, 41.8914748918105, 33.59118035003263, 41.892406813085174, 53.8070334832429, 70.24898123296505, 84.03617687534191, 91.89807183204641, 110.0473898034102, 120.48449136039714, 129.27920985009314, 124.28233325753125, 118.33962934985225, 118.00121326327083, 112.65721054348737, 114.11525071748567], [18.199222122939297, 14.872030696349439, 10.503277495678146, 10.842184784545134, 0.0, 8.821012253696628, 15.996490556506764, 57.58738607923727, 64.6698107518606, 73.22873997084615, 81.10509572606418, 87.94897561199858, 80.19181792265317, 71.97523816770303, 63.66283456672689, 38.12830372197239, 34.80926462350499, 33.27331866931425, 33.84807963102322, 33.809012081709604, 28.384895021653083, 27.494635930010055, 27.01887521146582, 27.674802526145783, 33.03636060030362, 67.24650650413939, 74.15991291698263, 81.51146081390687, 90.54100612335596, 96.56022034911672, 94.0364689393644, 88.2591239045853, 81.31716301606231, 73.76505695628931, 67.9638496776092, 34.99779796395109, 37.318661204801266, 41.910779855170546, 38.16909167869301, 47.831732509448216, 55.803565468892664, 62.424961696308664, 64.71421421479141, 64.95823437540317, 55.63681489448077, 50.73991228868861, 50.17338435827372, 59.034499551456314, 55.72102975575697, 60.359137995527654, 65.6870511071656, 70.22436335342454, 75.63380379932714, 85.27287286604412, 86.7612310753185, 84.18152092685932, 80.43326392037815, 74.97509247472651, 68.00776209910701, 60.73556548014863, 60.34235080458872, 67.54085929638252, 75.71734807535823, 82.85318959889561, 79.2987244266855, 71.10085668365797, 66.23912217267721, 51.858462669640986, 43.91835844471913, 48.913054831185725, 57.23023386794223, 71.41389148412475, 82.3735043317109, 87.80396116878882, 102.47399384792206, 113.59896497641684, 123.46999322782094, 118.43814570159604, 112.85514095581208, 112.86117694157697, 108.38607470293705, 110.5332577182431], [11.304565321287017, 11.575552883777345, 12.802885237943245, 18.275352700016988, 8.821012253696628, 0.0, 7.663515365165909, 49.00948752185869, 56.066631785719125, 64.61880205677569, 72.58284611900093, 79.63314046674782, 71.67930743107755, 63.39226181252226, 55.09913118876516, 32.31493761554088, 31.45382177893119, 32.038429677488466, 34.895309960694185, 36.875767461404024, 31.7980940286554, 28.618830911066617, 25.832633168562626, 23.893774417032674, 26.844782828946204, 58.91050560991108, 65.80924343351663, 73.22578491147212, 82.37711861144749, 88.48002121883397, 85.81655487077653, 79.92057076644987, 72.88959709304265, 65.26421430402887, 59.45953992425925, 26.528096533670503, 29.072735101886046, 34.92318886231927, 33.18524793305667, 43.02683497645581, 50.3393837511698, 56.19992377774502, 57.99309489681194, 57.43439130801399, 47.54494559977936, 42.08818529881022, 41.417636765555585, 58.15699463624133, 53.16871677215704, 56.0916605464581, 60.77806126773608, 64.60331999469969, 69.76693597264287, 79.56202713492333, 81.88293062063012, 79.97471308620366, 76.94225648773995, 72.33132652514104, 66.46055588267299, 59.10665268629397, 57.11858745686212, 63.008587803778376, 70.23111724546952, 77.41066325651938, 74.36680832023256, 67.16567148923829, 63.55325359874371, 56.749156212959164, 50.37739054128474, 55.30528619797152, 62.263266737904274, 75.52350899845739, 84.9156878369187, 88.59424210302126, 100.03393254205041, 109.441017381176, 118.7354142132981, 112.73585324039736, 106.5164421720128, 105.89061108642422, 101.07999340911081, 103.07825284454044], [7.563248976479685, 12.67585083677376, 17.28959019149931, 23.849474524093363, 15.996490556506764, 7.663515365165909, 0.0, 41.71729174540194, 48.67958234939916, 57.237151834571904, 65.13548134328475, 72.18839190076079, 64.45099896284133, 56.2731945360952, 47.90127003460545, 28.992019098423636, 30.19750178770843, 32.24078678552969, 36.30069462373535, 39.310821474168286, 34.71892267814435, 30.532563846089733, 26.541607104000093, 22.769184594752506, 23.41673259164692, 52.13301486928878, 58.820303451059836, 66.05326530120371, 74.96218583130067, 80.89117139437774, 78.22978989545207, 72.45752589050093, 65.58368973245499, 58.0765833858832, 52.422986978714775, 20.75557825092293, 25.050336092268882, 32.85426151787197, 32.81333755775352, 42.34202718452024, 49.11087565756084, 53.908536641983765, 54.6219249858946, 52.73498515162316, 43.1602380465498, 36.471405434109755, 34.732162879411526, 59.70527914554759, 53.967970077957695, 55.57742711092562, 59.500069916799944, 62.4185433147457, 66.95772450529672, 76.19756271940888, 79.61114729814408, 78.53928581120658, 76.26098664818788, 72.4857830328833, 67.43024163961199, 60.02591906282025, 57.16742306349105, 61.833283526427486, 67.7101609755049, 74.39254189081132, 72.05783156491778, 66.13128155192389, 63.60443150430071, 59.09526135592686, 53.78880981670006, 59.1204979758426, 65.61914887937381, 78.67649245239242, 87.50896848242962, 90.34849389698749, 99.91296222547201, 106.76971460749347, 114.76646913730649, 107.68607770612985, 100.58243717752673, 99.1354483417028, 93.67169545209055, 95.4564827286304], [42.911324334352685, 50.38185258219696, 57.55231434541038, 64.81357375452131, 57.58738607923727, 49.00948752185869, 41.71729174540194, 0.0, 8.926952405331509, 16.871171358221517, 24.015154838553258, 31.29091544882449, 22.925298716256897, 14.967853293980871, 6.578558510927299, 44.08880958824528, 53.74009186883124, 60.38712268454547, 67.65058045386742, 73.42582162370996, 70.55606060981457, 64.21184213753598, 57.83613171055291, 50.42530190038643, 42.112175678984755, 25.630158023820865, 28.273762394468356, 33.194022874295264, 39.96182219773593, 44.12308098427764, 40.28335661837788, 35.37849257534154, 29.915825241734197, 23.918870670352145, 21.415298709122577, 29.08299395018094, 31.041379577966715, 38.83578131672784, 46.22446439782352, 49.44510981824499, 50.04185753259419, 47.245991348459796, 41.85549467520513, 32.07581161071082, 29.010578286646286, 19.826725592579805, 15.742823403635324, 73.81426715968671, 64.59030583153017, 58.562726083097346, 57.305145287070495, 54.399916231241804, 54.61104790842129, 60.11312701376042, 69.0211591664824, 72.65346325826732, 74.93302117290555, 76.33519192672502, 76.9522047079155, 71.05166406482428, 63.41409120153476, 60.07360636918527, 57.262494911189755, 60.726256010921574, 62.80170893041449, 65.01078266818904, 69.17960910132281, 91.92603061958765, 89.12127289244619, 92.72904259827315, 94.64968934465854, 103.64448833422429, 106.74801870136727, 103.33353143733305, 99.12067604963731, 93.3616094918165, 95.36267220889275, 82.54043612624373, 71.25020510002655, 65.26919320085047, 57.990710288071654, 60.5885312832451], [48.85602990810149, 56.096882410957214, 63.603090895272466, 71.53011591481201, 64.6698107518606, 56.066631785719125, 48.67958234939916, 8.926952405331509, 0.0, 8.579623097203628, 16.838681387954278, 26.001274448986013, 18.67899108505687, 12.54634364291326, 8.404647364200594, 46.419850840269675, 56.55623224563465, 63.60620271899734, 71.20573867209609, 77.51130239602632, 75.13495494444199, 68.41252282282565, 61.84886742288539, 54.3246305957768, 45.47381766921455, 19.871689248782477, 20.64599652946365, 24.644196889937458, 31.238002881369127, 35.91903771368867, 32.05019131855198, 26.59623616895906, 21.052023312326323, 15.617215243950056, 14.698209203904026, 33.98520539665875, 37.35579007362381, 45.568446465128794, 54.48214215835042, 57.52159164214705, 57.249454266487, 53.749694757066926, 48.273767032147106, 37.986722047340244, 34.17454252236171, 25.219574668438344, 18.724172725275476, 82.48926936204141, 72.94939424682475, 66.22906792329584, 64.50509728882729, 61.02298701247768, 60.80937535215397, 65.79349505462719, 75.30394946814702, 79.48220097984401, 82.27618270540727, 84.18962982606439, 85.32853638341884, 79.60125032880673, 71.55123201145646, 67.46337303567672, 63.767822323119944, 66.82408107345226, 69.4960970402426, 72.59699073449053, 77.35931412380948, 96.10459953039978, 95.26668609711186, 100.22511134832754, 102.87795043048528, 112.23335339714401, 115.4695522599643, 111.85475658765836, 106.27380357133534, 98.80803223590902, 99.29909986538465, 85.08569789438374, 72.36206094906143, 64.09301430956597, 54.06945059264736, 53.93222290645563], [57.23908589783122, 64.39762038500582, 71.97890600023605, 80.0163521549432, 73.22873997084615, 64.61880205677569, 57.237151834571904, 16.871171358221517, 8.579623097203628, 0.0, 9.047017921798428, 19.605784894061266, 13.620961738365763, 11.485541177014953, 13.435929946550107, 53.29450503246488, 63.64100430762008, 70.86854174508397, 78.59582610520391, 85.10819621301489, 82.96408371080462, 76.11947503664337, 69.49869606942195, 61.95390590742221, 52.881029407492335, 21.230123115048464, 18.90211636947707, 20.27068804032081, 25.026020607877754, 29.027309566087602, 24.732945612389862, 19.566838699948594, 15.371949262496836, 12.887367970333663, 15.557663084344417, 41.9560125686715, 44.95357109336055, 52.46882763150418, 61.80900845124055, 64.07094129746346, 62.91527523754526, 58.45196989040423, 52.44400129150011, 41.67304615780839, 39.3536016318611, 31.75882511306552, 26.117549141805515, 89.08412187655817, 79.33793508296506, 71.82460801413745, 69.404398577411, 65.12759873869192, 64.14325360165888, 68.1155706660178, 78.30145805960863, 83.19613939563342, 86.68435559380494, 89.3553058287931, 91.28317918497466, 85.90510504244591, 77.44982547240754, 72.34188140188274, 67.3375977647943, 69.62838351570151, 73.04721754874174, 77.41578631027667, 83.01251189637391, 103.44223627851026, 103.21487278048745, 108.25817613396477, 110.62499108005876, 119.57567547841668, 122.18013784849052, 117.81945980668321, 110.15819031763135, 100.47343169585687, 99.49906431489148, 84.10159150717587, 70.39181957131895, 60.467371922360925, 49.150373270575486, 48.00282861631536], [65.45769177263897, 72.68773165417973, 80.12621338061592, 87.68236337551927, 81.10509572606418, 72.58284611900093, 65.13548134328475, 24.015154838553258, 16.838681387954278, 9.047017921798428, 0.0, 11.158734564450354, 9.446191483844798, 13.757041081833329, 19.171423121419597, 62.09329599672951, 72.25618155341405, 79.32384028434186, 86.81503048039586, 93.10210304121868, 91.017273318328, 84.42860976784915, 77.98736760041827, 70.57442855367881, 61.69261227680886, 28.848192890840856, 24.705474069549222, 22.959764540083356, 23.246583598511243, 23.954271829696744, 19.19174396985175, 17.049896416235732, 17.251096440797873, 18.92291639008385, 23.393968603941037, 50.74934864533468, 53.26444238687833, 60.00764111284704, 68.4318903016063, 69.85364381143044, 68.41706959413325, 63.18012842666316, 56.209696181332994, 44.99961132690294, 45.984431215660074, 39.55311481715617, 35.02117004027101, 93.70123855132793, 84.34371740911516, 76.55919537742076, 73.51896664165294, 68.49588166300836, 66.4194110143621, 68.48952197551425, 79.4797254150233, 85.18899765403866, 89.35735693120094, 92.75888696750164, 95.26899373666814, 90.23649091364373, 81.92562154024357, 76.0697456895477, 69.59792006404048, 70.50077543709823, 74.77704940980365, 80.55599431405487, 86.79372473451264, 110.31402426292676, 109.59690994219078, 113.96170572218635, 115.56075823401532, 123.86159809712595, 125.81254216359459, 120.87685125790449, 111.85534376758673, 99.03361125811305, 95.95799592203875, 79.39108768231732, 64.65728998790021, 53.269638064367776, 41.37967965666244, 41.43488985804542], [73.24424215834853, 80.61220473963654, 87.70045791130296, 94.2940944103664, 87.94897561199858, 79.63314046674782, 72.18839190076079, 31.29091544882449, 26.001274448986013, 19.605784894061266, 11.158734564450354, 0.0, 11.15484520848232, 19.23186875351194, 25.720208214361428, 71.96273074145617, 81.75289245407807, 88.45706496056387, 95.48966346765505, 101.2280426937474, 99.00842717955656, 92.94222573148488, 86.8240803371447, 79.62357745365944, 71.17213699025523, 39.896871185447786, 35.50509848998864, 32.551609789702354, 29.340616494066836, 25.522841591972238, 21.168761200075313, 23.617722951962556, 26.95279660240358, 29.88158000803162, 34.44445734115479, 59.70250915866882, 61.38803849885095, 67.12217764835617, 73.63601908398746, 74.06547888823764, 72.74625935473533, 66.91401988299215, 58.757115866686874, 47.36573513232995, 52.80399113623891, 47.531537290953175, 44.48048032069684, 95.62492382581198, 87.15225415794062, 79.50895396909708, 75.91141950950885, 70.22073144338796, 66.81786144280737, 66.22217931382067, 78.02050746093528, 84.58377386754537, 89.40332370709598, 93.5180036000054, 96.48817710622899, 91.87733075094222, 84.15835930620312, 77.76625562087604, 69.74275844970333, 68.73044290279354, 73.92345895268242, 81.20958007773666, 87.9315991847167, 116.81498949438333, 114.49884360643557, 117.31298988640488, 117.54079171502094, 124.76592643681953, 125.83077644893729, 120.33303076600303, 110.41443415175826, 93.78969035361561, 88.18336645516285, 70.54610840944453, 54.859812821952524, 42.42701831609831, 31.7617935007482, 37.181730623255774], [65.81830739881353, 73.27730046338057, 80.43746712295537, 87.34931010221865, 80.19181792265317, 71.67930743107755, 64.45099896284133, 22.925298716256897, 18.67899108505687, 13.620961738365763, 9.446191483844798, 11.15484520848232, 0.0, 8.760450287492647, 16.629816174312392, 64.94167882883094, 75.15308709790321, 82.13450400644422, 89.559441751912, 95.51684802872958, 92.94491220589428, 86.55726736779106, 80.1203847904325, 72.62447488231926, 63.82359462976936, 34.56481742194203, 31.86580177695708, 31.578447374274266, 32.613187716739766, 32.4359855842104, 27.623496903544616, 26.341244247435352, 25.925868643254308, 25.873712247795407, 28.911257544823975, 51.26230440938477, 51.4395789966719, 56.476353145667126, 63.624296431910246, 63.93073378331227, 62.15586164778415, 56.33787480858026, 48.64979609105507, 37.31601632091246, 41.737859511107956, 37.07678366318892, 35.75407943394367, 86.97062927469531, 77.66081581652571, 69.52467372044902, 66.01323753394871, 60.53454334286715, 57.86161126730822, 59.290761749063776, 70.44895820029886, 76.44284801720401, 80.93921349051062, 84.79365675843488, 87.8729678910151, 83.22569473316437, 74.76799651831939, 68.29034304028097, 61.01507786500134, 61.43995357262667, 65.99713079774921, 72.46950572957624, 79.2268412555631, 112.82767310533832, 109.8826769624343, 112.18029276153804, 112.08327923961077, 118.99821667169452, 119.49380721941401, 113.49064732247056, 102.99255601315993, 89.88858924020782, 87.65294801454249, 71.7235219541641, 58.211410978632955, 49.10334872228755, 42.09159163403681, 47.457447043984246], [57.7567178895687, 65.22888064868306, 72.38897054952545, 79.4648522691045, 71.97523816770303, 63.39226181252226, 56.2731945360952, 14.967853293980871, 12.54634364291326, 11.485541177014953, 13.757041081833329, 19.23186875351194, 8.760450287492647, 0.0, 8.48716242761254, 57.506271774135406, 67.74386015182219, 74.74196002313423, 82.26131031804034, 88.23970400061012, 85.46681253446022, 78.98747712094408, 72.45882566691355, 64.88630703372807, 56.072480660766246, 30.282977847312853, 29.522085883305518, 31.583225250602716, 35.53687096564623, 37.53393659512198, 32.874257355376365, 29.579217280665322, 26.525209227587272, 23.693484674766058, 24.76593149491529, 42.961253640663344, 42.697770669453, 47.94337699258463, 55.4446101289028, 56.31281445636701, 54.860508962932144, 49.688559465542674, 42.64256674846451, 31.455638596589978, 33.78929881018348, 28.471431273676163, 27.704618547884866, 80.35970720936918, 70.70196492354984, 62.80613602231174, 59.83880334007324, 55.02995355841516, 53.36593046603249, 56.691203452471775, 67.06329838322709, 72.25603857862878, 76.08857975566788, 79.25483214076006, 81.79887510621825, 76.83014083306337, 68.23102841816252, 62.4241137706885, 56.51023087746191, 58.3024504103128, 61.990357570473506, 67.11011115350969, 73.29217871587413, 106.40953008758618, 103.22513935687529, 105.57827554183716, 105.78477002866548, 113.03854537075924, 113.91577498447698, 108.32677191853813, 99.14044395346546, 89.19887855187909, 89.26820023818621, 74.76543957597255, 62.58157320010972, 55.357878675587344, 49.18112426042468, 53.850359275761136], [49.36677390008947, 56.85742429171195, 63.970895600717455, 71.02578098694646, 63.66283456672689, 55.09913118876516, 47.90127003460545, 6.578558510927299, 8.404647364200594, 13.435929946550107, 19.171423121419597, 25.720208214361428, 16.629816174312392, 8.48716242761254, 0.0, 50.19552956509925, 60.08728271197458, 66.8564563964193, 74.19035532289519, 79.99166161847153, 77.12903970231508, 70.78186714467492, 64.36872049603893, 56.90367973174892, 48.40523220778263, 27.556929911988547, 28.684237935679395, 32.42602053029886, 38.01579649504802, 41.19032558646199, 36.96506357584178, 32.75608685358296, 28.253869315768185, 23.457373972821294, 22.531797140379304, 35.204388558115006, 35.83460099681741, 42.276031716726784, 49.515276758796496, 51.564931209535615, 51.27656161696373, 47.3569187455847, 41.040085492079484, 30.390124893727712, 30.22660225822851, 22.877756385028775, 20.876065741674555, 75.74217885773292, 66.34952949870126, 59.47755443218046, 57.42514210345996, 53.63160031619421, 52.962821318370004, 57.46881381322208, 67.08685078050448, 71.43365585190163, 74.41253034439755, 76.61507531707888, 78.09524983089953, 72.60266024117438, 64.54505968136617, 60.07477066244512, 55.82048102863194, 58.510489288812835, 61.31387920980066, 64.85762755790583, 69.95262813137575, 98.22207712670588, 95.00186088004628, 97.82719604129363, 98.8097152943919, 106.92358015466193, 108.95366072085785, 104.52880406005009, 98.14778237331791, 90.48927696090404, 91.68626232362946, 78.18697639948309, 66.57222969481252, 60.247643389169376, 53.66757821096575, 57.49937851614834], [22.375433431195336, 23.89484010600299, 31.0445906059161, 42.86931652867483, 38.12830372197239, 32.31493761554088, 28.992019098423636, 44.08880958824528, 46.419850840269675, 53.29450503246488, 62.09329599672951, 71.96273074145617, 64.94167882883094, 57.506271774135406, 50.19552956509925, 0.0, 11.557177818136266, 19.970874368507175, 29.389598149439056, 37.85660112336134, 36.345220809754906, 27.52450727474657, 19.984224551154966, 12.787155809247103, 5.6349644137469035, 38.025557184782, 45.31104327547474, 52.98759528336905, 63.61181919680625, 72.43657554303869, 70.59987254984382, 62.97347141415059, 54.9496859775267, 47.58436546490442, 41.38617123343625, 19.054677290847568, 31.214606436565973, 42.805779299244605, 52.924657304761126, 61.67951762545059, 64.52868156346665, 67.31394028289866, 68.50640497597101, 64.50629079144392, 48.04063204460033, 39.01983215965356, 30.598288312197024, 85.36624477866208, 76.75011861347495, 74.6313784188212, 77.19981883052205, 78.67291254416517, 83.23673193137817, 93.81407741570635, 98.6641729659193, 98.63750368433827, 97.58234585744736, 95.12610152914641, 92.05213817095068, 85.08656213776547, 79.20796271905895, 81.0515000794725, 85.30100169429184, 92.78712321027074, 91.52890079747897, 87.37456701199842, 87.11076263879909, 63.34326251984121, 70.23009386950054, 82.92004924054966, 92.98188797380153, 107.27338193147585, 116.31210704655985, 118.09191938156901, 122.64776844963012, 127.96645138133526, 134.30224726635592, 124.01911759936932, 113.76888903020631, 107.73313280190374, 96.26968737981458, 90.37166214869806], [22.722792728284325, 20.604813972017414, 25.643940576854625, 37.057806393359044, 34.80926462350499, 31.45382177893119, 30.19750178770843, 53.74009186883124, 56.55623224563465, 63.64100430762008, 72.25618155341405, 81.75289245407807, 75.15308709790321, 67.74386015182219, 60.08728271197458, 11.557177818136266, 0.0, 8.519295586526624, 18.099811434924092, 26.918838018853453, 25.995332105258864, 17.05524536887922, 10.282722790280308, 7.584671716919924, 12.66224266702629, 48.7299852769175, 55.717883040224066, 62.96505500435068, 73.00961518498309, 81.53188766944109, 80.04052287253847, 72.777549946006, 65.13220229022103, 58.08687174498893, 52.09477514014745, 27.946979550193305, 39.35760248059837, 50.058756041440354, 57.84713715981129, 67.28889089720441, 71.31605500966516, 75.16936837620936, 76.8064102616878, 73.51052100320804, 57.72690774255504, 49.11725726735544, 41.26642611005967, 88.23081926569132, 80.94442581408201, 80.52570920776542, 83.89481425362185, 86.18278685388954, 91.08742585825352, 101.58750932755001, 105.817763909511, 105.1668916268709, 103.38132113190039, 100.02878987992644, 95.76371432277158, 88.61389948019243, 84.1363380288215, 87.4280891705691, 92.76318181154565, 100.26507624451315, 98.49689856896445, 93.2582012420854, 91.72731552975652, 53.2626588460269, 62.3822966266619, 77.3497511778629, 89.54948110488488, 105.19254269785853, 116.16785292790317, 119.86278698246052, 127.90821859231771, 134.61029486724703, 141.1894400937177, 131.5909738494537, 121.62047124889114, 115.95997301263297, 104.32469480153529, 98.1767264454204], [25.003833095614183, 20.5936066033495, 23.072322383284497, 33.16862019386266, 33.27331866931425, 32.038429677488466, 32.24078678552969, 60.38712268454547, 63.60620271899734, 70.86854174508397, 79.32384028434186, 88.45706496056387, 82.13450400644422, 74.74196002313423, 66.8564563964193, 19.970874368507175, 8.519295586526624, 0.0, 9.637546984334804, 18.611474201061185, 18.241612005369866, 9.663881372419262, 6.309434145536191, 11.279579351386335, 20.123906554682595, 56.6127230658683, 63.41759943696416, 70.39235700815794, 79.9779546003458, 88.13968496092052, 86.83143043707527, 79.90137520900413, 72.55238908803801, 65.68734409356134, 59.83140385619074, 34.72314048966393, 45.55763511436795, 55.616203266690846, 61.53996376700987, 71.29355295759042, 76.173790477115, 80.67995935748746, 82.47172489707982, 79.60213486292633, 64.61157046886696, 56.224119850083035, 48.75385570936299, 89.92700077232264, 83.7623594637808, 84.59605158136866, 88.47363827253616, 91.27297100925209, 96.31230137335565, 106.5811467057987, 110.40588128977201, 109.3573519097599, 107.08293422144237, 103.12973520533913, 98.01278073467353, 90.76966305818435, 87.41226713531714, 91.70207116918823, 97.68501570375867, 105.06413962936152, 102.97780652987737, 97.06326925326, 94.64011539437811, 45.48071724806578, 56.03235138492645, 72.58826788195448, 86.29651773733268, 102.85925222614146, 115.25446919610646, 120.3920845370744, 131.07354614945467, 138.5513678317119, 145.21322664846625, 136.17079019425591, 126.4781611864065, 121.21198449633808, 109.68926773734788, 103.72842255913699], [29.82204805317787, 24.040515415712303, 23.46158129123887, 30.670759450299578, 33.84807963102322, 34.895309960694185, 36.30069462373535, 67.65058045386742, 71.20573867209609, 78.59582610520391, 86.81503048039586, 95.48966346765505, 89.559441751912, 82.26131031804034, 74.19035532289519, 29.389598149439056, 18.099811434924092, 9.637546984334804, 0.0, 9.261381468156632, 10.55222427243039, 6.460488261457408, 11.697350829064199, 19.28672693597008, 29.020606755399616, 65.16838650036412, 71.73402209019405, 78.3703644814508, 87.37728539446728, 95.05982494673177, 93.95792571870778, 87.45390539040653, 80.48483198222864, 73.85656888768362, 68.1892338686156, 42.75214761550247, 53.16165704370575, 62.66771974116599, 66.61962266743102, 76.54137253849525, 82.28924637482172, 87.32902750556235, 89.09227495706267, 86.51410614815043, 72.5950471560151, 64.31309132951229, 57.05723821134196, 92.49976417754715, 87.66863844734749, 89.801359141877, 94.12038205438154, 97.34520501068204, 102.39045573494913, 112.2021873574316, 115.70751472507054, 114.33513813638734, 111.61490339914742, 107.10173501054209, 101.10770879395581, 93.79661402277807, 91.71242935450799, 96.9662965761549, 103.43922369657925, 110.52256510900493, 108.1930098838863, 101.73019244402896, 98.42090477772139, 36.37615356818746, 48.88161298433993, 67.42160039591303, 82.88082436042777, 100.4724151462303, 114.51331742135349, 121.30550054322224, 134.9110159961658, 142.81842699182153, 149.31566103618832, 140.81316866219814, 131.36191991625375, 126.4681841135653, 115.05091956308044, 109.3483596958404], [33.94005342657677, 27.52254010585807, 24.364336203634213, 27.823518459994343, 33.809012081709604, 36.875767461404024, 39.310821474168286, 73.42582162370996, 77.51130239602632, 85.10819621301489, 93.10210304121868, 101.2280426937474, 95.51684802872958, 88.23970400061012, 79.99166161847153, 37.85660112336134, 26.918838018853453, 18.611474201061185, 9.261381468156632, 0.0, 5.4719047344044665, 11.290606087093023, 18.831624336227133, 26.679456871062293, 36.772276543878235, 72.94375750491614, 79.3726000564138, 85.80826242003641, 94.33355075957942, 101.44837504959607, 100.40397275128154, 94.33368751559726, 87.68453579479906, 81.16078954660111, 75.61975713656099, 49.30640158445219, 59.01144793998532, 67.83565826726479, 69.68475249464377, 79.63150982319287, 86.23290887073308, 91.77282845414683, 93.48031611093022, 91.29104935420683, 78.65114949634464, 70.61879792702935, 63.909402744804446, 92.73186186128473, 89.28963317144365, 92.71519805153511, 97.44042573201331, 101.07796677412527, 106.09511882275478, 115.39331657552961, 118.50403137472748, 116.79530957233963, 113.63638126121253, 108.59558160926225, 101.77237967256127, 94.45161474023831, 93.66968913935196, 99.85420528131961, 106.78841062213533, 113.53599899580922, 110.94412041357867, 103.95351543477935, 99.77773335119014, 27.98831022848807, 40.85825520054092, 60.75393701225779, 77.57396195479883, 95.92908023009706, 111.37488129974072, 119.6816818516491, 136.09737748015192, 144.46819532914475, 150.95945642595294, 143.20843647579338, 134.2634034119189, 130.07780908688562, 119.31372780002066, 114.52996438526061], [29.818334711036712, 23.068797796865397, 19.149849611251494, 22.550440403759563, 28.384895021653083, 31.7980940286554, 34.71892267814435, 70.55606060981457, 75.13495494444199, 82.96408371080462, 91.017273318328, 99.00842717955656, 92.94491220589428, 85.46681253446022, 77.12903970231508, 36.345220809754906, 25.995332105258864, 18.241612005369866, 10.55222427243039, 5.4719047344044665, 0.0, 9.078456287538648, 16.625893437434215, 24.294838987249967, 34.51565132782693, 71.58658006118289, 78.18919238963613, 84.85379366590541, 93.55064667204006, 100.54898644947092, 99.26044283776177, 93.18522700695034, 86.42197852721752, 79.65918754786945, 74.00061656599287, 46.113241333937275, 55.06216437736832, 63.43353395379038, 64.62178819020839, 74.55919461483025, 81.35264272526335, 87.0816016435628, 88.90897059125965, 87.07230171895226, 74.77471143615149, 67.11089562013724, 61.175041557139444, 87.29808704347391, 83.93605964805508, 87.57545376744129, 92.41249437848343, 96.20761858251176, 101.30730827445609, 110.67941096841353, 113.52858559519927, 111.66385180635143, 108.3880318763957, 103.24839847359404, 96.35793203674307, 89.0529215773552, 88.37942265761484, 94.75043837119688, 101.90776056791097, 108.72930896106445, 105.97725480184684, 98.76952117621555, 94.44897727553989, 30.376111380311503, 39.16351672120647, 57.407942451889774, 73.41496447648764, 91.378079997504, 106.36204792965864, 114.39604591911433, 130.74539386877186, 139.62331556279088, 146.6504282776961, 139.3361250388112, 130.89991688497932, 127.36249448556106, 117.54059146710792, 113.84860043920968], [24.413543330132864, 18.06146999577299, 17.10588750838035, 25.115491622815785, 27.494635930010055, 28.618830911066617, 30.532563846089733, 64.21184213753598, 68.41252282282565, 76.11947503664337, 84.42860976784915, 92.94222573148488, 86.55726736779106, 78.98747712094408, 70.78186714467492, 27.52450727474657, 17.05524536887922, 9.663881372419262, 6.460488261457408, 11.290606087093023, 9.078456287538648, 0.0, 7.742989258163412, 15.73757544599717, 26.01325973087458, 63.69927804069017, 70.50207123862246, 77.43904008944003, 86.66043582108018, 94.18510533166734, 92.77536779243675, 86.26890775307906, 79.15292946049898, 72.20781894961667, 66.37718714350994, 38.66937701652835, 48.1961020244823, 57.21735437560679, 60.468063915060014, 70.41402419161699, 76.38237421488266, 81.65921691822378, 83.5825078776815, 81.43149757712037, 67.85540955814292, 60.004640310790336, 53.722945116236374, 86.08547317188881, 81.28769977423471, 83.63320479780974, 88.08612547284012, 91.50162205471881, 96.66169825229485, 106.59360242665798, 109.78951134024287, 108.23150829661991, 105.37629476707419, 100.75341978844006, 94.70169324207379, 87.4078233944892, 85.40080200020941, 90.85897586575103, 97.60673731040625, 104.80118379860046, 102.2773849221297, 95.55380403002451, 92.09317161739459, 38.48144359143606, 47.082402412595606, 63.73432668851448, 78.17274704749013, 95.23633059151872, 108.68111752485386, 115.11150311854308, 128.5793402138637, 137.09774529204938, 144.24415592253595, 136.2640857345129, 127.42572809969985, 123.32182357282842, 113.0605647768038, 108.72061622895515], [19.608448988453553, 14.48077845695714, 16.943125838229292, 27.604114372974077, 27.01887521146582, 25.832633168562626, 26.541607104000093, 57.83613171055291, 61.84886742288539, 69.49869606942195, 77.98736760041827, 86.8240803371447, 80.1203847904325, 72.45882566691355, 64.36872049603893, 19.984224551154966, 10.282722790280308, 6.309434145536191, 11.697350829064199, 18.831624336227133, 16.625893437434215, 7.742989258163412, 0.0, 8.119205935318737, 18.372317926514636, 56.643502511095484, 63.63140137742272, 70.82995870246559, 80.46489287038443, 88.29939893117808, 86.70967562734907, 79.90747014669564, 72.51643291295807, 65.3733953455845, 59.3967461566877, 31.567835993599388, 41.51269251684618, 51.09453025603867, 55.94382356322054, 65.78129415219627, 71.07936974137985, 75.90516278755311, 77.79046898806698, 75.3594829004943, 60.99069622061763, 52.99942008939339, 46.58369403828022, 83.73405575423018, 77.82453702310427, 79.08287514458436, 83.15881543812229, 86.20194492923628, 91.32826359616334, 101.58814220377447, 105.0909740041228, 103.8311840669697, 101.36507640830143, 97.22728679597964, 91.90922693845889, 84.65386881821466, 81.5873074750751, 86.23303437504698, 92.53550575843454, 99.93582829375914, 97.63448551057662, 91.40156865668922, 88.69491794253715, 45.60693007257566, 52.94234611744709, 67.92147150228517, 80.83012532500574, 97.00785935519485, 109.06969705712373, 114.11438728878608, 125.1641811727926, 133.1868507745382, 140.39861067427438, 131.95931279522168, 122.9138454104757, 118.52453756891832, 108.22547402115812, 103.79215774066252], [15.361729522212725, 13.229565419992792, 19.120375302580076, 30.881715817965897, 27.674802526145783, 23.893774417032674, 22.769184594752506, 50.42530190038643, 54.3246305957768, 61.95390590742221, 70.57442855367881, 79.62357745365944, 72.62447488231926, 64.88630703372807, 56.90367973174892, 12.787155809247103, 7.584671716919924, 11.279579351386335, 19.28672693597008, 26.679456871062293, 24.294838987249967, 15.73757544599717, 8.119205935318737, 0.0, 10.317069461187902, 49.10876388896729, 56.25851195767739, 63.69996610706334, 73.65561671379079, 81.64446815467878, 79.83308777413778, 72.82968669321676, 65.22457785919237, 57.8771244104473, 51.77903327379915, 23.74995066539385, 34.400181621985574, 44.76350819680285, 51.14979131242771, 60.74618660495494, 65.38615566333611, 69.60969859119852, 71.23023374382608, 68.36340928236898, 53.52460068347942, 45.2388932253811, 38.62067711805037, 80.86694106710537, 73.93999084811689, 74.06221066348536, 77.65987224998177, 80.21001480921849, 85.15952051493076, 95.53475315679317, 99.46230305783857, 98.6076817052738, 96.6143977961738, 93.05662259136, 88.5222023268979, 81.319821235681, 77.24080770828166, 80.96777532731988, 86.61966514418918, 94.06004576308771, 92.0730917829847, 86.50764420303639, 84.63867598268203, 52.58727667198944, 58.3075147283297, 71.49736301621752, 82.76030799717586, 97.98581063325041, 108.64321684281197, 112.2966587171787, 120.92958373605352, 128.03763617423422, 135.11609561299377, 126.1991767315876, 116.95130524115751, 112.33292687630626, 102.15406328476823, 97.933651967549], [16.975035342430306, 19.124105507162135, 26.665983849729045, 38.395198293009265, 33.03636060030362, 26.844782828946204, 23.41673259164692, 42.112175678984755, 45.47381766921455, 52.881029407492335, 61.69261227680886, 71.17213699025523, 63.82359462976936, 56.072480660766246, 48.40523220778263, 5.6349644137469035, 12.66224266702629, 20.123906554682595, 29.020606755399616, 36.772276543878235, 34.51565132782693, 26.01325973087458, 18.372317926514636, 10.317069461187902, 0.0, 39.51141101269609, 46.88588331136896, 54.66437432763165, 65.12724251929119, 73.46341260410722, 71.3942753557482, 64.02736040673713, 56.08443048908977, 48.49183511870635, 42.222193536795025, 15.384951777264495, 27.393169685540112, 38.915705636879565, 47.955663156734694, 56.912777556130926, 60.312713973681774, 63.46987666339377, 64.68592530652555, 61.059513487258805, 45.28277669450528, 36.46098885032615, 29.125369286069127, 79.96313940195704, 71.64625081018983, 70.00777925874429, 72.80746374992724, 74.54148010677454, 79.18489989296637, 89.7059626284936, 94.28934002688429, 94.06284787314468, 92.80031114942489, 90.13091308387975, 86.78837070197144, 79.76194978391095, 74.22626147647621, 76.48335713416434, 81.06360353949003, 88.53534895192831, 87.0671461131998, 82.58055818600573, 81.99381568675561, 62.00180777216985, 66.79105730634502, 78.31546573974394, 87.77241228912125, 101.79310434349502, 110.680637565409, 112.52370116970721, 117.72171335844602, 123.46542176853328, 130.2270814096174, 120.51457755331387, 110.84308660896066, 105.66030513016774, 95.3410030541928, 90.97459460474933], [49.523742148193385, 55.452904334136385, 63.490613499089285, 73.58699187479284, 67.24650650413939, 58.91050560991108, 52.13301486928878, 25.630158023820865, 19.871689248782477, 21.230123115048464, 28.848192890840856, 39.896871185447786, 34.56481742194203, 30.282977847312853, 27.556929911988547, 38.025557184782, 48.7299852769175, 56.6127230658683, 65.16838650036412, 72.94375750491614, 71.58658006118289, 63.69927804069017, 56.643502511095484, 49.10876388896729, 39.51141101269609, 0.0, 7.736999153650335, 16.25653377460232, 28.048434450162972, 37.68399038512002, 35.22845406803296, 26.592725828879768, 17.825677693629096, 10.64946395222262, 5.686820119715586, 33.29372363462228, 40.33897550450599, 50.501443585654314, 63.30749584633119, 67.93866299953868, 67.03379456669535, 64.52651067782793, 61.557772834167864, 52.83967247552254, 41.35198900321553, 31.76545746962077, 20.702445015416053, 95