{
	"dissimilarities": [[0.0, 7.378071450713456, 16.05866280571742, 25.35712880034352, 15.099600516067804, 7.6209723331227215, 3.3945295547172663, 44.98819105282834, 51.23446465558697, 59.65069921511316, 67.84415104109502, 75.28513930592099, 67.88141534896808, 59.696160500752306, 51.28651130358322, 23.542332321711648, 23.74990769710038, 24.57656186645638, 27.866981126257038, 31.526533985429932, 29.420486096532766, 23.034223246133433, 19.191081775076718, 16.40459311713954, 16.959753052615508, 52.966859104339505, 59.98519404579638, 65.57557078704848, 73.76977155071528, 80.0029595076292, 78.15956598637156, 72.61508726764606, 65.99866307904023, 58.76893531207137, 52.693040869737374, 23.635493597145842, 24.333165447275636, 35.07585257251359, 36.87876418837371, 46.31207701147386, 53.78974578811584, 58.30251045985482, 60.33378794358534, 57.22611430854058, 44.72178234246418, 38.77017231332464, 36.75211036409664, 60.993936488093674, 58.04474776952368, 60.25576642186838, 64.65003204710095, 66.68806321834889, 71.29182205451204, 80.77396557410822, 81.71503279921869, 80.1805475730125, 77.70414323606344, 74.14977840873875, 69.3353483920297, 61.25471716183648, 63.001949114100086, 66.86005244569294, 70.85545899083657, 78.14631527755031, 72.3533441358637, 68.36086097892826, 63.85287035082682, 55.975744864119434, 56.74174247532562, 63.27545932906516, 72.49897918833598, 85.97647089538357, 96.87533277008825, 98.58176856166696, 105.11540990691319, 114.17509188068621, 118.12824430561025, 114.58220272331256, 106.87624096968447, 104.75749966446985, 99.81989845189251, 98.28925617860676], [7.378071450713456, 0.0, 10.056509488722469, 20.195744714284984, 9.563203022183627, 5.449146032471784, 9.365530133351019, 52.31335005187162, 58.55448144509997, 66.93107127642895, 75.1595197836378, 82.62790074069127, 75.20819159603876, 67.00586952612613, 58.61894824585595, 25.734522354075626, 22.99266652907116, 21.464968803082407, 22.932823510631767, 25.87532587514433, 23.451993110093028, 17.533912116194976, 15.441682752891314, 15.768064103994412, 20.20717940115072, 59.325798670768165, 66.43370221430379, 72.14311202116524, 80.53413541342843, 86.95720748852769, 85.2197585000494, 79.54219823238853, 72.81480528384307, 65.56205494077335, 59.437851069573895, 29.597599176150236, 30.34245656309545, 39.78063835996005, 40.4710538115395, 50.00400181025316, 57.9426127467942, 63.22572640511818, 66.01701970559726, 63.637943930024754, 50.85991867344282, 45.348440418640436, 43.34384602163364, 62.71839230213521, 60.664239047724, 63.93157901511581, 68.77639982273767, 71.50787144777945, 76.63051498625381, 86.56482199241256, 86.58668601224521, 84.540206117095, 81.47461283359323, 77.30221174849903, 71.92218431112762, 63.45407613754231, 66.27358283469263, 70.90727372288765, 75.58693820575837, 83.75106380867858, 77.02432212345174, 72.35704924624126, 67.10000933738112, 51.4582233041484, 53.06199805286776, 60.597790180661185, 71.00704010079914, 84.99943767198211, 97.03885175247541, 99.80701559608482, 108.29741441357315, 119.21397781635045, 123.88354969638216, 120.93970738637658, 113.6213488896221, 111.7521803026005, 106.7936748243384, 104.88919094910158], [16.05866280571742, 10.056509488722469, 0.0, 10.548117546581802, 2.6427422748234455, 10.061215865894841, 16.683271655346292, 60.34196355421249, 66.5809286847316, 75.13032668341346, 83.1382514924198, 90.1010902364576, 83.13643587370576, 75.08227508553898, 66.58554350038277, 35.08961001798825, 30.477593292001522, 26.25198293206946, 23.545488844040044, 22.51261305654199, 18.889769394224533, 18.656702605846885, 20.763296064480755, 24.08568403755007, 29.983937993230793, 68.79510973278367, 75.76341047245384, 81.27084615786319, 89.23369563085055, 95.17358630380849, 93.45941064858911, 88.22463302144195, 81.78100289727973, 74.6433908415811, 68.61467221472009, 39.39461807941367, 39.002809598393405, 47.093147238987115, 43.90681010428295, 53.18707439309974, 62.365888774433245, 68.35499336231659, 71.2822628108615, 69.77557997676874, 58.97299170556109, 54.15012844019365, 52.80141818024334, 61.622012125575466, 61.5948012731013, 66.82019869558381, 72.12177946503026, 75.63556922749093, 80.94418407897577, 90.61473563443049, 89.68929562453538, 87.1261982826881, 83.26944124503139, 78.38502589720207, 72.19191910494744, 63.117033035094586, 68.02668643017238, 73.84935229758064, 79.18573186937947, 87.70774219250445, 80.37281355843493, 75.01420951467114, 68.70867043859326, 46.202091400487944, 44.77161533174173, 51.7316336192197, 63.071992333625396, 77.80731871122728, 91.30160309891845, 95.81351132897001, 108.09978869088195, 120.47802881377831, 125.9224826689934, 123.98050587938525, 117.53115174916063, 116.51253746817946, 112.50561805241745, 111.88118347055385], [25.35712880034352, 20.195744714284984, 10.548117546581802, 0.0, 12.102160709215685, 19.76251595280583, 25.605383266940915, 67.71528215324216, 73.86815649618941, 82.50837556097508, 90.19459895621716, 96.46054378164175, 90.17193679208962, 82.4000774635919, 73.85385319810271, 44.21466890236006, 38.497673942622804, 32.6741760024914, 26.920018866757747, 21.795730476333066, 17.62394483379805, 23.72405395022421, 28.31966410095079, 32.924436354125504, 39.384389351736075, 77.27325008635287, 83.97247474088272, 89.15027147890808, 96.49545874984285, 101.84478036651602, 100.28193312742684, 95.6082952775496, 89.57595610104146, 82.67809861575205, 76.82912421425058, 48.93601624953904, 48.519112327442116, 56.439243029056605, 50.67323015155363, 59.499750209622604, 69.5533312392815, 75.69863533143571, 78.17403863120438, 76.913093312376, 68.03394219607432, 63.270084132463374, 61.784856298850514, 63.999763931239315, 65.95492885787019, 72.67615237096437, 78.12764988483872, 81.96884144574015, 87.02642927123365, 95.87355718421094, 94.69098852058845, 91.95401103708282, 87.62278440772351, 82.36446248332904, 75.61438800047273, 66.13932913807386, 72.84295050820283, 79.44375230388789, 84.9698348074508, 93.06741988492642, 85.90625250609314, 80.30584863790257, 73.36116784127434, 40.02312079280601, 34.711514668894644, 42.296149036887776, 55.368047836633565, 71.69658179058428, 86.99813869192143, 93.6845202167779, 110.11121293951756, 122.50058527834483, 128.0195612798362, 126.53795113640184, 120.52190607921123, 119.97640958143305, 116.36241641030325, 116.71428497830331], [15.099600516067804, 9.563203022183627, 2.6427422748234455, 12.102160709215685, 0.0, 8.330591124626455, 15.313851026571797, 59.133024734731265, 65.37410131750437, 73.93183082034848, 81.94371040881336, 88.96966660380333, 81.91607629532311, 73.82856060687585, 65.3454135822142, 35.16906790981595, 31.27095910250012, 27.690134197082923, 25.698288549851974, 25.089303069518564, 21.500244180874713, 20.58033782186602, 21.938628988931946, 24.551330852257465, 29.76661389184719, 68.05899144616225, 75.06041988025235, 80.59275453607253, 88.57637427691405, 94.48028575789645, 92.64975526861265, 87.41853353015661, 80.95947763913492, 73.77716073434121, 67.73622423934033, 38.36874045615469, 37.24677456875172, 44.893581279213926, 41.31602150713953, 50.583127902615054, 59.79410821385265, 65.8587868267603, 68.90112864261121, 67.6052597955106, 57.000970552087814, 52.500580380162, 51.705730995768015, 59.183986041104305, 59.0033795745432, 64.20252098487394, 69.52644911194139, 73.10291943089099, 78.49084968645644, 88.29599183967804, 87.20171168434439, 84.58551847992034, 80.71003369824211, 75.8191073175203, 69.65558500535597, 60.62009055752212, 65.42526796190803, 71.25649307821861, 76.65086675134116, 85.3393220426082, 77.83907523408709, 72.42791300322119, 66.11446593014789, 48.7858289357374, 46.49528731296921, 52.161287968669434, 62.75237542939542, 76.91209093023681, 89.93115531835473, 93.9948918038053, 105.7005578053884, 118.36560648890715, 124.03689070141198, 122.31513904942747, 116.10528773130967, 115.31826168644221, 111.7806840956486, 111.59372908582222], [7.6209723331227215, 5.449146032471784, 10.061215865894841, 19.76251595280583, 8.330591124626455, 0.0, 7.392533700049595, 51.32260686255294, 57.57042391255696, 66.06639227139812, 74.17852185497894, 81.49328724788113, 74.15230055388483, 65.97005067871035, 57.5397274630608, 29.57721779716735, 28.035919548598475, 26.908305016762945, 27.953437857807224, 29.823954118317793, 26.920270366159773, 22.57178883340463, 20.882588701872812, 20.632926820824476, 23.43663858497001, 60.268563884328195, 67.32093331437456, 72.92087079817762, 81.05039673738169, 87.09306893095116, 85.12974409674969, 79.7342117399542, 73.1696601301514, 65.91240480394684, 59.839732116201404, 30.36486185287267, 28.99387507817341, 37.4319026584153, 35.94898461109845, 45.43492055672357, 53.90604274393173, 59.39850896594275, 62.18394456004979, 60.31774667811573, 48.921387686782566, 44.18764599549364, 43.56670002116742, 57.392299397048085, 55.60991565361779, 59.32664495411945, 64.27422585678164, 67.22621332266256, 72.39693916785292, 82.2969311901677, 81.93841309179165, 79.75319575752734, 76.5092716338652, 72.22833276396152, 66.73293252418078, 58.175923370951345, 61.347513887180966, 66.26328136713131, 71.10485742924966, 79.41664502521488, 72.45600078155671, 67.61878852247433, 62.1343207317771, 54.397850380525455, 53.045060427276255, 58.09862449872847, 67.32352904840482, 80.56177689752454, 92.04734455807555, 94.4642110051546, 102.9773797568438, 114.3292537576902, 119.46645090539144, 117.13008802368675, 110.47406980156784, 109.31031909676624, 105.61241212220855, 105.21813278311176], [3.3945295547172663, 9.365530133351019, 16.683271655346292, 25.605383266940915, 15.313851026571797, 7.392533700049595, 0.0, 43.988438888053544, 50.23911406345836, 58.74053384929538, 66.84885952836244, 74.176174267404, 66.83622123857842, 58.669790614716526, 50.22594780624671, 26.24123563251685, 27.059669116771566, 27.94220147598959, 30.876637994547806, 33.94575485080439, 31.57152561000239, 25.979237515314626, 22.488195981016457, 19.71626653403207, 19.45087441280787, 53.35008885331075, 60.301877005938785, 65.79502115799957, 73.78285090953267, 79.7419467290346, 77.75052450273738, 72.41189426784476, 65.92446236688565, 58.70947643828306, 52.686898226017014, 24.14198890051052, 23.278933879025132, 33.48608880428679, 33.99811790508719, 43.398394689132324, 51.17320798733395, 55.7336155216473, 57.66694518909929, 54.79876913614926, 43.24413571111031, 37.769305868123176, 36.70398962405654, 57.8299048428387, 54.9577497973262, 57.33310825184881, 61.74315412609863, 63.84368581636999, 68.42023732221507, 77.8309387450795, 78.63675528822408, 77.07047561996252, 74.54301255722235, 70.98662542317685, 66.15995558825512, 58.06782338330403, 59.919602236845755, 63.87149560823431, 67.894209827061, 75.18040100145515, 69.34385332735636, 65.31749399283548, 60.74762091264321, 57.87096322167258, 56.95072843867887, 62.04280137879939, 70.49011111948404, 83.48723866779407, 93.96356284876381, 95.38396460413692, 101.7845975321977, 110.91729110619848, 115.08540804068271, 111.85487601016872, 104.51911628199784, 102.8198946186711, 98.67276702846824, 98.13188693763031], [44.98819105282834, 52.31335005187162, 60.34196355421249, 67.71528215324216, 59.133024734731265, 51.32260686255294, 43.988438888053544, 0.0, 6.2524870451264425, 14.835500667741314, 22.875856482927894, 30.88495377496005, 22.897794369461483, 14.775497263343086, 6.337860236310439, 44.580958538012176, 53.67381756973376, 60.18274093898019, 67.19120946682084, 72.5897841312583, 71.59663012524658, 64.24383162411493, 57.93375609329219, 50.7188687021951, 41.50173861504341, 22.66367298771064, 25.942322509242423, 28.9081559168224, 34.14702756391989, 38.47501295106957, 35.489285011711615, 31.159713908542162, 26.253089816957125, 20.555833046528203, 17.17895093108543, 28.65528016093086, 29.7036151891357, 37.47956984817051, 47.03931695632303, 50.7325220196668, 51.01578748726894, 47.76426757786567, 42.826297122439854, 32.64957055280619, 26.82484821447728, 19.6318644209033, 17.61394120742575, 72.7411084921042, 65.03003280484177, 59.290249894325065, 59.12225458144068, 55.10556313601898, 54.340481710524905, 58.35087483812793, 67.17855858463926, 69.9586747818679, 72.44323124095598, 73.88304564029572, 73.86034579456324, 70.204250949338, 64.39865552114583, 61.543824923955874, 59.27090043213999, 57.87315017760272, 61.0524423756322, 63.19661514721089, 65.2470931832951, 92.09237797191999, 91.66960306582253, 94.86708130628851, 98.55654933606793, 108.3115449843831, 112.41782811529285, 107.93155063641598, 100.70890861961091, 95.70399511297164, 93.39451062356609, 84.3490106676259, 72.78310856693254, 67.3030196082306, 61.05068753794814, 60.908888961935645], [51.23446465558697, 58.55448144509997, 66.5809286847316, 73.86815649618941, 65.37410131750437, 57.57042391255696, 50.23911406345836, 6.2524870451264425, 0.0, 8.690960555268617, 16.626952821617976, 24.902353768964513, 16.658915022545795, 8.603344937306943, 1.0486811457163698, 49.94079718638552, 59.235920797302455, 65.93886493547623, 73.0889806949874, 78.57399841095392, 77.66034187941864, 70.26958955642209, 63.88887861630152, 56.5950606517964, 47.25675758575354, 22.43318879757247, 23.94564347659603, 25.704000641678252, 29.643327093080444, 33.255035871464536, 29.95332690307908, 26.133645886626116, 22.11988136323271, 17.666125460658684, 16.177408803035455, 34.24683787796978, 35.28491139372175, 41.917029924298575, 51.6644043782388, 54.552559821006, 53.89654637300201, 49.68517209688117, 43.88424643114991, 33.11601378493775, 29.46909518725977, 23.494378891251305, 21.92418140896414, 76.58284282799526, 68.55651486715108, 62.037108617623794, 61.24288302438301, 56.477023032442105, 54.83656887327764, 57.66255717487687, 67.60727892661285, 70.9968830560433, 74.15341609646754, 76.24465346233319, 76.83809742251097, 73.80456510735266, 67.26785417668997, 63.60197266515529, 60.46496145244303, 57.615343410328194, 62.22342761847522, 65.21716038236818, 68.08794769982005, 97.62449711650339, 97.19676706818576, 100.16912940458799, 103.36258031746614, 112.6853254166207, 116.03328359108009, 110.88364166849563, 101.95788147473661, 94.8487390964278, 91.46347429313673, 81.47700596954174, 69.24050598955138, 63.027652176380315, 56.41706152682184, 56.4615784517257], [59.65069921511316, 66.93107127642895, 75.13032668341346, 82.50837556097508, 73.93183082034848, 66.06639227139812, 58.74053384929538, 14.835500667741314, 8.690960555268617, 0.0, 8.611002330939705, 18.150752541902882, 8.821081091568592, 2.1222736608538493, 8.886065541266394, 56.715751054979926, 66.3348265508274, 73.40098928645453, 80.88819917160188, 86.66509047761534, 85.89917119337625, 78.22248872266155, 71.64426581732859, 64.18659096438844, 54.64603219072529, 23.10825543570003, 22.00477487828369, 21.85944582609932, 23.82601489310141, 26.625991370771573, 22.786300853881173, 19.438013607743283, 16.97861302681479, 15.200410769325611, 16.863299926878902, 41.43424366972783, 42.706769891670056, 48.09624338888401, 58.63688388803107, 60.67683501956697, 58.72901601655096, 53.471401126410036, 47.04746957496942, 36.009201859602165, 33.93915261790297, 29.286926733135044, 27.919210173373564, 82.9783259570776, 74.43911856923468, 66.88494132326792, 65.36315319290836, 59.76426865650119, 57.22290426629414, 58.801042549579236, 69.90161233988654, 73.97129469459037, 77.94713280647932, 80.79906832403967, 82.15802464543586, 79.90688282380502, 72.38188057723123, 67.70857151096357, 63.608253842426066, 59.25401048039494, 65.3697498515531, 69.32491573881775, 73.1904808372349, 105.45940822481428, 105.51816899740578, 108.50517937619396, 111.29923096585459, 120.13827076453667, 122.63137456085848, 116.62808768939345, 105.30607382007423, 95.88855321382458, 91.20211295094045, 80.01787182182882, 66.94005987112196, 59.56804745655812, 52.109824153562315, 51.497332095574144], [67.84415104109502, 75.1595197836378, 83.1382514924198, 90.19459895621716, 81.94371040881336, 74.17852185497894, 66.84885952836244, 22.875856482927894, 16.626952821617976, 8.611002330939705, 0.0, 10.152939155344177, 1.0515924950702156, 8.536044180211642, 16.6608960031366, 65.09283783237494, 74.63356349464293, 81.63038530553915, 88.98750098844707, 94.58687754789278, 93.83365594046576, 86.4466833840605, 79.97792717339705, 72.58569980977047, 63.11143042712777, 29.53071183349851, 26.521824765089487, 24.22183708786008, 22.31075353963041, 22.005228607706144, 17.608881586935865, 17.37102868770753, 18.636412502438983, 20.242359945293806, 23.76882260775466, 50.03541088577426, 51.06033101283894, 55.706805857689396, 65.40070790069906, 66.65110280764048, 64.1606560426507, 58.08744090986065, 50.67294830579344, 39.63881123942525, 40.88800414963466, 37.3632936207129, 36.46692995044213, 88.15536412283645, 79.65681502951801, 71.67106639101965, 69.51521729107078, 63.235643289193206, 59.561516326312116, 59.12881368744814, 71.52386681748008, 76.31289238901539, 80.98252647076522, 84.54884232043626, 86.5224480476826, 84.910144699768, 76.97352772899562, 71.62569177847494, 66.5930011657868, 60.22378842441756, 68.20701909916453, 73.08248203768328, 77.70129156318559, 112.51054198864195, 111.99716172199236, 114.45914473227857, 116.52375376936075, 124.84009715162435, 126.41401316222606, 119.78943624939969, 106.96896891118108, 94.37645564736594, 88.01445321116479, 75.48784883202968, 61.50534421634758, 53.09265800193584, 45.44232836620233, 46.302748202397424], [75.28513930592099, 82.62790074069127, 90.1010902364576, 96.46054378164175, 88.96966660380333, 81.49328724788113, 74.176174267404, 30.88495377496005, 24.902353768964513, 18.150752541902882, 10.152939155344177, 0.0, 10.03679527983933, 17.85660347543552, 24.872947684143554, 73.58275990025322, 82.71462789330582, 89.31899461739872, 96.19402506557698, 101.2814568166827, 100.51481591539176, 93.87023531841821, 87.7592699261746, 80.62532662896047, 71.44628940398863, 38.28731208701783, 34.39792123405176, 30.719143137180517, 25.206093020637013, 20.413416534878525, 16.50271415068988, 21.07825455789722, 25.434496604131343, 28.72265155537528, 32.76134092585843, 58.92555262371659, 59.88428374741351, 64.62756729335489, 72.58424674088324, 73.38599189430393, 71.18179097942821, 64.73395355608494, 56.293674673454206, 45.46941644087127, 49.99397587833024, 46.81061278734605, 45.819297997551814, 93.22660780043236, 85.36142051363771, 77.66285694705576, 75.1367590983169, 68.49747408645406, 63.74401173886255, 60.88489896527159, 74.4863040243081, 79.88935661368971, 84.96817973116373, 89.03077024300205, 91.30143316118132, 89.99885286908086, 82.37796099017369, 76.86366501168887, 71.1600680530549, 62.6696392713138, 72.51079448972288, 78.04383645943265, 82.97668452672946, 117.5734844592713, 116.00294217628776, 117.94591110370501, 119.3069837168698, 127.38708690360883, 128.31744085052432, 121.61847989766007, 108.7854454281613, 92.27637890758619, 83.69783101373095, 69.41057296943775, 53.99749569183973, 44.060998580594365, 35.715103262831626, 40.005969354947624], [67.88141534896808, 75.20819159603876, 83.13643587370576, 90.17193679208962, 81.91607629532311, 74.15230055388483, 66.83622123857842, 22.897794369461483, 16.658915022545795, 8.821081091568592, 1.0515924950702156, 10.03679527983933, 0.0, 8.489869604183149, 16.626711100180124, 65.44904008885258, 74.98479701210647, 81.94764559162603, 89.26130641165774, 94.80405784125661, 94.004995258666, 86.6667474862892, 80.2198333241015, 72.83979492473384, 63.37169346087057, 30.239511182542167, 27.385817619069506, 25.20110731633239, 23.35223185744872, 22.896617160423265, 18.48075208945234, 18.398976809297253, 19.61213152997766, 21.04442618553851, 24.411997745483692, 50.21657353256266, 50.98503049359163, 55.43907460376976, 64.91895411241697, 66.05079424358351, 63.52018430291164, 57.379564274185746, 49.863664284462715, 38.840531573830305, 40.573901714662995, 37.268366389934194, 36.71711328644562, 87.45795783981202, 78.95610995500624, 70.93696971308579, 68.72863201910951, 62.404191083293256, 58.650331938402566, 58.113468478384235, 70.55830440229056, 75.38316125888493, 80.09094430982536, 83.70718827238535, 85.73291991920989, 84.18995636537538, 76.20984846494318, 70.81236466732945, 65.71557266495476, 59.2321401400654, 67.31535246685448, 72.25202251340718, 76.92909507260272, 112.77926443819105, 112.00422767140488, 114.21313280985132, 116.11116225770094, 124.27277576733556, 125.70263134425987, 118.97009882197621, 105.99353744712433, 93.35006154698712, 87.03755639709506, 74.6005318757049, 60.750896954095296, 52.544519302374574, 45.43084222015064, 46.938206344906], [59.696160500752306, 67.00586952612613, 75.08227508553898, 82.4000774635919, 73.82856060687585, 65.97005067871035, 58.669790614716526, 14.775497263343086, 8.603344937306943, 2.1222736608538493, 8.536044180211642, 17.85660347543552, 8.489869604183149, 0.0, 8.546338979947963, 57.52648088419408, 67.10927532266432, 74.08088447564754, 81.4533213991636, 87.08991710179502, 86.2236014788483, 78.67628465471141, 72.15980644775357, 64.74143494628512, 55.23173184798494, 24.88356503335754, 24.0316336028812, 23.956848422585324, 25.690973518510077, 27.999395050187854, 24.03594614060208, 21.190658404907644, 19.022128238025022, 17.220732528036372, 18.593495405918546, 41.86784541743858, 42.53159818844815, 47.51177148755288, 57.55224569598545, 59.3528039363469, 57.35030396546391, 51.9547223818507, 45.297177449883776, 34.222209196316804, 33.228089084388316, 29.07175944388007, 28.570699839203243, 81.46485767692872, 72.92555105514633, 65.31552676095572, 63.69566546283492, 58.008908771243924, 55.31599823528406, 56.71926429762335, 67.9070382734366, 72.04028334071624, 76.0803239056204, 79.02357497570797, 80.47532935438475, 78.34831702610705, 70.74821022251278, 65.98711662973726, 61.76628946294343, 57.20522084142623, 63.50031161115724, 67.56848554374083, 71.53938120448173, 105.95310584285293, 105.4334606543715, 107.8850981124377, 110.33164019382862, 118.86581603090562, 121.07664357039879, 114.8705519359671, 103.28957089144403, 93.79036134317096, 89.21721097218418, 78.2267678027324, 65.41710618871922, 58.44493858808465, 51.930908751070035, 52.51308716777441], [51.28651130358322, 58.61894824585595, 66.58554350038277, 73.85385319810271, 65.3454135822142, 57.5397274630608, 50.22594780624671, 6.337860236310439, 1.0486811457163698, 8.886065541266394, 16.6608960031366, 24.872947684143554, 16.626711100180124, 8.546338979947963, 0.0, 50.39198507711763, 59.67134356975869, 66.32987503105343, 73.42634033409196, 78.84489674338683, 77.87719466039815, 70.54245152777821, 64.18969712942172, 56.91571317777911, 47.59496968371114, 23.32779786886825, 24.87300368748179, 26.610218270233577, 30.43083348214764, 33.859758718036105, 30.479805676453353, 26.820572688474662, 22.92942251364689, 18.553215701423998, 17.078195101236314, 34.49291108749881, 35.15511949638957, 41.529750107979616, 51.042090220637654, 53.804323438748405, 53.10915192645901, 48.83031652910223, 42.9286299104321, 32.13845225343968, 28.98953078821815, 23.30384859668261, 22.307647275060585, 75.77958853177543, 67.7336781721234, 61.171924747920805, 60.33178836140128, 55.52667434666111, 53.83173027052768, 56.61806967882955, 66.57738294192701, 69.98774841881463, 73.17116248999105, 75.30331544974666, 75.94352926373868, 72.97350178018982, 66.38285341511705, 62.670528132229634, 59.483436907178614, 56.57282882447391, 61.232695852536615, 64.27307759345027, 67.19649189059297, 97.95631040052413, 97.23524607303649, 99.9187218809167, 102.92866476382858, 112.08388525003929, 115.28277276789659, 110.01703631928338, 100.93714377198609, 93.84507391019591, 90.54884841668317, 80.68584447319223, 68.60671304400927, 62.60442083237455, 56.448808796469216, 57.012881883001675], [23.542332321711648, 25.734522354075626, 35.08961001798825, 44.21466890236006, 35.16906790981595, 29.57721779716735, 26.24123563251685, 44.580958538012176, 49.94079718638552, 56.715751054979926, 65.09283783237494, 73.58275990025322, 65.44904008885258, 57.52648088419408, 50.39198507711763, 0.0, 10.725627423988069, 19.46766848042762, 29.293742929665736, 38.11203066270211, 38.60976118517747, 27.100566826439383, 19.250859235055273, 11.872478820609826, 7.004169882916318, 41.400984011231515, 48.50605066584684, 54.69670711170751, 64.42741488718261, 72.70755641647062, 71.59528410959348, 64.41695806165495, 56.94140013736544, 49.92564324753493, 43.947139957975125, 18.353985251046296, 28.458351670476628, 40.53272784477986, 52.2197321046994, 60.872749854839846, 64.78402130484432, 67.62788977142283, 69.66430051640711, 64.51511997548921, 46.15117168451326, 37.77271691290945, 30.105999304101204, 80.61672033740328, 75.11482774194945, 74.01395242091907, 77.41238473012606, 77.9578014258092, 82.13486668381202, 91.87399707563034, 94.63300977888167, 93.99754091488808, 92.90167811909254, 90.44709243744003, 86.93859282534001, 80.0480927837358, 78.69059388201691, 80.36094163268992, 83.10323839645571, 89.57549708403123, 85.06840346595936, 82.37932019542653, 79.76493682132195, 62.409054452401314, 72.78795135410387, 84.5728432794452, 95.39968762050023, 109.49703311249677, 120.16401133185586, 120.8147466883267, 122.85067681873589, 129.62770326143985, 131.64071640309362, 125.5046043667566, 115.23334318722152, 110.13837972691725, 100.48176973334868, 92.2480339925359], [23.74990769710038, 22.99266652907116, 30.477593292001522, 38.497673942622804, 31.27095910250012, 28.035919548598475, 27.059669116771566, 53.67381756973376, 59.235920797302455, 66.3348265508274, 74.63356349464293, 82.71462789330582, 74.98479701210647, 67.10927532266432, 59.67134356975869, 10.725627423988069, 0.0, 9.046402929674207, 19.2184491174477, 28.597824717733776, 29.675426519080702, 17.91256889588554, 10.803936885751696, 7.521412826160654, 13.282771254144704, 51.41589363185007, 58.30068607533902, 64.26236667947543, 73.624345754804, 81.64393733195877, 80.77530462260466, 73.90066130687747, 66.66325461316212, 59.81510164141929, 53.925719620533954, 27.8516793229483, 36.365462416345224, 47.97434167255685, 56.96083622648294, 66.1325769983456, 71.31204179097105, 75.08530003061084, 77.53436537475831, 73.01472009848376, 55.50329971674103, 47.528166427764546, 40.34658537285071, 83.35772744942891, 79.22638071114989, 79.72370560148997, 83.71795458362715, 85.05367769849944, 89.640124077584, 99.51346614399039, 101.49525743950039, 100.35332140606114, 98.52087029146351, 95.33247993847067, 91.01387698996754, 83.40184063779834, 83.69055111032654, 86.47018700510345, 89.96732187554146, 97.06955770727706, 91.7995234984801, 88.34703537338612, 84.70090314687755, 53.070959227534544, 65.71666534064993, 79.68091192408761, 92.18044944982309, 107.46161105349601, 119.79536168949355, 122.15399913139274, 127.51323443893216, 135.67717735862738, 138.18144140535367, 132.5297853355967, 122.51094533055091, 117.67362391982878, 107.82867103423465, 99.49252258321023], [24.57656186645638, 21.464968803082407, 26.25198293206946, 32.6741760024914, 27.690134197082923, 26.908305016762945, 27.94220147598959, 60.18274093898019, 65.93886493547623, 73.40098928645453, 81.63038530553915, 89.31899461739872, 81.94764559162603, 74.08088447564754, 66.32987503105343, 19.46766848042762, 9.046402929674207, 0.0, 10.235787829728693, 19.84189411764564, 21.311304170654545, 9.972158925439162, 6.308058290175035, 10.95031076402538, 20.17979627255347, 59.60766381534625, 66.39170539594762, 72.16099201229665, 81.11873397002398, 88.7264120588399, 87.93501216132142, 81.44533733912513, 74.44720360761676, 67.65577374700503, 61.7828585310017, 35.09647870416475, 42.21932858265724, 53.453202864941645, 59.74801500202895, 69.18802967946358, 75.49691976011432, 79.95335681200291, 82.56756140240562, 78.59075302034292, 62.256787002884955, 54.642649646602706, 48.08884744339446, 83.93156165072217, 81.10463781432469, 83.01683604982468, 87.45619252770013, 89.41472168108383, 94.23490484896897, 104.04979172189826, 105.39746107681515, 103.86189313300464, 101.41821617975693, 97.6558949087701, 92.67764577889375, 84.50030035397475, 86.26271161214585, 89.97508644208536, 94.03735094942596, 101.50925156284605, 95.71897588949554, 91.68394521261715, 87.19349585480022, 44.76476011030509, 58.33290412428191, 73.68968747997378, 87.3795995791952, 103.52773487796509, 117.15091552964267, 120.95760680215527, 129.27667205643698, 138.4567817459771, 141.4200955638107, 136.33474233253963, 126.73869989330528, 122.3708899473233, 112.88399579238691, 105.26552979446797], [27.866981126257038, 22.932823510631767, 23.545488844040044, 26.920018866757747, 25.698288549851974, 27.953437857807224, 30.876637994547806, 67.19120946682084, 73.0889806949874, 80.88819917160188, 88.98750098844707, 96.19402506557698, 89.26130641165774, 81.4533213991636, 73.42634033409196, 29.293742929665736, 19.2184491174477, 10.235787829728693, 0.0, 9.825391176499126, 12.042427945583311, 5.950683332753478, 11.734414914943654, 19.177109002790708, 28.803149364648814, 68.51979963349419, 75.18607794196434, 80.72856346915096, 89.19610278605062, 96.27853346239027, 95.53832551408408, 89.52368573012693, 82.82140761963988, 76.10419573125822, 70.2712488092008, 43.36279522495579, 49.13862576635449, 59.932314730269596, 63.25803899466013, 72.79544063284098, 80.25763418586844, 85.31160075780741, 87.94730983187544, 84.51072637760595, 69.69755442675931, 62.45930451984855, 56.552574464007336, 84.57563727762357, 83.27104374627005, 86.69863769659314, 91.53588177373997, 94.08742135382276, 99.03937952485877, 108.61318106228074, 109.35406764033773, 107.44970805206593, 104.39002089599222, 100.07336270956786, 94.43209952812076, 85.71479649975883, 89.09595576141369, 93.75801378388702, 98.32945807559416, 106.01178027910763, 99.82363606982008, 95.25249291417495, 89.92103101184463, 35.494047848924865, 49.57596693841431, 66.47575600977189, 81.4588579573072, 98.56060267041573, 113.58266470501299, 119.04906594306848, 130.7285266094201, 140.770648116747, 144.16997959603626, 139.72194958436287, 130.65217520542888, 126.86527904042075, 117.93887091878379, 111.38463717427648], [31.526533985429932, 25.87532587514433, 22.51261305654199, 21.795730476333066, 25.089303069518564, 29.823954118317793, 33.94575485080439, 72.5897841312583, 78.57399841095392, 86.66509047761534, 94.58687754789278, 101.2814568166827, 94.80405784125661, 87.08991710179502, 78.84489674338683, 38.11203066270211, 28.597824717733776, 19.84189411764564, 9.825391176499126, 0.0, 4.254954238518318, 12.196731569391078, 19.833380687118645, 27.26436236187208, 36.56311024306988, 76.04675034674194, 82.60432192425756, 87.91539388842638, 95.85864228789973, 102.33621066474508, 101.57347789235084, 96.0847197399797, 89.70316092982671, 83.05234301357633, 77.27027555969796, 50.3784689478687, 54.854094577534546, 65.20914786477822, 65.64775819228895, 75.0947071721551, 83.58307729206079, 89.05518900121177, 91.54608262318601, 88.60178815838991, 75.55507747520393, 68.71817431466448, 63.539423446648534, 83.90746558634532, 84.09136384718101, 88.89333275659406, 94.01057305636762, 97.03027050225165, 101.97739196151747, 111.13895252310685, 111.3831673394895, 109.19824379048706, 105.62072959604073, 100.87452764794206, 94.68799805862434, 85.55525996769371, 90.43216874771751, 95.90673576144145, 100.84118960020773, 108.52257397059898, 102.13218700094872, 97.16544253095002, 91.13856223806718, 27.774853736114963, 40.38019832719555, 58.328858058346576, 74.33782879105766, 92.25332731459248, 108.44633075255526, 115.43055654341303, 130.25525247959635, 140.82954469994334, 144.60553065031016, 140.83135173699964, 132.39468041608407, 129.30685732980916, 121.2536182857243, 116.1975106215471], [29.420486096532766, 23.451993110093028, 18.889769394224533, 17.62394483379805, 21.500244180874713, 26.920270366159773, 31.57152561000239, 71.59663012524658, 77.66034187941864, 85.89917119337625, 93.83365594046576, 100.51481591539176, 94.004995258666, 86.2236014788483, 77.87719466039815, 38.60976118517747, 29.675426519080702, 21.311304170654545, 12.042427945583311, 4.254954238518318, 0.0, 12.393607579544305, 20.013701869427504, 27.261461968402763, 36.3379542628759, 76.19707483250417, 82.84824970122128, 88.1897546065068, 96.09859512097077, 102.41775517655562, 101.48367338987669, 96.09624220396887, 89.72363227740469, 82.96928761025931, 77.12326422375543, 49.61731357796322, 53.17811731091382, 63.09219494544698, 62.49358595715856, 71.87863562159572, 80.64783676356183, 86.30931242034148, 88.89273666388871, 86.30174840462416, 73.8554179470802, 67.40760120347406, 62.94613213355763, 79.97149023936241, 80.44500141337038, 85.60183270809542, 90.81491932486475, 94.03156638702607, 99.06633134815077, 108.27002108474653, 108.17607944645223, 105.84894678058751, 102.10224604969386, 97.22456183099523, 90.91530063246873, 81.71501914659734, 86.91570260893012, 92.62257631960321, 97.72054083263983, 105.59167671975727, 98.95596079158302, 93.82194050709444, 87.59506961394695, 29.508188302748344, 38.635699060458904, 55.04948610759214, 70.66778983245177, 88.28647594109594, 104.3573049441631, 111.29714536461209, 126.40288288003725, 137.51129094254424, 141.69292361815803, 138.39644993742428, 130.43909490255524, 127.84894958486042, 120.65521555642687, 116.6183401538399], [23.034223246133433, 17.533912116194976, 18.656702605846885, 23.72405395022421, 20.58033782186602, 22.57178883340463, 25.979237515314626, 64.24383162411493, 70.26958955642209, 78.22248872266155, 86.4466833840605, 93.87023531841821, 86.6667474862892, 78.67628465471141, 70.54245152777821, 27.100566826439383, 17.91256889588554, 9.972158925439162, 5.950683332753478, 12.196731569391078, 12.393607579544305, 0.0, 7.98879476696291, 15.844301732972712, 25.610486577332082, 66.62498880920175, 73.52557021842922, 79.23733139328054, 87.88860656972342, 94.96982494700875, 93.95210909086943, 87.87354351439362, 81.03250518911254, 74.0890473106423, 68.10134569697759, 39.77523017489566, 44.479833415553735, 54.70296421979812, 57.62399685841496, 67.15216203357248, 74.65151039511763, 79.9185571744856, 82.8643034368115, 79.85477776617785, 65.14632270495605, 58.41424751335601, 53.480031345275606, 79.05107097553737, 77.57322535126383, 81.02113970727349, 85.93856393453645, 88.67054254399883, 93.83650853975821, 103.73939960679303, 104.0582966031156, 101.99539855895618, 98.83709613462996, 94.44242259442598, 88.80284286841287, 80.14149013509308, 83.42841297734009, 88.16707766605367, 92.91544073803139, 101.01787602245318, 94.4104184702734, 89.67385440893143, 84.2652199004122, 39.58996844212112, 50.36121778690731, 64.92291625107889, 78.94701809260702, 95.21930256986244, 109.61631465321672, 114.45169962143511, 125.36452349843877, 136.2230135315691, 140.18644729865733, 136.28057491844814, 127.7540949044527, 124.50841771697208, 116.62771789660056, 111.12262326473191], [19.191081775076718, 15.441682752891314, 20.763296064480755, 28.31966410095079, 21.938628988931946, 20.882588701872812, 22.488195981016457, 57.93375609329219, 63.88887861630152, 71.64426581732859, 79.97792717339705, 87.7592699261746, 80.2198333241015, 72.15980644775357, 64.18969712942172, 19.250859235055273, 10.803936885751696, 6.308058290175035, 11.734414914943654, 19.833380687118645, 20.013701869427504, 7.98879476696291, 0.0, 8.014404756551295, 17.965829511367208, 59.28431258904636, 66.30237730335215, 72.18255703355611, 81.16747193058985, 88.57741845002127, 87.47496522255734, 81.08282777788678, 74.03244646601233, 67.0001060795343, 60.957084048924735, 32.43786896853497, 38.010480131707055, 48.69848008950182, 53.90965412280926, 63.386480029940074, 70.01832484492704, 74.79974997215155, 77.67890019265933, 74.24005597066258, 58.445292976427474, 51.43520869428591, 46.16918840396055, 77.71814456336635, 75.00570591508665, 77.23401412617473, 81.82641814299035, 84.07030782789445, 89.1067984910163, 99.16499257871351, 99.9903108867023, 98.23871264865844, 95.58322575229221, 91.65389063984212, 86.55786624001747, 78.33122297447021, 80.30877338325294, 84.28186011774068, 88.60417449737459, 96.49636972080197, 90.24222666257961, 85.95194553897228, 81.22714583759785, 46.482159520016324, 56.80606687897972, 70.0751274717499, 82.9524330510098, 98.42243086235679, 111.61878202914956, 115.08606787082253, 123.2966780520879, 133.3627599577013, 136.97283852698317, 132.59158084436172, 123.69990670380491, 120.07336002527724, 111.9188771212371, 105.86604865323872], [16.40459311713954, 15.768064103994412, 24.08568403755007, 32.924436354125504, 24.551330852257465, 20.632926820824476, 19.71626653403207, 50.7188687021951, 56.5950606517964, 64.18659096438844, 72.58569980977047, 80.62532662896047, 72.83979492473384, 64.74143494628512, 56.91571317777911, 11.872478820609826, 7.521412826160654, 10.95031076402538, 19.177109002790708, 27.26436236187208, 27.261461968402763, 15.844301732972712, 8.014404756551295, 0.0, 9.989290069530512, 51.52049689148679, 58.63627308924962, 64.62696027895727, 73.8154997435325, 81.40454743898356, 80.18758621849068, 73.60271020636303, 66.4190032717902, 59.305301466512894, 53.21636463110004, 24.64900204354318, 31.280159039143594, 42.73632222852128, 50.08603554136623, 59.38668661538294, 65.17219139788965, 69.29819555281887, 71.85051522594118, 67.85472695833083, 51.34212698268231, 43.93556039792538, 38.2905350251541, 75.96085726426638, 72.12010786923706, 73.1179826532857, 77.29580681624137, 78.9355278892025, 83.67301480458681, 93.64242675676462, 95.1431039207347, 93.79720099105178, 91.71075822455091, 88.33812746392061, 83.83709466253998, 76.0857407095632, 76.78303816477379, 79.92665685830025, 83.6850589564869, 91.08729619447891, 85.43820660924835, 81.72090384074714, 77.76117880004661, 53.0735822591608, 62.268114064106506, 74.16230169960691, 85.82774971566727, 100.53959482214202, 112.50362892823436, 114.67052643919949, 120.3438798132404, 129.18884913710968, 132.3063617461193, 127.4112855489273, 118.16998990663852, 114.21515508621529, 105.93771375855322, 99.70272174724067], [16.959753052615508, 20.20717940115072, 29.983937993230793, 39.384389351736075, 29.76661389184719, 23.43663858497001, 19.45087441280787, 41.50173861504341, 47.25675758575354, 54.64603219072529, 63.11143042712777, 71.44628940398863, 63.37169346087057, 55.23173184798494, 47.59496968371114, 7.004169882916318, 13.282771254144704, 20.17979627255347, 28.803149364648814, 36.56311024306988, 36.3379542628759, 25.610486577332082, 17.965829511367208, 9.989290069530512, 0.0, 41.98049819448693, 49.22738127482572, 55.330281005233616, 64.70014370090605, 72.41311326673882, 71.00136705575808, 64.2426679399983, 56.92764197818463, 49.69233494990987, 43.535288509904035, 14.926653861018185, 23.47876144137165, 36.08429691628403, 46.08437201832679, 54.918553572230074, 59.539486765500044, 62.65090235291572, 64.58119261150715, 59.77203533966318, 42.60122978852176, 34.553697602904094, 28.336604968818236, 74.05275209742415, 68.88809717962978, 68.2922694455505, 71.84521057185744, 72.61429760680217, 76.8319873551226, 86.50607645315317, 88.97307461923201, 88.20994173110635, 86.90118307108946, 84.30983440600428, 80.62244646955946, 73.55815828417832, 72.63994824703111, 74.6539857807287, 77.57467182597608, 84.14142440915413, 79.45154343316867, 76.57331618282109, 73.67379006819726, 61.35717691593544, 68.91704777537348, 79.05323867847682, 89.16115520158917, 102.87556260772902, 113.26440198079071, 113.85475727902985, 116.43010972440058, 123.49400197534705, 125.9224596797952, 120.38141118319157, 110.74067341429921, 106.42782079190818, 98.15887972513765, 92.00095928063786], [52.966859104339505, 59.325798670768165, 68.79510973278367, 77.27325008635287, 68.05899144616225, 60.268563884328195, 53.35008885331075, 22.66367298771064, 22.43318879757247, 23.10825543570003, 29.53071183349851, 38.28731208701783, 30.239511182542167, 24.88356503335754, 23.32779786886825, 41.400984011231515, 51.41589363185007, 59.60766381534625, 68.51979963349419, 76.04675034674194, 76.19707483250417, 66.62498880920175, 59.28431258904636, 51.52049689148679, 41.98049819448693, 0.0, 7.549630117748882, 14.157096739912848, 24.770803675155513, 33.99744240905551, 32.53565709487617, 24.20945507023917, 16.22101657301308, 9.847772481773834, 6.414181035274728, 31.120576772932488, 38.23528438948548, 46.72453726792052, 62.34111932757423, 66.87132549085158, 65.57171436085791, 62.57266964585542, 59.68764943002099, 50.0512016019682, 36.50490142847858, 27.987009293905555, 18.4169211430652, 91.15642729862186, 82.45790880333541, 75.7