{
	"dissimilarities": [[0.0, 7.373502585819166, 15.423616358252788, 24.89049317496294, 18.815993381859116, 11.393008254962865, 8.517756582626848, 43.29323565954637, 49.09138869264551, 57.479450487176585, 65.69102579031242, 73.344769076507, 66.32093866515221, 58.19676672870027, 49.74668411061123, 22.279516611099286, 22.950274942315637, 23.473042378084116, 26.953280508294068, 30.97877202786234, 27.138597620567015, 21.459165835803546, 17.879159879986222, 15.466352414146945, 16.356739816880474, 52.920132989204006, 60.66253352360724, 66.23573408702654, 74.56522903701047, 81.21216211143343, 79.18797818038625, 73.41490858480428, 66.78444777180668, 59.656019030883876, 53.68661862967369, 18.998816560567214, 22.35577434990882, 34.600130610273645, 39.42775324987355, 49.30127732016491, 55.71726918346813, 60.06851382115511, 61.82643498942665, 58.307490033505275, 45.26719719362392, 38.10376902274613, 34.360917322427774, 65.5968160480387, 59.26477606086817, 61.33646529175423, 66.02891423139535, 67.5035921643583, 72.64576164030781, 84.74542298350696, 87.25799687413496, 86.34541445037081, 83.27999285842701, 80.89451425390855, 76.13564215832692, 66.82278909594142, 62.814717120316985, 68.06521412684894, 74.3415077394283, 84.29301947279826, 81.1494407330832, 74.9698402372242, 73.05086834169532, 52.54241142068024, 53.36448659474568, 62.415408097150674, 72.12075321008929, 86.40840974649063, 97.65355241274077, 101.29753178664228, 110.28039072858705, 115.00989516854821, 121.41166191168797, 117.99571973773698, 109.77253733851258, 106.07233516958976, 100.39998129772681, 96.27958734321167], [7.373502585819166, 0.0, 8.855532801596134, 19.773684707157916, 14.633854110006222, 10.595562206015401, 12.624627845342015, 50.64890537109801, 56.41896458682655, 64.75660850290255, 72.9953584158642, 80.7102692843835, 73.68397871481257, 65.54625934503754, 57.10607310409779, 25.0544512167183, 22.626136096094115, 20.683480983248323, 22.177670340956443, 25.17374454917703, 20.89397447861933, 16.000297638632418, 14.460399080980476, 15.443789716629887, 20.269164948885805, 59.315285055968914, 67.18320602820522, 72.865660450571, 81.36435446941718, 88.15800263457155, 86.25203102984428, 80.37537685460674, 73.64502060054006, 66.48995511216401, 60.46637907923989, 25.34715906193317, 28.426517041799634, 39.145247825910886, 42.744620202500414, 52.88436027267203, 59.718985230463105, 64.8414615198109, 67.35008882844838, 64.56721320321722, 51.175891632514414, 44.573012205972, 41.094480522908896, 67.0236279899528, 61.51457070667249, 64.7911913004904, 70.03496395707607, 72.1258989376658, 77.76271231051737, 90.2750538012415, 92.0047377390785, 90.50966071308042, 86.89853412458282, 83.89745070426925, 78.40496877931973, 68.57306304926432, 65.79073344145348, 72.00101846106169, 79.21684234642527, 89.695332831839, 85.90812679390969, 78.7618617947761, 75.95678514755699, 47.696189472740414, 49.41998154113631, 59.627312159557775, 70.50715482420617, 85.31004497417288, 97.74156878992092, 102.50349942975411, 113.4909134711703, 120.04862396595017, 127.06015481734462, 124.21662327832172, 116.33370266489462, 112.95487616265291, 107.31388072269017, 102.92143496437822], [15.423616358252788, 8.855532801596134, 0.0, 11.604612080322458, 9.513647998349372, 12.427699865431055, 17.754507443206307, 58.22986670713556, 64.18173863534912, 72.67536536372123, 80.80137051640463, 88.01553047581095, 81.16741072112087, 73.07386709651205, 64.57000253033375, 33.21281266650252, 28.92440770836309, 24.654540293912074, 22.351093706064812, 21.528972579690212, 16.841257549471084, 16.49662262889592, 18.827533846516438, 22.63489286873897, 28.928425696671503, 67.96354029831753, 75.710149981762, 81.24684944699692, 89.4103271108989, 95.79830633587522, 94.00055972650175, 88.48168763985663, 81.97526888067937, 74.92331494080786, 68.9746516821896, 34.04414246349266, 35.85461336882475, 45.263545950169174, 45.83708369076682, 56.04673396597388, 63.738116273194606, 69.60296381881281, 72.39898201883362, 70.45711253454171, 58.44689795994428, 52.51157466185797, 49.68270831230679, 66.0050687564943, 62.2838506218582, 67.57966902364245, 73.39821138288974, 76.19367242720614, 82.05254118454474, 94.29101823846472, 95.1271610473394, 93.05775474968334, 88.83873805855576, 85.09804668114403, 78.55233177573396, 67.83745705838311, 67.4750510006284, 75.00125915455001, 82.93720724640312, 93.50375508871511, 88.9439761292194, 80.83221714104121, 76.82931980474736, 42.48037193232268, 42.182090885621335, 52.58799721965392, 64.54089677487774, 79.96444346492304, 93.9083669372616, 100.21441895296198, 114.37043241989257, 122.49932586877277, 129.95499801063104, 127.9044234417783, 120.65333320735145, 118.09329431785781, 113.1762504460832, 109.78751507289543], [24.89049317496294, 19.773684707157916, 11.604612080322458, 0.0, 9.73009676022335, 18.192895170729397, 24.22906284013581, 65.00910403091832, 71.25987655077903, 79.9773154653753, 87.80105411140508, 93.97518223506503, 87.45915069212953, 79.52690837863034, 71.02712671688991, 44.5363028630578, 40.1666216833, 35.194754114081036, 30.598684477896498, 25.7804780659142, 21.834546591730337, 25.968265518734686, 29.841132858453115, 34.05596286882748, 39.94787592411479, 77.43021967321702, 84.85636093766895, 90.04103763498854, 97.44911751030617, 102.94203104591392, 101.1824706184222, 96.4189213208587, 90.41537786841099, 83.5805148802733, 77.83111238109466, 43.67992307450435, 43.588765430059354, 51.74613357399849, 48.07975293539234, 57.932398967041536, 66.685940589781, 73.10399791371849, 75.69996960984506, 74.69687782422632, 65.6164413013366, 60.5012203268723, 58.729819620111684, 61.84862748073934, 60.84465759620022, 68.70477450433393, 74.9804101645165, 78.46241716848378, 84.19619773752235, 95.41385994904051, 95.29016852145263, 92.71977377896357, 87.9258206200304, 83.43066416670399, 75.66684944936279, 63.86441136364152, 66.97179373946582, 75.94299149101715, 84.2275359181718, 94.36017099752898, 88.98655641269664, 80.06538125696983, 74.69695028313375, 40.58225135674487, 33.15814510857748, 41.367410133888015, 53.864924888946895, 69.91876025092128, 85.47236352751517, 93.55006424117512, 111.66667565617647, 120.9385595431092, 128.68429438368858, 127.69854795602019, 121.46004797787175, 120.26145096222213, 116.91378933587666, 115.87118939205092], [18.815993381859116, 14.633854110006222, 9.513647998349372, 9.73009676022335, 0.0, 9.464815526844992, 16.45204276194799, 58.254601388651906, 64.82306676114416, 73.5343564908256, 81.4491294946305, 87.89246180232318, 80.82879573492944, 72.70434754708639, 64.28414102816326, 39.37067035309075, 36.87076707326924, 33.57220777409608, 31.82504479892717, 30.163915955839457, 25.524849537960726, 25.8352362942035, 27.45327152349933, 29.908083218139893, 34.100068700170226, 71.20708770356192, 78.87813770710275, 84.31132598821824, 92.17463267686364, 98.045171221143, 95.88764165085554, 90.73842132493047, 84.42808452396883, 77.35158867912682, 71.46938378238988, 36.43297482419569, 34.909569064593526, 42.18581867017376, 39.241335592541574, 49.27828786079036, 57.66623161874584, 64.10390113588798, 67.17746531633219, 66.38744669963106, 56.49372387751299, 51.970043617555845, 51.39631056364269, 56.78739449109841, 53.79297474092447, 60.363509601721816, 66.54770376717362, 69.91120775605432, 75.94863576316389, 88.11055793475151, 88.02618836654388, 85.4688075251972, 80.8467310084879, 76.6889605889201, 69.67726771504215, 58.72298492856304, 59.45647817724314, 67.82839836862446, 76.33325780349811, 87.1408020234432, 81.86469106859754, 72.99519958874838, 68.31600874280697, 48.73380720301575, 42.46311671558627, 48.03156032553246, 57.39608443234721, 71.76862796209083, 84.86242568914975, 90.94435967423608, 105.76160701139337, 115.419167247771, 123.96486592312968, 123.28007369281926, 117.24521988228773, 116.06338651092501, 113.26428354933007, 112.3235730250599], [11.393008254962865, 10.595562206015401, 12.427699865431055, 18.192895170729397, 9.464815526844992, 0.0, 7.376851844661855, 49.274453378779036, 55.86776028493781, 64.51923663987506, 72.50712950965831, 79.27623873226969, 71.97800900594446, 63.770353757490426, 55.3782653209083, 32.53900643331614, 32.32917946341597, 31.157648913104165, 32.26641497750491, 33.46059080079212, 28.879497047827858, 25.94616731353558, 24.877526859857934, 24.80370621796487, 26.589489442972965, 62.22517907945379, 69.94158471006183, 75.45181684043513, 83.51698407655148, 89.63348925234546, 87.29232164909607, 81.90346936816883, 75.45070977484045, 68.2888988878424, 62.372503119430995, 27.33221886424874, 25.54955979129842, 34.01179921873577, 33.72535163717292, 43.926360409524506, 51.59810131873478, 57.30344740562792, 60.02118577264414, 58.42726157835981, 47.54059191544111, 42.58616788280189, 42.047122088187066, 56.429164185179076, 51.27674313437507, 55.60995597103907, 61.204013825773046, 63.82527552381537, 69.63110727660099, 82.09736302682593, 82.96975379151564, 81.05068977416352, 77.0985637402701, 73.77935406651702, 67.96283399076921, 57.996062773955565, 55.89410248748217, 62.85772712821851, 70.58793490774995, 81.33309717938823, 76.8474450540914, 69.02017401634282, 65.69968758144704, 53.93740693743634, 49.63525818521157, 55.13079415299662, 63.16358389677864, 76.70813320404385, 87.8987277324968, 92.10293715674176, 103.2795945419794, 111.14507106223452, 119.2727685885073, 117.84246782713862, 111.250864895065, 109.39004449004564, 106.18371392858234, 104.71943169105515], [8.517756582626848, 12.624627845342015, 17.754507443206307, 24.22906284013581, 16.45204276194799, 7.376851844661855, 0.0, 41.95813209107829, 48.51732190711523, 57.1871959356026, 65.15909418963946, 71.95457021759245, 64.70360011969979, 56.51466666183727, 48.090040133205875, 29.250880770113678, 31.14777416116352, 31.67999483778332, 34.41431542331264, 36.964388727891354, 32.75434604885649, 28.515172567129472, 25.794749312486406, 23.591223162058004, 22.755022984036376, 55.5204719514038, 63.06713350725079, 68.44826553651566, 76.34240741480916, 82.35899970713353, 79.9666787832767, 74.65442931399583, 68.30517123144878, 61.208882747381146, 55.3726309921623, 21.321645115914386, 19.651517349489374, 30.189549607491, 31.873137155705226, 41.82249815992853, 48.92989795103361, 53.67559713232769, 55.487005223198224, 52.87053624907296, 42.08654066670823, 36.34014520088074, 35.343688435491195, 57.15635205985858, 51.00101533714851, 53.7592366615025, 58.67369660127604, 60.50773312995165, 65.7334837707152, 77.7588968097689, 79.6651166189583, 78.47918803390316, 75.1981990273605, 72.63134349414885, 67.69833759281559, 58.33458544513516, 54.710221345184365, 60.457139220309685, 67.03777797345855, 77.16198124289052, 73.50277294790651, 66.87839249017937, 64.65729488331147, 57.27882415497253, 53.592253016119514, 59.060558104119245, 66.48363015509861, 79.72246750204442, 89.87388876565738, 92.97069379555674, 101.93749286894456, 107.5123030812163, 114.76500975089003, 112.46033784616885, 105.27505995852061, 102.8356498449713, 99.22793283406375, 97.6439431230443], [43.29323565954637, 50.64890537109801, 58.22986670713556, 65.00910403091832, 58.254601388651906, 49.274453378779036, 41.95813209107829, 0.0, 7.507751018628814, 15.965411565808411, 23.44407891610805, 30.673651222878668, 23.050976042402763, 14.93312076052695, 6.578294607213179, 42.91737861149264, 52.43681210664743, 58.60338418734545, 65.63094484386325, 71.58488790041486, 68.80509738323208, 62.045189407706026, 55.97818286497383, 48.91374147368142, 39.47909179356038, 26.39276061046004, 30.163417942142, 33.437495908100075, 39.11673714298989, 44.019964606624434, 40.45961342579463, 35.84323748035575, 30.856742604108394, 25.15428600021048, 21.611711413870513, 28.97857643739068, 28.437918330794396, 35.79993567020659, 45.461784771975545, 48.708409795732656, 49.349353512258794, 46.35827506119417, 41.51216401268849, 31.58517545567227, 27.216866626249725, 19.712876688548377, 17.612978864012245, 73.50324183985997, 63.65895459800771, 57.22432702975231, 56.75748325753889, 53.1815645502082, 53.342859332592695, 60.527970784188064, 68.99469209646038, 72.49354349023268, 73.78010925818887, 75.95839916138719, 76.84195861378076, 72.73699175356634, 61.762519110332484, 58.97596502337227, 56.93759201199346, 61.28611431951869, 63.88922953319185, 65.91572384617864, 70.46148165333524, 89.48007354346666, 87.69688700646054, 91.52491462300236, 94.99845817105714, 105.06168439075952, 108.84485010914977, 105.64557879816469, 100.57218916012148, 92.63969262292905, 94.45321743872417, 86.81706507012971, 76.19034891205303, 69.63657150487927, 63.970047923165936, 62.193963270061275], [49.09138869264551, 56.41896458682655, 64.18173863534912, 71.25987655077903, 64.82306676114416, 55.86776028493781, 48.51732190711523, 7.507751018628814, 0.0, 8.833370698661017, 16.670282911869013, 25.079846510476777, 18.15236219876383, 11.172259874842556, 6.287042534739206, 46.300358952144435, 55.9731848051328, 62.5235072473954, 69.82495825741388, 76.16262425231307, 73.70085339368183, 66.75826525077191, 60.50851036277434, 53.270009387858515, 43.74019125853141, 22.32631945950951, 24.31615814554709, 26.69395324202725, 31.702072493086774, 36.65407312403349, 33.058348994751704, 28.365016258521994, 23.754812791331403, 18.786021352037288, 16.528695960346813, 34.07563997009043, 35.13322783553458, 42.42104121596456, 52.79584602106636, 55.64959917069172, 55.64593072887774, 51.916560956596705, 46.4879474391622, 35.97070351892532, 32.2031091437103, 24.914083588594224, 20.941758041623583, 80.55056881862227, 70.69633610196908, 63.67434748607148, 62.67522537574084, 58.55014073978164, 57.98130690783137, 63.955866487725324, 73.3562594830769, 77.48792739715589, 79.3462451311503, 82.01373737651612, 83.40209468858735, 79.6661359177639, 68.44773281197526, 64.90501775949139, 61.807699185196945, 64.94319655233589, 68.55005443164627, 71.70896064214752, 76.83150281121344, 93.47345797190486, 92.9387949548766, 97.58901619332283, 101.48673892602731, 111.70139623742301, 115.39779690362141, 111.92112049749676, 105.65319159384785, 95.42978780057508, 95.71146442315916, 86.55916840026853, 74.7813853360195, 66.62445119740369, 58.978050555327606, 55.394245714141874], [57.479450487176585, 64.75660850290255, 72.67536536372123, 79.9773154653753, 73.5343564908256, 64.51923663987506, 57.1871959356026, 15.965411565808411, 8.833370698661017, 0.0, 8.429147269004321, 18.819217651202962, 12.692744239505853, 9.432031173688413, 12.030146807798939, 52.75847957329555, 62.65323457165049, 69.58595865191661, 77.23760665168406, 83.96004261477731, 81.66604281067569, 74.46275421432182, 68.00992555721409, 60.59879361784042, 50.91295050374365, 21.476161686277322, 20.415712911497234, 21.067712737456006, 24.728813479944446, 29.58335850079279, 25.437939543088273, 20.602600959993232, 16.8959333468785, 13.978337340101003, 14.807783230680208, 41.68112567202075, 43.0725042769143, 49.185222464749586, 60.16989822765321, 62.15585287046453, 61.083080701845546, 56.342352383562066, 50.3449208220823, 39.46874910107125, 36.914658309298176, 30.853998105929595, 27.231691457506063, 87.64474938695162, 77.44113982963583, 69.30116768624463, 67.51430275212394, 62.67513150603261, 61.25838127065051, 66.03842415507185, 76.37595362497528, 81.21001171920021, 83.81469269460662, 87.17928533607011, 89.45245963405834, 86.58359435783842, 74.54020857497609, 69.79711008319485, 65.43068995943506, 67.3157306044323, 72.08845449239097, 76.61864464430644, 82.63545301302644, 101.07154955863845, 101.29813634930464, 106.0987926638067, 109.75476484260714, 119.59634007635378, 122.50120624137023, 118.17642917189937, 109.52428227443812, 97.05179473335595, 96.10012236774647, 85.7128084520129, 73.15257034305655, 63.56888737630941, 54.62172383761364, 49.610445118342305], [65.69102579031242, 72.9953584158642, 80.80137051640463, 87.80105411140508, 81.4491294946305, 72.50712950965831, 65.15909418963946, 23.44407891610805, 16.670282911869013, 8.429147269004321, 0.0, 11.596304213671267, 8.411656859406117, 11.789557790325684, 18.195627959327926, 61.04480364068471, 70.90342709267006, 77.84478770437451, 85.42119469587917, 92.03593638030999, 89.8129674083346, 82.74964992882235, 76.34621094685838, 68.96337783919002, 59.31618997300097, 27.235473055834465, 23.693891758737312, 21.945411653955844, 21.873674992392136, 24.39344957519764, 19.571418147370746, 16.892603458744805, 16.639560941832148, 17.49220866004602, 20.78219399009183, 50.09091381129093, 51.02262596116694, 56.204532082957826, 66.45923978931515, 67.54076616184643, 65.84582844686989, 60.22826559860254, 53.29274014769227, 42.32197590076303, 42.90121120077127, 38.15341338679857, 35.52852306805812, 92.46693163136838, 82.41808346810964, 73.69470751572557, 71.17323345818215, 65.74005939107793, 63.23240906602678, 66.0406634268275, 77.29517802987031, 82.89816034987865, 86.24823297703149, 90.2709622448988, 93.28711835468135, 91.15719876443843, 78.9447145091369, 73.25918497128832, 67.413943423917, 67.54236449060208, 73.44247705570724, 79.45229360242108, 86.22129965573164, 108.50784258484205, 108.23576094344196, 112.41189662811817, 115.3652165214247, 124.60366162249471, 126.55491539972724, 121.4029452543689, 110.84010594467014, 95.591662079178, 93.1156536529721, 81.54002737227347, 68.36872280081784, 57.772946431883675, 48.544333119196175, 44.482730778217395], [73.344769076507, 80.7102692843835, 88.01553047581095, 93.97518223506503, 87.89246180232318, 79.27623873226969, 71.95457021759245, 30.673651222878668, 25.079846510476777, 18.819217651202962, 11.596304213671267, 0.0, 9.444912610778253, 17.18071194662704, 24.50384741635129, 71.03595223194984, 80.61674476354099, 87.134393761084, 94.11003397551261, 99.9750886876617, 97.70371218514913, 91.3063508610077, 85.27167367407347, 78.15854749800495, 68.75900318759003, 38.7059538261789, 34.637541259611, 31.688427479252248, 27.784600043332553, 25.215293688589508, 20.647400593802093, 23.23207407963355, 26.386277978043736, 28.75920243651171, 32.26035185335267, 59.09863299506691, 58.7204403794425, 63.10547823982984, 70.87707499425214, 70.90090372766437, 69.14565003661635, 62.81071796230838, 54.375640546149604, 43.687940843155545, 49.85870488029127, 46.47570319079036, 45.39049945445363, 93.43401554338456, 84.3399814546309, 75.79074441074484, 72.57447350002353, 66.70579092781936, 62.68762138669813, 62.146717262764284, 74.36719132401534, 80.89044172952205, 85.02137396977818, 89.67263199838904, 93.25806623254554, 91.75467922585823, 80.37716744014597, 74.07812001252594, 66.35098363095852, 63.7800114477388, 70.83475701896674, 78.60378953446958, 85.94883169279848, 115.1773780678236, 112.63512763987599, 115.01193679519065, 116.50946439530904, 124.70012298793557, 125.3692091381748, 119.38126031086968, 107.59342368989329, 88.53894748754452, 83.93589237128327, 71.10463459860387, 57.436823167421515, 46.502489329836884, 39.32084614066958, 41.6501529472898], [66.32093866515221, 73.68397871481257, 81.16741072112087, 87.45915069212953, 80.82879573492944, 71.97800900594446, 64.70360011969979, 23.050976042402763, 18.15236219876383, 12.692744239505853, 8.411656859406117, 9.444912610778253, 0.0, 8.39241609219532, 16.64772271742637, 64.09447107601547, 73.9912071399169, 80.63695645136379, 87.92365922959395, 94.0291082369322, 91.4831237834718, 84.72565346767604, 78.51668208144157, 71.26003896741933, 61.57781486309668, 33.55085441913676, 31.26329898249201, 30.181213886024054, 29.967836668811465, 30.833657464419463, 25.93350373910523, 24.90437627692814, 24.864255058180568, 24.799648219353333, 26.921357536103876, 51.40991811265631, 50.30563775748672, 53.97841170058131, 62.519982996302076, 62.62024413314903, 60.644611471566876, 54.50561503713616, 46.73776361675557, 35.843919370666036, 40.43601712290569, 37.34974132846976, 37.43358095988309, 86.77551017729475, 76.86400901626222, 67.87057030460146, 64.88632778768554, 59.17826786697516, 55.98933754603575, 57.84824574005357, 69.34787121940384, 75.23894631685474, 78.91069338057055, 83.26413295509958, 86.73836915686229, 85.26224118537796, 72.9417243768209, 66.7205872432041, 60.01609527483814, 59.38981843580032, 65.62970093543917, 72.33041759882933, 79.53001146697902, 110.64394045554803, 108.1402966644365, 110.3998769077436, 111.79091643050272, 119.942187929484, 120.6252272030451, 114.63680658485934, 102.9244899030749, 87.277670277922, 85.34363174524435, 74.66581245640862, 62.52783360618267, 53.57758865344278, 48.24010566633892, 49.356666997569086], [58.19676672870027, 65.54625934503754, 73.07386709651205, 79.52690837863034, 72.70434754708639, 63.770353757490426, 56.51466666183727, 14.93312076052695, 11.172259874842556, 9.432031173688413, 11.789557790325684, 17.18071194662704, 8.39241609219532, 0.0, 8.543929948586014, 56.527192834042935, 66.42846366919436, 72.97934930144851, 80.26927516130294, 86.37131730946177, 83.68077845360293, 76.8473622139783, 70.64032804700558, 63.40217492064512, 53.70064744859869, 29.58024293552705, 29.45744251575158, 30.18989188309014, 32.744050927298325, 35.61524423537664, 31.05357920365506, 28.08504394038282, 25.583949789700515, 22.959443203234002, 23.07210820790606, 43.268905790791486, 41.918955196391295, 46.06438284777111, 55.072361200996696, 55.90671823531743, 54.496121663308394, 49.13707577881329, 42.184419061691514, 31.181375781767215, 33.30021125864167, 29.392655798156262, 29.675027935926142, 80.791053426244, 70.63094094959469, 62.101008993842136, 59.804959953637734, 54.64994104667794, 52.57258646454765, 56.64426339057305, 67.157285131201, 72.24262194054029, 75.1538071799906, 78.86379987700397, 81.64237743238253, 79.5016352966441, 67.19975450631534, 61.84240397287368, 56.61722328822041, 57.93985795805911, 62.959521439390954, 68.1357358972193, 74.63949044466985, 103.66768864117073, 101.24029253827587, 103.76299052348038, 105.57800443769277, 114.17071476789643, 115.62092020030987, 110.33664410935955, 100.4162235605045, 87.81085583864078, 87.66828660655192, 78.43501230077565, 67.11344126271237, 59.3842618707578, 54.406734142213274, 54.571862892532025], [49.74668411061123, 57.10607310409779, 64.57000253033375, 71.02712671688991, 64.28414102816326, 55.3782653209083, 48.090040133205875, 6.578294607213179, 6.287042534739206, 12.030146807798939, 18.195627959327926, 24.50384741635129, 16.64772271742637, 8.543929948586014, 0.0, 49.21603290184907, 58.849956157874054, 65.10733270294234, 72.14095096121191, 78.02877538018612, 75.27796634381941, 68.6042841683703, 62.54576301856411, 55.459831886596035, 45.96347136220806, 27.880308059085664, 29.930714247162427, 32.088840045323686, 36.345198096154455, 40.22914787303348, 36.26936537794149, 32.48370708538157, 28.564029037071677, 24.057579688605106, 22.049445701824908, 35.438721012504786, 34.246657173409, 40.004612379781506, 48.98046978524074, 51.05619421574594, 50.863272705457746, 46.760726877885695, 40.7317650876146, 30.109712676261893, 29.420960715833296, 23.72072024211508, 23.120102049223267, 75.69116098464625, 65.80737242107597, 58.51327486423588, 57.21200403447088, 52.9119120980298, 51.99717226562823, 57.69248825530059, 67.1111584345541, 71.34869161335654, 73.35979581472988, 76.22415529814975, 77.92385337657666, 74.65459090707566, 63.20504640560653, 59.29066595710637, 55.72992551187389, 58.664289511998355, 62.319651177021335, 65.79520893832738, 71.21777840822126, 95.47786925484434, 93.05365337176978, 96.0591002880398, 98.63834558736399, 107.98397364096058, 110.67666123080028, 106.54448640300339, 99.47254860043572, 89.35625102234116, 90.28948614825822, 81.99663927559648, 71.10062064817691, 64.20615912086869, 59.06947796934134, 58.60155378342326], [22.279516611099286, 25.0544512167183, 33.21281266650252, 44.5363028630578, 39.37067035309075, 32.53900643331614, 29.250880770113678, 42.91737861149264, 46.300358952144435, 52.75847957329555, 61.04480364068471, 71.03595223194984, 64.09447107601547, 56.527192834042935, 49.21603290184907, 0.0, 10.806132841463686, 18.81214129562124, 28.612222619258894, 38.08910998301832, 36.02796332735323, 26.307964340117866, 18.835979672008783, 11.386023037703993, 6.742971607236234, 40.26003676907552, 48.46362602076215, 54.764567270454606, 64.84113886823411, 73.70583041004038, 72.02442732934051, 64.47050356018393, 56.80511313474609, 49.64651201126785, 43.586198948929926, 16.871362575246668, 28.26288017627655, 40.20458739097336, 53.07183062234467, 61.683570190301, 65.1610231285624, 67.75132841987997, 69.5393221153081, 64.08327328876533, 45.481885323259306, 36.466487928465966, 27.845564251381617, 84.26636454864521, 75.3014005632446, 73.40131636643486, 76.81205289212414, 76.83688381443842, 81.65643561106162, 94.54795403523406, 98.76950843601301, 98.80410883164885, 96.83856433520565, 95.68913676728471, 92.79686715795691, 85.28145066520896, 77.28210503185097, 79.77329043112023, 84.81226662206996, 94.6301938780528, 93.22980789743242, 88.8536067677995, 88.99037152983747, 60.83917556210927, 70.64587210707282, 83.44953736501103, 94.32613832543623, 108.63317925758373, 119.04441361125137, 121.21376643545244, 125.26588823697992, 127.77613363537584, 132.9790287363802, 127.29958564651808, 117.05233560686219, 110.33982591027852, 100.58541010549851, 90.09007590801113], [22.950274942315637, 22.626136096094115, 28.92440770836309, 40.1666216833, 36.87076707326924, 32.32917946341597, 31.14777416116352, 52.43681210664743, 55.9731848051328, 62.65323457165049, 70.90342709267006, 80.61674476354099, 73.9912071399169, 66.42846366919436, 58.849956157874054, 10.806132841463686, 0.0, 8.42725156745341, 18.60683449937485, 28.776306515849758, 27.329938487953264, 17.56682820260895, 10.866798197792392, 7.613296830967119, 14.00613750446032, 50.109923382827645, 58.00573496916047, 64.06115834900274, 73.75336219295896, 82.3507009687721, 81.06334976278107, 73.81525566223276, 66.41404737632182, 59.50551136565274, 53.60012974586562, 25.735449374236655, 35.95039231509372, 47.67845298654727, 58.414431260090666, 67.73856133750952, 72.2003978599364, 75.72579318384882, 77.97695524010126, 73.14296125332903, 55.09656391778411, 46.488968977130845, 38.31857529021399, 87.45299488594719, 79.76536829386443, 79.65421277706123, 83.78431341678741, 84.52397910856813, 89.76100595171356, 102.73117641640793, 106.25155786460233, 105.74191545830406, 103.14805070901399, 101.2570438890631, 97.30609568374842, 88.78400695710216, 82.70310243599096, 86.54152594318491, 92.49237457851882, 102.63334454630063, 100.51538879016921, 95.10902598208753, 94.11480649211062, 51.804672274445444, 64.52274363982369, 79.61276337421955, 92.44640152702482, 107.79469667044764, 120.09027516027042, 123.93240592859657, 131.12032290022518, 135.02896398709316, 140.3982827270244, 134.9941735272964, 124.83550906311929, 118.3631391869636, 108.26722033277821, 97.45673594749309], [23.473042378084116, 20.683480983248323, 24.654540293912074, 35.194754114081036, 33.57220777409608, 31.157648913104165, 31.67999483778332, 58.60338418734545, 62.5235072473954, 69.58595865191661, 77.84478770437451, 87.134393761084, 80.63695645136379, 72.97934930144851, 65.10733270294234, 18.81214129562124, 8.42725156745341, 0.0, 10.31925048040564, 20.686932995491315, 19.534841605084058, 10.190797320859302, 6.331751287675316, 10.523986922304871, 20.30035711027877, 58.01343309301724, 65.78021837162761, 71.65732348496603, 80.95444181759004, 89.11971683661963, 87.98080891683333, 81.11474172868577, 73.95256404557271, 67.11967778617529, 61.24709052902881, 31.678992409094356, 40.60051784540549, 52.08777275801627, 60.65593004175959, 70.42355229407272, 75.75630758921325, 80.01533951787297, 82.53542524814169, 78.30353330186061, 61.17850350461299, 52.95765007815813, 45.48071771683881, 87.40966062647928, 80.92766700522658, 82.38774363989987, 87.07914992079075, 88.41714541264562, 93.9279103381053, 106.8258709190708, 109.68803193282068, 108.72131335487289, 105.60964994029166, 103.1085226547314, 98.28098954455501, 88.96494133538263, 84.62588292674411, 89.5913527272307, 96.22317928203056, 106.55378070607077, 103.78798258810531, 97.54566158137375, 95.59876986151289, 44.269254300702976, 58.081199799969156, 74.38174067820664, 88.4241189995253, 104.40213879026918, 118.04001517098273, 123.1797675162391, 133.00463079652144, 138.1067364659216, 143.75000428088777, 138.8459272311793, 129.0422613010633, 123.13900556442921, 113.43208250017678, 103.36743432061094], [26.953280508294068, 22.177670340956443, 22.351093706064812, 30.598684477896498, 31.82504479892717, 32.26641497750491, 34.41431542331264, 65.63094484386325, 69.82495825741388, 77.23760665168406, 85.42119469587917, 94.11003397551261, 87.92365922959395, 80.26927516130294, 72.14095096121191, 28.612222619258894, 18.60683449937485, 10.31925048040564, 0.0, 10.639059018775445, 10.725582128847416, 6.784588979293072, 11.611339738613028, 18.844092799970287, 28.996440253506186, 66.93210514742562, 74.44369674325075, 80.01933754305311, 88.6932889679602, 96.21208767827574, 95.30058164570536, 89.00751371845604, 82.23574666955615, 75.57652292816312, 69.81342737622992, 39.532545114470096, 47.25312402836903, 58.661621514598465, 64.60650773050624, 74.6997861786079, 81.01113678988048, 85.88314141397429, 88.37521292521942, 84.62846825802067, 69.01225164686885, 61.0297761525665, 53.98315485840426, 88.10380887184112, 83.3000313716634, 86.60402934601915, 91.80376307267791, 93.69544061048518, 99.28467579689344, 111.69834002135016, 113.98725899408085, 112.64980169753574, 109.0543158450712, 105.93785747149828, 100.12142172279157, 89.84887553707948, 87.7978638398976, 93.95416332533591, 101.03952396491353, 111.23964037513552, 107.88257955593716, 100.93911880525474, 97.96100085799067, 34.43002537100019, 49.69046921184493, 67.76373398811161, 83.47013761639143, 100.30584790759221, 115.6698879101286, 122.44614126542378, 135.53452874415848, 141.3989700989874, 146.98829244634857, 142.45646601674795, 132.96382021992284, 127.65330578678383, 118.3075429996063, 109.21162998631098], [30.97877202786234, 25.17374454917703, 21.528972579690212, 25.7804780659142, 30.163915955839457, 33.46059080079212, 36.964388727891354, 71.58488790041486, 76.16262425231307, 83.96004261477731, 92.03593638030999, 99.9750886876617, 94.0291082369322, 86.37131730946177, 78.02877538018612, 38.08910998301832, 28.776306515849758, 20.686932995491315, 10.639059018775445, 0.0, 4.895275603115316, 12.988623857807493, 20.089751496406947, 27.512540956968465, 37.333992060991406, 75.440041347198, 82.7597017704232, 88.06245952426781, 96.10319335343627, 102.87221977821223, 102.0539792063261, 96.39183461185452, 90.01403264136077, 83.46919586365132, 77.78811787346092, 46.67635880498702, 52.88747789981872, 63.967020141277, 67.04660804215702, 77.26643028148331, 84.52486473346383, 89.95256603688794, 92.35615619673332, 89.20917452586868, 75.45064058001086, 67.87260302143095, 61.58765259566476, 86.72318853568979, 83.75361405818734, 88.93498059222726, 94.58453440092158, 97.02594449980614, 102.62386398456718, 114.41382405755763, 116.045109120379, 114.32958501255469, 110.26584111056194, 106.54999544983922, 99.77181321766116, 88.62149201715907, 88.9980765572775, 96.31211656949718, 103.77275459640163, 113.75207612822929, 109.77143523147136, 102.16194192967876, 98.14994633355461, 25.464939454830947, 40.06233685458179, 59.36920629574549, 76.45056653283031, 93.95821401356817, 110.87862022914192, 119.22532020736442, 135.57742544346638, 142.24207188127744, 147.89361634980952, 143.98257867909933, 135.06778191483087, 130.65837805631259, 122.22730972519582, 114.82272978118337], [27.138597620567015, 20.89397447861933, 16.841257549471084, 21.834546591730337, 25.524849537960726, 28.879497047827858, 32.75434604885649, 68.80509738323208, 73.70085339368183, 81.66604281067569, 89.8129674083346, 97.70371218514913, 91.4831237834718, 83.68077845360293, 75.27796634381941, 36.02796332735323, 27.329938487953264, 19.534841605084058, 10.725582128847416, 4.895275603115316, 0.0, 10.24112129342163, 17.544277212479887, 24.97021060097818, 34.63113700854878, 73.70755856818148, 81.22095283396432, 86.65920602216933, 94.86669610845681, 101.67410832298813, 100.61430712043718, 94.87704955135412, 88.37688051194468, 81.65272299028204, 75.85233415901425, 43.50935090294532, 48.974580685734814, 59.626128430448645, 62.370418743813374, 72.59166683811469, 79.88692130037583, 85.46828301162935, 88.09305326354723, 85.25717067661299, 71.57600350987515, 64.361765596254, 58.78764038728803, 82.22468425564783, 79.04123251091997, 84.22030210652997, 89.94081342033536, 92.49885768329536, 98.23919272938546, 110.28238719047032, 111.6689219359874, 109.81176208415523, 105.67072769412329, 101.90980985379863, 95.16949571575998, 84.14614722435397, 84.29950648468527, 91.6778013693855, 99.35911134436103, 109.59280985148494, 105.43864280836598, 97.62700175101223, 93.58421394249604, 29.254721623274385, 40.219882168860835, 57.773619061222995, 73.86813836874218, 90.94035393606084, 107.26125673487603, 115.19716429669974, 131.06614231868173, 138.33377554226732, 144.52440566105267, 141.0954512304299, 132.57106644833294, 128.56362299184875, 120.88891049289116, 114.24394982215588], [21.459165835803546, 16.000297638632418, 16.49662262889592, 25.968265518734686, 25.8352362942035, 25.94616731353558, 28.515172567129472, 62.045189407706026, 66.75826525077191, 74.46275421432182, 82.74964992882235, 91.3063508610077, 84.72565346767604, 76.8473622139783, 68.6042841683703, 26.307964340117866, 17.56682820260895, 10.190797320859302, 6.784588979293072, 12.988623857807493, 10.24112129342163, 0.0, 7.530625287657133, 15.330963160790425, 25.431201132530354, 65.18310568224258, 72.97900520876146, 78.73459876086189, 87.59355972452852, 95.08886506047261, 93.82332344181519, 87.4810454994522, 80.56283279886539, 73.63795216257613, 67.69483824557216, 35.26047164944169, 41.81449034199483, 52.64790665357863, 58.09206700960575, 68.2010724732729, 74.59775819768237, 79.71360310673352, 82.51962548236409, 79.24450785618919, 63.791938288569675, 56.3484598322673, 50.43436554866459, 81.7778831847472, 76.71940810116038, 80.05593108200873, 85.37015158523985, 87.4459887997835, 93.24016374646799, 105.98624948927085, 107.90080263505719, 106.35139531222997, 102.63273978039429, 99.43702947047963, 93.65130910168023, 83.54960799257137, 81.24368539442983, 87.51965947007034, 94.92817862663776, 105.47780648821622, 101.84823851994803, 94.60158730888955, 91.55362688702071, 38.177377581423734, 49.295965708209685, 65.18348199037386, 79.57612440695503, 95.78558441647121, 110.35539939958166, 116.61896495949321, 129.1664123382897, 135.89201619094175, 142.23432706925092, 138.42467634563425, 129.53211943015742, 124.86943076207704, 116.70155796727083, 108.89381520046544], [17.879159879986222, 14.460399080980476, 18.827533846516438, 29.841132858453115, 27.45327152349933, 24.877526859857934, 25.794749312486406, 55.97818286497383, 60.50851036277434, 68.00992555721409, 76.34621094685838, 85.27167367407347, 78.51668208144157, 70.64032804700558, 62.54576301856411, 18.835979672008783, 10.866798197792392, 6.331751287675316, 11.611339738613028, 20.089751496406947, 17.544277212479887, 7.530625287657133, 0.0, 7.910802227652388, 18.175578079412766, 58.08563307040546, 66.02380464786258, 71.9414709423923, 81.13904188754691, 88.99397855542199, 87.58201102750284, 80.916417802652, 73.78245383448028, 66.75377472973142, 60.744919475025895, 28.6070129432189, 36.189494549788805, 47.451091066688974, 54.899335161084686, 64.79031899218585, 70.49697653555744, 75.07075260363446, 77.73142290586868, 73.97136763367816, 57.57353925741851, 49.80842588974092, 43.48560634611878, 81.12067406553945, 74.82765827707222, 76.750081135235, 81.63488982471738, 83.22766618755244, 88.8670858539185, 101.81945728180277, 104.28363616586455, 103.10370179900822, 99.80945403915743, 97.1340261231935, 92.11829759097031, 82.70319344970576, 78.70178932211145, 84.031161290292, 90.94971122805116, 101.45673816586978, 98.34696167937426, 91.75681896841077, 89.54638229225313, 44.643146734521714, 55.079899854929195, 69.78961772375793, 82.98152638866378, 98.59951965160703, 111.88358454308998, 116.90990548336217, 127.0219768624002, 132.80549918857747, 138.9926042497397, 134.77805138778012, 125.57992175885151, 120.44357871678912, 111.97606384795509, 103.57888581335047], [15.466352414146945, 15.443789716629887, 22.63489286873897, 34.05596286882748, 29.908083218139893, 24.80370621796487, 23.591223162058004, 48.91374147368142, 53.270009387858515, 60.59879361784042, 68.96337783919002, 78.15854749800495, 71.26003896741933, 63.40217492064512, 55.459831886596035, 11.386023037703993, 7.613296830967119, 10.523986922304871, 18.844092799970287, 27.512540956968465, 24.97021060097818, 15.330963160790425, 7.910802227652388, 0.0, 10.337426898716043, 50.41943915031619, 58.47853652627796, 64.51693406738899, 73.95385212216907, 82.04624685356453, 80.45695619361007, 73.5616739308274, 66.2705599974331, 59.14008871100409, 53.07169067320183, 21.307807374889187, 30.16062569135299, 42.08951468886609, 51.47626287053808, 61.00856307300505, 66.00378058140507, 69.87899729168292, 72.17410881347504, 67.81929607997039, 50.80678315599337, 42.59295551711318, 35.759323018531155, 79.9212020323588, 72.51647670391435, 72.99598017630629, 77.35010315783465, 78.36818239479368, 83.7033009084994, 96.63062876048322, 99.74469492225653, 99.03068914910932, 96.2399006242931, 94.15726204089864, 89.9615607008515, 81.25742853016193, 75.65700475845345, 79.94158700155565, 86.15467375544189, 96.41996975219902, 93.91709114567354, 88.15376087186885, 86.85405066652102, 51.24275458954459, 60.37681215547155, 73.73414176026998, 85.63729699799038, 100.61841580486325, 112.56068113788307, 116.32059996990031, 123.98934769988986, 128.48633829000343, 134.37179729937841, 129.7128294730065, 120.22749674643978, 114.67302407477547, 106.04977781986909, 97.38689170776946], [16.356739816880474, 20.269164948885805, 28.928425696671503, 39.94787592411479, 34.100068700170226, 26.589489442972965, 22.755022984036376, 39.47909179356038, 43.74019125853141, 50.91295050374365, 59.31618997300097, 68.75900318759003, 61.57781486309668, 53.70064744859869, 45.96347136220806, 6.742971607236234, 14.00613750446032, 20.30035711027877, 28.996440253506186, 37.333992060991406, 34.63113700854878, 25.431201132530354, 18.175578079412766, 10.337426898716043, 0.0, 41.06221487908114, 49.3161257548672, 55.51139680015795, 65.2085749415888, 73.49167794618297, 71.54983849548886, 64.4197965805978, 56.939561881540456, 49.613366210254206, 43.431222640975804, 11.740773859024625, 22.473178472754274, 35.13808444552423, 46.885007313246625, 55.69546002136854, 59.68542877873644, 62.546111339324284, 64.27002969439017, 59.16581483697496, 41.615088933968, 32.81126943221612, 25.48916930762017, 77.67741310744633, 68.94917144743688, 67.53446634947933, 71.12045341331287, 71.35703068942487, 76.22066642237533, 89.01600039496294, 92.93764463361948, 92.83588860147213, 90.72363337434948, 89.4354940722623, 86.34605499954345, 78.66620078074646, 71.06738328902784, 73.92158491383871, 79.1196936664107, 88.99725215434043, 87.28262156860583, 82.65056309965634, 82.55923014991188, 60.20821603348042, 67.12422625451973, 78.39207001119928, 88.40114372508249, 102.3593392756066, 112.42744896623513, 114.50173177535285, 118.9786752680855, 121.84416631032921, 127.43104390748655, 122.36768330358265, 112.69247816512454, 106.80800176057451, 98.39386371522554, 89.95604955958996], [52.920132989204006, 59.315285055968914, 67.96354029831753, 77.43021967321702, 71.20708770356192, 62.22517907945379, 55.5204719514038, 26.39276061046004, 22.32631945950951, 21.476161686277322, 27.235473055834465, 38.7059538261789, 33.55085441913676, 29.58024293552705, 27.880308059085664, 40.26003676907552, 50.109923382827645, 58.01343309301724, 66.93210514742562, 75.440041347198, 73.70755856818148, 65.18310568224258, 58.08563307040546, 50.41943915031619, 41.06221487908114, 0.0, 8.686006446697872, 15.547146894481122, 26.924258259705912, 37.313255518993934, 34.95447084407764, 25.87511793447558, 17.471182392033146, 10.783896347336338, 6.676205352019214, 35.48569747687512, 41.96545735963676, 50.065767091985926, 65.38340051262729, 69.46380980126787, 68.68646212721583, 65.72036675621364, 62.839131032097136, 53.145134495916714, 40.326085064384074, 31.714988359316624, 21.991922488765756, 97.1618369058002, 86.08518811126854, 78.348424257