{
	"dissimilarities": [[0.0, 7.593477349625465, 14.94350584190781, 25.1394618660414, 17.92692644525896, 11.364502806521983, 7.6575958657161465, 43.11600459226191, 49.130587189016914, 57.56043962290511, 65.65067361456332, 73.2343994720881, 66.17701722220433, 58.279106827824236, 49.83524946380548, 23.05680924042089, 22.48699891508162, 23.75552336566193, 27.64956792206637, 31.890346364891272, 27.471415805509757, 22.204254634224544, 18.042386362420018, 14.932236611654599, 18.497315440599863, 53.09441168219259, 59.01705113385494, 65.78096383335091, 74.15924763656021, 80.56373710580449, 79.66987981501072, 72.56374914318572, 65.86910877489358, 58.78007287636776, 52.889956736532014, 19.468146346215633, 23.19209840702348, 35.7351863092785, 38.67746809871103, 48.071971955821276, 53.8522321866958, 58.70030085220121, 59.51319874343625, 56.546002423144174, 43.11759451453816, 36.06497625542417, 33.96833089093593, 67.64658737988613, 59.491990768152355, 62.22913284896694, 65.86854256392975, 67.16277842092319, 72.32105637879116, 83.174996979257, 86.7429942145888, 85.93088849493543, 82.96301177686776, 80.67622586579654, 77.06930664319815, 68.89934029185002, 63.923469458220886, 68.70993351835644, 74.59774655924393, 82.05198001871005, 80.65026723238927, 74.99293584835586, 72.84488060305272, 51.971701873968584, 52.63880650562498, 58.01436683022884, 68.44103066371193, 84.0452202183202, 95.3581824122943, 99.20103985240914, 110.4500772854482, 116.32598387102624, 124.4046315260877, 115.3334481940716, 106.34257325562726, 103.88206599915604, 98.5545119383317, 96.8668290323548], [7.593477349625465, 0.0, 8.156040875871941, 20.123236234986877, 14.28001391167845, 11.62281639209469, 12.722500215684887, 50.61243774106346, 56.47461662725411, 64.7772073324086, 72.93452350262953, 80.65204407561058, 73.67780209282606, 65.78525331277929, 57.357622482990124, 25.092179241219306, 21.299921528263173, 20.006272392284, 22.05706800440369, 25.44264095479699, 20.58271259595256, 16.0333564412051, 13.677115673790398, 14.161631527549675, 21.482185428599696, 59.14667792965872, 65.14615790232558, 72.01249333795465, 80.60499052181501, 87.2721348661394, 86.54840150787764, 79.30164827153007, 72.48522999802749, 65.3680554736065, 59.40577308646407, 25.35827287279128, 29.23424447696834, 40.53006001025996, 42.569768101845916, 52.21597206566267, 58.394583890084675, 63.947916059836615, 65.59026419691777, 63.232857664289014, 49.695900729303375, 43.10094620079399, 40.72523332159327, 70.11314160667277, 62.739106253237324, 66.5607211179303, 70.74964854376091, 72.62059989626589, 78.25061374382106, 89.55269916357203, 92.30644778547898, 90.94776839407523, 87.46209225718479, 84.5869120383919, 80.25809190167818, 71.67339855287403, 67.83641819360574, 73.52583483379257, 80.38578607508354, 88.27844263419271, 86.22356593890729, 79.72648121436276, 76.66248470458048, 46.42616456002392, 48.185452400732125, 55.199935405379925, 67.26556380016687, 83.73422903301702, 96.39777741253002, 101.41289810884403, 114.70832192745354, 122.11408955695201, 130.67628213184904, 122.15239021877798, 113.36322175790113, 111.07431052870409, 105.51662881279151, 103.26001457751913], [14.94350584190781, 8.156040875871941, 0.0, 12.833949866211686, 9.547944738089868, 12.848824722610116, 17.36012429306731, 57.90927716766035, 64.02842885673196, 72.46779260379276, 80.50147191046744, 87.850876586109, 80.93401917116694, 73.03766936854392, 64.57459984667396, 32.45531821573486, 27.07145405157442, 23.532337436605843, 22.452665178157474, 22.967625992580626, 17.51499529575975, 16.323545487614542, 17.479603326133034, 20.832654607134707, 29.224220706822912, 67.28125246811517, 73.24454072646141, 80.02591068320739, 88.42263589471354, 94.8126373043337, 94.06689409449487, 87.12917813972017, 80.45637537837874, 73.3996796959126, 67.47693639129344, 33.221719459894274, 35.697468780436935, 45.49277320516592, 44.90787766034385, 54.31419178406843, 61.43990791624373, 67.8723730869001, 69.99864370497994, 68.52110997364292, 56.06541306762163, 50.219476701690525, 48.64880886109962, 69.08424619409534, 63.27638748856617, 68.68483541409866, 73.49747158980759, 76.05462021619743, 81.99667253805228, 93.34872098116703, 95.07564767092482, 93.11330261750953, 89.02081442362208, 85.43107847107399, 80.12576653924732, 70.91951697337211, 69.09398066062514, 75.90243771898265, 83.68074997588953, 91.84709989102674, 88.9484801481044, 81.54192062514774, 77.26735798234286, 42.03455875363455, 42.0315780763465, 49.06562846783429, 62.06558935485272, 79.1529284603787, 93.16819783517835, 99.5634393407557, 115.589052275886, 124.47905085766703, 133.65816951327415, 126.19652375189472, 118.0219324775215, 116.52521598317863, 111.66777043857842, 110.232598378343], [25.1394618660414, 20.123236234986877, 12.833949866211686, 0.0, 10.744059252588142, 18.963754208597248, 24.427499069806736, 65.71087083105301, 72.3149680310149, 81.01652045549338, 88.5706093672378, 94.82735578291114, 88.29573553322875, 80.6152211349704, 72.16718554369112, 45.01183126031648, 39.4681392466275, 34.99125157374686, 31.47542645512492, 28.18926399024306, 23.44689525935835, 26.36820936965326, 29.483515832666257, 33.4464161245218, 41.60409963661151, 77.8983556655904, 83.59451671189785, 89.93080230255583, 97.48137982982637, 102.84924667284102, 101.94629675920353, 96.03710902726245, 89.95608299307031, 83.20137600835413, 77.53313461809826, 44.26317425464564, 44.8076200404695, 53.24459827915617, 48.21574106549653, 56.438402770731926, 65.22554374078861, 72.53959119991507, 74.35551749392009, 73.88223872835151, 64.06445859530685, 58.97293976179553, 58.76356797394901, 65.13595883219142, 62.660833724070386, 70.39869338535884, 75.80172411430225, 79.0433042415765, 84.81139118343225, 95.14634443548731, 95.83092528076605, 93.35646280338344, 88.63583273063735, 84.20495144459927, 77.46970185798718, 67.1425607845337, 69.18625421653282, 77.29640727457482, 85.52838602511352, 93.3637202095176, 89.56925931032026, 81.42564463474655, 75.50570950665102, 39.02597159895041, 31.92980468142066, 36.56195137137608, 50.4529307894891, 68.56731664102898, 84.76450349244645, 93.35370571333505, 113.58542285143263, 123.06969483187405, 132.48042379666234, 126.65043701657365, 119.43640228608338, 119.34966306451855, 116.01797180133842, 116.92711902619385], [17.92692644525896, 14.28001391167845, 9.547944738089868, 10.744059252588142, 0.0, 9.050976637777884, 15.993922171548109, 57.982439362111656, 64.743298081504, 73.53700057567204, 81.31421622238437, 87.95096131383171, 80.64235056631361, 72.61080912112818, 64.21175289780174, 38.694794367112394, 35.05354357664682, 32.58539072073059, 31.962304543297677, 31.81969513703343, 26.355436342460848, 25.7937778858799, 26.301203316050863, 28.044324208832936, 34.58709569272519, 70.68094713268346, 76.62168389735568, 83.32993360927138, 91.35834490152668, 97.07372776757485, 95.934371949257, 89.45910958337323, 83.025085339905, 75.97082687250023, 70.13580309522459, 35.62471903700413, 34.75250161042664, 42.5519132764058, 38.40885961632192, 47.225363329504226, 55.34615921823185, 62.482921394598456, 64.76257676706099, 64.35147714314537, 54.00399554794262, 49.569549375167355, 50.34662777156378, 59.836654246286415, 54.91352737664163, 61.44011690176119, 66.66304310772381, 69.75539201674994, 75.85138411407715, 87.2162252881668, 87.91272061557339, 85.49032722040634, 81.00547698913164, 77.00407526350676, 71.20358169342278, 61.75917215715925, 61.094099015297985, 68.64073319528133, 77.05904272874038, 85.48621402823369, 81.79044423444017, 73.72003537102638, 68.70305891697147, 47.853048564669784, 42.39945929355634, 44.48123723596872, 54.67407172403543, 70.63869854155959, 83.84038015338521, 90.13075024577778, 107.05118697566182, 117.23401481267595, 127.4964077191432, 121.32828860712165, 114.33121968979613, 114.26182620672752, 111.53926914830734, 112.58465579818787], [11.364502806521983, 11.62281639209469, 12.848824722610116, 18.963754208597248, 9.050976637777884, 0.0, 7.669693306302347, 49.273052439186166, 56.05120067832482, 64.85473492718712, 72.69990084148357, 79.5334280947218, 71.9472839659329, 63.8109660961958, 55.434443051899876, 32.953661669937894, 31.600696420372067, 31.329024676135354, 33.217098169874895, 35.33343204395554, 30.027619220958314, 26.952118180583913, 24.942335279384444, 23.971857968416924, 28.218782701020185, 62.4283051778926, 68.38927152683162, 75.16230377523668, 83.28307600253491, 89.08591369280342, 87.82592064272353, 81.13973834435227, 74.62067360392868, 67.49662096199445, 61.656228945653474, 27.327105751502646, 25.93503409872636, 34.8124998362482, 32.67825679685759, 41.913158583011246, 49.22227094683321, 55.582224885161445, 57.380473431599796, 56.26405123715819, 45.228444002593115, 40.52339716836972, 41.58294294762513, 58.49276978453393, 51.53497224527122, 56.29649751227835, 60.89911563197913, 63.32266856737532, 69.17171531615202, 80.65364741447807, 82.29978280249158, 80.47511194600578, 76.62109848757274, 73.40876248800878, 68.75246349358733, 60.076756439066024, 56.908113295761794, 63.27372967306037, 70.83557258737096, 79.12104277191034, 76.1999358214914, 69.01265677224298, 65.35474379643027, 53.485327505816265, 49.4305019522958, 51.06262753285735, 59.55638597488765, 74.35211602141847, 85.51137193628757, 89.93015267693457, 103.5422784978532, 112.36179434306631, 122.27284932468194, 115.18279463080353, 107.80344269178433, 107.24700931104023, 104.41038385465221, 105.31667528015883], [7.6575958657161465, 12.722500215684887, 17.36012429306731, 24.427499069806736, 15.993922171548109, 7.669693306302347, 0.0, 42.02794135858283, 48.750370525756395, 57.55327944896733, 65.32751125474083, 72.1327884518185, 64.79625289365819, 56.797741781707714, 48.360875032162475, 29.523605802628936, 29.96860511231544, 31.1996777613139, 34.42556907320181, 37.58062000179416, 32.794284888662396, 28.64131692003748, 25.241509408046205, 22.337093596822687, 24.493302427775703, 55.66307860146702, 61.44360131920024, 67.99432255556299, 75.84386175391592, 81.47553197369815, 80.2175180801868, 73.6967925508035, 67.35041154738941, 60.36619702897331, 54.655146948789486, 22.019756330580368, 21.62431610632086, 32.812800962742784, 32.717892011429555, 41.68436245064105, 48.36533047730957, 53.65508375217151, 54.21640212161261, 51.940261339059944, 40.51041993273684, 34.61564138004009, 35.058641196037264, 60.20320756983858, 52.53984870839603, 55.87360564402306, 59.699114212338415, 61.25149274161508, 66.37656728997123, 77.0445076513265, 80.09728044115137, 79.11107671899566, 75.9795978581158, 73.53854000886221, 69.71936032096825, 61.39189505406955, 57.05110719842872, 62.18343256064635, 68.2586697520349, 75.76493661815476, 73.92181288296833, 67.99310747195231, 65.51532586220071, 55.67378208817617, 52.61279091174189, 54.74069337340084, 62.99967721678636, 77.63095112844672, 88.105129611835, 91.64181020045393, 103.19306979678454, 109.45883903535868, 118.16754192583873, 109.97639494129363, 101.83289847457536, 100.5310275152527, 97.02829363437347, 97.66993855118633], [43.11600459226191, 50.61243774106346, 57.90927716766035, 65.71087083105301, 57.982439362111656, 49.273052439186166, 42.02794135858283, 0.0, 7.66927398918444, 16.58183746335508, 23.703429633004294, 30.969049480468154, 23.06857403608316, 15.429050478462795, 7.164894039757253, 42.82151345896478, 51.596006439582645, 58.181089422794756, 65.34050423831548, 71.50270928476752, 68.47923280232197, 61.95345349743796, 55.622149846082706, 48.219495444705906, 40.032717993750886, 26.42632903835894, 29.395853731206262, 33.59636675551702, 39.122149236112065, 43.33375617729013, 41.09608019078026, 35.006617839978404, 30.018245638389665, 24.574202681750677, 21.415241401250046, 30.404520716519556, 30.63088788326236, 38.60463721770973, 47.491203780152844, 51.22639997696041, 51.118576057808, 48.54755997914534, 42.54395595441223, 33.53985468240907, 25.149145328158987, 17.158124242787526, 16.952432658466634, 75.92238136827514, 64.64452385449735, 59.162414460037944, 57.74812958301623, 54.00608865230954, 54.165699511523464, 59.66479460495629, 70.08376380913543, 73.7058339551716, 75.08915231147152, 77.33068886277668, 79.18183136419196, 75.25936722206147, 63.743883799427444, 60.81360652629813, 57.758611094686906, 60.253277064973055, 65.01387086995703, 66.96295215343582, 71.82189279133746, 88.91814986039907, 88.44563282902106, 89.49078816782195, 93.38066332707295, 103.81175654425945, 107.55272732012233, 104.56391783098745, 101.28738442335846, 95.55749904294342, 98.83212922344852, 84.62591472740912, 73.23536702402598, 67.57564936909795, 62.058466831202495, 62.34435530674466], [49.130587189016914, 56.47461662725411, 64.02842885673196, 72.3149680310149, 64.743298081504, 56.05120067832482, 48.750370525756395, 7.66927398918444, 0.0, 9.01872846770347, 16.777860926737265, 25.534009218483686, 18.182070250747437, 11.877698404813955, 7.325061194218244, 45.924557000361396, 55.12563594172886, 62.10259855532502, 69.58780406046327, 76.1379070263448, 73.47849296924682, 66.70441445608455, 60.19498473261496, 52.65141385381383, 43.90001776316621, 21.517678999642083, 23.220239969433305, 26.58737686922029, 31.81994066811233, 36.414050980902566, 34.219461246178774, 27.491991642650024, 22.540204746175775, 17.655098091050558, 15.772887731208671, 35.17886375288937, 36.72689560595905, 44.29155932636766, 54.46887576481224, 58.005179953368355, 57.00998185006459, 53.56461709758275, 47.34056486062837, 37.8197164292149, 29.713212823613233, 22.360925353503553, 19.841149111047603, 83.07208020434106, 71.49723935063214, 65.20864676606881, 63.258314286301385, 58.96984681882993, 58.52536678541778, 63.12753920049619, 74.46392879292922, 78.64128665657633, 80.58354935951053, 83.33231590413259, 85.76953065831216, 82.30957723992914, 70.18251905041353, 66.4498384173475, 62.39167460562071, 64.06081999625448, 69.75904211553758, 72.67037254749478, 78.25311759703462, 93.60924865488354, 94.4800012285578, 96.41866624882411, 100.73052945173326, 111.22833476926357, 114.74122388451455, 111.30008342952648, 106.31199343246965, 98.8534002812452, 100.8361667605572, 85.3433697246345, 73.02876349829897, 65.71094908875, 58.284196328565166, 56.41639871051501], [57.56043962290511, 64.7772073324086, 72.46779260379276, 81.01652045549338, 73.53700057567204, 64.85473492718712, 57.55327944896733, 16.58183746335508, 9.01872846770347, 0.0, 8.818222647939322, 19.541247683899126, 13.627336743687888, 11.494293716539568, 13.439854963705857, 52.23298260793126, 61.69041241791114, 68.9384960046399, 76.64619252929519, 83.47244793849876, 81.10950191632344, 74.17529811952663, 67.56206142934089, 59.96030218591527, 50.84679470181453, 20.2142608655474, 19.357315273678346, 20.525838380574935, 24.37765052468441, 28.928777026015016, 26.58471485024231, 19.295147871760662, 15.15822173383204, 12.606681466877713, 14.186184912221186, 42.83502069795485, 44.90584132973938, 51.60119518309216, 62.550296579609295, 65.59579094301685, 63.67528841532843, 59.24824705934948, 52.64794748775491, 42.80449731793338, 36.01359733743325, 29.917830791592912, 26.76279851966681, 90.78343576917527, 78.97069087483575, 71.75667950344419, 69.14684812183826, 64.23463989632546, 62.98546643503383, 66.34059019404826, 78.65319230676164, 83.49574960067913, 86.1289011353792, 89.50960864686772, 92.68658297980753, 89.86033173131749, 77.0886479220192, 72.37435302971008, 67.05537961624384, 67.66477339124701, 74.4211447849987, 78.52000748071167, 84.98196731989195, 100.83365922540405, 102.62564823042469, 105.01499822952327, 109.32051560413552, 119.55620627591937, 122.46101713658092, 118.29608966225527, 111.071070264848, 101.5097682320868, 102.04293425230276, 85.22193968830905, 72.10640895353848, 63.08877322120932, 53.97103591425744, 50.10730230323226], [65.65067361456332, 72.93452350262953, 80.50147191046744, 88.5706093672378, 81.31421622238437, 72.69990084148357, 65.32751125474083, 23.703429633004294, 16.777860926737265, 8.818222647939322, 0.0, 11.476638614537748, 9.424656759949723, 13.61955960502927, 19.13238493322197, 60.873929065482585, 70.20049502828506, 77.33189224906562, 84.86087757216492, 91.47406150440703, 89.20203424256161, 82.46337469229222, 75.97662824136164, 68.48498330375173, 59.53121768317302, 26.879704294073232, 24.10918089313092, 22.168162940226352, 21.629233715139936, 23.079714425510776, 19.926209299460496, 15.554561060847652, 15.756251883299337, 17.507615647128308, 21.357576515159813, 51.51282011908217, 53.09690337622829, 59.075198702784924, 69.14313650161789, 71.27661784338842, 69.09666029672942, 63.96344592843137, 56.351437155196514, 46.42886736254592, 42.66494194855998, 37.72481807375642, 35.527269119598174, 95.27659195021573, 83.98330616904492, 76.28160654760059, 73.0425106084149, 67.55372609369599, 65.11800007240096, 66.23190146410926, 79.67950299056602, 85.32885935849498, 88.68521246699666, 92.67851593280508, 96.429951330651, 94.07974654546707, 81.4918419132657, 75.90559829259486, 68.93283010349965, 67.92090950101658, 75.80759777565541, 81.32476995693425, 88.52163323134164, 107.85622355627166, 109.09962875578519, 110.91407712199982, 114.4742616104362, 124.03757055141537, 126.13973526875009, 121.3050358873028, 112.28818466628039, 99.67329077849669, 98.35264740758772, 80.3873598299899, 66.57789321908768, 56.32826012573895, 46.694823491015214, 43.82282821935294], [73.2343994720881, 80.65204407561058, 87.850876586109, 94.82735578291114, 87.95096131383171, 79.5334280947218, 72.1327884518185, 30.969049480468154, 25.534009218483686, 19.541247683899126, 11.476638614537748, 0.0, 11.075850596271012, 19.171247499737778, 25.706365773389358, 70.80828644882818, 79.76004597775247, 86.49915301382529, 93.54978825753118, 99.56848183150423, 97.22478182531991, 90.96450721032693, 84.78660799702573, 77.53924710598127, 69.10419336913749, 38.12926602624865, 34.93091315600682, 31.515589963619814, 26.989930663091318, 22.892606944594778, 18.764714736017943, 21.428185047598152, 25.359473515799277, 28.629499733178765, 32.6584643574971, 60.65658726575155, 61.16643682633037, 66.52409383436047, 74.43204632621396, 75.31914833193439, 73.45606719696562, 67.93696835177374, 58.92712954678225, 49.311464756953676, 49.68615077276381, 45.82426534825976, 45.258345928577384, 96.76265830748338, 86.76149914670884, 79.04259540256419, 75.25159548405874, 69.30358482326238, 65.37753924210901, 63.21969226255017, 77.8824262067729, 84.43755356339881, 88.51796677228297, 93.06874693111409, 97.20475104972573, 95.20127888089162, 83.65959431973108, 77.36977644570503, 68.45871609941972, 65.2444523913904, 74.29318668207456, 81.41338510536264, 89.14523805443076, 114.28107951956844, 113.74516346551478, 114.10350955899213, 116.2535833060002, 124.7197688523201, 125.83964486601445, 120.42285748724817, 110.12455917212337, 93.48060311499515, 89.7869634597811, 70.77442223758979, 56.23314396420671, 45.12409197205363, 36.60296947484629, 39.3637953409992], [66.17701722220433, 73.67780209282606, 80.93401917116694, 88.29573553322875, 80.64235056631361, 71.9472839659329, 64.79625289365819, 23.06857403608316, 18.182070250747437, 13.627336743687888, 9.424656759949723, 11.075850596271012, 0.0, 8.763889989568046, 16.645349744830504, 63.91863492214351, 73.2703443709895, 80.26411424376175, 87.6707219928937, 94.00002219274104, 91.24286130035907, 84.65236650746064, 78.21115228235698, 70.66978914970672, 61.860228669636534, 33.49182665644752, 31.943042412892655, 31.171941578063322, 30.855124369442983, 30.687719893711105, 26.94991161976076, 24.63536034480803, 24.719072248637936, 25.080473594710885, 27.542392216716433, 52.53526267544409, 51.870611003987385, 56.10499694773349, 64.67147730181861, 65.61726875032686, 63.130501973395496, 57.481686040824464, 49.0231227313957, 39.22486219994202, 38.94331456707029, 35.979591866565706, 36.993532741809, 88.74327973461583, 77.59434122163539, 69.37178922830586, 65.65268471914024, 59.81224653556744, 56.67614657871395, 57.00870369613322, 70.70777103444026, 76.65266172238854, 80.37049300081972, 84.7459338604209, 89.01827450251218, 87.3379070107209, 74.50637699987134, 68.22937019498914, 60.34225456205266, 58.793216906688556, 67.03013323867668, 73.2287696943508, 80.99750269177179, 110.43207476310118, 109.54294741091203, 109.30567914492381, 110.99094450947256, 119.11930365717565, 119.6543857538083, 113.81716752324859, 103.35338869834396, 90.6211828962405, 90.17656947381812, 72.89233874111696, 60.25486578593878, 51.946733561911635, 46.85493208161687, 49.590837392171906], [58.279106827824236, 65.78525331277929, 73.03766936854392, 80.6152211349704, 72.61080912112818, 63.8109660961958, 56.797741781707714, 15.429050478462795, 11.877698404813955, 11.494293716539568, 13.61955960502927, 19.171247499737778, 8.763889989568046, 0.0, 8.48603806089473, 56.52953610840453, 65.92054586855723, 72.92010756406151, 80.40583433334285, 86.80872861649758, 83.81641540889986, 77.1200422245953, 70.60807859901948, 62.989587979795864, 54.16163001940371, 29.98984435017851, 30.22446059938612, 31.76266862216275, 34.40660974946031, 36.49098486811847, 33.231478747488005, 28.583368612108874, 25.956502417674397, 23.55260761979278, 23.938222063162605, 44.36007524565203, 43.16875340420622, 47.4670742140727, 56.44972863848373, 57.978705563089775, 55.6733969976174, 50.58090987658467, 42.83645319426132, 32.92034646882871, 30.541099563302073, 27.241189443474266, 29.141519728027724, 82.29404390208087, 70.56581247179848, 62.663411573374056, 59.47107200856411, 54.119929579620134, 52.1242713908151, 54.89642527871842, 67.39138675526632, 72.52220864510915, 75.5368019507944, 79.35308557977599, 83.14906274558183, 81.11546955801485, 67.9442135543533, 62.39075142126385, 56.07024827540658, 56.273641107802156, 63.31716947599831, 68.11862581049442, 75.26991078429005, 104.11963948457111, 103.121810293805, 102.85445075354276, 104.76599248652812, 113.21673591479394, 114.18980813859645, 108.8025923620823, 99.93284877311984, 90.51578050229335, 92.27962594959844, 76.45691665832588, 64.84577788997754, 58.19019451955343, 53.99845845896408, 56.18527384177423], [49.83524946380548, 57.357622482990124, 64.57459984667396, 72.16718554369112, 64.21175289780174, 55.434443051899876, 48.360875032162475, 7.164894039757253, 7.325061194218244, 13.439854963705857, 19.13238493322197, 25.706365773389358, 16.645349744830504, 8.48603806089473, 0.0, 49.187898673434105, 58.27878479338266, 65.04896658102922, 72.35341820516334, 78.59534861888316, 75.50725757558826, 68.91693517987747, 62.50417944637648, 54.98972892214913, 46.49849373651498, 28.07524993417761, 29.924643753913763, 33.09611752123608, 37.47526179085906, 40.74141805825636, 37.98405084848794, 32.47965602105024, 28.376869531219064, 24.031144734583645, 22.336702456155543, 36.542936595778855, 35.55101818806877, 41.35718550601085, 50.168736620493384, 52.70293001032172, 51.494110491980436, 47.663845080102334, 40.69187410025035, 31.07616750993882, 25.720348597919156, 20.372976678282335, 22.167796588420895, 77.3473563196062, 65.76369379426879, 59.032686362463714, 56.74378300345795, 52.210530362682746, 51.39205531648988, 55.83277625651501, 67.16884950904776, 71.46651613238642, 73.59710296086386, 76.58854515078501, 79.3969077497482, 76.42231252491482, 63.983408807108844, 59.75542083634503, 55.1803519517358, 56.74963276301944, 62.50978892577972, 65.75674674799122, 71.7491484103769, 96.00549881422867, 94.97200617610144, 95.07513875427377, 97.74591031989493, 107.0526789813904, 109.28904219272239, 105.05335856413429, 99.09790480403338, 91.9241019941888, 94.80317625200297, 80.05078723825083, 68.75652292423277, 62.98131018704474, 58.53282160060123, 60.153275374575756], [23.05680924042089, 25.092179241219306, 32.45531821573486, 45.01183126031648, 38.694794367112394, 32.953661669937894, 29.523605802628936, 42.82151345896478, 45.924557000361396, 52.23298260793126, 60.873929065482585, 70.80828644882818, 63.91863492214351, 56.52953610840453, 49.187898673434105, 0.0, 10.510504372347409, 18.8283065177846, 28.032882135693324, 36.8522537069779, 34.78642490089669, 26.354412750686556, 19.13355140027512, 11.994480891172078, 5.43266120221738, 40.160103379184434, 46.43803968283341, 54.04160308243953, 64.39079504535019, 73.38842463428865, 73.26351579017002, 63.85399033554552, 55.929440512126796, 48.59794354798814, 42.45418254393527, 16.286960550311683, 27.937336531021938, 40.21750262697857, 51.90738387284203, 61.41035942302756, 63.40965884857357, 65.89143832314858, 67.21691113928358, 62.321838068262075, 44.34905840187948, 35.90576633434787, 27.799595803535812, 86.45207303791555, 75.11408422964409, 74.33302396899961, 76.68088473514324, 76.67271521359251, 81.65230265487132, 93.33873307690244, 98.54669256675196, 98.57549326965422, 96.67914174979632, 95.63234311407153, 93.97368861969166, 87.54762150378568, 78.28862718250015, 80.7793076557287, 85.4470822827369, 92.80919083086121, 93.05876572096574, 88.89711010605184, 89.04928427584655, 61.01357515222362, 70.06112231339151, 79.6254342218798, 91.41497868303337, 106.92966993461675, 117.03658971060845, 119.05697582858129, 125.19484846324777, 129.92522863480843, 136.92969415887964, 125.17553669604122, 114.39267193596035, 108.85685661531355, 99.56088277342606, 91.4894154517271], [22.48699891508162, 21.299921528263173, 27.07145405157442, 39.4681392466275, 35.05354357664682, 31.600696420372067, 29.96860511231544, 51.596006439582645, 55.12563594172886, 61.69041241791114, 70.20049502828506, 79.76004597775247, 73.2703443709895, 65.92054586855723, 58.27878479338266, 10.510504372347409, 0.0, 8.425213712863197, 17.76032374424661, 26.885382755003732, 25.31538191601433, 16.955358427604004, 10.526085620067414, 7.72015244788249, 12.669417999528472, 49.76907582940679, 55.78977424806299, 63.039845858119904, 72.98372227178845, 81.71274509417019, 81.78698401472906, 72.85779642565117, 65.2323358726094, 58.153227978260944, 52.15858748127999, 24.323577307298798, 34.653957869077914, 46.696791117372946, 55.9751456501601, 65.90335827188906, 69.15171866604108, 72.76748938008275, 74.5844840492744, 70.41069472169757, 53.08488387208589, 44.93590695586765, 37.58462365726072, 88.56586521227277, 78.5866899030395, 79.51246786298562, 82.62266663773757, 83.34058643596042, 88.73064565889548, 100.51102881634301, 104.93879301012758, 104.40656784859695, 101.8541983192481, 100.03657667347407, 97.27802702623089, 89.958289331796, 82.64941328312032, 86.42621919103301, 92.09753352780346, 99.75490389409464, 99.23921765330728, 94.10869365727186, 92.97921843543412, 51.823807467966866, 62.827490609656905, 74.50564185070466, 88.2773864332303, 105.02919386927589, 117.10029067176623, 120.825620880803, 130.1211043370127, 135.9764377366386, 143.19025052282, 132.11211200006124, 121.44390364986775, 116.25885504397829, 106.75353818719329, 98.61405110378404], [23.75552336566193, 20.006272392284, 23.532337436605843, 34.99125157374686, 32.58539072073059, 31.329024676135354, 31.1996777613139, 58.181089422794756, 62.10259855532502, 68.9384960046399, 77.33189224906562, 86.49915301382529, 80.26411424376175, 72.92010756406151, 65.04896658102922, 18.8283065177846, 8.425213712863197, 0.0, 9.382469619352246, 18.651491650471442, 17.515772029974162, 9.66992638161222, 6.427063011859616, 11.185539507749546, 20.064787403020997, 57.61207470301795, 63.47637173473371, 70.46392962144738, 80.00987999787633, 88.36950939673748, 88.51463123802395, 80.05685138928041, 72.70063119010203, 65.77957388281301, 59.87589019680731, 31.010659465258122, 40.186974830677975, 51.94185922318248, 59.08731108494387, 69.13100364081541, 73.39127541784904, 77.83013444606745, 79.87861556930942, 76.26238865255638, 59.66238034300057, 51.74157055360652, 45.061208150942136, 89.53854232946902, 80.83891713836796, 83.13041773699823, 86.79179596115378, 88.04573030822085, 93.66451359553587, 105.36844734528198, 109.186985529163, 108.24241929495287, 105.19829808607956, 102.7891692841758, 99.15487978519654, 91.13626209002531, 85.54453129428268, 90.29035543555054, 96.63645886928819, 104.43284191214666, 103.32749420891983, 97.50165775672981, 95.36166713045384, 44.19665221683739, 56.416219357934175, 69.64076603894944, 84.8836033408009, 102.5207688147642, 116.12929640281835, 121.2353560038977, 133.09659193821906, 139.71750529067708, 147.08414020482311, 136.6537790174767, 126.18526166030139, 121.43299607845672, 112.05225349885114, 104.32925813045857], [27.64956792206637, 22.05706800440369, 22.452665178157474, 31.47542645512492, 31.962304543297677, 33.217098169874895, 34.42556907320181, 65.34050423831548, 69.58780406046327, 76.64619252929519, 84.86087757216492, 93.54978825753118, 87.6707219928937, 80.40583433334285, 72.35341820516334, 28.032882135693324, 17.76032374424661, 9.382469619352246, 0.0, 9.444655248383715, 9.736110889772421, 6.414053626165904, 11.24747206976083, 18.873461848078264, 28.758424080560566, 66.04262151438155, 71.71199551562898, 78.37615763868587, 87.41936798118537, 95.30433028061586, 95.52096393067318, 87.64237212133872, 80.62669117692697, 73.91179030525686, 68.13745220093116, 38.945328930534544, 47.13382556547003, 58.65072959438894, 63.561111744123124, 73.52358931693779, 78.82451183011064, 83.9886396374079, 86.07141837197918, 82.93243420761029, 67.22080561712069, 59.43067044912757, 53.285100816909434, 91.23111632388452, 84.09675777179963, 87.78370438367156, 91.93336644823631, 93.65970821169053, 99.37437160659884, 110.7608584035243, 114.0661064547458, 112.7782033687093, 109.28576515265212, 106.30751062760159, 101.76568635054959, 93.00156807921542, 89.39113010145574, 95.05109953501429, 101.89176386721094, 109.66149840922466, 108.0420915930487, 101.63945142968986, 98.48542628667417, 35.45771635767535, 49.23230847745439, 64.40682802827922, 81.36081202824413, 99.97439972690864, 115.33610637801782, 121.99738821642333, 136.62456134069632, 143.68860708075266, 151.00879535489213, 141.23113647280093, 130.93631338635453, 126.61035447611793, 117.340085701541, 110.14064523701879], [31.890346364891272, 25.44264095479699, 22.967625992580626, 28.18926399024306, 31.81969513703343, 35.33343204395554, 37.58062000179416, 71.50270928476752, 76.1379070263448, 83.47244793849876, 91.47406150440703, 99.56848183150423, 94.00002219274104, 86.80872861649758, 78.59534861888316, 36.8522537069779, 26.885382755003732, 18.651491650471442, 9.444655248383715, 0.0, 5.649963521751356, 11.787096740120782, 18.816843675538628, 26.71997644501877, 36.97318092256694, 74.01357811890207, 79.52051793945968, 85.87711402158155, 94.3556640048842, 101.62023410093508, 101.82084436254408, 94.61095049494295, 87.97064685065708, 81.4360640364174, 75.78153425981657, 46.20963237355958, 53.3355791488977, 64.61012598049474, 67.18125079262461, 76.87213032834718, 83.21931573452949, 89.02903234599754, 90.99516753004397, 88.33601000817072, 73.74584592377882, 66.13120308784424, 60.68493259043083, 91.60051511483911, 86.19829447802847, 91.24682766007065, 95.81762878864855, 97.96731897962636, 103.67364181252096, 114.57187687109105, 117.37935827575052, 115.79545346333347, 111.9016922063375, 108.39750153735586, 102.97641608315291, 93.49571268466507, 91.99188148628825, 98.48544023279021, 105.67788264026159, 113.31073243985605, 111.20383184540314, 104.32263842687905, 100.19209293454882, 26.70451259631327, 41.11841186991447, 57.99234177098084, 76.46600630921117, 95.91975314327038, 112.94682290038725, 121.13382854618777, 138.49479803139323, 145.80876728465472, 153.0544434408106, 144.05571340299085, 134.06859550073213, 130.3482000453331, 121.52796101696497, 115.36842166716795], [27.471415805509757, 20.58271259595256, 17.51499529575975, 23.44689525935835, 26.355436342460848, 30.027619220958314, 32.794284888662396, 68.47923280232197, 73.47849296924682, 81.10950191632344, 89.20203424256161, 97.22478182531991, 91.24286130035907, 83.81641540889986, 75.50725757558826, 34.78642490089669, 25.31538191601433, 17.515772029974162, 9.736110889772421, 5.649963521751356, 0.0, 8.58688370708053, 15.859967616495666, 23.73761380454643, 34.19762063468366, 72.43667666529814, 78.13999411679288, 84.7060925111866, 93.30684711229281, 100.47646280331712, 100.4476037237495, 93.17974956670106, 86.43201972679645, 79.68866855392243, 73.8957789317977, 42.68550492319788, 48.91631747320097, 59.76874902261035, 61.76892531949076, 71.44482032167258, 77.9053206336378, 83.91252771925936, 86.08283783405852, 83.76045487428321, 69.4943747531848, 62.32180420185862, 57.709451471227176, 86.17619357806323, 80.64627914682687, 85.81075017961736, 90.48825181788877, 92.79493034411037, 98.65191383537908, 109.81778552849387, 112.2491881166409, 110.49472714633404, 106.49645442672465, 102.91714407797078, 97.48937408064688, 88.10027454583935, 86.49867235972208, 93.13198711115619, 100.61188962231141, 108.48430127194605, 106.10682531413347, 98.98993670637101, 94.7643486716048, 29.931802257082964, 40.54619655776356, 55.36961741029942, 72.78577044983065, 91.74334377331952, 108.12830080105324, 115.951335770115, 133.09366893837108, 141.11749541664696, 148.98702084669685, 140.41647585475445, 130.90683853262794, 127.74467667788673, 119.88975061191628, 114.79925613684487], [22.204254634224544, 16.0333564412051, 16.323545487614542, 26.36820936965326, 25.7937778858799, 26.952118180583913, 28.64131692003748, 61.95345349743796, 66.70441445608455, 74.17529811952663, 82.46337469229222, 90.96450721032693, 84.65236650746064, 77.1200422245953, 68.91693517987747, 26.354412750686556, 16.955358427604004, 9.66992638161222, 6.414053626165904, 11.787096740120782, 8.58688370708053, 0.0, 7.390347943106472, 15.468150735629324, 25.92497507461603, 64.78271253426057, 70.65806683932077, 77.50958152106243, 86.5752544422476, 94.21364686760074, 94.1472860144417, 86.33245241733765, 79.26592605079874, 72.33325893131185, 66.41345908824502, 35.047400440985456, 42.12006542265595, 53.304250812952574, 57.39409065473772, 67.33035535478034, 72.87208087161063, 78.2962327554935, 80.52158211529095, 77.7682053861634, 62.54306442989682, 55.22114392710525, 50.15199078098658, 84.8782987423151, 77.72910839708888, 81.61980503234042, 85.9002204447155, 87.80735250006467, 93.65322820834687, 105.23530434544561, 108.1366677087019, 106.67336240142052, 103.05943046094463, 99.98442954565343, 95.38807475989992, 86.66482603708731, 83.09610609382523, 88.94241656475792, 96.06551489261125, 104.04603002226143, 102.12062163809554, 95.46883261390694, 92.16832608903918, 37.58050288080065, 47.71614091656448, 60.80354999126845, 76.62076550122822, 94.70313555352756, 109.44084780339878, 115.78605656228677, 130.34297073134644, 138.0537673677922, 145.99419092783134, 136.75165982548964, 127.0111363477974, 123.38539808947304, 115.29090111574476, 109.54130230547025], [18.042386362420018, 13.677115673790398, 17.479603326133034, 29.483515832666257, 26.301203316050863, 24.942335279384444, 25.241509408046205, 55.622149846082706, 60.19498473261496, 67.56206142934089, 75.97662824136164, 84.78660799702573, 78.21115228235698, 70.60807859901948, 62.50417944637648, 19.13355140027512, 10.526085620067414, 6.427063011859616, 11.24747206976083, 18.816843675538628, 15.859967616495666, 7.390347943106472, 0.0, 8.143631964652252, 18.562070376302156, 57.8869157720334, 63.90061028860232, 70.96473662613083, 80.33471886715624, 88.24363695566309, 88.0988672564934, 79.9189971397242, 72.63769754901924, 65.55428611749007, 59.539922323341095, 28.064224918404232, 35.93372310659313, 47.5678484926397, 53.41594347910887, 63.42711879233471, 68.1959631958865, 73.02677931498829, 75.1104935363695, 71.9281292405601, 56.043170596634475, 48.53406882610022, 43.126613614747626, 83.19467964433368, 74.80358223349045, 77.55427064808926, 81.41912541770665, 82.9119832016147, 88.62966128613574, 100.37479831449289, 103.76704547101711, 102.62917551620164, 99.40558670795949, 96.81745152071669, 92.96340976161021, 84.81294463830893, 79.66606970404253, 84.74434847297813, 91.38310978859654, 99.32162273148616, 97.85517809829152, 91.72974323588515, 89.27766741229762, 44.11812479202581, 53.252097218379056, 64.77558486152006, 79.15353548655108, 96.43307145998398, 109.74613191111526, 114.82592584206309, 127.14472378210817, 134.28530136096433, 142.1669102129379, 132.37920658222055, 122.47644619366758, 118.52525312859244, 110.38089093507486, 104.37573112971792], [14.932236611654599, 14.161631527549675, 20.832654607134707, 33.4464161245218, 28.044324208832936, 23.971857968416924, 22.337093596822687, 48.219495444705906, 52.65141385381383, 59.96030218591527, 68.48498330375173, 77.53924710598127, 70.66978914970672, 62.989587979795864, 54.98972892214913, 11.994480891172078, 7.72015244788249, 11.185539507749546, 18.873461848078264, 26.71997644501877, 23.73761380454643, 15.468150735629324, 8.143631964652252, 0.0, 10.492183366422173, 50.36864963692211, 56.53208490835345, 63.80195588543221, 73.40999145776986, 81.47901163814684, 81.19421718558499, 72.7144868033924, 65.2518785260928, 58.00328868547478, 51.89048943180276, 20.169729067540924, 29.082306342754265, 41.39080479655666, 49.1085390101782, 59.024152953440016, 62.9552665722486, 67.04225863279586, 68.78619123429348, 65.07686507928105, 48.622900609618114, 40.83329724063788, 35.119475545998895, 80.98182440958585, 71.39066808843461, 72.85656569196243, 76.19564298383291, 77.16991832273355, 82.63658706944503, 94.38732853672127, 98.38595308817365, 97.66681121818405, 94.92099436443588, 92.90937961319325, 89.88820928871696, 82.37327541954308, 75.61821707819189, 79.77159979695611, 85.71874666278356, 93.49262952181712, 92.58636848296403, 87.14793611221397, 85.66774710748896, 51.17276625960605, 58.88333377331369, 68.62966502640371, 81.36067279715994, 97.690104275766, 109.43370107260206, 113.14372834041221, 123.0213747746165, 129.30126982083914, 137.0330107537454, 126.69311358795964, 116.65922092632947, 112.43510819056361, 104.40917697119184, 98.44954339267613], [18.497315440599863, 21.482185428599696, 29.224220706822912, 41.60409963661151, 34.58709569272519, 28.218782701020185, 24.493302427775703, 40.032717993750886, 43.90001776316621, 50.84679470181453, 59.53121768317302, 69.10419336913749, 61.860228669636534, 54.16163001940371, 46.49849373651498, 5.43266120221738, 12.669417999528472, 20.064787403020997, 28.758424080560566, 36.97318092256694, 34.19762063468366, 25.92497507461603, 18.562070376302156, 10.492183366422173, 0.0, 40.73476825439707, 47.1171518386333, 54.7243380429003, 64.79736896014148, 73.27956118398816, 72.86753200578109, 63.7953627103438, 55.995747645020884, 48.52092250125778, 42.27510689909443, 11.818651161115511, 23.080486448578394, 35.854566716297505, 46.75499334505132, 56.255794857825535, 58.64386395554769, 61.411401900105425, 62.68108843683126, 58.07709169908963, 40.563616178352554, 32.29633774063671, 25.50158133334037, 81.0649835074075, 69.86261651596723, 69.32944577420997, 71.80284386636636, 71.94269426743708, 76.98847069486192, 88.71738204836748, 93.64551309470905, 93.55871695753844, 91.55148485267887, 90.40785984708175, 88.63575981089208, 82.14207956282169, 73.09454904315325, 75.77604592987845, 80.6186090041604, 88.09375406003451, 88.0876900255593, 83.73714564329222, 83.72353426992296, 60.83323709280256, 67.7983073660221, 75.97381570904285, 86.90013060067083, 102.00322525788505, 111.740819443717, 113.64033671274115, 120.01000376822954, 125.05007841229369, 132.46119552173744, 121.21651587976874, 110.89673564195745, 106.06493209759972, 97.89039467062076, 91.46317983578905], [53.09441168219259, 59.14667792965872, 67.28125246811517, 77.8983556655904, 70.68094713268346, 62.4283051778926, 55.66307860146702, 26.42632903835894, 21.517678999642083, 20.2142608655474, 26.879704294073232, 38.12926602624865, 33.49182665644752, 29.98984435017851, 28.07524993417761, 40.160103379184434, 49.76907582940679, 57.61207470301795, 66.04262151438155, 74.01357811890207, 72.43667666529814, 64.78271253426057, 57.8869157720334, 50.36864963692211, 40.73476825439707, 0.0, 6.72654203104017, 15.067855223295515, 26.513695884999002, 36.86714232247259, 36.743283129172724, 25.45124856366777, 16.781273880203642, 9.952214797410422, 6.122102938611288, 36.530750202592195, 43.22197467993836, 51.91107411482923, 66.43597802432636, 71.97860250656665, 70.03833579017078, 66.93757069044274, 63.38358991707738, 54.390695375584315, 40.68793185137979, 32.48270994599951, 22.736157781603403, 99.59549392451859, 86.65385432256316, 80.31498858708