{
	"dissimilarities": [[0.0, 7.595130992262083, 14.707373551637938, 23.892599818657448, 17.608948700705135, 10.447965034310318, 6.513831065437528, 42.81154931600407, 48.85558906879658, 57.33660642272122, 65.4921698418124, 73.21524760949353, 65.64490068787092, 57.483216621966925, 49.09907312636096, 18.405993417980184, 19.247485727773483, 21.572848578569914, 26.64530739680447, 30.85773525791703, 27.494145047768992, 21.08793272277444, 16.597897644614815, 11.675908963179998, 13.293199815563668, 48.15339235617899, 55.548573597469485, 62.51177575895607, 71.65301793619949, 78.40603671863113, 76.24056842810302, 70.07090211764476, 62.98366094571572, 55.45558462328252, 49.728726028673826, 19.65304135834512, 26.66243128421752, 35.69535580055655, 37.47166014920513, 47.892282099842106, 54.10044425114875, 58.795251061373506, 59.49499689202491, 56.76470106208462, 46.117296780411664, 38.67745530274175, 34.613378977608654, 64.94521130015633, 61.408857991882776, 61.49361689433882, 66.99535627417394, 67.96279846296541, 72.7665009430267, 81.6809317778647, 82.0021311539001, 80.26968639396803, 77.88060507598654, 74.13440967723542, 69.86131544290335, 65.4295693477937, 65.77970207678257, 68.99748937705463, 75.56127873219728, 80.09973416316052, 76.3348942979699, 70.47134287378643, 66.65282052036326, 55.545338146132536, 53.31522306130654, 61.35748307400329, 68.63888452721362, 82.80161559532107, 95.46593896253924, 98.94462293225344, 105.15465727641184, 114.0553942141024, 120.10617743706112, 116.62431695818516, 107.70584971000147, 106.4140898716256, 99.34534346695597, 95.08795059428539], [7.595130992262083, 0.0, 7.7700385541768755, 18.982384905041357, 14.124485887947111, 10.569765996216708, 11.97690658769229, 50.221185794544326, 56.06236952828926, 64.39812617599138, 72.65982088749328, 80.58994757835951, 73.05349164543584, 64.88542588529509, 56.529207751371516, 20.423322681030573, 16.919073650173875, 16.63979813400974, 20.461299416010387, 24.29749051447091, 20.6185073965477, 14.053329377329808, 10.691459942730273, 9.316012357914676, 16.183033082002577, 54.24957143249046, 61.667110508497466, 68.74857248714218, 78.06830307179658, 85.11078324007784, 83.09719025972008, 76.76709780991659, 69.5757236859617, 62.09120717600115, 56.21550514982426, 25.350924099044985, 31.999614777727576, 40.13025210155622, 41.50438772233128, 52.08505833104797, 58.51740163249856, 63.90909640580181, 65.42678990600476, 63.48779204002466, 51.9786198145424, 45.05220841650107, 41.17478322641959, 67.5824891351175, 64.72957607507311, 65.60298025957604, 71.58915158548335, 73.22282673228676, 78.40279161993655, 87.83839769469182, 87.61727112136097, 85.30493526356484, 82.37614811594558, 77.96862287483725, 73.1245914969492, 68.5726960841948, 69.6146682871967, 73.58787765563366, 81.14970159094734, 86.03180977293293, 81.90393241271306, 75.0494209907717, 70.47867185892741, 50.5260189969879, 49.44790084177265, 59.11956977029197, 67.894685777036, 83.012476892748, 96.70218331504242, 101.25475434113929, 109.2520557240886, 119.90134285234613, 126.57278607057431, 123.57294265084417, 114.88304103948639, 113.75886227504755, 106.43797924121077, 101.55840613119226], [14.707373551637938, 7.7700385541768755, 0.0, 12.329762921395078, 10.558650800824603, 12.672958831904412, 17.251477680875574, 57.498274985875064, 63.5026240076981, 71.91896686950906, 80.08003951466566, 87.7204458231822, 80.30272818839543, 72.17152799892507, 63.771963454958716, 27.406155611602607, 21.504174924596274, 18.137976353513892, 18.312164159621002, 19.342039793195, 14.986068221643826, 11.054976474815767, 12.203087813309756, 15.2341090533278, 23.60762935902496, 61.97936707282579, 69.3538952231733, 76.36826382601465, 85.50784656481417, 92.36384787349574, 90.43866522793714, 84.28218259458346, 77.19524242366309, 69.75198122767587, 63.92107794316902, 33.01083942277559, 38.601542864062594, 45.44118642233036, 44.77335686093071, 55.47043589891738, 62.57847879043199, 68.67848709371745, 70.61520076558872, 69.3957204599066, 58.50985959172936, 52.20819265856596, 48.860572526431106, 68.20457392761, 66.563517183077, 68.72748494775273, 75.15523044805249, 77.52090290043897, 82.83540430898704, 92.34383590949055, 91.59155616409751, 88.78020379758885, 85.2366854093879, 80.14346947560874, 74.45845435068473, 69.8000898751253, 71.94560238769654, 76.94140407115664, 85.30929140175115, 90.31153438788866, 86.00048381875921, 78.26584159131474, 72.74731938856854, 45.524645833244485, 43.45626173243027, 53.69583915002259, 63.63683492587221, 79.61166375776232, 94.40387316092844, 100.2582446227874, 110.99906725055334, 123.07440929947123, 130.30987571188808, 128.02009568153528, 119.81486342159803, 119.38336530747388, 112.47217416823989, 108.10740306192976], [23.892599818657448, 18.982384905041357, 12.329762921395078, 0.0, 10.55627225005707, 18.027579261559247, 23.73788422380725, 64.7877410285485, 71.30662381108404, 80.00575477895472, 87.70502781960089, 94.26963672135435, 87.20914394189178, 79.2874441476756, 70.85047363627703, 39.3158854959574, 33.504257114061694, 28.984587158865416, 25.727204943434817, 21.58491045886098, 17.508770777857762, 19.903016657835035, 23.78854718121874, 27.326038206273676, 35.13978606755701, 71.84075639323547, 79.05825043909216, 85.7245833089806, 94.12615392069517, 100.07251547864895, 98.18071955682099, 92.72428590880722, 86.08277935503509, 78.73306422167155, 73.23398656157528, 43.244242700346526, 47.25137107664383, 52.409469502622656, 47.428902157729844, 58.04731414977209, 66.4770608844128, 73.23094369456378, 74.93419130436996, 74.31766495142023, 66.26018085602101, 60.7140407077636, 58.225251125971965, 65.72699934875284, 66.32217310972237, 70.63892084061077, 77.38348096441842, 80.55731986150073, 85.55779704515608, 94.29025483234597, 93.04755450648904, 89.90949865651034, 85.6474261955868, 79.85681856498582, 72.84959652960465, 68.12821930347444, 72.14077459050627, 78.59130635974391, 87.36168900122347, 92.05391067536378, 87.91044313403668, 79.55501188696175, 72.77950000324032, 41.61171461804911, 33.23973592510955, 41.595301863731564, 52.33476024724701, 69.36231673063257, 85.67830005396068, 93.42977984352144, 108.87850591063291, 121.6544762670595, 129.24579665376558, 128.0173256139339, 120.7507684962935, 121.83046215331922, 116.35603742899751, 114.25323155727645], [17.608948700705135, 14.124485887947111, 10.558650800824603, 10.55627225005707, 0.0, 8.812002326046336, 16.009489504696333, 57.613222294747146, 64.48122158354471, 73.26533228175403, 81.12280875841917, 87.96076718280041, 80.24019787796742, 71.98848951110867, 63.69932979850584, 33.66711062860086, 30.415668334230784, 28.37714477685451, 28.660010874257217, 27.938734419651887, 23.368597735680268, 21.386450745762705, 22.179494689942445, 23.137186557078497, 29.087946275875666, 65.1914278158943, 72.68202096755313, 79.64696398656253, 88.62153952566902, 94.83291078708814, 92.51132253015302, 86.70085242990396, 79.7389887033779, 72.114841700178, 66.51180683263195, 35.418171895063544, 37.537276926057885, 41.96036949695771, 37.51940385917085, 48.179407835291066, 56.25459978546475, 63.00789936884585, 65.11258742033915, 64.9938427369687, 56.289689568352294, 51.46067328705058, 50.34048003346915, 58.33623747165308, 57.60637898038572, 61.01151647206263, 67.72437139844263, 70.79519086630147, 76.07664764457155, 85.515278618163, 84.1325547138002, 80.875544209351, 76.80948791880931, 71.25162616597848, 64.95230350788077, 60.251395485856754, 63.267988203450805, 69.17284020839566, 78.14559246992721, 83.21000263575634, 78.75027850568124, 70.29825446833941, 63.99293133830893, 51.3193210745672, 43.23207377319267, 48.058874570924, 55.748353640325746, 70.30693667710082, 84.29631721412197, 89.90870185730984, 101.51007582462536, 114.9572242241178, 123.34192468179025, 122.51791198628146, 115.4231829046739, 116.93303554627344, 112.33132675718174, 110.65386495394617], [10.447965034310318, 10.569765996216708, 12.672958831904412, 18.027579261559247, 8.812002326046336, 0.0, 7.641850809556805, 49.02388229047811, 55.880840802752445, 64.64563296639312, 72.57596931641416, 79.6438889029362, 71.74333719758634, 63.410947439740255, 55.14811688945313, 27.196519970161415, 26.675423971441933, 27.061835154752995, 30.022101470533805, 31.76817953385864, 27.50184625942897, 22.952894744631795, 20.907069115466207, 18.817540753110645, 22.230349292819955, 56.670095769469, 64.19107254489225, 71.19168918951938, 80.30672998096878, 86.63003776470161, 84.17178464980343, 78.2241328586535, 71.18025368204768, 63.50002263918628, 57.90024028039411, 26.99411634906797, 29.337683934421303, 34.99831963599785, 32.58055170097098, 43.370573791209885, 50.806538732543125, 56.802674657153084, 58.39278497882441, 57.475406079785024, 48.25567633296936, 42.865628291340236, 41.57651379629886, 57.20952653267329, 54.89983257067109, 56.720129078051656, 62.94918861928973, 65.1628229543284, 70.30906379738335, 79.70328123721649, 78.94308672134923, 76.27654326941703, 72.93784927078357, 68.20623287999551, 62.93059438905968, 58.336948652214275, 59.96687548579331, 64.65508719001733, 72.70310135172787, 77.64755368192397, 73.38511452723507, 65.95053523371116, 60.77461831615137, 56.19397321698444, 49.70924708314335, 54.47075890142023, 60.8372709122198, 74.31855467075201, 86.90780551299143, 90.8834888913037, 99.10298889216779, 110.83218320451411, 118.58458901177404, 116.96493846768858, 109.33021827673998, 110.15167657860547, 105.23401645994012, 103.20598821915692], [6.513831065437528, 11.97690658769229, 17.251477680875574, 23.73788422380725, 16.009489504696333, 7.641850809556805, 0.0, 41.73005462875995, 48.484814460733936, 57.260275483755805, 65.13834148439038, 72.20404348094483, 64.45790143692365, 56.22269115754742, 47.87840019908675, 23.59914890914681, 25.573772422707506, 27.69321799018541, 32.01060617775015, 34.98268446816023, 31.251046250292152, 25.861021931470727, 22.271301653306953, 17.89485013695527, 18.35445385794034, 49.7478879680175, 57.133362552458564, 63.95913565143222, 72.84196297281038, 79.02808904137547, 76.5958232191213, 70.75952162125989, 63.843985589792986, 56.2360230521337, 50.760939636860435, 21.316940148030692, 25.258749596554573, 32.81976790808462, 32.076558897621844, 42.65216877034768, 49.53135855358358, 54.4894955120301, 55.01947240183756, 52.73912492445646, 43.888051414463625, 37.34672243038696, 34.97235041324185, 58.81662585443818, 55.58668191071688, 56.19073564538035, 61.76285953793247, 62.97893058225773, 67.66691227145664, 76.39940508204789, 76.49853640911283, 74.66605030015278, 72.10130833014182, 68.25859000010283, 63.759155289406124, 59.316888212178135, 59.98200504019817, 63.55708365507403, 70.22202064040783, 74.70424893472573, 70.94930931410305, 64.91399847254465, 60.81489097329454, 58.66130359290926, 53.29019217159852, 58.51365074343848, 64.30208948366335, 77.47549603538194, 89.46017266080422, 92.55893272201921, 98.91677684446223, 108.10434678399166, 114.65773549945685, 111.92357157915185, 103.6099470692429, 103.50996872971199, 97.95764536722736, 95.62378713981818], [42.81154931600407, 50.221185794544326, 57.498274985875064, 64.7877410285485, 57.613222294747146, 49.02388229047811, 41.73005462875995, 0.0, 8.153664281816917, 16.88236252928239, 23.97963789951168, 31.387942755401046, 22.928203497834147, 14.695834117487887, 6.3341857470150025, 41.046937382210956, 51.43211968336542, 58.21909663415312, 65.59203834819802, 71.40905810919263, 69.03303079798599, 62.25745420958198, 56.14892468986834, 48.66948674038647, 39.89254286983605, 20.806043939708363, 24.797558741650057, 29.070494136158764, 36.10487488044031, 40.89973317810855, 37.30003930684323, 32.02976512140996, 26.213417447974805, 19.568986614747068, 17.4411757561452, 29.304954002285026, 31.065123793627993, 38.68555150948981, 45.79291140797445, 49.588847103695464, 50.29941652460455, 47.72165106155112, 42.21002520516019, 32.00606727493987, 29.798355785191724, 21.000421972101826, 16.042608094077224, 72.8067622467275, 65.16506461870298, 58.974997838802075, 59.56434693804245, 54.87437853049678, 56.11209139179835, 60.201835723699794, 65.12233207724383, 68.06723593289293, 70.3295812302298, 71.9196117215808, 72.79958288492442, 70.10967616051492, 65.17653210190583, 61.66457062605692, 59.455023796242436, 60.90072660970941, 60.37269836304669, 63.21222176109879, 66.00983076647894, 91.6836795122976, 88.87966553474514, 92.39600513808153, 93.79449938918498, 102.369528261602, 108.61276143561331, 105.6046031001492, 98.16949716538745, 94.53643585993501, 95.31162765793988, 87.15699614477188, 75.72205261944318, 70.6954195390399, 63.533396732129006, 60.96348030219212], [48.85558906879658, 56.06236952828926, 63.5026240076981, 71.30662381108404, 64.48122158354471, 55.880840802752445, 48.484814460733936, 8.153664281816917, 0.0, 8.986092197958188, 16.78949799640186, 25.77377239217333, 17.92487386826906, 11.059664453247123, 6.391440789273495, 44.83806162087569, 55.32149821526934, 62.37421747343527, 69.9547265506188, 76.24917034798023, 74.21531354811445, 67.29190388853499, 60.99887945267652, 53.531972708445736, 44.478276940960136, 16.565638805900182, 18.3175937020446, 21.388093394188925, 28.027489681900892, 33.224219183458835, 29.612732649891313, 23.91692306317853, 18.16606073213202, 12.12472934098081, 11.967410033709129, 34.32749017128546, 37.296487995993786, 45.203722666222724, 53.59293935461458, 56.98278559262045, 56.88497216333356, 53.54567170310484, 47.80960889776508, 37.10396118484906, 34.57405903170022, 25.980815744719756, 19.539651138315875, 80.58420710573881, 72.64374700445676, 65.84346478850547, 65.92886374109011, 60.63947305020383, 61.46473888020095, 64.79579901685298, 70.36712586605854, 73.88782478826226, 76.7230316666366, 78.85014008165692, 80.24674577729617, 77.71582083455716, 72.33439873256154, 68.10917209499233, 64.91007314790795, 65.89977585750158, 65.84182411801144, 69.69215678618241, 73.16919005871202, 95.91358727740425, 94.74224744871321, 99.39584250224975, 101.21569321779552, 110.0531170502677, 116.28521689106017, 113.04155808063749, 104.37037295834092, 98.76888610851199, 98.0948151486866, 88.4338393595964, 76.06793592488583, 68.78225255158881, 59.47367270703858, 54.463450311152], [57.33660642272122, 64.39812617599138, 71.91896686950906, 80.00575477895472, 73.26533228175403, 64.64563296639312, 57.260275483755805, 16.88236252928239, 8.986092197958188, 0.0, 8.89033556622364, 19.86322548766139, 13.183841971302828, 10.506239194823664, 12.831241607474546, 51.827544283293236, 62.38123885958558, 69.63836888107697, 77.39280651857398, 84.02144824514173, 82.19231990341899, 75.14453896036754, 68.71999084742126, 61.27186077981542, 52.03965439125734, 17.717359112702013, 15.471735711967323, 15.411671016486727, 20.481312352014115, 25.64412240122857, 21.60873207613973, 15.519862424579673, 10.648067649655593, 8.124677409953822, 12.630975229107566, 42.03931504426466, 44.922335466589466, 52.31880988354059, 61.55500781822682, 64.1254980766089, 63.04662128571818, 58.74062479759627, 52.640979511334294, 41.600932551403716, 39.80649803033124, 32.33682905118736, 26.49428250637594, 87.98605198257613, 79.6310733227321, 72.06534731075217, 71.42957555141734, 65.42370038264531, 65.66992693166729, 68.04280098598518, 74.30169722713724, 78.50388252012625, 82.06011915742589, 84.92476627490493, 87.0744982356064, 84.82064135845836, 78.80334740046224, 73.6436608796028, 69.17056729016488, 69.60016448969628, 70.10546159869271, 75.23526118660084, 79.6256565053158, 103.24763099979278, 103.03563601410093, 108.06731233946996, 109.77944113623884, 118.31066835953546, 123.97393482505251, 120.04648118912486, 109.29863603426529, 101.53213330229057, 99.49392262472979, 88.50831376690896, 75.46061828194541, 66.18661742000023, 55.45565425288274, 48.583193599601444], [65.4921698418124, 72.65982088749328, 80.08003951466566, 87.70502781960089, 81.12280875841917, 72.57596931641416, 65.13834148439038, 23.97963789951168, 16.78949799640186, 8.89033556622364, 0.0, 11.723602381672025, 8.436654697764098, 12.684096418723724, 18.59186301517223, 60.60110045028808, 71.01309876343471, 78.12806419977456, 85.66145405587405, 92.0536452477345, 90.28870475481469, 83.48667812107395, 77.19782129222608, 69.81615055412291, 60.72092916495789, 25.869348324939192, 21.810200149465985, 18.457702858861232, 18.057945104863375, 19.703152596868755, 14.955873263772363, 12.018031332473258, 12.692935217485475, 15.318278325946523, 20.99961622653, 50.75065730451299, 53.084552574667676, 59.68269929225042, 68.02394259889032, 69.81605544593694, 68.40111341772636, 63.31400144725198, 56.299832399417404, 44.79007131159467, 46.201413423326414, 39.92652461685472, 35.20018107160617, 92.7762326685966, 84.49800147393839, 76.72198651313919, 75.33407760134182, 68.70968847555015, 67.99027967838092, 68.55162261856803, 75.65406630742328, 80.75875786129755, 84.99762500323988, 88.64042881755803, 91.2929598795519, 89.35408174552283, 83.0968734642877, 77.30098556794194, 71.19172631272735, 70.62830669355769, 72.06368549621654, 78.73503382855004, 83.84468795361936, 110.25279611286057, 109.57397337949165, 113.93856135930706, 114.91082413887759, 122.7032550366795, 127.55792188656382, 122.94442958649698, 110.90465177427772, 99.96890875834413, 96.10936756418775, 83.73959041957764, 70.10454704058226, 59.301361117163474, 48.20778130282693, 42.3290217048394], [73.21524760949353, 80.58994757835951, 87.7204458231822, 94.26963672135435, 87.96076718280041, 79.6438889029362, 72.20404348094483, 31.387942755401046, 25.77377239217333, 19.86322548766139, 11.723602381672025, 0.0, 10.269940230458353, 18.70158208943634, 25.384211886080234, 70.36015915376893, 80.47723399301994, 87.19070790052297, 94.19593584512802, 99.89497435062852, 98.08794928979265, 91.83694302629927, 85.9053639683882, 78.65783333770712, 69.95516641511169, 37.32953798108241, 33.34053916933228, 29.124796622280613, 24.60578453133826, 20.25719554159277, 16.09701992754917, 19.546098844275523, 23.625537142478457, 26.903514226848824, 32.34993398335313, 60.007841587341964, 61.555285409105736, 67.17636008392653, 73.27796789421994, 74.33180891184584, 73.14444174015755, 67.54045789675473, 59.29317738288211, 47.437188647375535, 53.602776054277705, 48.451821035604574, 44.96391475772817, 95.17386028244805, 87.48741076334925, 80.0747644317341, 77.95516448048066, 70.89756360097135, 68.89859359760365, 66.8253077776448, 74.86020332437408, 81.02357705387097, 85.85497551484491, 90.26146368480869, 93.14891316329076, 91.56927338538938, 85.49576910275603, 79.41147901491762, 71.43517842142838, 69.46860041630873, 72.17258451697482, 80.52737634216955, 86.10817977647709, 116.5701737142247, 114.22919332064941, 117.01050766223796, 116.68690644332901, 123.30562809033059, 127.11367361003538, 121.85065469067472, 109.39214062067924, 94.27155281536272, 88.0143598611522, 74.0757152128733, 59.8283120065688, 47.824971669258005, 37.78054042279995, 37.40518193603195], [65.64490068787092, 73.05349164543584, 80.30272818839543, 87.20914394189178, 80.24019787796742, 71.74333719758634, 64.45790143692365, 22.928203497834147, 17.92487386826906, 13.183841971302828, 8.436654697764098, 10.269940230458353, 0.0, 8.85432450897464, 16.657750392189275, 62.64814868105832, 73.21081800980986, 80.1984731200187, 87.59567648292176, 93.5133217666027, 91.40802438595585, 84.76441289125243, 78.61799015505085, 71.15702143481614, 62.16168287952563, 30.61971879409837, 28.1803351197671, 26.238866333955265, 26.36898065789677, 26.283460435760677, 21.468201483177953, 20.28415075675159, 20.460184104308887, 21.031145780744946, 25.5339602318742, 51.50758581927322, 51.968267682600484, 57.168169596006976, 64.01498568566247, 64.952348993392, 63.46507861715919, 57.97140502575046, 50.18866829601436, 38.43079970974933, 43.339630606010886, 38.44370864825605, 36.05963628217753, 86.93501782042384, 78.74046390456235, 70.96198377589991, 69.1050527910601, 62.22027701710765, 60.91215243699458, 60.590364339331664, 67.97454015965879, 73.46280817678868, 77.97920835051113, 82.03575914159617, 84.99064751270218, 83.30501298773729, 76.91509580211863, 70.82777109521788, 63.8580055909434, 62.82448529977687, 64.68271499625642, 72.11927585947774, 77.59953710915941, 112.00724834206159, 109.23148254318374, 111.64283878678846, 111.31834761679137, 117.82040990888063, 121.52673024692793, 116.12311024375863, 103.12192347658612, 91.57170897862554, 88.0567147841364, 76.399305674933, 63.364288950938494, 54.57230380663707, 47.14602831911526, 46.5121429939469], [57.483216621966925, 64.88542588529509, 72.17152799892507, 79.2874441476756, 71.98848951110867, 63.410947439740255, 56.22269115754742, 14.695834117487887, 11.059664453247123, 10.506239194823664, 12.684096418723724, 18.70158208943634, 8.85432450897464, 0.0, 8.505301345594818, 54.678852814991885, 65.39304171763618, 72.4475927319284, 79.99523354689353, 85.968333316815, 83.6777279594757, 76.8512934710689, 70.6327187085616, 63.089747260947824, 54.02495252801033, 25.26568427737816, 25.033658130268257, 25.734967930264418, 29.54730358264055, 32.096137389715416, 27.517493938509023, 23.802490128148545, 20.64054259193268, 17.778119094555837, 20.32786648871617, 43.04870225057719, 43.12324980741818, 48.55167165089536, 55.839756731339385, 57.29531822843504, 56.119073957675745, 51.26859587297661, 44.13144120666129, 32.564270219030185, 35.37485639130384, 29.811537969885386, 27.709232814798984, 80.14311242646124, 71.81725819058728, 64.18484513575763, 62.98571651459532, 56.6390821825477, 56.24147028213464, 57.781448058781855, 64.30491648460561, 68.9086271546148, 72.77432323685025, 76.12498752544514, 78.65358879565856, 76.69542884589752, 70.46262340190462, 64.9251316575148, 59.48594534868306, 59.46461924090034, 60.376689085450174, 66.36113144823665, 71.21521198363696, 105.5710761332928, 102.58405144362425, 105.04353598052111, 105.07103804600544, 111.95803069751122, 116.17529885888794, 111.24683074227333, 99.2987430977054, 91.10955166240669, 89.73257616790129, 79.82373936837296, 67.64684093987015, 60.934834370135185, 54.33902570494158, 53.146075894304985], [49.09907312636096, 56.529207751371516, 63.771963454958716, 70.85047363627703, 63.69932979850584, 55.14811688945313, 47.87840019908675, 6.3341857470150025, 6.391440789273495, 12.831241607474546, 18.59186301517223, 25.384211886080234, 16.657750392189275, 8.505301345594818, 0.0, 47.10581792798732, 57.573124912486705, 64.4150508170565, 71.78096992584511, 77.58047166530982, 75.25740324093755, 68.54484764563016, 62.44203392647516, 54.9652571662857, 46.1271754389457, 22.265021432357685, 24.3657396798821, 27.113887405280806, 32.75443251056238, 36.53111256996864, 32.573204244595374, 28.002554346903104, 23.207463774124523, 17.864272846582196, 17.865931740570907, 35.43427941747264, 36.44081862172144, 43.04623912511965, 49.9491674170681, 52.722066594798974, 52.719171209906754, 49.13192822351164, 42.70872549668589, 31.630622870323013, 32.1694323368225, 24.771352820878015, 21.165836625434867, 75.63987449011289, 67.77979775522067, 61.03773524013094, 60.83650139174982, 55.39712011149629, 55.851213442670016, 58.6914451565439, 64.38172096421762, 68.1151189505715, 71.0783248027241, 73.45095580746153, 74.99251188941672, 72.61542500813982, 67.18082876104002, 62.82295357988364, 59.10671094046254, 59.83405763540367, 60.00659720489147, 64.29725560220675, 67.96984456361807, 97.32327608346519, 94.30881688298203, 97.27732746740588, 98.00953173061328, 105.84274641729826, 111.23259754234108, 107.43326495429706, 98.27820430959518, 92.42728107379257, 92.14083843541415, 83.14603136855027, 71.32227497587783, 65.58782345719075, 58.61950872334858, 56.83151408202356], [18.405993417980184, 20.423322681030573, 27.406155611602607, 39.3158854959574, 33.66711062860086, 27.196519970161415, 23.59914890914681, 41.046937382210956, 44.83806162087569, 51.827544283293236, 60.60110045028808, 70.36015915376893, 62.64814868105832, 54.678852814991885, 47.10581792798732, 0.0, 11.601961706507996, 19.80278976164934, 29.14695017682997, 37.557209821605134, 35.5444393979754, 26.7525661376695, 19.474488318515377, 12.55954157279576, 5.248093603612268, 38.05323305403571, 45.43481366235163, 52.97714997624189, 63.48949676151236, 72.13686954150015, 70.16631025414883, 62.65570846253373, 54.839281702068035, 47.55887979063751, 41.264872772882605, 13.900189676019604, 25.71172920294135, 37.157076359696255, 46.75647846257609, 55.61006514494323, 58.86071688640102, 61.99993335058808, 63.17035745859075, 59.53162431187016, 43.74656229598058, 35.00648361469689, 28.133075370033247, 77.38310340782856, 71.53187863828012, 68.73057256218738, 73.40613511703872, 73.11913792158998, 78.18370354981454, 87.90829504294054, 88.91152407576631, 87.65103036690188, 86.32355216181939, 83.58630983860364, 81.14818724895696, 77.04779947091889, 75.12502284583837, 76.17156476020202, 81.88931725591068, 86.71126419239744, 82.84020117775407, 78.09292298255788, 76.15918856998442, 63.47354600237856, 67.87628347607016, 78.99673096953994, 86.99902984177987, 100.94088017970284, 112.68885419290673, 114.72632301331215, 115.85183081626948, 123.92815648880486, 129.26581781516558, 124.18474858549574, 113.96017166149869, 109.9378787736271, 100.04623221274399, 91.05813158751107], [19.247485727773483, 16.919073650173875, 21.504174924596274, 33.504257114061694, 30.415668334230784, 26.675423971441933, 25.573772422707506, 51.43211968336542, 55.32149821526934, 62.38123885958558, 71.01309876343471, 80.47723399301994, 73.21081800980986, 65.39304171763618, 57.573124912486705, 11.601961706507996, 0.0, 8.438459248200111, 18.065523522277978, 27.13693748243902, 25.67022278963726, 16.93543971767007, 10.234223727536639, 7.916698967558827, 12.465772545839666, 48.65018094951674, 55.68913470805306, 62.923564336885335, 72.9213498794918, 81.39953335870723, 79.83821548246851, 72.62168748702179, 65.09256502229246, 58.08628165884913, 51.92104179062344, 24.59381330663669, 35.18773781166168, 45.464537011355326, 52.68971358898209, 62.36006687319372, 66.68330569808592, 70.87586339300658, 72.57462699345265, 69.59080115913581, 54.339297774455375, 46.11271340238402, 39.49680661282389, 81.52100163902129, 76.99867376034956, 75.73197005367416, 81.11738333970354, 81.72559139379906, 87.0498882938191, 96.93837048765354, 97.41268687715969, 95.57775410785052, 93.48499619723198, 89.84350119584809, 86.28693051383544, 81.9300287014961, 81.33736882351069, 83.694731955123, 90.49239519216178, 95.48872110102937, 91.38528610876, 85.49566955433369, 82.32483132213962, 53.62415323897165, 60.44377096591884, 74.19618468112012, 84.28707657209564, 99.89991263337296, 113.48109328367782, 117.36828528632913, 122.13730479912822, 131.65281286692476, 137.28563308486844, 132.54689355342424, 122.48637389996554, 118.63418407530929, 108.2390541866722, 98.81413655744936], [21.572848578569914, 16.63979813400974, 18.137976353513892, 28.984587158865416, 28.37714477685451, 27.061835154752995, 27.69321799018541, 58.21909663415312, 62.37421747343527, 69.63836888107697, 78.12806419977456, 87.19070790052297, 80.1984731200187, 72.4475927319284, 64.4150508170565, 19.80278976164934, 8.438459248200111, 0.0, 9.70228135637454, 19.019818462983544, 18.004903612727343, 9.978326689474594, 6.314085092026874, 11.10511135372739, 19.53658589845769, 56.451175220466965, 63.35317032670404, 70.36835882909496, 79.91502272279163, 88.04575515673754, 86.68767692699286, 79.80408712606923, 72.51543304348309, 65.60660087978773, 59.55729006989562, 31.92148847339287, 41.78630203390038, 51.2925131291548, 56.41049366587779, 66.5468465336546, 71.73241722534192, 76.59722729489297, 78.4608722522072, 75.86131629100258, 61.49208823212864, 53.54828407548158, 47.195866339733556, 83.45622387735175, 80.04575579768138, 79.98801541929163, 85.80827194989875, 87.01896102689025, 92.40756628360417, 102.21087566279671, 102.34369740273448, 100.17023104342071, 97.54689499091066, 93.3080410777451, 88.90674612008353, 84.39882910408616, 84.85386319935665, 88.17269713375154, 95.5831344778805, 100.5959975138941, 96.41943925315795, 89.84055131988289, 85.78639692818673, 45.93987201283478, 53.896957321767346, 69.30043932847242, 80.77141705549619, 97.48349989060073, 112.34506556818157, 117.60621402159866, 125.26710285975282, 135.58852669266216, 141.39490743080967, 137.00623323777597, 127.19132661278185, 123.72536726348541, 113.3583635429223, 104.27989899588619], [26.64530739680447, 20.461299416010387, 18.312164159621002, 25.727204943434817, 28.660010874257217, 30.022101470533805, 32.01060617775015, 65.59203834819802, 69.9547265506188, 77.39280651857398, 85.66145405587405, 94.19593584512802, 87.59567648292176, 79.99523354689353, 71.78096992584511, 29.14695017682997, 18.065523522277978, 9.70228135637454, 0.0, 9.806614435479906, 10.31435198062055, 7.604843712312699, 11.712656944646037, 18.85048351168404, 28.198993571057546, 64.95613218153994, 71.67159216876708, 78.3903331151606, 87.33881942146498, 94.98222864130258, 93.86319662660524, 87.42672884002153, 80.46737148670891, 73.70370301504668, 67.8303470200756, 40.43584554819452, 49.83493161462962, 58.724753742203916, 61.584715517227835, 72.07888125540498, 78.15308583299073, 83.55999401060649, 85.36966814224768, 82.97285316752227, 69.82677205953058, 62.01612107819989, 55.73213437482176, 86.4032276658988, 84.27109476843138, 85.49022254515643, 91.6539981386342, 93.38244610889222, 98.70137201319405, 108.17339898303658, 108.06579549553783, 105.67032930422594, 102.56656880450454, 97.80143376023571, 92.51677713442906, 87.88819841746181, 89.4798481298833, 93.74452506203328, 101.55058341767433, 106.44126063941653, 102.31884120009477, 95.24081487005402, 90.33775306705826, 36.73152329864713, 46.20302321652829, 63.78026543090114, 76.87274705282525, 94.85946731368995, 111.19847493428024, 118.04879732096941, 129.05242308003247, 139.7635425088429, 145.50729341647613, 141.3653092663822, 131.78558567367983, 128.6665391493241, 118.31233567830984, 109.73374383603803], [30.85773525791703, 24.29749051447091, 19.342039793195, 21.58491045886098, 27.938734419651887, 31.76817953385864, 34.98268446816023, 71.40905810919263, 76.24917034798023, 84.02144824514173, 92.0536452477345, 99.89497435062852, 93.5133217666027, 85.968333316815, 77.58047166530982, 37.557209821605134, 27.13693748243902, 19.019818462983544, 9.806614435479906, 0.0, 4.721604121926357, 12.012823167503168, 18.8287789024399, 26.03591063520219, 35.723929759449554, 72.75312152092756, 79.4531451103537, 85.97700065075621, 94.4220915961228, 101.43263932343086, 100.363984991092, 94.40882130212457, 87.72558087327548, 80.95125815913514, 75.24029623998484, 47.43241868730988, 55.86403878891104, 63.875469529027164, 64.10269463985243, 74.80582455734243, 81.82766083716453, 87.79272356492608, 89.52319304455358, 87.50557624133089, 75.9675505024256, 68.53182955679495, 62.808473152472544, 86.16264104812662, 85.41797296908675, 88.02132817383486, 94.4924135705819, 96.79437547162213, 101.99175203801758, 111.06255792853658, 110.62377546688204, 107.97427140969809, 104.35645998729653, 99.0711902067891, 92.8888652585698, 88.1853426042839, 90.98013531926028, 96.24262379442624, 104.43610003093647, 109.17918962801863, 105.11907103882709, 97.52681092231614, 91.74507606213473, 28.912809555359892, 37.11195211232253, 55.87361163502836, 70.16766603205319, 89.07846224967734, 106.63072750215613, 114.94192513193921, 129.29896145289487, 140.53289933645374, 146.45317420255066, 142.93005733997396, 133.8926878097605, 131.67838998674557, 122.09799934044129, 114.96374121545198], [27.494145047768992, 20.6185073965477, 14.986068221643826, 17.508770777857762, 23.368597735680268, 27.50184625942897, 31.251046250292152, 69.03303079798599, 74.21531354811445, 82.19231990341899, 90.28870475481469, 98.08794928979265, 91.40802438595585, 83.6777279594757, 75.25740324093755, 35.5444393979754, 25.67022278963726, 18.004903612727343, 10.31435198062055, 4.721604121926357, 0.0, 9.174499744901466, 16.34356440286017, 23.457348453250447, 33.27534059702167, 71.18057633676663, 78.10017406297906, 84.79555097490685, 93.47146763071918, 100.46905065881249, 99.17304161491651, 93.14242730397751, 86.32054503344764, 79.33847942150236, 73.5594422428, 44.66573945512341, 52.3105087558527, 59.85553717352878, 59.662388902245546, 70.3461688260645, 77.45460621428263, 83.58375805901215, 85.49273057578904, 83.83514788885152, 72.42841464877569, 65.37916395163514, 60.33466612255002, 81.56864324020923, 80.8018000342233, 83.50054323683194, 90.04372017633773, 92.5047891888443, 97.78383662891933, 107.03498944001065, 106.39480252262173, 103.58563927729327, 99.86643304023204, 94.49318427127723, 88.301221618027, 83.59825688718597, 86.40986172477292, 91.77907679119625, 100.20198429690583, 105.06333538176177, 100.87813650142955, 93.05662346627052, 87.1750524672445, 32.48608254346045, 37.28633659675597, 54.062917231017785, 67.57892993907511, 85.92941615173848, 102.99214944983872, 110.92668064268389, 124.82729252956581, 136.66545418171884, 143.09537951307854, 140.06067411732585, 131.33722751251582, 129.72930654858882, 120.92791043054595, 114.57969116900527], [21.08793272277444, 14.053329377329808, 11.054976474815767, 19.903016657835035, 21.386450745762705, 22.952894744631795, 25.861021931470727, 62.25745420958198, 67.29190388853499, 75.14453896036754, 83.48667812107395, 91.83694302629927, 84.76441289125243, 76.8512934710689, 68.54484764563016, 26.7525661376695, 16.93543971767007, 9.978326689474594, 7.604843712312699, 12.012823167503168, 9.174499744901466, 0.0, 7.310053393152818, 14.804942610464314, 24.75099052199376, 63.3605769159459, 70.46100274114967, 77.43979636864204, 86.68703409282524, 94.18577004579438, 92.68766742698377, 86.21122218675602, 79.06486052848484, 71.93766714513485, 65.97237919832716, 36.45702408321975, 44.4186226953359, 52.50710173252701, 54.454861864980224, 64.97417588702521, 71.30076722860366, 77.0362966178578, 79.11107249968374, 77.32917514024666, 64.58188308657887, 57.435046910459214, 52.392288571325174, 78.89870385000921, 76.8288994442265, 78.3106550307988, 84.6208393174706, 86.65332371561588, 92.08885102003724, 101.80134327814682, 101.34571675278323, 98.68072554212903, 95.37186329150481, 90.42986337388835, 85.05675844356718, 80.42375040761024, 82.13350602781007, 86.65410891553627, 94.85363931449143, 99.91311996996653, 95.60253064114995, 88.11946934607231, 82.98404979693441, 40.59121470280751, 45.34523847817031, 60.11308450450818, 72.03206162966393, 89.15185278123751, 104.78246254856509, 111.15095569398062, 121.74024839605151, 133.40655235472227, 139.9636970691401, 136.67281047748145, 127.66866058998289, 125.66020089835557, 116.70818548092328, 109.69128324683881], [16.597897644614815, 10.691459942730273, 12.203087813309756, 23.78854718121874, 22.179494689942445, 20.907069115466207, 22.271301653306953, 56.14892468986834, 60.99887945267652, 68.71999084742126, 77.19782129222608, 85.9053639683882, 78.61799015505085, 70.6327187085616, 62.44203392647516, 19.474488318515377, 10.234223727536639, 6.314085092026874, 11.712656944646037, 18.8287789024399, 16.34356440286017, 7.310053393152818, 0.0, 7.7820358532541425, 17.656162464732475, 56.4799117026684, 63.67749032208027, 70.8158704580783, 80.40390893614409, 88.2021286852325, 86.5681874326367, 79.81949312061325, 72.48505494113586, 65.28481944668188, 59.221411390776865, 29.60448143970662, 38.208433521379895, 47.05536382485901, 50.8534838206516, 61.155675505147094, 66.8071285752198, 72.02951254955954, 73.98711316339572, 71.85228431281084, 58.2657043715037, 50.831539708675024, 45.55043365956389, 77.31888605152257, 74.1980203687848, 74.60184635211402, 80.5903688087937, 82.1107877404604, 87.53256424193029, 97.37640321612045, 97.22980184415647, 94.85254507509696, 91.99671695571918, 87.55392138741168, 82.9062410006197, 78.36710924382534, 79.13470611962686, 82.83346132418674, 90.55349809733355, 95.62740910918421, 91.3579002866548, 84.43147371214569, 80.0439594017355, 46.7428100633499, 51.290213388282474, 64.78449156490719, 75.49004506252606, 91.69681382235576, 106.22758158598239, 111.36550286430291, 119.3642546491967, 130.30961437478246, 136.6756834306159, 132.99484267846861, 123.69628597713215, 121.2490741643205, 112.1149334628838, 104.63908172410812], [11.675908963179998, 9.316012357914676, 15.2341090533278, 27.326038206273676, 23.137186557078497, 18.817540753110645, 17.89485013695527, 48.66948674038647, 53.531972708445736, 61.27186077981542, 69.81615055412291, 78.65783333770712, 71.15702143481614, 63.089747260947824, 54.9652571662857, 12.55954157279576, 7.916698967558827, 11.10511135372739, 18.85048351168404, 26.03591063520219, 23.457348453250447, 14.804942610464314, 7.7820358532541425, 0.0, 9.955485655426811, 49.14774251630455, 56.489877460819784, 63.74508326591166, 73.54255424279386, 81.39976957603918, 79.56114285502466, 72.68931152282497, 65.23597221399407, 57.90313085896156, 51.79945431688308, 21.84638082306493, 31.164544388897877, 40.90260782782444, 46.07817964268263, 56.12823416942024, 61.25229982288699, 65.87257430640611, 67.44261172100174, 64.82190994770815, 51.02725622403355, 43.22234688887512, 37.780486522741946, 74.25633363078627, 70.21645757342486, 69.63632154023483, 75.21953085395707, 76.16111702183876, 81.42018296824628, 91.1391833664173, 91.37750553913432, 89.40124851224917, 87.04099047633783, 83.17943228718299, 79.22143410801358, 74.8017437113431, 74.70517080469882, 77.58722662615399, 84.61080002599356, 89.55917500827672, 85.4550712330074, 79.2678897903527, 75.65196628372723, 52.967772493798684, 56.1276468662593, 67.85495415259572, 77.09548730622153, 92.25605094693547, 105.61101480768295, 109.50423755567451, 115.13061072156232, 124.97177139872403, 131.03967214656478, 127.02144314830072, 117.52924291985403, 114.87554293147434, 105.92146168705764, 98.63359754520428], [13.293199815563668, 16.183033082002577, 23.60762935902496, 35.13978606755701, 29.087946275875666, 22.230349292819955, 18.35445385794034, 39.89254286983605, 44.478276940960136, 52.03965439125734, 60.72092916495789, 69.95516641511169, 62.16168287952563, 54.02495252801033, 46.1271754389457, 5.248093603612268, 12.465772545839666, 19.53658589845769, 28.198993571057546, 35.723929759449554, 33.27534059702167, 24.75099052199376, 17.656162464732475, 9.955485655426811, 0.0, 39.63225222515198, 47.15153558949589, 54.60506833539456, 64.80695602108511, 72.92223382206326, 70.82814693101417, 63.659348447781724, 55.983160436043704, 48.513011415246126, 42.31274469193309, 12.388907665302135, 23.668410822151348, 34.924512985159325, 42.84327328246191, 52.11965088946373, 56.09893071815047, 59.62232209065514, 60.64893922819004, 57.20965836485153, 42.649993794171486, 34.113633955989535, 28.033536566994666, 73.0453960405293, 67.64063409601896, 65.44887372399623, 70.32210147865446, 70.31276496042753, 75.32553422320021, 84.88562848401872, 85.73152649253949, 84.3696315197449, 82.80657202523544, 79.858872343638, 77.03015078698273, 72.8532837125503, 71.39278121813514, 72.91496203586392, 78.82421984130482, 83.59090845220933, 79.73625064684904, 74.73749275001998, 72.3942607233454, 61.66374712741781, 64.17957798811649, 74.29818503668957, 81.91963642446832, 95.7332728610656, 107.52689930857481, 109.75955691085781, 111.88872457549552, 120.14315316191487, 125.70498372094151, 121.06745820158022, 111.19507306326636, 107.9615311187241, 98.94744113287739, 91.4086766933931], [48.15339235617899, 54.24957143249046, 61.97936707282579, 71.84075639323547, 65.1914278158943, 56.670095769469, 49.7478879680175, 20.806043939708363, 16.565638805900182, 17.717359112702013, 25.869348324939192, 37.32953798108241, 30.61971879409837, 25.26568427737816, 22.265021432357685, 38.05323305403571, 48.65018094951674, 56.451175220466965, 64.95613218153994, 72.75312152092756, 71.18057633676663, 63.3605769159459, 56.4799117026684, 49.14774251630455, 39.63225222515198, 0.0, 7.902626948026459, 15.830400349785409, 27.465594103879802, 36.968707179053396, 34.34325243226606, 25.776109761587865, 17.426726394297955, 10.715162741941397, 5.151672380306032, 30.970105963103293, 36.897927439013195, 46.58398007646837, 59.122374029554955, 63.37809396641437, 62.518073663742314, 59.921083884530795, 56.56683063490604, 47.666216631484254, 37.16379019763083, 27.529687192372858, 17.513553880352525, 89.02449242917366, 80.4488789258157, 73.16766497507497, 74.02542167367785, 69.