{
	"dissimilarities": [[0.0, 7.3633553444755755, 14.726537424959778, 23.3853169203631, 16.711527297432184, 10.436292279781265, 7.5221149647330545, 41.970106902887785, 46.871928832302665, 56.25520823704108, 64.51087589260284, 72.38892880860602, 64.92273876161013, 56.68249220646753, 48.285377579131946, 20.163109766758105, 18.940271307240824, 20.03767119588721, 26.76975596927774, 33.169040700560075, 32.20281431508062, 21.74224891957513, 15.036510928422556, 11.405399085462028, 13.27994698953618, 47.29633590980336, 56.0609121141547, 64.83267945982024, 73.7925639336867, 81.61353002213576, 78.07744963474629, 71.83845940280536, 63.958152332889455, 55.618891643170215, 47.73307132210695, 18.163158952333596, 23.680645934984337, 33.68126865454174, 35.43334277250169, 43.478267119130095, 54.504633418783854, 58.44035736033516, 58.13936981625536, 55.17162477619996, 45.85226486258972, 36.60063527755684, 35.45186905428075, 61.952824375362425, 59.58465903127895, 61.1838916613989, 65.13021051062444, 67.6078465414968, 72.43879028824115, 77.84870629008861, 80.94543551168532, 80.32227979428275, 77.81192744069342, 72.77070930714157, 69.45308736055, 63.039695105226244, 64.53128219686339, 67.91125318834249, 71.12066334444025, 75.78695674945851, 73.60679913112422, 70.42977057935097, 66.04372291816395, 51.12721492627104, 55.537796550081005, 65.5170033717675, 74.67496340976037, 87.14562394145824, 94.95421401309022, 110.59831525184691, 107.09508188385846, 116.77281916277083, 116.18122729691656, 110.2246181356158, 102.50605974250763, 101.46365955596875, 95.50621240624142, 95.54973684520468], [7.3633553444755755, 0.0, 7.697535751232726, 17.617445098479678, 11.725491788040532, 8.535595901747634, 11.266162426248341, 49.31018623451611, 54.15521888923406, 63.48529930142358, 71.76116619698844, 79.72582621720424, 72.26770645811061, 64.0113887467323, 55.62972799671078, 23.425764553418723, 18.988929220892608, 16.800805179269982, 21.412566064132015, 27.21635264445267, 25.907461418668913, 15.569003521088465, 10.962371221262945, 12.182904341547998, 16.919803314315036, 53.74068987602576, 62.65981377686065, 71.5739487036205, 80.68868013630743, 88.62130654294876, 85.2036507718719, 78.84015124812534, 70.83763939201988, 62.48809158571326, 54.50279301522052, 23.826704012526974, 29.199001741770577, 37.86055402322361, 38.482224454849565, 46.58770845818011, 58.154178996153604, 62.8279652238698, 63.51999853294329, 61.356717981400436, 51.83507454455102, 43.452628802098324, 42.206043084756196, 63.42302037156765, 61.8697602926931, 64.3015462433732, 68.9444167174622, 72.10978666910279, 77.57960624416289, 83.45183653990387, 85.89600029918334, 84.53750929147078, 81.34262502699508, 75.42776642383176, 71.4964859926206, 64.95741167813867, 67.5752131594419, 71.73754301155537, 75.58650239913972, 80.97052038264471, 78.16222386598402, 74.18029916046514, 68.95298430977802, 46.188286885979274, 51.45092672802331, 62.63970840142598, 72.9626582721789, 85.90886873010543, 94.94092911220929, 111.58840514007807, 110.17800858363476, 121.25565400555844, 121.6726981006282, 116.54254767330175, 109.18314883579849, 108.41614363626199, 102.51270276726702, 102.22681546251398], [14.726537424959778, 7.697535751232726, 0.0, 10.80317534627009, 7.505392286533995, 10.38734972862149, 16.35152299303774, 56.57910220476317, 61.57626558326662, 70.97035883075583, 79.20825316039503, 86.87617879014068, 79.52042647930448, 71.29059768149658, 62.87492035193225, 30.276186324480648, 24.231678326544596, 19.22025244618647, 19.39198546169458, 22.51218591799388, 20.29283375570608, 13.385839251278458, 13.86044868592334, 18.6240214602811, 24.130661518319425, 61.41800492291626, 70.31613728520239, 79.15305911919633, 88.10866673235387, 95.7675034198502, 92.50001037749165, 86.34028462879995, 78.45085480098713, 70.14648055526735, 62.18802634419081, 31.372235751062448, 35.884216601427, 43.046820279182356, 41.48815522530206, 49.67072645187636, 62.160914527979116, 67.41181973661827, 68.70582957807497, 67.19179065534998, 58.200002806588806, 50.68486565274093, 49.86158572567569, 63.670366493736736, 63.38324845120109, 66.88401455855767, 72.2408180092623, 76.06778725500088, 81.9602968202368, 88.02243184883606, 89.83074634816596, 87.80503842903187, 83.9149218752834, 77.10101677306604, 72.37735881899712, 65.74792629571412, 69.88297674444385, 74.91908515633656, 79.34366376966037, 85.21530487909712, 81.91155098447926, 77.17181621316816, 71.02698941249955, 41.437632252098105, 45.78622822185773, 57.562480569162574, 68.86198855540431, 82.23844482809774, 92.60629375375756, 110.15304618449858, 111.62258072216383, 123.84146026440777, 125.37523053535345, 121.30041281153567, 114.45957978008651, 114.20637776170345, 108.81143356680124, 108.90407211566564], [23.3853169203631, 17.617445098479678, 10.80317534627009, 0.0, 8.665204164359771, 15.79194303070489, 22.313469145995644, 63.548711273260146, 68.95585287468523, 78.516338538048, 86.57104922334369, 93.25808357529978, 86.21894827852682, 78.149791514888, 69.70228170218795, 40.88134574167182, 34.887993587458034, 28.976397251906953, 25.17824029353648, 22.965743684949853, 19.24836348171091, 20.893913750528043, 24.280504026472634, 29.304482961806862, 34.51788961657757, 70.63146527203706, 79.2472137085216, 87.65206303456836, 95.91763349162746, 102.62859776260021, 99.58701781408097, 94.20003688837167, 86.82738571873456, 78.68219277323328, 70.96101485910609, 41.019244334472866, 43.918922731206536, 49.34199475989093, 43.87882011844539, 52.197563058126335, 66.31187990676501, 71.86414805403292, 73.11036785205187, 72.04308672476465, 64.82154496131804, 58.303560073447606, 58.630055823492484, 61.03311457898007, 62.95007277411547, 67.99324885577697, 74.1060847625428, 78.55704811225125, 84.47754281746404, 90.21689588037543, 91.38622698562365, 88.8092684088492, 84.19701488719548, 76.4272017213878, 70.5360530586439, 63.86769903399303, 70.32986740001749, 76.42740649842786, 81.3158223511203, 87.25135461324861, 83.68867048675361, 78.26809682144915, 71.0446603503896, 38.0645367352787, 36.581856348052845, 47.28545493943267, 59.21768930448039, 73.0895073749926, 85.11510057756486, 103.38947647058869, 109.40569351848227, 122.22499082904649, 125.10235948539714, 122.56288494000108, 116.58349190794688, 117.30285827635271, 113.2732670487821, 114.99595040598662], [16.711527297432184, 11.725491788040532, 7.505392286533995, 8.665204164359771, 0.0, 7.617296310589799, 14.726911423422289, 56.519585353650854, 62.04979915831071, 71.6347705383677, 79.78788329027212, 86.8254913231223, 79.2928303601611, 71.06742170733648, 62.698922661928606, 34.664067191776056, 30.166647807399137, 26.35801596660176, 26.646602630573415, 28.04419956641583, 25.065334516862134, 20.747464730236587, 20.586731185173377, 23.541528859752056, 27.934955489718217, 63.730512349682755, 72.52890031112742, 81.2429859236033, 89.87978414055239, 97.01664881654536, 93.53981912460381, 87.84177980530939, 80.19048526403836, 71.79969236204282, 63.947581780400405, 33.57009936456621, 35.45675037203811, 40.72448171688593, 36.34130016710742, 44.65060592889917, 58.23375503411317, 63.6803966428966, 65.05495652738246, 64.1185848778711, 56.36661886833789, 50.31537378536343, 51.158979183204096, 56.59183926738096, 57.008585869232654, 61.18635180289358, 66.94389441050326, 71.15861386831565, 77.20675578147997, 83.33282463400238, 84.60497837848864, 82.1709096318751, 77.89983916718116, 70.66998762215394, 65.54002665621738, 58.882023470791125, 63.88937731290824, 69.45142876837134, 74.1756102651656, 80.26934829633569, 76.67188804880794, 71.51108978761626, 64.8535889971889, 45.19028788610182, 44.40952893497528, 52.966574201560846, 62.982657111682144, 75.60719283723641, 85.30845508769961, 102.9175272227931, 104.80187631690205, 117.6976916773434, 120.1666060343456, 117.27194667306459, 111.3151972998255, 112.11050441918425, 108.40170897735106, 110.39398178543426], [10.436292279781265, 8.535595901747634, 10.38734972862149, 15.79194303070489, 7.617296310589799, 0.0, 7.299778824893325, 49.04845608709148, 54.59910305964165, 64.18144634149999, 72.35806342195997, 79.55645387650242, 71.85230143811705, 63.57923000966222, 55.23826949044824, 29.21140430704156, 26.634011911838854, 25.207246869676307, 28.70679652126968, 32.35714566457438, 30.09069333651734, 22.63901614548269, 19.148012562412866, 19.13902911791677, 22.200000985964056, 56.53835118541351, 65.31041339962266, 74.0602007392232, 82.77632705019063, 90.0716517257843, 86.39026763116986, 80.5911122129038, 72.8851526674906, 64.43268632868455, 56.592680450599765, 26.653147534738146, 28.224424766281526, 34.47640581323045, 31.694771358141224, 40.1152673084667, 53.07992443049566, 58.00182540424029, 58.77807432792835, 57.29925728630698, 49.234597510691906, 42.71649018111917, 43.70341456848784, 55.09092743824056, 54.156567452779456, 57.27906735688096, 62.37108032658198, 65.97772958543176, 71.65536567156087, 77.64541580920324, 79.48908658852385, 77.67516916359287, 74.0662961460472, 67.71703736963178, 63.389882579678265, 56.798031877520586, 60.259848207892375, 64.99322002107337, 69.1860643880837, 74.85140511135884, 71.69665428624347, 67.24148049950986, 61.46209640337373, 49.96869591164678, 50.01848986494425, 57.80909452074932, 66.61556291207035, 78.6412021538822, 86.76250308673431, 103.39524090009782, 102.17496297920744, 114.01713461429517, 115.48130328682562, 111.69698102343835, 105.36491634351061, 105.84788967468612, 101.96986798973363, 103.97890958759822], [7.5221149647330545, 11.266162426248341, 16.35152299303774, 22.313469145995644, 14.726911423422289, 7.299778824893325, 0.0, 41.81140623126218, 47.42355510487078, 57.03482839210424, 65.16759615939748, 72.2631550303437, 64.58750208072291, 56.34346183540268, 47.985407905471355, 26.24456121879985, 26.045251113553675, 26.88122980343602, 32.31769070913211, 37.0357910617742, 35.2892628516405, 26.81293981596805, 21.297069429177288, 18.26332485577084, 19.25925214987472, 50.22644720461631, 58.774563783997564, 67.32342917822177, 75.84267118891415, 83.0063650621458, 79.24440375375119, 73.58519276373123, 66.0370061280743, 57.64767377514672, 49.961158251515506, 21.66710194302655, 22.98333063210628, 30.65572645468616, 29.191623553913885, 37.62444994424769, 50.00078087547812, 54.1097468709461, 53.76721077748013, 51.35483725903013, 43.491752823942164, 36.04100837598953, 37.20663841158411, 54.609982591079856, 52.732305966022025, 54.89021372338159, 59.19589386886142, 62.02532038839033, 66.9935895081136, 72.46765308551454, 75.07898228571555, 74.10652378736036, 71.270464735547, 65.90295262805877, 62.26745985972316, 55.80645519958387, 57.97370652179578, 61.81896113897708, 65.29292724546194, 70.15243543559583, 67.71194078674195, 64.16621848179592, 59.337839336551525, 54.09230338159806, 54.26232875470213, 61.382657806865886, 69.16591423864614, 80.81436515195776, 87.7715510012255, 103.31391302434582, 99.93552713183297, 110.17791843794218, 110.47282469554864, 105.70043823672003, 98.89946317522589, 99.01148904086524, 94.94713692840556, 97.16132696006332], [41.970106902887785, 49.31018623451611, 56.57910220476317, 63.548711273260146, 56.519585353650854, 49.04845608709148, 41.81140623126218, 0.0, 6.744147203666376, 16.002203402392592, 23.71575530297673, 31.252135352757975, 22.976457851066904, 14.739217523199525, 6.330750871535618, 39.38384829197712, 48.16593003893872, 55.549124150717205, 65.18382079485764, 72.63241766605921, 72.50453098818656, 61.88002400318438, 53.35773519957508, 45.046597587438406, 39.23457945743334, 21.654221985633054, 25.056919939089283, 30.658828191558737, 37.47666461143014, 44.39161650367748, 39.253332577123146, 34.110218046422695, 27.98853258934784, 20.973479718694964, 17.296304700055384, 30.90135442004886, 29.52039571828984, 37.13986402631115, 44.96560156445398, 48.10010789241245, 50.53213676051743, 48.088250658984684, 40.46343682345144, 30.98220446892327, 26.866606799922035, 14.240061068330188, 15.484074232042099, 70.37196107445176, 63.669417813736494, 59.600805976977014, 57.89222027920888, 54.858330287570496, 53.974332076052185, 55.08385513937297, 62.870194335474764, 67.65129180103115, 70.28970775049089, 71.77899358049322, 72.97498960210265, 68.69684032903204, 62.75945029369045, 60.065216702909765, 58.074678568178506, 56.65354835685943, 59.52033607323206, 62.671704778770284, 64.8495811675198, 87.1960090594214, 89.2060420461259, 94.0539321845213, 97.54554269677936, 106.46335279906424, 107.27510463545745, 116.35057922357205, 99.55068348175577, 99.76624565617453, 91.97721842582443, 79.73566380416203, 69.33046176412401, 65.69718260171896, 59.21050368876586, 61.69715341229046], [46.871928832302665, 54.15521888923406, 61.57626558326662, 68.95585287468523, 62.04979915831071, 54.59910305964165, 47.42355510487078, 6.744147203666376, 0.0, 9.664927112206072, 17.77301233480301, 26.702284225196127, 18.82995573099791, 11.260549472054416, 5.4866378872961885, 42.02540934434555, 51.09465540246931, 58.85122695608337, 68.73564976074337, 76.58315588042613, 76.76874381552895, 65.86357297607556, 57.25775690150952, 48.863737593541885, 42.87114731446651, 17.913712597183448, 19.226403841341753, 23.997958899570186, 30.921766699143777, 38.5899540022221, 33.28815087040255, 27.50167238244176, 21.282083005122242, 14.75721476382776, 12.999956875253508, 34.624828290137266, 34.510584722571245, 42.42131441911307, 51.382411349465286, 54.20570251372048, 55.46049032028394, 52.54258103351526, 44.77074828411474, 35.04331342873002, 30.839303873142697, 18.636732909459106, 16.98360085493065, 76.86438004051085, 69.86221557144242, 65.34083055157852, 63.146447383613896, 59.6056554897169, 58.15880238341678, 58.713857620698874, 67.00873756267711, 72.35191345185565, 75.51929405289992, 77.58471808072866, 79.16117096074348, 75.05287282243334, 68.5460719098053, 65.29707997365627, 62.82292536589876, 60.77898702659075, 64.16856013271595, 67.92776275585256, 70.69606108629777, 90.88735281884735, 94.3081734709418, 99.97220339283231, 103.74258817227907, 112.85331995750131, 113.67470245865546, 122.32431515803805, 104.62085777997751, 103.57396329059387, 94.50342287991019, 80.7880404177918, 69.43805850212557, 64.3556127957715, 55.88581030321332, 56.461301977965], [56.25520823704108, 63.48529930142358, 70.97035883075583, 78.516338538048, 71.6347705383677, 64.18144634149999, 57.03482839210424, 16.002203402392592, 9.664927112206072, 0.0, 8.42489340025926, 19.360022708096757, 12.202468508854633, 8.445281845185807, 11.37949855507992, 49.81417771174939, 59.115236852483754, 67.17971325956069, 77.26177059129088, 85.36732140652441, 85.75712062346217, 74.67034918681641, 66.00023989391542, 57.554440007384855, 51.428472604546606, 19.594767448233544, 16.013001040359455, 17.1140007425739, 22.760966437194643, 30.856205412932713, 24.806183176055324, 18.65598256726094, 13.613924645768282, 10.576882121942363, 14.753593515752387, 43.1678195367606, 43.104535363984056, 50.17175785905798, 59.8284504135621, 61.85922801475061, 61.32046347348359, 57.4463251067002, 49.10536253162314, 39.107546715715344, 36.245590881128614, 26.417305268074937, 24.31249406127115, 84.47747431291118, 76.96380152269894, 71.64610771752544, 68.52920248844885, 64.07825358942189, 61.52031827929908, 61.04803349446076, 70.05369227213754, 76.34791712422474, 80.46047114222301, 83.65745603117227, 85.9861472890099, 82.32504567445089, 74.76778848728112, 70.51500554359258, 67.1322933822584, 63.91040636922878, 68.22214844061062, 73.0873953414704, 76.96456686329117, 99.33225258908044, 103.38657434970034, 109.05800168208518, 112.45671405300807, 121.22259652023058, 121.25325627250749, 128.8315219101491, 108.90826569559206, 105.82398936191822, 94.94499942137878, 79.3849485831505, 67.13540078443597, 60.515785548581796, 50.52512813097262, 49.901821802940965], [64.51087589260284, 71.76116619698844, 79.20825316039503, 86.57104922334369, 79.78788329027212, 72.35806342195997, 65.16759615939748, 23.71575530297673, 17.77301233480301, 8.42489340025926, 0.0, 12.51983752085633, 8.548218254078506, 11.800119953208146, 18.202942310738173, 58.03765818425473, 67.30982044053142, 75.3531245905833, 85.29678684453418, 93.28102573779123, 93.72932734970824, 82.89235276923408, 74.29751030509411, 65.89764686713211, 59.796154696598585, 26.238651895123365, 20.03729755962278, 16.417894536506683, 17.752727135033453, 24.364623622887056, 17.594896240058198, 13.113287987024306, 12.82467010991554, 15.319445906780441, 21.94314604117037, 51.58064541832382, 51.27004014269437, 57.6090070369727, 66.8988840290405, 68.43385909043758, 67.03511691717021, 62.42302988698429, 53.381045751259116, 43.179098744568044, 42.305187692781345, 34.20517548077203, 32.606710214677605, 90.18507001574118, 82.58615871166948, 76.85089083505831, 73.05274819132694, 67.8867783896846, 64.18066381436128, 62.442543159065025, 72.07782678958885, 79.26509872888278, 84.160159101214, 88.27700771978738, 91.07962047746271, 87.81194918294491, 79.7264743342125, 74.7760988699229, 70.60818433587012, 66.12711233016778, 71.37075606261045, 77.17942273671186, 81.87145678909705, 106.65148730050127, 110.42980035860396, 115.64744367460565, 118.45726201307559, 126.81508055382884, 126.12684999628365, 132.5527308607001, 111.32423741790012, 105.99001340726691, 93.44946686134136, 76.30585933306172, 63.29818598493197, 55.39407548470609, 44.50203133962508, 44.04887238119635], [72.38892880860602, 79.72582621720424, 86.87617879014068, 93.25808357529978, 86.8254913231223, 79.55645387650242, 72.2631550303437, 31.252135352757975, 26.702284225196127, 19.360022708096757, 12.51983752085633, 0.0, 10.620641158075392, 18.331831164810158, 25.23008940612887, 68.36665523810423, 77.24158276901991, 84.71186769250758, 93.84450200769169, 100.91820646493554, 101.17199236999551, 91.54802111417631, 83.33320894294087, 75.18276102102831, 69.37587468003612, 38.32321168986906, 32.12379653685253, 26.458699009011195, 21.608313318152458, 20.356504116478202, 14.680773881090191, 18.677362204586117, 23.77930268364947, 27.633332776715044, 33.856236703670966, 61.31421955224819, 60.192599527478876, 65.58860483198342, 72.46098420575126, 73.76121583868171, 72.8562124947763, 67.57337536600791, 57.11497911249063, 46.454671289003045, 49.54297112346426, 43.01172038072774, 43.17086391276787, 92.49425603688792, 85.66866194038529, 80.08655308153108, 75.77548114464832, 69.94573658559557, 64.46899969012031, 60.33677424636509, 70.85215795878405, 79.25772218311049, 84.93884319517804, 89.93795993129613, 92.83800896781686, 90.04598318001261, 82.26872911869901, 76.92404260430818, 71.85491908733528, 65.32565188605545, 71.99953002358082, 78.86066841415784, 84.13440864749434, 112.8816553043212, 114.37003278150586, 117.9088289924814, 119.349881798659, 126.92971562762679, 125.348663946649, 129.90092280256218, 108.95782974703678, 99.89705245055285, 85.28695138557589, 66.3661557139646, 52.3048497081623, 43.19991635727767, 32.96295991169156, 38.09504538703511], [64.92273876161013, 72.26770645811061, 79.52042647930448, 86.21894827852682, 79.2928303601611, 71.85230143811705, 64.58750208072291, 22.976457851066904, 18.82995573099791, 12.202468508854633, 8.548218254078506, 10.620641158075392, 0.0, 8.54897826864696, 16.67165333722822, 60.61166441965087, 69.86481492742813, 77.67254028457806, 87.41894111994716, 94.9069823736043, 94.97076114800969, 84.5188484192783, 75.95033995137648, 67.53791889749768, 61.50291383267476, 31.483835760404414, 27.06437307475202, 24.899875320266023, 25.305379610220474, 28.842304835438327, 22.24172962997206, 20.89101890908074, 21.155201645100384, 21.740973109624257, 26.5874294051733, 52.942029912164976, 50.728957540228095, 55.474132839773276, 63.25003654854803, 64.2250416872238, 62.72761995377064, 57.5955165182787, 47.632201293563895, 37.13185497896377, 39.06840339273151, 33.211944687442994, 34.46607919057713, 84.53744651787322, 76.99331476682919, 71.09845214938615, 66.89781771032752, 61.33424478299253, 56.84701776384603, 54.36649715073269, 64.26938721604976, 71.88942635147414, 77.151117181028, 81.79737602506431, 84.87137096656284, 81.96554960254808, 73.64138807753663, 68.3406114294966, 63.70261530994282, 58.430329120686025, 64.21074917863957, 70.54101594122649, 75.68111602072415, 108.31964576817904, 109.73473225929926, 113.06629687351732, 114.61384775107244, 121.97208580732082, 120.05986103966153, 125.68389415711611, 103.38635362664792, 97.53828006066924, 85.09841909922771, 68.48881657144071, 56.21741147958041, 49.89154103415603, 42.89555876405745, 47.681791864004964], [56.68249220646753, 64.0113887467323, 71.29059768149658, 78.149791514888, 71.06742170733648, 63.57923000966222, 56.34346183540268, 14.739217523199525, 11.260549472054416, 8.445281845185807, 11.800119953208146, 18.331831164810158, 8.54897826864696, 0.0, 8.505630035852313, 52.60171819933008, 61.86754807891726, 69.67918405658098, 79.57121103789572, 87.16913439768568, 87.14216269933993, 76.41738617160209, 67.76573640587873, 59.307722190179746, 53.25473103025955, 25.849918356073662, 23.903227148403747, 25.15992701451109, 29.02292107720165, 34.668737990189875, 28.385345210653703, 24.661119387073025, 21.38343620736747, 18.33137833011989, 20.674446258707633, 44.591158315938024, 42.21325563538336, 47.41635855677432, 55.58821476311656, 56.98922993339803, 56.27012957718507, 51.83536537214944, 42.51147770977638, 32.0624350448737, 32.01132565011542, 24.783106474485823, 26.434840904265986, 78.39942229094845, 70.8280694510906, 65.27978754166575, 61.745719138159494, 56.90222122010217, 53.6874757241465, 52.71850666099906, 61.91606783948228, 68.55379514040395, 72.99380150405142, 76.6986416670481, 79.3332302354857, 76.0171175802388, 68.11623058674226, 63.491309102741354, 59.674011520079084, 55.822790720777995, 60.560625724245234, 65.90147064102429, 70.23557808080166, 101.24507537438096, 102.83761144444838, 106.5323031359282, 108.63068878767342, 116.35962570730803, 115.10254519822662, 121.96191139155164, 100.80770220896946, 97.51721074065277, 86.95138835052133, 72.1645228280613, 60.82181600423937, 55.87832741456135, 49.49800872317944, 53.41055817268344], [48.285377579131946, 55.62972799671078, 62.87492035193225, 69.70228170218795, 62.698922661928606, 55.23826949044824, 47.985407905471355, 6.330750871535618, 5.4866378872961885, 11.37949855507992, 18.202942310738173, 25.23008940612887, 16.67165333722822, 8.505630035852313, 0.0, 45.22927696731206, 54.19009943806342, 61.706569966823025, 71.36427867708541, 78.79095049916421, 78.7002157008436, 68.16402244222591, 59.63133567560281, 51.28664985861773, 45.39935927980994, 22.95794966276093, 23.951678789342907, 27.766792559341056, 33.35770122573684, 39.64114469607388, 34.118004478582804, 29.639398506375155, 24.622318821186177, 18.994182138824034, 17.93318372893293, 36.94933521898582, 35.08399630832961, 41.56110935332398, 49.32239473745695, 51.71271689035548, 52.88920350122178, 49.52196684704809, 40.92814029488763, 30.739707756643945, 28.721234136945192, 18.51694264533392, 20.095359134920354, 73.43264331070995, 66.42548727659873, 61.742203655483806, 59.22435404598114, 55.36271260959583, 53.366377667514485, 53.45373780598155, 61.95865964302422, 67.62343151111992, 71.06726123545346, 73.53478479212299, 75.3214302650338, 71.45575681629914, 64.72085982981017, 61.18583594726299, 58.354801212089434, 55.759533581128856, 59.532595017493385, 63.6888112396431, 66.80852872727394, 92.98715887644585, 94.6525335159139, 98.90719422148287, 101.7242019432565, 110.12796520799786, 110.05488574268485, 118.10518210898249, 99.61635936544316, 98.14637844771208, 89.10590776693662, 75.73542326778404, 64.85883308766368, 60.67934740631328, 54.22809229777791, 57.48698321471765], [20.163109766758105, 23.425764553418723, 30.276186324480648, 40.88134574167182, 34.664067191776056, 29.21140430704156, 26.24456121879985, 39.38384829197712, 42.02540934434555, 49.81417771174939, 58.03765818425473, 68.36665523810423, 60.61166441965087, 52.60171819933008, 45.22927696731206, 0.0, 10.19659128828345, 19.59980580060792, 32.01221823789525, 42.626790419115196, 43.404231752453654, 28.603131434493637, 19.429914747709905, 11.70165264319575, 7.070029387651158, 34.980535906015085, 44.34978446314625, 54.21116903622756, 65.00466956458285, 75.29998108547947, 71.43086746909069, 63.11757540352882, 53.93037241930492, 45.57167922233235, 37.3592534585438, 10.802312516800834, 23.001715359999263, 35.52478709427511, 45.94061696342213, 51.89021816336667, 57.62944452676928, 60.575257025793356, 60.740056818375734, 57.178524744802594, 44.087476523659916, 32.96910845198168, 26.820704221632457, 76.1249780202323, 70.83061121746222, 69.81606996898681, 72.14464267876012, 73.35011280639063, 77.94621634030725, 83.80065167617951, 87.7958560737489, 88.02543839927706, 86.78268708694408, 83.44334998300016, 82.06643645847858, 76.17980493793891, 74.05166542289179, 75.39742946347302, 77.64069735396104, 82.0825886898947, 80.36882759695581, 78.48706520158575, 76.15364774970081, 61.644533917930666, 73.04068898346897, 85.33301740408261, 94.83482359723183, 107.02182105800505, 113.50323402245039, 128.4196384606627, 118.94318440731102, 127.86393338540705, 125.14431294754282, 116.55730115667701, 107.34443979202388, 104.14285865440776, 94.95731904915932, 90.43075972946218], [18.940271307240824, 18.988929220892608, 24.231678326544596, 34.887993587458034, 30.166647807399137, 26.634011911838854, 26.045251113553675, 48.16593003893872, 51.09465540246931, 59.115236852483754, 67.30982044053142, 77.24158276901991, 69.86481492742813, 61.86754807891726, 54.19009943806342, 10.19659128828345, 0.0, 9.61359650045861, 22.276026305590978, 33.34886682175832, 34.41861532023965, 19.28147251257186, 11.06789287866453, 7.847624605778491, 10.404596465736333, 44.51990565737368, 53.62724769222296, 63.12651273098628, 73.541111518766, 83.42611753020134, 80.03265790161775, 72.02756971343133, 63.12601812249245, 55.03415843207425, 46.974689272936814, 19.117549178683703, 30.228092909327476, 41.699653871973155, 49.618573208110014, 56.31262651639042, 63.72727881551853, 67.55933425598764, 68.40348774911277, 65.3917845032153, 52.77850050782661, 42.220540540429155, 36.64743328740266, 78.33175701693787, 74.34951460845716, 74.59028429413844, 77.86925246017283, 79.89548519666603, 85.0384197089763, 91.08940257594604, 94.55007220947145, 94.09310544462869, 92.03581697830722, 87.57151794660854, 85.21243273285613, 79.01911057524521, 78.63573756987508, 81.07566972949921, 84.04322540295924, 89.05459135399244, 86.81191081200465, 84.02076998186362, 80.5249033363289, 52.9082040683667, 66.42085128757942, 80.66668690294266, 91.71837213597556, 104.85118264036619, 113.23928603592515, 129.283664988558, 123.38981106526619, 133.36990917979332, 131.61464398275686, 123.80815158266199, 114.77096375832065, 111.75081224238215, 102.37401383386671, 97.47757419846522], [20.03767119588721, 16.800805179269982, 19.22025244618647, 28.976397251906953, 26.35801596660176, 25.207246869676307, 26.88122980343602, 55.549124150717205, 58.85122695608337, 67.17971325956069, 75.3531245905833, 84.71186769250758, 77.67254028457806, 69.67918405658098, 61.706569966823025, 19.59980580060792, 9.61359650045861, 0.0, 12.780929659103405, 24.017611635544675, 25.272648421381508, 10.353916847923884, 6.279797129333002, 11.90844153430221, 17.710375157279167, 53.41169139793305, 62.30293874236021, 71.42312640807341, 81.32474352768614, 90.58157841866635, 87.5868641653009, 80.07115529291949, 71.53761510722948, 63.61986970126086, 55.67896535198937, 27.128074071201734, 37.127394627491306, 47.64945078799108, 52.82130426328098, 60.13964691640277, 69.21697269184538, 73.66986373585753, 74.79851301562685, 72.12732646537367, 60.32423550498953, 50.14638719788469, 45.276040879125866, 79.45553672727763, 76.90753016475558, 78.37038009079666, 82.45755923020582, 85.1491760817258, 90.59951793402087, 96.62781631669844, 99.655465280468, 98.67272469220903, 95.92388018293191, 90.49253166567053, 87.17419733380694, 80.75046955609139, 82.11756183264113, 85.53873468296821, 89.06684897399316, 94.39415080199954, 91.80271878277112, 88.2842109132031, 83.75826065354873, 44.05616060740881, 58.92241804757158, 74.79027985290809, 87.17182236128824, 101.13774965199353, 111.3284927944661, 128.25529701654824, 126.08652664300867, 136.76187121999237, 135.90238496123985, 128.92478874341433, 120.15270076330253, 117.4612388874447, 108.27069928417819, 103.6397042754343], [26.76975596927774, 21.412566064132015, 19.39198546169458, 25.17824029353648, 26.646602630573415, 28.70679652126968, 32.31769070913211, 65.18382079485764, 68.73564976074337, 77.26177059129088, 85.29678684453418, 93.84450200769169, 87.41894111994716, 79.57121103789572, 71.36427867708541, 32.01221823789525, 22.276026305590978, 12.780929659103405, 0.0, 11.657408752626367, 13.864253185688224, 7.478801213782126, 14.924566955928675, 22.985805335191216, 29.27962098778654, 64.604524463842, 73.09749302349041, 81.60112475414542, 90.70781594932068, 99.04107422767233, 96.64419215109562, 89.84422552840952, 81.8945472350408, 74.31954506131729, 66.64421353080853, 38.56947395088905, 47.768795899629495, 57.52622287275664, 59.58736214061092, 67.4973476123355, 78.34569192046222, 83.2208450482806, 84.25892373426974, 81.65261872010794, 71.02982601171351, 60.898836761613005, 56.50958339878055, 83.06069433080887, 82.41710544799065, 85.2715266674076, 90.12237896721157, 93.37926594380811, 98.8680596502767, 104.53301422609758, 107.2680965717856, 105.91970118868412, 102.5300795357495, 96.14788833646038, 91.69518764476209, 85.08172657923518, 88.55637962465924, 92.97676601443605, 96.9428116537656, 102.27942392775896, 99.55255012788322, 95.43356383733379, 89.86570877120154, 31.783551283273443, 49.28011601878394, 67.83110662729088, 82.08370867116042, 97.27741207493833, 110.0224397422783, 127.7729070900498, 130.76486409507498, 141.61488772506854, 141.52665727106293, 135.30039818475873, 126.68656142080785, 124.19265760509928, 115.0184926109005, 110.6031109142785], [33.169040700560075, 27.21635264445267, 22.51218591799388, 22.965743684949853, 28.04419956641583, 32.35714566457438, 37.0357910617742, 72.63241766605921, 76.58315588042613, 85.36732140652441, 93.28102573779123, 100.91820646493554, 94.9069823736043, 87.16913439768568, 78.79095049916421, 42.626790419115196, 33.34886682175832, 24.017611635544675, 11.657408752626367, 0.0, 4.37293000802094, 15.787439944744962, 24.56031207580791, 32.61347002445218, 38.964429124311565, 74.23049091239429, 82.46258496104666, 90.49095779296827, 98.8479999548589, 106.19243912465252, 104.1654298836872, 98.14824166924315, 90.74082567481744, 83.33805088110229, 75.85013063548666, 47.863111799661944, 55.921701138062645, 64.7745808213041, 63.86828785539131, 72.14325664217336, 84.54760266144389, 89.70140214297551, 90.56000254769788, 88.09941925249153, 78.82883847470043, 69.09202259003625, 65.60319769944903, 83.86127202283583, 85.02263923583193, 89.12445530456603, 94.60026593389728, 98.33359192681455, 103.77837481583218, 109.0521257875024, 111.43065260070114, 109.74616992849936, 105.80011704115158, 98.63818824196493, 93.1875481363553, 86.50730495404564, 91.89698851594355, 97.18241404753145, 101.49391837085446, 106.77051762473089, 103.9405847707998, 99.32007191929584, 92.86779946645042, 21.37889367309289, 39.023530922788446, 59.39322346620578, 74.99726607735928, 91.04669521349743, 105.87323381776433, 124.15105630033484, 131.86944955903442, 142.8295726970423, 143.6410135056271, 138.44976298423558, 130.30506520342811, 128.37975893825484, 119.95930061327654, 116.6726706266626], [32.20281431508062, 25.907461418668913, 20.29283375570608, 19.24836348171091, 25.065334516862134, 30.09069333651734, 35.2892628516405, 72.50453098818656, 76.76874381552895, 85.75712062346217, 93.72932734970824, 101.17199236999551, 94.97076114800969, 87.14216269933993, 78.7002157008436, 43.404231752453654, 34.41861532023965, 25.272648421381508, 13.864253185688224, 4.37293000802094, 0.0, 16.003204033669604, 24.73399875880425, 32.757452691350764, 39.15225306833606, 75.17597444824142, 83.53427635474233, 91.66469248140332, 100.01152178693775, 107.2097259546997, 105.01879778314091, 99.13429704673807, 91.7203585008421, 84.146608405515, 76.56896780050084, 47.84033582547871, 55.00712306691097, 63.17344231324785, 61.271519885150646, 69.55458174805308, 82.37485755700165, 87.7026229351255, 88.73710282381145, 86.61402441803386, 77.72490013673368, 68.61324948477363, 65.83788638924341, 80.27833139053158, 81.8080113536497, 86.24836494554533, 91.95240597080887, 95.92347181162219, 101.52739280095903, 106.91607767349771, 108.97418094818858, 107.01392402416741, 102.82544742618293, 95.39740860913656, 89.72838990609301, 83.05553160610772, 88.89705176890078, 94.47053370462774, 98.98226994324924, 104.45941344909369, 101.41544649828944, 96.52316922771035, 89.7808044638706, 22.507472811404945, 36.40322909258191, 55.825861097314124, 71.23442060206025, 87.07653897427957, 101.8406247935981, 120.30201686542702, 128.47046288844072, 139.96798776483573, 141.3673881079566, 136.84986376256268, 129.1774818779735, 127.81517483617198, 120.26440048267857, 117.96631694575042], [21.74224891957513, 15.569003521088465, 13.385839251278458, 20.893913750528043, 20.747464730236587, 22.63901614548269, 26.81293981596805, 61.88002400318438, 65.86357297607556, 74.67034918681641, 82.89235276923408, 91.54802111417631, 84.5188484192783, 76.41738617160209, 68.16402244222591, 28.603131434493637, 19.28147251257186, 10.353916847923884, 7.478801213782126, 15.787439944744962, 16.003204033669604, 0.0, 9.519842252733659, 18.283075150340874, 24.900897653126666, 62.299175018538286, 71.1960510080966, 80.15423222942552, 89.62227481921062, 98.16921929779126, 95.27369437021176, 88.32865474004288, 80.08321922025374, 72.07188846485178, 64.10382953708788, 34.1149596201703, 42.059151359462184, 50.95142332225479, 52.8611673197901, 60.60531438848152, 71.40769650346952, 76.54234208523388, 78.1162526839913, 76.14063997726966, 65.40676276128781, 56.35269277455605, 52.96532635653292, 76.61750789370528, 75.6049763383837, 78.40180714026994, 83.3778154730498, 86.86891936787077, 92.75538102496154, 98.916278096692, 101.20653880069283, 99.47472468519031, 95.89771669359119, 89.40541763106145, 85.09834032996773, 78.52919264470168, 81.76803165775988, 86.28387674305816, 90.48633398668696, 96.30916661864137, 93.18088472947987, 88.77135384189701, 83.11160371475776, 36.98874812621874, 50.293701066132016, 66.45755651867069, 79.62363520805032, 93.93282667345532, 105.4618876344585, 123.25471218879684, 124.58452102826895, 136.45518460587817, 137.02157423510477, 131.53191316898847, 123.56361300346637, 121.83418875251083, 113.9006237661848, 110.75896641160475], [15.036510928422556, 10.962371221262945, 13.86044868592334, 24.280504026472634, 20.586731185173377, 19.148012562412866, 21.297069429177288, 53.35773519957508, 57.25775690150952, 66.00023989391542, 74.29751030509411, 83.33320894294087, 75.95033995137648, 67.76573640587873, 59.63133567560281, 19.429914747709905, 11.06789287866453, 6.279797129333002, 14.924566955928675, 24.56031207580791, 24.73399875880425, 9.519842252733659, 0.0, 8.840364179123217, 15.453329903152133, 53.360874167358766, 62.45837786274227, 71.71721864912423, 81.54781563262776, 90.51838234272076, 87.24425165147062, 79.98474874489548, 71.4712476073182, 63.248101088168276, 55.14334768927492, 24.714810259434863, 33.17878996508554, 42.94617305615404, 46.97470379123039, 54.431944081374624, 64.16546178718792, 68.84767830237794, 70.1500557164487, 67.89957676867697, 56.565729769479134, 47.270577913261704, 43.73624208993747, 73.2230874381794, 70.84429763594844, 72.58611329428884, 76.91779839771891, 79.87473648920336, 85.53722616139119, 91.75085401077428, 94.41740631538448, 93.13783944409074, 90.14837731681844, 84.48081742520853, 81.01295330395143, 74.57049551936949, 76.2453960962634, 79.95170032607095, 83.7041555469498, 89.28871526213469, 86.44137932060049, 82.62980702880122, 77.82442420834506, 45.09875681215858, 56.5845821955816, 70.74155561354712, 82.38189704726486, 95.83721752819238, 105.45645096251863, 122.40199170149262, 120.09123622371968, 131.34613741315226, 131.140412391306, 124.98021548043708, 116.83341742979135, 114.94409452118484, 107.06788641495693, 104.04465995424755], [11.405399085462028, 12.182904341547998, 18.6240214602811, 29.304482961806862, 23.541528859752056, 19.13902911791677, 18.26332485577084, 45.046597587438406, 48.863737593541885, 57.554440007384855, 65.89764686713211, 75.18276102102831, 67.53791889749768, 59.307722190179746, 51.28664985861773, 11.70165264319575, 7.847624605778491, 11.90844153430221, 22.985805335191216, 32.61347002445218, 32.757452691350764, 18.283075150340874, 8.840364179123217, 0.0, 6.6334049965580295, 44.965709818455494, 54.19176450231331, 63.64179430232348, 73.68466191295224, 82.91179366779062, 79.31274697118626, 71.8737132169388, 63.20179552623268, 54.80637346061907, 46.6118582716681, 15.900498010444517, 25.324942257656858, 36.38750758370073, 42.51242119426868, 49.62091683740751, 58.269878522798564, 62.29582541380694, 62.99753655353333, 60.235612375884635, 48.51804027821756, 38.66684529508295, 34.95054082739958, 70.75356282406767, 67.1777596025874, 67.86090602111628, 71.44151300661659, 73.7345191375509, 78.96204682010594, 85.00915946599271, 88.18153530215544, 87.50767144687147, 85.2019728987612, 80.46353303468253, 77.81199525493506, 71.5483066912556, 71.72481275170857, 74.54265926989744, 77.70953433452577, 82.82146210809053, 80.42870644112782, 77.36779004490553, 73.50598477697476, 52.316689314114036, 62.18632446579461, 74.62859965261704, 84.8652388379154, 97.56236014994819, 105.50093676627704, 121.46705878523545, 116.03009044261593, 126.29746829967554, 125.19402493443903, 118.2873609248086, 109.9095846017409, 107.81803142032285, 99.99953548551524, 97.22457188039773], [13.27994698953618, 16.919803314315036, 24.130661518319425, 34.51788961657757, 27.934955489718217, 22.200000985964056, 19.25925214987472, 39.23457945743334, 42.87114731446651, 51.428472604546606, 59.796154696598585, 69.37587468003612, 61.50291383267476, 53.25473103025955, 45.39935927980994, 7.070029387651158, 10.404596465736333, 17.710375157279167, 29.27962098778654, 38.964429124311565, 39.15225306833606, 24.900897653126666, 15.453329903152133, 6.6334049965580295, 0.0, 38.68911679479944, 48.0333763089173, 57.67446076226257, 67.9488566542623, 77.46600805789281, 73.58779246627714, 65.9299351748099, 57.085173899285145, 48.549531119526094, 40.2753727869319, 9.452127835188168, 20.29106758420357, 32.49874855549516, 40.65262368807192, 47.254774408063675, 54.69206446394351, 58.098182349869866, 58.308260716398195, 55.100249782533616, 42.945429384800086, 32.53611117799238, 28.444620839998798, 70.16232485229654, 65.60418006486358, 65.35596989110168, 68.24993287363648, 69.94587176362295, 74.78828009243222, 80.69773055039175, 84.29569834871046, 84.13414016928633, 82.42165028038454, 78.4925046128228, 76.55396657386277, 70.49644556868971, 69.38304144189603, 71.40262384891369, 74.04732816866216, 78.7502500052177, 76.74831825458836, 74.34885186953287, 71.33045611940506, 58.163375270718355, 67.270295644553, 78.63177470836669, 87.88943118874764, 99.99175661113136, 106.67147758509262, 121.85414417713281, 113.91332582316534, 123.38666384443574, 121.52565681285407, 113.96061731605874, 105.36516232040579, 103.04150294923382, 95.1705857922944, 92.43410560612439], [47.29633590980336, 53.74068987602576, 61.41800492291626, 70.63146527203706, 63.730512349682755, 56.53835118541351, 50.22644720461631, 21.654221985633054, 17.913712597183448, 19.594767448233544, 26.238651895123365, 38.32321168986906, 31.483835760404414, 25.849918356073662, 22.95794966276093, 34.980535906015085, 44.51990565737368, 53.41169139793305, 64.604524463842, 74.23049091239429, 75.17597444824142, 62.299175018538286, 53.360874167358766, 44.965709818455494, 38.68911679479944, 0.0, 9.702217923524188, 20.26617630893082, 32.09836609314309, 44.02897734057071, 39.12651023582871, 29.45103600392334, 19.532906349177278, 11.410866821010266, 5.206149433139815, 31.351817408671977, 35.301540633870886, 45.189313521769044, 58.42069798854466, 61.39113479550602, 61.11777408760866, 59.29295774596732, 54.48132581685803, 46.78596982557644, 36.95382469671472, 24.147708015023888, 14.683819234528528, 87.32752251926483, 79.4911032