{
	"dissimilarities": [[0.0, 7.670039867259294, 14.697841477894942, 22.575998819768646, 16.444265601543723, 10.395450812869347, 6.328209344863205, 42.26502303741652, 47.04125857969735, 56.434703187669214, 64.70895119922625, 72.65692292083958, 65.12485673505114, 56.90441922033132, 48.452992900815126, 19.550452202481125, 18.379569876505762, 19.489485459570272, 25.970855075168416, 31.950361585166856, 31.365465524762367, 21.24217357920439, 14.280244202402248, 9.864722972273372, 11.773732205651442, 46.764338043047495, 55.71217321755382, 64.82501484836891, 73.76795563809296, 81.70944924703863, 78.23693940963328, 71.89328025942743, 63.97409168965023, 55.323792273102306, 47.53079293747884, 20.122078721314928, 25.403329753944245, 35.94601244648014, 37.50543142672998, 43.903070870942926, 52.5913679020002, 57.20958091195524, 58.22447544380731, 56.3642203802529, 47.48180917185403, 37.40169358617117, 35.36771923086307, 59.70413306341936, 54.33436469092726, 56.89187590824429, 61.380470772160834, 64.80133315300519, 68.67006035111699, 78.95890168658048, 84.76842545772672, 84.10939200157163, 81.74992235666281, 77.9273702288756, 71.86996922707746, 59.299454029113164, 59.45403062299211, 64.35363586504889, 67.6498534287878, 77.54486569010018, 77.9274865293274, 74.78756371937631, 71.94824192779916, 50.76649134149251, 56.93342260341703, 65.39579237913186, 72.83840433971302, 85.46599906556239, 102.2172771174741, 107.67416945502794, 110.41355539791002, 118.21207465294036, 123.7214261423018, 116.09319082093967, 108.43376623583136, 105.67819553235485, 101.16923542647264, 95.67350813976526], [7.670039867259294, 0.0, 7.65520908793078, 17.14685573645793, 12.217979734449434, 9.477859318650442, 11.231306195085278, 49.74687064294692, 54.40562314693982, 63.63448087970239, 71.9831082149778, 80.15551680945397, 72.57513804963003, 64.32502760592936, 55.92009764746719, 22.03776212868103, 17.238968206013052, 14.903512278244147, 19.595626578609885, 25.423318136246518, 24.774971284882124, 14.097696895720453, 8.69486045535775, 9.83371034175448, 15.141563831299491, 52.97394786265996, 62.07340045416882, 71.30949437885899, 80.5173027609861, 88.72303451574338, 85.36619392487647, 78.76933750781349, 70.65447267331402, 62.084382261626416, 54.115247612459775, 25.678792519304483, 30.622922220595438, 40.08233924215788, 41.093195218749365, 47.762472883642886, 56.9696541989883, 62.2488921129677, 64.191434270696, 62.901882843363616, 53.46671010891889, 44.21465149264489, 42.036376694788125, 61.96557123858438, 57.52668418848512, 60.824876261834675, 66.06239776129283, 70.13564859463453, 74.61003401173933, 85.5757800482449, 90.45481230732183, 89.10177241934221, 86.10694446309881, 81.4829067094034, 74.67616660144036, 62.02656185087025, 63.24532353847195, 69.03332588035359, 72.97742162866919, 84.00295904921725, 83.24295902640607, 79.35850486091624, 75.73660524899843, 45.83914361978275, 53.52784616275875, 63.46494871442784, 72.18839882026154, 85.48694303247898, 103.4734238660829, 109.96048245673163, 114.39361241183263, 123.73932850780078, 130.07832887634, 123.09312215489444, 115.70089076548165, 113.0882799483469, 108.42672625995334, 102.39208995255039], [14.697841477894942, 7.65520908793078, 0.0, 10.330940698099573, 8.442873754545605, 11.274414958329725, 16.396260187967528, 56.929571514473565, 61.734911851854214, 71.07996575609418, 79.37576257986835, 87.27431871882499, 79.81224853531731, 71.57765084909155, 63.131443484024295, 28.995418700789923, 22.655056658179447, 17.371226863564534, 17.37149106937588, 20.43318737100316, 18.859769776277382, 11.290790911674613, 11.657636280990497, 16.718901723077657, 22.55723144824637, 60.62761405543505, 69.7120558507035, 78.88523912989606, 87.9502234434661, 95.8756271748451, 92.64722951649183, 86.25956783370638, 78.24461642643283, 69.68882366179716, 61.75127522141747, 33.10351791827077, 36.97258088357676, 44.938448872162304, 43.94433364791408, 50.553112713280214, 60.70085122029273, 66.59254666725003, 69.14928066237626, 68.57582483177713, 59.604446321382454, 51.27849213518865, 49.57687216028456, 61.65870082401685, 58.97579356394423, 63.35784373288408, 69.44007436120792, 74.11962334541052, 79.04826321030859, 90.17541819199063, 94.02981186854086, 92.02329770207358, 88.35217647719197, 82.799668826512, 74.96779153035294, 62.29623492821951, 65.20656766764499, 72.11123795938222, 76.65259811887452, 88.43730969865408, 86.48225494378427, 81.84799013271191, 77.2961678048099, 41.077654580445596, 48.030006226968766, 58.46033664454433, 68.11754009148895, 81.98359208573831, 101.07854180747975, 108.72588345960344, 115.57326319502394, 126.29518107648823, 133.49026547563315, 127.51153243934881, 120.68736628683146, 118.60636381320928, 114.50075428551075, 109.10231277357356], [22.575998819768646, 17.14685573645793, 10.330940698099573, 0.0, 9.143173034277162, 16.057077552376, 22.17440212511465, 63.5261439734195, 68.67270626355783, 78.3451123800713, 86.40791224320704, 93.44252810855184, 86.34523673150227, 78.23729426311888, 69.72889079414477, 39.08625542676254, 32.94328175557835, 26.94126700611191, 23.24697291090326, 20.894643362343874, 17.369952574673825, 18.425801083695493, 21.782601164586474, 26.79342725038104, 32.248282121704925, 69.32961866726599, 78.22323022258261, 87.11942629150329, 95.57576630808413, 102.58572927067414, 99.52083839529062, 93.87837073157436, 86.30765220882253, 77.72789223843836, 70.05364316785904, 41.90533122457719, 44.28577287032017, 50.5046134452349, 45.999509817135205, 52.08332658372196, 63.596073159485556, 69.97860073481854, 72.73245258161481, 73.02698563166261, 65.69059620449245, 58.384461965727134, 57.68955641003359, 57.8860889664119, 58.218440309157685, 64.1192206793442, 71.11785027766153, 76.30045745821948, 81.4469012193211, 91.9879093518754, 94.70084466547826, 92.12359430096605, 87.7504677003053, 81.12395897060375, 71.88066658019338, 59.28961873336733, 64.81155033590944, 73.09275080695728, 78.12758717888853, 90.09269522453494, 86.91062223023543, 81.55332468975377, 75.89112883718194, 37.629936677937906, 39.5216531606732, 48.7504079522061, 58.92195922267774, 73.37634779748514, 93.4948742533143, 102.54735747795146, 112.88012885185606, 124.64815030513397, 132.66028050054885, 128.1518704060643, 122.28721428586357, 121.21194802441909, 118.51410763814711, 115.14939375010731], [16.444265601543723, 12.217979734449434, 8.442873754545605, 9.143173034277162, 0.0, 7.5998905299664745, 14.709459244952482, 56.4959916865899, 61.910595565863176, 71.61927761437204, 79.74206888394029, 87.0609485850584, 79.39792759748917, 71.12528418566633, 62.74248483237406, 33.16023607156483, 28.691348698890785, 25.031568954018468, 25.64586523344964, 27.070552076602795, 24.46700228404119, 19.44946064031527, 18.806833829188392, 21.516715782392122, 26.002874143365386, 62.5927181442064, 71.6692320284387, 80.9331692405939, 89.76701739358485, 97.23446706343348, 93.69067768309262, 87.71723728008224, 79.86980006919728, 71.0166095030971, 63.252353726109796, 34.33068429780626, 35.50916225519607, 41.3654267934492, 37.64297328754716, 43.99983251477989, 55.00937371562844, 61.31576957816138, 64.28057765047028, 64.60148988621494, 56.80152961974064, 50.20363084910858, 50.22945190763413, 53.39448668784179, 51.38120476024941, 56.44671102305339, 63.09037834421703, 68.19437501358277, 73.47791392722102, 84.87996749325208, 87.61376183322095, 85.09177202976242, 81.00470913579906, 74.99368182818698, 66.80088084325769, 54.167864528563335, 57.82284407169708, 65.4358433621867, 70.38991715559749, 82.93758277365401, 79.81272433206767, 74.66928178256725, 69.61462508284254, 45.81606008496344, 47.64129357155182, 54.33917456666924, 62.2769881978273, 74.92300758692195, 93.53899470546654, 100.76296457356078, 107.69029761856629, 119.46826107658272, 127.84562318710786, 123.17508423473292, 117.36745463947656, 116.42338480403801, 114.19696215119481, 110.91091118355142], [10.395450812869347, 9.477859318650442, 11.274414958329725, 16.057077552376, 7.5998905299664745, 0.0, 7.445197044261752, 49.058750341792944, 54.51230918833869, 64.20625049154077, 72.34571236236444, 79.8220118862873, 71.97208106309158, 63.65414011989266, 55.31032139708496, 27.59806293034337, 25.121904153072272, 23.952563122777256, 27.787079716373565, 31.474414051791754, 29.61557649729498, 21.640857797918713, 17.530944988686976, 17.015454566211332, 20.087690565867295, 55.34502954893287, 64.41213326314237, 73.74561918465638, 82.66179316143362, 90.31116649688869, 86.56943130997006, 80.4747254746664, 72.5696857576896, 63.63887965825616, 55.89813110527829, 27.160502414759133, 28.33784631635034, 35.26015297835599, 33.1144171983289, 39.631445142488495, 49.89167576321295, 55.67723031761739, 58.09743424979734, 57.852358427911376, 49.75157444716919, 42.630602522826344, 42.725729414345174, 52.548246289881284, 48.521779567791874, 52.48523610620542, 58.339296215427325, 62.900479041144465, 67.80644252077413, 79.18560669907663, 82.82668972438286, 80.91071552076801, 77.47952455446784, 72.408150327477, 65.30507834682167, 52.65930508093579, 54.460778582542375, 60.988231411121276, 65.39806564490364, 77.36894417491246, 75.30307972970418, 70.86882931720484, 66.75162899318072, 50.57992331343066, 53.11295280397066, 59.193988035578656, 65.98625819995895, 77.85574653426384, 95.16998173811609, 101.06525815507928, 105.35096565470113, 115.84647457145705, 123.53246066731792, 118.01492770210076, 111.7827392013534, 110.49377482032726, 108.0468315288056, 104.51727389303487], [6.328209344863205, 11.231306195085278, 16.396260187967528, 22.17440212511465, 14.709459244952482, 7.445197044261752, 0.0, 41.81468505579858, 47.202918699008805, 56.933878284281285, 65.03663877165475, 72.45573939912235, 64.73511549742663, 56.46804690629993, 48.06190371063522, 23.991908861191206, 23.864725007025623, 24.95441559006047, 30.67061593197455, 35.44756818228881, 34.135918721027714, 25.271391258533335, 19.146201146503422, 15.302625126865978, 16.22855385280149, 48.65691737334816, 57.53488495282245, 66.68207933302875, 75.38205548822232, 82.89551868109102, 79.154189005105, 73.19497676993268, 65.45373889452749, 56.56618258691338, 48.9783155994973, 21.59232450616156, 23.77365813390718, 32.56433940833149, 31.948491175567167, 38.24154278600323, 47.66177085496781, 52.59653856626341, 53.87378010030427, 52.719589313393335, 44.82481336417511, 36.28111545862706, 36.03971316387978, 53.39642636381743, 48.20148935546462, 51.14143684727641, 56.001159173045316, 59.71949479178177, 63.858390588925076, 74.42156635183788, 79.44292491806516, 78.44331222973314, 75.8261071761582, 71.75467630263928, 65.54957291723697, 52.97295662001427, 53.41542156214969, 58.75765769102928, 62.33353920552425, 72.84007521043817, 72.39118484947055, 68.92180064081855, 65.80238530466539, 53.71262997745192, 56.68000532849655, 62.667607379651386, 68.80128517589937, 80.45563856945134, 96.68240531177881, 101.6972587169579, 104.26433346613545, 112.76144687182766, 119.162054565552, 112.52111849204523, 105.6583091888204, 103.8337861711471, 100.90227599332653, 97.21095809837438], [42.26502303741652, 49.74687064294692, 56.929571514473565, 63.5261439734195, 56.4959916865899, 49.058750341792944, 41.81468505579858, 0.0, 6.701868119649774, 16.415816145086936, 23.774838693987768, 31.40586800017463, 22.949650648307724, 14.719795743246982, 6.253676804337909, 39.320522041157616, 48.27403326326448, 55.71687782660947, 65.24452180188989, 72.46692813335022, 72.51039643753583, 62.05710524571196, 53.47180074217084, 44.999985296013385, 39.020167367029, 20.192353734837898, 24.03932680482426, 30.742673847438528, 37.56937599408377, 44.70916239857303, 39.54760556529653, 34.20776196073314, 27.968322562589286, 19.704307882657613, 16.580615999598326, 28.95063757038076, 30.222705231542495, 38.19967671662997, 45.61300172736162, 47.588641307528654, 47.45281094381544, 45.383605857252846, 39.20565838952745, 31.46497841753406, 28.07755744925235, 14.768152900137137, 14.382772197454914, 70.01833690973218, 59.154591509266375, 55.36550731325917, 52.914288654777344, 50.4720537460543, 48.83444397554967, 53.370593376820125, 66.24697365834187, 70.68215653947831, 73.27714672186568, 75.7304307522092, 76.1487427280168, 67.01870196345352, 59.23952288294025, 55.98996845059451, 53.711867156476785, 53.60921710291388, 63.301907798027344, 66.1594898221212, 69.55467079945967, 87.63567800921912, 91.14420324617473, 94.67195193633844, 96.56413827380676, 104.64804560001417, 113.82470246886005, 112.72235058698303, 102.79624915360955, 100.44331725443406, 99.93310836746299, 86.84795158633605, 76.57651799587192, 71.5516042403903, 66.54739692968197, 62.24657134867409], [47.04125857969735, 54.40562314693982, 61.734911851854214, 68.67270626355783, 61.910595565863176, 54.51230918833869, 47.202918699008805, 6.701868119649774, 0.0, 10.078669632642741, 17.8393604730474, 26.48616969438626, 18.47694462871654, 10.927959572678239, 4.336301045678908, 42.334112526468886, 51.44488807880154, 59.13868787182859, 68.76763368733884, 76.27165923376381, 76.6180742838022, 66.07281459188037, 57.48791458671057, 49.00723630501227, 42.93642158371721, 17.214223406868115, 18.73845463593986, 24.32449667300853, 30.879477400756443, 38.47659711613664, 33.28970809041607, 27.5851143145683, 21.546973487010998, 13.879734642141868, 12.909700101018382, 33.107559418249394, 35.61889825201431, 43.93982926255139, 52.178588405171396, 54.101573437081996, 53.32391539250602, 50.7401435133237, 44.13659341591766, 35.85591666722911, 32.64168972907236, 19.73810660118409, 17.032724985061964, 76.5491966269293, 65.65580086507391, 61.55912679374728, 58.61677752332506, 55.65484145112482, 53.36995960454545, 56.61923676987791, 70.4902242951325, 75.5577542271353, 78.66844272611702, 81.64104916272854, 82.43634612048265, 73.51356606246598, 65.50575125423252, 61.693296002806484, 58.90597029416867, 57.21169636952565, 68.17422374012912, 71.65759794923359, 75.5285411468732, 90.93443907158822, 95.59868946716043, 99.97866593240147, 102.21895088571895, 110.62397716587448, 119.61230809654906, 118.38548600639263, 107.84601000723836, 103.8999022913508, 101.83826072583099, 87.29615769524273, 75.97912984502074, 69.61229052768617, 62.646832637464804, 56.387079324468424], [56.434703187669214, 63.63448087970239, 71.07996575609418, 78.3451123800713, 71.61927761437204, 64.20625049154077, 56.933878284281285, 16.415816145086936, 10.078669632642741, 0.0, 8.568529049135154, 19.54255004277461, 11.989925739829168, 8.395166798600311, 11.249263596617647, 49.74810431664725, 59.103463588384855, 67.16968269442556, 77.06277826586225, 84.95932835195912, 85.57628068180622, 74.73323701490342, 66.07776545298395, 57.584435269042565, 51.377178863209004, 18.211651791546778, 14.313116145152007, 16.335864403851303, 21.950464646575732, 30.51220846669656, 24.623261983501898, 18.046650191112203, 12.826866470081615, 8.399510447305012, 13.90702307238242, 41.39579031916266, 44.02324765915749, 51.64471192697215, 60.95087669767597, 62.464271134747634, 60.18270536782456, 56.60610151870525, 49.40847900932427, 40.55341243603523, 38.07527750545211, 27.34431558096958, 24.275516414684507, 85.40388678109818, 73.92195326768665, 68.98672352143019, 65.02540862276706, 61.168979157727634, 57.93578209057085, 59.70531770800695, 74.63424960692188, 80.56471259536266, 84.54722405641981, 88.5606794252455, 90.40426976814118, 82.14571025884162, 73.17689721319451, 68.13873322582192, 64.50183719749374, 60.75714428998762, 73.32479663847118, 77.81634070119547, 82.65001098187382, 99.37125698763373, 104.97292996391172, 109.69386546077267, 111.80425965188395, 119.93708555279069, 128.0930990530396, 126.0352598020477, 113.3482006009247, 107.33706609955924, 103.52383233483438, 87.29021344414704, 74.95001959821452, 67.11560247812724, 58.24336328901569, 49.69272538474654], [64.70895119922625, 71.9831082149778, 79.37576257986835, 86.40791224320704, 79.74206888394029, 72.34571236236444, 65.03663877165475, 23.774838693987768, 17.8393604730474, 8.568529049135154, 0.0, 12.121688666600088, 7.359820923137261, 11.250316034495475, 17.823545516573574, 58.28695513004118, 67.61898449557476, 75.64169468201148, 85.40352473930756, 93.13160811934254, 93.72790745930513, 83.15230715308078, 74.56027181302203, 66.09096739849785, 59.91644432143714, 25.756812197803708, 19.521440418042054, 16.728738253568707, 17.617355556013905, 24.25229923798282, 17.601187621834526, 13.13934379728284, 13.038241586321254, 14.46562369956474, 21.809589114127895, 49.90707480672821, 51.99875340471721, 58.67658944373787, 67.51213886248406, 68.40486484182243, 65.30054070019447, 60.89860238545532, 52.832955448297135, 43.79256826638179, 43.53018182950338, 34.77849000910846, 32.68105727809558, 90.60286484157005, 79.19590858939819, 73.79324034319339, 69.02037904179691, 64.30698254579261, 59.990686288930625, 59.50646448495795, 75.45684766989554, 82.32464559236224, 87.12791747380058, 92.04572941837596, 94.69178147376705, 87.17253368535299, 77.7787040880484, 71.8179687561838, 67.3161844306234, 61.0163446278491, 75.18072341728463, 80.67832248836731, 86.32186279161903, 106.88173116248839, 111.9012212376822, 116.00528835859524, 117.45165904429336, 124.99778680753425, 131.9517185195531, 129.03185299350497, 114.80928011942916, 106.41995184916696, 100.8198564130174, 83.26942125888905, 70.25702101658466, 61.53852037661731, 52.13521673388064, 44.081507202830515], [72.65692292083958, 80.15551680945397, 87.27431871882499, 93.44252810855184, 87.0609485850584, 79.8220118862873, 72.45573939912235, 31.40586800017463, 26.48616969438626, 19.54255004277461, 12.121688666600088, 0.0, 10.947599374986368, 18.64273529935736, 25.382383569681174, 68.47450870588992, 77.48975411920689, 85.02028083296786, 94.13681692582114, 101.04176842640638, 101.36499863158701, 91.82346992297364, 83.52423306210117, 75.18787154922991, 69.26530517756565, 37.50694900477525, 31.382064973536412, 26.65715778398961, 21.75485229739547, 20.519433477743217, 14.75130338736303, 18.72814494557392, 23.711971445183757, 26.419250568949494, 33.3703065045125, 59.567465310160536, 60.91450647206323, 66.61642735941228, 73.31731043351687, 73.35530752372183, 70.26961819685123, 65.23320109571866, 55.91824016653904, 47.14410136003096, 50.68155956921899, 43.51840878278251, 42.863155259563534, 92.882459146082, 82.64496512403927, 77.30125084569575, 71.96224481582304, 66.37207503963806, 60.636389530523644, 56.12609297022223, 73.41658969326807, 81.53484454116631, 87.19900010338405, 92.90051745190935, 96.0023707313602, 89.39375481865225, 80.43367106244685, 73.92853017376102, 68.44653583934586, 58.24224263261176, 74.42074529503108, 81.07762324717204, 87.3738564006676, 113.27971707464675, 116.14239203606996, 118.70367839955036, 118.935624250531, 125.62814697190962, 130.81945918396346, 127.0809295287055, 112.37047202501199, 100.4360257120836, 92.17565816568444, 73.10364744774265, 59.28970714770267, 49.82749860893181, 41.256774927704186, 38.49795914435646], [65.12485673505114, 72.57513804963003, 79.81224853531731, 86.34523673150227, 79.39792759748917, 71.97208106309158, 64.73511549742663, 22.949650648307724, 18.47694462871654, 11.989925739829168, 7.359820923137261, 10.947599374986368, 0.0, 8.568895564541036, 16.705114284120448, 60.21157081666716, 69.61301235332962, 77.52328493440918, 87.24421273289758, 94.64974065536435, 94.90659010073331, 84.49665440702728, 75.8585680496831, 67.32521054452918, 61.153761252146644, 29.590401981982485, 24.968901208685757, 23.815796087604337, 24.409544168083126, 28.70533077191961, 22.018034977819024, 19.92209221696582, 19.8965122160146, 19.338755975295207, 25.31765969474657, 50.64704889822641, 51.10961378042105, 56.32788072160118, 64.12279356898993, 64.35014015163463, 60.73554330186736, 55.843678193292604, 47.16961234216574, 38.16765090923122, 40.10811814487822, 33.4010707655919, 33.5649082525175, 85.95284972443267, 74.4624874231464, 68.73711242676562, 63.48465491391968, 58.31314415775807, 53.471995379711274, 52.32470287074084, 68.41874889311954, 75.5606431990844, 80.6781273174398, 86.03643361912891, 89.23879622842256, 82.34570616289525, 72.53008394832085, 66.01976264129432, 61.07460562772728, 53.90740478083014, 68.47222772150764, 74.38071149797779, 80.44763170957282, 108.62553907204676, 111.84888171886679, 114.33895923433866, 114.68342564653823, 121.15631986930661, 127.09437781099317, 123.33841035031692, 107.9529177753749, 99.36950063966242, 94.31229125899111, 77.47313026231807, 65.29063338079379, 57.92548022241543, 51.70019081224765, 47.97473515229528], [56.90441922033132, 64.32502760592936, 71.57765084909155, 78.23729426311888, 71.12528418566633, 63.65414011989266, 56.46804690629993, 14.719795743246982, 10.927959572678239, 8.395166798600311, 11.250316034495475, 18.64273529935736, 8.568895564541036, 0.0, 8.589026981624054, 52.137243967261035, 61.562052293125944, 69.48058109962183, 79.3253464192245, 86.83155592794833, 87.02910454655289, 76.36807814159785, 67.65379457104494, 59.08676096323768, 52.8853401260674, 23.617777368669685, 21.59760381669536, 24.136812080061215, 28.29565952565117, 34.65150689738604, 28.338654563534256, 23.934859844869216, 20.245540143381728, 15.66450573983677, 19.177920816528783, 42.21863075812552, 42.59594290981809, 48.328322592665614, 56.47354206474021, 57.193323072177, 54.25141173886028, 50.08466757874161, 42.155097985312715, 33.194922219109294, 33.17805513037559, 24.983706295439294, 25.313755710677825, 79.70278625610909, 67.97767165523527, 62.60593084276053, 58.07471383468852, 53.71501910414219, 49.97696632597728, 51.413089055911556, 66.37557089466402, 72.5244947016482, 76.81367261956932, 81.3037980285438, 83.79504301684464, 76.21228671712294, 66.64225552596737, 60.949277090133045, 56.844181011304734, 52.47127453066123, 65.31800908350935, 70.20853589558709, 75.51610035679342, 101.55370299955528, 104.99646469737228, 107.77428153701145, 108.57341166988934, 115.43550670339606, 122.45244307826297, 119.42382625535348, 105.3684255183652, 99.37993162606762, 96.38571514027966, 81.10886353364363, 69.79244209832358, 63.50873056448564, 57.97480247905634, 53.752390779999935], [48.452992900815126, 55.92009764746719, 63.131443484024295, 69.72889079414477, 62.74248483237406, 55.31032139708496, 48.06190371063522, 6.253676804337909, 4.336301045678908, 11.249263596617647, 17.823545516573574, 25.382383569681174, 16.705114284120448, 8.589026981624054, 0.0, 44.71499010183482, 53.85861352814825, 61.48304058420073, 71.0873652735676, 78.38812609390843, 78.51688353994193, 68.06912828058339, 59.46193335605987, 50.9611393430457, 44.90116406957028, 20.543599552808413, 21.810556145425267, 26.93103431794455, 32.73505929142527, 39.5211564021537, 33.99981237340072, 29.059909457742517, 23.71748383686539, 16.508192520473372, 16.218668438159835, 34.65897414630586, 35.716855609868794, 42.814565758000676, 50.46732540578018, 51.888248822126535, 50.615483865435166, 47.61596237773724, 40.52113568010958, 32.09868626485424, 30.31612335448106, 19.01475704732645, 18.716469269004076, 74.20055336740349, 63.08766917909662, 58.66117102804244, 55.31156570479525, 51.998750629093244, 49.373976025731054, 52.37308488678029, 66.34624651269317, 71.5999091517832, 74.94630095738273, 78.26741647410996, 79.50982532879894, 71.00207567128604, 62.548196981182215, 58.264179151011426, 55.14931406015416, 52.99092872326532, 64.22332678128136, 68.0043380210285, 72.22061128422483, 93.16831896327172, 96.66547646208886, 99.94360436347866, 101.40694806099935, 109.06288217866587, 117.33091386781469, 115.48218433815082, 103.99990491872492, 99.89005747555335, 98.12188562730908, 83.9540858416115, 73.09702825177916, 67.41644421590046, 61.97872618787019, 57.644098151387105], [19.550452202481125, 22.03776212868103, 28.995418700789923, 39.08625542676254, 33.16023607156483, 27.59806293034337, 23.991908861191206, 39.320522041157616, 42.334112526468886, 49.74810431664725, 58.28695513004118, 68.47450870588992, 60.21157081666716, 52.137243967261035, 44.71499010183482, 0.0, 10.106320749779371, 19.329159475212833, 31.09740606162582, 41.33190598742658, 42.63632569198323, 28.5075314505376, 19.57491802075728, 12.348489711303037, 7.836912326484776, 35.11885060285419, 44.4622602530939, 54.30411614921374, 65.03426143522371, 75.52852371164761, 71.71692971241657, 63.25025172667135, 54.09122051609008, 45.911091021662955, 37.54666287882636, 12.700509754219157, 23.28776721273927, 36.20647500138524, 45.82789986549514, 52.11172333781521, 56.68552008120785, 59.907495336778624, 60.844901141651185, 57.301846850460635, 44.59665717665299, 33.04267457854265, 27.348635825821987, 74.3363565480176, 65.02702143119717, 64.8062357925, 67.32038789594954, 69.68658733119601, 73.10120522903152, 84.44941412819105, 91.72943219812721, 91.81498935780394, 90.57569898865152, 88.50599691747023, 84.85348426356617, 73.06550333359779, 69.27578730754885, 71.4847691955039, 73.83981836330996, 83.36274269117531, 85.56230143962078, 83.60527836473454, 82.58822069703642, 61.74257109546211, 74.01240697016897, 84.65257659494415, 92.36078262637122, 104.43717061761932, 120.29773733818284, 124.10687630957977, 121.75316361348054, 128.45817579865937, 132.84854817963813, 122.91036487160059, 113.67911454268989, 108.94554617471827, 101.3642007728775, 90.779357516831], [18.379569876505762, 17.238968206013052, 22.655056658179447, 32.94328175557835, 28.691348698890785, 25.121904153072272, 23.864725007025623, 48.27403326326448, 51.44488807880154, 59.103463588384855, 67.61898449557476, 77.48975411920689, 69.61301235332962, 61.562052293125944, 53.85861352814825, 10.106320749779371, 0.0, 9.440240025771109, 21.410271827879555, 32.13516166712914, 33.810654689572935, 19.352559594292146, 11.42651730887207, 8.601825879348873, 10.71747576779542, 44.68994284317496, 53.81541991894288, 63.29667509585403, 73.7025432778603, 83.7989962124525, 80.42452101283854, 72.25273463838519, 63.33381698879557, 55.39073607910888, 47.12957777333042, 21.450086236475812, 30.557622313265625, 42.32341973718529, 49.70304874071668, 56.412748031332185, 62.550770939980595, 66.70978875365988, 68.38560092390571, 65.5835361498427, 53.247408637517836, 42.3692242380538, 37.131787506668886, 75.93747042858978, 68.38178958170754, 69.49017663372234, 73.14816979695641, 76.314545051234, 80.3102584196296, 91.84013484615659, 98.26981342414399, 97.68179759142528, 95.65719723448422, 92.46404331943938, 87.49597733781373, 75.28881568712254, 73.41366284721434, 77.06313926404881, 80.1775712358754, 90.58390487203592, 91.62367672570429, 88.79014550179093, 86.66057127895766, 53.32775987081256, 67.53307065619519, 80.05952133882006, 89.3365206656814, 102.58136412230691, 120.00019767269094, 125.378821221258, 126.04188422995693, 134.0940907906667, 139.0889325491533, 129.8520976245896, 120.87488262733301, 116.3454697559267, 108.63856627164868, 98.01561911452418], [19.489485459570272, 14.903512278244147, 17.371226863564534, 26.94126700611191, 25.031568954018468, 23.952563122777256, 24.95441559006047, 55.71687782660947, 59.13868787182859, 67.16968269442556, 75.64169468201148, 85.02028083296786, 77.52328493440918, 69.48058109962183, 61.48304058420073, 19.329159475212833, 9.440240025771109, 0.0, 12.052196254453795, 22.955096297624653, 24.871841600275154, 10.586426920791457, 6.456400666272659, 11.798511766030284, 17.410105438793327, 53.47218875838274, 62.44681953803693, 71.60899908160349, 81.54950904251109, 91.01574340431446, 88.00380497954124, 80.3202654890502, 71.72567804695561, 63.863498669384164, 55.71403626220999, 29.469986669176592, 37.489199947927055, 48.25953279882019, 53.12844654558701, 59.992392728973584, 67.59169689425087, 72.4616957874062, 74.53902946232232, 72.36494361991564, 60.78335282338922, 50.316381636122976, 45.59924713858482, 76.37011774088687, 70.78881735118553, 73.17589634797919, 77.80550677563606, 81.58161667519576, 85.94971512288767, 97.31909401130443, 103.03158723772187, 101.92700431706557, 99.238671932075, 95.04383518335105, 88.81539948328306, 76.32386445364361, 76.41165909080733, 81.35537673158417, 85.04778442911395, 95.92964522408508, 96.0259589339844, 92.48153817459651, 89.3528467027682, 44.80554438597109, 60.18340445037523, 74.24958622583414, 84.88589320642977, 99.18047986622811, 117.90850396232258, 124.77963701364894, 128.51470307940406, 137.5531612076736, 143.01104168712743, 134.53482995521793, 125.91202350428027, 121.73759789508384, 114.27515647981264, 104.28053939529472], [25.970855075168416, 19.595626578609885, 17.37149106937588, 23.24697291090326, 25.64586523344964, 27.787079716373565, 30.67061593197455, 65.24452180188989, 68.76763368733884, 77.06277826586225, 85.40352473930756, 94.13681692582114, 87.24421273289758, 79.3253464192245, 71.0873652735676, 31.09740606162582, 21.410271827879555, 12.052196254453795, 0.0, 11.386956095807735, 14.240155182827884, 6.787304700966063, 13.869084625576194, 21.792907133985157, 28.10030790133021, 64.2607135585009, 72.95232684614952, 81.61844856190534, 90.88851129722481, 99.49842856117886, 97.00237275479975, 89.97779588157503, 81.86274947824255, 74.20682502983661, 66.27671651037139, 40.42647288701168, 47.79945040416871, 57.757361503284585, 59.945597838400495, 66.74393664378897, 75.78354876965132, 81.20786279937245, 83.41393987217661, 81.73792467875657, 71.18646936844642, 60.81742928867542, 56.37789163986268, 78.98986225923714, 76.00617229741317, 79.78100945735308, 85.31371731368002, 89.56713089038486, 94.11664951775121, 104.86667660921086, 110.02730535957808, 108.53524350139624, 105.22825591506492, 100.00366837151311, 92.33768557459773, 79.66554810083622, 82.11784317438365, 88.36431117192878, 92.50899872931117, 103.39984397766791, 102.770095883717, 98.61071150100037, 94.45283783782668, 33.59310209918145, 51.15183692071965, 67.73708274741998, 80.30217191625644, 96.08812036403613, 116.33851049857154, 125.15762415532295, 132.84796738978167, 142.5218318112594, 148.11267333703208, 140.32857599746717, 131.99729290861316, 128.0914714362815, 120.71750718192955, 111.41026069101703], [31.950361585166856, 25.423318136246518, 20.43318737100316, 20.894643362343874, 27.070552076602795, 31.474414051791754, 35.44756818228881, 72.46692813335022, 76.27165923376381, 84.95932835195912, 93.13160811934254, 101.04176842640638, 94.64974065536435, 86.83155592794833, 78.38812609390843, 41.33190598742658, 32.13516166712914, 22.955096297624653, 11.386956095807735, 0.0, 4.522608340715455, 14.237390153348645, 22.872775877090408, 30.717954955713086, 37.1558496253573, 73.50097248451567, 82.00990713028246, 90.31407121798134, 98.87680131937657, 106.47692639377112, 104.31711837264464, 98.09067090416488, 90.47413047862175, 82.83212098281007, 75.12168224351541, 49.29941007647796, 55.76415433130994, 64.84701820095383, 64.27127543019195, 70.79563375557518, 81.13300220538511, 86.97573792657714, 89.17630589684852, 88.05820303461257, 78.84410735357234, 68.8070057990835, 65.0355314131608, 78.72619376063986, 78.37322243780297, 83.42740307892726, 89.72133762878407, 94.34175501871519, 98.97519215415558, 108.95686050500792, 113.4721154140629, 111.64793228159327, 107.8034903062184, 101.67494043883296, 92.71445814182212, 80.06105240660872, 84.78455104306921, 92.18641599701172, 96.6754162860409, 107.40883160191392, 106.04742037525978, 101.37122189166749, 96.29354627484733, 23.548534140403817, 40.937125470517756, 59.20322240808541, 73.22632624596862, 90.1595105852382, 111.52101254262644, 122.035606946222, 133.47356567899874, 143.61901953068534, 149.4444063122607, 142.6420759279897, 134.8942039814684, 131.60901766596723, 125.03250973287322, 117.34684505628385], [31.365465524762367, 24.774971284882124, 18.859769776277382, 17.369952574673825, 24.46700228404119, 29.61557649729498, 34.135918721027714, 72.51039643753583, 76.6180742838022, 85.57628068180622, 93.72790745930513, 101.36499863158701, 94.90659010073331, 87.02910454655289, 78.51688353994193, 42.63632569198323, 33.810654689572935, 24.871841600275154, 14.240155182827884, 4.522608340715455, 0.0, 15.151711024470332, 23.624600398801537, 31.33224648073899, 37.78655438441638, 74.70040569243903, 83.29922515545387, 91.69625997997062, 100.16171277624157, 107.50971357280542, 105.23317958879493, 99.2238852350306, 91.66516185848624, 83.82347537552234, 76.1144785919334, 49.65628240233533, 55.30644822156537, 63.743161503971855, 62.044744590694044, 68.44200084314234, 79.20301990183205, 85.24147674102755, 87.58931473815464, 86.84489480661489, 78.14349125605231, 68.65686079626958, 65.52403894585142, 75.0830819386114, 75.41176152140676, 80.86843985364025, 87.44939883398571, 92.26473060287672, 97.03504938901524, 107.01521321477456, 111.02926427721594, 108.96646774232725, 104.89235450925888, 98.46465078391479, 89.17982567841594, 76.58555872243899, 81.92346120802522, 89.72146948413742, 94.39933068556664, 105.38145816771517, 103.49400139386925, 98.56264377419451, 93.17155491433584, 23.777568277003542, 37.812648776994806, 55.13493978134327, 68.97850111418047, 85.78393336889648, 107.24567961413278, 117.92384986592157, 130.02622169400277, 140.6617357724433, 146.99172278020185, 140.84825219767092, 133.5789269875752, 130.83350517485195, 125.12995595884442, 118.53241382618639], [21.24217357920439, 14.097696895720453, 11.290790911674613, 18.425801083695493, 19.44946064031527, 21.640857797918713, 25.271391258533335, 62.05710524571196, 66.07281459188037, 74.73323701490342, 83.15230715308078, 91.82346992297364, 84.49665440702728, 76.36807814159785, 68.06912828058339, 28.5075314505376, 19.352559594292146, 10.586426920791457, 6.787304700966063, 14.237390153348645, 15.151711024470332, 0.0, 9.292142744640442, 17.85173129910052, 24.452325114001596, 62.31903655414254, 71.32561612614782, 80.39473898438875, 89.86418060949097, 98.52705352357562, 95.62832540646279, 88.5890520584073, 80.30330200564131, 72.21808749178324, 64.13848936248208, 36.543490117939065, 42.68134875464125, 51.86852366222983, 53.495216567719936, 60.311009290485934, 69.50048997128815, 75.15510155723634, 77.7472295427148, 76.52102755611729, 66.096211554531, 56.665966450749984, 53.193866566869666, 72.787039818261, 69.48254840762029, 73.31038406225619, 79.02712725308204, 83.51664525602956, 88.35750114431548, 99.66063462033007, 104.1815920511322, 102.36982171623357, 98.88450650019115, 93.55861947142112, 85.9980709453482, 73.39558381974987, 75.67682292763897, 82.07729555481824, 86.4528176376482, 98.05775991303481, 96.75697373945886, 92.34542925668168, 88.07418886317858, 37.36153722756307, 51.17311572315821, 65.44947581596122, 76.89665872131275, 91.76371088862123, 111.57809025153922, 119.78868991643974, 126.66877684399526, 137.11638868969746, 143.58073107961218, 136.51845167299808, 128.77114717170954, 125.5476719303978, 119.37632335357746, 111.25585499977142], [14.280244202402248, 8.69486045535775, 11.657636280990497, 21.782601164586474, 18.806833829188392, 17.530944988686976, 19.146201146503422, 53.47180074217084, 57.48791458671057, 66.07776545298395, 74.56027181302203, 83.52423306210117, 75.8585680496831, 67.65379457104494, 59.46193335605987, 19.57491802075728, 11.42651730887207, 6.456400666272659, 13.869084625576194, 22.872775877090408, 23.624600398801537, 9.292142744640442, 0.0, 8.676955359846511, 15.238311671508923, 53.46355513456299, 62.62492887801961, 71.96136667271244, 81.725401029116, 90.77455578785425, 87.54112154193028, 80.21955945373942, 71.71997877213838, 63.46059868562138, 55.284536564086864, 27.30226666421585, 33.957144885187006, 44.07366064250137, 47.50375204947144, 54.35459546490061, 62.59593572559409, 67.7497569717033, 69.98770452252886, 68.29541853157316, 57.392729400590824, 47.64041939120198, 44.076604576580245, 69.95474831195988, 64.7466816537497, 67.52044837734331, 72.48597668715274, 76.50096392712618, 81.05544362866344, 92.5213272036089, 97.68157951999072, 96.33152771238339, 93.42132421791436, 88.96744053206993, 82.49558272605032, 69.97048264854854, 70.48472983001282, 75.84579492439418, 79.75758373365292, 91.01332702241933, 90.51489477779953, 86.70647542699986, 83.29852807552139, 44.98176263544474, 57.19080561824411, 69.53689657717194, 79.40652229120195, 93.19938684161836, 111.6880449901642, 118.39230451378212, 122.36109191619337, 131.8789181127314, 137.96371154603312, 130.2719119130629, 122.262890559737, 118.83684803878953, 112.67181896115106, 104.37077587648668], [9.864722972273372, 9.83371034175448, 16.718901723077657, 26.79342725038104, 21.516715782392122, 17.015454566211332, 15.302625126865978, 44.999985296013385, 49.00723630501227, 57.584435269042565, 66.09096739849785, 75.18787154922991, 67.32521054452918, 59.08676096323768, 50.9611393430457, 12.348489711303037, 8.601825879348873, 11.798511766030284, 21.792907133985157, 30.717954955713086, 31.33224648073899, 17.85173129910052, 8.676955359846511, 0.0, 6.618322976692959, 45.14299358624739, 54.38295317488076, 63.86728697381887, 73.73204809979701, 82.94071291166152, 79.4463713636984, 72.02687042781497, 63.451646417855585, 55.03417756238087, 46.83334620328964, 18.77116304896148, 26.482336141056226, 37.95101412055784, 43.02400786719121, 49.711663652151145, 56.983964204442856, 61.454965887611344, 63.00557237628828, 60.69362573118509, 49.64630498895015, 39.15644475648567, 35.4056763369842, 67.86825109623078, 61.12359922359596, 62.85789054906606, 66.95005610626075, 70.32327637588718, 74.3821830251669, 85.59622186308725, 91.61315139011343, 90.89280609926368, 88.65409158762472, 85.13060394289056, 79.69018579594895, 67.32435058986934, 66.2607961836803, 70.5062614819939, 73.79182271480688, 84.23536671062276, 84.81367179549585, 81.75526967704467, 79.26668900601405, 51.568771724393535, 62.247125054251136, 72.97772567803918, 81.45039171763557, 94.34787525619488, 111.5017689084897, 116.88411606907367, 118.38410181409677, 126.57104208401175, 131.988169581579, 123.58634608024428, 115.27130424361833, 111.61333539210354, 105.45367374531602, 97.20831968395551], [11.773732205651442, 15.141563831299491, 22.55723144824637, 32.248282121704925, 26.002874143365386, 20.087690565867295, 16.22855385280149, 39.020167367029, 42.93642158371721, 51.377178863209004, 59.91644432143714, 69.26530517756565, 61.153761252146644, 52.8853401260674, 44.90116406957028, 7.836912326484776, 10.71747576779542, 17.410105438793327, 28.10030790133021, 37.1558496253573, 37.78655438441638, 24.452325114001596, 15.238311671508923, 6.618322976692959, 0.0, 38.80119246945492, 48.14066128754698, 57.81525587993375, 67.88465775431106, 77.38756074848989, 73.63211721444974, 65.9934727219957, 57.26809588174052, 48.72636807954765, 40.46717273078359, 12.332181988447177, 21.4400792381647, 34.06025337383774, 40.95438829461757, 47.392288198266826, 53.52614611869617, 57.33895524318559, 58.36106384621359, 55.472280418814684, 44.06871313416507, 32.94257995707813, 28.868290472207203, 67.72090507903519, 59.61621059459597, 60.35121214490888, 63.613054408013674, 66.41350620262314, 70.06317161311183, 81.1795829290334, 87.87886616292101, 87.65725726159073, 85.99046259372541, 83.28380878482842, 78.8034047424349, 66.71378982720385, 64.19888624997535, 67.3856307284281, 70.12521469697556, 79.9463058951537, 81.41204870940523, 78.9924682991378, 77.32032038091947, 57.39172255361255, 67.37716190083363, 77.06367516976317, 84.53526250112459, 96.66582114391717, 112.75496844286462, 117.05289776064072, 116.38927083912024, 123.59077427103824, 128.51127111058238, 119.50176180479554, 110.91245834075397, 107.00674357034956, 100.74874504545066, 92.30274647408694], [46.764338043047495, 52.97394786265996, 60.62761405543505, 69.32961866726599, 62.5927181442064, 55.34502954893287, 48.65691737334816, 20.192353734837898, 17.214223406868115, 18.211651791546778, 25.756812197803708, 37.50694900477525, 29.590401981982485, 23.617777368669685, 20.543599552808413, 35.11885060285419, 44.68994284317496, 53.47218875838274, 64.2607135585009, 73.50097248451567, 74.70040569243903, 62.31903655414254, 53.46355513456299, 45.14299358624739, 38.80119246945492, 0.0, 9.640463053013274, 20.196287100544723, 31.753143371013053, 43.84453205608095, 38.97733144223574, 29.19634545915836, 19.418063482954036, 11.603739862271341, 4.561676277765663, 29.42303460560015, 34.95766294788304, 45.11655849735999, 57.541278539266905, 60.79508607944513, 59.46149304652911, 57.74104776292392, 53.560825323963314, 45.83784398203539, 36.682702391159104, 23.242289236783733, 14.717812105268703, 86