{
	"dissimilarities": [[0.0, 9.068754184072082, 16.86577404984514, 25.329522723150337, 18.60461489172971, 11.864574994784848, 7.471016671187732, 41.02450386828755, 45.92565068457229, 54.352437947621034, 62.56357491938434, 69.40752629331274, 64.10043975787706, 55.91804105428031, 46.483822121606075, 18.779511788102, 18.776551090746935, 23.27158678678196, 30.741304438443763, 36.34644173960523, 37.11522504370974, 27.995797179473744, 19.83035926566306, 13.114755331126002, 10.353177873803872, 45.579465742081396, 52.194817706766976, 58.820021784813456, 69.077002410883, 78.43814731539574, 77.63302079833375, 67.92555453388442, 58.53289605470679, 51.23740268713961, 44.56123791395977, 19.70845242894835, 25.430258792763755, 32.97113979973705, 38.20069979801369, 48.02324843926388, 54.161151112150215, 57.81545389336454, 57.9663365197711, 53.641824311648186, 43.69366815222028, 36.88926630328304, 33.4260591277477, 65.18179786665658, 61.69056158796457, 60.612570719603845, 65.94747965416836, 67.15876892533119, 72.78486816699429, 78.81004692921182, 80.40090737366032, 80.16994288616637, 77.45489603618812, 72.93169576403103, 69.55880090024796, 65.43165319014919, 65.12576648217319, 68.26074281548546, 71.44606890612354, 76.39829970239079, 73.92516946252412, 70.69598302060598, 67.90286358002962, 54.91256136327334, 60.354194076867, 68.0239085581879, 73.37260791519986, 87.18719111951587, 95.03638723220007, 104.99501550145567, 106.86972250414452, 113.51571209167169, 118.91540509607628, 115.25080556924584, 105.9060479093235, 103.9790986383923, 97.24169633833573, 93.75172883294799], [9.068754184072082, 0.0, 8.84035227456672, 19.913604742580592, 14.396032146095047, 11.763488804771184, 13.733968858036192, 49.70420308591828, 54.328413853897395, 62.49546128581551, 70.90250598157493, 78.05559259332176, 72.78353375011547, 64.5707128771307, 55.20315658941775, 18.457424733019096, 13.275854096267743, 15.627136736521505, 22.77573270255614, 29.195500319518157, 30.43267359639941, 19.695543416756724, 11.353827631237934, 6.607650924519924, 12.553087033606156, 52.13394846516632, 59.01741290996933, 65.89684316511187, 76.42426014512887, 86.34349421209558, 85.7421266010839, 75.5437732220857, 66.07290524109186, 58.77972642616057, 51.85328110438485, 25.81138743244619, 31.151536869856375, 37.92480989960395, 42.7356612502608, 52.87034487265202, 59.249717320047445, 63.81843183638926, 64.98214795635825, 61.549827211755264, 50.87675525520258, 44.826971744701154, 40.83097897675289, 68.5413032065474, 65.7075614796276, 65.16483855652386, 71.37076148775726, 73.35849826922744, 79.6742818449565, 86.21254087156656, 87.33395630872162, 86.41385405355946, 82.91096269201876, 77.54304354834227, 73.63383636716152, 69.538195311951, 69.82789674865016, 73.70423664771323, 77.70505100109607, 83.35646099426415, 80.15638521315618, 76.15386011363834, 72.60335542741376, 49.47996589185939, 57.004492162569406, 66.47521193514687, 73.58841019438384, 88.08310288126981, 97.22724887098104, 108.3468324112896, 112.01644977975853, 120.45788846838744, 126.832808595449, 123.78146557104624, 114.69101036939352, 112.86998639312961, 105.78826883579237, 101.44752575767673], [16.86577404984514, 8.84035227456672, 0.0, 12.36454096336476, 9.793771941961328, 13.450253076646103, 19.210469014599326, 57.888563323024535, 62.72628502021586, 71.03364450448143, 79.32481457736954, 86.15616620324721, 80.94897247699942, 72.77918786065622, 63.341091036574966, 25.954646915840712, 17.732528085198176, 15.558054561541589, 17.549147011273458, 22.308699608302945, 22.998083533643513, 13.101674688275471, 10.765817383235563, 12.433118045923957, 21.206576093830375, 60.95275973659966, 67.81026982466022, 74.63233467558881, 84.93507094830892, 94.49160487634062, 93.91826628555977, 84.13349643212179, 74.7819654994347, 67.51446390290117, 60.642533873990864, 34.36706132783713, 38.26088050437783, 43.760478133224794, 46.45718395822159, 56.43012136544477, 63.525720424669984, 68.93714168393568, 70.67836346576773, 68.13137109916957, 58.195192651883744, 52.842699928823514, 49.561335683639285, 68.86557938544625, 67.37077582021489, 67.89184560868456, 75.10182352095131, 77.8881838523178, 84.48901607006154, 91.12480536008006, 91.68519268310813, 90.23982767279773, 85.87512246450291, 79.61923978180621, 74.82624481064876, 70.88996177708673, 72.31056277479361, 77.21120873660077, 81.94227796088073, 87.90465310706794, 84.1828645868109, 79.43988216620178, 74.89514498331651, 43.45855365267181, 50.48505875667427, 60.56073959711459, 68.99096896739229, 84.0794228494207, 94.65915551068602, 106.95900881057864, 113.62658031542851, 123.51407329720662, 130.77578905243885, 128.68742990894367, 120.21315745887972, 119.10213637528425, 112.61370223915138, 108.92207329229046], [25.329522723150337, 19.913604742580592, 12.36454096336476, 0.0, 9.331766549647185, 17.789587397875906, 24.742251332175012, 64.74630118337542, 70.1315234507165, 78.84328815980015, 86.64382030634843, 92.45637236840926, 87.42318259102427, 79.48544542036076, 69.9837697356979, 38.02820439512054, 29.863672354538537, 26.094496210005744, 21.665058807254344, 20.068812170279955, 17.846489243172336, 16.81458308322407, 22.102160448201214, 24.656959817832636, 32.36828573711403, 70.80070339436011, 77.3527651832404, 83.7994260774565, 93.33952138511312, 101.54049247813637, 100.82238240277506, 92.43678352134421, 83.45818159121283, 76.28475769953121, 69.78475247243155, 44.16293786535196, 46.19470949898109, 50.19158389215166, 49.30365900227433, 58.454003167448114, 66.67162584118634, 72.67612643982528, 74.39849888982855, 72.65406777189926, 65.00801168571375, 60.250369180602476, 58.620430946200905, 65.49287047508979, 66.2097725983466, 68.39015941054564, 76.60160615365089, 80.09308837062227, 86.38155933692504, 92.51441813918092, 92.45790864530089, 90.77536321068816, 85.57893387511942, 78.50883886236002, 72.45349756530949, 68.8648183684487, 72.03856160972924, 78.18595326109673, 83.41528789402656, 89.10574122032598, 85.21779675163772, 79.89720707707306, 74.17952167593104, 38.3228987133983, 39.83872986883066, 48.50030267044838, 57.69508407209341, 73.5161784429101, 85.84490503818303, 99.32944947686691, 110.55186404307646, 121.15880156382336, 128.99456616261114, 128.19218065361395, 120.74960259384157, 120.98638150353824, 116.12885075056167, 114.72770675583455], [18.60461489172971, 14.396032146095047, 9.793771941961328, 9.331766549647185, 0.0, 8.951125663644156, 16.879953604274093, 57.65171840595042, 63.19833667207652, 71.95308850160471, 79.83668290298887, 85.96350386471582, 80.5052994442545, 72.25224535332906, 62.82080508654127, 32.47208671340646, 26.33640490579519, 25.31723977337194, 25.76833582841688, 27.44045181517135, 26.272136886493946, 20.783760244252747, 20.380891229435626, 20.059870976253286, 25.867130562006622, 63.94245670873173, 70.61641718170748, 77.25018894178348, 87.38212287469575, 96.01035103149334, 95.04878522214688, 86.08362000393194, 76.7030045216652, 69.36402581281777, 62.74726047152182, 36.17455631299738, 37.09520436813009, 40.86748533936824, 40.543677839516285, 50.00949767064626, 57.90855510581907, 63.80638326215353, 65.71604314430036, 64.14347202828735, 56.02120267198749, 51.811860685074244, 50.99412833223651, 59.838478288063925, 59.223983116633256, 60.597702663567574, 68.42721956347486, 71.72586105899806, 78.27437079547495, 84.80286778117447, 84.86089259915497, 83.12049395183838, 78.22675059196223, 71.53155905400763, 66.17593332361349, 62.3671232197315, 64.61309624960698, 70.22999122789722, 75.34302092157903, 81.31600063185029, 77.3293132161113, 72.17349732186307, 66.98255871787839, 46.85980431695623, 48.20355340532483, 54.32038452372592, 60.80267254734038, 74.97773270514276, 84.96361595156563, 97.25110276178475, 104.8252299126008, 115.48760759872825, 123.77883041185643, 122.9975791501993, 115.64474087534131, 116.0232489387725, 111.6450343404851, 110.4216645469543], [11.864574994784848, 11.763488804771184, 13.450253076646103, 17.789587397875906, 8.951125663644156, 0.0, 8.450309129994531, 49.1483136435342, 54.77152941008637, 63.5403987977408, 71.42236108129507, 77.7076826594449, 72.03651911835287, 63.64401271517952, 54.268442016088414, 27.69220544207275, 24.666730426518836, 26.60679320825847, 30.75744168689126, 34.22825397898449, 33.6963914524072, 26.398252063916924, 21.711088966165214, 17.890898020045054, 19.876409024396185, 55.942740331020296, 62.56617638712355, 69.20011344691785, 79.55416925733415, 88.32133500540773, 87.19614452271156, 77.98786834930027, 68.44406407827081, 61.05283995649497, 54.470513936802114, 27.964633920605113, 28.57633429972214, 32.965550368375546, 34.01092525615463, 43.78398657043155, 51.20145764767387, 56.431095988255066, 57.876235365301795, 55.72931003225766, 47.255526453730646, 42.86242941313057, 42.4706405057483, 57.1020639951088, 54.99648799166856, 55.30046059888425, 62.24497322178384, 64.85875591238954, 71.22051221059287, 77.7533376226116, 78.26642028535115, 76.95398769504834, 72.82884370170552, 66.96912087626633, 62.51190076547526, 58.50214401077541, 59.58530780716001, 64.2612802859601, 68.75175181180649, 74.5210753030912, 70.93971954470388, 66.42373605491342, 62.16632147384091, 53.515817277435445, 55.1041899730461, 60.090731624685176, 64.67549359349906, 77.80871233160558, 85.87278679283341, 96.76810135214072, 100.93230061388414, 110.3796527247082, 118.13147531663994, 116.71215845307522, 109.02011827827648, 109.09289316409311, 104.7240091273032, 103.51286114983995], [7.471016671187732, 13.733968858036192, 19.210469014599326, 24.742251332175012, 16.879953604274093, 8.450309129994531, 0.0, 40.8078717593336, 46.44102139722229, 55.26355146634966, 63.069576392310594, 69.29076363487108, 63.69551869106139, 55.385675865736395, 45.963697996553634, 25.27989890587502, 25.382315313386858, 29.23506605517422, 35.18142980771034, 39.33777650793289, 39.175575703757225, 31.63536861099401, 25.081968383366842, 19.10993807756731, 16.57543116733954, 48.510785518650984, 54.89009667471249, 61.30567653722285, 71.40714903524305, 79.95007057023228, 78.77924840531543, 69.77576088811998, 60.365746451197474, 53.042653847883706, 46.66283187781199, 21.83275971832863, 23.706000764671405, 29.58551865544956, 32.35342480655879, 41.955311943008425, 48.76961183509139, 52.80020055804333, 53.072898958274685, 49.565692541550284, 41.16802942775644, 35.569171626092505, 34.910345126066, 57.885742894266286, 54.74710770689605, 54.13154544100498, 59.87123690688602, 61.43447525082691, 67.07185641939118, 73.09519892994362, 74.316632737575, 73.86912818224647, 70.80358713972909, 66.03224583148864, 62.372600993883374, 58.28762785642772, 58.40499430421526, 61.98747276404262, 65.43945971140586, 70.44746895969196, 67.75958187702194, 64.246694573347, 61.068580009188054, 57.52375138487462, 59.490412413704014, 64.38457907323136, 68.0501222659956, 80.91725287363563, 87.95663868677357, 97.66944583023029, 99.67749217747274, 106.89477122849856, 113.18234063416504, 110.57961050288849, 102.15658556935439, 101.51587976307036, 96.64689720508797, 95.30681327024956], [41.02450386828755, 49.70420308591828, 57.888563323024535, 64.74630118337542, 57.65171840595042, 49.1483136435342, 40.8078717593336, 0.0, 6.797541092758395, 15.736609452574307, 22.506982274219617, 29.083187358959538, 23.14849351826414, 14.978932295810706, 5.619258929519976, 44.3603063914425, 53.25105941411031, 60.460761100294995, 69.76908322149652, 75.39555186171968, 76.14124981637774, 68.15978059615088, 58.75294952200338, 50.98574013421778, 40.75990850257108, 22.156996719214703, 23.700900071206135, 26.81928857733309, 34.82550173686915, 42.00753814389807, 39.95501866715077, 31.663384428372325, 23.35827938321053, 17.682462856467733, 16.183013271369646, 29.207172456785678, 32.47092739278301, 38.36262320927511, 46.32213719119612, 50.56085885295123, 51.458894163214765, 48.04982046692912, 42.05913510339918, 31.102760359449356, 26.675755147903743, 16.36368456504858, 15.857960039825079, 73.54693605397217, 66.30906614928358, 61.495750521100895, 59.95728779101263, 55.77421630558544, 56.54809683988533, 59.053888845703746, 64.09362993481773, 68.02013473131736, 70.90493849766197, 72.18319939320004, 73.16922495753015, 69.56119282769528, 64.93805479941751, 62.25172210537281, 59.73908308303936, 60.07366063379628, 62.42815770062865, 64.68116288190039, 67.50220019176365, 89.95497658009913, 92.82308178550981, 96.2491737908897, 95.91634433545428, 105.793893056296, 107.28460837821679, 110.96348325720031, 100.71214735991653, 97.17212190003627, 96.11094155201108, 87.23039599846454, 75.17622388735808, 70.1068083904389, 62.67679673965564, 60.43084999913612], [45.92565068457229, 54.328413853897395, 62.72628502021586, 70.1315234507165, 63.19833667207652, 54.77152941008637, 46.44102139722229, 6.797541092758395, 0.0, 9.133682490645052, 16.701169065660615, 24.586343615202708, 19.116178274422374, 11.907064055450192, 6.40445409328984, 47.1563694771797, 56.58164786511762, 63.955405715451214, 73.65685290538951, 79.6751763437853, 80.72218245203617, 72.42224329960368, 62.69568788831399, 55.00282643090925, 44.62717152558474, 18.596130996775326, 18.325325604570413, 20.374548900211806, 28.132708581490036, 36.11617354418422, 34.202176488814, 24.91938549356312, 16.679135541353006, 11.688520721794955, 12.539476195918436, 33.067680857882536, 37.400775062117106, 43.52534205167304, 52.38393805328721, 56.44903370387594, 56.66453842252983, 52.691686629614175, 46.50648133625821, 35.26170373877259, 30.590781980815297, 20.782703019235637, 17.744828431813758, 79.98543176324158, 72.44181526644304, 67.26190275445089, 65.1107720752801, 60.45691640131138, 60.81464618338057, 62.926008067215534, 68.37051159047684, 72.66044291881826, 76.13073832479884, 77.91710221544669, 79.31535646651176, 75.75154465413259, 70.7252600055084, 67.4705152985266, 64.45801804723351, 64.38785238668932, 67.1896338122752, 69.9544215104522, 73.29980962661548, 93.89278761288627, 97.97090414437598, 102.25176109756552, 102.30074896398625, 112.37061264082332, 113.82623058623199, 117.18647897990849, 105.890725372533, 101.1588656439986, 98.84296105223461, 88.68196551157702, 75.75403705214887, 69.12815626815896, 59.82536491925688, 55.438617168815746], [54.352437947621034, 62.49546128581551, 71.03364450448143, 78.84328815980015, 71.95308850160471, 63.5403987977408, 55.26355146634966, 15.736609452574307, 9.133682490645052, 0.0, 8.98112341246834, 18.917579301007276, 14.39695463082377, 10.70934808893417, 12.992422802832463, 53.73360974772215, 63.64134058344749, 71.1781920521354, 81.25625604079865, 87.6174641975459, 88.90193987504689, 80.31451383952262, 70.28296580220216, 62.66137885194587, 52.19569834690695, 19.024308360811652, 15.206742988633692, 13.954323649554572, 20.282082883280083, 28.96812064238583, 26.970625694839434, 16.299992391419327, 8.95305369552853, 8.308675188523022, 14.233566206061399, 40.446553844913154, 44.90555629783968, 50.68744840623594, 60.102026665627605, 63.54883799798115, 62.764559557494, 57.90632715351981, 51.36266820221793, 39.982880012113796, 35.978449621246355, 27.641353646846134, 24.148205255158945, 87.60479859465937, 79.58837688782667, 73.88619406760633, 70.73342568663604, 65.374645438125, 65.01034769125448, 66.48910876742072, 72.44647615134883, 77.25575163585175, 81.61887470660966, 84.25444113210682, 86.34752623687895, 82.90352053239721, 77.25615398123544, 73.11597289363435, 69.30911670664445, 68.57271686125067, 72.04793719670779, 75.61692454019656, 79.79335048443674, 101.51820872157643, 106.43594910420828, 111.0919311970877, 111.06999271081061, 120.91277181435558, 121.80083856274476, 124.40461207569145, 111.09449633944924, 104.69106330563308, 100.8793255814922, 89.26850620355103, 75.54411640501539, 67.24964423112846, 56.28868021092947, 49.76348002905481], [62.56357491938434, 70.90250598157493, 79.32481457736954, 86.64382030634843, 79.83668290298887, 71.42236108129507, 63.069576392310594, 22.506982274219617, 16.701169065660615, 8.98112341246834, 0.0, 10.698870682143419, 7.956096093820199, 11.146785117403358, 18.22602454413946, 62.66305883809575, 72.44897610730031, 79.86461626587797, 89.63879839539466, 95.65466299057397, 96.7748723423607, 88.68362328544626, 78.92905801512191, 71.32620051504433, 60.92069096189141, 27.29265763638702, 22.155531638232354, 17.999276297266203, 18.335472208013623, 22.891340198674325, 20.006526260613413, 13.42119472696656, 12.705385479901112, 16.327653907051953, 23.0245117037998, 49.11249235618546, 52.70651427323812, 57.68255843342153, 66.14540105038688, 68.55529644879825, 67.25430445780269, 61.49759078770215, 54.056340469250415, 42.520125739030426, 41.46382671812525, 34.52590450808814, 32.86994570975773, 91.69820257313249, 83.68913255606975, 77.88403467797508, 73.77748074596215, 67.67953685664426, 65.97986450979309, 66.14055122214539, 72.62415497856828, 78.2952281062429, 83.62296227207389, 87.22274453412547, 89.81333751051379, 86.62949119262056, 80.75225080365013, 75.9094554021466, 71.10404393583389, 69.08285956745154, 73.6294939664874, 78.16569295047508, 83.05750992296504, 108.81413030246863, 112.82171500892579, 116.64816335338575, 115.76268958021681, 124.91890702216797, 124.90839517205661, 126.39227983551395, 111.67984079877128, 102.74585868412314, 96.97328890432016, 83.99283530648606, 69.67789965965709, 60.33469992645885, 49.25648364403071, 43.87678998068234], [69.40752629331274, 78.05559259332176, 86.15616620324721, 92.45637236840926, 85.96350386471582, 77.7076826594449, 69.29076363487108, 29.083187358959538, 24.586343615202708, 18.917579301007276, 10.698870682143419, 0.0, 7.737580558839627, 16.47833250858366, 24.245924815315128, 71.42876142732874, 80.66620107271599, 87.69853386974702, 96.65995321411032, 101.87891220993151, 102.63455142342983, 95.61337744037398, 86.59303546574807, 79.08887385016075, 68.95506703546728, 37.65432473586516, 32.54706953742611, 27.719527081079303, 23.429753185827032, 20.00329173258289, 16.010488437534754, 19.51914201952112, 22.874469803613767, 26.740876038490978, 33.13180757557948, 57.58120939016578, 60.43830026236961, 64.76082828973713, 71.50150306923051, 72.97340418985256, 71.80743609779346, 65.5250037453616, 57.08954456096647, 45.56940580705491, 48.086006543556984, 41.91470476534932, 41.94003496405291, 93.94708276349556, 86.53448532772268, 81.13528088095777, 76.49852764513383, 69.9107039057478, 66.65463080805631, 65.05050898487117, 71.93437451624776, 78.6046505491934, 84.66973883239994, 89.01439858113314, 91.67853268304631, 88.82490388694757, 83.2668995873632, 78.1852838093933, 72.51959598113754, 68.91500838385149, 74.65186096847411, 80.00098528227565, 85.20973136396071, 113.7681209901892, 116.03414768861397, 118.64160075790161, 116.74641886113479, 125.23026943336224, 124.57277575407963, 124.99029893584296, 110.32600172972577, 98.2856922946984, 89.9215316015658, 75.37851711396183, 60.262094092736696, 49.91014580352446, 39.30790751722371, 38.088441926569246], [64.10043975787706, 72.78353375011547, 80.94897247699942, 87.42318259102427, 80.5052994442545, 72.03651911835287, 63.69551869106139, 23.14849351826414, 19.116178274422374, 14.39695463082377, 7.956096093820199, 7.737580558839627, 0.0, 9.138771477843944, 17.875039673357065, 66.23111325039653, 75.66287537148752, 82.9463007447319, 92.25331266428876, 97.69979781952973, 98.41594594996297, 90.92675439912581, 81.57415020254463, 73.87078538240125, 63.540067299854044, 33.27439166092144, 29.07149295903604, 25.753145471558735, 25.570857417090124, 26.343622845957274, 22.659252921432184, 20.789434626219013, 20.305432058760314, 22.509877841849836, 28.20870189771477, 51.43967756288129, 53.43132726341291, 57.37314415830715, 64.27744686960656, 65.70863332131354, 64.34104178572387, 58.113041295732906, 49.91530555168368, 38.35768648933291, 40.39617027250343, 34.65029267431134, 35.85292522755472, 87.53694876282728, 79.72923994949524, 74.07641088902537, 69.49008603046869, 63.03242429848921, 60.38729051705098, 59.657002487694605, 66.34429639616872, 72.53633638721128, 78.31298777883691, 82.4412834688657, 85.23033867349184, 82.2738103559725, 76.44353438681328, 71.33604507181677, 65.95666703283081, 63.050040027105865, 68.25856929280609, 73.32280914432435, 78.51820483123491, 110.71842014337177, 112.76352875675595, 114.91120936308378, 112.75581596153819, 120.92001125308717, 119.91934629519415, 120.56801076407204, 105.20665735560895, 95.16354493784667, 89.05252944743472, 76.26251567958826, 62.36769988850034, 54.1688110129096, 46.04722377884796, 45.471990367760554], [55.91804105428031, 64.5707128771307, 72.77918786065622, 79.48544542036076, 72.25224535332906, 63.64401271517952, 55.385675865736395, 14.978932295810706, 11.907064055450192, 10.70934808893417, 11.146785117403358, 16.47833250858366, 9.138771477843944, 0.0, 9.520921377486687, 58.18866456134354, 67.6672143268274, 75.10736772335522, 84.66454300833843, 90.32506758797021, 91.04316083830093, 83.11644692981963, 73.51531849181248, 65.68414186290147, 55.25312366893333, 27.52595119947164, 25.07322410411804, 24.276332599132143, 28.654737046920687, 33.148192891132425, 30.02901464426795, 23.933218303116906, 18.89790570420228, 17.895424603378878, 21.805106434187223, 42.716636308865574, 44.29810519259745, 48.34549169577841, 55.72098350303493, 57.72461429915407, 56.63913499444474, 51.00309101156851, 43.414266060362756, 31.732917776496933, 31.856691765799695, 25.526177807427928, 27.44620268413767, 80.59076013378503, 72.5751562568147, 66.86968601966802, 62.956190584497485, 57.060440325373634, 55.668464760836734, 56.36342411112077, 62.54832306088401, 67.88423431489908, 72.81867128566135, 76.16862879426661, 78.6704390345442, 75.48317939893535, 69.67575501682528, 65.0452715892392, 60.4993247395432, 58.86331050398532, 63.03819304145773, 67.28014231707208, 71.97191045112228, 104.38083415811856, 106.5540650108694, 108.74397742740541, 106.85462200779422, 115.20705184854806, 114.54885324530282, 116.03644769873104, 101.33469989765015, 94.11618316903869, 90.6026631283858, 79.78417855936118, 67.02553202410321, 60.69141955828698, 53.748433441253646, 52.78174368554325], [46.483822121606075, 55.20315658941775, 63.341091036574966, 69.9837697356979, 62.82080508654127, 54.268442016088414, 45.963697996553634, 5.619258929519976, 6.40445409328984, 12.992422802832463, 18.22602454413946, 24.245924815315128, 17.875039673357065, 9.520921377486687, 0.0, 49.74228478575822, 58.794801108627446, 66.06039863894759, 75.37253081878667, 80.90911698933401, 81.57631378055362, 73.72967743650332, 64.32986511993734, 56.533079520639255, 46.25750173255986, 24.17075731561146, 24.1742468509738, 25.9081688584431, 32.71176080497792, 38.79722737187441, 36.322165854068395, 28.945131322933964, 21.562681627229253, 17.282800694039985, 17.975816524341084, 34.2565404970344, 36.49098114301596, 41.462896194919075, 48.95453719178536, 52.198286495991624, 52.36309633772491, 48.029315669869234, 41.24851062645681, 29.7608627486648, 27.504854874122074, 18.791209888577185, 20.115455948949027, 75.05877799456837, 67.53603508611128, 62.39600391546873, 59.91863825124546, 55.03962026810001, 54.93104848854442, 56.72615719269778, 62.21475441578552, 66.72382392026819, 70.398875953335, 72.4935621033893, 74.05432221812353, 70.61500775918697, 65.54806238579042, 62.11122141719718, 58.77874326505821, 58.30988928778384, 61.403324459760974, 64.44611835620758, 67.99487803382254, 95.23232444591042, 97.52031683137517, 100.21542454768782, 99.10072457410324, 108.28269241155634, 108.84933983504375, 111.63187695906636, 99.71729630921149, 94.76885542685339, 92.86424272539097, 83.382326224872, 71.14675658834473, 65.84639620345781, 58.91471060323276, 57.59630003213198], [18.779511788102, 18.457424733019096, 25.954646915840712, 38.02820439512054, 32.47208671340646, 27.69220544207275, 25.27989890587502, 44.3603063914425, 47.1563694771797, 53.73360974772215, 62.66305883809575, 71.42876142732874, 66.23111325039653, 58.18866456134354, 49.74228478575822, 0.0, 11.33866826189116, 19.974547746153274, 32.80770646473502, 42.21433978903168, 45.05223551579758, 32.13978753441837, 19.801715361666545, 13.59776915003428, 8.75020896280803, 39.227104044639304, 46.434712032950024, 53.80242716120779, 65.41065421780661, 77.62163417878949, 77.3825226508693, 64.87412657992043, 55.13099568814977, 48.08860561628375, 40.80243689999192, 18.345970254436534, 28.727820027792294, 37.694695766448746, 48.13336469117363, 57.96572102319131, 61.84710537936304, 64.7604291884706, 65.5393900690422, 60.6332592286691, 46.7583268763951, 39.65225401140623, 31.496778093737863, 79.41023919337353, 74.06246811293252, 71.29042757004653, 75.41472616568838, 76.00062438943621, 82.20350478864242, 88.98270882661824, 91.11588409380398, 90.78163754374513, 88.80741764651583, 84.97965961062384, 82.95232364220931, 78.67687127118442, 76.62145343902607, 78.35275545676014, 81.16841676244698, 86.70244430745238, 84.13175566334083, 81.38147246446822, 79.79996597148867, 61.674286794646946, 73.66092984286982, 84.61337153507662, 91.39746668627043, 105.2992546183905, 112.75755597834466, 122.39309956908141, 120.5360820612105, 127.34772736970046, 132.37027164015294, 127.2435809639558, 116.64617785417805, 112.54595470721196, 102.73227242164525, 94.36482848231448], [18.776551090746935, 13.275854096267743, 17.732528085198176, 29.863672354538537, 26.33640490579519, 24.666730426518836, 25.382315313386858, 53.25105941411031, 56.58164786511762, 63.64134058344749, 72.44897610730031, 80.66620107271599, 75.66287537148752, 67.6672143268274, 58.794801108627446, 11.33866826189116, 0.0, 8.725827093090087, 21.729207143374058, 31.51366863854873, 34.66300199932621, 21.20564434695829, 8.995948806951882, 6.781276125571795, 13.315574233886045, 49.98873053331721, 57.04584913815561, 64.19227397925171, 75.16338311076002, 86.66543329732085, 86.55112968081667, 74.88664277643727, 65.46059988464188, 58.451789686966, 51.29552141242576, 27.49620151037219, 35.89259245853989, 43.781796581619204, 51.75284705487961, 61.97002141512717, 67.07963596292983, 71.13276716894403, 72.47288159138465, 68.38516659849587, 55.47774380863743, 48.816208195024124, 41.755196433018504, 80.17591850725803, 76.32204792362278, 74.80255097913587, 80.27700093430315, 81.81212440837713, 88.36219641926792, 95.22362893762634, 96.77446523463007, 95.9320224338402, 92.9301360001985, 87.99619839834538, 84.82347231958879, 80.63155480699555, 79.93449436008517, 82.97607097902767, 86.67655844653174, 92.54393269676486, 89.41849106812553, 85.77020109602361, 82.94446003190228, 51.72357053054091, 64.9000476064036, 77.43776597469962, 86.03006404789862, 100.9801558227584, 110.34181859035674, 121.43009866049128, 123.38613658539072, 131.59720408628266, 137.32583104694973, 133.04498862400868, 122.88696407133152, 119.40369327937997, 109.91096509712101, 102.15741556736829], [23.27158678678196, 15.627136736521505, 15.558054561541589, 26.094496210005744, 25.31723977337194, 26.60679320825847, 29.23506605517422, 60.460761100294995, 63.955405715451214, 71.1781920521354, 79.86461626587797, 87.69853386974702, 82.9463007447319, 75.10736772335522, 66.06039863894759, 19.974547746153274, 8.725827093090087, 0.0, 13.304376949164405, 23.603600125492992, 27.2662773663332, 13.6372098112475, 5.242280922683751, 11.239482644947362, 20.916280829717955, 57.99779287781498, 64.8932608806308, 71.83074468148916, 82.24824592499795, 93.23817986031203, 93.27218116097778, 82.23416291001558, 73.13534873727045, 66.23584462597209, 59.227116518759296, 35.640820442838645, 43.321435042626106, 50.6203780008993, 57.00884785601826, 67.26477336094031, 73.08690128773614, 77.69938934346503, 79.21565009590437, 75.45438351153395, 63.251035277218065, 56.639423119028386, 49.87297897905117, 82.99519773671155, 80.27819429774864, 79.6289372259889, 85.8718298683901, 87.91403294256398, 94.52782747700464, 101.28922461805823, 102.53289584715638, 101.47739349360482, 97.89475448139815, 92.31591037688789, 88.36971431342154, 84.28418152043795, 84.53870924611428, 88.38000980144483, 92.53023699902425, 98.45172735973874, 95.10511388429639, 90.98292401650507, 87.39315675574157, 43.99249787984203, 58.76921415586882, 73.0610207268435, 83.33694993262434, 99.22152531671432, 110.1890387597288, 122.3276554953443, 127.23647971876811, 136.0750658503439, 141.96616406127944, 138.05005779969707, 128.05160942288518, 124.78164847175618, 115.242773985121, 107.6711038802463], [30.741304438443763, 22.77573270255614, 17.549147011273458, 21.665058807254344, 25.76833582841688, 30.75744168689126, 35.18142980771034, 69.76908322149652, 73.65685290538951, 81.25625604079865, 89.63879839539466, 96.65995321411032, 92.25331266428876, 84.66454300833843, 75.37253081878667, 32.80770646473502, 21.729207143374058, 13.304376949164405, 0.0, 10.732978370519518, 15.14235977761461, 5.383422305123202, 14.359440267771067, 21.792425363189665, 32.039048009246876, 69.48306328544321, 76.1111012136899, 82.68370059771738, 92.19556422964833, 102.02579370795536, 102.15032338962284, 92.3938562037158, 83.77339555158922, 76.9876593750054, 70.2562157970721, 46.88286184291461, 53.54138939368295, 60.050494144812845, 63.898193914313836, 73.93219573989191, 80.82749051293325, 86.05915765531923, 87.55758927143097, 84.18716810891026, 73.48565236473641, 66.90150871980785, 60.94420636822864, 85.53430587760792, 84.67428918280743, 85.39745170239715, 92.62538898046549, 95.28501947301692, 101.72835838949666, 108.0990462719692, 108.91317519668904, 107.70260682325942, 103.3759823713155, 96.99574294942003, 91.89077361134133, 88.04164975337723, 89.79163070894934, 94.75749152912832, 99.39145939498667, 105.13156533574504, 101.64993115072889, 96.98352494190611, 92.33103538932554, 31.484933467807014, 47.56195167718988, 64.19456932156093, 76.83112413485884, 94.02448871347349, 107.36665958156404, 120.9030458027215, 130.53991481258262, 139.8729828291249, 145.82095727931195, 142.55327466615378, 132.9811172943455, 130.31130889312183, 121.24259879212762, 114.79064086656051], [36.34644173960523, 29.195500319518157, 22.308699608302945, 20.068812170279955, 27.44045181517135, 34.22825397898449, 39.33777650793289, 75.39555186171968, 79.6751763437853, 87.6174641975459, 95.65466299057397, 101.87891220993151, 97.69979781952973, 90.32506758797021, 80.90911698933401, 42.21433978903168, 31.51366863854873, 23.603600125492992, 10.732978370519518, 0.0, 5.199252633063815, 11.36006942362281, 23.546348923976065, 30.18985414538162, 40.032637772723966, 77.40173211491962, 83.79845419723831, 90.05814290458517, 98.85993487649081, 107.54902621443856, 107.62669301902686, 99.06414061012838, 90.7936124699374, 84.07664989568418, 77.61407211686162, 54.45718536472495, 60.17488287787063, 66.02576688876384, 67.77577767857217, 77.39703429593774, 85.07913991511101, 90.62978350303163, 91.94875781533534, 88.87909310092512, 79.69096062645342, 73.21147016047948, 68.21505983923565, 85.52289565754872, 86.17455301628672, 87.98292296618335, 95.8222185367042, 98.85815819181818, 104.97884414498458, 110.87760243764968, 111.36517180041635, 110.13688952704781, 105.33672588542206, 98.48165145771192, 92.51899720927632, 88.91724732435384, 91.8423308283316, 97.59738532493128, 102.46388616238693, 107.87989224594816, 104.42555408734374, 99.46556556850828, 94.07572893956934, 22.415818030575526, 37.300273985896645, 55.30172846828883, 69.51595731353032, 87.59601033981177, 102.64180941883713, 117.06016502811879, 130.4214728623427, 139.82623907290846, 145.7395643351871, 143.1111947488887, 134.07589964125086, 132.1463511925889, 123.95588961913609, 119.06471358323735], [37.11522504370974, 30.43267359639941, 22.998083533643513, 17.846489243172336, 26.272136886493946, 33.6963914524072, 39.175575703757225, 76.14124981637774, 80.72218245203617, 88.90193987504689, 96.7748723423607, 102.63455142342983, 98.41594594996297, 91.04316083830093, 81.57631378055362, 45.05223551579758, 34.66300199932621, 27.2662773663332, 15.14235977761461, 5.199252633063815, 0.0, 14.277607569711703, 26.39003570124887, 32.43669147652542, 41.96992642541167, 79.55967253063942, 85.90642198077508, 92.08869681573017, 100.75034388311016, 108.94005578176362, 108.87740678664927, 100.7875567052981, 92.53435969590168, 85.77069437407549, 79.39432755568878, 55.94362720428123, 60.83889336910356, 66.18621194387603, 66.79386858159715, 76.13827998610576, 84.16696634358104, 89.89257270856173, 91.20265647354833, 88.45039574697486, 80.06657093587333, 73.88070050570445, 69.70347731584252, 82.6360807487242, 83.93249290977117, 86.23087520201653, 94.34442363254351, 97.59166499388196, 103.59646361774567, 109.32927527618773, 109.60068663902389, 108.29604033038657, 103.25221526574228, 96.186115204213, 89.87258124552191, 86.3924637708894, 89.82930919819687, 95.94384223258588, 100.94719467683022, 106.26358151929975, 102.76085594869998, 97.63930279803746, 91.91554933845386, 21.65757654246905, 32.788282725007036, 50.1532799341497, 64.47225322929108, 82.6525090972112, 98.07980175386542, 112.74693894241682, 127.39090180882057, 137.010338182243, 143.2030923125171, 141.12863522440696, 132.570305663923, 131.27966506191194, 123.96506653974892, 120.23642451054205], [27.995797179473744, 19.695543416756724, 13.101674688275471, 16.81458308322407, 20.783760244252747, 26.398252063916924, 31.63536861099401, 68.15978059615088, 72.42224329960368, 80.31451383952262, 88.68362328544626, 95.61337744037398, 90.92675439912581, 83.11644692981963, 73.72967743650332, 32.13978753441837, 21.20564434695829, 13.6372098112475, 5.383422305123202, 11.36006942362281, 14.277607569711703, 0.0, 12.634663427035129, 19.785067375537796, 30.263375387869974, 69.04731284660308, 75.79975337544458, 82.49302968890527, 92.29375766850683, 102.01293199621904, 101.90685935068738, 92.16655411221554, 83.2742755660737, 76.29488382946847, 69.47672154622724, 44.830394957941145, 50.382642658700256, 56.32306047797214, 59.40246307585285, 69.35528584005361, 76.44512306875176, 81.95318738095175, 83.71290522401698, 80.84603277344823, 70.47703113308432, 64.45506679577906, 59.48102578063617, 80.37913040779678, 79.66404950995403, 80.58272988912333, 88.05332366109378, 90.96997826696679, 97.56590237176877, 104.0778075617909, 104.65259486442575, 103.20138360066042, 98.6253982509531, 92.04657381388797, 86.82691786658586, 83.00395861635195, 84.92799945477921, 90.12756992284919, 94.99635072156119, 100.91904124586391, 97.19895178706074, 92.3034979351072, 87.43208554634799, 33.571673578935865, 46.455212715953905, 61.28130256426681, 73.0606812536102, 89.73744894714928, 102.61969620716971, 116.10748409419993, 125.60049257561133, 135.5882650378261, 142.26409583017343, 139.67335490518724, 130.63989252644515, 128.68258199274072, 120.62674989519981, 115.240154839619], [19.83035926566306, 11.353827631237934, 10.765817383235563, 22.102160448201214, 20.380891229435626, 21.711088966165214, 25.081968383366842, 58.75294952200338, 62.69568788831399, 70.28296580220216, 78.92905801512191, 86.59303546574807, 81.57415020254463, 73.51531849181248, 64.32986511993734, 19.801715361666545, 8.995948806951882, 5.242280922683751, 14.359440267771067, 23.546348923976065, 26.39003570124887, 12.634663427035129, 0.0, 8.104078020996894, 18.832463053179126, 57.84145197824319, 64.83905210058232, 71.86055031325722, 82.4827812001697, 93.21873714730202, 93.01321558373749, 82.13233456066725, 72.79133176423869, 65.68893818145227, 58.61364003045718, 33.48879448965819, 39.968364051880194, 46.75488924090545, 52.363322126428855, 62.60164190482605, 68.68104848737542, 73.56991646715274, 75.2972154932176, 72.00163926812913, 60.199826343826494, 54.11384588858686, 48.47107768808502, 77.82853851471272, 75.24710612332764, 74.79276096962724, 81.2826676666309, 83.56474185208428, 90.3009624777226, 97.16758281262915, 98.1881232015928, 96.93263336481522, 93.11723377105835, 87.3555271959535, 83.28432605145909, 79.21646496385024, 79.64862706998993, 83.7271858969069, 88.09146721092273, 94.15695900284612, 90.60707173271985, 86.27410148351795, 82.46846974675512, 44.890255012588035, 57.2070748545604, 69.94661639189331, 79.40265320305095, 94.8020183821104, 105.3364044424859, 117.397043958925, 122.25595940944375, 131.6216159492971, 138.14485581929534, 134.87143554134042, 125.39658801111496, 122.84884395366235, 114.35256690675583, 107.98173584843451], [13.114755331126002, 6.607650924519924, 12.433118045923957, 24.656959817832636, 20.059870976253286, 17.890898020045054, 19.10993807756731, 50.98574013421778, 55.00282643090925, 62.66137885194587, 71.32620051504433, 79.08887385016075, 73.87078538240125, 65.68414186290147, 56.533079520639255, 13.59776915003428, 6.781276125571795, 11.239482644947362, 21.792425363189665, 30.18985414538162, 32.43669147652542, 19.785067375537796, 8.104078020996894, 0.0, 10.825079865670922, 50.53989033420069, 57.59441208590463, 64.6872835143022, 75.58100747418611, 86.38580309325023, 85.99440280886363, 74.9424857583262, 65.38549439433137, 58.16328315305505, 51.03998051450688, 25.42907320421195, 32.342691095877356, 39.74078647782252, 46.370086660382654, 56.603418253315716, 62.28304552607049, 66.63461123890498, 67.98602471235078, 64.29423588429373, 52.306000023748254, 46.02874920600147, 40.53382392461093, 73.80615509103393, 70.34250137746143, 69.22978853617836, 75.0629394126476, 76.84785820620502, 83.36741982080811, 90.15882024615719, 91.47624501377666, 90.53635401564426, 87.26967147128207, 82.1139055092194, 78.63538561441669, 74.4769710947368, 74.18537171952778, 77.61257164190137, 81.50148236012656, 87.34915623628702, 84.12167649170222, 80.26749215947117, 77.10518875950348, 50.858217832959916, 61.21487994713489, 72.12713798827087, 79.88610982200694, 94.48674442753828, 103.59662762356838, 114.65350111852047, 117.19521444316358, 125.67046480765575, 131.86239267976097, 128.26475023367513, 118.68632079317308, 116.08531109302233, 107.87493388405179, 101.8615703917978], [10.353177873803872, 12.553087033606156, 21.206576093830375, 32.36828573711403, 25.867130562006622, 19.876409024396185, 16.57543116733954, 40.75990850257108, 44.62717152558474, 52.19569834690695, 60.92069096189141, 68.95506703546728, 63.540067299854044, 55.25312366893333, 46.25750173255986, 8.75020896280803, 13.315574233886045, 20.916280829717955, 32.039048009246876, 40.032637772723966, 41.96992642541167, 30.263375387869974, 18.832463053179126, 10.825079865670922, 0.0, 40.242122986586786, 47.33872098802785, 54.50889644240209, 65.75980717542032, 76.8028761117898, 76.22369130394326, 64.7990905939156, 54.99407858132119, 47.66574573870459, 40.48419548358421, 14.895974936978714, 23.918277614233055, 32.72944749420987, 41.50806756901387, 51.43609383074811, 56.17044095671805, 59.36909963397893, 59.91907298153496, 55.258555821668615, 42.74511294341998, 35.73295858241434, 29.722592703161595, 71.69627944164625, 66.86821393886977, 64.6233147374543, 69.16287141373384, 69.96657986505743, 75.99505129579292, 82.55321501109803, 84.47439534901868, 84.1662947907582, 81.93600379897381, 77.89440316299908, 75.44913307748811, 71.20637588502244, 69.68735961097192, 71.88798693329815, 74.83531689083907, 80.19197606878316, 77.63575304570483, 74.71706879303873, 72.74160923036445, 59.53158720628688, 68.44625665730109, 77.62392285939018, 83.44087770204472, 97.01972013747452, 104.26541348123098, 113.8314802602164, 112.9515769601102, 119.73842220105855, 125.05996917632312, 120.62911733421953, 110.63708970273382, 107.57540891107136, 99.29860939299323, 93.25870970095598], [45.579465742081396, 52.13394846516632, 60.95275973659966, 70.80070339436011, 63.94245670873173, 55.942740331020296, 48.510785518650984, 22.156996719214703, 18.596130996775326, 19.024308360811652, 27.29265763638702, 37.65432473586516, 33.27439166092144, 27.52595119947164, 24.17075731561146, 39.227104044639304, 49.98873053331721, 57.99779287781498, 69.48306328544321, 77.40173211491962, 79.55967253063942, 69.04731284660308, 57.84145197824319, 50.53989033420069, 40.242122986586786, 0.0, 7.42987878752433, 15.189388878095588, 28.422641741838053, 42.419166591423696, 41.88564284990375, 26.974208182711575, 16.848577916236874, 10.967450518111944, 6.197850844499969, 29.580655530370027, 37.47566755255865, 45.25792031878378, 57.808452069320275, 63.544077962334065, 63.201880138855145, 60.351793575469436, 56.55568196511507, 46.9440840809593, 35.927751374566505, 26.65163562379656, 15.5383338837042, 89.7041799881697, 81.4384207210