{
	"dissimilarities": [[0.0, 7.384195746858494, 14.659794505689126, 22.38603688160513, 16.037105440715198, 9.033278264745809, 5.429181045302598, 40.92594632463944, 46.99846048911063, 56.33865992511321, 64.6353578266573, 72.60642879445489, 64.94071694523652, 56.694189078860276, 48.26852561567578, 19.629529406356358, 18.388022555909842, 19.467916755694283, 25.937171669847665, 31.64620416406715, 30.945414859150784, 21.235510291163642, 14.29045590404404, 9.962812883937652, 12.0954123427297, 47.00715208441102, 55.87087460246903, 64.70911376238821, 73.7148952970533, 81.8676326366556, 78.2588008421016, 71.81443980179728, 63.8704890818104, 55.46903870408179, 47.43353971709513, 17.94198478687695, 25.99970395502512, 35.855347613360564, 37.35623399483081, 44.129832554084736, 52.717571560926444, 57.17496337541439, 58.07989510216319, 55.97954886477234, 46.686173491497506, 36.91941034603565, 35.19850890333745, 57.084807529670876, 55.40276762051994, 56.970612054878444, 61.32919263964336, 64.0162908530864, 67.92567373103954, 77.14209932985281, 82.00179284217842, 81.19362547676447, 79.7035350983669, 74.7665741981821, 68.54910232526059, 57.988989245060885, 59.572809084125915, 64.40056834700903, 66.99348447564964, 76.56692403930445, 75.06277420117785, 70.83616977544895, 67.78142832497612, 49.757740633503104, 56.531106251143726, 65.79299016088939, 75.00530698186827, 86.91916125474248, 97.80596103901361, 109.0286601869896, 108.8736603499529, 117.35585555085183, 120.60990521838823, 114.91581369061848, 107.70662425636738, 103.4715536730886, 99.18927054353804, 95.76154616697909], [7.384195746858494, 0.0, 7.543128440560057, 16.224929014657107, 10.624859506703794, 6.410756437952857, 9.801974916447096, 48.25652615768116, 54.25118133577485, 63.5988412390225, 71.91073202456164, 79.97404515519331, 72.28260132389883, 64.01574730134068, 55.60995158523012, 22.933546009406964, 18.398174836738615, 16.09854474924541, 20.386854663228533, 25.399985474791787, 24.3979329855482, 14.87332035455533, 9.925011345651953, 10.873193888477894, 16.015295175612, 53.49335464884634, 62.50230773917811, 71.48430434225891, 80.65698296211369, 88.9258515457899, 85.42975963742403, 78.85441463639155, 70.78253296499598, 62.37752692143531, 54.26373878402731, 23.64936765439167, 31.041704001082444, 39.73554679192526, 40.22550565218851, 47.19298897523726, 56.49260970746872, 61.664897059059506, 63.48963519008087, 62.08981469543784, 52.54725164656159, 43.72696591060901, 42.00822178495763, 58.21616149563935, 57.63575821679476, 60.08815925213733, 65.28061175172498, 68.67899363357904, 73.19513836566082, 83.06890525524987, 86.95222239446795, 85.40226293478241, 83.1956024834203, 77.39932789624982, 70.31461838526413, 59.37353876464275, 62.43082168202832, 68.26545836052011, 71.54823363986209, 82.28103306410638, 79.61672472936223, 74.61936626301724, 70.68204846605224, 44.77460132231344, 52.46484192896361, 62.910477713768586, 73.30748595876044, 85.77462582232553, 97.88216858934588, 110.09558320231385, 111.86897163942493, 121.87713285441214, 126.04070855184891, 121.13903754513545, 114.24790100237782, 110.36140401615633, 106.16267375347262, 102.50844665933681], [14.659794505689126, 7.543128440560057, 0.0, 9.381982317969479, 6.360088366308757, 9.01666712143905, 15.538004106168012, 55.52883897778226, 61.65670088580497, 70.99830933072542, 79.2935730089272, 87.12698406808416, 79.54080250419455, 71.28185461276632, 62.86014339148806, 29.530696383771147, 23.40627931185685, 18.33570204125506, 18.384464168704866, 20.77202004013538, 18.82178433506013, 12.366560971905892, 12.562635747669278, 17.287385866469723, 23.079836270173345, 61.0123116266805, 70.03271129692247, 78.98932998090928, 88.06520915100654, 96.09697403812274, 92.71927760932708, 86.31170895673081, 78.30619463785588, 69.9148736830244, 61.80488576623361, 30.91484753085923, 37.17974654858613, 44.41340514551315, 43.01786539319317, 49.954754127867396, 60.11604069383789, 65.90607622897562, 68.39545031476833, 67.71506986073676, 58.57984473239564, 50.71825752190393, 49.46861988857774, 58.101910230291125, 59.04883767418035, 62.581789998932805, 68.6023232033073, 72.685154687558, 77.68770770247504, 87.87602567548268, 90.68904910474853, 88.46542660564324, 85.52331986969064, 78.82778433958262, 70.7280527536028, 59.52241645087025, 64.41828895503262, 71.3239302886375, 75.29327828096503, 86.8475177187733, 83.03472559097189, 77.31555349138546, 72.43087347521947, 40.34458494478448, 47.32344660317433, 58.242249260856106, 69.57981512610951, 82.49963457551526, 95.8006008899976, 108.99280448904257, 113.2497060972599, 124.57620233970705, 129.6903932799015, 125.80057546607158, 119.38202827228832, 116.1222252090331, 112.46320954325023, 109.3106758771784], [22.38603688160513, 16.224929014657107, 9.381982317969479, 0.0, 8.194877647835138, 14.901602760145098, 21.64950144689318, 62.31823820504073, 68.78165016649521, 78.04831509762852, 86.23903311231466, 93.31929092275053, 86.12755270240996, 77.9760263686673, 69.52643707859072, 38.84243089887215, 32.64592672874633, 26.646798965550232, 23.10608887801103, 20.82490314823409, 17.23432850965221, 18.27237165885288, 21.50745105031347, 26.58100564404645, 32.17678487665859, 69.36797210582894, 78.20222562355562, 86.85423024657136, 95.39972263575392, 102.6095872350221, 99.42719149390032, 93.67364156646347, 86.05949141061602, 77.75345989659327, 69.78376006975847, 39.47200017820786, 44.44393716497238, 50.0838269686098, 45.58452069687847, 52.18508492442575, 63.48532079764758, 69.70667397834427, 72.38769964930603, 72.40909552991614, 64.68234923278503, 57.70737569678611, 57.39411541402217, 55.77906644329928, 59.105301385142695, 64.06631834298491, 70.88337781427667, 75.56910646385172, 80.80902757558124, 90.61637505307792, 92.27131197664954, 89.56226098982673, 85.89188482327144, 78.2457017196632, 68.81180863882288, 57.49367632486712, 64.96100017746694, 73.0374717761634, 77.65552573103348, 89.31817550676354, 84.47249750732728, 78.16080465675988, 72.22638177632005, 36.92078088534481, 39.54628447190244, 49.64957770697952, 61.65710631086189, 75.09468070148743, 89.70637218667873, 103.9200876281358, 111.86316002846117, 123.90623889839432, 129.89437538631537, 127.2961856195543, 121.54799322351307, 119.31466580949433, 116.81233153739542, 115.2293290930344], [16.037105440715198, 10.624859506703794, 6.360088366308757, 8.194877647835138, 0.0, 7.476659188942611, 14.672067937562513, 55.476482977886924, 62.055450650383, 71.34825783832406, 79.60189712712473, 86.96056421458735, 79.34337540701648, 71.07467938887758, 62.70750034307736, 32.84011021269177, 28.1132838420584, 24.212335376670318, 24.61079025128793, 25.750150089157575, 23.045684865568454, 18.5424852735132, 18.072178175250098, 21.051322755451476, 25.825571508759086, 62.693018954652835, 71.6743994363963, 80.58048563573597, 89.4421804782364, 97.07765812068507, 93.48884504671766, 87.4330902114203, 79.58389556829462, 71.077430005469, 63.017904405208, 32.268001220517405, 36.3296099996864, 41.980022153526335, 38.43412681314295, 45.22794805049467, 56.04867195306405, 62.11906189149902, 64.85489268446005, 64.80861657203069, 56.61374627485563, 50.018118826945226, 50.20268701163316, 51.909219522558494, 53.443728968255535, 57.54392919201436, 63.967798235484125, 68.41896370416578, 73.66486828879184, 84.02117086900184, 85.99897460299663, 83.40542672323177, 80.11843713116481, 73.07220410539584, 64.63360499967338, 53.385842054993695, 59.00556820906736, 66.43499263032615, 70.77296485862352, 82.78846537426958, 78.17853220767948, 72.1051243503276, 66.79876827448777, 43.7637416518771, 46.679669112017876, 54.72046835206974, 64.84212444680418, 77.05085754969099, 89.83020189800045, 102.92150574368615, 107.3690516862704, 119.39868285052029, 125.32107768629952, 122.41397002203603, 116.6903676344917, 114.34297306104376, 112.11503853876627, 110.58218318989474], [9.033278264745809, 6.410756437952857, 9.01666712143905, 14.901602760145098, 7.476659188942611, 0.0, 7.329596408195612, 48.062338669385056, 54.59528548650339, 63.89748145598738, 72.1652355425278, 79.67578470917825, 71.97747015633205, 63.69450190163001, 55.31979447190591, 26.979453572495014, 23.969114290975167, 22.34365360384145, 25.841186338503444, 29.244662941246798, 27.384662257655595, 19.961267961492776, 16.00728931045235, 15.892538779271895, 19.56087448089407, 55.365579364558094, 64.2954193625555, 73.17915224777649, 82.0671006113216, 89.84881685811055, 86.14976249727884, 80.00128701342418, 72.13643953543917, 63.623023199145706, 55.58366952440674, 25.275905688950196, 30.008561853559492, 37.05059785434769, 35.21643690184506, 42.11645305230122, 52.17768046670572, 57.63289686064311, 59.643787997341526, 58.87065413061081, 50.369506407498754, 42.85499074486981, 42.80369052338484, 51.87731527416892, 51.80923459934397, 54.79999149902878, 60.384528116178025, 64.13751206415586, 68.88146962508279, 78.88555645700322, 81.97538833500589, 80.10180092644954, 77.58231911165004, 71.46496666114913, 64.06099207257856, 53.06994902819763, 56.77327842957479, 63.11327357472748, 66.74924579945005, 77.89129922617228, 74.47223528570976, 69.14729388539284, 64.81976992436343, 47.48094268854496, 51.40807753028301, 59.227715237065304, 68.4375717975151, 80.22391535590248, 91.7840502320853, 103.85879781842026, 105.83278181310055, 116.42537810653727, 121.3511037256612, 117.41818038368363, 111.21705329401684, 108.27533270417884, 105.57847497738098, 103.68783435583347], [5.429181045302598, 9.801974916447096, 15.538004106168012, 21.64950144689318, 14.672067937562513, 7.329596408195612, 0.0, 40.843227994694935, 47.433547800261984, 56.707267084952534, 64.9429029251425, 72.35225351303674, 64.72599233349904, 56.480584232348555, 48.07958720009682, 23.903500428762438, 23.467329344843822, 24.322573855114328, 29.831687943443782, 34.31812066033059, 32.968484872057694, 24.646969926618443, 18.626990730539543, 14.950175287153963, 16.29250909159946, 48.963068870563255, 57.686211582183674, 66.36875639889064, 75.04692371918885, 82.68733447086538, 78.92627580225185, 72.9266777952653, 65.22502568285022, 56.7667019849329, 48.84903498923873, 20.107917781363266, 25.388174294101656, 33.753655119130585, 33.1261337144089, 39.840902935702175, 49.12182309317461, 53.78532177306708, 54.75196578585668, 53.1603504970648, 44.90510788274606, 36.28725587737008, 36.21187828371797, 51.78315409252868, 50.515592080073986, 52.515171885062834, 57.17024111965443, 60.12439414641906, 64.1859095918714, 73.43024205475378, 77.66587632912027, 76.64265554669684, 74.92462016723944, 69.75095242544724, 63.27719802120138, 52.697870791225, 54.78477750743811, 60.00539363725905, 62.86708035290819, 72.68119240878629, 70.6007576314793, 66.14045491090285, 62.79166666432991, 51.66187475527674, 55.47557727353367, 62.64078231851875, 70.84254574086172, 82.19605435242028, 92.59852424024879, 103.67116392741892, 103.73737141420699, 112.57671676592786, 116.42128632944478, 111.53114736813875, 104.89972046697385, 101.49476266817233, 98.54637522718703, 96.7393975854487], [40.92594632463944, 48.25652615768116, 55.52883897778226, 62.31823820504073, 55.476482977886924, 48.062338669385056, 40.843227994694935, 0.0, 7.608891767041637, 16.187622643570027, 24.301858255409073, 32.498692349180175, 24.042035308855134, 15.781164269388015, 7.374617264863175, 37.47068120439971, 46.39124568945853, 53.87728126521014, 63.43779203815736, 70.62683228764239, 70.71974136289143, 60.39762490318994, 51.81809987410424, 43.353806695322994, 37.408585510201625, 19.456921215933342, 23.607186758711293, 29.881550521048666, 37.28443516264654, 45.22587063039184, 39.98804227349813, 34.05422742641878, 27.36828713086499, 19.750670841203874, 14.998725239327309, 29.210897182108276, 30.04807051048549, 38.26570104169777, 46.022931846758375, 48.58017916501077, 48.72063065024514, 46.78513726340693, 40.839726099545686, 32.85876010777718, 27.916036206121273, 13.835399594388768, 12.89328454798392, 68.75267553878864, 61.06476840117818, 56.68518354768027, 54.40280926942606, 51.363344149725854, 49.951649427225654, 53.241782966314595, 65.1807420636644, 69.4672271308406, 72.9702663383715, 74.27083985528664, 74.52037514422847, 68.1729374312905, 60.60519459039904, 57.65244365521625, 54.799703848679016, 54.61158392436698, 62.07518421447789, 63.81674684628649, 67.10421330460775, 85.36554571873332, 89.92895907962026, 94.57476299787382, 98.29456146213168, 106.47278671233404, 110.38240884373941, 115.45568939394657, 102.65800713864444, 101.71242463964721, 98.82461891527942, 87.42279267721922, 78.0250129249416, 70.63516759891795, 65.21924614396613, 62.449900326442226], [46.99846048911063, 54.25118133577485, 61.65670088580497, 68.78165016649521, 62.055450650383, 54.59528548650339, 47.433547800261984, 7.608891767041637, 0.0, 9.359533900686454, 17.73005857894948, 27.379542396347205, 18.861578847818677, 11.274832761778109, 5.573588667079048, 41.259142273010596, 50.45624193224032, 58.32713619271553, 68.12794544734216, 75.7306373658587, 76.15478430680973, 65.56307419138138, 56.93126570707879, 48.44118328037672, 42.332585296249846, 15.51774265176714, 17.024620290597557, 22.381607396273978, 29.94699388793289, 38.85012429986284, 33.37946126968663, 26.633432392034884, 19.776668052590257, 12.577577929514927, 10.151488923166395, 34.22359668964612, 35.819957930711674, 44.115261133123425, 53.064443479685394, 55.39148161738406, 54.479844673288596, 51.86106920013792, 45.47892370278365, 36.916124535468384, 32.16276100333002, 19.196138192208792, 15.77588585256489, 76.0617927825459, 67.94529866693121, 63.020522870006005, 60.05383932299445, 56.35064378301896, 54.21926837832828, 56.3759116035868, 69.38654221497055, 74.34483914601384, 78.47335177241257, 80.50276191030181, 81.40764160817022, 75.40777733352333, 67.13458752495974, 63.362829822473785, 59.85873126230933, 58.151315105966894, 66.9932010173022, 69.49790364833225, 73.46226992598965, 90.17749184369484, 96.02776015900659, 101.47689413132167, 105.40971249754017, 113.68401925438604, 117.36403893223535, 121.97153321733353, 107.91327965370394, 105.4572250288209, 101.14621234936851, 88.19788382650415, 77.94322103405781, 69.0717653728213, 61.64679658029417, 56.67586423111627], [56.33865992511321, 63.5988412390225, 70.99830933072542, 78.04831509762852, 71.34825783832406, 63.89748145598738, 56.707267084952534, 16.187622643570027, 9.359533900686454, 0.0, 8.395204098878539, 19.066748432070558, 10.563660500182028, 6.293422746497331, 9.934632717511152, 50.07192163235747, 59.37593921166191, 67.3718545574917, 77.18903514266903, 84.82282093917712, 85.32158211435646, 74.79348268028211, 66.17350681212025, 57.690866967840634, 51.54094525486119, 19.7342559836497, 16.251098681502768, 17.283249674906074, 22.67628393834433, 31.303008518263645, 25.07818503200112, 18.66247862299834, 13.75529566183828, 10.591121092986613, 14.567012182169446, 43.3598410239084, 44.182031809191855, 51.31537782577695, 60.33561794614595, 61.92358076451422, 59.663197318832346, 55.92864162342251, 48.50281028510297, 39.36923660467162, 36.847735610728876, 26.646844978977867, 24.297042889518924, 82.52719568290101, 73.90369113319043, 68.26827367605767, 64.2015851099995, 59.470451201212896, 56.09117718388932, 56.099233048996254, 70.42923843364467, 76.4792255338214, 81.57567337265637, 84.7998335926008, 86.80268517722742, 81.68333081211442, 72.3587448504311, 67.30834155325955, 62.80275359305109, 58.38891478070526, 69.2114313700878, 72.98263235958504, 78.0242033078543, 98.73791349909769, 104.37009973368339, 109.32980269199192, 112.54886060780791, 120.24466675810301, 122.81209049445097, 126.26388036045795, 110.10363981102263, 105.25514318102346, 99.19131420480912, 84.63944881165847, 73.75096029431522, 63.69054329526123, 55.3781471375137, 50.101141033680804], [64.6353578266573, 71.91073202456164, 79.2935730089272, 86.23903311231466, 79.60189712712473, 72.1652355425278, 64.9429029251425, 24.301858255409073, 17.73005857894948, 8.395204098878539, 0.0, 12.321049034962483, 6.320673065212991, 10.50914703415387, 17.462083460255137, 58.238406345290954, 67.5415697371973, 75.55240762109595, 85.29782928683139, 92.8822492396777, 93.427055871591, 83.04665884856539, 74.47348135216171, 66.01886385565693, 59.882478801575616, 26.235006732253776, 20.1134520334681, 16.549179621710376, 17.729729151409785, 25.053894129471793, 18.068216917652663, 13.141272599070799, 12.86871247152426, 15.184964601521502, 21.69073941227846, 51.72301812578702, 52.18347300780631, 58.57021688376445, 67.38730107354868, 68.44949785952805, 65.344765049454, 60.84282891509781, 52.68928337024516, 43.37766243938217, 42.73196442232823, 34.33341282349602, 32.52210538991842, 88.67641362378515, 79.84062196408672, 73.78572013009844, 68.94768403336398, 63.48452418993828, 59.12005811602713, 57.09277484713228, 72.36523878301709, 79.3265943101817, 85.17641830275119, 89.32135730372664, 92.11157545898521, 87.6988513804514, 77.75719345151732, 71.81089892142876, 66.57710579197804, 59.79077436189274, 72.19007192206193, 76.97443612188727, 82.79941317077167, 106.23522116502816, 111.59212453091808, 116.1521536388074, 118.79801176366561, 126.04759414511891, 127.74027653726773, 130.23421785470467, 112.6251005394721, 105.51245383272298, 97.77268614182547, 81.74941607375415, 70.27182054044187, 59.07568990157054, 49.84939191583385, 44.468519049863495], [72.60642879445489, 79.97404515519331, 87.12698406808416, 93.31929092275053, 86.96056421458735, 79.67578470917825, 72.35225351303674, 32.498692349180175, 27.379542396347205, 19.066748432070558, 12.321049034962483, 0.0, 10.799958283879201, 18.428472198635486, 25.367836379062485, 68.52284666647625, 77.48180520682526, 84.97564530909483, 94.05948742120052, 100.86801012366624, 101.15904296090616, 91.76505018558316, 83.48430302333237, 75.181111862758, 69.33992748024428, 38.15924348733236, 32.04579325120959, 26.520686715996135, 21.647110727431087, 20.85018491000473, 14.79035680825706, 18.60139323257962, 23.65956150358231, 27.300665744108898, 33.37131777038737, 61.388977383870476, 61.29734974605611, 66.63946986249805, 73.23828134559281, 73.58313405872744, 70.48266617168035, 65.3205232578041, 55.84804361797582, 46.60509388351991, 49.88785228321821, 43.03661267140179, 42.89609005789562, 91.44543835771005, 83.33851895383712, 77.44237153285897, 71.99524017296704, 65.85114735702082, 60.1193947842043, 54.139902487937455, 70.47105955281783, 78.84883793437076, 85.49345232492522, 90.50606435255435, 93.73220574767971, 90.33190182415345, 80.6445681883025, 74.08371450550003, 68.16769256537705, 57.263395539406204, 71.7731504451387, 77.85449285689198, 84.32141464780531, 112.70600361091196, 115.77298088594534, 118.69536040716625, 119.98298610422184, 126.41384203020357, 126.84072415642689, 128.01536082811515, 110.45454682829401, 99.41736640902955, 89.22385054809186, 71.5032121129093, 59.238827493702225, 47.16218432399659, 38.693472184244925, 38.64105749313902], [64.94071694523652, 72.28260132389883, 79.54080250419455, 86.12755270240996, 79.34337540701648, 71.97747015633205, 64.72599233349904, 24.042035308855134, 18.861578847818677, 10.563660500182028, 6.320673065212991, 10.799958283879201, 0.0, 8.511112922000391, 16.69042299044314, 59.90696017074599, 69.25787894814445, 77.15454934841553, 86.84163938051874, 94.12972530107785, 94.38103722441274, 84.17210891849177, 75.56815974381033, 67.0609853790217, 60.93635510685688, 29.733422311976703, 24.997268896239785, 22.723595361357518, 23.446734072280616, 28.50307464653612, 21.519252187751018, 18.911242648432175, 18.86484650329742, 19.575050997266647, 24.718113467708555, 52.46203071943706, 51.47684251566027, 56.63751056732571, 64.50327637101027, 65.02247811984982, 61.52919309627095, 56.61017196205086, 47.89753120656932, 38.55826222381141, 39.83140807236956, 33.141772616424994, 33.478454629023545, 84.75338948078344, 75.75814784902876, 69.50807055158279, 64.26654923224737, 58.46891404106904, 53.64145400601967, 50.91813253717101, 66.36027054322449, 73.6025356823719, 79.7161100463761, 84.26552996758325, 87.52105576087364, 83.65802216663195, 73.29868209852225, 66.89981263026682, 61.35033182970137, 53.686681299782066, 66.50958678466523, 71.70398042130763, 77.89957415654077, 107.62781176043991, 111.39861481783241, 114.5137015373348, 116.17752914540209, 122.63698779495847, 123.40421018210314, 125.27204978915529, 106.71478772430874, 99.38824002768003, 91.95962446122438, 76.50025009498142, 65.66754059000623, 55.56367442735736, 49.118683335622364, 47.51023597680593], [56.694189078860276, 64.01574730134068, 71.28185461276632, 77.9760263686673, 71.07467938887758, 63.69450190163001, 56.480584232348555, 15.781164269388015, 11.274832761778109, 6.293422746497331, 10.50914703415387, 18.428472198635486, 8.511112922000391, 0.0, 8.52269727602154, 51.83803478149858, 61.20265465618416, 69.09642657035177, 78.8872640878823, 86.23795505484311, 86.42305543076935, 76.01782638491409, 67.34930765593657, 58.80870048904759, 52.65703823918339, 23.869741128174887, 21.711977073713093, 23.11833375530029, 27.457259955491462, 34.42814676757833, 27.900621795671956, 23.10288302606733, 19.290064748022203, 15.964792927810745, 18.47628121716989, 44.079809133267396, 43.08701051190394, 48.795213734303665, 56.962037230652285, 57.969343931825904, 55.207735490321106, 51.02286009336604, 43.04391380299779, 33.78507621840504, 33.05733727012055, 24.814917314654505, 25.305687289881497, 78.32809621899098, 69.39909219375839, 63.48097447655142, 58.979842068295405, 53.91192461719305, 50.15056413385782, 49.858402777062096, 64.25025048089208, 70.47453446744538, 75.80275456793811, 79.420437366399, 81.93802580921451, 77.35450681201344, 67.46249331563881, 61.918778507850156, 57.10364625247086, 52.16891475572221, 63.23634994009229, 67.34905847404814, 72.77455199928407, 100.41061517124604, 104.42683055402577, 107.86875700501352, 110.07083923432597, 116.93242946860556, 118.53992772629155, 121.37998208775838, 104.09280712119124, 99.32953900526026, 93.78622447876565, 79.96733206577504, 69.82726073250653, 60.93333488768941, 55.24133714426733, 53.205112772740804], [48.26852561567578, 55.60995158523012, 62.86014339148806, 69.52643707859072, 62.70750034307736, 55.31979447190591, 48.07958720009682, 7.374617264863175, 5.573588667079048, 9.934632717511152, 17.462083460255137, 25.367836379062485, 16.69042299044314, 8.52269727602154, 0.0, 44.34494851360648, 53.441209212034174, 61.06396765688657, 70.64642079087872, 77.82937885276536, 77.95527816549318, 67.72011439283743, 59.14172825420933, 50.66442825622601, 44.659436625458554, 20.7255375520295, 21.813295626285587, 25.99346973875604, 32.056192247965356, 39.428164814231586, 33.72321924929217, 28.404482337543506, 22.881244983749813, 16.748212752101193, 15.316339769801205, 36.3304370528777, 36.28098197854487, 43.23667110136614, 50.981450699983796, 52.757420294814004, 51.57898067693424, 48.51906418553596, 41.37999102805047, 32.58359800287308, 29.95251353201981, 18.601124721188903, 18.557200716746827, 72.85172277736652, 64.66713356857701, 59.588732307061925, 56.22325574443552, 52.1664554657605, 49.54831972999299, 50.94135759189133, 64.19117040196045, 69.50081606991995, 73.90144908927694, 76.30374598852742, 77.57851386205209, 72.0802552566715, 63.476071252137594, 59.28122221432029, 55.45439763826844, 52.76798515021393, 62.09642281986496, 65.0257880325212, 69.34405500722, 92.0911502450737, 96.2276909665501, 100.23273163967451, 103.17904250013261, 110.75104254785835, 113.57413253955457, 117.58316269799224, 102.9027082838078, 99.93229665171867, 95.68254316009123, 83.08111885115073, 73.24701477820912, 65.14478602626427, 59.57132796488755, 57.30505191229113], [19.629529406356358, 22.933546009406964, 29.530696383771147, 38.84243089887215, 32.84011021269177, 26.979453572495014, 23.903500428762438, 37.47068120439971, 41.259142273010596, 50.07192163235747, 58.238406345290954, 68.52284666647625, 59.90696017074599, 51.83803478149858, 44.34494851360648, 0.0, 10.11804844159792, 19.35798469171554, 31.071913337475333, 40.842846381228675, 41.99826135414486, 28.431713358858836, 19.582478989849832, 12.32345339694499, 7.632652076089741, 35.05780805391342, 44.458513136285674, 54.32690984366832, 65.15771468121268, 75.98176237350529, 71.9524743027355, 63.31590385283662, 54.08560684291715, 45.73925079245598, 37.53356268437926, 10.86698021940709, 23.38648122248343, 36.10175454557487, 45.790261225209626, 52.01484984584362, 56.652940919471654, 59.82422810145724, 60.76762795208061, 57.28978843301117, 44.23524840744367, 33.04636763562623, 26.938682601498883, 71.21298766933171, 65.89176542796218, 64.71070122661966, 67.23484479150703, 68.617021742233, 72.00453061143274, 82.10106155695209, 88.82728958065292, 88.6237873711482, 88.34709067709467, 85.15808023243918, 81.45245565844355, 71.70230369922987, 69.0108478982642, 71.36102449372422, 72.6140536661763, 82.111142304732, 82.38452761539625, 79.27171538094635, 78.13613724303121, 60.64414205216171, 73.70007310317796, 85.16908309916577, 94.5889081951622, 106.033887101212, 115.67129926862722, 125.69000652639849, 119.65683978205482, 127.66764006047234, 129.587352870334, 121.58689293591146, 113.17862128367149, 106.64596438794212, 99.30612003128886, 91.02936514151746], [18.388022555909842, 18.398174836738615, 23.40627931185685, 32.64592672874633, 28.1132838420584, 23.969114290975167, 23.467329344843822, 46.39124568945853, 50.45624193224032, 59.37593921166191, 67.5415697371973, 77.48180520682526, 69.25787894814445, 61.20265465618416, 53.441209212034174, 10.11804844159792, 0.0, 9.451484915934161, 21.346479065658606, 31.538089099894137, 33.05270346797836, 19.23515245463612, 11.400399579737455, 8.530969996029818, 10.613114133138636, 44.55644266785823, 53.723148035334326, 63.2709832526248, 73.75622105489629, 84.13087321192984, 80.5707945942912, 72.26085961644877, 63.28962704833545, 55.17617239204664, 47.082036668362875, 19.126506619363848, 30.697331520554616, 42.23831101511392, 49.64146760962232, 56.35298953904658, 62.53790979378101, 66.63569846188624, 68.29323929856113, 65.50625130144405, 52.874998284500116, 42.282482440892245, 36.68801456447837, 72.876499898563, 69.26742434825766, 69.41259387353614, 73.06267274515199, 75.30380236994446, 79.28306997000547, 89.62407910921834, 95.42923313656331, 94.57932884983057, 93.47595550892672, 89.15671540197432, 84.08362442076833, 73.69081904808537, 73.20028381807218, 76.95593419328797, 79.05319676939352, 89.38990803414694, 88.54613507197685, 84.5751180216548, 82.28077621837812, 52.075039638665125, 67.1397688725117, 80.58518312032848, 91.61859616525739, 104.09022709512321, 115.49247747645907, 126.8435781633961, 124.11380572181348, 133.25973430095405, 135.86679469627143, 128.57100578077893, 120.29340092902304, 114.07927075660653, 106.59140758770116, 98.17920444843831], [19.467916755694283, 16.09854474924541, 18.33570204125506, 26.646798965550232, 24.212335376670318, 22.34365360384145, 24.322573855114328, 53.87728126521014, 58.32713619271553, 67.3718545574917, 75.55240762109595, 84.97564530909483, 77.15454934841553, 69.09642657035177, 61.06396765688657, 19.35798469171554, 9.451484915934161, 0.0, 11.967240979161655, 22.289383767310678, 24.043123071332182, 10.46126768498775, 6.432761678880152, 11.78353565487261, 17.441702911306, 53.338830585021924, 62.32472995370182, 71.53911473778749, 81.54339791057374, 91.24051501734544, 88.07455879065242, 80.2798350491119, 71.64929228305245, 63.66741201520544, 55.640509331114515, 26.976974827482906, 37.70109255377646, 48.17826271277429, 53.03843048442796, 60.00219241709987, 67.6064911365079, 72.39395821842805, 74.42658577867749, 72.19592652735945, 60.33830573575904, 50.12124075920242, 45.15595227328639, 73.49509048494247, 71.70978377607622, 73.13507479959438, 77.72324400538429, 80.65201620254753, 85.02123573469744, 95.28019259984889, 100.26376316720028, 98.94163550691458, 97.13259635253962, 91.8236033414492, 85.45198706705752, 74.60007240961309, 76.29558215529913, 81.28497165868863, 84.07933700514482, 94.82496621256678, 93.07980415462423, 88.43516165299941, 85.11080168102899, 43.45211104022507, 59.75006619157024, 74.81033824697805, 87.22565657731322, 100.60296154703862, 113.60119706759856, 126.12266091950283, 126.81313248375879, 136.6925998000007, 139.87606824670513, 133.33533771465076, 125.27488628745688, 119.54370858437835, 112.28034558586066, 104.38294207211538], [25.937171669847665, 20.386854663228533, 18.384464168704866, 23.10608887801103, 24.61079025128793, 25.841186338503444, 29.831687943443782, 63.43779203815736, 68.12794544734216, 77.18903514266903, 85.29782928683139, 94.05948742120052, 86.84163938051874, 78.8872640878823, 70.64642079087872, 31.071913337475333, 21.346479065658606, 11.967240979161655, 0.0, 10.774671510360436, 13.518275460708807, 6.820707781576703, 13.833244375379879, 21.78072507653513, 28.17477524089529, 64.0839235913774, 72.76024485853011, 81.4793634864304, 90.81057954810078, 99.61159106205702, 96.99203586480093, 89.87387362676472, 81.73134712629556, 74.00381043758155, 66.14789079169138, 37.81923377699744, 48.03076517953864, 57.608410829220425, 59.783562277196175, 66.81555612517694, 75.7834286535146, 81.0987922928899, 83.24129767644983, 81.41762732071167, 70.58603451843503, 60.457457075953634, 55.873032178665746, 76.47696302650654, 76.95067513513897, 79.76097153050466, 85.20201482587592, 88.70899169535406, 93.290887825716, 103.05552094891058, 107.33221329309855, 105.68963901012353, 103.21570014297816, 96.91687531592953, 89.09305347939599, 77.89782435551277, 82.12636001760882, 88.32142262767864, 91.73001865230704, 102.41334782015365, 99.98319741560732, 94.78660620367177, 90.42355630130037, 32.26540316947838, 50.82548193645291, 68.4823329289992, 82.79836996720292, 97.42117557905908, 112.46797788519675, 126.35308970601977, 131.47463486848798, 141.65428016074796, 145.1752994542006, 139.30462985272771, 131.3736903351505, 126.07230666824432, 118.86768028678972, 111.48181614928345], [31.64620416406715, 25.399985474791787, 20.77202004013538, 20.82490314823409, 25.750150089157575, 29.244662941246798, 34.31812066033059, 70.62683228764239, 75.7306373658587, 84.82282093917712, 92.8822492396777, 100.86801012366624, 94.12972530107785, 86.23795505484311, 77.82937885276536, 40.842846381228675, 31.538089099894137, 22.289383767310678, 10.774671510360436, 0.0, 4.456254627560348, 13.69901726584458, 22.309086867025773, 30.28446016716393, 36.87024531852042, 73.09215935753684, 81.59071219742039, 89.94126888775322, 98.62946519572141, 106.46535819150517, 104.17286663338767, 97.80449282354374, 90.11863087260812, 82.47802192846366, 74.71882831554622, 46.30105965548033, 55.65536177822415, 64.24684020774939, 63.76249791626488, 70.68160400668695, 80.82248702413784, 86.54003091597222, 88.71323317828553, 87.36800258343119, 77.76415258957888, 68.02675568980028, 64.26127678301764, 76.56582553228597, 79.14567543324465, 83.20428966964138, 89.34917178979228, 93.35314440751303, 98.0862803164109, 107.32127955646662, 110.77184280761898, 108.83358604460113, 105.76310187374956, 98.62422376282841, 89.54996694262418, 78.23936319503748, 84.74958151401759, 91.97740642792904, 95.92329091284168, 106.46960486011665, 103.3255867544974, 97.6693343806394, 92.39705373331647, 22.946732755168192, 41.317809673754375, 60.544564644852024, 76.19163873074332, 91.67476225287426, 108.30566483092637, 123.25011999096355, 132.40185523555317, 142.81838918106814, 146.83323316212923, 141.91995389023845, 134.4030504822455, 129.8891177565094, 123.45971984815479, 117.45977200928638], [30.945414859150784, 24.3979329855482, 18.82178433506013, 17.23432850965221, 23.045684865568454, 27.384662257655595, 32.968484872057694, 70.71974136289143, 76.15478430680973, 85.32158211435646, 93.427055871591, 101.15904296090616, 94.38103722441274, 86.42305543076935, 77.95527816549318, 41.99826135414486, 33.05270346797836, 24.043123071332182, 13.518275460708807, 4.456254627560348, 0.0, 14.398267610062016, 22.875305063070545, 30.745651283227975, 37.36497447543507, 74.25881289979569, 82.85012384094395, 91.25367914967413, 99.86571859805937, 107.47151633688874, 105.05364074570481, 98.88326898756175, 91.23985221198316, 83.45180965690041, 75.62418665282914, 46.56116333805385, 55.07061204756066, 62.982809327971175, 61.40685705049608, 68.24615889729868, 78.77942670050106, 84.69092524714894, 87.02757803783686, 86.04298489957229, 76.91042702819782, 67.75084065319732, 64.71097735240701, 72.97663704584964, 76.10411138377975, 80.56432078891683, 86.98353894637887, 91.23150954414294, 96.12161552112946, 105.43171399418895, 108.35143933225453, 106.16776601417136, 102.83974758478163, 95.41787692722924, 86.02884670897483, 74.7135039387041, 81.84919163558017, 89.4451242815821, 93.63918348315445, 104.45115314334645, 100.80184413923502, 94.90339936031641, 89.3111176984315, 23.421314218859447, 38.44209742035982, 56.6512320931966, 72.10132003967789, 87.44078196233636, 104.12247656049796, 119.20910969528569, 129.00871407314767, 139.89933617296774, 144.44272591716236, 140.18744547024912, 133.09495374426078, 129.16323646280742, 123.6092478204306, 118.6566298404917], [21.235510291163642, 14.87332035455533, 12.366560971905892, 18.27237165885288, 18.5424852735132, 19.961267961492776, 24.646969926618443, 60.39762490318994, 65.56307419138138, 74.79348268028211, 83.04665884856539, 91.76505018558316, 84.17210891849177, 76.01782638491409, 67.72011439283743, 28.431713358858836, 19.23515245463612, 10.46126768498775, 6.820707781576703, 13.69901726584458, 14.398267610062016, 0.0, 9.217259115621408, 17.807372191734384, 24.479776904436875, 62.218309853073706, 71.21218703950633, 80.26151572432221, 89.80676591341083, 98.68899897009975, 95.65080401880954, 88.49873534307194, 80.17239498421958, 72.0802051255055, 64.00196104560563, 33.946205238351766, 42.86572445325134, 51.6715564123594, 53.32022808266109, 60.35187409622063, 69.46774554604715, 75.0166935922152, 77.56257376831745, 76.21381692482007, 65.47698065981669, 56.317056045415235, 52.7890275151401, 70.17525596649894, 70.40130248914423, 73.26724053709884, 78.89783042190847, 82.65285264628508, 87.52751156275127, 97.86471763708069, 101.54767312323689, 99.54332948103756, 96.87339117775255, 90.46669096114151, 82.74973964071681, 71.57314646000371, 75.64805833403007, 82.01300952330352, 85.64485774213627, 97.07891909313604, 93.99937493539419, 88.53564793514848, 84.04136122783324, 36.17491558745779, 50.94271850564882, 66.21541008878518, 79.44534126075082, 93.28880504372954, 107.5586177898969, 121.14042392257775, 125.23862683736338, 136.3117260317258, 140.61233365351364, 135.48323635350621, 128.1297815128449, 123.5045553336811, 117.52720442536416, 111.37076194964222], [14.29045590404404, 9.925011345651953, 12.562635747669278, 21.50745105031347, 18.072178175250098, 16.00728931045235, 18.626990730539543, 51.81809987410424, 56.93126570707879, 66.17350681212025, 74.47348135216171, 83.48430302333237, 75.56815974381033, 67.34930765593657, 59.14172825420933, 19.582478989849832, 11.400399579737455, 6.432761678880152, 13.833244375379879, 22.309086867025773, 22.875305063070545, 9.217259115621408, 0.0, 8.68081416870682, 15.306772759149498, 53.44500793262303, 62.59502341828606, 71.87680312510356, 81.71022812907165, 90.99183163350048, 87.60639028352662, 80.17012761443557, 71.63220378171319, 63.370620224729784, 55.1970600148961, 24.77380549388816, 34.21419638700647, 43.96055646551256, 47.392200044374285, 54.39913617326439, 62.61607382321902, 67.67068251027372, 69.85805540736361, 68.07698916003369, 56.85892341798858, 47.384023232547776, 43.742952647143895, 67.12410113997637, 65.68788721733269, 67.49611304768018, 72.39962281596829, 75.61306426250839, 80.1818212871303, 90.5808002710119, 94.9726505537544, 93.40303236186222, 91.34866046376197, 85.78148241829759, 79.15736863788104, 68.25739483760353, 70.4128777811495, 75.7928935309868, 78.8658774066018, 89.96208100342197, 87.63807492655155, 82.73286286229792, 79.10892768297386, 43.740195701716935, 56.814712041539686, 70.10229456977574, 81.76807454150689, 94.71246490100624, 107.35340141672076, 119.7938237909778, 120.72319213716914, 131.0532094119945, 134.85003587489345, 129.10179801141268, 121.59274681248802, 116.65809856122812, 110.70598918075231, 104.48586694186345], [9.962812883937652, 10.873193888477894, 17.287385866469723, 26.58100564404645, 21.051322755451476, 15.892538779271895, 14.950175287153963, 43.353806695322994, 48.44118328037672, 57.690866967840634, 66.01886385565693, 75.181111862758, 67.0609853790217, 58.80870048904759, 50.66442825622601, 12.32345339694499, 8.530969996029818, 11.78353565487261, 21.78072507653513, 30.28446016716393, 30.745651283227975, 17.807372191734384, 8.68081416870682, 0.0, 6.703728138104197, 45.17293459959839, 54.40273492715197, 63.79770971618427, 73.75072244642527, 83.22970996972346, 79.56123771480715, 72.00315734551727, 63.375390260590315, 54.97948623286265, 46.74896670539688, 16.188874062336453, 26.754791300874032, 37.79805277213273, 42.909549667890516, 49.73628705543868, 56.98608236624165, 61.35827093938985, 62.87082843136675, 60.48149607611642, 49.05518395610546, 38.88890555295659, 35.07689763619228, 64.96802777032319, 62.07294245813643, 62.820014062039014, 66.85531953251153, 69.38029290081053, 73.45366666776138, 83.55189741054284, 88.81645966907011, 87.86289517612691, 86.52069849923443, 81.87508624371473, 76.31955090989177, 65.8250343258879, 66.16169929602287, 70.44270836615142, 72.83272466229683, 83.13733236654112, 81.82402045892599, 77.6385290426365, 74.96397340673285, 50.49123482481289, 61.95421312766428, 73.54469578882383, 83.77721041948162, 95.93030158662859, 107.069298780306, 118.37676391102814, 116.61812959268228, 125.77001368143881, 128.84824987601488, 122.39283933638289, 114.6720365401619, 109.41541071087855, 103.48336810535287, 97.38487431068528], [12.0954123427297, 16.015295175612, 23.079836270173345, 32.17678487665859, 25.825571508759086, 19.56087448089407, 16.29250909159946, 37.408585510201625, 42.332585296249846, 51.54094525486119, 59.882478801575616, 69.33992748024428, 60.93635510685688, 52.65703823918339, 44.659436625458554, 7.632652076089741, 10.613114133138636, 17.441702911306, 28.17477524089529, 36.87024531852042, 37.36497447543507, 24.479776904436875, 15.306772759149498, 6.703728138104197, 0.0, 38.8400106381533, 48.18919066861717, 57.776379073230146, 67.97641250802474, 77.81807830529965, 73.85123641198173, 66.02528838490048, 57.214175778209935, 48.68534385739427, 40.38642938273549, 9.652132950731977, 21.595196388075635, 33.78170187919597, 40.832412208647696, 47.35610392247936, 53.44788003715109, 57.17334481362408, 58.20422430049872, 55.28320844007506, 43.40341105128329, 32.687459969081935, 28.5277617503292, 64.79723517470526, 60.547053176499425, 60.269881483550314, 63.484384332493306, 65.38875758477754, 69.05894720484544, 79.05131141873152, 85.03785168802422, 84.54791297812444, 83.81093165634923, 79.99042610635496, 75.45839805244157, 65.41262899024377, 64.04807272662569, 67.28749858969603, 69.06219521710901, 78.82342111199706, 78.34010145147842, 74.76864638225226, 72.95371082058966, 56.55015661119224, 67.311644021404, 77.78980271677266, 86.97393969537453, 98.43203624376355, 108.35039730973621, 118.724683556852, 114.51649217321359, 122.88410961053106, 125.42852941737118, 118.37329327164308, 110.48175907569254, 104.88988983000344, 98.87840099813744, 92.62583482651175], [47.00715208441102, 53.49335464884634, 61.0123116266805, 69.36797210582894, 62.693018954652835, 55.365579364558094, 48.963068870563255, 19.456921215933342, 15.51774265176714, 19.7342559836497, 26.235006732253776, 38.15924348733236, 29.733422311976703, 23.869741128174887, 20.7255375520295, 35.05780805391342, 44.55644266785823, 53.338830585021924, 64.0839235913774, 73.09215935753684, 74.25881289979569, 62.218309853073706, 53.44500793262303, 45.17293459959839, 38.8400106381533, 0.0, 9.682805313777768, 20.14691600172446, 31.958641659741218, 44.659420582622815, 39.57331530546271, 29.436732775221742, 19.521766167529847, 11.50751859569977, 5.5337833105278875, 31.408601274207804, 35.615442318730075, 45.76913137770527, 58.299806337978694, 61.56239789529372, 60.356595933796044, 58.63883172562347, 54.5145253240413, 46.86816143914393, 37.21055180097582, 24.187002419813826, 14.767752493468395, 84.37765524861693, 75.6285396137783, 70