{
	"dissimilarities": [[0.0, 8.646805339427162, 15.749762952865543, 24.023367574015207, 17.51883065546722, 10.365435726285122, 6.419031342991947, 41.02358011712366, 46.94464750884885, 55.37358300144303, 63.57223432264923, 70.19815854889913, 63.866389104755626, 55.763172513675975, 47.336161749530405, 19.734790209131205, 19.073416580893443, 22.265669965438097, 28.514723189364226, 34.6969228843026, 34.437594425246694, 24.374597666798955, 17.688344520989467, 12.734162400292727, 12.75869917122204, 46.53361395881718, 54.40382432855519, 62.1640846346815, 72.06495778266878, 79.34113860678795, 77.17755123314552, 69.91338560318444, 60.978118250545336, 53.795818940955556, 45.947272679506824, 18.25648270859502, 23.399416995256523, 32.26187248120756, 36.15117520752367, 44.57457561413584, 53.73601728243814, 57.77999091261151, 57.922479458825144, 53.84227453383461, 44.74860074950069, 36.58499324701299, 34.6470183408518, 63.0540249728527, 60.5579720496125, 60.63716319998655, 64.82485057252859, 67.17835363125201, 72.7814906414516, 77.45932628320034, 80.02857546693612, 79.15778922171388, 76.69336715134388, 71.7280943957579, 68.4339470910044, 63.15244592188958, 65.07142892401578, 68.08891003560846, 71.58122106323063, 75.66633616399356, 73.72605685012954, 70.19295009548651, 66.96681637991065, 54.495124832114044, 56.31619779992219, 66.38735441544083, 74.19614247498167, 87.03956834545352, 95.9246029736668, 107.37681793209029, 106.97532123064808, 117.1352713450247, 118.94333611057286, 110.74569275982526, 102.75640716929335, 101.01296382075785, 96.45954248383099, 94.38428641137986], [8.646805339427162, 0.0, 7.753708428946366, 17.84759553494176, 12.511912539553414, 9.585304745076497, 12.030288839208353, 49.49743272684589, 55.281165220876055, 63.541378031924644, 71.83033379746556, 78.68614055363305, 72.3361915361469, 64.21292688545385, 55.825132054456816, 21.624546851861314, 16.86987005036005, 16.695836389141036, 21.2771182558964, 27.578053541686714, 27.295052211715003, 16.391930675691775, 11.048199362240979, 10.67551325721855, 16.044160511288588, 53.50107567079312, 61.547740077298585, 69.5034470797347, 79.6952129932233, 87.26038173354871, 85.23924889578915, 77.72434996525111, 68.60355252273219, 61.37727409120829, 53.37115999640062, 24.48495540707316, 29.51416825431823, 37.20590678525476, 40.23481908642929, 48.715493741243165, 58.30445309214456, 63.104367217622546, 64.45839117965721, 61.30797500128396, 51.70437376769722, 44.28531788839175, 42.11764912211235, 65.54836497848949, 63.84473134595138, 64.68795068917969, 69.72951904679734, 72.84479454680249, 79.16800017842002, 84.35582949618008, 86.22953515596222, 84.63091420470434, 81.41596222491722, 75.48859721955827, 71.55927390085398, 66.22906189843872, 69.06925199728347, 72.93421323543178, 77.22532540837358, 82.06065883758532, 79.39620430611188, 75.08919549807466, 70.93292777847654, 48.98848929652094, 52.28408229523465, 64.03338030258924, 73.38846410272372, 86.6729947578008, 96.97804009300434, 109.58558519265712, 111.29718716120475, 123.13367550316694, 125.94231035564995, 118.6119073483355, 110.95308124677705, 109.42694831756955, 104.73769395167098, 102.05333929494817], [15.749762952865543, 7.753708428946366, 0.0, 10.968250156009258, 8.521767942995044, 11.916365978212822, 17.303316833149445, 56.75124367840591, 62.681951352700914, 71.05328302167722, 79.276522146233, 85.85999551106522, 79.59936823613111, 71.48706142086785, 63.05675884919783, 28.410681767237282, 21.84369785706836, 18.15369390531822, 18.092988700447307, 22.25866922365363, 21.177432565275094, 12.733050180792072, 12.664497942176864, 16.77171457315622, 23.47970562180978, 61.23887119132789, 69.2591505793146, 77.14554941665669, 87.14875748220906, 94.47518078760801, 92.54947726573401, 85.26948391052704, 76.26558996352226, 69.07448614301764, 61.101379156393264, 32.09984200062357, 36.1900915596876, 42.50378104519354, 43.410230167973744, 51.818501121616414, 62.23302140353948, 67.69515383543987, 69.5382384578971, 67.17572211169305, 58.143638615095334, 51.45769269881651, 49.81032172029609, 65.77169308592514, 65.2819317096567, 67.13045068268971, 73.00307773557996, 76.77629292244906, 83.455042925232, 88.80438268079604, 90.09744534588225, 87.93448093117613, 84.01977465209904, 77.18793774334856, 72.46189442612317, 67.17485954309278, 71.1913219535035, 75.94169287617574, 80.8919679513956, 86.18358967875302, 83.00720131953788, 78.05742791790775, 72.94509231082445, 44.006826842311604, 46.50010157792796, 58.876875327750994, 69.31414076266564, 82.9305828466358, 94.55981328602354, 108.14822485581517, 112.60305046978058, 125.60071534460023, 129.3686923889093, 123.21102653698638, 116.06786185923511, 115.09991222763985, 110.88841761528033, 108.69030842318674], [24.023367574015207, 17.84759553494176, 10.968250156009258, 0.0, 9.24062058963764, 17.23904845283687, 23.34759241947106, 63.697754227719436, 69.97855435035947, 78.67225726136597, 86.61175531883167, 92.31784647708832, 86.33143326358217, 78.33815455618942, 69.86244700944393, 39.21295750779714, 32.61440220187189, 27.519946139360247, 22.797433587838196, 21.4138001186922, 18.232961341541117, 18.84214676808919, 22.885789755670025, 27.65301052639488, 33.88717979546668, 70.48192393659048, 78.27773113006182, 85.81045120946298, 95.07709240289064, 101.54272982019086, 99.69490573100677, 93.22824500943739, 84.69977046277741, 77.65202944929989, 69.91935453785571, 41.57145504637569, 44.187193631763456, 48.86238275403347, 46.12402162327402, 54.2442845763202, 66.0026476031258, 72.07602727884712, 73.6539904299149, 72.06587535589574, 64.86120892136375, 59.02571999786162, 58.569847005784524, 63.132951144169596, 64.68128207521923, 68.01845405596546, 74.80361952824065, 79.19451123785522, 85.80799403348918, 90.88723137104965, 91.63622760045406, 89.03027978369184, 84.37809348041797, 76.58125540278819, 70.70127579296275, 65.60283781147196, 71.3455174362634, 77.16257351712373, 82.68472975129495, 88.11850247689723, 84.6232086601934, 79.10970604144015, 72.86180394079415, 39.75312658386464, 36.96275455137975, 48.4187424871246, 59.64379271238885, 73.68546694841086, 86.91243450381202, 101.48066437956979, 110.1576349104804, 123.77636984983722, 128.5911801888246, 124.21766014611886, 117.92666915925938, 118.00728842236067, 115.05980876918618, 114.65705530690566], [17.51883065546722, 12.511912539553414, 8.521767942995044, 9.24062058963764, 0.0, 8.724580052870513, 15.776923730144006, 56.57129233198352, 63.09408114305284, 71.83149896875463, 79.84399577049348, 85.77183306176003, 79.36267683031448, 71.13373912120385, 62.75440631384277, 33.58611711608633, 28.723559813064625, 26.463811423230517, 26.066551430640263, 28.135478833846655, 25.877282615381972, 20.79540819303812, 20.630851097578017, 22.750100286910495, 27.526863356622925, 63.70912492994483, 71.68236418870094, 79.50165715190181, 89.23657101872533, 96.02191792324012, 93.79190430324398, 86.93910318761962, 78.08823612505036, 70.85154958219087, 62.9805763512066, 33.99694864337653, 35.386167637719765, 39.63556429047211, 37.59254650758576, 45.85125401991581, 57.19694126756151, 63.140880775923335, 65.01345563120441, 63.603826121770574, 55.94374765400686, 50.69221031979725, 51.08410509029297, 57.65605076533072, 57.831473720743844, 60.363008379040735, 66.77047477519463, 70.9922327648351, 77.83010419947776, 83.28546396727872, 84.01978494095032, 81.45158133340881, 77.08821248083083, 69.77688878081884, 64.61927536138217, 59.37944165470956, 64.09248677956812, 69.41060485805927, 74.77626463134459, 80.36128947683781, 76.81100405656487, 71.45388848696544, 65.74722453103303, 48.07938068446474, 45.15101383420635, 53.906438672445745, 62.67533765464035, 75.53521133961662, 86.40492052750459, 99.95291153515137, 104.75310184686143, 118.6328108505242, 123.44234656600287, 118.60079491236596, 112.45605056775621, 112.75085330730208, 110.36866964578955, 110.34010258276821], [10.365435726285122, 9.585304745076497, 11.916365978212822, 17.23904845283687, 8.724580052870513, 0.0, 7.435767442814829, 48.02606948942547, 54.59123108679522, 63.322124632089604, 71.35427694215612, 77.42556177810216, 70.86232922686692, 62.56651204574683, 54.22188329749867, 27.857896186717202, 25.39311760778879, 26.174967680435905, 29.370711096904444, 33.558984043291495, 32.08675785344986, 24.141633374189766, 20.245467049718414, 18.71743504986741, 21.01598239787039, 55.480463068171275, 63.4340321663889, 71.28506418040124, 81.13575076200001, 88.04428147097347, 85.63307825109224, 78.63122116932658, 69.70471032584372, 62.430067815294805, 54.574594229063486, 25.91891413442247, 27.08949682057708, 32.35169972680128, 32.162108421003346, 40.68249491137373, 51.35603360483716, 56.64289799220758, 57.91548418012307, 55.75588344153599, 47.71955078467296, 42.00712900163236, 42.54454987818398, 56.03949596239596, 54.72110532931591, 56.08578969915078, 61.587586833126466, 65.10389578184908, 71.58082144675114, 76.89370022764211, 78.2402194709094, 76.2839522398106, 72.69256099564822, 66.40889664904748, 62.18247699291907, 56.86606441597534, 60.19713974191759, 64.52701693771024, 69.18049328302655, 74.29187502072169, 71.28328330356284, 66.62093595493756, 61.98766022910932, 53.6903858303664, 51.60027401420002, 59.494132614381144, 66.76468123160228, 79.08422491558396, 88.18225665308768, 100.48186148489657, 101.92640167855312, 114.54812650909652, 118.38429750248818, 112.36386201343474, 105.78486796652598, 105.68251770732174, 103.13228656367048, 103.02726253271302], [6.419031342991947, 12.030288839208353, 17.303316833149445, 23.34759241947106, 15.776923730144006, 7.435767442814829, 0.0, 40.804438352937154, 47.329040051320405, 56.10463323687798, 64.08178748373595, 70.07801069956489, 63.619537140383386, 55.40321666937822, 47.00397605376901, 25.147071639713396, 25.016704119937103, 27.802863639622974, 32.76087559401795, 37.66574960362848, 36.660875101494526, 28.181813353987852, 22.607497483564366, 18.425543592821896, 17.844168616378095, 48.97855342800215, 56.72116258882303, 64.34991737817431, 73.92979220105818, 80.6736684058516, 78.25441827839505, 71.4215725003404, 62.682906231589016, 55.50656135277427, 47.82419151958478, 20.713339219894504, 22.532301752494813, 29.490252202531412, 30.91459963610234, 39.41422026105495, 49.440153613953285, 53.851515484397254, 53.87575349939025, 50.502460909544126, 42.65533676559214, 35.807141158648605, 36.03390231275028, 56.76888102052565, 54.59865073266564, 55.07773882292621, 59.611688423021775, 62.25915438832502, 67.96092255180076, 72.70774256544094, 74.91128136714146, 73.7895940420693, 71.04221802513096, 65.80377120928878, 62.26332216038929, 56.99246774893259, 59.30165479989052, 62.672464569434155, 66.43043026318034, 70.70318108268805, 68.52442889912608, 64.72971526041489, 61.14075375575474, 56.87924107731743, 55.312145153147426, 62.97404771617746, 69.47313794998713, 81.70550337847675, 89.86990661788006, 101.15045007919532, 100.79146175159343, 111.48829362429913, 114.0390281741977, 106.82228039810583, 99.60811344811657, 98.91160963331124, 95.91269582318263, 95.72782872153451], [41.02358011712366, 49.49743272684589, 56.75124367840591, 63.697754227719436, 56.57129233198352, 48.02606948942547, 40.804438352937154, 0.0, 7.525476717387477, 16.45708149036241, 23.72819625472996, 29.93550519340542, 22.940407059719774, 14.75451584112376, 6.336435246356266, 41.393646242506016, 49.840175609656, 57.84805694617544, 66.968582686245, 73.71837117414434, 73.95322960397026, 64.05238113203063, 55.64634952003772, 47.261315043182506, 39.08388636725715, 21.470113882300883, 24.722522468282197, 29.586358350826025, 37.247406915143, 43.26427254064669, 39.63278270694333, 33.2644462035436, 25.971472319080444, 20.322074907103975, 16.936229930077417, 29.573025392862007, 29.432105959826323, 36.03057293083342, 44.49816890886017, 48.11006929645279, 49.67432006479021, 47.43346356250723, 40.59356616314025, 29.803802713556134, 25.841216547686102, 15.242870796238684, 15.175312879256529, 71.26055462094573, 64.52235689676249, 59.83757047654803, 57.72966466081387, 54.66840574624409, 54.90960441994085, 56.00871583842212, 62.922583002757236, 66.69517516458382, 69.33828009653273, 70.87409737616319, 72.11715800699889, 68.15084354433819, 64.0093655944693, 61.09653412712378, 58.91999676640227, 57.744313820838855, 60.670071569731434, 62.62470688576225, 65.79864881965293, 89.78456645456811, 89.72514484083125, 94.75036561506755, 96.73986400484004, 106.4682205300153, 108.33096897773895, 113.53465711981632, 100.1943125328737, 100.94481547737875, 96.39472423206306, 81.70196942512374, 71.16649782053544, 66.74562754710489, 61.785326476936866, 61.56023569794455], [46.94464750884885, 55.281165220876055, 62.681951352700914, 69.97855435035947, 63.09408114305284, 54.59123108679522, 47.329040051320405, 7.525476717387477, 0.0, 9.116850640156281, 16.764246115638304, 24.132386450944836, 17.506822777838188, 10.46765574918286, 5.277912226172296, 45.20106911371196, 53.990055828656686, 62.19376091837169, 71.63634254781532, 78.66144945136398, 79.20118298713986, 69.11946009473537, 60.58670443588445, 52.14939339287628, 43.88531079477848, 18.339580096539887, 19.153481993703103, 22.619081483271774, 29.783749565581328, 36.16282350182223, 32.47975140639404, 25.74291837623114, 18.829450135012255, 14.15229455807637, 13.614506453289925, 34.620749308895675, 35.63818022099284, 42.491233816586984, 51.75202146047757, 55.05585349706033, 55.640227791415676, 52.67759492024033, 45.518160293291565, 34.26915919123358, 30.67617866606056, 20.691786176644563, 17.953742196073385, 78.36118345076747, 71.38400763125782, 66.31887806793596, 63.56625377795064, 59.88338805077577, 59.329767226847316, 59.72956913164729, 67.26424119086836, 71.68361786650695, 74.98461927649979, 77.23088160037754, 78.88875489795963, 75.07263514413856, 70.443625864815, 66.92143275934818, 64.05403389747599, 62.09382889586357, 65.71061648429105, 68.36107200525542, 72.20210119132648, 94.1780868360302, 95.43762467058049, 101.19376605167662, 103.4290744716118, 113.29335921953171, 115.06086964035308, 119.77698443097931, 105.47198296095387, 104.47957615598979, 98.39511317387763, 82.04794195682491, 70.44859785413317, 64.35189722133471, 57.397158926827764, 55.255650130811], [55.37358300144303, 63.541378031924644, 71.05328302167722, 78.67225726136597, 71.83149896875463, 63.322124632089604, 56.10463323687798, 16.45708149036241, 9.116850640156281, 0.0, 8.570470130541963, 18.18738384386369, 12.30563537526348, 9.487679651032964, 12.09660055803303, 51.68573106333141, 60.81419140663123, 69.28078818092985, 79.10336710631144, 86.45337467366292, 87.23950506063667, 76.83810233282081, 68.12711947087448, 59.6219134043934, 51.26701307576912, 18.825586681139473, 15.513055885077476, 15.810835673596065, 21.899015870750585, 28.855996847428063, 24.71830612013083, 17.112377345676812, 11.20183843059705, 9.9357022465399, 14.901683833041453, 42.05845972620141, 43.33789847056478, 49.7850818266768, 59.776435667357326, 62.48007615201317, 61.6624205112022, 57.78781903875629, 50.396868239460446, 39.01241199054266, 36.03597351725538, 27.596185144856182, 24.148452577860382, 86.09829642060554, 78.62802924001835, 72.97215575306063, 69.34788915671567, 64.92023843592413, 63.51016531202685, 63.25909212743655, 71.32497138201038, 76.41853902590681, 80.52474897321807, 83.7240707335165, 86.04910215684815, 82.46569613474142, 77.0466282723889, 72.6955758444404, 68.99904316157495, 66.21810661002985, 70.54324117822524, 74.02533701414156, 78.76666184017091, 101.68011302703012, 103.95048814104432, 110.02095765994083, 112.14406753747477, 121.8312995308586, 123.01537483893001, 126.97683844471403, 110.71953593037324, 108.01683654633209, 100.4192095711903, 82.3614149656301, 69.93703582132632, 62.24674481015988, 53.581033499971504, 49.45772236904214], [63.57223432264923, 71.83033379746556, 79.276522146233, 86.61175531883167, 79.84399577049348, 71.35427694215612, 64.08178748373595, 23.72819625472996, 16.764246115638304, 8.570470130541963, 0.0, 10.776887892040168, 7.523263453308012, 11.829892644460683, 18.201755641347482, 60.21787508645005, 69.31139790913731, 77.68506252118226, 87.34645029904696, 94.47883404680812, 95.22700462295452, 85.17612669859767, 76.57455473456183, 68.11981488548662, 59.80315684551619, 26.26597049188946, 20.939895133375643, 17.356779231124936, 18.112501019999478, 22.742637219014554, 17.82857290419312, 12.6661382834795, 12.886990585201533, 16.141292619092003, 22.886302102062903, 50.57444795839766, 51.352363589729784, 56.97474368984567, 66.27045397415156, 68.30765653298802, 66.73286168473516, 62.1221890540213, 53.780071342101884, 42.30847116002095, 41.70315548835933, 34.93236870852197, 32.6120904923509, 90.97374330629326, 83.41075368263522, 77.46260942487692, 73.0455280844957, 67.85494630356276, 65.15676858167761, 63.746391731384776, 72.48256738980533, 78.42927895890158, 83.35685395381691, 87.53388293082858, 90.35908688788098, 87.11759832045007, 81.18969350241788, 76.12269113474217, 71.50260637119423, 67.54853279109015, 72.82379278422594, 77.23550965022456, 82.78208679516246, 109.00849968687552, 110.76349971192995, 116.12574282163477, 117.50336132369202, 126.70906345007859, 126.98158941317214, 129.8580068433538, 112.14179810090329, 107.03648750224443, 97.7860597559534, 78.28051688558705, 65.1973308217416, 56.36852769375647, 47.18224901948601, 43.72224787918127], [70.19815854889913, 78.68614055363305, 85.85999551106522, 92.31784647708832, 85.77183306176003, 77.42556177810216, 70.07801069956489, 29.93550519340542, 24.132386450944836, 18.18738384386369, 10.776887892040168, 0.0, 8.524300786509471, 16.82801677588001, 23.863990138243203, 69.03002189305688, 77.74707620781034, 85.66877564653242, 94.62564773201383, 100.99375526474394, 101.45216170361468, 92.45860559774474, 84.28204042219024, 76.03194583321294, 67.91644991434576, 36.71236663253555, 31.532385748153484, 26.873310480600374, 22.525071226394466, 20.993588170436805, 16.111792155537042, 18.56690095002806, 23.08363209402517, 26.783850933515552, 33.05990379174018, 58.73977153919598, 58.69919656886021, 63.375652429199754, 70.6584953775122, 72.09615599128858, 70.64186443462161, 65.66300648038704, 55.78212426757343, 44.35365317965936, 47.404693945898025, 42.03037221150192, 41.508230846213834, 92.31853183855883, 85.24857821985691, 79.469922068473, 74.52450980796587, 68.69785414119178, 64.35201767833686, 61.21010807097397, 70.74337733627641, 77.66177412498493, 83.29040756103223, 88.28844990482789, 91.2832120355598, 88.47251535277499, 82.52969371350117, 77.04006375742281, 71.54132258661296, 66.11415932788718, 72.52572856762846, 77.83308857975564, 83.8978060232879, 114.31157929540127, 114.15678792124059, 117.91658262864267, 118.04126830282043, 126.5329123896235, 125.77257454951594, 127.33214060231327, 109.28750076277518, 100.99147877708047, 89.88464680381979, 69.19726013515266, 55.387782514549066, 45.780050312737416, 37.52911984877379, 38.97238967323581], [63.866389104755626, 72.3361915361469, 79.59936823613111, 86.33143326358217, 79.36267683031448, 70.86232922686692, 63.619537140383386, 22.940407059719774, 17.506822777838188, 12.30563537526348, 7.523263453308012, 8.524300786509471, 0.0, 8.714852034506896, 16.667595343220956, 62.48819131224866, 71.44742357324269, 79.69901076048406, 89.01585446277673, 95.73029894997569, 96.12280151905368, 86.49212808541613, 78.03048660023228, 69.57740684756475, 61.249843931147865, 30.853969509776594, 26.952508168135612, 24.65811181017147, 24.969159877252057, 27.160568336436818, 22.070145762217095, 19.725251974250796, 19.90971009183431, 21.56475999129436, 26.785943265590646, 51.60427566443337, 50.85647277262677, 55.18637978297661, 63.07121754838923, 64.48149534678667, 62.754347928016635, 57.870184219819066, 48.572009144400944, 37.06975069890523, 39.009005592927835, 33.861290041074824, 34.18653764725437, 85.96548408284882, 78.43897919442557, 72.44011023303779, 67.6483676923879, 62.10682479938697, 58.6969468131337, 56.72228250792474, 65.716681897554, 72.01923262717679, 77.26176577703511, 81.89897019756181, 84.95720241770479, 81.97509999923295, 75.83428296842368, 70.46064215872754, 65.40297027997963, 60.86984923172819, 66.58619050488284, 71.42223126201388, 77.31777032409035, 110.31741952929319, 110.0502469718476, 113.76048130663897, 113.9560469975602, 122.37842268524078, 121.59779659969422, 123.77159478291121, 105.17705677182867, 99.59595221746562, 90.49461962547971, 71.35758150492609, 58.87320263969377, 51.41929073549278, 45.37817627633804, 46.57675095288836], [55.763172513675975, 64.21292688545385, 71.48706142086785, 78.33815455618942, 71.13373912120385, 62.56651204574683, 55.40321666937822, 14.75451584112376, 10.46765574918286, 9.487679651032964, 11.829892644460683, 16.82801677588001, 8.714852034506896, 0.0, 8.522509590285363, 54.74952511203388, 63.70528429829137, 72.04391793555678, 81.44951398773992, 88.2916888053683, 88.5958292088988, 78.65740437217713, 70.09728221269175, 61.577155500767596, 53.19073269068744, 25.701223908835875, 24.149698947088222, 24.992914544815797, 29.287361071544073, 33.67231295609013, 28.96897477940305, 24.05144398150111, 20.048269755344524, 18.406297993306776, 21.100814356400512, 43.31347436536829, 42.16460485082121, 46.64318463027796, 54.89766694061527, 56.71419233738654, 55.54678582342473, 51.249853144910695, 42.64045263498372, 31.01280654379703, 31.23089250305111, 25.23303036667491, 26.277890458800776, 79.17855081526189, 71.59343517169174, 65.75752861136489, 61.60961647146056, 56.73423714021302, 54.60184529496507, 53.90895192640365, 62.19427746931292, 67.63566223038565, 72.10866103474292, 75.88820115216743, 78.57958174446235, 75.29960504492172, 69.48558200966671, 64.69578065506303, 60.48182615068283, 57.13727980648659, 61.897218849263346, 65.8681767895149, 71.09428517441894, 103.75172892621706, 103.34564816678721, 107.20931137844111, 107.75895671378336, 116.39586133583356, 116.15018897263974, 119.2651121631122, 101.63052261074962, 98.76282644297184, 91.66227884425867, 74.3323139266716, 62.907116505456585, 57.14139034977125, 52.26387794271443, 53.23032512201726], [47.336161749530405, 55.825132054456816, 63.05675884919783, 69.86244700944393, 62.75440631384277, 54.22188329749867, 47.00397605376901, 6.336435246356266, 5.277912226172296, 12.09660055803303, 18.201755641347482, 23.863990138243203, 16.667595343220956, 8.522509590285363, 0.0, 47.29604766186867, 55.925141406181794, 64.01464127209326, 73.1719438275327, 79.87140981455107, 80.11643999065055, 70.33886217125696, 61.92563804835446, 53.51539191425296, 45.27916232704202, 22.788602381031293, 23.879365316885583, 27.075673426742075, 33.33108485274071, 38.590568071277225, 34.57826111354184, 28.89512792139886, 22.833230143473482, 18.62061666116096, 17.951866197793535, 35.6462452640339, 35.021834546361134, 40.60723432629366, 48.777822188292255, 51.584002247206215, 52.045959406362265, 48.88832960814583, 41.0203311457827, 29.58499501995445, 27.809552571957823, 19.266173228807013, 19.86633447573832, 74.27480107966831, 67.2310087800408, 62.076133288097495, 59.06727722912776, 55.173755677853435, 54.28737860127683, 54.50667689897196, 62.11928384364908, 66.68567618331195, 70.1446471045607, 72.67058913704065, 74.50980517450785, 70.84727117673121, 66.01592457970831, 62.28282893907477, 59.17477259894258, 56.965216742975166, 60.77126676468959, 63.64404396619009, 67.71767504397064, 95.49979966796558, 95.14630502555146, 99.57278224967048, 100.87358876325372, 110.13314793063992, 111.08365910423663, 115.34420251072301, 100.31723511410752, 99.32563596490914, 93.59808138518679, 77.76061202855543, 66.77082460505164, 61.78276732970509, 56.85073232216026, 57.302322675315125], [19.734790209131205, 21.624546851861314, 28.410681767237282, 39.21295750779714, 33.58611711608633, 27.857896186717202, 25.147071639713396, 41.393646242506016, 45.20106911371196, 51.68573106333141, 60.21787508645005, 69.03002189305688, 62.48819131224866, 54.74952511203388, 47.29604766186867, 0.0, 10.087746381678022, 20.043824900661477, 32.0849674013449, 42.13577818735539, 43.83415396779462, 29.373638660604342, 19.619661238174803, 11.755336107847961, 7.36178601007534, 37.11249668291399, 45.36531118091764, 53.94199902762101, 65.70323735382921, 75.22885564837755, 73.18492320430069, 63.85861232805383, 53.881049706897464, 46.68961612623732, 38.53082022039379, 14.155924811162354, 24.769876367386516, 35.910345661561024, 46.8689045331366, 54.2534365502255, 59.58501785464797, 62.211796396716416, 63.56222019684727, 58.47176616319706, 45.438216273830605, 35.90584180179355, 29.14824622565313, 77.8425484119079, 73.02717249132225, 71.08111848540717, 73.73338671481436, 75.1286556388809, 80.8373938554895, 85.99717948078245, 89.11367339395356, 88.71117425823657, 87.27329002890019, 83.6573637515986, 81.99497393070193, 76.77921337375295, 76.37140239256522, 77.78352248397613, 80.41186349138835, 84.35834480684427, 82.76119125824123, 80.06994432127621, 78.49991622661611, 63.033661711340024, 72.09529066529856, 85.08029157805586, 93.77358187080253, 106.54586039294912, 114.75250756423665, 125.64813999166569, 120.67427589724137, 130.50683732574578, 130.9254072633368, 120.06213220701167, 110.68660929274553, 106.72699055124619, 99.07315072141883, 92.03671673513028], [19.073416580893443, 16.86987005036005, 21.84369785706836, 32.61440220187189, 28.723559813064625, 25.39311760778879, 25.016704119937103, 49.840175609656, 53.990055828656686, 60.81419140663123, 69.31139790913731, 77.74707620781034, 71.44742357324269, 63.70528429829137, 55.925141406181794, 10.087746381678022, 0.0, 10.071160323750835, 22.33715650476835, 32.787723114369626, 34.77566298960863, 19.872424700461643, 10.594339555135512, 6.749159397381424, 11.752827473574646, 46.72335514971198, 54.78919259332943, 63.07498600676986, 74.34626049039814, 83.48666765608971, 81.75606906861454, 72.86861757270172, 63.20067666658464, 56.14340054157986, 48.099151447986365, 22.271592134809897, 31.630568072388787, 41.68358731365401, 50.266750043646034, 58.17464524380178, 64.98195287531108, 68.58889272628109, 70.45872032326781, 66.09922951265551, 53.68115118969573, 44.68904253303072, 38.68403118529867, 79.28965606604828, 75.76444371756861, 74.97096953981597, 78.7225612492242, 80.93944703542817, 87.13306906287963, 92.46798272191975, 95.05806033169812, 94.04855528684723, 91.77358383236877, 87.01674893841046, 84.35619679892417, 79.0370752412495, 80.02900500975933, 82.54638543674501, 86.00541986461972, 90.49815841137747, 88.33335755690428, 84.83827465427255, 82.08564174593369, 54.332944666660055, 65.01205339013937, 79.73964228336831, 90.04274025654077, 103.53500967196115, 113.53974565194325, 125.6626433569931, 124.09166835410497, 135.0426792861575, 136.3030084902816, 126.51006592217097, 117.40374567315901, 113.77881208390593, 106.13740651596734, 99.16115033039281], [22.265669965438097, 16.695836389141036, 18.15369390531822, 27.519946139360247, 26.463811423230517, 26.174967680435905, 27.802863639622974, 57.84805694617544, 62.19376091837169, 69.28078818092985, 77.68506252118226, 85.66877564653242, 79.69901076048406, 72.04391793555678, 64.01464127209326, 20.043824900661477, 10.071160323750835, 0.0, 12.438822882998451, 23.237424676425594, 25.681714956107314, 11.090953369958642, 6.284267169057183, 12.111187216870235, 20.201149956734696, 55.87648676599739, 63.709386849337285, 71.62980378295137, 82.2723556941366, 90.89696248155735, 89.49762985667822, 81.16817188408156, 71.90128970488173, 65.01678336327308, 57.142267259800974, 31.14846786366933, 39.740210256255565, 48.985688138138165, 55.22503764586807, 63.45448016217132, 71.56556115677765, 75.86943855235997, 77.80115473355083, 73.84390606159381, 62.26895620460823, 53.459034204158925, 47.85343041272182, 81.74364758550318, 79.60029279689573, 79.9076344908136, 84.53897417995807, 87.3487455320924, 93.71977310969405, 98.97625597747117, 101.24956627454867, 99.85802576732328, 96.93365473686774, 91.25228239343839, 87.64363269918533, 82.29937164791961, 84.63039748070462, 88.07659752116987, 92.12316261743732, 96.87298906099176, 94.39064398332698, 90.32521364304941, 86.58228359353173, 45.06233954722108, 57.62682025097774, 74.32803538650943, 86.33960576891806, 100.61201059072339, 112.50706934466639, 125.71806925620058, 127.7752422693133, 139.2655321580385, 141.06145883952692, 132.18216273566776, 123.23383098191077, 119.82049318373598, 112.1137921756672, 105.28581364238507], [28.514723189364226, 21.2771182558964, 18.092988700447307, 22.797433587838196, 26.066551430640263, 29.370711096904444, 32.76087559401795, 66.968582686245, 71.63634254781532, 79.10336710631144, 87.34645029904696, 94.62564773201383, 89.01585446277673, 81.44951398773992, 73.1719438275327, 32.0849674013449, 22.33715650476835, 12.438822882998451, 0.0, 11.057863062886025, 14.117343205411139, 6.173338398103977, 14.071998683610017, 22.44888407250634, 30.92976285346126, 66.93844487474601, 74.54814771130565, 82.06127552487483, 91.89642844913739, 99.72657922672794, 98.61790421517783, 91.08037703446627, 82.31114840505418, 75.58389007586688, 67.8924419665012, 41.688731158166725, 49.27467969795284, 57.53969604401196, 60.883988870950255, 69.28491993332605, 78.8623653306808, 83.87690937680283, 85.66035345515456, 82.18324185673146, 71.87840134484945, 63.384121842013165, 58.5313432628028, 83.70741573561418, 83.33512194632613, 84.97370053256114, 90.55253976859805, 93.98513631858181, 100.4129074914176, 105.45689250296002, 107.35973992130049, 105.57566371972865, 101.93388613372173, 95.25074247319881, 90.52412699048901, 85.24503945294099, 89.17726895945908, 93.66727289326775, 98.31466929071047, 103.24875489344116, 100.47051465311174, 95.81836726393972, 90.96321342766915, 33.50948546294537, 47.53193807585769, 66.38106951535235, 80.32279264766888, 95.40304600228791, 109.50985010003784, 123.89258101204562, 130.52366419487362, 142.4617835443003, 144.94592297457123, 137.38463923431968, 128.81543653464823, 125.90388600212376, 118.57333494665052, 112.59966416526193], [34.6969228843026, 27.578053541686714, 22.25866922365363, 21.4138001186922, 28.135478833846655, 33.558984043291495, 37.66574960362848, 73.71837117414434, 78.66144945136398, 86.45337467366292, 94.47883404680812, 100.99375526474394, 95.73029894997569, 88.2916888053683, 79.87140981455107, 42.13577818735539, 32.787723114369626, 23.237424676425594, 11.057863062886025, 0.0, 4.597889579611389, 14.329129156667339, 23.679209282791042, 31.77866639684375, 39.975477883369095, 75.7119136050284, 83.10460336435925, 90.2284097579192, 99.26302009400695, 106.24331007146942, 105.33182099691847, 98.61408004037145, 90.34602245998182, 83.7692722412523, 76.28306123081248, 50.24135011105557, 56.97560706684447, 64.47684876825068, 65.34595523193775, 73.73432162409712, 84.46348918493351, 89.91884150006841, 91.27872664321744, 88.11506634154112, 79.18359437598151, 70.95624699937413, 66.85842135890988, 84.53574860122922, 85.74461318440312, 88.48380393565255, 94.71325881162109, 98.5331026831244, 104.78674726156, 109.46464763491505, 111.13897598339324, 109.15714186803832, 105.02605133851002, 97.66092601676435, 92.03013225808706, 86.89347089301772, 92.13871790535815, 97.39522857450505, 102.39017112761528, 107.28337079245661, 104.40910148381784, 99.41517159265487, 93.74758926079917, 23.722990270973682, 37.61228342131826, 58.19129149824421, 73.67583825838165, 89.39958858202793, 105.3351915586594, 120.51886681915013, 131.2258189846398, 143.1219706723026, 146.08134986732412, 139.73819632841327, 131.58749400881737, 129.23298352255523, 122.5145262659643, 117.76652701779648], [34.437594425246694, 27.295052211715003, 21.177432565275094, 18.232961341541117, 25.877282615381972, 32.08675785344986, 36.660875101494526, 73.95322960397026, 79.20118298713986, 87.23950506063667, 95.22700462295452, 101.45216170361468, 96.12280151905368, 88.5958292088988, 80.11643999065055, 43.83415396779462, 34.77566298960863, 25.681714956107314, 14.117343205411139, 4.597889579611389, 0.0, 15.757795346730612, 25.049597223857038, 32.92440521010749, 40.96760194987664, 77.1673984218401, 84.62645812032748, 91.77731842792493, 100.72255533489093, 107.44987613890679, 106.41252416128529, 99.89308301506753, 91.65321986882489, 84.9990983556943, 77.47588116728922, 50.871478441358725, 56.79786343035317, 63.66424644922384, 63.407635374725515, 71.71705943768558, 82.85765533317526, 88.54225499254616, 89.90368283555753, 87.11897115388747, 78.74630248937173, 70.9919322035797, 67.65312222713244, 81.206410862781, 82.90244567774421, 86.03396969504217, 92.53605746534696, 96.57420048363211, 102.87770497320426, 107.56108834057123, 108.98290435104458, 106.80957155274416, 102.43862877454451, 94.7998340686414, 88.88795849235413, 83.81148353697125, 89.48997837602415, 95.05356411765042, 100.25203884022302, 105.2609149483005, 102.22320757366516, 97.02848731270562, 91.03403116463672, 23.942983702882376, 34.04090326984555, 53.897343301905984, 69.28948270561662, 84.93595690154287, 101.00834710722363, 116.36434829115005, 127.90227075847919, 140.18565708914724, 143.6545893068377, 138.0174126470467, 130.32226538226828, 128.5542946180884, 122.66256959867144, 118.97418482786344], [24.374597666798955, 16.391930675691775, 12.733050180792072, 18.84214676808919, 20.79540819303812, 24.141633374189766, 28.181813353987852, 64.05238113203063, 69.11946009473537, 76.83810233282081, 85.17612669859767, 92.45860559774474, 86.49212808541613, 78.65740437217713, 70.33886217125696, 29.373638660604342, 19.872424700461643, 11.090953369958642, 6.173338398103977, 14.329129156667339, 15.757795346730612, 0.0, 9.942801785093026, 18.686693193767695, 27.36791309059025, 64.89622782774775, 72.79006267196506, 80.61828637466984, 90.817089426574, 98.75033693828426, 97.30739471172075, 89.5844421139078, 80.52800366268895, 73.54984618346057, 65.6302592723265, 37.9363574807025, 44.54283193803233, 52.15002204680344, 55.20176072402042, 63.53813080686836, 73.1213258936569, 78.32915015435339, 80.5190129609922, 77.55989049200402, 67.22008945816752, 59.43107032373214, 55.50145155272015, 78.21317122751286, 77.61027359830373, 79.2135756369381, 84.902336189815, 88.52397065675196, 95.24307531019497, 100.60490055278919, 102.17508833817188, 100.12989383638222, 96.33889313303351, 89.56217252501948, 84.92808138238519, 79.63846136807507, 83.47081333654386, 88.04024947804119, 92.88277593116328, 98.12448089182928, 95.05972655646788, 90.21634045689402, 85.27233956375132, 37.82470029006329, 48.23582970661558, 65.07337562051346, 77.92657914626359, 92.41061982459307, 105.61831896077125, 119.8215886265418, 125.3105481220028, 138.07059335663024, 141.1748294317988, 134.06963334671536, 126.01225537065109, 123.74579864959506, 117.40773175986321, 112.42894375011088], [17.688344520989467, 11.048199362240979, 12.664497942176864, 22.885789755670025, 20.630851097578017, 20.245467049718414, 22.607497483564366, 55.64634952003772, 60.58670443588445, 68.12711947087448, 76.57455473456183, 84.28204042219024, 78.03048660023228, 70.09728221269175, 61.92563804835446, 19.619661238174803, 10.594339555135512, 6.284267169057183, 14.071998683610017, 23.679209282791042, 25.049597223857038, 9.942801785093026, 0.0, 8.937999187529215, 17.727296065293938, 55.6011421810937, 63.676801025273434, 71.79385144796193, 82.51809504549753, 90.92317125495836, 89.219011738609, 81.00248392433214, 71.60853040788697, 64.4867841133212, 56.41965164736847, 28.461556913055492, 35.70246713845313, 44.17477326648421, 49.449117490239416, 57.7140678590374, 66.24941437060066, 70.87844430969301, 73.01745092073332, 69.62772755990798, 58.446944738659475, 50.401401666223116, 46.14528768119181, 75.54336729302744, 73.51119010314285, 74.03373341505116, 78.93261643967153, 82.01265260743983, 88.60879470802595, 94.06585466902838, 95.98704940148272, 94.32013767916291, 91.14699428069866, 85.22905507588199, 81.49847832248741, 76.15542605242203, 78.68715597100798, 82.38912713475504, 86.6986178942235, 91.71736692928798, 88.95525857140207, 84.63242502801116, 80.61854782329725, 46.429973109574654, 55.63400632510686, 70.59748437479031, 81.73106650153694, 95.54072623075457, 106.86297344498624, 120.00204878757175, 121.82672573362305, 134.01198719960223, 136.50269571310213, 128.38134856041717, 120.05702151135735, 117.48056060916137, 111.02858458991803, 105.73019160863987], [12.734162400292727, 10.67551325721855, 16.77171457315622, 27.65301052639488, 22.750100286910495, 18.71743504986741, 18.425543592821896, 47.261315043182506, 52.14939339287628, 59.6219134043934, 68.11981488548662, 76.03194583321294, 69.57740684756475, 61.577155500767596, 53.51539191425296, 11.755336107847961, 6.749159397381424, 12.111187216870235, 22.44888407250634, 31.77866639684375, 32.92440521010749, 18.686693193767695, 8.937999187529215, 0.0, 8.793807874070088, 47.07140679353136, 55.27462087019577, 63.568392882167345, 74.57834532976737, 83.19004982766741, 81.23653592838909, 72.77121911415928, 63.183018210995826, 55.9420618926151, 47.778852322705845, 19.590298507872514, 27.66117271881113, 37.24217245314775, 44.41709439602662, 52.53157305694801, 60.15792974107439, 64.11285972323248, 65.79573887154442, 61.819459507512974, 50.212600206411786, 41.734998279013496, 37.27820702915147, 72.82355337749367, 69.63641132748708, 69.19934505001073, 73.26408450545595, 75.71368491540754, 81.9600229773635, 87.29203246768094, 89.66415525767279, 88.49474940508411, 85.98840591544348, 80.97656569513255, 78.05239766375868, 72.7242918969601, 74.09961353376237, 76.93191863993218, 80.602330224638, 85.20323628267629, 82.89282599716825, 79.19073483053315, 76.11443210545185, 53.63153669802253, 61.238223059882216, 74.44633689730446, 83.99699708222336, 97.20226891900224, 106.8658898799, 118.92070434175042, 117.76527648367434, 128.99061592838933, 130.7741542387725, 121.76911925228438, 113.21673324361149, 110.4190568298244, 104.03390113938785, 98.85608381009166], [12.75869917122204, 16.044160511288588, 23.47970562180978, 33.88717979546668, 27.526863356622925, 21.01598239787039, 17.844168616378095, 39.08388636725715, 43.88531079477848, 51.26701307576912, 59.80315684551619, 67.91644991434576, 61.249843931147865, 53.19073269068744, 45.27916232704202, 7.36178601007534, 11.752827473574646, 20.201149956734696, 30.92976285346126, 39.975477883369095, 40.96760194987664, 27.36791309059025, 17.727296065293938, 8.793807874070088, 0.0, 38.81541578502638, 47.13955592524314, 55.60086692203028, 66.87498060225936, 75.66249447401118, 73.43254556989663, 64.733250453167, 54.959145708033326, 47.593211387770424, 39.33688860564625, 10.9563059742441, 20.53353064840282, 31.511734783669493, 40.78486491041389, 48.522774568275686, 54.997963959144535, 58.09440820506086, 59.133837378526565, 54.41765106074577, 42.41199897855813, 33.30717500919365, 28.54074762821105, 71.08540724600189, 66.75407288828792, 65.29071773678108, 68.37067325427972, 70.06386422770741, 75.82576338077233, 80.94390488636881, 83.8433329755715, 83.26365542150279, 81.52236778733054, 77.54689520298668, 75.49773660490601, 70.25259893750331, 70.38652597116386, 72.22732007767449, 75.12961093534098, 79.18978749872353, 77.43625573079291, 74.47681838800294, 72.4654848931048, 60.97115246192916, 67.21676730129444, 78.80303899597303, 86.83699132958695, 99.39025259676968, 107.41757877833915, 118.32369231904097, 114.21566272279598, 124.30284858481552, 125.2896557058126, 115.3462818939227, 106.54796734313449, 103.50142470753573, 97.1995140505039, 92.20601111308814], [46.53361395881718, 53.50107567079312, 61.23887119132789, 70.48192393659048, 63.70912492994483, 55.480463068171275, 48.97855342800215, 21.470113882300883, 18.339580096539887, 18.825586681139473, 26.26597049188946, 36.71236663253555, 30.853969509776594, 25.701223908835875, 22.788602381031293, 37.11249668291399, 46.72335514971198, 55.87648676599739, 66.93844487474601, 75.7119136050284, 77.1673984218401, 64.89622782774775, 55.6011421810937, 47.07140679353136, 38.81541578502638, 0.0, 8.614034127472273, 17.810502041755196, 30.83200203843334, 41.6138110589106, 38.762150024387616, 27.950490874802124, 17.313078387902046, 10.4352169926806, 4.8532967084043985, 30.74938753330892, 35.344021651184875, 44.330554782315836, 57.678481073146244, 61.80267849358661, 61.54514043026798, 59.164504590517076, 55.48386117079734, 45.823270715736484, 35.98436015583519, 25.061933635448185, 14.7