{
	"dissimilarities": [[0.0, 7.344550340864577, 14.705684726947393, 22.837959490275257, 15.660162657159535, 8.990701037294752, 5.273154485996405, 41.789199192038616, 46.91783950771375, 56.34147598281249, 64.59840848101824, 72.18643200776135, 64.79964563091123, 56.56216789029673, 48.132194013852875, 22.10505474560988, 21.186456990330733, 22.093618835979292, 28.24161095370577, 34.104242491951695, 32.96140771285991, 23.085203766627185, 16.759570461434862, 13.249464496624986, 14.861000301674649, 48.26083498897758, 56.93294718353957, 65.59671601037752, 74.34220757512821, 81.77190624731456, 78.2977387757612, 72.33273558321955, 64.59003103141569, 56.22737241446388, 48.425791065014494, 18.95801331103059, 22.957144524886452, 31.91369799691056, 33.328903381600036, 41.216870413916055, 52.30829610788355, 56.955087323051856, 56.97193548131039, 54.09836975475647, 45.386445638661876, 36.67661717594678, 36.110990955986935, 60.92390360415819, 57.64177390088335, 59.14986757319926, 63.19419187631956, 65.82034725687487, 70.1082389409581, 77.03495543288611, 81.91282322214421, 80.34543903219644, 77.8274906383299, 72.77379673133967, 66.41339460200348, 62.06993933469365, 63.457626356360386, 67.49821340771518, 70.08948635050429, 76.19382591005707, 74.33723585395731, 71.00440255850803, 65.91433930033307, 52.33147291061937, 55.7013529781946, 64.76413156878564, 73.59739427530005, 86.68376919632023, 93.89344331057603, 108.22522526461542, 106.55180624845478, 114.72861720045758, 115.43956002563021, 110.90772241359404, 104.65254142339839, 101.79979589459892, 97.52803524188084, 95.67558579933876], [7.344550340864577, 0.0, 7.7198738615044675, 16.86512970948192, 9.467981297928509, 5.337235665610522, 9.082816865278637, 48.99405040867199, 54.153547901740005, 63.525151279916486, 71.82238075814963, 79.4995244153126, 72.00650373075078, 63.72966743174722, 55.342544637625764, 25.23474765765955, 21.609911580004443, 19.843255510945806, 24.081906804785536, 29.191926454170538, 27.58474755711157, 18.034982270404424, 13.710122960665599, 14.139543063576916, 18.212602775458482, 54.63272956092516, 63.529283809721356, 72.41631648407696, 81.39051557271722, 88.98543958273484, 85.541538032805, 79.41408750918252, 71.49443773008687, 63.057006119132915, 55.104668274005654, 24.224117382956912, 27.90299766904829, 35.278663172698785, 35.41904226533911, 43.33690415744514, 54.98159647327961, 60.396330013751914, 61.53122522925041, 59.64139615836896, 50.659368570036904, 43.05859408451704, 42.58304502450047, 61.352132895790824, 58.85359868115338, 61.23854438212393, 66.03427356866526, 69.42202765912118, 74.47549075142967, 81.99785414372232, 85.93020091577017, 83.58090942205742, 80.32420655359878, 74.36145643328003, 67.44158369132971, 62.93644981146138, 65.4592240812014, 70.32987729134992, 73.63699793066519, 80.70320101367224, 77.92603745006588, 73.73815185322248, 67.77119376597247, 48.44648780843099, 52.08710659404489, 61.86828394679614, 71.6495703536377, 85.0333658274306, 93.22578165291712, 108.56793524977054, 108.58828135746386, 118.55014491443762, 120.42466247112141, 116.86170215865982, 111.11559302934315, 108.68206340274554, 104.68106116945553, 102.72960918247531], [14.705684726947393, 7.7198738615044675, 0.0, 9.76803526053781, 4.261889498758972, 8.53242009143672, 15.22935780577178, 56.41410931129349, 61.569618042273326, 71.01678901764728, 79.25518313230101, 86.74258172783254, 79.36261820984245, 71.11070215939087, 62.69211047213979, 31.852525408404933, 26.51439813033873, 22.129254379325413, 22.48805372252112, 24.974342479685145, 22.492196704659083, 16.393182907570637, 16.336336132464524, 20.12546769552762, 25.202725233565552, 62.29309470750367, 71.17401858745178, 79.98917982220887, 88.81534799417331, 96.16798438494716, 92.87322121754421, 86.92894359659172, 79.11445826142617, 70.72816577243684, 62.80219191903687, 31.800029759200964, 34.926170433109355, 40.83523497998312, 38.68588345060164, 46.63294287406715, 59.21811606054925, 65.20744780141929, 66.94527863569596, 65.69766003919862, 57.256315251865075, 50.4704327772442, 50.29627798245665, 61.66122046502342, 60.490066776753245, 63.96295105151178, 69.49124486462837, 73.55223133062195, 79.09455249165387, 86.76581047509474, 89.85045921652855, 86.87082563765493, 82.911971573496, 76.02818868588376, 68.41707928513195, 63.79312663856871, 67.82726174953072, 73.49921219813939, 77.47520135964649, 85.11730825039841, 81.62012979922201, 76.63823549699217, 69.82250288488754, 43.92812529929181, 46.48635804199416, 56.68613315811395, 67.42146347073302, 81.2536143156683, 90.79748751447366, 107.1040966819632, 110.04412093755887, 121.219362106143, 124.14418222901494, 121.55058245840644, 116.30192382219872, 114.44124876296209, 110.90690323264396, 109.42010121897812], [22.837959490275257, 16.86512970948192, 9.76803526053781, 0.0, 9.291135194270606, 16.187771305487207, 22.56340307503967, 63.716367936460564, 68.78180366666265, 78.3910991149794, 86.41955786500306, 93.33936049306998, 86.40188957262494, 78.29598083306729, 69.80505148636772, 41.13092372090242, 35.13689718644519, 29.20831186051876, 25.33311021844665, 22.96590372481654, 19.26868326906961, 20.966578488030947, 24.321955647826304, 29.258042022580316, 34.52852360280364, 70.87801067225092, 79.4661566102925, 87.84188503052387, 96.03899033295593, 102.624039921938, 99.66325956563847, 94.34010607194098, 86.99262369321855, 78.83608049416127, 71.15098375090561, 41.04626146080937, 43.69241793997848, 48.63777679694501, 43.44632983934889, 51.48274458480924, 65.41763727385882, 71.66520677274035, 73.2674811479116, 72.1537391674538, 65.13211933671552, 58.70231996980175, 58.94084073334731, 62.13808871481636, 62.94972240465313, 67.66528544373469, 73.80615437934206, 78.33314368203969, 83.92350022301527, 91.09030577200507, 93.55787489508886, 90.2447004503724, 85.7231507634271, 78.01330266028464, 69.58790585252972, 64.92160998990164, 70.84106388943263, 77.1736311450922, 81.67060060288065, 89.27046060200887, 85.42403343046107, 79.83059713423917, 72.30940347980285, 38.514894086196485, 37.42347212624806, 47.79829898058376, 59.69519567869552, 74.42822888476584, 86.00874518059456, 103.15626138570035, 110.82402279404587, 122.15488171882497, 125.83176951902772, 124.09772621468427, 119.26510478757542, 118.13235481767839, 115.23493150583585, 114.86968280682447], [15.660162657159535, 9.467981297928509, 4.261889498758972, 9.291135194270606, 0.0, 7.574001010753108, 14.700343771813708, 56.56064632328244, 61.769852963415076, 71.27902463168269, 79.42540926257998, 86.79806092428005, 79.30884976469696, 71.05885183139193, 62.679646617884536, 34.42508758683565, 29.936746230275563, 26.19114570829778, 26.644637466492583, 28.274939730204018, 25.403443791520488, 20.58795704139199, 20.231129934649573, 23.076554129106846, 27.50866925871817, 63.66477678905263, 72.48653177527244, 81.23662358956808, 89.89165559424391, 96.96555085662953, 93.5418812663331, 87.84709958904953, 80.16119075906754, 71.72711701254512, 63.86644516614612, 33.172593380091996, 34.75678477533056, 39.479111448747645, 35.690359737657985, 43.67120586778463, 56.877326962547464, 63.03189991977032, 64.86431691434458, 63.972657860245725, 56.24231617433348, 50.34221907441354, 51.115046877634406, 57.61218457568279, 56.812502750113545, 60.64336358173986, 66.41091574340595, 70.71004396015512, 76.41313387653408, 84.13009336391372, 86.7889921945017, 83.58132751957513, 79.40290379317629, 72.27786142458245, 64.49321550967473, 59.853170430892376, 64.32228655852596, 70.23487204198749, 74.44838282899883, 82.2945703938482, 78.4970401949167, 73.24326589361087, 66.18879033911419, 46.225333339020075, 46.08908105005161, 54.38594928225828, 64.32313562641855, 77.64032160679723, 86.73358409946813, 103.04612912649478, 106.1441372123278, 117.75750042490306, 121.23279394481052, 119.32135014150411, 114.63218416391014, 113.3315680952806, 110.7599176935705, 110.36614877207352], [8.990701037294752, 5.337235665610522, 8.53242009143672, 16.187771305487207, 7.574001010753108, 0.0, 7.305333004439221, 49.114685010805246, 54.35458395412816, 63.82450017905479, 71.9955643251433, 79.50977598769843, 71.87107627169442, 63.59030792792987, 55.24377954314191, 29.04416863174239, 26.485674896149785, 25.12113703318777, 28.729052718274527, 32.55808148914529, 30.386779360456742, 22.587359064159607, 18.917987169071584, 18.75173265261861, 21.827576683511776, 56.51864179652206, 65.30573446841024, 74.07815699386721, 82.79527321021945, 89.99372225485487, 86.38499499125946, 80.61117047189731, 72.88431569848306, 64.39610903117388, 56.55244476671278, 26.297561819108363, 27.53184360260658, 33.227563941521865, 31.132268969380448, 39.22006963143565, 51.77659341470696, 57.41644460660796, 58.642811447789455, 57.19734150705473, 49.17673868405934, 42.798154427786876, 43.71095328311292, 56.14599510368215, 54.02289400275359, 56.816938136157546, 61.909134320922995, 65.59171253748409, 70.8500883963327, 78.43986037658821, 81.8619054655935, 79.24129512133389, 75.72579541042127, 69.48607127824293, 62.363367644818446, 57.832439821269915, 60.83029078127982, 65.98842865632434, 69.58633835410984, 76.9102606519976, 73.76611632541623, 69.24900485886637, 62.99999123963644, 50.887724973751716, 51.46146812817584, 59.06588185633443, 67.84830497012254, 80.581575388805, 88.15971190355815, 103.45387232461937, 103.58261253044148, 114.04474359434532, 116.5898346435529, 113.8787852168429, 108.84240947453429, 107.13650489586239, 104.40057408819217, 103.9104338321419], [5.273154485996405, 9.082816865278637, 15.22935780577178, 22.56340307503967, 14.700343771813708, 7.305333004439221, 0.0, 41.89204577704748, 47.121385494969495, 56.62878965146322, 64.7563250640893, 72.21336873617788, 64.6157045477788, 56.3587880855377, 47.988596478384636, 26.099435187206527, 25.927907184057993, 26.821040626694018, 32.3358067954597, 37.189766293890955, 35.517706037660666, 26.77480071698122, 21.109115045823973, 17.88224187692824, 18.86089149804871, 50.226187279331505, 58.78534915491119, 67.35228503841923, 75.86318106029825, 82.91690028569053, 79.23543854893073, 73.60928973851277, 66.0440763534479, 57.61745974059035, 49.93179010093923, 21.26155196905111, 22.161386309691277, 29.275394457834334, 28.58215145204206, 36.6746211247372, 48.63907999451241, 53.51278411607767, 53.64390309787342, 51.254401390436755, 43.464154695367654, 36.170934071441984, 37.24412474368147, 55.67545360200798, 52.6044126034016, 54.416232974532676, 58.71795476179555, 61.622008830567815, 66.14055435802112, 73.20760960725586, 77.58205343016438, 75.74349487944401, 72.99273178709646, 67.71705632331106, 61.22036599935229, 56.861575191365965, 58.56752088391193, 62.851866654026416, 65.71257624122181, 72.11735312406874, 69.88389404952804, 66.24633531633644, 60.92141180346463, 54.89788306408669, 55.53218818565964, 62.50389406551475, 70.29137803410082, 82.65003195364268, 89.10997936866265, 103.33472127044175, 101.45673960926683, 110.18562378202874, 111.58456775115387, 107.9302596934441, 102.42803343433032, 100.32852466386909, 97.40934891320224, 97.06776887371933], [41.789199192038616, 48.99405040867199, 56.41410931129349, 63.716367936460564, 56.56064632328244, 49.114685010805246, 41.89204577704748, 0.0, 5.362391943484361, 14.778084598183217, 22.890909187479078, 31.044866152370798, 23.084195592143082, 14.923206789033548, 6.61514810509417, 38.85287159975671, 47.687522747253304, 55.14599914882579, 64.83860021692648, 72.4503818721969, 72.43107854397783, 61.62654708682037, 53.047139948339805, 44.666986613540715, 38.7898938271899, 20.769631313423766, 24.22138518772302, 29.936280976840546, 36.8698978771909, 43.73489553286467, 38.80691839927732, 33.584842300323, 27.313614379248477, 20.1440952822714, 16.37002206431653, 30.425052678693717, 29.181940743709163, 36.6744647695576, 45.40072146431302, 48.30991079702467, 50.12743089489025, 48.31734554338457, 41.24987041807048, 31.82153411659551, 27.49809966604029, 14.800947019440649, 15.059639812730618, 72.09047214711954, 64.49814734121401, 60.19248441218554, 58.462209660815184, 55.47742995997389, 53.915173519551516, 56.338594864173295, 67.02899728416023, 70.61305562843454, 73.19265572750626, 74.58445042255161, 73.0365135776961, 70.49843680670956, 64.40929018279758, 62.39392108747488, 59.719283650859936, 58.785832840283085, 63.27209740732566, 66.1370453302182, 67.48725027873081, 87.46195762088743, 90.05468290791032, 95.1564309319839, 98.90418818549385, 108.60728283005308, 109.27358383554339, 117.23481911847209, 102.5158447163945, 100.76736629644088, 94.25440941268914, 83.4803143976368, 74.30563842975646, 68.08287462678334, 62.3892118589317, 61.05687048442934], [46.91783950771375, 54.153547901740005, 61.569618042273326, 68.78180366666265, 61.769852963415076, 54.35458395412816, 47.121385494969495, 5.362391943484361, 0.0, 9.701500058007214, 17.6877702740545, 25.822837429192827, 18.1725551520415, 10.424344642168878, 3.317045516505464, 43.184796712604815, 52.11890329355645, 59.683872195101294, 69.35182834612631, 76.9845798136951, 77.09237894695408, 66.40243256510402, 57.85552448469533, 49.48256987509077, 43.56655589025478, 20.56313386075607, 21.777629471791872, 25.973671145839877, 32.034624051027414, 38.61092641474009, 33.536742570376404, 28.633860147041073, 23.115922810583985, 17.031404015356717, 15.577885093350698, 35.27131424972466, 34.32904670627451, 41.41876786133723, 50.165081605076765, 52.68695115249445, 53.682626743399936, 51.203132145219186, 43.45159286193932, 33.4722950954123, 30.457025923977884, 19.01642443901216, 18.57643797192764, 76.0316813205415, 68.33283157415246, 63.64118389647353, 61.34977114340814, 57.75372547499, 55.33525195614458, 56.76588911328919, 68.16851231929655, 72.45094869736668, 75.62683943630688, 77.69700537395558, 76.59839874071736, 74.26532929259301, 67.69419158441117, 65.06933096005939, 61.80170110679366, 59.739070844377736, 65.11205235946038, 68.70629405718641, 70.72937574734291, 91.5028540372703, 94.28436692753922, 99.35485640726955, 102.83936817094856, 112.38849370508085, 112.70185601445465, 119.97328320536481, 104.43142062777767, 101.07689894439405, 93.34269095111895, 81.38717857273227, 71.48761218768719, 64.44586027863221, 57.942176839798094, 56.292890010024784], [56.34147598281249, 63.525151279916486, 71.01678901764728, 78.3910991149794, 71.27902463168269, 63.82450017905479, 56.62878965146322, 14.778084598183217, 9.701500058007214, 0.0, 8.53684446358173, 17.979030189064762, 9.992321920233858, 5.2554252256087715, 9.573984722899604, 50.746024143524714, 60.059300114368305, 68.04409253854655, 78.05734681749604, 86.0395814161805, 86.31674081589541, 75.27919490858646, 66.58134565812794, 58.08615468703661, 51.95105050720473, 21.89280884116008, 19.038799167015235, 20.165684026641618, 24.886123366172523, 31.590456357139608, 25.64017611907705, 20.692806535401644, 16.50194384857096, 13.403303332605022, 16.78154648210414, 43.474928738562824, 42.38612429028298, 48.4802822975487, 58.07131900258723, 59.66518138245157, 58.557949688588394, 54.92140496465221, 46.55898245464999, 36.37682633244148, 34.600025054341984, 25.72006640551017, 24.940490506554376, 82.92864708317079, 74.63556752543496, 69.05316788984352, 65.73221834560233, 61.146889474600165, 57.575681609555126, 57.90380829300385, 70.12394118087198, 75.36754966433999, 79.52769612997812, 82.82402841239309, 82.71502124011154, 80.76087336360398, 73.00388646543418, 69.30827606295071, 65.06088347004183, 61.559525211083994, 68.10710871067397, 72.88693031972271, 76.09092970671603, 100.44742007152122, 103.73317755406661, 108.65866085982482, 111.65996561490388, 120.67903217882402, 119.97851603729173, 126.14486424009569, 107.81797697292394, 102.61734750571102, 93.23947447711426, 79.70827911581756, 69.0813764275857, 60.74931332656582, 53.26112896028401, 50.66218704605788], [64.59840848101824, 71.82238075814963, 79.25518313230101, 86.41955786500306, 79.42540926257998, 71.9955643251433, 64.7563250640893, 22.890909187479078, 17.6877702740545, 8.53684446358173, 0.0, 10.154405114361548, 4.197058890749569, 9.385219369085254, 16.938379613174956, 59.17602264207632, 68.47411652784274, 76.4285189497157, 86.29783221568765, 94.10952139713052, 94.40394861802369, 83.65366207988238, 75.02844754090135, 66.57150902219672, 60.46438566024904, 28.687841830134715, 23.454568554124673, 20.699176907435255, 21.40888735838446, 25.929967437683068, 19.407775001482346, 16.914290435993376, 16.955124470543677, 18.23605998843552, 23.96775933960828, 52.01144536828092, 50.58763794370147, 55.84320125397917, 64.85267776948317, 65.89359496252315, 63.9333066751965, 59.48520965762196, 50.333068687363486, 39.965503914742804, 40.51509331618402, 33.58186202329259, 33.34003338077454, 88.03675151286261, 79.71984353227838, 73.69634383421516, 69.63886952380174, 64.27920068858221, 59.49583253696519, 58.19810745790064, 71.14526915546124, 77.36546185464663, 82.36171986076408, 86.64414767355767, 87.22217759198108, 85.61804778885642, 77.28006291838771, 72.75180315108301, 67.72680292872501, 62.549899763610206, 70.28710362188298, 76.06182912178348, 80.22346292354516, 107.89929128537203, 110.6761675352626, 114.95333528780208, 117.22168479088695, 125.68118639637851, 124.13374970631119, 129.09141616729374, 109.38298869717435, 101.73877530035843, 90.63372635969931, 75.56931137785395, 64.20893331528472, 54.88268598502404, 47.07072171774427, 45.38866369195983], [72.18643200776135, 79.4995244153126, 86.74258172783254, 93.33936049306998, 86.79806092428005, 79.50977598769843, 72.21336873617788, 31.044866152370798, 25.822837429192827, 17.979030189064762, 10.154405114361548, 0.0, 10.462988606955856, 17.92236638426759, 24.911787129659825, 68.06938849012047, 77.0197228708145, 84.57326747216653, 93.81624664466425, 101.01250353281152, 101.29205631374704, 91.4655823502461, 83.16378714157975, 74.92481673042813, 69.05991155464, 37.87828557132557, 31.6552932807705, 26.10202535488135, 21.464422093115996, 20.37732947065567, 14.696388378051902, 18.3540094399381, 23.242490902755602, 27.009435292736256, 33.347049612561165, 60.90707411793853, 59.544474197283236, 64.53881517798001, 71.99075565090129, 72.9733172653309, 71.442721036959, 66.62418672249423, 56.61050791452624, 45.96990637576376, 49.07051553893881, 42.79526747928071, 42.855840269480396, 93.11774257418304, 85.42090888742165, 79.4812118276404, 75.07238070356931, 69.22721146819308, 63.25876657406312, 59.777137628209616, 73.40121341693221, 80.6044098064699, 86.22976353167748, 91.15023973176912, 91.9929914228503, 90.66000172763636, 82.47812713541283, 77.45211594152725, 71.91980734393468, 64.85998483896813, 73.79247167219349, 80.29723614944668, 85.08653946332151, 113.44048742418565, 115.2082201920005, 118.75427607195442, 120.2763967407695, 128.38487744452277, 126.49632017309756, 130.18192572576606, 111.16001974914626, 100.07934781954023, 86.7600065574132, 69.61671422806522, 56.82378779950454, 46.129523667770236, 37.379471378239664, 38.33517788219203], [64.79964563091123, 72.00650373075078, 79.36261820984245, 86.40188957262494, 79.30884976469696, 71.87107627169442, 64.6157045477788, 23.084195592143082, 18.1725551520415, 9.992321920233858, 4.197058890749569, 10.462988606955856, 0.0, 8.424930343789496, 16.67153069873145, 60.452691520967015, 69.76464075145383, 77.6377736013028, 87.46293386198305, 95.0772530148461, 95.18151128412941, 84.54703421451369, 75.91293316070917, 67.43982224939894, 61.35180284047818, 31.23269413893555, 26.824065698271433, 24.784673200407564, 25.34702957017524, 28.769572980795047, 22.3114807034589, 20.87307420422217, 20.93894113674111, 21.397204122183883, 26.29528058157037, 52.71439935867002, 50.291053621541, 54.65106971810869, 63.02662093634934, 63.71020831298414, 61.53688813998667, 56.82902010295673, 47.291683509464725, 36.83760623955539, 38.748524548171524, 33.12235144193215, 34.30255408451745, 85.24012927691447, 76.89433187557216, 70.71790770012069, 66.42392193439736, 60.850440271013085, 55.7442859955569, 54.12929784296536, 67.16577774977911, 73.56660908457766, 78.75015179880765, 83.31393488616915, 84.15140013713574, 82.69823895350366, 74.1347528931062, 69.34554805203402, 64.12206483422176, 58.576194899620646, 66.54093171370685, 72.55611541655567, 77.01461999347708, 108.97583281217763, 110.68981793154339, 114.03709005010616, 115.68087061082618, 123.57758716035553, 121.35904339481684, 125.92891999604161, 105.46676475311537, 97.70656320602411, 86.77119201669548, 72.1426059636054, 61.397702845018536, 52.80339327986786, 47.01359919566663, 47.78979157823307], [56.56216789029673, 63.72966743174722, 71.11070215939087, 78.29598083306729, 71.05885183139193, 63.59030792792987, 56.3587880855377, 14.923206789033548, 10.424344642168878, 5.2554252256087715, 9.385219369085254, 17.92236638426759, 8.424930343789496, 0.0, 8.565197543163965, 52.581589471486694, 61.86836715046122, 69.70231706451207, 79.6109611125058, 87.28991906581138, 87.30727340994655, 76.47414815852942, 67.7876277381365, 59.2914905300717, 53.20695301792567, 25.857626568504422, 23.916883873297227, 25.188757663572613, 29.00493588417204, 34.339158002296344, 28.25607098188809, 24.66617487857037, 21.375061587990757, 18.251577929250555, 20.625858375044295, 44.49566596664135, 41.933888517824215, 46.77148416908457, 55.47138778118337, 56.61499387555342, 55.30264238658497, 51.33811278685222, 42.40489248536762, 31.957401494739543, 32.00584020781717, 24.93319733964884, 26.48862795141115, 79.15086244891116, 70.81597034932344, 65.0422141355849, 61.43766264761615, 56.59572649477352, 52.65832712563942, 52.68257566175726, 65.00216613350331, 70.43682563464351, 74.80168347171623, 78.4184487283499, 78.60527030786669, 76.82825096430278, 68.79376752619372, 64.78790276369037, 60.31291885507001, 56.41921672390953, 63.20864795264877, 68.25649614341471, 71.80724244113128, 101.78601283769186, 103.62238488189949, 107.31051857469103, 109.49444559389529, 117.80488077351832, 116.26693285514364, 121.96765083795657, 102.78634886014716, 97.49752384934492, 88.39573861174546, 75.46949715471793, 65.60785176003037, 58.1833607511077, 52.96041696018664, 53.15890086403779], [48.132194013852875, 55.342544637625764, 62.69211047213979, 69.80505148636772, 62.679646617884536, 55.24377954314191, 47.988596478384636, 6.61514810509417, 3.317045516505464, 9.573984722899604, 16.938379613174956, 24.911787129659825, 16.67153069873145, 8.565197543163965, 0.0, 45.274032389386235, 54.23313550036665, 61.748280263664675, 71.3923419119024, 78.86812048970624, 78.81937835447125, 68.21303120503796, 59.65612601730161, 51.27335293359101, 45.36737293107634, 23.125940095181125, 24.097818356848887, 27.865441293102712, 33.33630107060298, 39.292763197435136, 33.97157364828279, 29.66140022994899, 24.69265445601323, 19.034642284230245, 18.029489773901116, 36.88049676413531, 34.79814301839502, 40.87263006332395, 49.16220346215127, 51.281957843476164, 51.919709722086395, 49.11408243799196, 40.92761112398892, 30.70824748437376, 28.907266059651544, 18.923973083083954, 20.335931510382164, 74.24648271288802, 66.42399745072663, 61.50024650001562, 58.925991232219445, 55.07673453038575, 52.35130027778992, 53.555467110612724, 65.08192324495296, 69.55460409531958, 72.94421548258724, 75.33137505052649, 74.51893066972251, 72.33112620333405, 65.43627100394382, 62.51119652673124, 59.012956860759566, 56.61909953715362, 62.22555423465306, 66.08992571795113, 68.4432289286444, 93.44674280239505, 95.32489657922024, 99.54991676962243, 102.4398480701872, 111.46679492146279, 111.1159538932642, 117.99039865058838, 101.57752904243247, 98.04355232259365, 90.35724807197303, 78.65677245557077, 69.17424954619378, 62.566566968666905, 57.29101794341143, 57.123411144164315], [22.10505474560988, 25.23474765765955, 31.852525408404933, 41.13092372090242, 34.42508758683565, 29.04416863174239, 26.099435187206527, 38.85287159975671, 43.184796712604815, 50.746024143524714, 59.17602264207632, 68.06938849012047, 60.452691520967015, 52.581589471486694, 45.274032389386235, 0.0, 10.203130923159708, 19.607064006466363, 31.967817640962632, 42.77888453188883, 43.679450585873866, 28.745543848869023, 19.596252030708268, 11.97757073342946, 7.307866761014871, 34.9998129684775, 44.36212107233175, 54.192011724258144, 64.93751366023412, 74.97532983076385, 71.27537623310411, 63.089337682592934, 53.94160179187205, 45.59755049344767, 37.37442456636235, 10.882019977201708, 22.97212918791826, 35.24656138789526, 46.17590105643189, 51.966613672644996, 57.20167021188509, 60.42512644289963, 60.76685456008705, 57.22231398642003, 44.13878637105377, 32.96521360724253, 26.820738598440723, 77.11045251314711, 70.93454093112317, 69.8936675577721, 72.18221482065424, 73.39652135032655, 77.07066964066165, 84.50755123302402, 90.87368759562945, 90.2240473449893, 89.02802975758426, 85.7885923652456, 81.23483620874917, 77.26226699205357, 75.26615098002767, 77.62524412749791, 78.78544715956416, 84.34823844105321, 83.63917077328294, 81.9163930963382, 78.5596156535985, 62.50040137174253, 73.81488041059335, 86.06023849245813, 95.64953208624962, 108.68897150416407, 114.8020192180723, 128.31983658763295, 120.29908409435163, 127.78721245404634, 126.40941479769546, 119.22422624969123, 111.20409209824712, 105.72143998802201, 97.71563928368764, 90.14638767373803], [21.186456990330733, 21.609911580004443, 26.51439813033873, 35.13689718644519, 29.936746230275563, 26.485674896149785, 25.927907184057993, 47.687522747253304, 52.11890329355645, 60.059300114368305, 68.47411652784274, 77.0197228708145, 69.76464075145383, 61.86836715046122, 54.23313550036665, 10.203130923159708, 0.0, 9.612866919180615, 22.213947285740236, 33.50943192988944, 34.71406995957108, 19.43308845913315, 11.248192435777316, 8.060793583851156, 10.453489307469539, 44.55723508781872, 53.65789630205583, 63.13258926313929, 73.50345138172088, 83.16858718781405, 79.92073945406989, 72.02178203258013, 63.15073825329444, 55.06511624280018, 47.0010302308071, 19.110366468630605, 30.13311978340938, 41.36239201045215, 49.752493319910364, 56.283484530054984, 63.258280462641935, 67.39790285637221, 68.43110023365404, 65.43064130536825, 52.83987237280669, 42.26272150853191, 36.68164625885531, 79.34616416433802, 74.43034622247497, 74.61207223825711, 77.85983963645405, 79.90171254435424, 84.19678748443113, 91.83383249248187, 97.49574453663602, 96.18531381676345, 94.18721655878485, 89.83065468979312, 84.34769409504197, 80.10669531650697, 79.76458099543609, 83.12361341430274, 85.0817519260689, 91.33293609760499, 89.87594502009928, 87.2212848944851, 82.79981399732318, 53.82354070027572, 67.15259493467342, 81.32478654149686, 92.45265584927192, 106.47947951268846, 114.48361241378667, 129.1905887226459, 124.72695273653889, 133.30769243454804, 132.78246272224501, 126.24085589050313, 118.32857330251456, 113.17711445011096, 104.97268180752447, 97.23601797790275], [22.093618835979292, 19.843255510945806, 22.129254379325413, 29.20831186051876, 26.19114570829778, 25.12113703318777, 26.821040626694018, 55.14599914882579, 59.683872195101294, 68.04409253854655, 76.4285189497157, 84.57326747216653, 77.6377736013028, 69.70231706451207, 61.748280263664675, 19.607064006466363, 9.612866919180615, 0.0, 12.713690022990061, 24.193299245502562, 25.58934024438469, 10.494227709495968, 6.318670319691874, 11.844862522036673, 17.62886391964159, 53.46796940266141, 62.353430497899744, 71.45785845384607, 81.32117193339379, 90.40058834866505, 87.52473215399182, 80.09093876150408, 71.5766699893345, 63.65441839979239, 55.7155260743356, 27.057695492355773, 36.94362273871953, 47.19577619672008, 52.80851736203429, 59.945605569621755, 68.64240440477047, 73.46756217050516, 74.82064615067803, 72.15518332466921, 60.39664114165215, 50.24085683484688, 45.344834289815424, 80.49382545926542, 76.95071690996821, 78.29921086048965, 82.36621805725404, 85.08475220569416, 89.78731035680858, 97.39122431920697, 102.44478190957835, 100.62198561079383, 97.93991799218188, 92.61150794058764, 86.26955817636912, 81.8306156837299, 83.11051498160117, 87.31921642092097, 89.9514914202736, 96.62232192622879, 94.59250270444198, 91.15243443146787, 85.82679868266621, 45.02621990012399, 59.62426384516322, 75.3791416264741, 87.82028296875927, 102.70856519223943, 112.49916676955716, 128.17677141902368, 127.43995182144876, 136.71928445594972, 136.9609168013179, 131.1026573721059, 123.39713119609085, 118.73012667125836, 110.70249996205922, 103.45013367460339], [28.24161095370577, 24.081906804785536, 22.48805372252112, 25.33311021844665, 26.644637466492583, 28.729052718274527, 32.3358067954597, 64.83860021692648, 69.35182834612631, 78.05734681749604, 86.29783221568765, 93.81624664466425, 87.46293386198305, 79.6109611125058, 71.3923419119024, 31.967817640962632, 22.213947285740236, 12.713690022990061, 0.0, 11.92014454489617, 14.233531363964495, 7.2794652960959985, 14.678808071600837, 22.718843903311935, 29.06816173643531, 64.65599691812773, 73.14991481837913, 81.65723700020007, 90.74233193022329, 98.96684412361246, 96.64687670194492, 89.88729182795056, 81.93437188750354, 74.33611150359891, 66.66785378943402, 38.398348644894234, 47.44051690028335, 56.877323105182306, 59.33844942713321, 67.03641485932688, 77.57566987454928, 82.91800568823695, 84.24360435114835, 81.64159360816879, 71.08243084154383, 61.031938720548524, 56.5903619927227, 84.11577783163983, 82.38309005526784, 85.03418674146235, 89.88058258048902, 93.18221639244342, 98.06467012204128, 105.27583762911252, 109.84130280501634, 107.64691575127952, 104.32461733745328, 98.02188789816465, 90.72372608415955, 86.12797458556167, 89.31726035290633, 94.33605900881011, 97.58142920086706, 104.34667796022335, 101.93493249829054, 97.78237360637891, 91.58820014051128, 32.90136047856777, 49.936244289117006, 68.30799684940793, 82.59507329888467, 98.74588704423468, 111.07115224920051, 127.7508876308808, 132.1884057274755, 141.6148552033068, 142.42925316025094, 137.11138797228898, 129.458518642346, 125.25397687492207, 117.22398708424515, 110.49995934676764], [34.104242491951695, 29.191926454170538, 24.974342479685145, 22.96590372481654, 28.274939730204018, 32.55808148914529, 37.189766293890955, 72.4503818721969, 76.9845798136951, 86.0395814161805, 94.10952139713052, 101.01250353281152, 95.0772530148461, 87.28991906581138, 78.86812048970624, 42.77888453188883, 33.50943192988944, 24.193299245502562, 11.92014454489617, 0.0, 4.3926173615648585, 15.739580161267515, 24.47616670065776, 32.45766524450367, 38.87558728958015, 74.41961531116796, 82.63564882769364, 90.65208276002397, 98.9605916528378, 106.21270187617517, 104.24781530524285, 98.27062522871884, 90.87132914464277, 83.4464042373972, 75.98700831700003, 47.80359653171674, 55.65519961109222, 64.13617504165313, 63.51228481435661, 71.5562678930999, 83.7613848832412, 89.47825119690359, 90.65034646772484, 88.1626385616819, 79.03709044630195, 69.40139694090433, 65.84198473685463, 84.95970666594567, 85.0045850873757, 88.83544938325716, 94.32669449855777, 98.11936378347761, 103.08804047990166, 109.82461784868995, 113.82626171498212, 111.31322145388627, 107.43521163252507, 100.3187052042461, 92.21734800053788, 87.56049623704436, 92.50838900595923, 98.1951570503587, 101.97298457296633, 108.72363306827354, 105.96952476368675, 101.20088945297003, 94.2999801249334, 22.207109149322093, 39.309577492901155, 59.4926796169587, 75.14343700440655, 92.20799622746, 106.66427902088228, 124.04482566412592, 133.38217107559385, 142.81878425796154, 144.32713199124498, 139.84298563178368, 132.58093541030556, 129.16412427822553, 121.86396047638249, 116.58833078005951], [32.96140771285991, 27.58474755711157, 22.492196704659083, 19.26868326906961, 25.403443791520488, 30.386779360456742, 35.517706037660666, 72.43107854397783, 77.09237894695408, 86.31674081589541, 94.40394861802369, 101.29205631374704, 95.18151128412941, 87.30727340994655, 78.81937835447125, 43.679450585873866, 34.71406995957108, 25.58934024438469, 14.233531363964495, 4.3926173615648585, 0.0, 16.12340848515068, 24.793478385446058, 32.723943592296614, 39.1785851831801, 75.44268046641574, 83.77396702913313, 91.87749913429748, 100.156926734923, 107.24358716284915, 105.12415870871824, 99.2957380387035, 91.90417975024423, 84.31674104989278, 76.7761788578776, 47.88434586956182, 54.83475636270103, 62.6172388306853, 60.95910033335936, 69.00880812841314, 81.65627720076269, 87.56529134985655, 88.9046484804595, 86.73982422192252, 78.02863687456376, 69.00759555457796, 66.16085176290042, 81.40214860932149, 81.83940646812195, 86.00528471093001, 91.72877461659914, 95.76044527504646, 100.91608278296212, 107.74244785057337, 111.3353287516716, 108.57525267390562, 104.45946086473465, 97.07563842229021, 88.7997733993156, 84.13429180356093, 89.52336058332395, 95.45585605056472, 99.47196803981817, 106.45891934419839, 103.39656544917925, 98.3479263111738, 91.19616975345001, 23.114671261716317, 36.64211252442062, 55.86258148547571, 71.32065887480583, 88.17834204179508, 102.58692019335047, 120.13010247744919, 129.9719429808459, 139.93865596103745, 142.02579037899665, 138.20946146101144, 131.45921958984064, 128.56247998937667, 122.13443325797662, 117.86808147826788], [23.085203766627185, 18.034982270404424, 16.393182907570637, 20.966578488030947, 20.58795704139199, 22.587359064159607, 26.77480071698122, 61.62654708682037, 66.40243256510402, 75.27919490858646, 83.65366207988238, 91.4655823502461, 84.54703421451369, 76.47414815852942, 68.21303120503796, 28.745543848869023, 19.43308845913315, 10.494227709495968, 7.2794652960959985, 15.739580161267515, 16.12340848515068, 0.0, 9.494536373308069, 18.216476309510956, 24.871996094570093, 62.439298106341404, 71.31662263215628, 80.24384461274936, 89.64985126420369, 98.02429762533387, 95.24062431816398, 88.38296978310835, 80.16913823686748, 72.15608864247376, 64.20521810308402, 34.104428799621154, 41.90542981621811, 50.49647932422716, 52.75080158968544, 60.3084953300114, 70.82373634781156, 76.40210081664223, 78.20783165040915, 76.20892828165555, 65.58664189295851, 56.55631500921471, 53.13041091834969, 77.65621031210941, 75.6449945174491, 78.28978821372817, 83.2622070310037, 86.79111774189329, 92.03756501330587, 99.7296759373908, 103.80351930912292, 101.28024682923883, 97.77987953413576, 91.38107535746923, 84.18037708813495, 79.59059781474687, 82.64544440476168, 87.80132368867713, 91.24185500601598, 98.52745449022292, 95.6749626309808, 91.28929568802387, 84.96913015317497, 37.73718132756736, 50.81425589680676, 66.83872427668668, 80.06215449956966, 95.32151001556332, 106.46725678434976, 123.06501670148782, 125.90520855852732, 136.37015894952248, 137.92045077973674, 133.42354355093835, 126.51833584209461, 122.88481346020764, 116.10140874630626, 110.54816429568288], [16.759570461434862, 13.710122960665599, 16.336336132464524, 24.321955647826304, 20.231129934649573, 18.917987169071584, 21.109115045823973, 53.047139948339805, 57.85552448469533, 66.58134565812794, 75.02844754090135, 83.16378714157975, 75.91293316070917, 67.7876277381365, 59.65612601730161, 19.596252030708268, 11.248192435777316, 6.318670319691874, 14.678808071600837, 24.47616670065776, 24.793478385446058, 9.494536373308069, 0.0, 8.807954052090306, 15.44708449980714, 53.4884004059477, 62.56084515640623, 71.77562995665613, 81.53103664080243, 90.28720850013102, 87.15038924959526, 80.0041380968273, 71.53630254814131, 63.32068968165011, 55.231562139431375, 24.723217452734126, 33.06169535922809, 42.544687141500965, 46.95701799850193, 54.2406717035366, 63.644274822905295, 68.74038250993006, 70.24717834159881, 67.96825957735561, 56.750084981997645, 47.44198572559464, 43.88005794921203, 74.23436613947736, 70.90283047338993, 72.5368915322568, 76.85704366111688, 79.84321477733165, 84.78090505251652, 92.53893774227924, 97.15047450327324, 95.06685551607293, 92.15250253898655, 86.58704236738417, 80.09828909506162, 75.63587126430048, 77.23562466469133, 81.6896833370292, 84.57869523747377, 91.54696666515913, 89.16789283986628, 85.43419876698671, 79.8669023693077, 45.74412562937223, 57.10287397183053, 71.16026539833824, 82.87267978020438, 97.25106952665847, 106.50436710946292, 122.15759829419314, 121.39729825359166, 131.21454766087945, 132.1090475014849, 127.0697880869802, 120.04693036889087, 116.09464660497484, 109.37693086725652, 103.75539887236067], [13.249464496624986, 14.139543063576916, 20.12546769552762, 29.258042022580316, 23.076554129106846, 18.75173265261861, 17.88224187692824, 44.666986613540715, 49.48256987509077, 58.08615468703661, 66.57150902219672, 74.92481673042813, 67.43982224939894, 59.2914905300717, 51.27335293359101, 11.97757073342946, 8.060793583851156, 11.844862522036673, 22.718843903311935, 32.45766524450367, 32.723943592296614, 18.216476309510956, 8.807954052090306, 0.0, 6.66956375113845, 45.10392475146711, 54.292040692915506, 63.67675285205559, 73.62014287855152, 82.58616724494394, 79.15152560222326, 71.85744653283675, 63.25154241753346, 54.87434588404187, 46.7000163943187, 15.944385224046522, 25.24717996390603, 36.03348553608417, 42.551179375065004, 49.50031831055014, 57.80453928061915, 62.23756320840662, 63.11860402352623, 60.310680313459386, 48.74399634117601, 38.83809967870433, 35.10119848282998, 71.72772534492107, 67.24731097565997, 67.85612089769371, 71.4221173865939, 73.73846578217059, 78.16896259884784, 85.7480327031926, 91.03472034918876, 89.53437249507184, 87.29736851380126, 82.6542533569179, 76.88948122278453, 72.60333695715245, 72.79172944566182, 76.4361647889585, 78.67175082415646, 85.05869171880067, 83.33522101906435, 80.37344976042036, 75.66940578333384, 52.80345059389287, 62.60592690421875, 74.98200491226645, 85.30599285960568, 98.90808348666154, 106.51454712531799, 121.13437731673291, 117.35086925838472, 126.10004640073915, 126.17507517590417, 120.4877277724281, 113.27377036396443, 109.00323178867961, 102.34607182925562, 96.83170620945866], [14.861000301674649, 18.212602775458482, 25.202725233565552, 34.52852360280364, 27.50866925871817, 21.827576683511776, 18.86089149804871, 38.7898938271899, 43.56655589025478, 51.95105050720473, 60.46438566024904, 69.05991155464, 61.35180284047818, 53.20695301792567, 45.36737293107634, 7.307866761014871, 10.453489307469539, 17.62886391964159, 29.06816173643531, 38.87558728958015, 39.1785851831801, 24.871996094570093, 15.44708449980714, 6.66956375113845, 0.0, 38.78725845479069, 48.097063200872974, 57.674139126823576, 67.85379361726719, 77.09356789615312, 73.39085001898451, 65.88497543270618, 57.10608800247969, 48.58986637681438, 40.32861040983598, 9.464682914283872, 20.19591930818466, 32.13499873215761, 40.74638700358084, 47.1876204243353, 54.21994378573053, 58.01194983160661, 58.40029003868656, 55.15509961746023, 43.13168177660714, 32.64882026196092, 28.543841395252638, 71.11302318430202, 65.67444854517737, 65.37145780823397, 68.24247051600062, 69.95673237032625, 73.94691755839803, 81.39919071523889, 87.24526834986752, 86.23173726839099, 84.57884405721254, 80.74133464150704, 75.64515297387229, 71.54275549935815, 70.50136997721168, 73.42124485701629, 75.0739722383748, 80.97103188446363, 79.80413444563915, 77.52220813180008, 73.58630733212632, 58.69836791667681, 67.77971710085338, 79.08734894498072, 88.43433607554317, 101.40723567492347, 107.75391488989652, 121.55105008059739, 115.24893593315633, 123.19142145045734, 122.58909609714073, 116.33827315860479, 108.94665137109885, 104.34735442959703, 97.6423892379612, 92.02234103925966], [48.26083498897758, 54.63272956092516, 62.29309470750367, 70.87801067225092, 63.66477678905263, 56.51864179652206, 50.226187279331505, 20.769631313423766, 20.56313386075607, 21.89280884116008, 28.687841830134715, 37.87828557132557, 31.23269413893555, 25.857626568504422, 23.125940095181125, 34.9998129684775, 44.55723508781872, 53.46796940266141, 64.65599691812773, 74.41961531116796, 75.44268046641574, 62.439298106341404, 53.4884004059477, 45.10392475146711, 38.78725845479069, 0.0, 9.702161083947896, 20.227712029453407, 32.01760729829175, 43.57453048043505, 38.91770627205077, 29.426035484447137, 19.562335516173064, 11.491337173029429, 5.26995609801173, 31.419484107952012, 35.305224635255534, 44.97616382306497, 58.662170692405724, 61.495366897471996, 60.69114417809111, 59.092264002470756, 54.48148284104375, 46.83218341998341, 36.963062167983914, 24.133346393727376, 14.676823729781523, 88.