{
	"dissimilarities": [[0.0, 7.411057545667623, 15.845117415679349, 22.722047383395058, 16.517757062666107, 9.67424173841945, 5.418788816891559, 40.92615829357303, 46.980956316823104, 55.358495392678115, 62.592391113208876, 68.13133661130217, 63.01926662157821, 55.791865164426376, 48.41212899930339, 18.470809864384126, 19.204833434361493, 22.93720265251825, 28.427286133061983, 34.49223564114444, 34.275085195864136, 26.378185764920268, 18.346389778592656, 12.733956533882706, 11.575218165142028, 46.10130938082976, 53.1823665976443, 61.04346308890866, 70.38011903079659, 77.28144567480001, 77.62434839896889, 68.9733411545382, 60.730801126333446, 52.46893864284622, 45.43177250208732, 17.809257354399982, 25.84538288616326, 34.25563803251203, 37.493340263868475, 47.42019199436978, 54.59494398718758, 57.50014155268748, 57.825559450024635, 54.50660804687028, 45.67787207873154, 37.909138883498606, 33.747679593672416, 64.12592014081649, 61.50870498374738, 59.843370132940755, 65.38957457954763, 66.78922090122305, 72.03834524174154, 78.5909440712895, 80.47474093669275, 79.31359429487613, 76.83217233379308, 73.115250966049, 68.62741124661974, 64.37182716734006, 64.37239999992448, 67.63019454830545, 71.01072499032729, 75.59193227989509, 72.5968132366857, 69.17761390614491, 66.15494009735704, 54.26293747392083, 56.20775921099995, 67.37899129338572, 74.21536509731486, 86.70722217875576, 96.9667536636416, 100.52683322894056, 106.30076511130335, 114.94752256448378, 118.71647645217342, 114.76663234154611, 105.3972175453846, 103.02440775117265, 96.01338386086832, 94.65437295074454], [7.411057545667623, 0.0, 9.062895949331205, 16.859089510252712, 11.512240285581125, 7.474193649815476, 9.858940353925975, 48.256999278443054, 54.26187276808704, 62.56766793078154, 69.87438366892654, 75.50124992223276, 70.36563368715767, 63.112935777744774, 55.752413602817825, 20.28558460403419, 17.352632733594234, 18.410055676137024, 22.533160218296835, 28.49122358231646, 28.199427013185886, 19.790764198533846, 12.78050984361563, 10.569806679597647, 14.382131207432682, 52.469676806617926, 59.65130986638641, 67.66212530944348, 77.14804625389151, 84.27767705733281, 84.74245758709505, 75.92135739176388, 67.59868211607943, 59.29307384538812, 52.172636756573084, 23.439195014706645, 30.51097742117912, 37.88637160874018, 40.24325592862304, 50.48823341192311, 58.101156907739195, 61.69260182359057, 63.03447332587497, 60.56140012301275, 51.340895188045074, 44.28393471842272, 40.306150780410036, 65.44515830653997, 63.4636909496491, 62.52817429487236, 68.9433638635058, 71.09729588970296, 76.8420510418322, 83.88277930457114, 85.16061055498666, 83.40605816313246, 80.2271280361185, 75.68745026807532, 70.63810089232507, 66.33370037239303, 67.10701790110524, 71.14779280486974, 75.29018281221823, 80.38318729644635, 76.83354136473196, 72.67262960461241, 68.86776617205163, 49.62964177876842, 52.41308422144822, 64.85577285936557, 72.84137968326299, 85.75003907222062, 97.18123062314929, 101.82450486911141, 109.26543900257418, 119.53643773624479, 124.24877084814935, 121.06080101853178, 112.15328117930386, 110.09301463482541, 103.12624985158152, 101.4856786988496], [15.845117415679349, 9.062895949331205, 0.0, 8.315405636895234, 6.410661709440062, 10.000358612294761, 16.25489136902643, 56.580012750150466, 62.75586404587825, 71.18184797981986, 78.36022343546765, 83.72816601409728, 78.6036919974984, 71.37308291862576, 63.99109297612249, 28.29077776020873, 23.028286319118187, 20.29011022213002, 19.989299032433806, 23.16670523890443, 21.58244211383758, 15.552313791417182, 14.372803961545987, 17.25950488495365, 23.063604795397463, 61.51964279116974, 68.68257786264029, 76.63108739255236, 85.91711675729287, 92.77571018685742, 93.18510827110723, 84.71879819025683, 76.49785926956132, 68.22516519442941, 61.13716240291848, 32.230585952674154, 37.6799869707491, 43.46142990838136, 43.179148887927724, 53.53356183417548, 62.04392113345173, 66.32586721687346, 68.36226405809148, 66.8213389115775, 58.37420990269663, 52.234606056126815, 49.165764230282115, 64.84813241342397, 64.08847283841556, 64.57845936578951, 72.07251499731426, 75.09644413025156, 81.07002523174205, 88.24908545499235, 88.81139320792397, 86.51214926942238, 82.47354855122425, 76.92536699920146, 70.97852866937997, 66.68837170995413, 68.8697050878776, 74.0117619618929, 78.94362832323922, 84.308820467898, 80.3184430553374, 75.35784605211082, 70.47029663422445, 44.395934574299034, 45.577531581757306, 58.38393815408475, 67.418522680583, 80.7724211248413, 93.6493623066731, 99.94357162487363, 110.07696143234908, 121.77974272680115, 127.58870339386436, 125.55539465211177, 117.53712972732538, 116.32122111074104, 110.10501201775523, 109.23804042924465], [22.722047383395058, 16.859089510252712, 8.315405636895234, 0.0, 8.985704088511595, 15.532983661349325, 21.95141793292108, 62.441576237822524, 68.77406788950879, 77.3450993933952, 84.27739449663018, 89.20240607328286, 84.20982138937832, 77.08910079671234, 69.69898519677304, 36.50523807292285, 30.80687853410798, 26.51642087079789, 22.829244080172472, 21.81490525855194, 18.229447806654672, 17.749137154286625, 21.2584671447173, 25.364063457537043, 31.144892534544635, 68.7903898607068, 75.82530655154186, 83.5347891814825, 92.34743518265815, 98.63849933063794, 98.91760592416767, 91.13949336879324, 83.18057929084148, 75.03442345688558, 68.08271199418802, 39.783387642085586, 44.35353519899097, 49.11382833763024, 46.19912736654591, 56.389210922784564, 65.73005885479759, 70.32367575025758, 72.36487775169343, 71.30407679243028, 64.21790351222477, 58.60044179018738, 56.2771690282356, 63.865120701991124, 64.39865403823748, 66.33065952217413, 74.53607429120721, 78.07083443245337, 83.85823065788202, 90.69516132206786, 90.82969549773169, 88.34752744750384, 83.74142137314298, 77.51535885919994, 70.7519884391235, 66.54497752525091, 70.12063644970979, 76.11290616563439, 81.42757119945072, 86.64478624675168, 82.59026757340374, 77.20889393803999, 71.49162006572962, 40.504825753467394, 38.14230630551678, 50.64710144769669, 60.52035807376763, 74.4497912046099, 88.68193635279655, 96.69568509834524, 109.4771668946769, 121.52092552675921, 127.89549606921825, 126.71570001444273, 119.45684546166112, 119.06710752159381, 113.71605326617835, 114.0124624173812], [16.517757062666107, 11.512240285581125, 6.410661709440062, 8.985704088511595, 0.0, 7.557795993954127, 14.807562858185443, 55.54365763156785, 62.040454670727655, 70.61908561088694, 77.57866411339243, 82.68380883331916, 77.30915882144998, 70.05619879029318, 62.744187984300865, 31.183692201091166, 27.597292136300567, 26.218296317158483, 26.34083158029029, 28.61426198467685, 26.136548428918857, 21.718123849735044, 20.06986063835006, 21.215817106672418, 25.304546028691963, 62.15943407714287, 69.33733297614583, 77.27734051070354, 86.61117799975091, 93.12209782517223, 93.23141904392175, 84.9553072186643, 76.70154926065533, 68.38727148458436, 61.33404672768936, 32.349536590700865, 35.617018354380555, 40.1292993135072, 37.916474449094984, 48.21850927466161, 57.203834214302745, 61.70001737191575, 63.91802695551319, 62.999184833941534, 55.45224143023648, 50.269658094103384, 48.87145497706106, 58.47183693004236, 57.904774062381364, 58.81345862308672, 66.6152886632553, 69.93665718820931, 75.9330776569424, 83.17243182490019, 83.38668797393599, 80.88899745721592, 76.593573998727, 70.82259155365234, 64.70141248037976, 60.4207780843114, 62.94134937243985, 68.40900642479178, 73.57686135296562, 79.0142330301764, 74.86734563387107, 69.66482821911603, 64.47652637189154, 48.65950448675586, 46.020115090840235, 55.6818417014273, 63.260756504483126, 75.80615397628006, 87.88864661522807, 93.68515457175597, 103.82454507683428, 116.13405104095638, 122.66707584033718, 121.51227799306552, 114.40095710461266, 114.0777645554061, 109.15367608997512, 109.72811664282787], [9.67424173841945, 7.474193649815476, 10.000358612294761, 15.532983661349325, 7.557795993954127, 0.0, 7.419743650506802, 48.08330453534575, 54.5516695893092, 63.10663854249257, 70.10866649214891, 75.32857296492293, 69.92066365243754, 62.64223434856296, 55.32617393943349, 25.82193966248316, 24.39396252181162, 25.549073330923196, 28.37030249043956, 32.50804357600158, 30.921067041308095, 24.70444284435225, 19.57601675376127, 17.49792010410497, 19.350060780050356, 54.74438726126971, 61.901176993175795, 69.83114280873087, 79.24138496016744, 85.82267371740973, 85.91011274264149, 77.48358935287784, 69.1896394221912, 60.86557492026201, 53.821452774213, 25.1548653885467, 29.109676390938215, 34.81896232439396, 34.42796974732158, 44.761594426346086, 53.156150079971724, 57.05795904606841, 58.56880466065573, 56.85942911174502, 48.94835848863749, 43.095293123692116, 41.383001283366006, 58.16893024618157, 56.54793189607684, 56.26637472852043, 63.15894381848311, 65.7222530753147, 71.47035836395791, 78.5274340704179, 79.36908489230625, 77.38105260176805, 73.83021123070844, 68.94591575655305, 63.57066975997208, 59.2675402513874, 60.607612161452174, 65.14973181041756, 69.61663530255053, 74.76605393687129, 71.03637429345387, 66.53841576207591, 62.26914580400609, 52.639132139491586, 51.13874418892078, 60.48035488507418, 67.0833577091034, 79.23758463355287, 90.01150589817681, 94.38124271130484, 102.24525073198397, 113.18036584970596, 118.76456214369725, 116.67928391436271, 108.8963505376284, 107.99963975790895, 102.66172199877434, 102.92488055364822], [5.418788816891559, 9.858940353925975, 16.25489136902643, 21.95141793292108, 14.807562858185443, 7.419743650506802, 0.0, 40.81717591558757, 47.257253705688804, 55.83839143440381, 62.80823292026371, 67.99379780635586, 62.68768514558879, 55.44731667001901, 48.09298209630097, 23.13144430670392, 24.25153646735336, 27.49879453706077, 31.95123633439165, 36.85768395573354, 35.799325271823236, 29.192825881535125, 22.340211842127328, 17.551831836087914, 16.179845040619984, 48.08021404205028, 55.09472397380476, 62.840904481816345, 72.04905952971407, 78.47243309134588, 78.51891906620043, 70.24224869302756, 62.0652113587294, 53.82524218000745, 46.888879771727375, 19.67431744425023, 24.969306593254327, 32.13727692561537, 33.26950533780816, 43.278471326026164, 51.06681138319135, 54.15903046318795, 54.49950650660959, 51.68381078295215, 43.965834440829916, 37.0996963736296, 34.8311847491332, 58.92947905385413, 56.55736013641946, 55.35184938746205, 61.205969563603404, 62.858577724991676, 68.06226453285268, 74.57209643423485, 76.18010475244554, 74.89923442341944, 72.18204873458319, 68.25980718932057, 63.54510784719202, 59.29109423280185, 59.687058842347874, 63.279631950449904, 66.84711185409465, 71.4181002089644, 68.33893717479746, 64.71971262163134, 61.39197560850204, 56.05654636180427, 55.09422627650246, 64.14379649394618, 69.99009471089353, 81.96307992687593, 91.73682595513525, 95.10938531245934, 101.18958788497932, 110.17516249673744, 114.51848900107193, 111.34257408156402, 102.78311870253486, 101.29020669203696, 95.52325759379136, 95.66357271733521], [40.92615829357303, 48.256999278443054, 56.580012750150466, 62.441576237822524, 55.54365763156785, 48.08330453534575, 40.81717591558757, 0.0, 7.015224273626895, 15.636172325334515, 22.101041595116033, 27.60917687115603, 22.122596870688145, 14.940140249230696, 7.5928830257142765, 41.52070536096412, 50.490345084851306, 58.51983010721211, 66.54919263611932, 73.24316190203389, 73.53444107050107, 66.02419632578139, 56.43786252488691, 48.01624776233117, 39.72118648424894, 19.776295313614153, 22.91429864178533, 27.765857987388667, 35.60750711346894, 40.79417032160381, 39.95172880668494, 31.91613197640845, 24.61595892611167, 18.05865802014787, 14.719012573318189, 29.215022881218818, 31.483031935472095, 38.41464283418577, 46.282619303452776, 49.821585763527814, 50.848508732167595, 48.27111235849703, 41.657617055143966, 31.969390938556792, 28.294180410758923, 18.328126674670138, 15.565377743502241, 72.95360897500758, 66.9621777486823, 60.83698364202062, 59.44045746544623, 55.40109006865935, 56.52598366308991, 59.1054870278287, 65.13875468933105, 67.98031108218042, 70.5790988543402, 72.64135474198389, 72.64390421947756, 69.50952536110697, 64.39357896409136, 61.736863674119206, 59.4182299806896, 60.06003386089604, 61.18502601479063, 63.328470502941734, 66.07865131641202, 89.0949738756692, 89.37051132049918, 95.32264931073263, 96.83130148555838, 105.92681815275593, 109.25716709115757, 106.04593720480848, 100.36176095620799, 99.18417515784442, 96.65622590542479, 87.31555445986974, 74.62863294921092, 69.17463912972912, 61.40915759391117, 61.09435463483724], [46.980956316823104, 54.26187276808704, 62.75586404587825, 68.77406788950879, 62.040454670727655, 54.5516695893092, 47.257253705688804, 7.015224273626895, 0.0, 8.749392172015666, 15.623566176929167, 21.817824501942834, 16.89555382674948, 10.450432024341339, 5.393393039673633, 45.917723734065596, 55.08112228120015, 63.29172505551743, 71.5855152472757, 78.5237153660875, 79.11568934212454, 71.42590779660591, 61.70032749480805, 53.23358587568068, 44.87494457447564, 17.460240065336016, 18.331593466838854, 21.62219737455051, 28.85409039630286, 34.07983639810862, 33.27560008249016, 24.93650868257716, 17.988244355319086, 12.631759755614853, 12.105551088934156, 34.583760371516036, 37.30179658772215, 44.13340438179561, 52.75461218003468, 55.731035975930475, 55.86626219170372, 52.693423653963016, 45.56530419729983, 35.37980314797923, 32.212033678098464, 22.9591290207524, 19.0804912082993, 79.17329337009936, 72.94461246379915, 66.40656126999296, 64.20495496198933, 59.529908662680825, 60.04832499788566, 61.89334506686368, 68.5129227864501, 71.90089304642927, 75.18443811824126, 77.92525308880556, 78.43908687484004, 75.45851159360429, 69.85512708958355, 66.50937072281152, 63.47595814042977, 63.5328997763214, 65.24735935381166, 68.10446324132612, 71.51841177891573, 93.90614732737235, 95.19570449999203, 101.6350755255201, 103.19154616742232, 112.2804725003209, 115.26842143667157, 111.59387440451158, 104.61822083058543, 101.7960507079805, 97.84160554450457, 87.06245038839185, 73.21728263989175, 66.3157076555079, 57.08075870320349, 55.30802408922555], [55.358495392678115, 62.56766793078154, 71.18184797981986, 77.3450993933952, 70.61908561088694, 63.10663854249257, 55.83839143440381, 15.636172325334515, 8.749392172015666, 0.0, 7.843236179066013, 15.36595179722734, 11.501034628976214, 8.492864913481789, 10.606994667201874, 52.8410008099463, 62.21357418789504, 70.64069131924317, 79.22975110717547, 86.43734816123444, 87.26600703463345, 79.34329233713447, 69.42554401403324, 60.90325778094215, 52.485050899211274, 18.925951251487096, 16.224753540546985, 16.069555330631587, 21.902640732888212, 26.927597303229675, 25.940476822707904, 16.989907845765646, 11.144461625146905, 10.12601596878091, 14.543765903029584, 42.18814306650879, 44.552843381295304, 50.82127025723601, 60.095668644781554, 62.201478085370546, 61.161096786304654, 57.25948126424519, 49.630844733242434, 39.196807394839134, 36.863077130829254, 29.05492806153748, 25.529986849907658, 86.03612711337419, 79.42696644525486, 72.31269008280191, 69.05113652645493, 63.621542277581106, 63.42024669842058, 64.45305045351965, 71.66570465903773, 75.65081060786986, 79.78204841837152, 83.40622313799949, 84.66235436912544, 81.91140505855454, 75.6050000740002, 71.35542276799873, 67.45479013871149, 66.84727985810578, 69.22517912796211, 72.95280724357185, 77.23814667068778, 101.53626085621902, 103.52387737007194, 110.02448304628494, 111.30687082304637, 120.07529216651639, 122.29040074351859, 117.69682067467248, 108.74554640579751, 104.18806963044636, 98.7635876383888, 86.55469309469548, 71.73058093768262, 63.350911537795014, 52.91267068371105, 49.6829254688492], [62.592391113208876, 69.87438366892654, 78.36022343546765, 84.27739449663018, 77.57866411339243, 70.10866649214891, 62.80823292026371, 22.101041595116033, 15.623566176929167, 7.843236179066013, 0.0, 8.006720306356032, 6.372295237172711, 9.662115789636244, 15.503824728001186, 60.66043431926368, 69.98770939612494, 78.3216616270824, 86.73315844878026, 93.67055061113577, 94.36234221775766, 86.79241303121147, 77.04536126086424, 68.5638155218548, 60.17070842969977, 26.134788877858306, 22.095689140634512, 18.960564317312233, 20.62975063634081, 22.732877542193993, 20.71734063477738, 14.736121956336307, 13.490652450419809, 16.662412024786747, 22.164872972818184, 49.77620235372649, 51.36277880899651, 56.78505971387031, 65.25045797526897, 66.46537594148619, 64.84982239791286, 60.313110414550614, 51.77595347667867, 41.160301088229104, 41.31298382475544, 35.04040298927274, 33.11775574267263, 89.49961007816357, 82.8416496112898, 75.64135830257362, 71.49871267117011, 65.39927294236757, 64.13551772365966, 63.849680377531485, 71.66318265402742, 76.40928814077452, 81.31187984986047, 85.75759497187599, 87.54600766088771, 85.07716020322923, 78.49038832521803, 73.57816395906536, 68.77642004346215, 67.16192074566831, 70.41407318430646, 75.02543768061379, 79.97822709331216, 108.1387205717747, 109.33915771009389, 114.88151246847112, 115.38158688003922, 123.5685644443098, 124.77633871200001, 119.37520936577783, 108.96704363587291, 102.1154586870794, 95.17296754930246, 81.78332809215715, 66.34771485527743, 57.21277469262453, 46.96867016176933, 44.95918076235254], [68.13133661130217, 75.50124992223276, 83.72816601409728, 89.20240607328286, 82.68380883331916, 75.32857296492293, 67.99379780635586, 27.60917687115603, 21.817824501942834, 15.36595179722734, 8.006720306356032, 0.0, 7.443799359106343, 14.203242974535852, 20.53338333945502, 67.55854826515649, 76.64617521898715, 84.67487093578615, 92.6323793190099, 99.00679026451017, 99.4343395077876, 92.55220344193012, 83.22520211360606, 74.889426928589, 66.62545600877522, 33.98388702380521, 29.808873568879488, 25.594316342556173, 23.669062935301138, 21.64984310831924, 18.370584805296698, 18.29448363731721, 20.419632213069416, 24.50018698827644, 29.87621484051743, 56.34135041694178, 57.5281311072923, 62.363323247734584, 69.3802799910414, 70.01506312611048, 68.43446751209353, 63.52964495429358, 54.07400099140592, 43.40954725916503, 46.303326563024314, 40.99324274396923, 40.22087003132536, 91.45320229603611, 85.08047523220795, 78.2421151354955, 73.61113574330733, 67.08657068762824, 64.71827814969464, 62.88685468698855, 71.21791238064118, 76.72800054914738, 82.1688722305793, 87.1768695630373, 89.16244730227206, 86.9447070128461, 80.53863518319582, 75.34373639512457, 69.83318978702135, 67.12244884637025, 71.25576984062545, 76.55292154069726, 81.82237223839567, 112.48874377366342, 112.43987434084428, 116.84042708730507, 116.5628835401562, 124.26575768497376, 124.69945802460234, 118.95603090779417, 107.99082827215342, 98.50691086893671, 89.9013685046189, 75.29331841972653, 59.14066032362702, 49.430857674907536, 39.81490079397645, 40.74705482565802], [63.01926662157821, 70.36563368715767, 78.6036919974984, 84.20982138937832, 77.30915882144998, 69.92066365243754, 62.68768514558879, 22.122596870688145, 16.89555382674948, 11.501034628976214, 6.372295237172711, 7.443799359106343, 0.0, 7.475220333429778, 14.63852541604068, 62.560838193475526, 71.88633198620626, 80.14475497782392, 88.32130158654188, 94.92831636076357, 95.23870972411984, 87.99980627174088, 78.38781358776382, 69.90150641506426, 61.49212217754305, 30.046898300487722, 27.069035680037178, 25.00386890470005, 26.791110679711622, 27.487131446839157, 24.77148746485899, 20.82049946389325, 19.470574379490145, 21.23150350606631, 25.55156565289552, 50.637153318246064, 50.78730878814857, 55.18019832331251, 62.458837343856096, 62.96087902169695, 61.190342786339656, 56.35163125999402, 47.186071442566615, 36.52046363733854, 38.86763708483485, 33.917799355222066, 34.418996322140856, 85.20553826100283, 78.54260941722359, 71.4013320840675, 66.85098003871563, 60.480877890968195, 58.67366735302969, 57.838777440439465, 65.82347182359116, 70.86059410581952, 76.03473934445672, 80.83674265430346, 82.88548915329197, 80.59919441822652, 73.92142123370506, 68.7445888049755, 63.543561866016226, 61.45877470322638, 65.08568677611116, 70.07354594552076, 75.30234460157133, 109.51260079757041, 109.00022219599651, 112.99956999807732, 112.52993487792124, 119.95243048337134, 120.23280788515005, 114.14443911679115, 103.056602254286, 95.83427066950333, 89.1180678345895, 76.30134434354348, 61.72980306341778, 53.90750426941119, 46.33531853995138, 47.88195313066129], [55.791865164426376, 63.112935777744774, 71.37308291862576, 77.08910079671234, 70.05619879029318, 62.64223434856296, 55.44731667001901, 14.940140249230696, 10.450432024341339, 8.492864913481789, 9.662115789636244, 14.203242974535852, 7.475220333429778, 0.0, 7.437124851969813, 55.51953981002454, 64.86252965620939, 73.15769716096123, 81.38664879513351, 88.10393046235286, 88.38168936211221, 80.94802074384339, 71.23872182810184, 62.71695478824247, 54.2826788401048, 25.09601674336097, 23.828002345279344, 24.30405155021936, 29.095512637119317, 31.935027043375335, 29.92087237201041, 23.554218391933983, 19.10900220353606, 17.653212047405084, 20.131190714708058, 43.28207552813903, 43.42758082542912, 48.20210987788392, 55.81582593852438, 56.95836916902704, 55.73913185108354, 51.41637063017803, 42.87055512897348, 32.17705105713707, 32.829927685453114, 26.838170539611227, 27.341590657802556, 79.87839283215277, 73.23272213283319, 66.16792239986806, 62.382721099699275, 56.5954323443748, 55.75102146371774, 56.20018785229618, 63.60391110702665, 67.9266338697673, 72.37726899359042, 76.44387149433514, 78.02499501638766, 75.49433084854057, 69.04896431451384, 64.45964143442839, 60.06270760401736, 58.91108827384621, 61.72476591486222, 65.91367597880115, 70.55242079098325, 103.34405395993555, 102.90612753349434, 107.26036997001374, 107.21196329887323, 114.96247967465003, 115.95040864525868, 110.45407755709388, 100.66867001479909, 95.78100476675114, 90.78220737371088, 79.43730360791933, 65.8042923455713, 59.13571762877806, 51.90499224523933, 52.952310616597956], [48.41212899930339, 55.752413602817825, 63.99109297612249, 69.69898519677304, 62.744187984300865, 55.32617393943349, 48.09298209630097, 7.5928830257142765, 5.393393039673633, 10.606994667201874, 15.503824728001186, 20.53338333945502, 14.63852541604068, 7.437124851969813, 0.0, 48.810189000401245, 57.94319981941249, 66.06307629356596, 74.11982039740397, 80.73228145888993, 80.9626836668349, 73.603005802705, 64.02164552086731, 55.572203299726354, 47.225706279540134, 22.09294051090685, 22.917045279114514, 25.651342318518207, 32.05750004611391, 36.03840495130128, 34.60172503654029, 27.445890559684273, 21.334593741705348, 16.969408468922275, 16.73489892532999, 36.44623321222014, 37.396599845062596, 43.06615687636658, 50.581727406310584, 52.808637521492265, 52.72637083668892, 49.19559746130124, 41.373751192144965, 30.922563055440296, 29.852807820440574, 21.986257050010376, 21.470517318680024, 75.74025879142586, 69.43264465078504, 62.85750657878374, 60.20919371416886, 55.22581943573402, 55.2759184061946, 56.701550257253984, 63.48872721026145, 67.14370969586787, 70.70674733507927, 73.82091726432162, 74.618274403549, 71.7986633841774, 66.02335664166606, 62.36710528320984, 58.932434516762335, 58.58975293462429, 60.636590680026146, 63.87045306784743, 67.60120396512595, 96.15269638966085, 95.82510947767958, 100.76780452269078, 101.36727421357244, 109.73109998948195, 111.8043641567111, 107.42404738558953, 99.70763309265912, 96.52649199972309, 92.73409705535816, 82.40527572659359, 69.25560128623226, 63.31331793780557, 55.94283618085102, 56.601965431423615], [18.470809864384126, 20.28558460403419, 28.29077776020873, 36.50523807292285, 31.183692201091166, 25.82193966248316, 23.13144430670392, 41.52070536096412, 45.917723734065596, 52.8410008099463, 60.66043431926368, 67.55854826515649, 62.560838193475526, 55.51953981002454, 48.810189000401245, 0.0, 10.310170509273792, 20.02297517789337, 30.63483881422871, 40.729804408797456, 42.99923713826982, 31.2284727166128, 19.559273126313997, 11.574964078640159, 6.966875616660168, 38.19898709067891, 45.42739460870049, 53.92628839636998, 64.57669026803704, 73.5293292196993, 74.62918966539088, 63.84320870400852, 55.05943630590958, 46.82802503543215, 39.69663505701963, 14.813627686759514, 26.519536581268895, 36.754331936791814, 46.93294921601586, 55.77310565234052, 60.085114498954724, 62.28133549730122, 63.2381154985279, 59.17522287537031, 46.33721330319799, 37.48797947252847, 29.178786104722043, 77.45381500331241, 73.13719346573434, 69.11577368790373, 73.16402061456604, 73.71332431196956, 79.42791755265132, 86.7575932464836, 89.21017356952012, 88.1224966375701, 86.55594850850783, 83.86307735264263, 80.85232144003427, 76.6892691089643, 74.43907251150544, 76.10148374610033, 78.87891413620208, 83.89774602297881, 80.85868327683272, 78.1212634610558, 76.57330980873796, 61.90107059520036, 70.77815770568209, 84.84959166227651, 92.43378505973855, 104.75203895500411, 114.344017267881, 116.24439949698464, 118.44846382436792, 127.31723536920967, 130.20516563256018, 124.6031579287006, 113.5743367205494, 108.93834664127279, 99.0528566777661, 93.20419616275267], [19.204833434361493, 17.352632733594234, 23.028286319118187, 30.80687853410798, 27.597292136300567, 24.39396252181162, 24.25153646735336, 50.490345084851306, 55.08112228120015, 62.21357418789504, 69.98770939612494, 76.64617521898715, 71.88633198620626, 64.86252965620939, 57.94319981941249, 10.310170509273792, 0.0, 9.81943250365911, 20.753636873766993, 31.404301062843757, 34.25939144290131, 21.888824319382554, 10.691594137067959, 6.932042859294292, 11.842140648829544, 47.86267446674008, 54.89737787717983, 63.12208816049724, 73.21311848409611, 81.92469869293924, 83.1765065541923, 72.92042592370855, 64.43415914879502, 56.36654721434566, 49.34521304080357, 23.73036711049239, 34.41336746767901, 43.662377167615645, 51.6182071633734, 61.1790362680417, 66.61333586347662, 69.5612512974665, 71.11131115038877, 67.65426562907862, 55.38372310687806, 46.97808568662477, 39.142063485870885, 80.1741497379201, 76.91006405501403, 74.12968831123709, 79.33129392010198, 80.68987290789984, 86.68523571629306, 94.14670479762746, 96.09154555924674, 94.56302969099129, 92.19487124781303, 88.51041632292231, 84.55924526735727, 80.29479774231575, 79.33801037779094, 82.08970668239118, 85.63825923904946, 90.93132833978316, 87.49879288659741, 83.9855582466854, 81.37645649290238, 53.18098207783563, 64.16260284934225, 80.4076498839252, 89.6866996996389, 102.96101226539906, 114.39994814572142, 118.20699939444134, 123.18275460397227, 133.06200356670615, 136.55755351105122, 131.49871740767392, 120.69526936536684, 116.34567007745211, 106.31873499356824, 100.34691664931617], [22.93720265251825, 18.410055676137024, 20.29011022213002, 26.51642087079789, 26.218296317158483, 25.549073330923196, 27.49879453706077, 58.51983010721211, 63.29172505551743, 70.64069131924317, 78.3216616270824, 84.67487093578615, 80.14475497782392, 73.15769716096123, 66.06307629356596, 20.02297517789337, 9.81943250365911, 0.0, 11.148627768067334, 22.234167590408074, 25.747865227842578, 13.219279923121533, 6.305511862478811, 11.942986734632758, 19.930750002531067, 56.91381750470273, 63.78827683040462, 71.73123849643561, 81.22824413861477, 89.54259419758239, 90.8627819215329, 81.24836046247233, 73.06799738772409, 65.14190874565189, 58.22197457564886, 32.401187255072585, 42.455345006396605, 50.94926615585517, 56.702206120157236, 66.70622432210168, 73.13544458143032, 76.60797421523642, 78.40774684635981, 75.34298950686907, 63.87028264934738, 55.70686441013914, 48.24313892693649, 82.87006537407468, 80.68170037063551, 79.12856126160153, 85.25431569612631, 87.2282650052024, 93.29707825419386, 100.67109113231572, 102.23547484806609, 100.43332540829522, 97.41916737736133, 92.92528733228055, 88.11546380409956, 83.80832035497123, 84.1038484908231, 87.78584295867253, 91.88899753811788, 97.2549534547093, 93.61020312418614, 89.52355413125396, 86.00915769548364, 44.37408901192877, 57.27713270835447, 75.59499235256115, 86.48542082408365, 100.6648188447276, 113.8551312189077, 119.56345368472739, 127.23788166837193, 137.66464647754626, 141.56567382216494, 136.96946642954939, 126.40467008390453, 122.39130774181851, 112.39832379406947, 106.63889371659455], [28.427286133061983, 22.533160218296835, 19.989299032433806, 22.829244080172472, 26.34083158029029, 28.37030249043956, 31.95123633439165, 66.54919263611932, 71.5855152472757, 79.22975110717547, 86.73315844878026, 92.6323793190099, 88.32130158654188, 81.38664879513351, 74.11982039740397, 30.63483881422871, 20.753636873766993, 11.148627768067334, 0.0, 11.342128415480442, 15.618013323465984, 5.382276764569246, 12.545833503738326, 20.835281783526614, 29.198295419236413, 66.6486701452845, 73.39106101096361, 81.02782135274148, 89.84361892708195, 97.51364425949258, 98.78722316872584, 90.03615671493245, 82.19602856969718, 74.39209391206766, 67.57171645754985, 41.56917139550465, 50.938893266675365, 58.66301138111432, 61.797405195928036, 72.08618446137656, 79.60777222441898, 83.52944130041118, 85.36792562277623, 82.67648337955875, 72.41710692175025, 64.52374478042714, 57.68046417487354, 84.74392108140438, 83.84559682306704, 83.7417286826822, 90.7689835649713, 93.32701456858874, 99.30409677570569, 106.38690782914678, 107.56822325713054, 105.57028987230517, 101.91203424736001, 96.61945217700676, 90.87231067172996, 86.57649712457896, 88.32247451261692, 92.97748075866177, 97.56387887233333, 102.84472589345108, 99.09315478476792, 94.48957968728256, 90.0311083986991, 34.037841172917084, 48.24098976077456, 68.61800897754657, 81.18828147840438, 96.30354800513282, 111.37082676232615, 119.25831411919737, 130.03582006979815, 140.73579269741478, 145.02907770003415, 141.0489098456131, 130.93684715099678, 127.52441312708423, 117.96743173737325, 113.04136693786258], [34.49223564114444, 28.49122358231646, 23.16670523890443, 21.81490525855194, 28.61426198467685, 32.50804357600158, 36.85768395573354, 73.24316190203389, 78.5237153660875, 86.43734816123444, 93.67055061113577, 99.00679026451017, 94.92831636076357, 88.10393046235286, 80.73228145888993, 40.729804408797456, 31.404301062843757, 22.234167590408074, 11.342128415480442, 0.0, 5.936393797972472, 10.812888283588471, 22.192311367178, 30.161748036756233, 38.16384701035524, 75.35960122615872, 81.95257016340119, 89.24535955869868, 97.32785237184461, 104.18645250334305, 105.32259131078669, 97.57401263565045, 90.11459205693477, 82.45831482318731, 75.77999377189147, 49.997713925548524, 58.72439309332047, 65.7780708815055, 66.31665125544855, 76.66510282131557, 85.18157257605986, 89.3708620509499, 90.97411027806437, 88.53897218530594, 79.78632441079924, 72.14311972499766, 66.01505372298315, 85.67091669075778, 86.08351022841818, 87.42049836506112, 95.13903028357788, 98.11794127517223, 103.79902616592307, 110.3600359488424, 111.25095662345112, 109.21310161900206, 105.05332464734228, 99.14255963602466, 92.540773161067, 88.32024351523556, 91.48366550908496, 96.96835591721337, 101.84105334807343, 106.83538776224425, 103.14909970139341, 98.21424035178393, 92.95430635255924, 23.934674630837346, 38.02111881773364, 60.30832476250948, 74.4327471911495, 90.44639467896043, 107.25876603664521, 117.31596682048256, 131.13092717691006, 141.5992381153801, 146.10490367463436, 142.73391783065765, 133.18421543461514, 130.511836057664, 121.69055617754495, 118.05167224160871], [34.275085195864136, 28.199427013185886, 21.58244211383758, 18.229447806654672, 26.136548428918857, 30.921067041308095, 35.799325271823236, 73.53444107050107, 79.11568934212454, 87.26600703463345, 94.36234221775766, 99.4343395077876, 95.23870972411984, 88.38168936211221, 80.9626836668349, 42.99923713826982, 34.25939144290131, 25.747865227842578, 15.618013323465984, 5.936393797972472, 0.0, 13.132633549182009, 24.32968823453309, 31.880231126689917, 39.587123972667484, 77.13503996595857, 83.80133327945231, 91.10053696835537, 99.12734627585894, 105.61541411703169, 106.52627665356549, 99.08486930650969, 91.62385032398468, 83.89018167269337, 77.17653213244148, 50.82223850735828, 58.603083278360906, 64.9983299249629, 64.03523672931215, 74.31897362493936, 83.30699065739186, 87.67430397395383, 89.31003606734684, 87.25800932986648, 79.32693910548132, 72.17014779829407, 66.99752092542454, 81.58651437238055, 82.53913526665194, 84.53421391326546, 92.5910108300766, 95.84317201420065, 101.44233894731877, 107.87363754199514, 108.48598314305374, 106.32873577321824, 101.88527476951629, 95.67561868476656, 88.73228660312589, 84.56278799649581, 88.34146176317215, 94.22891299868645, 99.30131098401102, 104.24179543223408, 100.4966617131522, 95.34512483847612, 89.69884237621599, 23.868080873145598, 33.094461103751705, 54.53355340724015, 68.61214284509671, 84.61848163238861, 101.67779870327465, 112.22489444862806, 127.04461996965678, 137.80109751238626, 142.80827088931704, 140.15628377093665, 131.3191645348538, 129.41227817781214, 121.59946551617413, 119.25790595329049], [26.378185764920268, 19.790764198533846, 15.552313791417182, 17.749137154286625, 21.718123849735044, 24.70444284435225, 29.192825881535125, 66.02419632578139, 71.42590779660591, 79.34329233713447, 86.79241303121147, 92.55220344193012, 87.99980627174088, 80.94802074384339, 73.603005802705, 31.2284727166128, 21.888824319382554, 13.219279923121533, 5.382276764569246, 10.812888283588471, 13.132633549182009, 0.0, 11.88664176856311, 20.36494088670866, 28.801321313216796, 67.44514775400823, 74.36357108289482, 82.142587226582, 91.1235339470059, 98.58779453535014, 99.63414480558586, 90.95430301025499, 82.9731685027471, 74.99035690971984, 68.03933735451555, 40.77693399311153, 49.03965797850145, 56.073052238559704, 58.042314358527996, 68.36233831498673, 76.26543419489481, 80.44303857861307, 82.53996443739473, 80.33936261232611, 70.54386031201872, 63.2277852128291, 57.443779472820474, 79.96018335265185, 79.35381972503401, 79.67235804162948, 87.04810272335163, 89.92579987937216, 95.99410040223296, 103.18227885705957, 104.03620388857446, 101.81375999968937, 97.85757111657264, 92.2653065390417, 86.28867160252031, 82.00697637598523, 84.1413171623689, 89.14980946501403, 94.01747946165929, 99.41882564957513, 95.4804992326539, 90.59334998514464, 85.79552986224765, 34.619468830182726, 45.42240890775813, 64.45431705240296, 76.59527664806146, 91.40945482682818, 106.35528312922942, 114.28065136222973, 125.54226293655158, 136.92105019706025, 141.88771176177255, 138.6776950738641, 129.28891014432548, 126.6115323552488, 118.04166666238584, 114.29005395422458], [18.346389778592656, 12.78050984361563, 14.372803961545987, 21.2584671447173, 20.06986063835006, 19.57601675376127, 22.340211842127328, 56.43786252488691, 61.70032749480805, 69.42554401403324, 77.04536126086424, 83.22520211360606, 78.38781358776382, 71.23872182810184, 64.02164552086731, 19.559273126313997, 10.691594137067959, 6.305511862478811, 12.545833503738326, 22.192311367178, 24.32968823453309, 11.88664176856311, 0.0, 8.879563148696166, 17.574301998757303, 56.65303373684784, 63.75796192254854, 71.8702495804046, 81.55186579118197, 89.57529441677983, 90.59944746812768, 81.0980817073783, 72.74485591054422, 64.5828095768581, 57.48585573163431, 29.770611375956136, 38.598004735496914, 46.46870785654937, 51.07577966985975, 61.19300079351854, 68.05069562182774, 71.76889486146752, 73.78246027071698, 71.20338167013078, 60.24241134328178, 52.68097296798969, 46.53938844943311, 76.65281116162552, 74.63013999483242, 73.39571144333318, 79.83294937139402, 82.09027984884523, 88.24433551431463, 95.72661597630936, 96.99095996402527, 94.99449420403637, 91.72663657254655, 86.99896230694276, 82.0165858643673, 77.70751574639525, 78.28566622463862, 82.26939482643385, 86.61977366089637, 92.09612350924957, 88.28224947758926, 83.9472783329084, 80.15077406968427, 45.195952341193966, 54.67830390873152, 71.23169814916108, 81.3599277524377, 95.09061514943825, 107.8749962726475, 113.3676946730496, 121.25062205893448, 132.26078151661312, 136.8201306298816, 133.01078167331522, 123.22169068031833, 120.03055623665374, 111.2003659011886, 106.89339782929763], [12.733956533882706, 10.569806679597647, 17.25950488495365, 25.364063457537043, 21.215817106672418, 17.49792010410497, 17.551831836087914, 48.01624776233117, 53.23358587568068, 60.90325778094215, 68.5638155218548, 74.889426928589, 69.90150641506426, 62.71695478824247, 55.572203299726354, 11.574964078640159, 6.932042859294292, 11.942986734632758, 20.835281783526614, 30.161748036756233, 31.880231126689917, 20.36494088670866, 8.879563148696166, 0.0, 8.70604422445361, 48.11270310203496, 55.32467311478829, 63.57773349960889, 73.57190219716772, 81.72245515128307, 82.64055232102957, 72.83183876953247, 64.3046996500107, 56.034691076101225, 48.86431417525798, 20.98154787005911, 30.75443078070035, 39.605339504662815, 45.92864967622063, 55.754237054917446, 61.904095484919935, 65.06285944151135, 66.54163638359358, 63.41310372450276, 52.08426493503581, 44.088157580704205, 37.684753899709975, 73.73413380122605, 70.78460480787858, 68.5082864799417, 74.07468873176205, 75.6749021846159, 81.6071182957252, 88.96640072087423, 90.69528985096596, 89.09491456139867, 86.4852632373513, 82.56475749935747, 78.31138699845727, 74.02954070205452, 73.53979960944329, 76.66826894614738, 80.398427637064, 85.64229269598924, 82.16461192120187, 78.45442259255637, 75.5012172437879, 52.16970483767856, 59.99236518627159, 74.66606952396198, 83.28686322401647, 96.29683847186269, 107.508163317005, 111.37940959424418, 116.94311122637436, 126.96531501395224, 130.91418664731245, 126.5426460883353, 116.45173003670776, 112.96715483858661, 104.14829304194254, 99.90382198106313], [11.575218165142028, 14.382131207432682, 23.063604795397463, 31.144892534544635, 25.304546028691963, 19.350060780050356, 16.179845040619984, 39.72118648424894, 44.87494457447564, 52.485050899211274, 60.17070842969977, 66.62545600877522, 61.49212217754305, 54.2826788401048, 47.225706279540134, 6.966875616660168, 11.842140648829544, 19.930750002531067, 29.198295419236413, 38.16384701035524, 39.587123972667484, 28.801321313216796, 17.574301998757303, 8.70604422445361, 0.0, 39.84153051638531, 47.15410345683274, 55.523443157557054, 65.79850030948684, 74.01386323433903, 74.79860194807776, 64.72702842126276, 56.03965085277214, 47.66239250719617, 40.42283109738364, 12.506416836144792, 23.938096630732133, 33.99113729402017, 42.12998271338099, 51.40702498093923, 56.70069604074222, 59.139962322330724, 59.868622583642974, 56.02648073077413, 44.43257528446134, 35.80365989799571, 28.981475336180488, 71.75491623743397, 67.90944113424094, 64.57956955475565, 69.1107402961103, 69.9267666474558, 75.51078738631358, 82.61863188052546, 84.89323576323807, 83.78554960216854, 81.93120533506466, 78.92804721021609, 75.46605349744934, 71.26234339058502, 69.67471021694537, 71.83537980806481, 74.80692289665578, 79.69861342410779, 76.66699861687314, 73.71107408753286, 71.70756519286873, 59.17701464519272, 65.55458986333721, 78.47983196166507, 85.66291533519555, 97.9324756839898, 107.58860440185607, 109.89319529877373, 113.13352089003521, 121.93408232976161, 125.1499616555805, 120.14297607410386, 109.71870367821077, 105.91658469146876, 97.12934736999021, 93.02296895871847], [46.10130938082976, 52.469676806617926, 61.51964279116974, 68.7903898607068, 62.15943407714287, 54.74438726126971, 48.08021404205028, 19.776295313614153, 17.460240065336016, 18.925951251487096, 26.134788877858306, 33.98388702380521, 30.046898300487722, 25.09601674336097, 22.09294051090685, 38.19898709067891, 47.86267446674008, 56.91381750470273, 66.6486701452845, 75.35960122615872, 77.13503996595857, 67.44514775400823, 56.65303373684784, 48.11270310203496, 39.84153051638531, 0.0, 7.560889554315816, 16.509231148840033, 28.591442212636878, 38.385193880573304, 39.32283953749859, 26.715402592086296, 17.447364500051407, 9.741875053573517, 5.382920193429775, 30.789732682407784, 36.26083939796762, 44.83650048473887, 57.67880792805678, 61.77748291931443, 61.238282047740995, 58.93334149418575, 54.55791997027472, 45.87237454772885, 36.336425944432854, 26.12142371374183, 15.407728053697923, 87.8774537