{
	"dissimilarities": [[0.0, 7.3888661455591444, 14.676149405055847, 22.354493499226617, 16.450344480952648, 10.388182510024604, 6.391461289677112, 41.096291284617294, 47.04398320659936, 56.46020620576996, 64.7460001872765, 72.96195879606877, 65.04568437691503, 56.92377108765378, 48.47800114013897, 18.697250961750076, 17.415452095504182, 18.691274677446618, 25.249915205096233, 30.927372919616527, 30.506888302817746, 20.697713134539164, 13.44625141993701, 8.499045398663368, 10.81310996649687, 46.281461803305845, 55.33997459373817, 64.54573910741384, 73.63208367585837, 82.15562433207992, 78.47336256735518, 71.77620643841907, 63.737110124975175, 55.079212265887584, 47.17162303151869, 19.10405159466517, 27.419304602962818, 38.00011346373892, 38.972415837545256, 45.029725589844524, 52.82941046110687, 57.146892214731935, 58.61647196586826, 56.508109357091016, 47.0814557673951, 37.19137043430704, 35.00514139751686, 58.564122965145565, 55.46121798142671, 57.06546371910879, 61.42301966342757, 64.8281505906647, 68.70921589893497, 78.10601404301688, 83.91170823997298, 82.26328886314131, 80.81738064625847, 76.94984858968856, 70.70343607907908, 58.096852296011, 59.635047366823095, 64.45465093750992, 67.68553602010786, 76.70276852216335, 76.10827933633587, 72.9173250298609, 68.91902574515093, 48.9998164144854, 55.52430504633433, 65.05779806214683, 74.29680422532002, 86.14088506603369, 98.67582448802467, 109.12897074129, 110.67288801459695, 122.41637249577455, 123.2552608303097, 117.45371436403265, 110.07901714198907, 105.840290651358, 100.05617705828128, 95.97477542743457], [7.3888661455591444, 0.0, 7.493371981200654, 16.04855658245548, 11.267619830953167, 8.4291182864337, 10.440570042435183, 48.46513349098056, 54.36041819558022, 63.72538435933888, 72.06757896627272, 80.3297741044806, 72.41474406345652, 64.27493942713225, 55.844238095245075, 22.359374426558407, 17.650293169587776, 15.319304483037438, 19.53431017445863, 24.438709321536628, 23.765893077719593, 14.178946792438321, 8.922200954675587, 9.84944468653908, 15.312694121338478, 52.99653627157952, 62.143049891833876, 71.40561798291239, 80.622249719623, 89.20450297255177, 85.6560705437011, 78.87293415778545, 70.73687147085002, 62.14274589804876, 54.13672491821958, 25.064955503478973, 32.421627604183044, 41.8514376173282, 41.8345924000077, 48.14411898926535, 56.74212191285054, 61.78161998071787, 64.0886004576327, 62.66592111989667, 53.04536612150984, 44.07830869707074, 41.97204597273086, 59.55445498694783, 57.74024536049825, 60.252298581221325, 65.44823136593017, 69.53241734714064, 74.00656379087452, 84.00170658432442, 88.80351403187862, 86.47187470464492, 84.31455523681927, 79.56577499045889, 72.54773513643616, 59.475095811035736, 62.54173997704655, 68.38209742349702, 72.28741270602026, 82.42704876395923, 80.6493659811911, 76.66299576655557, 71.8154521648801, 43.77427733499642, 51.196931520602185, 61.95822666143071, 72.2941878940994, 84.85197523733402, 98.65083561528513, 110.10587965902887, 113.6460004599739, 126.77056401592479, 128.5412956798945, 123.51609688903729, 116.44812822717921, 112.55426553060938, 106.92495425945134, 102.68129658907911], [14.676149405055847, 7.493371981200654, 0.0, 9.31345513662078, 7.387266960888987, 10.493135101600473, 15.948532108996114, 55.6832052319605, 61.717341721466504, 71.13179384447002, 79.41743895337832, 87.46480529418955, 79.66162741176416, 71.50024005452158, 63.058388202278735, 28.888316495948416, 22.608655484480142, 17.475615285540822, 17.424074929283705, 19.70854131263017, 18.098948526002804, 11.330681612928059, 11.488845420527902, 16.400157229336976, 22.37950980401771, 60.46292573757928, 69.6291323321436, 78.88508409810724, 88.03395641936028, 96.3897775274522, 92.94345448248751, 86.3149524273759, 78.22544210999075, 69.62495229871678, 61.62011374497572, 32.09852279425846, 38.206128752461, 46.18470006078789, 44.45949738767416, 50.73632375550765, 60.17506828720367, 65.84930649197251, 68.84871377612959, 68.15945227071364, 58.89288031605612, 50.92831566763623, 49.338486469751764, 59.25944124075969, 59.09671188219342, 62.66465884572446, 68.6866844369293, 73.40065371588821, 78.3799182915289, 88.74940825714557, 92.44279541877555, 89.45995266513759, 86.56986294251632, 80.90919422091018, 73.05922949196056, 59.62977219145493, 64.4727219779308, 71.3735905504549, 75.89874148712299, 86.99514286426623, 83.9982254216894, 79.23956106934911, 73.50700651694083, 39.44834289009821, 46.207104433546, 57.493868417433916, 68.65863222061522, 81.76072806382837, 96.72193349884493, 109.14617769012736, 114.96910538230635, 129.366185293432, 132.1986724884795, 128.17807868917527, 121.5859839760817, 118.3002989446151, 113.29234498702073, 109.55414186353919], [22.354493499226617, 16.04855658245548, 9.31345513662078, 0.0, 8.70488135847548, 15.586218533032826, 21.804211058885848, 62.33567090537858, 68.6937539628592, 78.25765104582375, 86.25303949658405, 93.52890746427911, 86.21068213362273, 78.13414351713473, 69.65988681752265, 38.10635124332018, 31.823756816862804, 25.839927287057833, 22.285520826046067, 19.787955721684998, 16.267952562312043, 17.181479145054478, 20.463168134033616, 25.555350052689118, 31.30024526586603, 68.63446468672294, 77.65512592666327, 86.68582601781843, 95.30824816502576, 102.78768856180638, 99.53369097079542, 93.58923742370564, 85.88852034613363, 77.26591355515323, 69.46440310312717, 40.39224937207367, 45.30134353201215, 51.72617417597139, 47.00317177045542, 52.74459729029359, 63.220934227188614, 69.3235072508057, 72.60872220916136, 72.64191803323193, 64.80628768850866, 57.75267153224202, 57.10389517411696, 56.53540899527031, 59.08408243963042, 64.09785633301975, 70.91644717405181, 76.1054936144734, 81.31692069442279, 91.35151983156622, 93.90004316245917, 90.45876616329092, 86.84821913223075, 80.22060120537422, 71.29249744060301, 57.562123780092364, 64.94961639813909, 73.02237043869337, 77.9912958292278, 89.44053722237399, 85.34822609515196, 79.94572413380182, 73.23747911044417, 35.96427219609047, 38.295187202153414, 48.96504905929756, 60.742330195458266, 74.50097511741413, 90.70306135906925, 104.19513561314115, 113.34910288215146, 128.31035340993995, 132.2416098466897, 129.49496614464755, 123.56993080694618, 121.27369560401227, 117.55727867128921, 115.4200660391169], [16.450344480952648, 11.267619830953167, 7.387266960888987, 8.70488135847548, 0.0, 7.5280137202036235, 14.685753703498166, 55.49668653736402, 62.05631174785574, 71.65021338707389, 79.68088633878483, 87.22971686181134, 79.43636079237918, 71.14955159931114, 62.77395956183964, 32.4186474579752, 27.798979999780784, 24.1015777192327, 24.652823249341747, 25.66583166849265, 23.122378368329176, 18.43434621739458, 17.713121285610082, 20.498902078381906, 25.254097821353174, 62.105298677800505, 71.2743848101373, 80.62058530337126, 89.57674100763668, 97.53483145558451, 93.80972892740088, 87.53877929915767, 79.58808761039346, 70.71808973839364, 62.85636003895065, 33.05429114972442, 36.84706611604345, 43.04674034992254, 38.959392434827485, 44.96698222974753, 55.0521204250041, 61.07605404949107, 64.48644359184286, 64.56675792677905, 56.293783844310724, 49.867446856710096, 49.96038579149209, 52.008184773288065, 52.439836897238976, 56.635668840905915, 63.131065462540775, 68.21940352073122, 73.51738791077187, 84.20050025749066, 86.87527123835608, 83.46142852547702, 80.1684570972807, 74.10388276140874, 65.96334569881175, 52.466361722578526, 58.04420289305138, 65.54322823552371, 70.42503760544548, 82.26362742534741, 78.25101062619561, 73.03652135492197, 66.86232886418667, 43.75165768138021, 45.679824856462204, 53.69783414423275, 63.49139278571314, 75.59242504844819, 89.98112207701074, 102.2178650421012, 108.10083400401948, 123.47304840121716, 127.27486873100263, 124.39483347006119, 118.61548502183074, 116.3722109685675, 113.01633331954496, 111.11247851300541], [10.388182510024604, 8.4291182864337, 10.493135101600473, 15.586218533032826, 7.5280137202036235, 0.0, 7.496574322264808, 48.08394684290155, 54.66876042210741, 64.25755469453594, 72.30137195065456, 80.0098858159485, 72.03535677598686, 63.70153039466111, 55.350969374098106, 26.869363437671563, 24.246155771650027, 23.055935738813375, 26.807659010279668, 30.07002243426363, 28.30907277094753, 20.754847930443187, 16.49085826399442, 15.919479080902303, 19.283108867467636, 54.89222778430691, 64.04736227286418, 73.44745188824314, 82.47151360192503, 90.63493191426193, 86.71012202799437, 80.31070618131056, 72.31033331627287, 63.370712405209105, 55.53561432955907, 25.981423535042456, 30.036608089494578, 37.30953763090925, 34.63715328754557, 40.76899867855327, 50.120614823464145, 55.60363629241535, 58.44856884802887, 57.9532088617195, 49.37033621619288, 42.3827614292374, 42.531823186718555, 51.20564359908789, 49.662444306949254, 52.74338471133039, 58.46199052903307, 62.99708026696414, 67.89436394912283, 78.41839963285601, 82.05235451286177, 79.20720032620389, 76.61951571603718, 71.47758075969276, 64.24127307186579, 51.12206708351566, 54.691921321378004, 61.14938930252189, 65.48112028115082, 76.61597109518446, 73.64203579647588, 69.13526326368215, 63.848374463777624, 48.45056190775085, 51.03154347216959, 58.306600537654546, 67.02247405458925, 78.31974072537105, 91.2971866390713, 102.41409638240592, 105.66726079266546, 120.00558204415327, 122.89993146022393, 119.19006121885059, 113.0800930909314, 110.41158705386685, 106.75213337108892, 104.67087043001756], [6.391461289677112, 10.440570042435183, 15.948532108996114, 21.804211058885848, 14.685753703498166, 7.496574322264808, 0.0, 40.8394670020678, 47.40267748259355, 57.02088262623585, 65.00258430835923, 72.62398812942982, 64.787215101235, 56.546784468176206, 48.13563922013798, 23.370848402350934, 23.14386823566212, 24.25354724456124, 29.875380243230325, 34.24466347286132, 33.024234224521166, 24.610041947489847, 18.344970896372036, 14.245056011578965, 15.439899555509454, 48.220418127034726, 57.18932532633101, 66.39184002374567, 75.16853149839383, 83.16319036283436, 79.25213924736582, 73.01555674926904, 65.20282024629752, 56.309557870745984, 48.62318704536248, 20.70066146948068, 26.156685538229095, 35.10643674609357, 33.74681054229186, 39.57604530337565, 48.02394323149461, 52.60696166937791, 54.32017533828585, 52.85933816043688, 44.51974828018431, 36.079147729024434, 35.87229757289385, 52.20289909761958, 49.44912582940981, 51.51780855302237, 56.228759262027616, 59.906646460987666, 64.01368191729672, 73.60665665901873, 78.63410584353365, 76.69986608476341, 74.97992823675743, 70.85038480721407, 64.40309919765129, 51.74856065496418, 53.742070216877586, 59.0088695759703, 62.48181793788581, 72.04255379930154, 70.67235261643707, 67.17034331191671, 62.8606751824313, 51.61784872296041, 54.58724868239412, 61.67868410556546, 69.75308578471329, 80.7626517295091, 92.70917494595247, 102.92662982784906, 104.49250880709332, 116.84978290843954, 118.45561507948477, 113.62174057001215, 106.95105781951165, 103.68214357452156, 99.49003295556004, 97.2781851977157], [41.096291284617294, 48.46513349098056, 55.6832052319605, 62.33567090537858, 55.49668653736402, 48.08394684290155, 40.8394670020678, 0.0, 7.570636731811862, 16.972785199284914, 24.35718934820305, 32.78768641110286, 24.019085455609858, 15.88526568027167, 7.385063176407024, 37.527158984360646, 46.513324065693865, 54.01807789850346, 63.48575310481278, 70.5236507528089, 70.70771462820842, 60.509053292343964, 51.91792108015549, 43.39473008952959, 37.391690737560424, 18.186030383464832, 22.739222297454987, 29.974872735244713, 37.34691278842599, 45.70815486114542, 40.3273627112013, 34.132883362796775, 27.396472199266643, 18.792713415281096, 14.762216399362565, 28.50240464013528, 31.086080798522833, 39.828442936812785, 46.613778415616515, 48.66632463883003, 48.15242340440576, 45.985265091447346, 40.62304124292354, 32.697991669366694, 27.927964959207266, 13.973488465168032, 12.70719989468101, 69.81670567671706, 60.34128392402092, 55.98647409865038, 53.65412659023193, 51.387127464529684, 49.94282645128762, 53.414843523218345, 66.32349291038136, 69.60867960374458, 73.12183852068219, 75.39086279070223, 74.85953305200779, 67.45141075505678, 59.82098940588538, 56.806872719357756, 54.64310796817821, 53.65901298319601, 62.1954013856471, 64.97728427753228, 67.2305172193837, 85.10567690541697, 88.98130851062537, 93.49931698342068, 97.50488742341201, 104.91578165423827, 110.16740236251268, 114.41973238609079, 103.48797136200997, 106.29808500935259, 100.83665274509228, 89.60420291488866, 80.22114423340439, 73.1690215512331, 65.99287626143479, 62.76713893845336], [47.04398320659936, 54.36041819558022, 61.717341721466504, 68.6937539628592, 62.05631174785574, 54.66876042210741, 47.40267748259355, 7.570636731811862, 0.0, 9.696272626388657, 17.760688676703364, 27.564715389168015, 18.535057993865514, 11.361048080139701, 5.3671060928142635, 41.446565002639076, 50.660337808981545, 58.50291136733533, 68.16128563155654, 75.58100447824953, 76.09465956738616, 65.68486706805061, 57.06940498343596, 48.549185194450395, 42.417099000792085, 14.544656556884425, 16.292374086793522, 22.54412586746033, 29.926245531215674, 39.20596153074489, 33.627898513444904, 26.682072907750214, 19.884796382379903, 11.663531486768536, 10.134934269245662, 33.6682154440005, 36.860146832326116, 45.65275019653483, 53.64740928588297, 55.585739090074746, 54.19228524311994, 51.377224720824664, 45.44759981261554, 36.922548635545745, 32.443826400918276, 19.521792240162046, 15.891085834201832, 77.13666990700317, 67.29887842356871, 62.42936349665362, 59.42394806506802, 56.502999347451585, 54.31751409292359, 56.52235492020595, 70.52459254837784, 74.52230228007338, 78.66329574549624, 81.6255630578579, 81.66706927322984, 74.69569046338677, 66.43454941676035, 62.621881954357754, 59.84371753473467, 57.15764240557573, 67.13116222625231, 70.66766842139458, 73.60603479595888, 89.79115154314994, 94.98004326511574, 100.26019818019482, 104.47844131556265, 112.01939123846904, 117.00659276247666, 120.82039448963491, 108.73512798103245, 109.88442647283232, 102.95394455448525, 90.15918800202374, 79.90082509672668, 71.40134825533332, 62.14144321301713, 56.752281466771244], [56.46020620576996, 63.72538435933888, 71.13179384447002, 78.25765104582375, 71.65021338707389, 64.25755469453594, 57.02088262623585, 16.972785199284914, 9.696272626388657, 0.0, 8.949347359801218, 20.74156735073167, 11.432519402120338, 8.399549311694289, 11.231920749717831, 49.490566834210625, 58.870214741580526, 66.97641972171989, 76.79743284759472, 84.48197644608807, 85.19646869520083, 74.6235447682405, 65.98536047089218, 57.489976788334225, 51.26269877717665, 17.136131751997503, 12.953613554335679, 15.253144121267718, 21.53422535857127, 31.78266721650136, 25.461155667869164, 17.654062525696343, 11.707501404563356, 6.960548570703391, 12.90643324780995, 42.37483513601071, 45.01658376860861, 52.93465308114235, 61.7755061427947, 63.247261252471624, 60.53030275972894, 56.7345322575483, 50.00257666063126, 40.97839345900945, 37.78479593147985, 27.290393347495545, 23.905401668707725, 85.23507084832966, 74.73673949965395, 69.08989039771792, 65.0585894590281, 61.1890166831086, 57.963929322610305, 58.478178024555746, 73.63834899422896, 78.57753859802712, 83.60559576989684, 87.63564354342067, 88.66570446383885, 82.61231693343315, 73.23953345574027, 68.20544882345474, 64.53044373306703, 59.59553810678066, 71.30926613536867, 75.91268072921477, 79.90335532005766, 98.38217635608599, 104.14350959355036, 109.43991990345555, 113.32344000447885, 120.44433640714504, 124.50930898415585, 127.35194859130564, 113.07466553752423, 112.18128560142964, 103.55652394080883, 89.11208816579405, 78.15742552434685, 68.28672524186484, 57.343410512612955, 50.2828637375422], [64.7460001872765, 72.06757896627272, 79.41743895337832, 86.25303949658405, 79.68088633878483, 72.30137195065456, 65.00258430835923, 24.35718934820305, 17.760688676703364, 8.949347359801218, 0.0, 12.675526502329557, 5.2628211205885576, 10.723625777399967, 17.513077014450975, 58.41119362508046, 67.74448852483161, 75.74960047142909, 85.39765106029253, 92.84300756995026, 93.4627255523745, 83.21267260603992, 74.64268383130388, 66.15560273993786, 59.99215246552631, 25.633225127999133, 19.4461336282549, 16.747510724349247, 17.68962233569154, 25.575543276639326, 18.460886584309893, 13.169007920379917, 12.963861880500039, 14.32974912258669, 21.664447296894725, 51.05565808624796, 52.9454795842876, 59.769442484010504, 67.89948913206783, 68.63785525187589, 65.09192638423605, 60.396179343152674, 52.64579394371219, 43.36755556122602, 42.9297071486743, 34.54256776413555, 32.5972649625384, 89.8626270388909, 79.33139146149327, 73.30783831659535, 68.41529775560794, 63.619753545742356, 59.20237652613999, 57.247816884388286, 73.48547104858314, 79.51153859880571, 85.37618609380172, 90.37215965483314, 92.20145742058462, 87.1477377043695, 77.1875465058911, 71.17647618069563, 66.55028746074794, 58.852439268961675, 72.34567091721266, 78.0648386195842, 82.96923003520924, 106.0115643719501, 110.80952606728142, 115.20802163747209, 118.25104771450327, 124.6547544175059, 127.50781460808713, 129.2490538633917, 113.4200561894436, 109.89875124034552, 99.64688121735122, 83.85303256741848, 72.43290571123063, 61.753067143656864, 50.50536838936474, 44.60465153341579], [72.96195879606877, 80.3297741044806, 87.46480529418955, 93.52890746427911, 87.22971686181134, 80.0098858159485, 72.62398812942982, 32.78768641110286, 27.564715389168015, 20.74156735073167, 12.675526502329557, 0.0, 11.388552189966644, 19.35765567584469, 25.9762931387197, 68.89233567378098, 77.87360253337168, 85.36406223028008, 94.37127900451323, 101.02150140868366, 101.32554091166436, 92.06314437356822, 83.77923735302132, 75.40442137699166, 69.55751105291286, 37.77957736718463, 31.760317230499776, 27.097638413782153, 21.909435851715628, 20.996000961676966, 14.846521858300212, 18.862346005275963, 24.08616025615102, 26.719246770056845, 33.587872847296865, 61.00654967970877, 62.4751255565383, 68.32042210832046, 74.16825589267093, 73.95110681076791, 70.28603402824584, 64.86710335704684, 55.8921371441095, 46.706678416969204, 50.393703043060434, 43.54186132567678, 43.20070614435211, 92.57764135212715, 83.0803697011054, 77.29819683033381, 71.82130250699109, 66.15315222338545, 60.29875608722956, 54.29259013064252, 71.71512570231029, 79.18011632268423, 85.84541082997293, 91.65604481164951, 93.95235440954426, 89.9591011214624, 80.3307931647852, 73.73772353812245, 68.08102385933921, 56.50021838655597, 72.10130066294603, 79.07013166157692, 84.67241353500886, 112.55313426538238, 115.0316267164317, 117.82601369811682, 119.60351442699897, 125.14656531006945, 126.56315686307815, 127.09376156092075, 110.98665431536008, 103.18183598286005, 90.72818062875876, 73.21954705185978, 61.01597037479631, 49.48379396203135, 38.92151040962254, 38.484801350610326], [65.04568437691503, 72.41474406345652, 79.66162741176416, 86.21068213362273, 79.43636079237918, 72.03535677598686, 64.787215101235, 24.019085455609858, 18.535057993865514, 11.432519402120338, 5.2628211205885576, 11.388552189966644, 0.0, 8.787404306310824, 16.715478855086204, 59.70300572507693, 69.09769001275079, 77.0295234301613, 86.6570089490602, 93.87814412518622, 94.25308711106074, 84.11201010636323, 75.50129876299515, 66.95875497500113, 60.79023811599283, 28.250156026876187, 23.254365733040736, 21.79955434232631, 22.4954206462851, 28.478217032268613, 21.315754430777393, 17.96491989044644, 17.854094609762797, 17.671306045517095, 24.014955176317194, 51.47150725717079, 52.23249449941219, 58.05244726492396, 65.43433831223075, 65.69603047437786, 61.75622038667549, 56.6861637074492, 48.52516018626962, 39.2252725749449, 40.333233818564935, 33.38898613030778, 33.2341895531193, 86.6046880035771, 75.91505473294566, 69.71043241501869, 64.4708564277039, 59.34796826017707, 54.55532696316016, 52.1067163815532, 68.4615507947036, 74.70646677749865, 80.78862242871057, 86.10530223356945, 88.30375906871804, 83.79883386993662, 73.45186896414333, 67.04628165607038, 62.097678562790335, 53.77112933211415, 67.58479227093493, 73.6163772231102, 78.85452580403205, 107.21949816460321, 110.66958582132878, 113.9117973357873, 116.19191613945776, 121.8636964520379, 123.95403700596245, 125.15790922545446, 108.49822645231303, 104.96184726006786, 94.9751132831985, 79.69562381194055, 68.8409295615007, 59.09099312650511, 50.06705557833728, 47.26675830850414], [56.92377108765378, 64.27493942713225, 71.50024005452158, 78.13414351713473, 71.14955159931114, 63.70153039466111, 56.546784468176206, 15.88526568027167, 11.361048080139701, 8.399549311694289, 10.723625777399967, 19.35765567584469, 8.787404306310824, 0.0, 8.53545062868587, 51.7565037159467, 61.21930232994079, 69.17948179337031, 78.95366756602246, 86.24508036781087, 86.53480770264268, 76.14693931445272, 67.44190313949223, 58.85716688415949, 52.62537416414349, 22.481038123324666, 20.361212139172583, 23.071299326810443, 27.638539062796898, 35.46035841310685, 28.707888402589173, 23.258453764880848, 19.139617766717002, 14.401748358700933, 18.045194355731777, 43.010195810522234, 43.47782541121794, 49.600797325038926, 57.24161016687627, 57.92131392757224, 54.51195214429988, 50.08720179307042, 42.66583417551006, 33.46386232480042, 32.64726481218382, 24.621017562032584, 25.00824122436294, 79.61939823697068, 68.74595833355754, 62.74585150753782, 58.140523319175124, 53.764081647653406, 50.02540067020827, 50.140444216582154, 65.37675091810517, 70.5644274385134, 75.89779612001414, 80.41102140043407, 82.02800908832897, 76.82371930421607, 66.72744917236243, 61.04403814693356, 56.88932317130857, 51.277981670063895, 63.32726767111789, 68.36174698429458, 72.87028286040857, 100.45006447168542, 103.92899731893466, 107.28047187483273, 109.90202864621239, 115.82047813309975, 118.66508807349658, 120.67212682702535, 105.05094164011183, 104.3828708861119, 96.33386119168134, 82.84888329961954, 72.85058156348097, 64.47920928606162, 56.78622669822332, 54.04691647858217], [48.47800114013897, 55.844238095245075, 63.058388202278735, 69.65988681752265, 62.77395956183964, 55.350969374098106, 48.13563922013798, 7.385063176407024, 5.3671060928142635, 11.231920749717831, 17.513077014450975, 25.9762931387197, 16.715478855086204, 8.53545062868587, 0.0, 44.19530304652895, 53.41829972564453, 61.1287726491186, 70.7103409372636, 77.83026846556223, 78.05504922003739, 67.82561440912785, 59.195998228781896, 50.646158161165694, 44.54283567059059, 19.025369125297647, 20.439584873612798, 25.92750351384394, 32.1893977417729, 40.277641801482325, 34.334504707218684, 28.48885828240721, 22.703204760333396, 15.160225720339028, 14.648046640066042, 35.298766136294475, 36.779429888284305, 44.20766299470727, 51.331064127063364, 52.66403952196318, 50.74008134873671, 47.422920640433745, 40.91273828840372, 32.17075677088863, 29.44947700312211, 18.269149403017835, 18.03205545344063, 74.03769754815802, 63.918778320569196, 58.767323677455934, 55.30554732423467, 51.97603549912924, 49.37466461524749, 51.17963098278023, 65.33147487392334, 69.5764596006984, 73.98370640752364, 77.33790700271531, 77.81933835371791, 71.46526837875935, 62.64865949871848, 58.32321471176805, 55.152013835114076, 51.84926600972412, 62.177042704828935, 66.08295694996636, 69.43322365514739, 92.11459002544021, 95.70078299474999, 99.60471508430952, 102.906896891715, 109.60391217614216, 113.68863321691762, 116.86861712547145, 103.79663696848652, 104.84337534809053, 98.12249040439592, 85.79693815584149, 76.06925117917768, 68.39451809465848, 60.971986566175026, 58.06442205895326], [18.697250961750076, 22.359374426558407, 28.888316495948416, 38.10635124332018, 32.4186474579752, 26.869363437671563, 23.370848402350934, 37.527158984360646, 41.446565002639076, 49.490566834210625, 58.41119362508046, 68.89233567378098, 59.70300572507693, 51.7565037159467, 44.19530304652895, 0.0, 10.080557067504207, 19.179520645279357, 30.551909104319915, 40.123938327806925, 41.60228434988197, 28.36136275249684, 19.6266998300214, 12.65791364179963, 7.9815391241906495, 35.167829980545655, 44.53112911765389, 54.39419092451091, 65.24918568525437, 76.5159365546221, 72.38573492681586, 63.49076380869372, 54.206877270833616, 46.03062153162125, 37.65705877142229, 12.147511463269874, 23.849310934617755, 36.96682363531603, 45.83094172272462, 52.11982663823742, 56.57977559818678, 59.725329946329516, 60.90251632332788, 57.449454597196805, 44.32420786430955, 33.10254876104026, 27.014292242190997, 72.0635396188661, 64.95720370954807, 63.79783316333204, 66.3646468826901, 68.75845173555273, 72.19149212510811, 82.38301200208537, 89.83202889719283, 88.76902242802129, 88.48105415439636, 86.26752672671827, 82.07898823892619, 70.74612606604873, 68.08918199213387, 70.48047150519557, 72.87921421713169, 81.32543219324782, 82.47212456957897, 80.35490356034954, 78.17158224106478, 59.94622352755577, 72.37399187813719, 83.61407688476679, 92.89112427722598, 104.0780131210956, 115.3680969894647, 124.48839549292282, 120.81999336229805, 132.372805867715, 131.57087468170832, 123.6346553561277, 115.16282451737592, 108.8712756083318, 100.01868680886258, 91.36644212069835], [17.415452095504182, 17.650293169587776, 22.608655484480142, 31.823756816862804, 27.798979999780784, 24.246155771650027, 23.14386823566212, 46.513324065693865, 50.660337808981545, 58.870214741580526, 67.74448852483161, 77.87360253337168, 69.09769001275079, 61.21930232994079, 53.41829972564453, 10.080557067504207, 0.0, 9.296599699144087, 20.822127424414465, 30.830152165019044, 32.72155885336793, 19.23912313793448, 11.552921572786731, 8.973099026807295, 10.815927337659538, 44.70039824125334, 53.860715380993106, 63.38067097967866, 73.90711757236372, 84.6886161086754, 81.02122430131926, 72.46761556592215, 63.432846975327, 55.48184860182433, 47.1960117196711, 20.67072334735865, 31.149632421548233, 43.06094845183037, 49.782455339338874, 56.452340703390654, 62.39107022634826, 66.46158414354657, 68.39463694814387, 65.64547030987738, 52.93145325862227, 42.35909699922666, 36.75832783603595, 73.57064767115041, 68.35511232654947, 68.53056127769155, 72.22987982747547, 75.43108149994536, 79.45767846246336, 89.93053751978432, 96.45599678275741, 94.74805656964102, 93.63340867453898, 90.2953151094267, 84.94310551791727, 72.77224066958324, 72.30905316165565, 76.1118306758556, 79.26757601883642, 88.69266949801573, 88.67405334140894, 85.67419709055133, 82.36377657369714, 51.46647421070894, 65.98674609919148, 79.1691955221333, 89.9234774668614, 102.30501392994552, 115.31701766049277, 125.80390728642388, 125.22588229009271, 137.7928041605877, 137.83412916645815, 130.59227970801078, 122.25381632915534, 116.24753526890922, 107.37987887288708, 98.60495730511477], [18.691274677446618, 15.319304483037438, 17.475615285540822, 25.839927287057833, 24.1015777192327, 23.055935738813375, 24.25354724456124, 54.01807789850346, 58.50291136733533, 66.97641972171989, 75.74960047142909, 85.36406223028008, 77.0295234301613, 69.17948179337031, 61.1287726491186, 19.179520645279357, 9.296599699144087, 0.0, 11.588945174913594, 21.74214943435884, 23.909909325273386, 10.625083890770652, 6.60947134844452, 11.859831949646756, 17.361644819507305, 53.384143463941, 62.42030761596053, 71.65524422143149, 81.72812342758692, 91.80462282622153, 88.51749887664205, 80.48554983986386, 71.77298144950365, 63.88508300512803, 55.686736696099885, 28.5329314563164, 38.14465999197438, 48.98059881399329, 53.28862610666003, 60.043218791017274, 67.28090593934678, 72.03223002457756, 74.42635359023387, 72.2550665531313, 60.300161990181664, 50.16108602349759, 45.15398938278692, 73.99929460346276, 70.8026354561116, 72.26032129439052, 76.89732697965647, 80.71360786962626, 85.13243081884504, 95.58348438949322, 101.29594885623399, 99.10777070455758, 97.2890442143165, 92.9685590719673, 86.54001523914782, 73.72323173617019, 75.4124376181848, 80.4454025571901, 84.16914694312366, 94.19771512336881, 93.2268583197061, 89.5262477381422, 85.22667787445775, 43.08833680713349, 58.90346956457661, 73.65605794580658, 85.65463180518059, 99.08301471108261, 113.60322240257702, 125.30023776323307, 127.82147298388917, 141.01387799751484, 141.8316977975769, 135.33903549999928, 127.2253531812523, 121.66630822468333, 113.16032274014573, 104.90246822110046], [25.249915205096233, 19.53431017445863, 17.424074929283705, 22.285520826046067, 24.652823249341747, 26.807659010279668, 29.875380243230325, 63.48575310481278, 68.16128563155654, 76.79743284759472, 85.39765106029253, 94.37127900451323, 86.6570089490602, 78.95366756602246, 70.7103409372636, 30.551909104319915, 20.822127424414465, 11.588945174913594, 0.0, 10.64406623171282, 13.804840155084378, 6.549335729776035, 13.362117177874616, 21.283055473129107, 27.662145603585813, 63.89380694289482, 72.69698152521401, 81.50350743054246, 90.95600614732639, 100.12513033778305, 97.35689024908586, 89.99205632708772, 81.73023278271862, 74.01528459918076, 65.9914508042894, 39.166847286045105, 48.30150880565706, 58.2368565235609, 60.04303780603585, 66.6596927146097, 75.10584431460126, 80.3761211555363, 83.00325693490431, 81.26949936159961, 70.30567279696496, 60.321192277369995, 55.6482109345392, 76.65202221142977, 75.96362662164782, 78.79559777998942, 84.28035840099858, 88.58470627552104, 93.2253683295521, 103.28283166395752, 108.31097627123151, 105.77673763660039, 103.2945674031498, 97.99073817674059, 90.3944040533016, 77.01660037825069, 81.16488719431251, 87.3905133200278, 91.55671142541539, 101.79687177697959, 100.07988983307371, 95.78820970143562, 90.5054656308092, 32.449205093324075, 50.630642258980735, 67.83400792312355, 81.51393090356174, 96.36290592024176, 112.73559243679726, 125.86051927349872, 132.27227058082116, 145.6325347758114, 147.09049629031594, 141.26416185158956, 133.29341057099307, 128.11665992015352, 119.84893849505072, 112.08810424264718], [30.927372919616527, 24.438709321536628, 19.70854131263017, 19.787955721684998, 25.66583166849265, 30.07002243426363, 34.24466347286132, 70.5236507528089, 75.58100447824953, 84.48197644608807, 92.84300756995026, 101.02150140868366, 93.87814412518622, 86.24508036781087, 77.83026846556223, 40.123938327806925, 30.830152165019044, 21.74214943435884, 10.64406623171282, 0.0, 4.62794167182874, 12.869537326979794, 21.46825001855832, 29.391049613653035, 36.03355446726958, 72.64932889438141, 81.33403952042646, 89.86122627686666, 98.67642112133068, 106.81509964410952, 104.37421054212192, 97.79371047495252, 89.98504250116919, 82.2385048439781, 74.37652426139782, 47.450332305445976, 55.88356543587445, 64.8796740221085, 64.06286531517848, 70.34316806537257, 79.84217286390914, 85.49868216461246, 88.25643670295165, 87.02018241522534, 77.32368381823918, 67.74122086834511, 63.84499958110784, 76.31560358164708, 78.06895739019535, 82.18057340682945, 88.3734032235848, 93.06536065237461, 97.84504303384902, 107.41053188315091, 111.64708291953919, 108.82203014023744, 105.74605376975005, 99.58868810776555, 90.97019119134163, 77.27501170796431, 83.70532374779418, 90.97232907288974, 95.47970923139279, 105.81559691260031, 103.33976165731102, 98.55171922719747, 92.40680197978861, 23.30656131531865, 41.329178213787245, 60.05193132412403, 74.91503496212462, 90.8064023973546, 108.61188317418038, 122.88393112657627, 132.909799323834, 146.31800505038652, 148.54422132162048, 143.662808986913, 136.1058692015629, 131.6717530720333, 124.33566087654557, 117.97934962038686], [30.506888302817746, 23.765893077719593, 18.098948526002804, 16.267952562312043, 23.122378368329176, 28.30907277094753, 33.024234224521166, 70.70771462820842, 76.09465956738616, 85.19646869520083, 93.4627255523745, 101.32554091166436, 94.25308711106074, 86.53480770264268, 78.05504922003739, 41.60228434988197, 32.72155885336793, 23.909909325273386, 13.804840155084378, 4.62794167182874, 0.0, 13.991572414302158, 22.36894683114782, 30.104640342036724, 36.777094175398496, 73.9315400845807, 82.694464841248, 91.29328050223432, 99.97104976737833, 107.78956462435049, 105.25924774283135, 98.94429696138042, 91.22385040033119, 83.28272763027695, 75.43267481575242, 47.91373957125523, 55.63284796287421, 63.992251792747176, 61.97152482809871, 68.08077356376724, 77.97011623634081, 83.803238321829, 86.70896654468582, 85.82325340912782, 76.69875586548413, 67.65157397119684, 64.47733997303996, 72.67693271468572, 75.17247983835027, 79.73987683368992, 86.21160545711125, 91.09216391636018, 95.99523406626305, 105.55474307786382, 109.27249647043152, 106.24821096568891, 102.91994571741286, 96.46181720529452, 87.54485104630977, 73.80116536447846, 80.95099352194693, 88.60698026677004, 93.28776109502238, 103.87412925551413, 100.90141517929916, 95.87112015845155, 89.41439530372392, 23.23127694621931, 37.798482861443276, 55.72336200196997, 70.46597157146165, 86.29228528764726, 104.22797397463455, 118.67749411769161, 129.48669186913096, 143.24277006370238, 146.00085366940112, 141.7658805932836, 134.62041036431978, 130.76667115223628, 124.3263283740158, 119.07696083989953], [20.697713134539164, 14.178946792438321, 11.330681612928059, 17.181479145054478, 18.43434621739458, 20.754847930443187, 24.610041947489847, 60.509053292343964, 65.68486706805061, 74.6235447682405, 83.21267260603992, 92.06314437356822, 84.11201010636323, 76.14693931445272, 67.82561440912785, 28.36136275249684, 19.23912313793448, 10.625083890770652, 6.549335729776035, 12.869537326979794, 13.991572414302158, 0.0, 9.123795588604828, 17.63683722653713, 24.303072520007273, 62.175165574903204, 71.25437418531841, 80.40285629297736, 89.97628843649301, 99.12484992969338, 95.99278798540024, 88.67789631331239, 80.3006649191502, 72.1783277587869, 64.0390466790941, 35.51912324443111, 43.540338457999205, 52.76541688279264, 53.80163530012584, 60.41133850413824, 69.08512721464581, 74.57807034512477, 77.53324803875924, 76.24655453117312, 65.5117073603371, 56.40213972226645, 52.79706258925556, 70.36741462616058, 69.54367614808432, 72.50849794486348, 78.19955492251113, 82.72689337281622, 87.6193478534027, 98.11141454480621, 102.54229285504114, 99.71895881051707, 97.04445825090082, 91.6046999896677, 84.01347213776481, 70.67504497233833, 74.82407935008767, 81.26025180650964, 85.64356897049932, 96.5006445112663, 94.16048682216608, 89.61269349868971, 84.18217602036755, 35.520224397203435, 49.70866214210035, 64.78923112541166, 77.55207709823539, 91.63041700934906, 107.43097230141997, 120.25545369665426, 126.06695749775996, 140.24139722974277, 142.33647655413606, 137.23346511418518, 129.81351793455426, 125.32497669792491, 118.22658549240955, 111.76813612816133], [13.44625141993701, 8.922200954675587, 11.488845420527902, 20.463168134033616, 17.713121285610082, 16.49085826399442, 18.344970896372036, 51.91792108015549, 57.06940498343596, 65.98536047089218, 74.64268383130388, 83.77923735302132, 75.50129876299515, 67.44190313949223, 59.195998228781896, 19.6266998300214, 11.552921572786731, 6.60947134844452, 13.362117177874616, 21.46825001855832, 22.36894683114782, 9.123795588604828, 0.0, 8.629409908534127, 15.223794396144543, 53.42982063810458, 62.64140691532005, 72.02137438607778, 81.85703202399266, 91.4164449252811, 87.94776727666408, 80.34984062194972, 71.77793619069173, 63.49593070366956, 55.280331693615274, 26.423819886010783, 35.015849713633486, 45.198055902326885, 47.845827044101746, 54.51292958159714, 62.34851404808017, 67.34658206944567, 69.89923188386905, 68.1654723009556, 56.976150908399795, 47.51004543420377, 43.803844732475994, 67.50204492003922, 64.81146214456018, 66.72690746675515, 71.69548312561326, 75.74046776353636, 80.32064131439886, 90.82716864334661, 95.97399207054531, 93.58357927435301, 91.52424405888974, 86.93260293601338, 80.23669286879006, 67.30657426327234, 69.5700913880809, 75.02959301556794, 78.94935929501054, 89.32336694663314, 87.7876285620593, 83.8356526487527, 79.2284115558337, 42.914771899336394, 55.30762330694098, 68.43813818708523, 79.78896605111483, 92.80260697284038, 107.06715489859067, 118.71034827060063, 121.6315925041443, 135.17520340035045, 136.5887086047607, 130.87098312073687, 123.28923457605369, 118.51882912819552, 111.3296814592811, 104.80718128665775], [8.499045398663368, 9.84944468653908, 16.400157229336976, 25.555350052689118, 20.498902078381906, 15.919479080902303, 14.245056011578965, 43.39473008952959, 48.549185194450395, 57.489976788334225, 66.15560273993786, 75.40442137699166, 66.95875497500113, 58.85716688415949, 50.646158161165694, 12.65791364179963, 8.973099026807295, 11.859831949646756, 21.283055473129107, 29.391049613653035, 30.104640342036724, 17.63683722653713, 8.629409908534127, 0.0, 6.721901048539246, 45.17080148314078, 54.44512408120413, 63.94206316083763, 73.83935642191547, 83.55563943672855, 79.83040162640157, 72.14996291487948, 63.52814992051972, 55.09677505059324, 46.87040360976375, 18.088311141201217, 27.91419572023176, 39.3901325978993, 43.431778825849875, 49.92440147247711, 56.8427619533773, 61.14225620179322, 62.97999713592631, 60.61740197024585, 49.32257416230081, 39.088364435673505, 35.2026455729423, 65.43537209015093, 61.190143193688826, 62.08098256952506, 66.18591732641985, 69.57630400683534, 73.63301104834552, 83.7525811389503, 89.81607168088674, 88.04582084550421, 86.70180474331596, 83.03566533964786, 77.21535228960391, 64.79534200490667, 65.3114627392717, 69.6879686286695, 72.968261763852, 82.40503616340243, 81.95608759373388, 78.77091699549494, 75.06150539760165, 49.40958769350177, 60.08936015208072, 71.55262027471704, 81.61267857160675, 93.71661481103426, 106.53365500579058, 117.04125980551369, 117.51580141523412, 129.90604288929646, 130.46550050910704, 124.0383485382573, 116.23227626609817, 111.16199364495104, 103.90091094370723, 97.52756997297004], [10.81310996649687, 15.312694121338478, 22.37950980401771, 31.30024526586603, 25.254097821353174, 19.283108867467636, 15.439899555509454, 37.391690737560424, 42.417099000792085, 51.26269877717665, 59.99215246552631, 69.55751105291286, 60.79023811599283, 52.62537416414349, 44.54283567059059, 7.9815391241906495, 10.815927337659538, 17.361644819507305, 27.662145603585813, 36.03355446726958, 36.777094175398496, 24.303072520007273, 15.223794396144543, 6.721901048539246, 0.0, 38.787339393927475, 48.17097248734395, 57.87596805514521, 68.0235278624705, 78.15017799391252, 74.12099684026438, 66.14531540921354, 57.33573976331898, 48.77934512879829, 40.48830446607162, 11.590816111879827, 22.754753720384365, 35.33277107702709, 41.21638969632341, 47.5157954284273, 53.32450918551077, 56.98271759108732, 58.31382271126819, 55.41300894770113, 43.64929846889969, 32.84259140371487, 28.623716694200194, 65.41104965455135, 59.62446554369809, 59.46680532994741, 62.745337822293685, 65.5678899433574, 69.22976518412517, 79.23974885577059, 86.02040133042028, 84.7017448811199, 83.96152010970033, 81.12104224075647, 76.17871662219703, 64.3630280428608, 63.15089597092182, 66.47476108779512, 69.22467928012694, 78.02267201914246, 78.43325194848227, 75.8785901868568, 73.00550361591857, 55.54196874760601, 65.50757485919888, 75.83886093937882, 84.91947520011047, 96.1894956194959, 107.79674531915903, 117.33221846554986, 115.47680105678384, 127.2052930551268, 127.11518083720036, 120.0978224459409, 112.12235468366804, 106.73997816358315, 99.29995688807323, 92.7483977649023], [46.281461803305845, 52.99653627157952, 60.46292573757928, 68.63446468672294, 62.105298677800505, 54.89222778430691, 48.220418127034726, 18.186030383464832, 14.544656556884425, 17.136131751997503, 25.633225127999133, 37.77957736718463, 28.250156026876187, 22.481038123324666, 19.025369125297647, 35.167829980545655, 44.70039824125334, 53.384143463941, 63.89380694289482, 72.64932889438141, 73.9315400845807, 62.175165574903204, 53.42982063810458, 45.17080148314078, 38.787339393927475, 0.0, 9.629270455308545, 20.11855289861905, 31.76794616028973, 44.93121206886426, 39.660286202898874, 29.30711378867173, 19.40039327728322, 11.606275460018859, 4.61822148699529, 30.43124355943117, 35.49356794355315, 45.95537388346227, 57.58726472346485, 60.83374792487227, 59.46863182665401, 57.638488068175015, 53.628462829892094, 45.95252540332611, 36.48286104245544, 23.277135222062057, 14.029658