{
	"dissimilarities": [[0.0, 7.35077996285959, 14.673915478607096, 21.999490785053798, 15.559291243507783, 8.45543011296894, 4.221101943560472, 40.9185784308885, 47.05627928634613, 56.490828079347054, 64.74946971937737, 72.6461227764706, 64.87774852990546, 56.629176732833606, 48.28027332422266, 20.405767507690296, 19.476637266171338, 20.561739596362976, 26.706506586393903, 31.954845327256308, 31.24803309599106, 21.876740505952185, 15.033371332179188, 10.590712135596693, 12.415793168050685, 47.341558166699315, 56.25335103055655, 65.1163485109481, 74.0384189336079, 82.2051367511007, 78.56048942575462, 72.10807151662443, 64.16717722456455, 55.700141891798715, 47.62104406347884, 18.386933064340504, 27.118819802979964, 37.104131143512916, 37.01696723980506, 43.258691395916706, 51.28792040665925, 55.782531217911185, 57.33077975318594, 55.426003832346446, 46.64522769093078, 36.94715585235975, 35.2714652831677, 55.0405951103947, 52.63809214012692, 55.31485032452334, 59.81861493525221, 62.54471699584183, 67.23699207769718, 75.70237642073668, 81.21713491145195, 79.47295444524944, 77.90650690273425, 73.89954202617456, 67.51635365341767, 55.92285243323974, 57.70442778140607, 62.726351200612626, 66.03785844706239, 75.0800950894175, 73.35662144443208, 70.03002489787862, 66.91267215116297, 49.870608134851096, 55.00397090328941, 63.55137410260515, 72.63852869983776, 84.80262430163779, 96.7273185295745, 106.6988129815115, 108.35614616546914, 117.59100544985853, 121.65074555589895, 115.41208664660327, 107.2723437748787, 105.07698834624836, 99.30344543690234, 96.18997306833917], [7.35077996285959, 0.0, 7.491550209686707, 15.49776674909856, 9.113416718236138, 4.217176384307396, 8.49794980629987, 48.13525895519182, 54.294348973962535, 63.694584385599704, 72.00478479215288, 79.97635925337106, 72.11871804005438, 63.82303764825924, 55.489869720384576, 23.859885706519947, 19.99998064218218, 18.125000723636646, 22.158079794620942, 26.487147017814472, 25.366372470300178, 16.42970559372221, 11.610072914884771, 11.870822350283278, 16.44522068729508, 53.913624636498184, 62.99656058298798, 72.03922869244319, 81.15887643766636, 89.4561600439997, 85.85706711005201, 79.27104062275416, 71.18239206618699, 62.66991566607075, 54.50161025778789, 23.863516239668787, 31.347654831372925, 39.97440769386485, 38.821818898987786, 45.321051467462205, 54.18535921472297, 59.473653479638344, 61.993747103097114, 60.90253006126671, 51.85089817584322, 43.37032953647933, 41.989282933665514, 55.14824043440278, 53.8397641987062, 57.440467234726164, 62.84764837700067, 66.3703405669894, 71.71292368966736, 81.0131196901602, 85.34246176279512, 82.79884397834226, 80.44604105982219, 75.49980044447842, 68.2516370150777, 56.28486332266182, 59.571827265735685, 65.67140764538651, 69.73764063031065, 80.14638415495193, 77.0827421973594, 72.85808501751177, 68.80005475054179, 45.65202381998732, 51.05439551805531, 60.328321339222185, 70.31692581156432, 82.99437430658946, 96.03919009537005, 106.94350847493264, 110.40077627880959, 121.36435829399909, 126.49039550782322, 121.21677010538998, 113.55820496709684, 111.82981647979332, 106.37933217094185, 103.2491052170923], [14.673915478607096, 7.491550209686707, 0.0, 8.585426221464953, 4.216952575552516, 8.032877553592176, 14.970136397734686, 55.454285387874386, 61.66511176518963, 71.09891428859555, 79.3697705016223, 87.17643032714639, 79.43222492812279, 71.14822156748674, 62.793565623079225, 30.176290623889706, 24.624375834714044, 20.14220985704076, 20.47710438268546, 22.321327714398826, 20.29154804681816, 14.264872066613918, 13.916183989496474, 17.880935628990617, 23.310522436846647, 61.344993994850675, 70.45359312381596, 79.49579984967868, 88.5594378788107, 96.65398784436623, 93.15951711547714, 86.71169091555468, 78.66415491480018, 70.16113674157371, 61.98944678424895, 31.031251314876183, 37.38807719292514, 44.5628656636583, 41.6926679517497, 48.130906739298, 57.82458942776719, 63.7420788481588, 66.9562785531111, 66.59669056797374, 57.88699437460643, 50.38622293490928, 49.41604214580723, 55.09358242873059, 55.394569070471746, 60.02238721310209, 66.26548581883948, 70.48282167440763, 76.26498247222762, 85.98351874579035, 89.17055253743403, 85.96637565670983, 82.8624674214088, 76.97521874373139, 68.72619691986621, 56.50954367964396, 61.64822319652826, 68.8307712653209, 73.52330822650036, 84.87096117099411, 80.63007359791376, 75.61964503838453, 70.61628692314414, 41.58495171630061, 46.13387456616267, 55.79048815182453, 66.60981398702144, 79.84688961289712, 94.0799129533998, 105.98596431452728, 111.79878504186887, 124.13983440467847, 130.21929597469148, 125.98755482240209, 118.86172630924182, 117.71217873641595, 112.81103972392532, 110.10875639275068], [21.999490785053798, 15.49776674909856, 8.585426221464953, 0.0, 8.510711630308068, 15.114559674749279, 21.736745411085092, 62.33233088528977, 68.58538959097406, 78.11923953069955, 86.19394877367664, 93.43372362282842, 86.17904244093914, 78.02958275729148, 69.6243182328979, 38.547074689273344, 32.43330305195018, 26.566078574601143, 23.233262357751183, 20.823411151569406, 17.293462911152005, 18.001750164954906, 21.087347220498458, 26.060230998210972, 31.639393878557424, 69.2099962850258, 78.13865257581719, 86.89107499359274, 95.48398881956636, 102.82034884888589, 99.5904527149059, 93.72322958007814, 86.02786502239711, 77.65211516697035, 69.60648924595772, 39.32109001716734, 45.17031414405427, 51.27533024539998, 45.962787305932196, 51.96484592319505, 62.51361435125524, 68.76504062361434, 72.15107221211754, 72.30610777924808, 64.78209556353956, 57.74015510292848, 57.17833305484681, 54.82271630228924, 57.568631311590615, 63.33238791504747, 70.24527973994581, 74.92522137236463, 80.75503230181074, 90.10307826909094, 92.36806877254244, 88.83770478160739, 85.12532530362057, 78.37078572588436, 68.88758609261023, 56.556621520430966, 64.07791832001219, 72.2907974105209, 77.33533632185588, 88.7667371995063, 83.77139285504809, 78.24943488773808, 72.36283813521847, 36.99905129044228, 38.4974647090386, 48.290526638218864, 60.03214979024833, 74.2335390536088, 89.9053498527441, 102.98483187456794, 112.2175996250615, 125.01740311682738, 131.65783633348573, 128.4600644766181, 121.85939030696909, 121.37069436946916, 117.24290433929617, 115.5659985544563], [15.559291243507783, 9.113416718236138, 4.216952575552516, 8.510711630308068, 0.0, 7.476715227834615, 14.672612063981173, 55.46350123552122, 61.81753073222392, 71.2968836888133, 79.48896399352883, 87.12128928210147, 79.38417955314034, 71.09708915419048, 62.73237347247217, 32.338174288237184, 27.705237583681285, 23.985505157265226, 24.617523691624445, 25.815842019486453, 23.324635562996328, 18.360418158724954, 17.606760417878156, 20.45882339229627, 25.174502686042157, 62.43836534271654, 71.5299278206476, 80.55851873664324, 89.5109039651413, 97.38230519819254, 93.72780357790808, 87.48188787840694, 79.51631546678031, 70.93002157451289, 62.78857444608319, 31.917859344365777, 36.74916133082161, 42.84952296290602, 38.56746175187414, 44.86575789825842, 54.9310332871515, 61.05808768479375, 64.5197338735243, 64.6138488418483, 56.48847240647895, 49.89487882829492, 49.889666945772625, 50.9773252355726, 51.6367169883488, 56.600257746678984, 63.12211789241935, 67.59776662673742, 73.53098576110773, 83.46825260858303, 86.04253227772628, 82.57962157441108, 79.23513793330575, 73.10647117211161, 64.66401118127301, 52.42646540818812, 57.991039462095266, 65.52672208238643, 70.4316245926438, 82.21375719118511, 77.39655587852131, 72.11236878006467, 66.83659677832007, 44.15947430431393, 46.128083424640245, 53.759667726021384, 63.830548181709524, 76.41364561888705, 90.27944449574751, 102.05553613951983, 107.88683179916141, 120.79460622276845, 127.4580648009499, 123.8807613484565, 117.25845582968816, 116.72835102768931, 112.77228866043693, 111.06913815975365], [8.45543011296894, 4.217176384307396, 8.032877553592176, 15.114559674749279, 7.476715227834615, 0.0, 7.353461016922569, 48.05672143548431, 54.38894608589409, 63.85209112760725, 72.07729753871365, 79.85310280540853, 72.00717292441459, 63.70221444883651, 55.34430375485365, 26.417145843712543, 23.54037971413065, 22.140241400961575, 25.854408594833824, 29.3088943306886, 27.653048226930405, 19.86487947658427, 15.583092489151216, 15.221175533666676, 18.793791955618374, 55.095608566144065, 64.14540495695363, 73.15857034871604, 82.1405647955813, 90.17785593125018, 86.41251802259343, 80.05888067715729, 72.07074541629498, 63.47254594616633, 55.344498349792104, 24.8680618546789, 30.49911281417625, 38.00576718895885, 35.3579205032424, 41.76371593801861, 51.04026855228789, 56.546468588402774, 59.30530542659249, 58.67389064885186, 50.23974741497798, 42.722760369508556, 42.46468743754407, 50.94429119536372, 49.89749471250301, 53.801859905395816, 59.47989729655849, 63.25552732385268, 68.75327888981204, 78.28222555776419, 82.02010477178243, 79.23332367862625, 76.66033833022729, 71.5009352431492, 64.09063966098982, 52.0965164971232, 55.71812739786646, 62.15200364177085, 66.42276298184409, 77.27015328218089, 73.64262322069177, 69.16008050058791, 64.85708656404024, 47.851793027684025, 50.87641887546456, 58.30041412901884, 67.55205239941093, 79.58390895455179, 92.22554366831119, 102.96920949185797, 106.39160055176606, 117.87789655960064, 123.57509164687885, 118.95194572012551, 111.80047643408753, 110.71485318061319, 106.25842441940335, 104.20197632505014], [4.221101943560472, 8.49794980629987, 14.970136397734686, 21.736745411085092, 14.672612063981173, 7.353461016922569, 0.0, 40.830140410683505, 47.16888930397944, 56.671629495300635, 64.83234626350453, 72.51069552808183, 64.75584167127307, 56.495932840059105, 48.11617051876424, 23.361244600541365, 23.113940155051065, 24.18975046080916, 29.854013164969043, 34.335343990329996, 33.135697761091116, 24.57261714135592, 18.29290201010668, 14.265797030465878, 15.412010045681715, 48.69058524558546, 57.542740017039606, 66.35671245524581, 75.11538668992505, 82.98962330290475, 79.16762831884759, 72.97573986682677, 65.1552558058278, 56.606616735073196, 48.58947310975066, 19.689955547227427, 26.148420149393466, 34.98681926475211, 33.373732673310144, 39.521751666423825, 47.95930082394325, 52.6558794091762, 54.41622979944062, 52.97102969707108, 44.8554531089576, 36.19266610818788, 35.84448544634221, 50.82720794520192, 48.60142108604642, 51.530335495807456, 56.27371172936903, 59.232450422206185, 64.07301979114905, 72.77168512475474, 77.71804933446495, 75.7513816648936, 73.99149325387692, 69.80946714423521, 63.30633549486463, 51.70484840581116, 53.71918737308029, 59.03427242832412, 62.52910389457413, 72.00094141534638, 69.733069446434, 66.1749417469007, 62.85198702629438, 51.890692259319664, 54.833030795581834, 61.622354696272446, 69.95758608153717, 81.4606829075982, 92.93510669387118, 102.70869807389546, 104.2657510178157, 113.98382513677144, 118.61010742683287, 113.02483085203694, 105.40380545273925, 103.88405417715626, 99.16944603650082, 97.21000005236753], [40.9185784308885, 48.13525895519182, 55.454285387874386, 62.33233088528977, 55.46350123552122, 48.05672143548431, 40.830140410683505, 0.0, 6.597130326605197, 16.03625594246322, 24.067071996535038, 32.64787830356058, 23.994820267699946, 15.726058252655495, 7.375258001300158, 37.43468146785333, 46.43286857060255, 53.95240872815847, 63.46543198018281, 70.59727919414505, 70.79197660866286, 60.48150960263503, 51.868470437044095, 43.35107103344245, 37.325451757073644, 19.205507249001418, 23.516915195509743, 29.919450195955303, 37.31165560919058, 45.52148376617209, 40.27751064025038, 34.11569306442954, 27.314355341434823, 19.555267073989402, 14.612980222694171, 29.23084448391011, 30.937744480386446, 39.58473207306104, 46.32895963343027, 48.56257459449318, 48.00221785718621, 45.94294700651196, 40.66709836473605, 32.792246065872156, 28.258432057242562, 14.068923618075873, 12.51398546392803, 68.04438477987705, 59.52221717304754, 55.928356254980514, 53.6235368834657, 50.48511415218716, 49.963044441123195, 52.24096022188614, 65.22231160901374, 68.5212968862241, 72.05595222951234, 74.36025089004343, 74.52191387485476, 67.40220109790681, 59.760228665144936, 56.77341662714272, 54.640825414773985, 53.63903230966141, 61.10615613494219, 63.91041518981131, 67.18032663784699, 85.35024760719104, 89.21697330637826, 93.54606085966522, 97.79048026747775, 105.58809774456866, 110.45475970664664, 114.28593200594581, 103.2520660388421, 103.13529970639176, 101.15660069281587, 88.99411987319313, 78.29242592135554, 73.02070680241764, 65.68763190112142, 62.82503843134724], [47.05627928634613, 54.294348973962535, 61.66511176518963, 68.58538959097406, 61.81753073222392, 54.38894608589409, 47.16888930397944, 6.597130326605197, 0.0, 9.59671872929081, 17.72343319014691, 26.84865217190036, 17.997936470770032, 9.993710061773355, 3.3310103665929955, 42.17102449801433, 51.35302368340978, 59.10432657723373, 68.71993774910001, 76.05447568286118, 76.44545449334416, 66.07006734662329, 57.44916535480189, 48.92555858773673, 42.81500788365657, 17.519320162432276, 19.130611294434292, 24.126218952963974, 30.980470673141763, 39.455783007260635, 33.95747703587191, 27.621672940239375, 21.22705675191723, 14.28618564035222, 11.970587392580239, 34.7416805821569, 36.51492640968997, 44.782588877016266, 52.23650703648269, 54.11442424019568, 52.6121521896986, 49.76245965824009, 43.69832614188387, 35.16381118426344, 31.618976377907366, 18.9003467045468, 16.36858045780904, 73.76624630697971, 64.92229604736157, 60.774822466153566, 57.694332310389946, 53.80397429549927, 52.3918192215462, 53.1871715817283, 67.322497322123, 71.42768933577833, 75.65696082989918, 78.7448207914013, 79.61221923887646, 73.01985563658775, 64.67872506691069, 60.79042966015185, 57.9251925418937, 54.99974582142268, 64.0153806640816, 67.68856965026188, 71.70272573411665, 90.36953283710243, 94.81159845329884, 99.39941002938913, 103.49200751203304, 111.15039812513564, 115.48706038172642, 118.71365245187572, 106.38362456742996, 104.5354641999248, 101.17710043573459, 87.6519641807122, 76.19451870326331, 69.76295146648656, 61.16294264266945, 57.29273792308879], [56.490828079347054, 63.694584385599704, 71.09891428859555, 78.11923953069955, 71.2968836888133, 63.85209112760725, 56.671629495300635, 16.03625594246322, 9.59671872929081, 0.0, 8.721627653733103, 19.489234453029727, 9.602618128848976, 4.210078680678665, 9.450412663014298, 50.147174032982626, 59.578208364546924, 67.6455274188084, 77.48513500630347, 85.10126489382361, 85.65966274143742, 75.06547539595681, 66.37478439046272, 57.829020827252, 51.581227109537245, 19.73821526531882, 16.607960512923494, 18.103840729130738, 23.58796083763893, 32.61136599337118, 26.27970752951374, 19.510706974461815, 14.320225075709459, 10.708855634883358, 14.4303809716179, 43.29347342176543, 44.21214270509686, 51.43660649361503, 59.81591186658513, 61.11239152580289, 58.12902029138738, 54.1898546261694, 47.26407879236355, 38.20102491719209, 36.0117248440052, 26.085686269808008, 23.94085724305003, 81.2576620648892, 71.67332054059715, 66.62764427962767, 62.418082377284684, 57.52956674735031, 54.99184137936437, 54.10110994432341, 69.44410461230495, 74.51515572155057, 79.68707597946953, 83.9363658975606, 86.0175359464104, 80.31974716488943, 70.70752818499408, 65.46797202775896, 61.639913225064035, 56.44233034061551, 67.26821987119365, 72.07221457865256, 77.17274694003935, 99.2453527492659, 104.08103269694227, 108.51472622359263, 112.14600922264748, 119.21200588938613, 122.48346944072584, 124.62632552179181, 109.79151728673094, 105.97882167317083, 101.07797757562714, 85.98028012000344, 73.87195477778779, 66.16456845735277, 56.4474045434667, 51.55265454034045], [64.74946971937737, 72.00478479215288, 79.3697705016223, 86.19394877367664, 79.48896399352883, 72.07729753871365, 64.83234626350453, 24.067071996535038, 17.72343319014691, 8.721627653733103, 0.0, 11.601876524965128, 3.1544181891443945, 9.137376087155491, 16.987054537665706, 58.79142338979462, 68.1604782429379, 76.14954072300449, 85.82584526728097, 93.25743034019196, 93.78617752008279, 83.48970337428638, 74.88336390495733, 66.37266863091996, 60.19081297559753, 27.207981702259012, 21.64045715015138, 18.677752414277126, 19.557969943622627, 26.383719365622586, 19.43046956347831, 15.046376728000167, 14.744741115401993, 16.338005749316807, 22.37425535247245, 51.982948350205504, 52.4865215541964, 58.84624268781638, 66.65806989922596, 67.33052525701729, 63.59401067593285, 58.83401407374955, 50.99472134133004, 41.74554743714071, 42.037401878902756, 34.00743573569219, 32.65587302818066, 86.79139298884056, 77.25033906750133, 71.77862767876425, 66.77374665589993, 61.096291046475585, 57.339812387892906, 54.01786662750593, 70.4125204294274, 76.56838826553991, 82.55863050542395, 87.73360236577601, 90.58641060273965, 85.72228663835249, 75.60354608215972, 69.46169609689282, 64.73930687981824, 56.791344617215394, 69.42917075923921, 75.32177842517319, 81.24586625240661, 106.6407990129807, 110.86958642892225, 114.67417268795789, 117.60963235969736, 124.07971645878575, 126.30729006865607, 127.46303244763803, 111.21585141382194, 104.80032640343002, 98.09953247872684, 81.53244596061725, 68.79590636573695, 60.03217993353454, 49.85288644808394, 45.71896997914927], [72.6461227764706, 79.97635925337106, 87.17643032714639, 93.43372362282842, 87.12128928210147, 79.85310280540853, 72.51069552808183, 32.64787830356058, 26.84865217190036, 19.489234453029727, 11.601876524965128, 0.0, 11.224255940616018, 18.84773578350917, 25.772853373485287, 68.6531451854098, 77.65860771082731, 85.1717810422366, 94.23710916739739, 100.96560042801595, 101.28505717947426, 91.91389911931542, 83.60747518840905, 75.24494288261606, 69.35832704978037, 38.16100014655895, 32.13243826171084, 26.754821684351583, 21.805893307523565, 20.97407335787174, 14.872438733795546, 18.605723633281077, 23.617455345319506, 27.191414916860577, 33.228775881067435, 61.57343556931902, 62.16022123412968, 67.90297507258103, 73.71907655055631, 73.69759492092837, 69.95625263118238, 64.63951366569684, 55.79148284696654, 46.677068050462275, 50.416705762361566, 43.39099290258036, 42.89168718353734, 90.99171956001804, 82.47051303589122, 77.09935534337403, 71.64229651402832, 65.3787977558241, 60.23092685459042, 53.280612461294155, 70.65575233584761, 78.16253573513339, 84.87792265840515, 90.7501165868253, 93.87629089306948, 89.86039099482005, 80.1494234882576, 73.58138137424115, 67.98944753461355, 56.4056093673295, 71.06464499032155, 78.08826105238859, 84.57087793998899, 112.71192947982847, 115.25822250488218, 117.92950097663703, 119.84904600617936, 125.70707924599233, 126.84696880748058, 127.05697754241967, 110.8223487413954, 100.48934181067122, 91.19077392073176, 72.84026750437725, 59.105217335148325, 49.074396301900876, 38.93421185810342, 38.80458404986491], [64.87774852990546, 72.11871804005438, 79.43222492812279, 86.17904244093914, 79.38417955314034, 72.00717292441459, 64.75584167127307, 23.994820267699946, 17.997936470770032, 9.602618128848976, 3.1544181891443945, 11.224255940616018, 0.0, 8.556708610082852, 16.686610678406023, 59.57751741861362, 68.98629067110512, 76.93903466525273, 86.61316481479491, 93.92232933954593, 94.30769788777044, 84.06049184065341, 75.42712970114852, 66.88559080185537, 60.69812661018229, 28.872487469187238, 23.983755554723388, 21.68174010164899, 22.492920493471075, 28.33511441583579, 21.357606391300457, 17.963003171855927, 17.670419378082823, 18.48119837762795, 23.841753708888007, 52.31212778633883, 52.05035409056647, 57.78018796933097, 65.17228806276553, 65.56032848064041, 61.560578317573125, 56.57272847712779, 48.500788175373906, 39.2487941140036, 40.455790190596524, 33.345433316542234, 33.081599372652434, 84.87375442004344, 75.23149849563124, 69.60543123103547, 64.38306801292876, 58.529690004560116, 54.53333755490185, 50.950831123769966, 67.4057695893457, 73.68508003140532, 79.80976611368985, 85.18785839129394, 88.30195639463739, 83.74136391736258, 73.36026460643033, 66.96816057706553, 62.05476977545739, 53.75875732757536, 66.5801216075558, 72.66109761237608, 78.78291356024295, 107.43851844634368, 110.91378311936639, 113.99603217323272, 116.50488620421756, 122.49966294634987, 124.25921574109235, 125.08041432385312, 108.28205657129972, 101.87054018906107, 95.41126273298688, 79.15566640262873, 66.79376098080398, 58.67484611537859, 49.88979339940719, 47.48971248704896], [56.629176732833606, 63.82303764825924, 71.14822156748674, 78.02958275729148, 71.09708915419048, 63.70221444883651, 56.495932840059105, 15.726058252655495, 9.993710061773355, 4.210078680678665, 9.137376087155491, 18.84773578350917, 8.556708610082852, 0.0, 8.41394129021257, 51.418350446429955, 60.86025427095199, 68.82734440017053, 78.61236960992746, 86.00482350887464, 86.34699953640865, 75.8841243060195, 67.17880711909098, 58.60306757156816, 52.374005645500695, 22.7580757241954, 20.51234995216148, 22.089305870079983, 26.69108521071762, 34.43781923397928, 27.93772440951457, 22.417320183938447, 18.168855455545486, 14.640782522984763, 17.310653228605588, 43.85817680978091, 43.64074254450845, 49.96203484344713, 57.645117327005906, 58.53978091737025, 55.23862004017255, 50.98999947804265, 43.69630656909054, 34.54703640201345, 33.688689707680496, 24.99973594768783, 24.7574783855591, 78.46084444956239, 68.77354970192573, 63.537690390292205, 59.048829318646085, 53.92752463350323, 51.084000014232494, 49.89972004251906, 65.3145702773532, 70.53941084941707, 75.8734481792497, 80.36717672461431, 82.75441931558784, 77.43926294831617, 67.50439447518806, 61.953830792591745, 57.875463807649275, 52.260884146940725, 63.2984342976562, 68.33942700820776, 73.68562063573862, 100.2402510650703, 103.94919121569941, 107.35724657791701, 110.38946115051114, 116.82629101092726, 119.48336257330712, 121.20301120629885, 105.75438398189226, 101.9318735306237, 97.3481636213452, 82.68468983602789, 71.05358851309924, 64.16261095332067, 56.10560783153941, 53.33357650880445], [48.28027332422266, 55.489869720384576, 62.793565623079225, 69.6243182328979, 62.73237347247217, 55.34430375485365, 48.11617051876424, 7.375258001300158, 3.3310103665929955, 9.450412663014298, 16.987054537665706, 25.772853373485287, 16.686610678406023, 8.41394129021257, 0.0, 44.13658574225563, 53.3598422185877, 61.07502214590015, 70.68696358236566, 77.88548742512684, 78.11764622786707, 67.79810274762893, 59.153311698272155, 50.60959896061901, 44.495359659046315, 20.099771899156366, 21.396225870916837, 25.88990101473302, 32.1455468976448, 40.031654021179456, 34.25382194859549, 28.474634189756856, 22.63643186100179, 16.199395468433504, 14.553366602255194, 36.16610605646978, 36.69699282928499, 44.040089365769695, 51.10150351126347, 52.58764777736405, 50.63258080507546, 47.417383159953204, 40.98278630316881, 32.29117020118766, 29.81646621910373, 18.387140325048783, 17.94347394341246, 72.25011157048236, 63.162560699762594, 58.73086656232933, 55.29954193779403, 51.12720791390828, 49.41213007336499, 49.96554346799128, 64.23175982617735, 68.51183706260817, 72.95160832479398, 76.35006773901208, 77.60942936807699, 71.40827351938545, 62.60049915263383, 58.30702548802609, 55.16308443936895, 51.82514112686132, 61.11138383023079, 65.05919168617646, 69.38459028215891, 92.30826693224249, 95.88477829879795, 99.59707058890857, 103.14638427745172, 110.21023077601451, 113.92849467026457, 116.69827598916342, 103.54829008119748, 101.6025789976175, 98.40742736197498, 85.10791608644534, 73.98734890004508, 68.07466752850007, 60.59621485281671, 58.08097354721377], [20.405767507690296, 23.859885706519947, 30.176290623889706, 38.547074689273344, 32.338174288237184, 26.417145843712543, 23.361244600541365, 37.43468146785333, 42.17102449801433, 50.147174032982626, 58.79142338979462, 68.6531451854098, 59.57751741861362, 51.418350446429955, 44.13658574225563, 0.0, 10.084396978549634, 19.22818028546035, 30.64089634241358, 40.38379350124583, 41.85528692475682, 28.46313591400371, 19.680621936757735, 12.617104304289075, 8.003055429317541, 35.11435682735019, 44.52582322487525, 54.36436460505633, 65.13816162710887, 76.22581701917531, 72.2453138563606, 63.44237557972089, 54.19707109571618, 45.84810704125023, 37.64157636751944, 10.841981817609318, 23.83701279410776, 36.90145481523629, 45.81138112105281, 52.09447665537302, 56.53994800257102, 59.709395508266276, 60.86148017875433, 57.37934878460115, 44.41907975949481, 33.069125253963286, 27.002648279950787, 70.2548569734854, 63.763782008153285, 63.761510259135996, 66.3320388908046, 67.7444933797304, 72.11267124224806, 81.20404728209779, 88.77788605793269, 87.67891535909716, 87.35740069741732, 85.12190243595641, 81.29611947889113, 70.64894504844109, 68.04888606692406, 70.42958730619826, 72.80045310508659, 81.27051104087766, 81.4446023872956, 79.28796449476305, 78.05171607940584, 60.30322920111487, 72.35915688389214, 83.54994752810967, 93.0323859879563, 104.78220387780755, 115.601283486861, 124.24480884126672, 120.46529824804824, 129.10310999057327, 131.75320946401047, 122.94236168058195, 113.28951688036696, 108.69500177964169, 99.43728679859609, 91.29592514923948], [19.476637266171338, 19.99998064218218, 24.624375834714044, 32.43330305195018, 27.705237583681285, 23.54037971413065, 23.113940155051065, 46.43286857060255, 51.35302368340978, 59.578208364546924, 68.1604782429379, 77.65860771082731, 68.98629067110512, 60.86025427095199, 53.3598422185877, 10.084396978549634, 0.0, 9.350955089719287, 20.916374387930645, 31.111962711248484, 32.99068724488553, 19.34635308417917, 11.604544656254676, 8.912230318063205, 10.810279612253606, 44.6029900407663, 53.79676620733158, 63.344579883350946, 73.80191505985199, 84.41985121943411, 80.8847687802847, 72.41334392268573, 63.40969902808208, 55.2811945107905, 47.17221561224753, 19.152463108313825, 31.145061091117867, 43.00636427937601, 49.72728359326841, 56.42292789219149, 62.35248802406684, 66.45267401994514, 68.36713358192158, 65.59624534209965, 53.03867880564227, 42.34382761955888, 36.73953543702312, 71.94093495006773, 67.20454595168194, 68.4991689154567, 72.205115677828, 74.47954434487413, 79.39375373251058, 88.824252409157, 95.43544556514296, 93.692248231825, 92.53963748790383, 89.16783401395715, 83.99693576709564, 72.67568273339413, 72.26762179893137, 76.06814764553008, 79.20223343367348, 88.6310539958572, 87.67270906698866, 84.62918973990408, 82.25600778352522, 51.83385051839257, 65.88117754385141, 79.07926422108883, 89.97455077043297, 102.97336711179133, 115.52189679936609, 125.55144464271237, 124.88979647522419, 134.67103443772515, 137.98074986639838, 129.9261758745063, 120.46358858156988, 116.12556748239781, 106.78892929943487, 98.5175022347771], [20.561739596362976, 18.125000723636646, 20.14220985704076, 26.566078574601143, 23.985505157265226, 22.140241400961575, 24.18975046080916, 53.95240872815847, 59.10432657723373, 67.6455274188084, 76.14954072300449, 85.1717810422366, 76.93903466525273, 68.82734440017053, 61.07502214590015, 19.22818028546035, 9.350955089719287, 0.0, 11.62374811600019, 21.97046080082207, 24.11990412614921, 10.67306753403247, 6.599139731827625, 11.834498353724086, 17.36326484299992, 53.33366596594576, 62.37006991328022, 71.62172182896204, 81.63153649402624, 91.54929745645707, 88.38046084584744, 80.42855713279786, 71.74380131998963, 63.72925055720766, 55.66814756672177, 26.971789960789348, 38.18520604909429, 48.97264026842762, 53.19391627360665, 60.02468136279918, 67.2661553748543, 72.05902351600172, 74.43944073212182, 72.253271618262, 60.471828333963785, 50.190070876290804, 45.14650025483093, 72.58067523009831, 69.74785874436596, 72.25452736155412, 76.90502174507223, 79.86120339412113, 85.10658916807797, 94.56381738160928, 100.31712656671776, 98.10221796802003, 96.24497852646145, 91.87982280662304, 85.43679949472111, 73.62770531286526, 75.38106549075218, 80.4289441004774, 84.13890725987761, 94.13009327475123, 92.25947006314313, 88.5163044123655, 85.14545925657814, 43.37836037254309, 58.6428128071374, 73.47694275241629, 85.5546085743288, 99.65753014155224, 113.73879036451184, 125.01210160502504, 127.5115967319927, 138.05018649636003, 141.91396558897787, 134.6743001044601, 125.5002352659066, 121.58346614451614, 112.55065808818338, 104.7755760201849], [26.706506586393903, 22.158079794620942, 20.47710438268546, 23.233262357751183, 24.617523691624445, 25.854408594833824, 29.854013164969043, 63.46543198018281, 68.71993774910001, 77.48513500630347, 85.82584526728097, 94.23710916739739, 86.61316481479491, 78.61236960992746, 70.68696358236566, 30.64089634241358, 20.916374387930645, 11.62374811600019, 0.0, 10.84847374214037, 13.974062213757382, 6.53937126618133, 13.388956842549833, 21.350858617968367, 27.707256099041977, 63.893717301327875, 72.6639841771806, 81.48739455377553, 90.89397697978963, 99.92348841127242, 97.25025101778867, 89.95252190945126, 81.70757992001855, 73.91467247674309, 65.99171256870501, 37.600826503427406, 48.3777357100382, 58.258635285829655, 59.90146976853056, 66.65943558838998, 75.11279357063898, 80.44119508291418, 83.07095613196712, 81.33496343294829, 70.54745074938756, 60.408762741871634, 55.66500000482515, 75.56288136440193, 75.06518899196062, 78.82455833462836, 84.32885173483879, 87.85415353088905, 93.2558337640868, 102.3888758200811, 107.39666371579112, 104.84479287702213, 102.32747270864569, 96.97336710992727, 89.1358157182824, 76.95433615118208, 81.15664693456097, 87.41396914364519, 91.58000220185559, 101.74248053809077, 99.16546319262717, 94.83493115528404, 90.47680688266998, 32.70594560924825, 50.20913506807006, 67.6182462122385, 81.25456578571202, 96.85208091717261, 112.8269642328601, 125.57824601308238, 132.02509177613132, 142.9410151708558, 147.13440867141787, 140.6555089081731, 131.70276543956254, 128.11989881252663, 119.26340647565277, 111.95928358571368], [31.954845327256308, 26.487147017814472, 22.321327714398826, 20.823411151569406, 25.815842019486453, 29.3088943306886, 34.335343990329996, 70.59727919414505, 76.05447568286118, 85.10126489382361, 93.25743034019196, 100.96560042801595, 93.92232933954593, 86.00482350887464, 77.88548742512684, 40.38379350124583, 31.111962711248484, 21.97046080082207, 10.84847374214037, 0.0, 4.61763755423582, 13.043354233605294, 21.679832973995378, 29.644337227574468, 36.23311400286454, 72.84106670136677, 81.44586410775615, 89.91757917729961, 98.6822600915007, 106.67115123869542, 104.31522713498836, 97.811210406355, 90.02462905970006, 82.30721215192783, 74.46599518958396, 46.04262426971523, 56.12318292216581, 65.06209083288665, 63.96168747734232, 70.44756357797903, 79.96717502187946, 85.69658960919762, 88.45873423026724, 87.22676105779594, 77.74798918013211, 67.97327469444474, 63.96970817910717, 75.59944309310413, 77.42357516596489, 82.32746170640343, 88.54706552204684, 92.55021501468603, 98.00012916110066, 106.6890789667161, 110.84541684562095, 108.02348986375252, 104.91904712872851, 98.70507023515846, 89.61255993060252, 77.2839697809915, 83.78637719882144, 91.10932201968708, 95.62462630375478, 105.80735245026779, 102.53281206084687, 97.71697360003625, 92.48562490919528, 23.30729847837157, 40.60989416621084, 59.66543767946009, 74.4040529131855, 91.12513497368685, 108.59665381013995, 122.56032005732288, 132.74603321753935, 143.87668924340178, 148.50979795308763, 143.0638324386267, 134.6155124542563, 131.740194071354, 123.76494463794576, 117.82751966932815], [31.24803309599106, 25.366372470300178, 20.29154804681816, 17.293462911152005, 23.324635562996328, 27.653048226930405, 33.135697761091116, 70.79197660866286, 76.44545449334416, 85.65966274143742, 93.78617752008279, 101.28505717947426, 94.30769788777044, 86.34699953640865, 78.11764622786707, 41.85528692475682, 32.99068724488553, 24.11990412614921, 13.974062213757382, 4.61763755423582, 0.0, 14.156266574100668, 22.579445784451877, 30.36645858448696, 36.97851761669237, 74.19112435952486, 82.86313543521568, 91.35052014006718, 99.98491070392957, 107.66245454912, 105.21075685185166, 98.96579656440929, 91.26249051020518, 83.41595614847783, 75.52192762545819, 46.56051546346937, 55.872507869541636, 64.17014752498922, 61.84717788463132, 68.18907234519723, 78.09571007638257, 84.00889410851794, 86.92589396960415, 86.04755185732391, 77.14053407837686, 67.89437262994818, 64.602323195093, 72.06266407118692, 74.59232449075752, 79.89646091547658, 86.39605931162197, 90.62957840924905, 96.16631385731571, 104.88777054799796, 108.50349537577175, 105.48186814581017, 102.12482899410125, 95.60827887544033, 86.15726417160438, 73.82590676011577, 81.03987817851493, 88.7556359272213, 93.44876897301144, 103.87240539683691, 100.12342533096435, 95.06393867431069, 89.51150059994359, 23.257216673403658, 37.17174040748233, 55.344637911268414, 69.98839362325215, 86.62637752734507, 104.22267590349949, 118.36513836166361, 129.34249540869877, 140.8595743749675, 145.97362024340674, 141.1864678120398, 133.18894415538657, 130.90443241570918, 123.81303858857916, 118.93707823802828], [21.876740505952185, 16.42970559372221, 14.264872066613918, 18.001750164954906, 18.360418158724954, 19.86487947658427, 24.57261714135592, 60.48150960263503, 66.07006734662329, 75.06547539595681, 83.48970337428638, 91.91389911931542, 84.06049184065341, 75.8841243060195, 67.79810274762893, 28.46313591400371, 19.34635308417917, 10.67306753403247, 6.53937126618133, 13.043354233605294, 14.156266574100668, 0.0, 9.165732344438714, 17.708087484831164, 24.356193333137774, 62.27290754810213, 71.31106123411132, 80.38702931038216, 89.90656744597332, 98.90591846577628, 95.87581825943798, 88.63540894173981, 80.28075692966927, 72.15795749330245, 64.042398447403, 34.05530041227889, 43.63760971781618, 52.809017796405925, 53.66951225956288, 60.42106034373949, 69.10572577151994, 74.65638106285992, 77.60700612653626, 76.3132958690845, 65.76966465270047, 56.49352234773024, 52.81924382280477, 69.22978858715692, 68.64727910143976, 72.54684153572718, 78.25789507988546, 82.02426347244845, 87.65178337429913, 97.22847699289242, 101.6425976598972, 98.79927645104355, 96.08530735102555, 90.58988748475434, 82.76546014668739, 70.60375997583752, 74.82075053640845, 81.28984268609838, 85.6692196610784, 96.44410622174648, 93.26353408181521, 88.67286097461673, 84.1500801964219, 35.733577717333326, 49.38884604471473, 64.53340996864858, 77.36206933181059, 92.1395204811706, 107.51754777309819, 119.9474254049173, 125.80241841102877, 137.46237945275735, 142.37500079652563, 136.58889317494243, 128.2056091923552, 125.35406751333312, 117.6719775708055, 111.62676221881588], [15.033371332179188, 11.610072914884771, 13.916183989496474, 21.087347220498458, 17.606760417878156, 15.583092489151216, 18.29290201010668, 51.868470437044095, 57.44916535480189, 66.37478439046272, 74.88336390495733, 83.60747518840905, 75.42712970114852, 67.17880711909098, 59.153311698272155, 19.680621936757735, 11.604544656254676, 6.599139731827625, 13.388956842549833, 21.679832973995378, 22.579445784451877, 9.165732344438714, 0.0, 8.649153773904361, 15.23981834779788, 53.52537299841272, 62.7066145078275, 71.99108766767074, 81.77310583443453, 91.18255859631861, 87.82434603277532, 80.2991404983121, 71.74808314246368, 63.46564143298266, 55.26389280716977, 24.915694321097394, 35.06226012217611, 45.18200672258851, 47.70767133357073, 54.49560771649459, 62.332628551079, 67.38587358814797, 69.93513687972093, 68.19192921164073, 57.18862210571836, 47.5629610100607, 43.79982511999858, 66.13243088118287, 63.81167630003132, 66.73209308615682, 71.71784108168166, 74.94744894364857, 80.3174193270438, 89.86780328501095, 95.02543425278019, 92.6061549429045, 90.50594844022729, 85.86460505746524, 79.1067400591924, 67.22368606968513, 69.54584788327745, 75.02767160714585, 78.9403022848869, 89.26298834443006, 86.84351618146624, 82.84435401323911, 79.1664240764434, 43.20815754632742, 55.17212516002603, 68.27453544607467, 79.7570097460615, 93.40612914435987, 107.21872044970743, 118.43245127358621, 121.34128848781334, 132.24772084124143, 136.68118292409892, 130.2209987072931, 121.62269725290156, 118.52441350772106, 110.79743139096959, 104.6916960194816], [10.590712135596693, 11.870822350283278, 17.880935628990617, 26.060230998210972, 20.45882339229627, 15.221175533666676, 14.265797030465878, 43.35107103344245, 48.92555858773673, 57.829020827252, 66.37266863091996, 75.24494288261606, 66.88559080185537, 58.60306757156816, 50.60959896061901, 12.617104304289075, 8.912230318063205, 11.834498353724086, 21.350858617968367, 29.644337227574468, 30.36645858448696, 17.708087484831164, 8.649153773904361, 0.0, 6.685804386899526, 45.29441708040165, 54.538244056394866, 63.90481176070811, 73.7642043422119, 83.34635001852652, 79.73003294515497, 72.10666260924289, 63.492271292415204, 55.08672793903222, 46.83647281688196, 16.44891497402673, 27.871348055837576, 39.269958526677435, 43.25517793704447, 49.87513125994314, 56.77429540633649, 61.135833840808246, 62.98777732429234, 60.62171032570781, 49.49538308867762, 39.11335356947673, 35.16993792699127, 63.92134002857996, 60.137891770553736, 62.053739846577145, 66.17332473453783, 68.70779962745918, 73.60913361201766, 82.75108810022662, 88.83362671910223, 87.0250875777112, 85.64242400631989, 81.93774902741798, 76.21076663521717, 64.72918910876491, 65.27243696520871, 69.66113021174283, 72.93898371681581, 82.35758398765581, 80.97372080721179, 77.73852450279928, 74.9914974429373, 49.80837664566163, 60.16305022269357, 71.53507647212376, 81.75603220605618, 94.43485173082094, 106.78173135963807, 116.83618085194722, 117.23351687120866, 126.92491497796455, 130.6447930333014, 123.4368096424096, 114.57156641442359, 111.19884545223745, 103.44434962751659, 97.47686346563728], [12.415793168050685, 16.44522068729508, 23.310522436846647, 31.639393878557424, 25.174502686042157, 18.793791955618374, 15.412010045681715, 37.325451757073644, 42.81500788365657, 51.581227109537245, 60.19081297559753, 69.35832704978037, 60.69812661018229, 52.374005645500695, 44.495359659046315, 8.003055429317541, 10.810279612253606, 17.36326484299992, 27.707256099041977, 36.23311400286454, 36.97851761669237, 24.356193333137774, 15.23981834779788, 6.685804386899526, 0.0, 38.95401517435642, 48.306306334195305, 57.84462863190415, 67.93168536361095, 77.89422129494956, 73.99463398467732, 66.09774296473245, 57.310975390339685, 48.77946465736038, 40.467614130099676, 9.924369587736745, 22.76410766212289, 35.265642218983324, 41.09595653833924, 47.48622943240386, 53.28546121554463, 56.99740780199688, 58.32474757210587, 55.410168343833256, 43.84956422271622, 32.87452232466505, 28.60983897217253, 63.72593052089107, 58.52829244338757, 59.451001517388505, 62.74412742298771, 64.65887324859789, 69.20075479922724, 78.16273489102255, 85.00226581276182, 83.65153429797735, 82.87634360626296, 80.00317570425713, 75.28628181682848, 64.27692372305481, 63.11747823558488, 66.45234718531894, 69.19029971087777, 77.96837802713101, 77.42456677670124, 74.82658786284277, 72.9205612710281, 55.85500135860829, 65.52858639554695, 75.7514955020482, 85.04139791244236, 96.86585854623038, 108.0080731087334, 117.08280787568413, 115.1613214263446, 124.06445696743927, 127.27181209065921, 119.42325340762375, 110.33639961526127, 106.6717299545202, 98.78383264574522, 92.66469869273119], [47.341558166699315, 53.913624636498184, 61.344993994850675, 69.2099962850258, 62.43836534271654, 55.095608566144065, 48.69058524558546, 19.205507249001418, 17.519320162432276, 19.73821526531882, 27.207981702259012, 38.16100014655895, 28.872487469187238, 22.7580757241954, 20.099771899156366, 35.11435682735019, 44.6029900407663, 53.33366596594576, 63.893717301327875, 72.84106670136677, 74.19112435952486, 62.27290754810213, 53.52537299841272, 45.29441708040165, 38.95401517435642, 0.0, 9.666049892834353, 20.018495222438826, 31.701151654716345, 44.81343997885176, 39.83702392679326, 29.462362704174662, 19.56115383791634, 11.58186356171631, 5.703884064139543, 31.432706119413265, 35.97513593074936, 46.47723701251512, 58.34590345948574, 61.661395045294285, 60.290373124449154, 58.53879843991584, 54.60440915850702, 46.94056389780854, 37.46362963897847, 24.194612877447142, 14.800580860254708, 83.57032128708344,