{
	"dissimilarities": [[0.0, 9.069946526700853, 16.861941660970658, 25.329247383404997, 18.621068655532337, 11.86854849174089, 7.491129550932289, 41.022692237639724, 45.92352632007857, 54.35101693003854, 62.56139212396545, 69.41617163747648, 64.103475543184, 55.91476548697348, 46.482103540680356, 18.792609369360605, 18.78430496299509, 23.271605075880498, 30.728531890115182, 36.33838664845506, 37.14645866924871, 27.98181258083451, 19.837264827950673, 13.11696849561647, 10.387972290093241, 45.560032874865854, 52.18722894403397, 58.81442989359398, 69.07479977605813, 78.46130707284259, 77.6542820739222, 67.92190397452977, 58.528378959697434, 51.229713159839754, 44.55208798522486, 19.711982176232713, 25.363578744471155, 32.97400758021612, 38.177445450056986, 48.0410876008591, 54.202088281939034, 57.78543178584929, 57.92343872997634, 53.621506783040914, 43.48705517777632, 36.84804442674604, 33.44165027197186, 65.18144083817263, 61.6701222151499, 60.585520589245235, 65.91395612283533, 67.13417579949993, 72.76203219976604, 79.64102570921352, 80.39401070496712, 80.15373628109882, 77.44258519019769, 72.91791677087892, 69.55401170106724, 65.42500616216329, 65.11957473916668, 68.2257522839427, 71.41350187386172, 76.38464400540242, 73.89863979740637, 70.66288487819472, 67.88766329541524, 54.88995744892904, 60.56610970106604, 67.16575076314649, 73.43634262392789, 87.28284620278808, 94.96348864325675, 104.76622435064357, 106.86589701984295, 113.73957056019677, 118.98142100498727, 115.28780798888123, 106.37667096881874, 103.20686776469515, 97.28256227361754, 93.72689919080499], [9.069946526700853, 0.0, 8.828316191163696, 19.918613926627426, 14.430159519037064, 11.781275508661615, 13.760758306344966, 49.70518399490718, 54.32642271002118, 62.49275275096242, 70.90086851466101, 78.06592112590873, 72.78897655233105, 64.56945236776909, 55.20415957293492, 18.463753358123608, 13.280700068401101, 15.626044198541933, 22.75787618053172, 29.189838228101916, 30.479733645185213, 19.673274527953804, 11.359560296037609, 6.606022201587429, 12.57118843703458, 52.11658115721716, 59.00930074546612, 65.89080253198514, 76.4223795867886, 86.36877519111532, 85.76555707204894, 75.54088494942648, 66.06793267174861, 58.77249813126821, 51.84448398756105, 25.809322304114165, 31.097941001486802, 37.92213755464081, 42.71434744484501, 52.881498256203834, 59.28006521076344, 63.79013131076794, 64.9462407566455, 61.533299929004045, 50.71393604234268, 44.79539469873376, 40.83868484428598, 68.54366085809987, 65.69090847227228, 65.14045360513813, 71.34059753374441, 73.33604090622282, 79.65555410966732, 87.03800686636016, 87.32926568688771, 86.40047175483204, 82.90005174662589, 77.53123121653357, 73.63054613408521, 69.5333602964132, 69.82091087512309, 73.6737597719516, 77.67766496884711, 83.34674536709214, 80.13450894878446, 76.12604723300154, 72.59025435792674, 49.460545851411304, 57.24303307349265, 65.5768895450932, 73.68357701656622, 88.18552216088422, 97.15629723873609, 108.1181291032353, 112.01261315979686, 120.68626428346649, 126.90002969567176, 123.8200321709422, 115.14983606688597, 112.10989276444116, 105.83048547496674, 101.4249999188022], [16.861941660970658, 8.828316191163696, 0.0, 12.397062958596077, 9.827330551886151, 13.44488272936395, 19.212326765201478, 57.88308233225037, 62.720037003528034, 71.02671258170763, 79.31892857052975, 86.16309872088169, 80.94884007613364, 72.77192571450931, 63.33571134715556, 25.939445794875688, 17.717550006476912, 15.544277406820974, 17.544048394191286, 22.325090210322795, 23.07757570606142, 13.092826489323185, 10.762077146168068, 12.410900510491938, 21.205004646338068, 60.924303639844446, 67.79270185138469, 74.61863034054818, 84.92924794509229, 94.51289165376505, 93.93740744534541, 84.12529385338088, 74.77013536308546, 67.49921411894924, 60.62437069098939, 34.3485284884372, 38.191026907259364, 43.737853598663484, 46.42008766276652, 56.43064216450922, 63.54247728999146, 68.89355076173754, 70.62889480066066, 68.104347342615, 58.01826015102492, 52.79876484238011, 49.55817396373019, 68.86107682283594, 67.341557196986, 67.85357199572437, 75.05755728918533, 77.85318946553069, 84.45931374537325, 91.86140185596575, 91.67297275515166, 90.21652002699349, 85.85494183066668, 79.59740307979109, 74.81603366735624, 70.87718691524199, 72.29442496472842, 77.16690770884503, 81.90212537024779, 87.88529350269916, 84.14904905332055, 79.39856694352932, 74.87150065250003, 43.467117527779486, 50.772343463336746, 59.659782530082516, 69.1405756445397, 84.20089706614971, 94.6047981902471, 106.75320874030507, 113.62222706737445, 123.72540239375175, 130.84734824947748, 128.73349640981647, 120.64427676919597, 118.41928525225514, 112.66262088388375, 108.9096655120436], [25.329247383404997, 19.918613926627426, 12.397062958596077, 0.0, 9.276518211117144, 17.74566776063933, 24.703848852503654, 64.73375754371767, 70.12691604399733, 78.84224258530482, 86.63755930106407, 92.45323333788804, 87.41385439407145, 79.47401099258225, 69.97118395886662, 38.03961042361261, 29.875106058636728, 26.09722839791908, 21.675622871770514, 20.063706296059557, 17.874500937963308, 16.83736469177692, 22.12654259828756, 24.6609655443247, 32.392505089101526, 70.77994139185192, 77.3438634277907, 83.79204538518091, 93.33393129329991, 101.54519613457812, 100.82546688511405, 92.42850068971875, 83.45186821635541, 76.27444055732904, 69.77388161047502, 44.16541677918651, 46.13873994577609, 50.19464818774921, 49.2745548468675, 58.47872569880754, 66.71953824195799, 72.6427739723694, 74.34580186665885, 72.62665821839423, 64.80518633509624, 60.20710481376188, 58.635717438005194, 65.47601982486503, 66.17055699361347, 68.35169350953906, 76.55798411809009, 80.06173717266755, 86.34649880647078, 93.06992621965537, 92.44046386784402, 90.747462150279, 85.55806573674967, 78.48353052372205, 72.43856578582132, 68.84662045483188, 72.02994601975294, 78.13704984024349, 83.3682998822053, 89.0773776603461, 85.17634672297868, 79.84649643385214, 74.152797504515, 38.29933591173293, 40.09013701160225, 47.539214410890594, 57.86321268060573, 73.6060658585096, 85.78260305739147, 99.14210834544045, 110.54797814765448, 121.30593248133, 129.04294143824373, 128.21822828589782, 121.09289811621193, 120.42317532084809, 116.15497558206678, 114.70984789068153], [18.621068655532337, 14.430159519037064, 9.827330551886151, 9.276518211117144, 0.0, 8.951022376596875, 16.876740225934807, 57.65429161563747, 63.20497495625911, 71.9631516083443, 79.84108508634176, 85.96728937914189, 80.50845657979363, 72.2553974619158, 62.823173533033895, 32.52514346288275, 26.383358275574945, 25.344043562955733, 25.756581103038826, 27.39984519126442, 26.263444679693396, 20.776127312752102, 20.4269660708698, 20.102158631837078, 25.925320962315276, 63.95078190777538, 70.63094434495441, 77.26173810337458, 87.38638797835554, 96.02156039915046, 95.05925480098567, 86.08844018114523, 76.71374953140342, 69.37396485196777, 62.76019203301294, 36.21731038338425, 37.09009934216043, 40.92310167773467, 40.55643378850357, 50.065947279697006, 57.994003610506056, 63.812414496189255, 65.69820686708799, 64.1432656171138, 55.87124166954571, 51.80375677058907, 51.03424385622021, 59.83943629998834, 59.21502864462225, 60.59352887004605, 68.41846387890044, 71.72615869167123, 78.26640609999829, 85.45386587220045, 84.86194147223304, 83.1168618551354, 78.22897931270784, 71.53101414399343, 66.17889003409583, 62.36925261077496, 64.62883859659077, 70.21465467045867, 75.32719874757169, 81.31101802096364, 77.31685149915248, 72.15505553276724, 66.98200814477345, 46.780727419998165, 48.37084072512187, 53.25952676130692, 60.75011504870907, 75.03099959523063, 84.85686829109906, 96.99948881934873, 104.82339447926638, 115.67110398208156, 123.8150977262119, 123.00442774666142, 116.02567604757701, 115.39474034437953, 111.65250648252008, 110.38402583514996], [11.86854849174089, 11.781275508661615, 13.44488272936395, 17.74566776063933, 8.951022376596875, 0.0, 8.453297136115, 49.150266060821224, 54.77535189093652, 63.54741452660882, 71.42499136100234, 77.71146007908234, 72.0402486633367, 63.64662162349399, 54.27052162201669, 27.74351714091883, 24.704440605532138, 26.62214030340111, 30.732763318861824, 34.186073496570465, 33.68774549998741, 26.37321954792842, 21.737106996434044, 17.92321537696978, 19.932879054452673, 55.950864403590884, 62.57978779296453, 69.21036170299837, 79.55663031209181, 88.33461108440896, 87.20867262950135, 77.99155057248525, 68.45326561314604, 61.06168492632549, 54.48254580118227, 28.010654196426632, 28.570965976684548, 33.026926911127056, 34.024034257075186, 43.83900447028154, 51.287909216388556, 56.4374483597088, 57.859128256736646, 55.72929927279943, 47.09934477251719, 42.854445609318354, 42.51002573528557, 57.10433337259873, 54.989721996682725, 55.296994872802166, 62.2369698743284, 64.85931020736673, 71.2138640659333, 78.48230994800363, 78.26816158609721, 76.9515036481135, 72.83122918384065, 66.96926178004996, 62.51461745411897, 58.50435283587154, 59.59943760945812, 64.24743272771289, 68.73768265328451, 74.51800261102721, 70.92916556824362, 66.40768271309976, 62.16637004936488, 53.43898831713308, 55.26068723001896, 59.065774764789694, 64.55774598662929, 77.8627458277697, 85.75816115654578, 96.49561033159135, 100.92782213214345, 110.58838291666099, 118.17042243951568, 116.7185693964561, 109.4431996139325, 108.41122031986876, 104.73118594499131, 103.46850732067632], [7.491129550932289, 13.760758306344966, 19.212326765201478, 24.703848852503654, 16.876740225934807, 8.453297136115, 0.0, 40.81181516212359, 46.44918776739525, 55.27653998754759, 63.074916969085464, 69.29302589833848, 63.699361637967094, 55.390748882212336, 45.96747908318125, 25.355558028985342, 25.433195841166814, 29.256857778491113, 35.15977449992597, 39.29386938980082, 39.1575441137424, 31.615551575487494, 25.114538348611823, 19.154549702169145, 16.665438515536458, 48.52978389778171, 54.91421933577257, 61.32382557215335, 71.41217732747309, 79.96051561699946, 78.7892076236956, 69.782745411204, 60.382132208007576, 53.05952501751855, 46.68554495267238, 21.9142900907216, 23.721704097413447, 29.678386825459782, 32.38229121366606, 42.02774184448259, 48.87836769416297, 52.820565510102426, 53.06265084252992, 49.57282575026166, 40.99406277929233, 35.569907683743075, 34.972924649396134, 57.889398866213085, 54.74584897829064, 54.137203967403934, 59.87235050568826, 61.44429877782506, 67.0700172141127, 73.87270030049181, 74.32133282905976, 73.87122532187136, 70.81159541610462, 66.0377906507881, 62.37862663683331, 58.29366144713343, 58.42755178453697, 61.98076567597293, 65.43079791504353, 70.44728374621923, 67.7537718612361, 64.23604792561673, 61.07459712587593, 57.43757006218628, 59.612500019748445, 63.41792533194418, 67.94420858187551, 80.95295458497492, 87.83491527687173, 97.3937052348772, 99.67350358417616, 107.09731414916288, 113.21254622846958, 110.57551793677689, 102.58405528383865, 100.77489203630532, 96.64307317015562, 95.25268299618753], [41.022692237639724, 49.70518399490718, 57.88308233225037, 64.73375754371767, 57.65429161563747, 49.150266060821224, 40.81181516212359, 0.0, 6.808330793318139, 15.754871691783782, 22.508389603343662, 29.0884493708807, 23.15269981917137, 14.979488308665353, 5.619378466736247, 44.38593130178374, 53.26381811911349, 60.46453080562165, 69.75437590480155, 75.37572624174379, 76.14086693150539, 68.14532778847718, 58.75792009141073, 50.99328213528113, 40.780391231083804, 22.166844094246095, 23.726592256703654, 26.837346660291377, 34.826468418266714, 42.030718780666376, 39.97717964282944, 31.666258558894228, 23.376331939686022, 17.701199839378177, 16.21024165189782, 29.242485513812845, 32.46196105268043, 38.406660275992316, 46.328445897589845, 50.6008873394175, 51.53519172349132, 48.05180953129512, 42.031790522047174, 31.096984207725548, 26.40037343807735, 16.333505813480155, 15.946141978508809, 73.55039043881328, 66.30442755329146, 61.49113777316089, 59.94658049317286, 55.77112874962458, 56.53706239190482, 60.068962093299234, 64.09384402552385, 68.01556733023489, 70.90567694943488, 72.18266961978584, 73.17138698010316, 69.56298041321897, 64.94781056613773, 62.23617130622227, 59.72114468729363, 60.06806474116583, 62.4147346550072, 64.6644468610165, 67.50140440071775, 89.9101456523682, 92.93023157644129, 95.57133900803159, 95.84255406538408, 105.84225584361221, 107.1904840374369, 110.71498050208864, 100.70666732015593, 97.4122305679991, 96.16037472408352, 87.24111167024131, 75.77586429797078, 69.01705511450352, 62.690591714924004, 60.35893510292741], [45.92352632007857, 54.32642271002118, 62.720037003528034, 70.12691604399733, 63.20497495625911, 54.77535189093652, 46.44918776739525, 6.808330793318139, 0.0, 9.139667410336003, 16.70163756498521, 24.61255533453392, 19.13338713939019, 11.906393751273557, 6.416791219950592, 47.16310118651451, 56.583515918819096, 63.95402832173517, 73.64476514054121, 79.66534339371222, 80.73429270609756, 72.40937466569008, 62.694501016431424, 55.00260312597807, 44.63329758589254, 18.567576169798066, 18.32001327735922, 20.371526542182867, 28.13264658317424, 36.16552393342429, 34.249949279648305, 24.917261690037975, 16.677565106998593, 11.6762687129318, 12.52792184736012, 33.074595191437275, 37.368396823639586, 43.53432322041405, 52.373616266608714, 56.465448354415905, 56.705953537785796, 52.66892640357608, 46.464995372548856, 35.24112714142339, 30.332726312761668, 20.730038961888567, 17.780812677772662, 79.98874127152799, 72.43134629866589, 67.24496392957725, 65.0855937807188, 60.437709164227336, 60.79505365471055, 63.9687354461723, 68.36698046848018, 72.64869890150506, 76.12321258692074, 77.90945982485381, 79.31424207352505, 75.7494740297252, 70.72296858009203, 67.44404930969284, 64.43084683216433, 64.37806002684835, 67.168505171182, 69.92990865213892, 73.29124362336668, 93.869679634044, 98.10385185352732, 101.62242413768361, 102.28748546808308, 112.44245229313192, 113.75357655952126, 116.96057638352676, 105.88642756117844, 101.41511581272209, 98.91730888745204, 88.72332263450024, 76.39987104334615, 67.97685835950297, 59.882519078928624, 55.39113456080865], [54.35101693003854, 62.49275275096242, 71.02671258170763, 78.84224258530482, 71.9631516083443, 63.54741452660882, 55.27653998754759, 15.754871691783782, 9.139667410336003, 0.0, 8.994900934302336, 18.974784160908445, 14.443446039366783, 10.724889378134211, 13.01612599277439, 53.73255127908687, 63.63878563169638, 71.1751321741817, 81.2448602063782, 87.61201831841737, 88.91974127526665, 80.30161481165659, 70.278809587832, 62.658548814189835, 52.195111000237304, 18.986713234777337, 15.18610498805984, 13.939767966713251, 20.28735390059327, 29.052630793201452, 27.05486199469831, 16.3019806996607, 8.93866303144385, 8.280161085807809, 14.212565708148864, 40.443881110288565, 44.87381073969324, 50.683915257816004, 60.08893020600531, 63.554214181817514, 62.78799740594896, 57.87827555296309, 51.3241693300511, 39.96371923977595, 35.77523602419117, 27.600738517467207, 24.159140618850888, 87.61046719352981, 79.57978474951456, 73.86842425019518, 70.70729351766778, 65.35298302238064, 64.99253342460196, 67.56225854037132, 72.44474236063527, 77.24492562792516, 81.61063543421939, 84.24687501882703, 86.34710540950022, 82.90223789672226, 77.25022240066892, 73.09059671553895, 69.28419616365869, 68.56613234211481, 72.02912282166349, 75.59512327673296, 79.78479188853078, 101.5046943769761, 106.5766816772775, 110.49537990414821, 111.07624691636778, 120.993495897497, 121.73723383232759, 124.18736225081193, 111.09099393843915, 104.96385364515343, 100.96718391350836, 89.32588240998513, 76.2355529610376, 66.0045110232498, 56.37405511057895, 49.726530106144914], [62.56139212396545, 70.90086851466101, 79.31892857052975, 86.63755930106407, 79.84108508634176, 71.42499136100234, 63.074916969085464, 22.508389603343662, 16.70163756498521, 8.994900934302336, 0.0, 10.74044080365089, 7.982827938025282, 11.144303742707349, 18.227820141348502, 62.67145822716527, 72.45208595803257, 79.86402552038528, 89.62700006953285, 95.6431800070105, 96.78168896497868, 88.6713481719966, 78.92846739129182, 71.32703329488265, 60.92698356477831, 27.28135016532793, 22.160721147260375, 18.00491830847577, 18.335291943129786, 22.954144338611492, 20.071977229859193, 13.419123480753465, 12.713777160634917, 16.327205193934297, 23.025653773725907, 49.12164146897741, 52.68927680995928, 57.695885368510446, 66.14116746664105, 68.57289671681687, 67.29554659226683, 61.484770365687446, 54.0253809075491, 42.506908998128914, 41.279433647211405, 34.49964517571743, 32.89593131871426, 91.7014807180529, 83.68240537277423, 77.87320417263291, 73.75984624806553, 67.66706005187866, 65.96458311047003, 67.14400879007661, 72.6218809465536, 78.28666365195215, 83.61856829708815, 87.21820739788353, 89.81333724776675, 86.62888251603012, 80.75308562898577, 75.8898127386757, 71.08277016902215, 69.07512551538183, 73.61302819075377, 78.14693548625422, 83.05238763241809, 108.78765667672458, 112.93067931157263, 116.0812788271147, 115.7475330828883, 124.9769951733756, 124.83557977774518, 126.17557784037533, 111.67516782066318, 102.99025512614467, 97.03989914613655, 84.02552791263442, 70.35377158595165, 58.996339070236836, 49.30803874766857, 43.805561977964686], [69.41617163747648, 78.06592112590873, 86.16309872088169, 92.45323333788804, 85.96728937914189, 77.71146007908234, 69.29302589833848, 29.0884493708807, 24.61255533453392, 18.974784160908445, 10.74044080365089, 0.0, 7.728479773608391, 16.488382175495506, 24.249800023473945, 71.45886586742925, 80.686206117586, 87.71013164311675, 96.65880690413414, 101.86956223965069, 102.63499922773214, 95.61362340577786, 86.60760541531589, 79.10405130208295, 68.98274693179327, 37.67316656312865, 32.587204476441634, 27.760674417102674, 23.45039258644872, 20.01804536754243, 16.024512217314854, 19.541703395741326, 22.921342048727144, 26.773970534357765, 33.16380528846871, 57.615329927630945, 60.44000182618972, 64.8035190538621, 71.51381715987864, 73.01926469305388, 71.88598877507984, 65.53557411804238, 57.06816539032103, 45.57012015024229, 47.89204471501193, 41.90572962254844, 42.001431283428865, 93.9506868225679, 86.53146699294271, 81.13585858591252, 76.49340489726299, 69.91387343998429, 66.64381138574012, 65.88657326033614, 71.93490488699545, 78.60088252148672, 84.67426740174608, 89.01679538606545, 91.68370020605254, 88.82952860298442, 83.2836640088077, 78.17305349324799, 72.50235367644557, 68.90638061052536, 74.63808692463701, 79.98484977259585, 85.2123147264381, 113.73510784668761, 116.1079124286767, 118.13777302270654, 116.73471186971295, 125.2636462851702, 124.49857828871471, 124.7940523638325, 110.32667378620204, 98.46674803957416, 89.95975420687279, 75.3800350480377, 60.87714635946177, 48.4995227459388, 39.30923204894093, 37.990449081713166], [64.103475543184, 72.78897655233105, 80.94884007613364, 87.41385439407145, 80.50845657979363, 72.0402486633367, 63.699361637967094, 23.15269981917137, 19.13338713939019, 14.443446039366783, 7.982827938025282, 7.728479773608391, 0.0, 9.152611644597403, 17.879151379466897, 66.25907149710295, 75.67951584750625, 82.95432068011355, 92.24422167830309, 97.68324464995968, 98.41296792038693, 90.9184493880298, 81.58346038415013, 73.88246913366599, 63.56242403507906, 33.2980535061422, 29.112665583608038, 25.791246758633072, 25.579850616953355, 26.360337068608306, 22.676196700109017, 20.804306243421674, 20.348235859829934, 22.544211480365554, 28.24262872674194, 51.47322872926134, 53.43858719357492, 57.4193458800424, 64.29235684419326, 65.75293056564836, 64.42060247639795, 58.12961057618298, 49.901723552903924, 38.36358414256277, 40.21488057840881, 34.64854113897366, 35.91198897063947, 87.54207745063302, 79.73053593551727, 74.08115293099452, 69.49047574119493, 63.04035356917285, 60.38272368617148, 60.5906860586152, 66.34776201869772, 72.53716320854143, 78.31994104190161, 82.44649965619179, 85.23609640986338, 82.27955219354116, 76.46042638835837, 71.33004791096393, 65.94661149965953, 63.04752796462246, 68.25152908587575, 73.31368191811795, 78.52364318914692, 110.67518354638368, 112.8401601510991, 114.33859341871468, 112.66785415140231, 120.95138869072878, 119.82892496645695, 120.33771570128819, 105.20308930345657, 95.38232452971023, 89.08850734564338, 76.25530698163476, 63.022196443533616, 52.82774201505857, 46.03562208715017, 45.364022699628975], [55.91476548697348, 64.56945236776909, 72.77192571450931, 79.47401099258225, 72.2553974619158, 63.64662162349399, 55.390748882212336, 14.979488308665353, 11.906393751273557, 10.724889378134211, 11.144303742707349, 16.488382175495506, 9.152611644597403, 0.0, 9.522423311381669, 58.20535728334089, 67.67485569100157, 75.10868339385989, 84.64948900368206, 90.30701312775864, 91.04362208903537, 83.10117987275719, 73.51651614586348, 65.6880054205448, 55.26445485507976, 27.53276681646734, 25.094200144092422, 24.292846502832496, 28.653607685365085, 33.17982956867267, 30.060900875191265, 23.935066011673626, 18.915656438399516, 17.910415185040407, 21.822179454881795, 42.73763443448189, 44.292481310037815, 48.37745304034079, 55.72586548301348, 57.7556212326778, 56.70303554077955, 51.004564221138295, 43.39010638140117, 31.727827992419748, 31.644730115818305, 25.509276353226447, 27.490111260656093, 80.5951176109371, 72.5726744089428, 66.86621965703654, 62.94694602369777, 57.05755333251503, 55.65870819808231, 57.39093838909772, 62.54911993292485, 67.8806112023782, 72.81957573543873, 76.1687933014302, 78.67275042109266, 75.48530720463482, 69.68364962356036, 65.03211159630351, 60.48366197969408, 58.859290697564234, 63.02681826701004, 67.26643569003934, 71.97180939454447, 104.34073687871752, 106.65313322153139, 108.1187508601377, 106.73597825667656, 115.25421555978558, 114.45745062378987, 115.78978976230802, 101.32826724711926, 94.3732049016626, 90.65629600849783, 79.79630238457311, 67.70955681865803, 59.47288769767529, 53.76523875938215, 52.697087993252005], [46.482103540680356, 55.20415957293492, 63.33571134715556, 69.97118395886662, 62.823173533033895, 54.27052162201669, 45.96747908318125, 5.619378466736247, 6.416791219950592, 13.01612599277439, 18.227820141348502, 24.249800023473945, 17.879151379466897, 9.522423311381669, 0.0, 49.76682523250714, 58.807253288223365, 66.0642638364218, 75.3581148414246, 80.88932664367688, 81.5748263963266, 73.71552127457247, 64.3346496667936, 56.540540848757985, 46.276446127727375, 24.18391590787708, 24.202982184512493, 25.929376554556608, 32.712871156348015, 38.81988151747712, 36.3441080361157, 28.948885979409724, 21.58465539663995, 17.30537760842788, 18.004378214471057, 34.28923857518013, 36.48677370959244, 41.50723374980449, 48.96282357534098, 52.239095342549845, 52.44105622996819, 48.03479127709604, 41.22349080704706, 29.75740745492287, 27.244086796789116, 18.770024175566345, 20.18869077379972, 75.06253382032459, 67.5328198401194, 62.39348445777291, 59.91029617452938, 55.03887015246038, 54.92121142323098, 57.743238941829624, 62.21557301306528, 66.7203519856742, 70.40084237780155, 72.4942274292104, 74.05705833514108, 70.6174988814575, 65.5591706069585, 62.09768044434009, 58.76232537314031, 58.304983514865775, 61.39119538182604, 64.43105418281071, 67.99539025985949, 95.18726206885073, 97.62003781876173, 99.55677285461539, 98.99970398405144, 108.32724768645966, 108.75381588448833, 111.38193793812975, 99.71153691460782, 95.01197140110102, 92.91181061739856, 83.38934509823841, 71.77266391228342, 64.71823595459324, 58.92394324561719, 57.517078199610445], [18.792609369360605, 18.463753358123608, 25.939445794875688, 38.03961042361261, 32.52514346288275, 27.74351714091883, 25.355558028985342, 44.38593130178374, 47.16310118651451, 53.73255127908687, 62.67145822716527, 71.45886586742925, 66.25907149710295, 58.20535728334089, 49.76682523250714, 0.0, 11.338443657869185, 19.980266996664355, 32.78321818981086, 42.214882483291035, 45.110266287174305, 32.10786965804596, 19.79202879064895, 13.604531186990712, 8.735705640517027, 39.2236660302931, 46.433232030778086, 53.80291537818649, 65.41759866701514, 77.67531440539004, 77.43400532903834, 64.88260046880795, 55.132328993076804, 48.09160472723599, 40.80365635540213, 18.34468106254497, 28.708527482407195, 37.68974427239286, 48.12926488598421, 57.96379744641679, 61.85565237530653, 64.74484397002239, 65.5313434751893, 60.63600675186675, 46.692435786702084, 39.65202618063095, 31.49411689026716, 79.43091210289978, 74.07082432059852, 71.28547272748182, 75.40455429274996, 75.99281897810909, 82.20675563339125, 90.04680350821474, 91.12698894623904, 90.78643091797443, 88.80935039588334, 84.98383674195162, 82.9619466745804, 78.6868280512478, 76.61909059998513, 78.34691117306785, 81.16704093254597, 86.71562466533548, 84.13474943577046, 81.3819675410645, 79.80346795871692, 61.66247358215601, 73.8980120398974, 83.75556749623864, 91.48220704860735, 105.41064693405188, 112.68447405739575, 122.14076261425078, 120.53395084217055, 127.64494163974706, 132.45446540946782, 127.29472004777425, 117.19989992757627, 111.59558406391342, 102.7926813987035, 94.34060925941588], [18.78430496299509, 13.280700068401101, 17.717550006476912, 29.875106058636728, 26.383358275574945, 24.704440605532138, 25.433195841166814, 53.26381811911349, 56.583515918819096, 63.63878563169638, 72.45208595803257, 80.686206117586, 75.67951584750625, 67.67485569100157, 58.807253288223365, 11.338443657869185, 0.0, 8.732433960470184, 21.701847266565256, 31.514411472970405, 34.72665278855834, 21.17049176897742, 8.985893161838225, 6.7859848060694175, 13.314171158326342, 49.97839587857967, 57.04041764951542, 64.18893251749847, 75.16568182143153, 86.704766730224, 86.58840797947968, 74.88925316803304, 65.45822788508369, 58.449273692232005, 51.291234738010246, 27.492475192300347, 35.86254954375613, 43.77584377182358, 51.74205886301769, 61.970920758685324, 67.09269791568124, 71.11252652146992, 72.45482972785719, 68.37979480130065, 55.384757253046025, 48.80329842298469, 41.75511300780676, 80.18880662914437, 76.32063440235234, 74.79022627793849, 80.25953734989925, 81.7986260000324, 88.35675873404425, 96.18217495031557, 96.77866135252293, 95.92943058878555, 92.92662673222381, 87.99381666053688, 84.82749696129214, 80.63520932380987, 79.92957380939849, 82.96121105834924, 86.6654634543659, 92.54761580120974, 89.41191967937742, 85.76015334080266, 82.94119621198895, 51.710898727284025, 65.14736269066977, 76.570855631575, 86.18493229202612, 101.08732346164979, 110.27259113006438, 121.19490713523155, 123.38296556217439, 131.85780380284098, 137.40066905219152, 133.0897001842373, 123.37963438196931, 118.52688206061373, 109.9622679842347, 102.13536754606065], [23.271605075880498, 15.626044198541933, 15.544277406820974, 26.09722839791908, 25.344043562955733, 26.62214030340111, 29.256857778491113, 60.46453080562165, 63.95402832173517, 71.1751321741817, 79.86402552038528, 87.71013164311675, 82.95432068011355, 75.10868339385989, 66.0642638364218, 19.980266996664355, 8.732433960470184, 0.0, 13.264657769580975, 23.594144958608137, 27.322783166896766, 13.593290621416356, 5.242609963064771, 11.239141311381575, 20.922959372474775, 57.98532995142094, 64.88723006328388, 71.82622262501195, 82.24729194304221, 93.26537478611088, 93.29757312835241, 82.23296031172887, 73.13159711937331, 66.23096224254606, 59.22107187858333, 35.639570330135165, 43.28940490387982, 50.61860442738927, 56.99581626882491, 67.27060924579551, 73.10718155496085, 77.67921466305508, 79.19225210834124, 75.4445068969886, 63.14169129396289, 56.62027218205621, 49.87706108826257, 83.0006445263074, 80.26964429978169, 79.61294924733214, 85.85118792241747, 87.89850825158067, 94.51688232255026, 102.16986287255781, 102.5320353154469, 101.4699920973973, 97.88806034646565, 92.30921381669403, 88.36916588777343, 84.28280736905633, 84.53340024464262, 88.36005546701132, 92.51312692586025, 98.4484923049263, 95.09228412706032, 90.96598341058063, 87.38555042789059, 43.96752561155432, 59.0085769815864, 72.20190162165768, 83.56548782337723, 99.31551461512464, 110.11995877233842, 122.10761628611743, 127.23205706243614, 136.30018527426267, 142.02920132195743, 138.08531573734703, 128.48913350550976, 123.94696009550475, 115.28247989861245, 107.6472273266673], [30.728531890115182, 22.75787618053172, 17.544048394191286, 21.675622871770514, 25.756581103038826, 30.732763318861824, 35.15977449992597, 69.75437590480155, 73.64476514054121, 81.2448602063782, 89.62700006953285, 96.65880690413414, 92.24422167830309, 84.64948900368206, 75.3581148414246, 32.78321818981086, 21.701847266565256, 13.264657769580975, 0.0, 10.768733472972434, 15.241046129268627, 5.385893461677552, 14.344608839733656, 21.763224279305604, 32.03041029441909, 69.44622522378172, 76.08662311196068, 82.66364975512359, 92.18421521913253, 102.03713036029146, 102.15940165810967, 92.37919940717626, 83.75559796533682, 76.96552479210104, 70.2309462340731, 46.85817546002441, 53.472635243761836, 60.02265742502031, 63.85798681961874, 73.92647695100473, 80.83539566835096, 86.01194039345359, 87.5034109528673, 84.15384270049175, 73.31254064747867, 66.85124785740378, 60.935703291543234, 85.52054607230873, 84.63815774296393, 85.35458740639582, 92.5769060007243, 95.24524216392298, 101.69218664414404, 108.82645015997365, 108.8939241934338, 107.67279119499361, 103.3498727814355, 96.96758761317626, 91.87359365978419, 88.02174773522286, 89.77031547210574, 94.7082925221904, 99.34548869893544, 105.10445677187114, 101.60968055674816, 96.93625755860431, 92.30122985380515, 31.509868350037593, 47.84994188964975, 63.42627141019362, 77.22687684331571, 94.1294551039644, 107.32415123586786, 120.7348262412765, 130.5319974107558, 140.04179703179977, 145.88173115191307, 142.59332642598875, 133.3483414631838, 129.58762541142943, 121.28614787490498, 114.78082012047977], [36.33838664845506, 29.189838228101916, 22.325090210322795, 20.063706296059557, 27.39984519126442, 34.186073496570465, 39.29386938980082, 75.37572624174379, 79.66534339371222, 87.61201831841737, 95.6431800070105, 101.86956223965069, 97.68324464995968, 90.30701312775864, 80.88932664367688, 42.214882483291035, 31.514411472970405, 23.594144958608137, 10.768733472972434, 0.0, 5.245256214164096, 11.411036696316247, 23.56320978776053, 30.18180444990812, 40.04676756389489, 77.37174178206845, 83.7821140054855, 90.04424098090718, 98.84936488142188, 107.54579351365642, 107.62176591937849, 99.04987420627293, 90.78125529950267, 84.05930303123209, 77.59558160245302, 54.44962907761162, 60.11453580084556, 66.01742712803899, 67.74199713378114, 77.41000026312098, 85.11160989449274, 90.59099467397903, 91.89229054917499, 88.84583524722518, 79.49351927588201, 73.1613139924699, 68.22317485589457, 85.50040333317257, 86.13189312092652, 87.94086207715534, 95.77498743632766, 98.8218671414917, 104.93887909606445, 111.47482206890326, 111.34223974580662, 110.10398117238704, 105.3107859466268, 98.4515929069973, 92.49893684354001, 88.89402194350055, 91.82760720051364, 97.54536913516839, 102.41308292171045, 107.84600910647895, 104.37982631812893, 99.41170138747431, 94.04439044305997, 22.400906323813594, 37.550837673110856, 54.562354949801424, 70.00030983040281, 87.66994738909251, 102.59733603726421, 116.91721054592145, 130.41473572522978, 139.9368360431912, 145.78040637943582, 143.13453333214025, 134.36283654533895, 131.50892997720558, 123.97989134140323, 119.05086312964595], [37.14645866924871, 30.479733645185213, 23.07757570606142, 17.874500937963308, 26.263444679693396, 33.68774549998741, 39.1575441137424, 76.14086693150539, 80.73429270609756, 88.91974127526665, 96.78168896497868, 102.63499922773214, 98.41296792038693, 91.04362208903537, 81.5748263963266, 45.110266287174305, 34.72665278855834, 27.322783166896766, 15.241046129268627, 5.245256214164096, 0.0, 14.40512404953832, 26.475793671155422, 32.48867075994975, 42.037173805286336, 79.56352352209731, 85.92127028986792, 92.10179982552131, 100.75766840124709, 108.94138455575684, 108.8778871556775, 100.79256879368467, 92.5474814131665, 85.78070803081641, 79.40697997042982, 55.98348115088399, 60.82392989717295, 66.2285651038601, 66.79889595927263, 76.19263774851721, 84.2460495096975, 89.89104888526245, 91.17427925761845, 88.44352887751762, 79.89427344403818, 73.86267507587664, 69.75041881008421, 82.62948548342445, 83.91298813756863, 86.21887896819527, 94.3272528725814, 97.58522508215569, 103.57869464792662, 109.88346506544852, 109.59535784270739, 108.2840414331501, 103.24930666313396, 96.17891845139299, 89.87207317545467, 86.3899539191771, 89.84388966060816, 95.9183099958783, 100.91998384324128, 106.24769647925667, 102.73703170382646, 97.60844966133463, 91.90836878935139, 21.5762432666637, 32.97212579551615, 49.352128779921486, 64.92815025553728, 82.69505471747348, 98.02227455631056, 112.60134390005219, 127.39597407755953, 137.10352001181286, 143.2309943758019, 141.13800158728932, 132.82433706817503, 130.68209136936062, 123.97441063604482, 120.2189395439089], [27.98181258083451, 19.673274527953804, 13.092826489323185, 16.83736469177692, 20.776127312752102, 26.37321954792842, 31.615551575487494, 68.14532778847718, 72.40937466569008, 80.30161481165659, 88.6713481719966, 95.61362340577786, 90.9184493880298, 83.10117987275719, 73.71552127457247, 32.10786965804596, 21.17049176897742, 13.593290621416356, 5.385893461677552, 11.411036696316247, 14.40512404953832, 0.0, 12.609598612214977, 19.74816554088966, 30.248607178601326, 69.0076369156186, 75.77250035077726, 82.47086376568059, 92.28190794174756, 102.02675408702282, 101.91828560235268, 92.15123126859844, 83.25459723004471, 76.27078197316834, 69.44887788957772, 44.7998369973386, 50.306112385662935, 56.28763491577683, 59.35643323874181, 69.34510581437026, 76.4479005821491, 81.90007238562087, 83.6546868708408, 80.8100762922544, 70.29803987351056, 64.40141387247432, 59.468168816303645, 80.36543527087892, 79.62518489137959, 80.53538916039477, 88.00013029047267, 90.92603306199047, 97.52727932724083, 104.78687291910072, 104.63232030877757, 103.1694287175179, 98.59690284746819, 92.01601899753183, 86.8086901205885, 82.98271789414501, 84.90351061319475, 90.07431252627838, 94.94715744268504, 100.89062399602882, 97.15601777803086, 92.25292546435017, 87.39962212117851, 33.60922734037312, 46.77093344171943, 60.47190776176314, 73.39783342440928, 89.85694417077868, 102.58010807139662, 115.93470427409132, 125.59276143628527, 135.76828874835988, 142.33118409458245, 139.7191413921315, 131.02443072017758, 127.9927803019659, 120.67580624367261, 115.2329317553295], [19.837264827950673, 11.359560296037609, 10.762077146168068, 22.12654259828756, 20.4269660708698, 21.737106996434044, 25.114538348611823, 58.75792009141073, 62.694501016431424, 70.278809587832, 78.92846739129182, 86.60760541531589, 81.58346038415013, 73.51651614586348, 64.3346496667936, 19.79202879064895, 8.985893161838225, 5.242609963064771, 14.344608839733656, 23.56320978776053, 26.475793671155422, 12.609598612214977, 0.0, 8.096673155066467, 18.832436543718234, 57.82228849130858, 64.82755722845356, 71.85220668164911, 82.48174154153409, 93.25017943953611, 93.0425210190508, 82.13016821361629, 72.78454398809298, 65.68048377123648, 58.60275419480826, 33.477680966546124, 39.92179609886399, 46.740073340651755, 52.34166429355375, 62.601087643120984, 68.6928985572848, 73.53902744112362, 75.26591394262894, 71.98690191535641, 60.074862411123576, 54.08754973319227, 48.46894428994543, 77.83470342885418, 75.23433660506839, 74.769437988311, 81.25364529369497, 83.54169279435692, 90.28510208423897, 98.02518217287117, 98.18526738191918, 96.92108354830346, 93.10645872179643, 87.34489488567341, 83.2826463948935, 79.21351680050351, 79.63862607693672, 83.69986941562145, 88.06805498778179, 94.15079097019567, 90.58892483037295, 86.25094949330338, 82.45661361928701, 44.89465947801201, 57.48303980776704, 69.07627921759372, 79.59450918268135, 94.91798076404807, 105.27777131959468, 117.18102847338537, 122.25272716360702, 131.85767340364157, 138.2190170419682, 134.91833517904445, 125.85359302274144, 122.06031180418691, 114.40465209574509, 107.96705698587863], [13.11696849561647, 6.606022201587429, 12.410900510491938, 24.6609655443247, 20.102158631837078, 17.92321537696978, 19.154549702169145, 50.99328213528113, 55.00260312597807, 62.658548814189835, 71.32703329488265, 79.10405130208295, 73.88246913366599, 65.6880054205448, 56.540540848757985, 13.604531186990712, 6.7859848060694175, 11.239141311381575, 21.763224279305604, 30.18180444990812, 32.48867075994975, 19.74816554088966, 8.096673155066467, 0.0, 10.832867889820406, 50.52800803244943, 57.588904356237265, 64.68343498414606, 75.58121113666427, 86.41813436041775, 86.02490748202226, 74.94275389572746, 65.38244829249767, 58.15936701279959, 51.034663379536205, 25.42803388466979, 32.305082988171534, 39.73919092273396, 46.35671382679599, 56.609908048008315, 62.30567125555704, 66.61319356401347, 67.96222992397855, 64.28535315738095, 52.18589421999674, 46.009595294410936, 40.538061865544094, 73.81499112543902, 70.33595816267164, 69.21401555343823, 75.04191499026707, 76.83222868407093, 83.35765653207504, 91.06217145292457, 91.47735444112469, 90.53031121951587, 87.26404441359243, 82.1085829862519, 78.63678840161393, 74.47764762957317, 74.18056734084072, 77.59279879726473, 81.485056197849, 87.34817773620233, 84.11003795509065, 80.25151623714267, 77.09887733886742, 50.83566702245192, 61.453518640577, 71.23070600606589, 79.99307272494823, 94.58876364920185, 103.52237611730003, 114.41503340992571, 117.1913521936319, 125.91936997752548, 131.93216634487254, 128.30431294209762, 119.16603132435938, 115.26086513565603, 107.91928572945945, 101.836404111805], [10.387972290093241, 12.57118843703458, 21.205004646338068, 32.392505089101526, 25.925320962315276, 19.932879054452673, 16.665438515536458, 40.780391231083804, 44.63329758589254, 52.195111000237304, 60.92698356477831, 68.98274693179327, 63.56242403507906, 55.26445485507976, 46.276446127727375, 8.735705640517027, 13.314171158326342, 20.922959372474775, 32.03041029441909, 40.04676756389489, 42.037173805286336, 30.248607178601326, 18.832436543718234, 10.832867889820406, 0.0, 40.224688779313674, 47.32948659493024, 54.50391570538414, 65.76477117882143, 76.8518577550751, 76.27026501450426, 64.80337978967187, 54.99111538494614, 47.66185803724208, 40.476795215534466, 14.880956619959383, 23.861174523495656, 32.71156714877395, 41.48981357215178, 51.434457772029255, 56.181022502769046, 59.33750580393659, 59.89143276761254, 55.24920400107753, 42.60878982303967, 35.71001158483337, 29.720632968757815, 71.71199593552724, 66.86424277722578, 64.60464520857018, 69.13706632409868, 69.94599851453002, 75.98531902934131, 83.53706904499177, 84.47844706459513, 84.16071362085462, 81.92998142164737, 77.88970491206105, 75.45402916254085, 71.2105354296444, 69.67990753479434, 71.86581390361974, 74.81786447837456, 80.19414430137613, 77.62432763160102, 74.70106849550784, 72.73573481730666, 59.53821610155198, 68.70081993878327, 76.78193578406072, 83.51363088182181, 97.14497672478038, 104.20486593230854, 113.59589246693409, 112.95100692531415, 120.02090924990277, 125.15029728455221, 120.68884860042448, 111.18309274644922, 106.71199524752606, 99.36730341313444, 93.24574288977607], [45.560032874865854, 52.11658115721716, 60.924303639844446, 70.77994139185192, 63.95078190777538, 55.950864403590884, 48.52978389778171, 22.166844094246095, 18.567576169798066, 18.986713234777337, 27.28135016532793, 37.67316656312865, 33.2980535061422, 27.53276681646734, 24.18391590787708, 39.2236660302931, 49.97839587857967, 57.98532995142094, 69.44622522378172, 77.37174178206845, 79.56352352209731, 69.0076369156186, 57.82228849130858, 50.52800803244943, 40.224688779313674, 0.0, 7.423174244817441, 15.179168612133143, 28.40919886772772, 42.47386496423885, 41.938775794780064, 26.970101062851562, 16.834483166337602, 10.956620714798383, 6.183497466292843, 29.578532722107923, 37.47362465640053, 45.26805952341243, 57.809372339495795, 63.54523838504837, 63.221854133717486, 60.35109763725532, 56.55519054920997, 46.94777301126337, 35.869957372909454, 26.655250018901135, 15.524070558619155, 89.7