{
	"dissimilarities": [[0.0, 8.092620883510978, 14.741367735622495, 23.306842287186164, 16.121247041150568, 9.64109016021793, 6.323687724759185, 41.822570706413806, 46.917002146369775, 56.390515106131794, 64.57921267722344, 72.34165966639183, 64.8708975490066, 56.64560527053499, 48.2189273909, 21.13470177173669, 20.058428575259377, 21.087799321159096, 27.479603334198437, 33.56340818930382, 32.608358808492696, 22.399477574196343, 15.859853888425926, 12.136199079506028, 13.875178231946464, 47.8220740631648, 56.525497935743346, 65.24418999122553, 74.07232751931903, 81.62820077855278, 78.15492729327292, 72.10356775563409, 64.29411696825164, 55.93436744200607, 48.07721720796192, 18.332480631151636, 22.990595467953675, 32.28704134602706, 34.3160283086641, 42.076054617684726, 52.57814178524321, 57.4755939303427, 57.48923816396229, 54.826343999616064, 45.91023155422065, 36.77975742555394, 35.8107662257168, 60.94963823887855, 58.53058304115063, 59.05467160922423, 63.06780535272216, 66.56271156235098, 70.83099385686911, 77.74490529048167, 82.75593346172978, 81.21787946853834, 78.73215572247976, 73.71320826983806, 67.38083121633451, 62.13311631633865, 63.6414220766538, 67.34954472368337, 69.96322202754008, 76.78628787178607, 75.08932719720636, 71.80897871839387, 66.75972806220209, 52.07239290086349, 55.76162829961845, 66.26881506293991, 74.60686231366581, 87.39532164995856, 95.4615050462827, 108.62590094057744, 107.73283914437363, 113.55879076888627, 116.8236142048161, 112.16165148244244, 105.03864282316255, 102.80951846307505, 97.80032677334276, 95.60776756644997], [8.092620883510978, 0.0, 8.286791408572194, 18.934995501219724, 12.65662110512952, 9.603997371316852, 12.110391866366838, 49.303123775392166, 54.187312594920954, 63.472332475623475, 71.79094507322374, 79.88358443888998, 72.39104912707943, 64.14391998102532, 55.77661752407508, 22.419494480317216, 17.679329849460526, 15.550776358138393, 20.643171640413737, 26.99858565989798, 26.056938299563463, 14.777702991388104, 9.520072069524945, 10.693782561629959, 15.799398941020037, 53.367090891496275, 62.32385777877744, 71.30821359440307, 80.5019722299134, 88.45578220488626, 85.10913800512796, 78.69041332162786, 70.60941544257, 62.234478255928785, 54.204449658003185, 23.094126156435493, 28.704428423723648, 37.18314113359899, 39.033852237282375, 46.73726027346111, 57.32806549099235, 62.81245366545391, 63.90426007209721, 61.92992041641572, 52.25075123916003, 43.6584537809023, 42.0154844677806, 64.53012964744036, 62.6769909214944, 63.84540829450569, 68.44828204981215, 72.51601270711653, 77.43847920488065, 84.98853710421241, 89.25990279630865, 87.08070203914245, 84.00597866227794, 78.24950057605749, 71.40293701193298, 66.18234342965424, 68.33452766977564, 72.85614726645132, 76.01893482034835, 83.72653423255552, 81.24934884633207, 77.29425220717626, 71.54150809885007, 47.10543367151635, 52.96407916514033, 65.45893624331, 75.17386543997003, 88.56833845222698, 97.9199460824598, 112.10040694482113, 112.78932246573757, 120.13245551867006, 124.16939969839902, 119.99727634121487, 113.00346147903734, 110.76485223196525, 105.3185186126507, 102.16203884201263], [14.741367735622495, 8.286791408572194, 0.0, 11.18525546933324, 7.417013898374871, 10.491403035409274, 16.403062048758635, 56.55443555325472, 61.62280198486058, 71.0627481198987, 79.2615064644796, 86.91800303275075, 79.5895109270673, 71.37450872641791, 62.93735560548687, 30.383255323982286, 24.32370383510188, 19.33302357734894, 19.394156334751408, 22.41854830710684, 20.371072599073894, 13.379118479405472, 13.816652146829886, 18.43988956905271, 24.001710052365453, 61.56248008688898, 70.43559306127771, 79.25796279924023, 88.16013227428971, 95.6796582737045, 92.49195394886924, 86.41499624599527, 78.54074264924012, 70.22635958815319, 62.27055531504152, 31.240015504753224, 35.555077816243575, 42.309220227296755, 41.28596242766328, 49.147575825835965, 61.01263603406545, 67.12312775736802, 68.71425469574325, 67.414112555197, 58.57853560344452, 50.96587973315047, 50.020238250916265, 63.72033883168606, 63.294979120367714, 65.74019047257441, 71.1336831697335, 75.84790008641957, 81.2427674180857, 88.94756597127859, 92.2409034833729, 89.43891025936745, 85.62588721465504, 78.88343702579117, 71.11176212583909, 66.11427017752715, 69.43066865412538, 75.15190566261715, 79.03630133797866, 87.30655471179483, 83.97589452528844, 79.18632568386428, 72.51541562578105, 42.12942395830537, 46.328587235049476, 59.08183218740775, 69.61510284604614, 83.4429546780339, 94.12680275795461, 109.28243913274925, 113.11610761186974, 121.77603746656393, 126.73604436778587, 123.65662928356002, 117.23359776355596, 115.75364397004914, 111.09067371742476, 108.81892427694265], [23.306842287186164, 18.934995501219724, 11.18525546933324, 0.0, 9.458322995499843, 16.56381861372607, 22.83380945631147, 63.7827394861407, 69.1159661363057, 78.78085956076951, 86.65413053450281, 93.37178789289172, 86.45384451024512, 78.40236554057432, 69.91515217929378, 41.32171047791809, 35.31905873523797, 29.420296081092374, 25.479722384498956, 22.915574224343537, 19.214984219478765, 21.158493442127916, 24.578202292666447, 29.431787565148372, 34.69087220676953, 71.00978841682887, 79.56671930307216, 87.92447294441149, 96.09561666254514, 102.6431484003369, 99.69724794315094, 94.41347436855304, 87.07527452900703, 78.93670212218007, 71.2429854722808, 41.16024911606378, 43.851429449292, 48.83528685752943, 43.76851293615311, 51.695892522949606, 65.26138982206895, 71.8108473650359, 73.33504002210694, 72.53081650329887, 65.54022981905153, 58.88889622082518, 59.05051267434306, 61.16538749506604, 62.90564543209663, 67.00134599656161, 73.16197553836098, 78.4123154946571, 83.9685550253604, 91.27265853323104, 93.56285390126654, 90.29280003031661, 85.75098621250919, 77.97351962881906, 69.041288163598, 64.50376458910584, 69.32645076598837, 76.36354270262738, 80.95441906302035, 89.2956958583983, 85.25324865476814, 79.66779774977122, 72.07116759006882, 38.32658557002886, 36.75411745304814, 48.37631133837814, 59.53255901715183, 73.9280592483113, 86.28111578355079, 102.39065452258555, 110.89568065361524, 120.40429732372432, 126.15206738905444, 124.42500035565351, 118.8119883176415, 118.47016712403486, 115.23310216074523, 114.89462608133081], [16.121247041150568, 12.65662110512952, 7.417013898374871, 9.458322995499843, 0.0, 7.708238055090474, 14.76210747639286, 56.57312164294495, 62.02518471561895, 71.65751272205672, 79.68122963707457, 86.86948821981758, 79.32183673304571, 71.0912963335681, 62.7086606749824, 34.47352632330368, 29.97308484431384, 26.247054175278908, 26.651800259980302, 28.153512693262716, 25.327651766348833, 20.617124449581738, 20.306899871837082, 23.105872617546236, 27.534464066043363, 63.70354256387389, 72.51061545589226, 81.25887554018021, 89.90368832511604, 96.97282961421568, 93.53967162749665, 87.86660206348961, 80.1824834853333, 71.75433522655297, 63.88027358581481, 33.165411683502676, 34.781491247412, 39.530049746728565, 35.8598004411775, 43.76090819778298, 56.608817767978955, 63.052641099822615, 64.8410557518161, 64.20569249278414, 56.508466773049136, 50.41769975782608, 51.128535646211084, 56.60851588746662, 56.74003699452271, 59.82947935193102, 65.63105533744, 70.711026976299, 76.40330775273036, 84.31429138268449, 86.78214844133716, 83.5829766496628, 79.39041183508776, 72.23200502806887, 64.1319377081272, 59.23132726639391, 63.025932333028585, 69.33984591867186, 73.6438636225995, 82.33142452531997, 78.36908332899694, 73.11232502433545, 66.02394303872958, 46.16394446219523, 45.652271827055415, 55.05710392672441, 64.32940898314992, 77.2379606767204, 87.15071773969538, 102.26660006935951, 106.26800567738475, 115.75874006686013, 121.66743473142175, 119.76831663060457, 114.11636217898715, 113.79698001274554, 110.81129986346522, 110.42616194120853], [9.64109016021793, 9.603997371316852, 10.491403035409274, 16.56381861372607, 7.708238055090474, 0.0, 7.302556898548413, 49.09036607676351, 54.56434027136574, 64.16986259992204, 72.23178488026912, 79.61596053950633, 71.854200471943, 63.57292646062694, 55.230898874681635, 28.863667645337607, 26.318816898994623, 25.03995512540374, 28.73586182821982, 32.570863388328775, 30.473105587313746, 22.560748989085578, 18.831683175972984, 18.582280203377735, 21.63673381736176, 56.425266538920276, 65.22575944379022, 74.03412915578542, 82.7864176780931, 90.03449072168738, 86.38564112234836, 80.59270123469452, 72.83484222243754, 64.33177318415218, 56.45478693051912, 26.072885623859143, 27.301635409268265, 32.99625528047882, 31.154814150601815, 39.143641757346735, 51.26130699891853, 57.21085670346992, 58.459661099252166, 57.306437812188314, 49.244095275237264, 42.71861396891759, 43.573746102360765, 55.12949846203045, 53.883511095142865, 55.817857185132034, 60.94060096228195, 65.4719085465677, 70.75675788096375, 78.5432769101708, 81.8229815027971, 79.18040745661779, 75.65159780951863, 69.40085743935293, 62.15008550901806, 57.013115153265794, 59.71299255633803, 64.95566210038368, 68.6421654359348, 76.85021939307292, 73.60540943817425, 69.07990227426521, 62.82058780474034, 51.09881085141126, 51.43200271695091, 60.06772748269903, 68.2033289744676, 80.46908241827639, 88.80719300198737, 102.85217438444919, 103.74328515587347, 112.00225732346898, 117.18765015266564, 114.5055797233842, 108.49717123284113, 107.7940968131447, 104.60205638098338, 104.07479523923502], [6.323687724759185, 12.110391866366838, 16.403062048758635, 22.83380945631147, 14.76210747639286, 7.302556898548413, 0.0, 41.858963703572265, 47.37692408703205, 57.02540566887413, 65.02073134047758, 72.319921831346, 64.59323543287091, 56.339181183867055, 47.97515523772255, 25.880884690993586, 25.741745615115654, 26.734673297811142, 32.339569424509996, 37.2048582564548, 35.594987918124616, 26.745615645226582, 21.019994804044863, 17.68606251612769, 18.619507518219194, 50.11238948692992, 58.689299059526725, 67.29950587264958, 75.85320786934635, 82.96250668857692, 79.23792559371478, 73.58808205854145, 65.98462692534704, 57.5394476485137, 49.81233483961693, 20.96151467095472, 21.852386460444684, 28.992122758282832, 28.60200376161618, 36.58271158567957, 48.06826658112539, 53.277364084954336, 53.4309543721385, 51.37970568028522, 43.5334461158427, 36.06705973544561, 37.07053703890286, 54.644378385611255, 52.45019883353549, 53.36365137553573, 57.68625829755812, 61.485212820553286, 66.03239026267862, 73.2018787916213, 77.53285042405838, 75.67351572195861, 72.90848681287912, 67.62022379493335, 61.11268315729072, 55.891099717598834, 57.64263532317319, 61.755448706541294, 64.70199556439619, 71.9312201841429, 69.6964544843118, 66.05370362114151, 60.7179154926712, 55.10335138388512, 55.5208504677977, 63.465748989214646, 70.6486474814549, 82.55400894350039, 89.7573514666847, 102.74645062101185, 101.6143138745311, 108.101695293406, 112.20629139225805, 108.58870554034185, 102.16144861767883, 101.02656791294093, 97.63132981993915, 97.24659058431305], [41.822570706413806, 49.303123775392166, 56.55443555325472, 63.7827394861407, 56.57312164294495, 49.09036607676351, 41.858963703572265, 0.0, 6.09621826751651, 15.658417906968316, 23.24979263525802, 31.275005751257588, 23.088531004378847, 14.950164317452701, 6.58816417472804, 38.870184064909516, 47.69728124746506, 55.15828017761036, 64.82592587837532, 72.38342390212667, 72.40254830150128, 61.630640614600246, 53.059045646946466, 44.67373249118337, 38.79486450358858, 20.811880161936188, 24.23242789559001, 29.947798027095715, 36.860810592281624, 43.73339895377767, 38.76768916496463, 33.588069236677434, 27.323151688926703, 20.16741699370896, 16.35319989311933, 30.405567091239096, 29.18193995043993, 36.694072785172715, 45.46438508767409, 48.35522768416732, 49.85043636637814, 48.31154143287227, 41.19381334758114, 32.13784665258201, 27.90216506488455, 14.93507392745446, 15.039495981660318, 71.2833597967588, 64.47223305830394, 59.298381303082, 57.50388901985343, 55.46422637210332, 53.8942994364426, 55.56072427039783, 67.03705263518177, 70.61244588645977, 73.18698822604759, 74.58059985647256, 73.64540901271276, 69.0542965949493, 65.10640437249805, 61.35470592276261, 58.66597626679026, 57.85500769399795, 63.19667532787526, 66.07223468925189, 67.44486613953386, 87.4481260721901, 89.826663443103, 95.63345976966657, 98.94285511140963, 108.31182738400416, 109.67722974968957, 116.49339904252487, 102.69475700044869, 98.25560975162833, 94.85109251609038, 84.1505387605525, 74.4364528868504, 68.88635702445549, 62.490076487930246, 61.16762625965056], [46.917002146369775, 54.187312594920954, 61.62280198486058, 69.1159661363057, 62.02518471561895, 54.56434027136574, 47.37692408703205, 6.09621826751651, 0.0, 9.786930104829603, 17.695720571401722, 26.60199318966203, 18.77171467733582, 11.30303937445013, 5.4009893870840004, 42.111748386076044, 51.16273770548755, 58.9093290079468, 68.74086397309038, 76.58083805151058, 76.85031822256225, 65.9195829640999, 57.303851790727244, 48.876349177875795, 42.867497586049346, 18.213678457243525, 19.44580569663209, 24.11951840104192, 30.85332818434402, 38.15864673252349, 33.03712130048964, 27.50638464843119, 21.383374334938487, 14.878694554226623, 13.16074551205835, 34.57290550721137, 34.28677845951004, 41.85822622427607, 51.33431483861661, 53.91282973072051, 54.3947151861382, 52.22935221981641, 44.765670593613564, 35.32582465862868, 31.411972386338846, 19.15400314857252, 17.27900821080657, 76.9226566386539, 69.87117301002264, 64.29579084217349, 61.98951931430513, 59.3922056542961, 57.14535093402165, 57.96802420507287, 70.19061505764454, 74.35972775590196, 77.47626616311679, 79.48151839907048, 79.00674182883334, 74.50665219742439, 70.18747907191005, 65.79497746737412, 62.55968891274695, 60.757057191116424, 66.9555475996678, 70.48430695797452, 72.44556893349755, 91.3204069073563, 94.67161617716124, 101.01361915832852, 104.40558324771672, 113.86414135045047, 115.09269480264076, 121.45106364821854, 106.7245698806932, 100.93910784871653, 96.29125709128907, 84.2652312417488, 73.84328579810327, 66.97381918085559, 58.992272765324394, 56.141954223660036], [56.390515106131794, 63.472332475623475, 71.0627481198987, 78.78085956076951, 71.65751272205672, 64.16986259992204, 57.02540566887413, 15.658417906968316, 9.786930104829603, 0.0, 8.65153605486321, 19.53389544476956, 12.136360111296838, 8.443220231640177, 11.430406359955276, 49.74983511227793, 59.08923113169781, 67.19776349974468, 77.30078895921356, 85.46978049369865, 85.94805244051585, 74.73981460062188, 66.02480000452134, 57.535782264502224, 51.36262023049909, 19.490573997160602, 15.895230075354965, 17.10018394073993, 22.754407189277533, 30.593031714394996, 24.67066721162024, 18.66401790652128, 13.529793232791329, 10.321596528965129, 14.531871743794879, 43.025696250780165, 42.79278697214321, 49.53375586106675, 59.76456015000497, 61.55536058258012, 60.18928298461843, 56.91178831138303, 48.90383666613136, 39.17175163039737, 36.37714691549784, 26.50573848239777, 24.253891120303496, 84.5653202239594, 76.95489138158425, 70.60057418526634, 67.34822323546112, 63.7900520043553, 60.455371219290925, 60.052383461764265, 73.21308096548664, 78.29719305512906, 82.34461367186904, 85.49698662786356, 86.00579056751121, 81.70870462917165, 76.61126728050708, 71.03142745884054, 66.86709497254597, 63.54219180048749, 71.01207659328935, 75.64598897462685, 78.70698975308211, 99.97519338179374, 104.00957058989437, 110.36758515130882, 113.4142901461105, 122.49677829601487, 122.88829969444339, 128.23823584116838, 111.08689210974781, 103.33354524329663, 97.06054964929088, 83.37145678031962, 72.23287830989304, 63.82336896911164, 54.33754330145122, 49.94208898419644], [64.57921267722344, 71.79094507322374, 79.2615064644796, 86.65413053450281, 79.68122963707457, 72.23178488026912, 65.02073134047758, 23.24979263525802, 17.695720571401722, 8.65153605486321, 0.0, 11.81964964171379, 7.367438003152044, 11.13768476585803, 17.791371941684375, 58.349887350412374, 67.62729852871139, 75.6496038806746, 85.54465438154617, 93.47821918435272, 93.95162762354396, 83.1161691077161, 74.50319013833125, 66.06642604043614, 59.94834051416804, 26.952659799271967, 20.99547399970825, 17.598906485130886, 18.551943485216285, 24.21235004558698, 17.614745728577233, 14.035064565318002, 13.94117534431642, 16.060220119175735, 22.445133406912916, 51.6381540974573, 50.96469635480345, 56.84497311095257, 66.36867356944423, 67.63579781075022, 65.54036136634706, 61.46733105495271, 52.58353619209251, 42.586124992773655, 42.19239138020231, 34.2232349100658, 32.84906748887516, 89.5250641987474, 81.87783819362362, 75.19212415576841, 71.22266496365154, 66.83752108936633, 62.286173614714215, 60.08956927736821, 74.14237284998015, 80.21320200558041, 85.0763693575021, 89.17605825587312, 90.3693703245626, 86.38671026319987, 80.8583684045945, 74.40883123070456, 69.48144777953858, 64.2825222805324, 73.05284342226683, 78.6708438903288, 82.65727424840144, 107.2638759283865, 110.69108965364214, 116.2952621164266, 118.62263847998265, 127.18406021996059, 126.7259021321164, 130.9281497656803, 112.52244895302542, 102.36867201929377, 94.26882805110908, 79.0521681020849, 67.32165963239707, 57.75685329714534, 47.73039165465393, 44.106747517148996], [72.34165966639183, 79.88358443888998, 86.91800303275075, 93.37178789289172, 86.86948821981758, 79.61596053950633, 72.319921831346, 31.275005751257588, 26.60199318966203, 19.53389544476956, 11.81964964171379, 0.0, 11.024032403085181, 18.51138342919521, 25.276317884251437, 68.36293480687954, 77.249234979263, 84.74757221482227, 93.8929675934296, 100.97590292782809, 101.26877428616922, 91.57940586369648, 83.33328315706328, 75.11569624703274, 69.28722927334354, 38.38940410536186, 32.1731350525354, 26.570644894856823, 21.70142732510325, 20.127586692577452, 14.68215373922651, 18.809795135703585, 23.781340598934307, 27.562539469028792, 33.80072287772854, 61.16432866830291, 59.86781011417328, 64.92646456687413, 72.27399930741475, 73.27278713705869, 71.60671994940985, 67.06847731709937, 56.94649528036528, 46.704080115645034, 49.87598857108004, 43.27538513826285, 43.24315967607198, 92.54029257794375, 85.53678815875553, 79.05552784000828, 74.60089804189882, 69.49661206431146, 63.46693768611757, 58.47210460144469, 73.4983274573321, 80.7683521941297, 86.37593210743312, 91.24718420977162, 92.79981379795325, 89.31653369409148, 83.77677147913465, 76.79208527998821, 71.2459120726248, 63.48724541957234, 73.76465732657245, 80.30911041935825, 85.07986271633334, 113.27525673836202, 114.79741290221652, 118.83663244251005, 119.996088805533, 127.87094520193074, 126.57742253578002, 129.31869081241692, 111.27806954342974, 97.69681160987729, 86.97780607408261, 69.83694476835218, 57.27506751380623, 46.427271119130765, 36.72009238886199, 37.95012509825539], [64.8708975490066, 72.39104912707943, 79.5895109270673, 86.45384451024512, 79.32183673304571, 71.854200471943, 64.59323543287091, 23.088531004378847, 18.77171467733582, 12.136360111296838, 7.367438003152044, 11.024032403085181, 0.0, 8.495720203404241, 16.666989584603726, 60.48153336327145, 69.78552821869707, 77.65542566174938, 87.45502997380277, 95.0203695116947, 95.15615518689236, 84.55562238853734, 75.92929425302432, 67.45582893055764, 61.36902713086308, 31.288518811434425, 26.859553893287988, 24.812593991611053, 25.328425055172655, 28.73591776058814, 22.22388593019616, 20.88144026468926, 20.969232774920712, 21.44505339453614, 26.310654488013807, 52.721100485905914, 50.312240673327096, 54.68934657238781, 63.079795308463055, 63.75885227608195, 61.342053990467875, 56.854257167667946, 47.26684302758171, 37.13508158760982, 39.06980528814674, 33.207545024453424, 34.318230959214574, 84.60374221914762, 76.88561958602415, 70.01929039609789, 65.64801074754857, 60.854547908281106, 55.734847734387735, 52.923560286433734, 67.17527393483496, 73.57355753311202, 78.75343509892919, 83.32025796638835, 84.97420613123421, 81.22157407726044, 75.39012250007757, 68.47205073321346, 63.20531437672919, 57.27994896240367, 66.4740239605594, 72.50691963751865, 76.99166387109892, 108.95268857852989, 110.48043660205532, 114.38825811401504, 115.69146813109896, 123.29136707408189, 121.71046089575745, 125.21084515844038, 105.6380101777762, 95.15592989846779, 87.37778594976214, 72.86180040861045, 61.77327818111373, 53.75900098461133, 47.08773100284515, 47.88644388993054], [56.64560527053499, 64.14391998102532, 71.37450872641791, 78.40236554057432, 71.0912963335681, 63.57292646062694, 56.339181183867055, 14.950164317452701, 11.30303937445013, 8.443220231640177, 11.13768476585803, 18.51138342919521, 8.495720203404241, 0.0, 8.551582322680524, 52.52665778945839, 61.83188266342297, 69.69031010895779, 79.60936944697484, 87.27030911167508, 87.32630967063984, 76.47682760363583, 67.77780129122934, 59.26995635072427, 53.16950838990318, 25.751868866716702, 23.805612154257428, 25.144388851463102, 29.026323122611466, 34.46411234113738, 28.290344002472224, 24.669678356817563, 21.310692602015404, 18.150743343331065, 20.483851729040953, 44.42419010181167, 41.84696882627981, 46.67115038440541, 55.475557938081835, 56.58993558751321, 54.935315364681976, 51.18470215725298, 42.237418126922556, 32.13912686805876, 32.15094465003534, 24.875953865709555, 26.362703805102026, 78.47994024362153, 70.77678730230679, 64.20827572738739, 60.511972408265656, 56.51285520037534, 52.5912849107354, 51.65663755170391, 65.00765347984286, 70.40924854661974, 74.77213514345577, 78.4083820055019, 79.39962313670875, 75.34112821042395, 69.89904242613693, 63.80538763289875, 59.28466928092599, 55.26328355699644, 63.13651066209002, 68.1931910093576, 71.78360626150824, 101.87196757887553, 103.55059390468973, 107.8559929816686, 109.6850914032117, 117.66547798387187, 116.77979974136822, 121.36322735757075, 103.00084506476901, 94.9858606775209, 89.18267418755474, 76.39829277222472, 66.02714707718776, 59.362511877238425, 53.32452875854634, 53.466914998037296], [48.2189273909, 55.77661752407508, 62.93735560548687, 69.91515217929378, 62.7086606749824, 55.230898874681635, 47.97515523772255, 6.58816417472804, 5.4009893870840004, 11.430406359955276, 17.791371941684375, 25.276317884251437, 16.666989584603726, 8.551582322680524, 0.0, 45.18312564922463, 54.170899927264635, 61.72394972620257, 71.39142243467073, 78.8578039200049, 78.8468403259583, 68.20971228201626, 59.63566083759728, 51.230280949467804, 45.299817820873635, 22.95567965244804, 23.938662179598488, 27.79507483568127, 33.348864423250774, 39.407212590529596, 34.00518377089272, 29.652980886924826, 24.600091854625138, 18.88580849090054, 17.798425518368248, 36.758075433013026, 34.65401659498417, 40.71848084619094, 49.168264656234214, 51.23710738102023, 51.465224556874496, 48.910115921712595, 40.70779413454412, 30.916358355675218, 29.045801066150855, 18.799587923531625, 20.107445928896908, 73.49596048955183, 66.35006392073022, 60.57926649374025, 57.914553966554735, 54.9624969717004, 52.25480683795246, 52.64174890513214, 65.06001646632711, 69.50683608347872, 72.89157418839312, 75.2902442621557, 75.18717554196319, 70.85547216451339, 66.25313622603966, 61.43923345292757, 57.910342835394964, 55.54180986658697, 62.09148742620356, 65.97084747739818, 68.3558184595997, 93.55507146632546, 95.2787491610388, 100.16481329512693, 102.6672524955056, 111.35344214849101, 111.65402458247249, 117.41208154642645, 101.77123016110033, 95.61959999264191, 91.12464903283075, 79.54954415935697, 69.56000025106162, 63.66495263801286, 57.655063356111455, 57.42442931971519], [21.13470177173669, 22.419494480317216, 30.383255323982286, 41.32171047791809, 34.47352632330368, 28.863667645337607, 25.880884690993586, 38.870184064909516, 42.111748386076044, 49.74983511227793, 58.349887350412374, 68.36293480687954, 60.48153336327145, 52.52665778945839, 45.18312564922463, 0.0, 10.210060805700815, 19.582944741474762, 31.88022431293541, 42.59742107760446, 43.60857231877831, 28.727380189645924, 19.557743489423036, 11.996138098888533, 7.3330902781052005, 35.00296380216636, 44.367296049486484, 54.19645297466832, 64.91696694975975, 74.99015367977482, 71.233869092846, 63.06765569886698, 53.94826433445678, 45.60081536040165, 37.382923018618406, 10.907606325721513, 22.972723216340942, 35.247854037531695, 46.11241348201049, 51.964949813652915, 57.08290850945237, 60.41775942591681, 60.76158466914348, 57.181735884573044, 44.22445172108916, 32.964526909385604, 26.825979950191886, 76.20977381483964, 71.00718463830303, 68.8676223658778, 71.17867425142452, 73.40504243691169, 77.09618617912217, 84.38540888353072, 90.96890915702589, 90.25509793984601, 89.07089131638023, 85.89043618439733, 81.62580169015193, 76.12691510981705, 75.35208965104037, 76.65662934096508, 77.83476748461443, 84.15456195158222, 83.82674720355122, 82.07661272112358, 78.79648577307373, 62.4951302636189, 73.50482756725218, 86.86414360453385, 95.72329589243994, 108.36175288009454, 115.29252229828003, 127.51901137376315, 120.58868138249406, 125.22033053110064, 127.01766204905027, 119.86384222114049, 111.25488390165528, 106.43306426050488, 97.82872282900652, 90.27584796413707], [20.058428575259377, 17.679329849460526, 24.32370383510188, 35.31905873523797, 29.97308484431384, 26.318816898994623, 25.741745615115654, 47.69728124746506, 51.16273770548755, 59.08923113169781, 67.62729852871139, 77.249234979263, 69.78552821869707, 61.83188266342297, 54.170899927264635, 10.210060805700815, 0.0, 9.571006572636444, 22.09813795512414, 33.290991051852046, 34.620816827549135, 19.401244848716, 11.193376880807197, 8.066761022917996, 10.457348138714757, 44.56467332630716, 53.66360591235295, 63.13742164668644, 73.48747894284962, 83.17786371524723, 79.88609318218278, 72.00678576991363, 63.15704791150639, 55.070017637144105, 47.00605952397995, 19.109340333932302, 30.132804511299742, 41.36863642843098, 49.719561105729746, 56.291174963113406, 63.129951120910604, 67.39542893331817, 68.42329180785168, 65.43375392652197, 52.94355263875062, 42.273388213317226, 36.68324786600086, 78.40870921315404, 74.47892848599129, 73.60971552819936, 76.88723038998191, 79.90813999260236, 84.21492583603752, 91.76073648737562, 97.57064141789454, 96.21009868088835, 94.21984711327987, 89.90715841119282, 84.55262844181695, 79.10115294083054, 79.52512508094526, 82.16422123428663, 84.15280011041602, 91.18366579800927, 90.00896064722373, 87.33303313322024, 82.97017795927721, 53.800383310178695, 66.81229249798923, 82.18748977789089, 92.5114131626908, 106.1473754351284, 114.9446799320662, 128.4169877447435, 124.98193649026172, 130.88979862283492, 133.33562082922415, 126.81824805618348, 118.4028024402504, 113.8109290135115, 105.06630053592242, 97.34399058252481], [21.087799321159096, 15.550776358138393, 19.33302357734894, 29.420296081092374, 26.247054175278908, 25.03995512540374, 26.734673297811142, 55.15828017761036, 58.9093290079468, 67.19776349974468, 75.6496038806746, 84.74757221482227, 77.65542566174938, 69.69031010895779, 61.72394972620257, 19.582944741474762, 9.571006572636444, 0.0, 12.640517010228105, 24.01716816982062, 25.548577517520254, 10.503408511869328, 6.315544552573832, 11.8349122883743, 17.60859165749314, 53.46440033674098, 62.348929418905854, 71.46090565517572, 81.31905105949258, 90.4237621046662, 87.51159582558594, 80.0881305325512, 71.57917377505892, 63.65427926457454, 55.70631876918939, 27.022846190815613, 36.91964438081919, 47.17665848388147, 52.81615594258176, 59.95499438046687, 68.45581806806413, 73.43705578308244, 74.78708144942846, 72.2084682960839, 60.50641761425606, 50.25076735404511, 45.32776814510157, 79.53182695197826, 76.95949905778404, 77.32096461251308, 81.41666658138571, 85.07353930898974, 89.78678776374069, 97.3512886183941, 102.49058346178937, 100.63242140263513, 97.95215491359788, 92.6480536849178, 86.27825146971466, 80.95924875004745, 82.53370917228679, 86.35776528780455, 89.0333677185733, 96.49065317694598, 94.64306466574018, 91.18887259992707, 85.89747513058595, 45.07167827718172, 59.34587051815279, 76.3633495744309, 87.93360451872661, 102.4365674875017, 112.96772895580878, 127.48634204261293, 127.65413287536296, 134.50547701033787, 137.48387308829416, 131.64869642054575, 123.5144913044924, 119.32203018583338, 110.81761991047787, 103.56867787189555], [27.479603334198437, 20.643171640413737, 19.394156334751408, 25.479722384498956, 26.651800259980302, 28.73586182821982, 32.339569424509996, 64.82592587837532, 68.74086397309038, 77.30078895921356, 85.54465438154617, 93.8929675934296, 87.45502997380277, 79.60936944697484, 71.39142243467073, 31.88022431293541, 22.09813795512414, 12.640517010228105, 0.0, 11.818914712495426, 14.269303036122299, 7.217682732334182, 14.6350605225191, 22.630566714426692, 28.97940676529047, 64.61730394783507, 73.11169725080656, 81.63756001655207, 90.73816393581146, 98.98723892324371, 96.64221540560052, 89.88102495338902, 81.9117333221784, 74.30844322013631, 66.61782028202238, 38.293452022143555, 47.36102129978316, 56.8057042140814, 59.37884038690286, 67.02759214395378, 77.29305896748782, 82.83666516426155, 84.15832591610369, 81.7503669877539, 71.18907328972998, 61.01828887117083, 56.525354671565054, 83.10642216128399, 82.31061286152064, 84.0768343991597, 88.94433332809318, 93.13042750218297, 98.02078939838745, 105.21354972632474, 109.82641371116077, 107.620669490924, 104.29010613120403, 97.97818673355036, 90.45164584024818, 85.40165449532202, 88.31497302093479, 93.34940102130139, 96.65313037011211, 104.16794157488572, 101.84193990564034, 97.68497345556885, 91.48344081083324, 33.04775704478844, 49.75190386323638, 69.44984178589489, 82.76566765661184, 98.55530862884196, 111.51513881571347, 127.18505685328539, 132.3195951971664, 139.7008745412294, 142.88438947865026, 137.58907265919365, 129.6735057393359, 125.76375108419141, 117.34655525488056, 110.61091282772607], [33.56340818930382, 26.99858565989798, 22.41854830710684, 22.915574224343537, 28.153512693262716, 32.570863388328775, 37.2048582564548, 72.38342390212667, 76.58083805151058, 85.46978049369865, 93.47821918435272, 100.97590292782809, 95.0203695116947, 87.27030911167508, 78.8578039200049, 42.59742107760446, 33.290991051852046, 24.01716816982062, 11.818914712495426, 0.0, 4.4146893767870035, 15.529374193924554, 24.32796439745191, 32.260018867929325, 38.68552826322435, 74.31855069363398, 82.53825319332344, 90.58503947239842, 98.93019498813295, 106.20875724860522, 104.22821232151276, 98.23646030819904, 90.79908500992221, 83.36517849999575, 75.86971460137286, 47.59806725937574, 55.486672246520484, 63.97966810034805, 63.54869123691272, 71.49701856024193, 83.34751427627648, 89.3185926470244, 90.48599085992507, 88.30100813631356, 79.11568881393612, 69.33325486563544, 65.700276669545, 83.88979883911699, 84.81847062706927, 87.88352026533504, 93.38714646695627, 98.000964638357, 102.97607153495707, 109.726950547239, 113.7272453280573, 111.22680172168327, 107.32880062026693, 100.16565523752041, 91.64724636466622, 86.94833215150645, 91.0755065744074, 97.16499222560313, 101.01778824612403, 108.47929245978753, 105.70334986790938, 100.9383651797753, 93.98416474462562, 22.473591621491686, 39.23508121247792, 60.76305463310366, 75.36773351718604, 92.09430028646034, 107.07143789211652, 123.59496067671732, 133.4082999095767, 141.1967458280737, 144.70496264364635, 140.2439462097641, 132.8060617316316, 129.58348784445474, 121.97847987137673, 116.67398444173685], [32.608358808492696, 26.056938299563463, 20.371072599073894, 19.214984219478765, 25.327651766348833, 30.473105587313746, 35.594987918124616, 72.40254830150128, 76.85031822256225, 85.94805244051585, 93.95162762354396, 101.26877428616922, 95.15615518689236, 87.32630967063984, 78.8468403259583, 43.60857231877831, 34.620816827549135, 25.548577517520254, 14.269303036122299, 4.4146893767870035, 0.0, 16.06074314155824, 24.771871951474722, 32.633041019182635, 39.08878577761093, 75.41022077176558, 83.7350292701949, 91.85516517021308, 100.15392042004333, 107.24751109345799, 105.12278299201083, 99.29489693770898, 91.87782943868574, 84.28907589780997, 76.7197326168828, 47.76780389478077, 54.75273215917295, 62.55147951004774, 61.0643446681202, 69.01733661443689, 81.31455027865289, 87.48676214393679, 88.80310179260796, 86.94377566484671, 78.19367698280797, 69.00983525431204, 66.09065169086318, 80.36325697066118, 81.68947370329514, 85.13264791288583, 90.86993764182274, 95.69528679608757, 100.84697162576408, 107.71428743299374, 111.26359048085493, 108.52566726031937, 104.38912793241352, 96.95102257950265, 88.20988286078071, 83.60015226533037, 88.04282221675798, 94.48768158824421, 98.58278787958517, 106.28263425892013, 103.15242672304137, 98.10914417964571, 90.89601106342907, 23.20938258429252, 36.40350298333947, 57.00573411133732, 71.45104402360107, 87.98079121483353, 102.94911810130426, 119.62401215193849, 130.0047682469089, 138.32940740513058, 142.37696228988784, 138.57862687602108, 131.54822787859942, 128.94584561879108, 122.21557019175184, 117.93466344342296], [22.399477574196343, 14.777702991388104, 13.379118479405472, 21.158493442127916, 20.617124449581738, 22.560748989085578, 26.745615645226582, 61.630640614600246, 65.9195829640999, 74.73981460062188, 83.1161691077161, 91.57940586369648, 84.55562238853734, 76.47682760363583, 68.20971228201626, 28.727380189645924, 19.401244848716, 10.503408511869328, 7.217682732334182, 15.529374193924554, 16.06074314155824, 0.0, 9.514775274932665, 18.191029669632943, 24.843807787411738, 62.43835516104487, 71.31124828705599, 80.24585568642563, 89.65067142353242, 98.04073294643482, 95.23256980495663, 88.38514437531634, 80.16986494682395, 72.15598201912451, 64.19156709554068, 34.05735606546205, 41.877651408129864, 50.4789077978214, 52.799249001254, 60.32900296015214, 70.60022677849837, 76.37158479713128, 78.1645741428788, 76.31766085586261, 65.72823017325044, 56.57551943359588, 53.10893307239789, 76.67641723727301, 75.61300892617379, 77.36652981622356, 82.36861571940942, 86.7726236451019, 92.0236567497351, 99.76424998925668, 103.81960680503067, 101.27891061078223, 97.77377632592562, 91.37595411338987, 83.97470687725092, 78.87500761760526, 81.70285008033407, 86.86192603723681, 90.36118300501272, 98.4540231198584, 95.64403969687628, 91.2500636543036, 84.93621322701759, 37.76772643677609, 50.503301097759106, 67.83292950025488, 80.16315764876825, 95.04248565058549, 106.90805734022801, 122.3984386710226, 126.07102440292961, 134.32863553512306, 138.3900257577351, 133.911272019819, 126.50910192833645, 123.40411467494722, 116.19676529572651, 110.64373462198297], [15.859853888425926, 9.520072069524945, 13.816652146829886, 24.578202292666447, 20.306899871837082, 18.831683175972984, 21.019994804044863, 53.059045646946466, 57.303851790727244, 66.02480000452134, 74.50319013833125, 83.33328315706328, 75.92929425302432, 67.77780129122934, 59.63566083759728, 19.557743489423036, 11.193376880807197, 6.315544552573832, 14.6350605225191, 24.32796439745191, 24.771871951474722, 9.514775274932665, 0.0, 8.779093999491979, 15.41053003993614, 53.47907545548143, 62.55154396247202, 71.7763976161351, 81.53035996864739, 90.31361003759527, 87.1404400465278, 80.00202166437207, 71.53605364846543, 63.316958771677925, 55.216431233121625, 24.67162185072009, 33.02353336819746, 42.51177211586219, 46.971882776555546, 54.247992057241376, 63.4210478372511, 68.69625274162661, 70.20119835267624, 68.03430936298732, 56.866474920899584, 47.44844551413773, 43.85447629407963, 73.27198243033888, 70.89955784965795, 71.5654212626079, 75.91660152311445, 79.82377792187542, 84.77311783159757, 92.55261565275839, 97.18931125913491, 95.0719213803807, 92.15777771727123, 86.61318162009775, 80.08001922479586, 74.78390393883798, 76.57328090310213, 80.72948493500722, 83.66941421322616, 91.45839481908898, 89.1975120856144, 85.45066472016713, 79.91429749384952, 45.80971750660413, 56.84022306747086, 72.12127937675595, 83.00904350995143, 96.98460536555054, 106.99938546340515, 121.45971576941943, 121.6087407900402, 129.00747300862972, 132.6454326753859, 127.62942880839906, 120.02210267610265, 116.697598931366, 109.50116972443722, 103.87901833344502], [12.136199079506028, 10.693782561629959, 18.43988956905271, 29.431787565148372, 23.105872617546236, 18.582280203377735, 17.68606251612769, 44.67373249118337, 48.876349177875795, 57.535782264502224, 66.06642604043614, 75.11569624703274, 67.45582893055764, 59.26995635072427, 51.230280949467804, 11.996138098888533, 8.066761022917996, 11.8349122883743, 22.630566714426692, 32.260018867929325, 32.633041019182635, 18.191029669632943, 8.779093999491979, 0.0, 6.666854602472292, 45.1168868980191, 54.298954283107456, 63.683257995669884, 73.60914685033686, 82.59305443223924, 79.12264871769163, 71.84923951347302, 63.258659618627725, 54.881965863300685, 46.70229743799763, 15.923532727671736, 25.244699217547808, 36.04462039374301, 42.55470093153107, 49.522166230142915, 57.62471102215602, 62.234871691898405, 63.100452972869164, 60.37485072042956, 48.9011578640483, 38.86503742075874, 35.09928940352183, 70.76680913536674, 67.26714637342494, 66.86646335814203, 70.46278657431104, 73.73942061206695, 78.17669267022039, 85.70461598526846, 91.08836113788075, 89.55104172839913, 87.3169382875904, 82.70165802098676, 77.0210679333327, 71.61374034042157, 72.39572851886437, 75.46288426908725, 77.74259649415808, 84.91580616655139, 83.40397956217733, 80.42688529189373, 75.76477417185782, 52.773322265445, 62.25396565813145, 75.78536652922895, 85.35681057845349, 98.56322072741182, 106.9706124452877, 120.35341287181618, 117.57733464171518, 123.74105601429723, 126.71141267838868, 121.0473680177491, 113.19672884875773, 109.61258216190359, 102.43097898058643, 96.92829944915734], [13.875178231946464, 15.799398941020037, 24.001710052365453, 34.69087220676953, 27.534464066043363, 21.63673381736176, 18.619507518219194, 38.79486450358858, 42.867497586049346, 51.36262023049909, 59.94834051416804, 69.28722927334354, 61.36902713086308, 53.16950838990318, 45.299817820873635, 7.3330902781052005, 10.457348138714757, 17.60859165749314, 28.97940676529047, 38.68552826322435, 39.08878577761093, 24.843807787411738, 15.41053003993614, 6.666854602472292, 0.0, 38.799275794429796, 48.103805203339014, 57.67854728282794, 67.8353775425417, 77.09682783036547, 73.35167654724219, 65.8690701318989, 57.11184781604287, 48.595653253216646, 40.33251204336931, 9.449901641283942, 20.19627284955095, 32.148642051230624, 40.722756882999086, 47.20262210467526, 54.054889029816394, 58.01262430465405, 58.38719504107668, 55.189550766289116, 43.28419776937691, 32.67038349353697, 28.544137726938853, 70.17294202137492, 65.71236596420864, 64.35980004503166, 67.25683530014565, 69.96101344238224, 73.96024338255927, 81.31217145363895, 87.31250687165988, 86.25280177712213, 84.60593835266347, 80.80735666071779, 75.91214328267769, 70.45136273018181, 70.34707552391109, 72.43737705166458, 74.12469100837336, 80.78930449983253, 79.91324494090873, 77.6121512894632, 73.73208981243036, 58.66329093043181, 67.43225702838421, 79.83786305216059, 88.47821860990129, 101.05248911563991, 108.2173995327652, 120.74091797784561, 115.49797556430512, 120.71667722199675, 123.15447069412272, 116.9305030603689, 108.86205785684062, 104.99859219268106, 97.72806403004058, 92.12296942517412], [47.8220740631648, 53.367090891496275, 61.56248008688898, 71.00978841682887, 63.70354256387389, 56.425266538920276, 50.11238948692992, 20.811880161936188, 18.213678457243525, 19.490573997160602, 26.952659799271967, 38.38940410536186, 31.288518811434425, 25.751868866716702, 22.95567965244804, 35.00296380216636, 44.56467332630716, 53.46440033674098, 64.61730394783507, 74.31855069363398, 75.41022077176558, 62.43835516104487, 53.47907545548143, 45.1168868980191, 38.799275794429796, 0.0, 9.713161484169714, 20.236702845008647, 31.98081431591122, 43.605910048813094, 38.849564385671364, 29.38310960008035, 19.576427014515264, 11.497892773917924, 5.318929217360292, 31.436411382661174, 35.30823128220176, 44.975527005732154, 58.60673433507787, 61.49284116662175, 60.58331250132698, 59.07942803816256, 54.47307843841709, 46.77825355527256, 37.0538279452155, 24.12922337754162, 14.687364511259466, 87.45228002276087, 79.6849939494751, 