{
	"dissimilarities": [[0.0, 7.364078950853533, 14.704307930791, 23.147311217417045, 16.640514228685156, 10.410488643419962, 7.480819352671002, 41.985495241585056, 46.885904941511, 56.265632364423716, 64.53165619443048, 72.40460982072231, 64.93929817834498, 56.70533715935089, 48.30081756487654, 20.29824315671659, 19.069441720463946, 20.11342935898317, 26.742363213670423, 33.01953925111926, 32.053265503009534, 21.761682822770506, 15.122111575805182, 11.537594645352254, 13.442971031341767, 47.35356438406998, 56.1122891603818, 64.86754119171665, 73.80763277770004, 81.6172028437647, 78.08588821638119, 71.8587155889481, 63.997779695306164, 55.66468536536401, 47.77764029745565, 18.313879907588692, 23.89063858441406, 33.80442823999558, 35.549270947360384, 43.61963048890971, 54.597914675938355, 58.43632081978643, 58.12991566547418, 55.20810465846439, 45.86724153840261, 36.60730890571205, 35.55420180392774, 61.962964752990594, 59.631750817586585, 61.24579577047924, 65.18618593049617, 67.66341622191791, 72.46911913627132, 77.87129776545251, 80.97463794574216, 80.3595178224136, 77.84788468882553, 72.8097732868321, 69.47406647458335, 63.05644741894854, 64.58679120493086, 67.95291338551195, 71.1526614713525, 75.81353601572638, 73.64078061152489, 70.47594533677129, 66.09717159086885, 50.92299508402178, 55.088566756191575, 65.0186187394209, 74.39114968089399, 86.69034572396572, 95.12798048486967, 110.47943044692676, 107.16125565688968, 116.8596565004879, 116.43788772756373, 110.23256593754563, 102.83992397860702, 101.76746672330496, 95.54628586015579, 95.49398640210126], [7.364078950853533, 0.0, 7.623271884165421, 17.250211499814977, 11.592223457491018, 8.485578635055832, 11.22490527882552, 49.33052053637365, 54.17714371816335, 63.50709498349426, 71.78819494826465, 79.73977994939486, 72.28884030378237, 64.039894082974, 55.64978398711063, 23.59231881683028, 19.164504461598035, 16.917851191021096, 21.364224593042664, 26.99428590399542, 25.67866080529366, 15.598327135630054, 11.116925521638656, 12.358867679890784, 17.0976348546501, 53.817508430919595, 62.72662476224453, 71.61871345483348, 80.70675696042578, 88.61882624146092, 85.21075282873002, 78.86595394481535, 70.88765217985198, 62.547369088327244, 54.564552654156955, 23.985690630862578, 29.415435788320966, 38.02049126626076, 38.61019963452078, 46.74799270272441, 58.28615537786984, 62.866522343596884, 63.54220153919977, 61.41113916450834, 51.887359079475864, 43.4880504868647, 42.32027601321063, 63.43290533981286, 61.92963572424668, 64.38336404016522, 69.02193127722845, 72.18552757328791, 77.62505493817866, 83.48045034359006, 85.93409127323328, 84.58746831250541, 81.39175772901686, 75.4781898250989, 71.52228650414456, 64.97774764882197, 67.6460291599792, 71.79882408684269, 75.6367046098781, 81.00719347024639, 78.21151657011488, 74.24298983048354, 69.01921503221935, 45.902812192796006, 50.891137796392364, 62.050637413465104, 72.61097110829316, 85.39577942157517, 95.0788450098524, 111.43311124011284, 110.24093905548938, 121.3240242370522, 121.90267829120313, 116.53063671220985, 109.48043370383382, 108.68300620029923, 102.52762516202347, 102.15605573353754], [14.704307930791, 7.623271884165421, 0.0, 10.520232743973201, 7.4734804521905325, 10.392060957250541, 16.354226899254087, 56.584592700159725, 61.575648120580894, 70.9627750446402, 79.21786595446, 86.90000539999184, 79.53081396760945, 71.30143158921535, 62.88236512530391, 30.282781562327777, 24.25152443262972, 19.24429957457223, 19.3892145158028, 22.405891764019497, 20.1821289067826, 13.401052462393766, 13.881256566245938, 18.626970768424428, 24.146319998907188, 61.4186528716767, 70.32447260186905, 79.16406444787528, 88.12195693621665, 95.79238985553421, 92.51822312361892, 86.35156769830213, 78.46367371389452, 70.15502414565643, 62.18622858138851, 31.391513200025226, 35.94920287193435, 43.04953611550383, 41.55311660054872, 49.743642073498854, 62.154680046813446, 67.32449643610265, 68.63978781965747, 67.18537297390758, 58.14049714969208, 50.638498613467505, 49.89000968928165, 63.67990572034161, 63.39935482618166, 66.89571538475225, 72.24373125128744, 76.07323030885924, 81.95751682297386, 88.03374141903896, 89.84104543453846, 87.81329809597788, 83.920617207412, 77.11357707141073, 72.3883998629815, 65.75665257784242, 69.9002990932107, 74.91464989432534, 79.33498849694982, 85.22058240888329, 81.91096906566219, 77.17831997443191, 71.04893522165054, 41.32870613736005, 45.43509961661353, 57.16891841509086, 68.69887485096216, 81.88459551083159, 92.8541182391613, 110.11848480768874, 111.69051553663819, 123.96227550999085, 125.65618433989222, 121.35801177072463, 114.80834507560687, 114.52915904638013, 108.90415103753956, 108.90235936915549], [23.147311217417045, 17.250211499814977, 10.520232743973201, 0.0, 8.496395753431681, 15.601989532420822, 22.17578817832114, 63.466093454752205, 68.8543798486317, 78.39892173883192, 86.50549319532611, 93.24267139783453, 86.16349523364306, 78.08428247468609, 69.63063449500854, 40.64164701505515, 34.65810326157353, 28.777838587501964, 25.101447609757212, 22.98189960005889, 19.274664993980938, 20.705041493074145, 24.039993878468977, 29.054157727942727, 34.291329084355255, 70.4771403197409, 79.12683053330335, 87.56932923819309, 95.87584298868964, 102.64465398041924, 99.57303467868584, 94.14470733036717, 86.74259226823565, 78.57117143328715, 70.81781040414025, 40.812653119645304, 43.74380320669985, 49.06900993311964, 43.786981654921696, 52.08708382549771, 66.04892670072849, 71.52821940323523, 72.84699098824058, 71.89055896786253, 64.54089303015176, 58.07185949825597, 58.49450398609074, 60.975368271332854, 62.83850162079024, 67.84130641107502, 73.94207021896993, 78.40631502994036, 84.34929796550328, 90.14909796905597, 91.30818265278982, 88.70678656512437, 84.08558185270569, 76.32975685012003, 70.47085191639717, 63.796568978176765, 70.21157680229311, 76.26742866922197, 81.16309467764573, 87.15782984517011, 83.56026516512537, 78.13691285027517, 70.94763416202932, 38.21977729413695, 36.625591516734424, 47.240049401470195, 59.36424942272399, 72.99373846803938, 85.5025310024095, 103.52657015996341, 109.43181983849006, 122.38766754722576, 125.41440574457414, 122.68762569731715, 116.95561391580603, 117.65595682510428, 113.43398837206522, 115.0531920932935], [16.640514228685156, 11.592223457491018, 7.4734804521905325, 8.496395753431681, 0.0, 7.582069949694809, 14.708656077863672, 56.504048085417956, 62.02384816142877, 71.59820853508306, 79.77803492617376, 86.84649869028095, 79.28757128676261, 71.05818422300638, 62.687697736945076, 34.5826028400143, 30.101044312625604, 26.315771156160352, 26.64542585473991, 28.02007983898024, 25.045294144978094, 20.720838564539857, 20.5270386432986, 23.459937653285063, 27.86489172224922, 63.67861331551852, 72.49490956253038, 81.2258904490995, 89.88177498349039, 97.04969124570087, 93.55630242767954, 87.83612080493457, 80.17325027337054, 71.76987866012229, 63.89941206416475, 33.50757381419822, 35.43194020319284, 40.61724379453512, 36.3595805629349, 44.66296295378027, 58.12632479092266, 63.49167917238335, 64.91355117090724, 64.06208526938826, 56.221235715220146, 50.2040543474463, 51.13050168991498, 56.5902583429184, 56.98489863774288, 61.141059917456786, 66.88711547186334, 71.10861502497573, 77.1621178151962, 83.32357288518106, 84.5888820357435, 82.14319318234128, 77.86742182183166, 70.64834329900181, 65.53203748331399, 58.87224298760179, 63.86198137662511, 69.39222088769615, 74.11687447676067, 80.24463584309238, 76.62838810649683, 71.47077431788256, 64.83790267550324, 45.19963732622245, 44.216866986245066, 52.70008519315885, 62.941556746378474, 75.34289632053225, 85.64097178645684, 102.95832250528156, 104.86793850858065, 117.8515801553126, 120.48562329714784, 117.36891599606986, 111.70325649383207, 112.47228853796544, 108.53644908286307, 110.4255959712233], [10.410488643419962, 8.485578635055832, 10.392060957250541, 15.601989532420822, 7.582069949694809, 0.0, 7.301399973803444, 49.04915114341839, 54.59327675439046, 64.16779681197485, 72.36276970558608, 79.5823454926565, 71.85880632134005, 63.58450963179608, 55.24132899799789, 29.1922829038406, 26.629072129889824, 25.210633629007145, 28.70384038660773, 32.2925268831121, 30.02726389314233, 22.64166829332196, 19.14500135949791, 19.118389850408246, 22.190481430933442, 56.52361902405161, 65.30675994839481, 74.06352404654554, 82.78760333521231, 90.10109679469589, 86.40960088841578, 80.59805040877714, 72.88960578626153, 64.43039696456111, 56.577282666038265, 26.648843343814995, 28.272763960229742, 34.44455622847005, 31.756425246985668, 40.18023483752401, 53.04206754849152, 57.87325477930249, 58.68132790567614, 57.276693209577616, 49.14022077003149, 42.64461614294565, 43.71671668689792, 55.099203886618284, 54.162334145119814, 57.274936423463515, 62.35627514855814, 65.9667242194894, 71.63967462930705, 77.65199528164173, 79.49194896108807, 77.67308455783878, 74.06110645311283, 67.72032627439172, 63.39574158750327, 56.80233655438275, 60.26526949170032, 64.97200922588515, 69.16157912206612, 74.84815566296571, 71.68308913074847, 67.23447145568251, 61.4743174484465, 49.90520908117401, 49.73223507251006, 57.45064488292516, 66.48083798811109, 78.29708179326158, 87.04925780988638, 103.37918229064549, 102.2483303269359, 114.15591381789085, 115.79445488620465, 111.76972627110656, 105.75464416437534, 106.20823364770946, 102.08183146478953, 103.9865398704419], [7.480819352671002, 11.22490527882552, 16.354226899254087, 22.17578817832114, 14.708656077863672, 7.301399973803444, 0.0, 41.8117230913848, 47.41503966246115, 57.01656325908822, 65.17270625874364, 72.28745994003161, 64.59416650185622, 56.35037002129223, 47.988454084818756, 26.235973420276615, 26.05124900044261, 26.891531744940544, 32.315784505250896, 36.974942979939954, 35.23028319006711, 26.818687854056353, 21.302572261908043, 18.25298090743301, 19.261529459816863, 50.21552674396815, 58.77470286025577, 67.32907190331458, 75.85346219130828, 83.0334563800069, 79.2622659691105, 73.59280862325765, 66.04444867913904, 57.648616372568924, 49.947964876087305, 21.675419419490687, 23.060543436873665, 30.636335211158563, 29.26934566251507, 37.7054062687602, 49.97377184434525, 53.98181364906075, 53.66659698066279, 51.33381194873614, 43.393427196397305, 35.9604535841267, 37.23076135537583, 54.618115106543634, 52.74312240562163, 54.89280328674688, 59.18700196623404, 62.019740973776905, 66.97959702693329, 72.47365577763932, 75.08357786022188, 74.10746439147862, 71.26843035610472, 65.91003313065987, 62.275323068679086, 55.812088545562126, 57.9848720325624, 61.80201995216245, 65.2710160109934, 70.15015576472875, 67.700954009741, 64.16374619755999, 59.355508857599276, 54.022238188220655, 53.981910461577776, 61.028722936275635, 69.0201665619089, 80.46659219190506, 88.04353960405193, 103.28710823383216, 100.00677775692003, 110.31298857007216, 110.78694040682373, 105.76815107305167, 99.29748798406551, 99.37976081496917, 95.05601688153578, 97.16261557876955], [41.985495241585056, 49.33052053637365, 56.584592700159725, 63.466093454752205, 56.504048085417956, 49.04915114341839, 41.8117230913848, 0.0, 6.727425722218716, 15.96849499247052, 23.72024276786344, 31.28270714491436, 22.979034434942555, 14.748673514207203, 6.330977905726097, 39.405962608025476, 48.18778182330057, 55.564121094713606, 65.177333270157, 72.5810529835594, 72.4566550148984, 61.88743216240864, 53.37110454413042, 45.06014834269213, 39.25575896971261, 21.667192759731336, 25.07850685078159, 30.673186533537233, 37.48392899870806, 44.41051791967905, 39.26444838834491, 34.115722061381284, 28.00937698381926, 20.994503373150174, 17.297173455502204, 30.933367727848857, 29.605606992440475, 37.168121657283315, 45.016308686455815, 48.17370363171752, 50.549179187342, 47.99961559435782, 40.378062807490075, 30.97577120293769, 26.776158370377406, 14.12667063491158, 15.576972853164927, 70.38397700534094, 63.68905270065471, 59.62314015153132, 57.906821728523774, 54.87428465252655, 53.974287984894566, 55.096470672611034, 62.881613957612714, 67.66429508820016, 70.30166810945965, 71.79585125607805, 72.98503995573282, 68.70664748057057, 62.78321908911154, 60.070542410921306, 58.07208404856541, 56.660459914832266, 59.525042606337266, 62.68642233231239, 64.87464323314533, 87.12560317417298, 88.98575482457669, 93.76670962485315, 97.39887109263148, 106.14393852082998, 107.49636552019071, 116.29547012050624, 99.63064523463967, 99.89924766146838, 92.33535414520935, 79.78826858577901, 69.86440994525407, 66.21004098641212, 59.33298317382356, 61.65423785809982], [46.885904941511, 54.17714371816335, 61.575648120580894, 68.8543798486317, 62.02384816142877, 54.59327675439046, 47.41503966246115, 6.727425722218716, 0.0, 9.649136679517294, 17.77675556026099, 26.69516157204998, 18.818851915583426, 11.269640104808538, 5.454309864436197, 42.0841222842132, 51.13951598030221, 58.87600800537042, 68.72155781960372, 76.51077558527368, 76.69984929684271, 65.87151506145267, 57.28042920273358, 48.89402893395598, 42.91604320509436, 18.014965514139128, 19.318273728714818, 24.038539716948737, 30.912771678679817, 38.558960992244515, 33.26345054274294, 27.50296945567449, 21.339513301497153, 14.853285156309562, 13.094948472478539, 34.69122496525807, 34.63265359160586, 42.50941757724851, 51.443784267305695, 54.301589890207325, 55.5431711737218, 52.53430519753109, 44.75172807572279, 35.078909964459015, 30.84767889089171, 18.633191762584453, 17.143215374211717, 76.87418244028447, 69.89649010992696, 65.39156634165205, 63.19563875691463, 59.656541381569234, 58.18407204913745, 58.73004024097917, 67.03069867710951, 72.38333416889617, 75.54995560355866, 77.61569883017386, 79.17483096470882, 75.0648425617883, 68.5901765753357, 65.33363491030974, 62.85072769192329, 60.799378245484085, 64.19770292063075, 67.9674115460405, 70.73671050826542, 90.7732367100971, 94.03377949582155, 99.6318074850698, 103.53622920195438, 112.48574442381445, 113.84245502278951, 122.21654215924622, 104.69284105441152, 103.66689173462187, 94.80995199581182, 80.78024951962962, 69.90942756153392, 64.80714139620969, 55.92559736174001, 56.33825581736979], [56.265632364423716, 63.50709498349426, 70.9627750446402, 78.39892173883192, 71.59820853508306, 64.16779681197485, 57.01656325908822, 15.96849499247052, 9.649136679517294, 0.0, 8.381082504619435, 19.26734568021532, 12.12910515789619, 8.406448018446616, 11.317636417799788, 49.893344640995416, 59.17288600530064, 67.20859254596152, 77.23909244650035, 85.2769211244716, 85.67024419452379, 74.67621326601436, 66.02671162423259, 57.59304340247211, 51.48424558787746, 19.753803529001242, 16.1814387238575, 17.180696770297704, 22.70525093848423, 30.733640606911283, 24.702064113480745, 18.626623454589883, 13.723447581048868, 10.773199456865637, 14.903143918512697, 43.24746785492599, 43.23703135957551, 50.29820147829261, 59.89127336402595, 61.966493646574946, 61.45538766112238, 57.505558587274415, 49.13947193548418, 39.170781257275785, 36.32447093123841, 26.468339822668916, 24.466101689275245, 84.48317299416736, 77.00749718843602, 71.71812513891443, 68.60551529414924, 64.156540848324, 61.5645534461674, 61.06272338616609, 70.08125829454274, 76.39299788502605, 80.50530905700504, 83.69826088345931, 86.00020908752079, 82.33627226851246, 74.82631283780844, 70.57621499785391, 67.18412930192312, 63.93886695449126, 68.26994445683974, 73.1461149666575, 77.01542638837755, 99.18105379737928, 103.06958148832143, 108.67467200786585, 112.19767171468067, 120.81200243870244, 121.37046402545435, 128.6719091582862, 108.97151668117422, 105.8754457352124, 95.20234808759494, 79.30687570922565, 67.55065394354595, 60.90941436906414, 50.455150183249806, 49.66120903236888], [64.53165619443048, 71.78819494826465, 79.21786595446, 86.50549319532611, 79.77803492617376, 72.36276970558608, 65.17270625874364, 23.72024276786344, 17.77675556026099, 8.381082504619435, 0.0, 12.598946375819448, 8.546406270692142, 11.80397425285446, 18.205617945981015, 58.053328930047016, 67.32668592342223, 75.36626971907607, 85.29337653870058, 93.24137882112562, 93.69326981176945, 82.90115735428698, 74.30995475149919, 65.90995086153261, 59.81152572687968, 26.243539337443416, 20.053540051421272, 16.431512994023283, 17.76079765195699, 24.39870781913194, 17.615645929611638, 13.113645635989178, 12.851936868091519, 15.336148024924775, 21.939139598679024, 51.59988241747265, 51.31536678033681, 57.62655674030706, 66.92924408758918, 68.48132011468441, 67.046452090888, 62.35758156345854, 53.32157485358032, 43.17562876619746, 42.24991267616403, 34.164287712083954, 32.64561922179307, 90.20063834781651, 82.6028369191384, 76.86910182885674, 73.0651799026027, 67.8996578156909, 64.18294961570001, 62.45821770811961, 72.0893544907089, 79.27774332420944, 84.17273917531392, 88.29267322257095, 91.09022825400663, 87.82382176277385, 79.74584798877892, 74.78264067549192, 70.6088277075639, 66.13593482082332, 71.37701357179193, 77.19283709057267, 81.89134082164942, 106.59916529620311, 110.25357778201014, 115.41384294399597, 118.34277039012777, 126.5451548991722, 126.33523996110617, 132.51224699987088, 111.40728322155165, 106.12556549685533, 93.81601044339523, 76.36733753428382, 63.89653637464905, 56.01263301088218, 44.67234063137031, 43.99165164204818], [72.40460982072231, 79.73977994939486, 86.90000539999184, 93.24267139783453, 86.84649869028095, 79.5823454926565, 72.28745994003161, 31.28270714491436, 26.69516157204998, 19.26734568021532, 12.598946375819448, 0.0, 10.706507413124417, 18.42651029095431, 25.269367805541084, 68.4225048120367, 77.29385594549103, 84.75449225569515, 93.86830574754507, 100.90660342853681, 101.16155494752581, 91.58000297056404, 83.3732061180393, 75.22405294691876, 69.42777850672256, 38.38932953841791, 32.20778629237562, 26.539112165936636, 21.6326418498774, 20.342779546400486, 14.682300650958794, 18.74239161364926, 23.88483401489615, 27.720661689547928, 33.91098305653279, 61.37783047847697, 60.29849486466557, 65.65867075823785, 72.54891372661761, 73.869552282157, 72.923075643094, 67.54564581287663, 57.07268066300721, 46.48770345831289, 49.53252593842297, 42.9974072593483, 43.2752664538491, 92.5185042465027, 85.71772429829502, 80.14252203687272, 75.82541798089483, 69.99876876559532, 64.49221813510236, 60.34975119743308, 70.88519650232534, 79.29609305422602, 84.97450540905204, 89.98134362064842, 92.87199952115839, 90.07533727269954, 82.32462574657792, 76.95978189040993, 71.87856632028765, 65.34881067294074, 72.02910896404386, 78.9056276397479, 84.1923544575192, 112.82989628307332, 114.20170474176504, 117.6838634007567, 119.21899169400342, 126.66784306453748, 125.49977719594149, 129.8344216574765, 109.00986069776224, 99.98552053416141, 85.56660630026312, 66.37460677582581, 52.801914676245325, 43.735900945453466, 33.04092788535014, 37.98495639299154], [64.93929817834498, 72.28884030378237, 79.53081396760945, 86.16349523364306, 79.28757128676261, 71.85880632134005, 64.59416650185622, 22.979034434942555, 18.818851915583426, 12.12910515789619, 8.546406270692142, 10.706507413124417, 0.0, 8.563863911555634, 16.673781667924402, 60.62470644750278, 69.88057843074796, 77.6861520542137, 87.41937897205938, 94.87461586803451, 94.9414275466204, 84.52896248054228, 75.96295962888374, 67.54914720225644, 61.51715690678112, 31.482701224520838, 27.07325174163021, 24.909576691929352, 25.312898445628445, 28.876952835675272, 22.26225991773039, 20.89469737435319, 21.172963624147755, 21.74963282576021, 26.577775846759373, 52.95961349625701, 50.77512386236838, 55.486332088920854, 63.28627314541507, 64.2775902344396, 62.7310707580281, 57.50842518299789, 47.54735338697591, 37.11807439337526, 38.99217956650497, 33.155042301045924, 34.50320531647344, 84.55178850209217, 77.00957821046342, 71.11394863547541, 66.90524828775331, 61.34225202421221, 56.84106289177371, 54.37613999788793, 64.27809677379354, 71.8984135809943, 77.15963098912495, 81.81166261648272, 84.88219747820133, 81.97674494008018, 73.6598529343587, 68.34065980408786, 63.694619294431405, 58.43342715025024, 64.21043559815561, 70.55060159175136, 75.70169127261796, 108.27529124484357, 109.56948949208106, 112.8414663863447, 114.50554989908913, 121.70668002471763, 120.27321186485652, 125.64745673058871, 103.46487317666582, 97.6796573514505, 85.48381256604935, 68.55992197150218, 56.86552267259538, 50.55642605301298, 43.07754764181068, 47.64248131486211], [56.70533715935089, 64.039894082974, 71.30143158921535, 78.08428247468609, 71.05818422300638, 63.58450963179608, 56.35037002129223, 14.748673514207203, 11.269640104808538, 8.406448018446616, 11.80397425285446, 18.42651029095431, 8.563863911555634, 0.0, 8.519343585419067, 52.60047957720474, 61.8727290155071, 69.68606026249653, 79.56821450553365, 87.1343245621816, 87.1111423985108, 76.4239151488471, 67.77220505543063, 59.31118544116369, 53.2582916317844, 25.822464872790185, 23.88882169177714, 25.157520021485322, 29.041106381769513, 34.72796822737958, 28.425592185191572, 24.665685613526435, 21.382750701531478, 18.31580098209879, 20.638552815012805, 44.594563227014206, 42.241932500880125, 47.40414231070333, 55.61145063689401, 57.02603453937904, 56.24533289801478, 51.71597490919953, 42.404140172993415, 32.0317274717296, 31.893119917173312, 24.694877742056953, 26.45187632615966, 78.41517745259692, 70.83565820135865, 65.28189456941716, 61.73806687179583, 56.894608134940356, 53.67384118878965, 52.73369649703139, 61.92082913574477, 68.55516691207082, 72.99501136529075, 76.70545093589097, 79.34005074928336, 76.02631110557117, 68.12372183982869, 63.479122740397706, 59.65577445863635, 55.82343215375559, 60.5518507076168, 65.90010256397255, 70.24596425364899, 101.209781746388, 102.67732234181094, 106.31055910676126, 108.53812411252144, 116.09701438435569, 115.35028799269814, 121.94540864466249, 100.90004263813404, 97.68403114928574, 87.37282543790843, 72.26591511506722, 61.492941625231865, 56.5488553381102, 49.71091781623333, 53.407024768581245], [48.30081756487654, 55.64978398711063, 62.88236512530391, 69.63063449500854, 62.687697736945076, 55.24132899799789, 47.988454084818756, 6.330977905726097, 5.454309864436197, 11.317636417799788, 18.205617945981015, 25.269367805541084, 16.673781667924402, 8.519343585419067, 0.0, 45.24524468104513, 54.207950353763025, 61.72021316201225, 71.36060687401543, 78.7475179854165, 78.66012521514725, 68.17217879972243, 59.64358228005675, 51.29791521002355, 45.41595813660608, 22.960682068798786, 23.966215323836074, 27.778438560462284, 33.36547473637004, 39.66624054976909, 34.13265201506336, 29.644168398090137, 24.64089621756352, 19.008854562430166, 17.923703763918606, 36.972792978391354, 35.1506074493347, 41.57893222844552, 49.3673218768199, 51.777891392807135, 52.896797913216346, 49.4256429551703, 40.83446535867496, 30.726272771325323, 28.623770521655672, 18.418296941363096, 20.15952510378399, 73.44541853664158, 66.44290996767498, 61.76021025804907, 59.23397913399529, 55.37347744098456, 53.36213546998945, 53.464922455567674, 61.968297489279934, 67.63370399472397, 71.07661576940752, 73.54973170148007, 75.33135792858903, 71.46570993966127, 64.7414518577284, 61.18689320500216, 58.347784266300515, 55.763950828983404, 59.533604776652716, 63.69995658571796, 66.8310704446543, 92.92829390334957, 94.45404230216893, 98.64360598730934, 101.59362885824636, 109.82818178563592, 110.27799866175572, 118.05915038206888, 99.69658431648088, 98.28519462247914, 89.47740423791537, 75.79726342229122, 65.43044536170943, 61.23635949665709, 54.370422438008966, 57.449442569966585], [20.29824315671659, 23.59231881683028, 30.282781562327777, 40.64164701505515, 34.5826028400143, 29.1922829038406, 26.235973420276615, 39.405962608025476, 42.0841222842132, 49.893344640995416, 58.053328930047016, 68.4225048120367, 60.62470644750278, 52.60047957720474, 45.24524468104513, 0.0, 10.1901298664413, 19.583083370494187, 31.944488694440626, 42.48144258480036, 43.27306796448582, 28.584656173189572, 19.41957439501415, 11.70525953221085, 7.060216910352402, 34.985135781029264, 44.35597033748338, 54.217582975193885, 65.02882401972566, 75.34239674875037, 71.46269250376281, 63.127074724933124, 53.93426000382356, 45.57835392856247, 37.3679910189853, 10.79891455316936, 23.013182470617704, 35.527096619913806, 45.92128547526117, 51.89709014783282, 57.628452878847035, 60.534527831687186, 60.73246868290866, 57.19050531017024, 44.06682306312024, 32.98364402422184, 26.82042776563616, 76.14683738760681, 70.83458176653346, 69.82479086364903, 72.15333491251988, 73.3592223719617, 77.96436191578614, 83.84185337142026, 87.81178801026145, 88.03972898463822, 86.79810240277224, 83.45192863010939, 82.06746296249841, 76.18916530550571, 74.05842604369597, 75.40830465547306, 77.65500822682834, 82.10643622006532, 80.38490551267786, 78.49818100001707, 76.15597118280762, 61.536895506262006, 72.7420486327951, 84.98141011521288, 94.68451659203107, 106.6667502206836, 113.78642453386001, 128.38400730886394, 119.06854516829382, 128.02723407424764, 125.52567681411429, 116.63404222938108, 107.84623976158922, 104.61460213664898, 95.09507793643755, 90.41727564275661], [19.069441720463946, 19.164504461598035, 24.25152443262972, 34.65810326157353, 30.101044312625604, 26.629072129889824, 26.05124900044261, 48.18778182330057, 51.13951598030221, 59.17288600530064, 67.32668592342223, 77.29385594549103, 69.88057843074796, 61.8727290155071, 54.207950353763025, 10.1901298664413, 0.0, 9.60406671477354, 22.210845079873888, 33.201673105247465, 34.28881087882334, 19.272092086245486, 11.067594833830073, 7.860248867073993, 10.406195795789017, 44.52107825109141, 53.63277214666243, 63.135101332607235, 73.56612958700875, 83.47056507599115, 80.06601596201195, 72.04026989072513, 63.13283675909966, 55.041067729742316, 46.979720187472054, 19.119669137389327, 30.24484058064418, 41.69501462278722, 49.61408812475438, 56.32701126269734, 63.71827644610408, 67.50815078012546, 68.38455036402733, 65.3995641901867, 52.74857246796286, 42.21982362155823, 36.65290320325532, 78.35520833034327, 74.35580113192015, 74.59750526386337, 77.87460045204479, 79.90176706690987, 85.0524899582421, 91.1264711362409, 94.5659600520878, 94.10614082241088, 92.04932683562382, 87.58101725922755, 85.21757160611874, 79.03126111571598, 78.6434307676228, 81.08242378087363, 84.05257019208179, 89.07582688200183, 86.82455600675056, 84.03000579980001, 80.53034827980218, 52.81081797255519, 66.13072489387392, 80.33138267090496, 91.58734445567876, 104.51962510172928, 113.52247709735659, 129.26242535036116, 123.50652186348665, 133.5291355432842, 131.97428626939586, 123.8888495141005, 115.23459478334601, 112.18661287129382, 102.50997391645704, 97.47785767672578], [20.11342935898317, 16.917851191021096, 19.24429957457223, 28.777838587501964, 26.315771156160352, 25.210633629007145, 26.891531744940544, 55.564121094713606, 58.87600800537042, 67.20859254596152, 75.36626971907607, 84.75449225569515, 77.6861520542137, 69.68606026249653, 61.72021316201225, 19.583083370494187, 9.60406671477354, 0.0, 12.721426276622326, 23.87216380298765, 25.147786697295274, 10.35388029997464, 6.2815445706043525, 11.901500899563679, 17.705868315398316, 53.40541715881855, 62.304138241004864, 71.42991163327738, 81.34536354336211, 90.62202798582331, 87.61622584204171, 80.08265820681103, 71.54376885239205, 63.6230014936243, 55.67555573426056, 27.12659454218968, 37.14852521760467, 47.63573394834358, 52.83344705536351, 60.16378290163134, 69.19834234995855, 73.60119948408669, 74.75988235775678, 72.12613863524223, 60.27789077314562, 50.123186250544, 45.28338097566639, 79.47553210935355, 76.91404440388153, 78.3738067875758, 82.45672312780124, 85.14998256782026, 90.60489924073967, 96.65512156129216, 99.66790572799911, 98.68141166887024, 95.93203551710106, 90.50057456437418, 87.18113104249407, 80.76173181964658, 82.12438590916385, 85.53750733722781, 89.0665787149929, 94.40817619687478, 91.8077882193246, 88.28862465615836, 83.7657491975025, 43.96919907103248, 58.64166084470656, 74.4727950180774, 87.05763070020251, 100.83117096635885, 111.6016106340571, 128.24461576261632, 126.18634990592813, 136.91022907016898, 136.2309677874413, 129.00385861915376, 120.56890775501651, 117.85231835302584, 108.39774196522428, 103.64819604113183], [26.742363213670423, 21.364224593042664, 19.3892145158028, 25.101447609757212, 26.64542585473991, 28.70384038660773, 32.315784505250896, 65.177333270157, 68.72155781960372, 77.23909244650035, 85.29337653870058, 93.86830574754507, 87.41937897205938, 79.56821450553365, 71.36060687401543, 31.944488694440626, 22.210845079873888, 12.721426276622326, 0.0, 11.572663671488986, 13.805305714312308, 7.4330798721037565, 14.866726852321056, 22.92304014004395, 29.231013765407642, 64.56504848251751, 73.07313894972214, 81.59063279601396, 90.71368142541652, 99.07411260922008, 96.6627000504586, 89.8433226153971, 81.8844405944991, 74.29944347379009, 66.60882974263058, 38.530829215483884, 47.76370024678586, 57.46847667393096, 59.60316501432314, 67.51279065218206, 78.28384342261145, 83.09854975083995, 84.1693080007004, 81.62051018396602, 70.93351299013551, 60.8233856990876, 56.49462545273033, 83.0665568753307, 82.40869946642353, 85.2502523698129, 90.09279409503642, 93.35309773780959, 98.8452156527573, 104.53577231078897, 107.26364800631717, 105.90788490550952, 102.51582718578818, 96.14008961634887, 91.69473823351245, 85.08142744351856, 88.54547806443314, 92.94550772112049, 96.91120153160867, 102.27021538281306, 99.53079587475497, 95.41418651782577, 89.86132992659188, 31.76988032052677, 49.076188282952955, 67.5947591258152, 82.03207570590455, 97.0466885838391, 110.28655639370898, 127.79603141480938, 130.8328146815574, 141.75014916540437, 141.81318405371223, 135.38391085932483, 127.04136160384577, 124.52849487288958, 115.14260792420922, 110.62954899249962], [33.01953925111926, 26.99428590399542, 22.405891764019497, 22.98189960005889, 28.02007983898024, 32.2925268831121, 36.974942979939954, 72.5810529835594, 76.51077558527368, 85.2769211244716, 93.24137882112562, 100.90660342853681, 94.87461586803451, 87.1343245621816, 78.7475179854165, 42.48144258480036, 33.201673105247465, 23.87216380298765, 11.572663671488986, 0.0, 4.373822999947874, 15.625951902195558, 24.40922060472404, 32.464674451956995, 38.839582215154344, 74.1353782674621, 82.39101986137524, 90.44256809487577, 98.82090012305812, 106.20192076801526, 104.15603304057689, 98.11572523585632, 90.69354771717143, 83.27299448051079, 75.76062926482966, 47.75662213372349, 55.859601942413526, 64.64502667498824, 63.856109962812994, 72.12211928281543, 84.41745095403192, 89.50041023035453, 90.39655943949356, 88.01438266377221, 78.65863665670356, 68.94200596089752, 65.53888697626886, 83.83049178518, 84.97532296954421, 89.05481810395096, 94.51927589276275, 98.2587453376011, 103.70727406223958, 109.01265314918751, 111.39089243141143, 109.69450697699254, 105.7433456329961, 98.59346939420242, 93.15857298767484, 86.47300158823882, 91.84566354603689, 97.09903497876829, 101.40994159696535, 106.71910388989618, 103.87168610555523, 99.25548011244682, 92.82931813117348, 21.464441506801176, 38.912188163091706, 59.24244677542877, 75.00771576650811, 90.88853941062688, 106.12164423334228, 124.20263695813432, 131.89154677976197, 142.94296823292487, 143.88003092167804, 138.5281126534979, 130.59511182368348, 128.65643516669368, 120.06996343282164, 116.70242346006218], [32.053265503009534, 25.67866080529366, 20.1821289067826, 19.274664993980938, 25.045294144978094, 30.02726389314233, 35.23028319006711, 72.4566550148984, 76.69984929684271, 85.67024419452379, 93.69326981176945, 101.16155494752581, 94.9414275466204, 87.1111423985108, 78.66012521514725, 43.27306796448582, 34.28881087882334, 25.147786697295274, 13.805305714312308, 4.373822999947874, 0.0, 15.858623288589905, 24.597050494362037, 32.62054768437204, 39.0388403878011, 75.08922322241317, 83.46977970609952, 91.62153104631902, 99.98721638232531, 107.21927126938093, 105.01079677716051, 99.10536787545965, 91.67843455535564, 84.08782554379941, 76.48662855843207, 47.74374524831656, 54.95461891409255, 63.05133475617916, 61.267149035117384, 69.54173088690753, 82.25139532173668, 87.50552653085971, 88.57640521442404, 86.53307176175593, 77.56028059625439, 68.46862516221445, 65.78170498105985, 80.24831416090754, 81.76438169817597, 86.18305199208197, 91.8756499469658, 95.85306482705258, 101.45919579965987, 106.87808595729734, 108.93711903831509, 106.9653882433753, 102.77151147221865, 95.35589473578806, 89.70195762530504, 83.0230211440571, 88.84990430950265, 94.39051048355525, 98.90122715697859, 104.41034890073327, 101.34951386318532, 96.4621924527245, 89.74667007020079, 22.569364553279875, 36.26675730508605, 55.653823723598975, 71.23417164597312, 86.90450786152671, 102.08932533373745, 120.34868076260402, 128.49178584031836, 140.0797273622509, 141.60416700210973, 136.92559042357087, 129.46374694102923, 128.08724111967172, 120.37062250428659, 117.99325260419447], [21.761682822770506, 15.598327135630054, 13.401052462393766, 20.705041493074145, 20.720838564539857, 22.64166829332196, 26.818687854056353, 61.88743216240864, 65.87151506145267, 74.67621326601436, 82.90115735428698, 91.58000297056404, 84.52896248054228, 76.4239151488471, 68.17217879972243, 28.584656173189572, 19.272092086245486, 10.35388029997464, 7.4330798721037565, 15.625951902195558, 15.858623288589905, 0.0, 9.511960980108247, 18.265796725427336, 24.893084638686723, 62.289064825295256, 71.19479562761485, 80.15920026795149, 89.63743696162375, 98.20253176802215, 95.29698879310169, 88.3378294712171, 80.08856569024007, 72.07240406301104, 64.09499355568082, 34.111850917271134, 42.08576992076406, 50.93314537534643, 52.88844846961423, 60.64059496520866, 71.3838770892358, 76.45922394413783, 78.06061415969793, 76.13195083940795, 65.34840136085641, 56.31307193885803, 52.974539247570675, 76.63153566812453, 75.61123169387874, 78.40246858832626, 83.37224073475825, 86.86571439603821, 92.7527955309666, 98.9335801841833, 101.2151086815933, 99.47925977718536, 95.9006413624016, 89.4116450960378, 85.10529788667255, 78.53750312685048, 81.77428641829269, 86.27567472147227, 90.47739837664322, 96.31593898002983, 93.17896980142044, 88.77158671551405, 83.12099916811015, 36.89942198725243, 49.99742978379086, 66.13248736849586, 79.50962147764446, 93.63052537427713, 105.72400599383154, 123.24525819751214, 124.66693350021274, 136.59058690997037, 137.32069416547586, 131.6045218644498, 123.93561538145714, 122.1821232580737, 114.01326336583689, 110.76856421217606], [15.122111575805182, 11.116925521638656, 13.881256566245938, 24.039993878468977, 20.5270386432986, 19.14500135949791, 21.302572261908043, 53.37110454413042, 57.28042920273358, 66.02671162423259, 74.30995475149919, 83.3732061180393, 75.96295962888374, 67.77220505543063, 59.64358228005675, 19.41957439501415, 11.067594833830073, 6.2815445706043525, 14.866726852321056, 24.40922060472404, 24.597050494362037, 9.511960980108247, 0.0, 8.832493234769789, 15.452196197205726, 53.35716511717628, 62.461549905840194, 71.72469587186275, 81.56700545435864, 90.55536324911886, 87.27124003920255, 79.99576315677355, 71.47838928989653, 63.25259807892499, 55.14137046153816, 24.717243738592177, 33.20850977743764, 42.936187318231156, 46.99166694591157, 54.46305883720452, 64.1502999387242, 68.77654325082794, 70.1085467212888, 67.89844834899952, 56.51827442406142, 47.245564885391325, 43.7471014479309, 73.24132056128106, 70.85167374114003, 72.59122065276131, 76.91828707692925, 79.8769740925797, 85.54225009773958, 91.77677094464723, 94.42959459641847, 93.14680160028954, 90.15660318862597, 84.4893194167125, 81.01928540006149, 74.58060267879829, 76.25369831875442, 79.95080048549775, 83.70358627777077, 89.30204959179848, 86.4463416489193, 82.63499981719082, 77.83345289774928, 45.00068253127312, 56.27957270425585, 70.39574918189624, 82.24978056318879, 95.50711317787713, 105.7313363602737, 122.38243516476284, 120.1893333392437, 131.49233787875622, 131.469116444901, 125.05488179620718, 117.24889426394303, 115.33225411789459, 107.18871583170078, 104.0480618235403], [11.537594645352254, 12.358867679890784, 18.626970768424428, 29.054157727942727, 23.459937653285063, 19.118389850408246, 18.25298090743301, 45.06014834269213, 48.89402893395598, 57.59304340247211, 65.90995086153261, 75.22405294691876, 67.54914720225644, 59.31118544116369, 51.29791521002355, 11.70525953221085, 7.860248867073993, 11.901500899563679, 22.92304014004395, 32.464674451956995, 32.62054768437204, 18.265796725427336, 8.832493234769789, 0.0, 6.642188587014144, 44.967721253607884, 54.198482164122176, 63.64977176459248, 73.7032299441811, 82.94575614778495, 79.33785635300164, 71.88338549317686, 63.20930372698725, 54.813391410319234, 46.614705150159224, 15.91122253837523, 25.36514465595954, 36.389905312635285, 42.52243112438714, 49.65243179958326, 58.267004256625, 62.23588302661945, 62.965920410444426, 60.239709180407814, 48.47943126081523, 38.65107273809502, 34.964831048775196, 70.77073100087027, 67.1856482087205, 67.87063895592374, 71.44800644018144, 73.74220220179089, 78.97197491187758, 85.0385700089264, 88.19510496516487, 87.51958057282096, 85.21368625106581, 80.47329486803157, 77.81599962870993, 71.55691073882996, 71.73522657980996, 74.5477328035601, 77.71502245720762, 82.83798451105565, 80.43835362084464, 77.37709328916591, 73.51511531923121, 52.202566341099136, 61.86783116361863, 74.26146192163031, 84.70865331889858, 97.205452132674, 105.77157019129226, 121.4304638191635, 116.13458465575704, 126.4445841374869, 125.53727188767685, 118.35590076253763, 110.3514285105193, 108.23025238965074, 100.1179711853495, 97.21487889482806], [13.442971031341767, 17.0976348546501, 24.146319998907188, 34.291329084355255, 27.86489172224922, 22.190481430933442, 19.261529459816863, 39.25575896971261, 42.91604320509436, 51.48424558787746, 59.81152572687968, 69.42777850672256, 61.51715690678112, 53.2582916317844, 45.41595813660608, 7.060216910352402, 10.406195795789017, 17.705868315398316, 29.231013765407642, 38.839582215154344, 39.0388403878011, 24.893084638686723, 15.452196197205726, 6.642188587014144, 0.0, 38.68831139590455, 48.03792956943014, 57.68206174756979, 67.97235147345353, 77.50913955049927, 73.61975999542466, 65.94127804103167, 57.09124239820412, 48.55528991331974, 40.27794381599495, 9.455102577774658, 20.32007030826232, 32.4917559123339, 40.65073447330561, 47.27517646043402, 54.680425233194455, 58.03260963384255, 58.2776988972036, 55.10474387258045, 42.902032887832995, 32.525529597335094, 28.45217442739695, 70.18433870049016, 65.60991135173379, 65.36246547101942, 68.25351646889781, 69.95054863218611, 74.79940032845857, 80.7330312905378, 84.30996776014612, 84.14555274726027, 82.4333545331595, 78.50107269405282, 76.55784249779063, 70.50709198195239, 69.39043529981365, 71.40668129623673, 74.05323571598322, 78.76930169097486, 76.75837957886989, 74.35656809319477, 71.33597773607264, 58.07252535591499, 66.98277667258739, 78.2878323992579, 87.74980758418393, 99.64560092825869, 106.96088240289826, 121.82776009222717, 114.02969717961504, 123.54884764733305, 121.89789480193672, 114.0413440261363, 105.84988086016423, 103.49578663951323, 95.30868311894122, 92.43110932214935], [47.35356438406998, 53.817508430919595, 61.4186528716767, 70.4771403197409, 63.67861331551852, 56.52361902405161, 50.21552674396815, 21.667192759731336, 18.014965514139128, 19.753803529001242, 26.243539337443416, 38.38932953841791, 31.482701224520838, 25.822464872790185, 22.960682068798786, 34.985135781029264, 44.52107825109141, 53.40541715881855, 64.56504848251751, 74.1353782674621, 75.08922322241317, 62.289064825295256, 53.35716511717628, 44.967721253607884, 38.68831139590455, 0.0, 9.698186938181847, 20.25527902209456, 32.11560063533268, 44.066786576296465, 39.151998651206185, 29.443084982782796, 19.516957468506252, 11.403498509143585, 5.216258142267692, 31.351554134554462, 35.311349440965834, 45.200189099380864, 58.40279913196869, 61.39793521665474, 61.12748048895399, 59.26146159539101, 54.475349209487305, 46.79668482115879, 36.93489081201338, 24.16414791697227, 14.675105066368452, 87.34460553103914, 79.49496928989228, 74.