{
	"dissimilarities": [[0.0, 7.363959401531358, 14.787867450657178, 23.54920780370087, 16.816057594123098, 10.556377873754663, 6.894420369059099, 40.95967594765698, 46.89155956428734, 56.22764733482985, 64.53020714341937, 72.67352965890282, 64.95149292379567, 56.684774847157726, 48.30661945825336, 18.209648223143493, 16.773781247099773, 18.15834813841598, 25.332599525415787, 31.95910757684241, 31.40593058078791, 20.58001060791046, 13.231954091865758, 8.718779763170302, 10.966973036147893, 46.50585543154113, 55.40128305202203, 64.29045179234375, 73.39309631058147, 81.41565209475353, 77.98195457794395, 71.5304997406387, 63.518722343549264, 55.145873100431814, 47.12840748096027, 17.121592057741037, 24.29413449832109, 34.22492321461135, 37.36053862631709, 44.59923130306101, 53.48085657598992, 58.29656707157638, 58.91365432153756, 56.397207364325, 46.74326668632253, 37.066443107961945, 35.01162955808462, 59.13509831546322, 57.22394644244756, 58.529038943387526, 62.782830761988244, 65.39733502483577, 69.32903173526773, 78.52381230495449, 83.66023224354126, 82.9178180484157, 80.52542100355896, 75.64623221790222, 68.6171243621036, 60.061346890451844, 62.31076778969815, 66.0794709232235, 68.62605761621613, 78.00648227081287, 75.84864864214273, 72.60158358384176, 68.67174770272305, 50.952043091197886, 59.51823327907055, 69.31811144276446, 79.20022167707656, 90.13059279940612, 99.64015859734165, 111.6229104110655, 109.50139878570828, 117.59552692865944, 120.8761363048385, 115.2674119286341, 107.2359389245112, 103.78116306337364, 98.69748674309987, 95.25888956074758], [7.363959401531358, 0.0, 7.775105244168204, 17.768552460120265, 11.834575959838569, 8.665583582829317, 10.749633209638876, 48.304976046999734, 54.18359833645007, 63.49967472928766, 71.8290946496874, 80.01696034106136, 72.30547958309182, 64.03352717785471, 55.665509770251404, 21.94912187831179, 17.035929852503916, 14.704012901761512, 19.679310064795004, 25.759662741761577, 24.939840024122706, 14.061324964110208, 8.650040487238021, 10.042152326004123, 15.406943754529287, 53.132126326340284, 62.14127862961076, 71.13789091540754, 80.36038583796433, 88.45979285943379, 85.1471596224561, 78.60288696840242, 70.49919160249812, 62.13705997678565, 54.05615194747912, 23.210966765906004, 29.839542840739252, 38.4780348979595, 40.34918024413469, 47.73305707098238, 57.323164272528665, 62.806249233807655, 64.31911017022917, 62.528885147748724, 52.72048438495032, 43.93763467905333, 41.93864557656448, 60.248633480626246, 59.46451742845753, 61.666805873505645, 66.74505108231706, 70.05672454228731, 74.56623192037384, 84.35833027013544, 88.5389231494038, 87.0851659829663, 84.01671072879513, 78.28108747592866, 70.3742112880979, 61.42319938626933, 65.13933308463984, 69.92821340996524, 73.14843912841032, 83.62805805495756, 80.38257620852671, 76.34886715868574, 71.5667741004287, 45.95914498112502, 55.5004731727145, 66.5663431139209, 77.43480922666383, 88.89346980504645, 99.60662870905503, 112.57143156053773, 112.46553723412589, 122.03336850331505, 126.19568310314511, 121.36779481163754, 113.72816242194484, 110.59653053358012, 105.58658209358504, 101.95552922004673], [14.787867450657178, 7.775105244168204, 0.0, 10.825854505688412, 7.524747734382131, 10.376980629611149, 15.91948898787982, 55.61107538833453, 61.64050734464743, 70.97647910094851, 79.24378221619024, 87.1043964069586, 79.5706901387443, 71.3129394749574, 62.90014508542683, 29.13365975250492, 22.70310723883755, 17.336950760589268, 17.343590581197255, 20.587778281123, 18.825624421822642, 11.326975932404068, 11.85467992495862, 17.089796000130423, 22.971560409078627, 60.890588763479315, 69.86003988812375, 78.75655894601722, 87.7911217885289, 95.57545231123993, 92.41194776407937, 86.11139006990275, 78.14044003946147, 69.82610810137908, 61.78166526939657, 30.866655323999147, 36.4485046876212, 43.60757223508849, 43.238455244495185, 50.662076199502216, 61.250874916005024, 67.33800872102549, 69.41147910027397, 68.27773731746545, 59.044317666889754, 51.124840980987024, 49.62487081394742, 60.078571726294896, 60.92226359596302, 64.26139758558071, 70.17378317815536, 74.1526910870079, 79.10283498221209, 89.09299712070852, 92.22368771743439, 90.15349443556782, 86.40771428055261, 79.7440747694025, 70.7318859211537, 61.50879711417129, 67.10268414134471, 73.06713976626996, 76.96875906220453, 88.13069670120376, 83.80858345705447, 79.0256395193414, 73.32942580759277, 40.8884985652742, 49.70632749661969, 61.450019116420464, 73.14964815037261, 85.12522739265859, 97.1231209809352, 111.07532241170266, 113.85693881320204, 124.56142542792685, 129.57975042399423, 125.73320526298131, 118.67203487693008, 116.13839539405676, 111.62773128429511, 108.57988615725168], [23.54920780370087, 17.768552460120265, 10.825854505688412, 0.0, 8.639995136732137, 15.646554512874811, 21.999709738510028, 62.66238784605736, 69.0746710093987, 78.41209456893691, 86.4270053773313, 93.32480248738811, 86.2743222566234, 78.1223921070787, 69.66913995794296, 39.66797314617143, 33.44417219798705, 27.32313909295381, 23.284068164557716, 20.842375590507768, 17.22561630162976, 18.923364059357866, 22.462470613293746, 27.64369310564075, 33.1386690223426, 69.96216364133552, 78.67087928673153, 87.15270189380381, 95.51082647278736, 102.33536961473553, 99.36950597376418, 93.86330719888166, 86.38929839728618, 78.2015751696352, 70.36383593904917, 40.22841880990389, 44.138368546125776, 49.48353018793426, 45.32810115927431, 52.613725739146616, 64.69349481898017, 71.2867799265791, 73.4111384292884, 72.89714488023017, 65.42517240167116, 58.5099570327585, 58.16070756623603, 56.89759798771737, 60.347178276828465, 65.27289762739294, 72.04985106049288, 76.66333986078992, 81.83299998158441, 91.32979718405646, 93.16215943721944, 90.62022545056077, 86.18379476427576, 78.45218879570757, 67.8826574504969, 58.604250800127176, 66.89017756117218, 74.33175805761441, 78.94613945477462, 90.08872402142553, 84.65134972755777, 79.16227192422947, 72.41798407455987, 36.979347206058435, 40.40030944817053, 51.20588784616923, 63.43988863983881, 75.97702958482806, 89.4401305064523, 104.41155343941104, 111.73205669706292, 122.95126486770333, 128.8112905736633, 126.37494086015867, 120.29747555363033, 118.89685185017171, 115.69366841255707, 114.58770905870911], [16.816057594123098, 11.834575959838569, 7.524747734382131, 8.639995136732137, 0.0, 7.548900658342516, 14.699956524925984, 55.575795828253966, 62.13527391977218, 71.53062402791343, 79.62295948429842, 86.86643932369378, 79.34880131581325, 71.0829119667818, 62.71423132521086, 33.22487255060904, 28.43790245007098, 24.41664668888834, 24.603998026307455, 25.96164799656826, 23.237781002441736, 18.66536235312966, 18.45023694155178, 21.598717625212497, 26.331643876330965, 62.98699237882077, 71.88259731825913, 80.67370450011117, 89.39969672181638, 96.66054703665212, 93.28004734749582, 87.44420862519577, 79.69828745308165, 71.27263361225376, 63.306913598588814, 32.62685872193813, 35.634225688148106, 40.94496557523728, 37.948628205717505, 45.34129137894416, 56.853310960061044, 63.28738581194611, 65.52304750633876, 65.02903115195936, 56.99880062265722, 50.47763639566786, 50.62716251425594, 52.861890359759215, 54.49104265924254, 58.52134470442685, 64.8999132502181, 69.28687584307936, 74.48330991443946, 84.56585843171251, 86.75762631417807, 84.30849273309357, 80.20534753205683, 73.10703683542529, 63.62085039686487, 54.35810672349747, 60.833909099100495, 67.49510928842246, 71.81932959451608, 83.37749359139914, 78.20110114648564, 72.98773316002134, 66.82530370005783, 44.26549472046159, 48.09786867413322, 56.601610939574165, 67.25468118029842, 78.43824686058518, 89.85928677280556, 103.75563923923761, 107.02988141580994, 118.38084544277291, 124.27142815334402, 121.55829808777298, 115.48804032503222, 113.92371187947198, 111.00576021231392, 109.91763500919237], [10.556377873754663, 8.665583582829317, 10.376980629611149, 15.646554512874811, 7.548900658342516, 0.0, 7.416494700918619, 48.105951674571024, 54.6960951450328, 64.0979422388544, 72.20364931856581, 79.5910140300762, 71.91957329919674, 63.626282596520085, 55.28256158189678, 27.675131607845156, 24.822223329576442, 23.27254459006247, 26.78455145918462, 30.4261642633151, 28.461013372848587, 20.82462819751349, 17.035070361194695, 16.980498260894493, 20.404333936960008, 55.790767394363954, 64.65844827221075, 73.47181255423777, 82.2564943880274, 89.65703742112072, 86.09935530009896, 80.17248674438358, 72.38734531895754, 63.909802937947845, 55.95594230352824, 25.64885385693103, 28.603653829589497, 34.96048661574164, 33.599914072811764, 41.093842998169244, 51.902749280503556, 57.813390197373806, 59.449602239782, 58.381013595017095, 50.07352870632507, 42.99013093519131, 43.19233268787702, 51.786232215426445, 51.75918262621807, 54.70563404381059, 60.311554270112275, 64.08289464218942, 68.87065610836477, 78.7565607574317, 81.90333140851077, 80.05984637922283, 76.61253433907756, 70.4145925742913, 62.00091119665071, 53.00669304048304, 57.60341939868734, 63.16497005634894, 66.85923346925973, 77.76402574310416, 73.56462779961063, 69.06672417421916, 63.78467602820822, 49.0130516285685, 53.3994659308024, 61.04080632240389, 70.689508515013, 81.24732574565105, 91.23271616269378, 104.06095430266642, 104.4530327070129, 114.64434451764978, 119.76008834386269, 116.2129026496917, 109.70954976263982, 107.72804574459656, 104.62435576462605, 103.40387560296278], [6.894420369059099, 10.749633209638876, 15.91948898787982, 21.999709738510028, 14.699956524925984, 7.416494700918619, 0.0, 40.9061251768875, 47.46654235418507, 56.855733542787725, 64.92547822111517, 72.26140861683184, 64.69508256296487, 56.43605202978325, 48.04375727484757, 24.070337880552614, 23.544930409884444, 24.323749300983472, 29.813617450222388, 34.61080429594786, 33.24904341422108, 24.639504534110706, 18.753733141239213, 15.3542857488807, 16.695043361645336, 49.15940983303873, 57.80803021125004, 66.39995475012444, 74.98111604195341, 82.26235679137005, 78.70687816136204, 72.90311976592668, 65.27646957741396, 56.892326614583325, 49.07175831488068, 20.307247367753074, 24.00325748509752, 32.093834142978714, 32.37759546871117, 39.75918329896808, 49.7493986970958, 54.854274863251355, 55.34587801338823, 53.27427719875709, 45.1066315408798, 36.68879238792775, 36.57925502801067, 52.74685752949791, 51.525364643961936, 53.43402025363618, 58.05515053374128, 60.965189793290236, 65.01498916214749, 74.05202672025393, 78.484192157054, 77.56520426821807, 74.93569223906184, 69.7223780658095, 62.23095284082712, 53.68992095496108, 56.68175489514136, 61.04850855248896, 63.91791503686913, 73.34548516656598, 70.56962720092764, 67.04585086705258, 62.75991156694714, 52.38764059725806, 57.13245829024863, 64.49882821737259, 73.47193128183608, 83.8349931926371, 92.87271100990282, 104.73473653563242, 103.37232476516685, 111.612108020136, 115.46772802789566, 110.78476695572378, 103.58605416705912, 101.05852849096263, 97.48836047934103, 96.12076465456884], [40.95967594765698, 48.304976046999734, 55.61107538833453, 62.66238784605736, 55.575795828253966, 48.105951674571024, 40.9061251768875, 0.0, 7.555577074690853, 16.472074833792252, 24.279149539145845, 32.58622475523764, 24.053965603329548, 15.731102832768082, 7.54038734068642, 37.22176651565593, 46.19333195137604, 53.75565154525906, 63.489921785371465, 70.98532037564868, 71.06048721692972, 60.35284116647196, 51.72814554005608, 43.2732153692811, 37.300135896470046, 19.301421152425693, 23.474356301606186, 29.79339052993244, 37.239101311209765, 44.72995194873283, 39.75508863656191, 34.005593694695506, 27.28812396106121, 19.68747371583594, 15.018774461187503, 28.969423959705534, 28.64839443712525, 36.53112408358228, 45.46627080169862, 48.28383819417884, 48.81023308843749, 47.36191929145816, 41.1271579027151, 32.701697712392246, 27.52944574708372, 13.904597752400534, 12.93626006814245, 69.48059148861515, 61.78872370850909, 57.333117114684974, 55.08917206650182, 52.10176896683149, 50.8219546666119, 54.11356241981595, 66.1472208220472, 70.40088600184315, 72.86190154966184, 74.17792613676032, 73.70457490662113, 68.9569406839714, 62.26723218278729, 58.51331601028095, 55.752330686321365, 55.483108488110275, 62.00086417124365, 64.71884868360503, 67.0304523629848, 86.21955486647532, 91.58474313492391, 95.99983605653445, 100.91882805167623, 108.33429821184443, 111.0351799569768, 116.89713209493189, 102.21763762415671, 100.86958519586085, 98.11159271850995, 86.98243778926197, 76.21842987208457, 69.95589398982709, 64.24662142820321, 61.97260001334056], [46.89155956428734, 54.18359833645007, 61.64050734464743, 69.0746710093987, 62.13527391977218, 54.6960951450328, 47.46654235418507, 7.555577074690853, 0.0, 9.406736690850128, 17.717786803020967, 27.39519703066999, 18.89597558587958, 11.308372923690923, 5.883222030750327, 41.13027620679945, 50.339351227717984, 58.24763861700994, 68.18051323954471, 76.04530377585061, 76.44429013435607, 65.5258438751689, 56.86698854158587, 48.39156161551036, 42.28364947697646, 15.570694521773138, 17.042303945256585, 22.356561971026537, 29.865550011398163, 38.12660067952492, 32.99891550571469, 26.575783504430362, 19.774311973838206, 12.677006851428969, 10.428468505781854, 34.111677974367446, 34.8683047502328, 42.849595286418506, 52.692109391036404, 55.20733121835984, 54.65994161560548, 52.466568315631704, 45.79366873381098, 36.862365546630535, 32.02441918268455, 19.38845764294685, 15.979056649757425, 76.73867376145083, 68.69004537956437, 63.73941037952659, 60.8266848386861, 57.18083955809512, 55.15725505647207, 57.22964163547498, 70.34373630642212, 75.29092770577022, 78.38637741156982, 80.42793476775282, 80.59776144519756, 76.14433145013655, 68.8095965772078, 64.26044688736332, 60.845542421021214, 58.9973964888173, 66.93497414065935, 70.41642934718253, 73.40435105544425, 90.89365774040508, 97.49925046540703, 102.69505580866671, 107.74440417526665, 115.31295078736268, 117.85082214615008, 123.23445002112386, 107.43315939203694, 104.5109194208485, 100.28053834031188, 87.57459265964691, 75.6467938858387, 67.97952392347521, 60.369856496659395, 55.96785110080727], [56.22764733482985, 63.49967472928766, 70.97647910094851, 78.41209456893691, 71.53062402791343, 64.0979422388544, 56.855733542787725, 16.472074833792252, 9.406736690850128, 0.0, 8.532294127708791, 19.634999423102663, 11.373414223679402, 7.430974026317142, 10.767554707134764, 49.62861905081052, 58.949987676729926, 67.02260630197037, 77.00216511318145, 84.95823766560176, 85.4892052108659, 74.5891541307594, 65.93793714337345, 57.47206624030163, 51.311538666156416, 18.9572931888023, 15.184353923030578, 16.22758419878375, 21.9582030979949, 30.2328982699677, 24.44137082162377, 18.011613786859936, 12.77268442361507, 9.658773998019988, 14.048365467727342, 43.13249467983392, 43.54038168080672, 50.554341020152094, 60.552311243004134, 62.36745088555096, 60.434255782632206, 57.14666824658782, 49.589618033738404, 40.160912906759336, 37.201372550892394, 27.047830526813314, 24.240633447555304, 83.89211482775984, 75.3219214881826, 69.67407913724574, 65.71914606139742, 61.101983276677146, 57.92196875265007, 58.0331820222123, 72.40751661575788, 78.37285051756726, 82.42294019078163, 85.61079514215525, 86.8813902091288, 83.12361420431586, 74.71487514292842, 68.99138415383872, 64.62441027224845, 60.297309904806845, 70.1398747221415, 74.7797468724261, 78.83878348293564, 99.28127214139629, 105.95335824491752, 110.86115220007719, 115.38218633155286, 122.53929324758768, 124.15803907132151, 128.46329025955467, 110.65075089664374, 105.43532698654813, 99.43047252222537, 85.04604111531133, 72.1438313423865, 63.17617157591556, 54.42750408801841, 49.14488448779602], [64.53020714341937, 71.8290946496874, 79.24378221619024, 86.4270053773313, 79.62295948429842, 72.20364931856581, 64.92547822111517, 24.279149539145845, 17.717786803020967, 8.532294127708791, 0.0, 12.333739848052497, 6.35823710106292, 10.435143940330388, 17.480041984583618, 58.129965261013815, 67.43132921964241, 75.46183481082852, 85.3018577542831, 93.09482083975887, 93.61870095164802, 82.98326472724584, 74.39492500522515, 65.95790523214835, 59.826690949048114, 26.29106971787538, 20.169249796400955, 16.556370939655647, 17.638204297420444, 24.013789347173386, 17.457866391968807, 13.11196896499885, 12.93297949829586, 15.325934881628752, 21.860978925258674, 51.629821542972905, 51.49405058849974, 57.58864680629378, 67.05564954662266, 68.28245188966076, 65.51138851895551, 61.40196781418697, 53.00020290399851, 43.3387715117369, 42.64256271204171, 34.45655665070217, 32.6340920953568, 89.23061703950523, 80.45639121153746, 74.38861463753416, 69.61599154562815, 64.22033357033841, 59.983673317636864, 57.95289307156441, 73.28070248364084, 80.20937638663975, 85.08981110195816, 89.2364768415414, 91.36356711601806, 88.30548211834635, 79.1865825393714, 72.60297528924823, 67.47494090045491, 60.63220920136623, 72.12181077922536, 77.78522691112066, 82.7269964880747, 106.7883186742529, 112.79678239984231, 116.98915975705658, 120.80837415759915, 127.4578925159921, 128.1337494240731, 131.3605748886555, 112.17194934509736, 104.56985582991874, 96.87015305440012, 81.06295727597613, 67.42283391757319, 57.48090934453814, 48.27930640243027, 43.579358761397295], [72.67352965890282, 80.01696034106136, 87.1043964069586, 93.32480248738811, 86.86643932369378, 79.5910140300762, 72.26140861683184, 32.58622475523764, 27.39519703066999, 19.634999423102663, 12.333739848052497, 0.0, 10.541748053499427, 18.013200849942187, 25.113033241192312, 68.38957918838426, 77.33479202468476, 84.83442208622867, 93.94785761968794, 100.90100413588101, 101.18986451959252, 91.649969217974, 83.38492529042227, 75.13593038736427, 69.29067731762579, 38.238791568289834, 32.123974325233704, 26.55400972508148, 21.716993124563515, 20.27693685595894, 14.695899903845017, 18.79026031240496, 23.764504740403176, 27.479697183994748, 33.6048132304695, 61.27104930797318, 60.38478944072152, 65.42157081546995, 72.64787580954271, 73.34483158120554, 70.74007539501912, 66.09777753599548, 56.38181939415532, 46.582767021484095, 49.80064707277778, 43.240035596053275, 43.07547590352695, 91.94845364789396, 83.82152150686863, 77.89000755406917, 72.51338272893983, 66.43871776102526, 60.876934897096, 55.12538131739006, 71.37474396663876, 79.67746407426594, 85.42543109431463, 90.38859164862282, 92.94738361536704, 90.85937368883478, 81.79151543981492, 74.80582646240636, 69.0444784702802, 58.24377303606584, 71.6636913740565, 78.50293064277712, 84.19933081123406, 113.07724627650475, 116.6799368848584, 119.14914035482163, 121.67579766674604, 127.5983148184962, 127.14936202286681, 128.96551823935266, 110.19935847236728, 98.62621148266886, 88.39553011729171, 70.84570076895199, 56.185480385110715, 45.455021310051166, 37.04911011630411, 37.87149980694068], [64.95149292379567, 72.30547958309182, 79.5706901387443, 86.2743222566234, 79.34880131581325, 71.91957329919674, 64.69508256296487, 24.053965603329548, 18.89597558587958, 11.373414223679402, 6.35823710106292, 10.541748053499427, 0.0, 8.424247873862983, 16.679923836497604, 59.88078830499773, 69.20620071071896, 77.09521862513948, 86.83681711112703, 94.29709307170936, 94.52687553989882, 84.11770201291164, 75.517812952794, 67.04163455539216, 60.93702853104705, 29.9383379949485, 25.19619791436885, 22.815874240185515, 23.337678109637814, 27.42925528627405, 20.88360338665861, 18.90592635515208, 19.03081495885339, 19.846880736984687, 25.01949665295761, 52.44683452070806, 50.866335377995085, 55.73228174751055, 64.19513858762485, 64.92111596433637, 61.864317116108005, 57.40303111402182, 48.39924373499394, 38.636937089531166, 39.93083627663744, 33.41605469549739, 33.71864207244669, 85.25737626368479, 76.3674617985795, 70.13298792026717, 64.97744438965009, 59.257059285139526, 54.55984298576614, 51.76887459906404, 67.28085514680059, 74.51106946375859, 79.67302688509595, 84.20603383584582, 86.79572330390324, 84.21621524856945, 74.67989374780514, 67.73784507361457, 62.31571375042367, 54.52452690259154, 66.46255736309043, 72.51418927359265, 77.84642799836186, 108.06660477992699, 112.38573019433358, 115.07468290351619, 118.04545079794092, 123.92035244914341, 123.6784661829087, 126.29323579809483, 106.26613847272037, 98.31569067540958, 90.85321544730839, 75.567548925526, 62.69173894887911, 53.72977624516721, 47.221485171538305, 46.44653048124162], [56.684774847157726, 64.03352717785471, 71.3129394749574, 78.1223921070787, 71.0829119667818, 63.626282596520085, 56.43605202978325, 15.731102832768082, 11.308372923690923, 7.430974026317142, 10.435143940330388, 18.013200849942187, 8.424247873862983, 0.0, 8.516235322637108, 51.917192965800425, 61.22560042889362, 69.07954613367669, 78.89622363861385, 86.4029752510242, 86.55832975612988, 75.97805869985568, 67.32923308718249, 58.82819521889342, 52.72104987799087, 24.296895912554962, 22.088335882091755, 23.25714101321777, 27.24998169128906, 33.22673019917729, 27.15085784008656, 23.014523161941614, 19.514547637658914, 16.41916930573222, 19.00333016909452, 44.16537406666631, 42.58155807676419, 48.00367894668884, 56.74313409346132, 57.961295617916846, 55.7269491410971, 52.02949966870407, 43.68470662450104, 33.9908044347227, 33.42131829535427, 25.316266948225643, 25.74649420010136, 78.84845707785874, 70.11714748588962, 64.26300251034608, 59.86669740288234, 54.87947085462298, 51.2109642460821, 50.647994832179734, 65.18298695531378, 71.450130381616, 75.78820992798272, 79.38492993675183, 81.16078306284129, 77.94009587352708, 69.02642562346979, 62.89648276784877, 58.205914523591865, 52.95622286781773, 63.20599674828802, 68.25388604992824, 72.74217104273727, 100.77710974856225, 105.32343139149819, 108.37967478407137, 111.87782389182316, 118.12248623562353, 118.67190778970237, 122.29546832640241, 103.57493492317258, 98.07457182086165, 92.4510357579024, 78.78071368224307, 66.81202998517222, 59.01287620920575, 53.125646385007165, 51.931992819080016], [48.30661945825336, 55.665509770251404, 62.90014508542683, 69.66913995794296, 62.71423132521086, 55.28256158189678, 48.04375727484757, 7.54038734068642, 5.883222030750327, 10.767554707134764, 17.480041984583618, 25.113033241192312, 16.679923836497604, 8.516235322637108, 0.0, 44.458739428198605, 53.48360731289117, 61.05755395910408, 70.65074417744901, 77.99096469407813, 78.0898861405743, 67.68933063278007, 59.143618070968095, 50.72735619494983, 44.773358032888325, 21.28152546399515, 22.24496001508796, 26.160855287568488, 31.929220989763984, 38.47284149939222, 33.18535009958361, 28.39130998796095, 23.125869916329183, 17.27108162841746, 16.066820485903055, 36.46165819899189, 35.59624760668884, 42.249694801031985, 50.676306347061654, 52.749647771446696, 52.18136953581765, 49.659977623649695, 42.12852534639613, 32.83060051176147, 30.37987746925366, 19.372629895666055, 19.261082495150706, 73.45935250462092, 65.46504801302828, 60.44413577043118, 57.17841922523948, 53.19469198294828, 50.66098854649723, 51.78964389402929, 65.1667441084211, 70.52271288560276, 73.90660127430642, 76.27709433729493, 76.73752772097286, 72.74903410979017, 65.16462086512809, 60.34476537346358, 56.64388330091568, 53.62506618517782, 62.075748385517414, 65.97876952507724, 69.31837603145911, 92.47729245899868, 97.1836973735431, 100.86935981655387, 105.0518581389346, 111.97556975945544, 113.7168259518213, 118.5065064586862, 102.43334791777518, 98.73567652401528, 94.41564940576603, 81.97668618012439, 70.5048476756234, 63.53868811091231, 57.68266405867175, 56.179093600591266], [18.209648223143493, 21.94912187831179, 29.13365975250492, 39.66797314617143, 33.22487255060904, 27.675131607845156, 24.070337880552614, 37.22176651565593, 41.13027620679945, 49.62861905081052, 58.129965261013815, 68.38957918838426, 59.88078830499773, 51.917192965800425, 44.458739428198605, 0.0, 10.140438378500464, 19.43434830666802, 31.49632197112814, 41.726278448051666, 42.76899148063317, 28.513298310204696, 19.526132504578218, 12.058841026041977, 7.41581138744521, 35.02405321591607, 44.39745481918742, 54.23119886054614, 64.94066184456993, 75.19630844519156, 71.4530855839336, 63.10999880803081, 53.98109170334951, 45.63981912238143, 37.43325619638004, 10.851909128339212, 23.075500086685228, 35.48698719366627, 45.91591561078566, 51.988568326725385, 56.7557189366578, 60.07780484489871, 60.74071774219221, 57.22974514969408, 44.22705007284599, 32.98645427216482, 26.861665367460258, 72.00338943147078, 66.89647875557743, 65.69978076953342, 68.18980368412245, 69.53692729906118, 72.86894628725352, 82.59133588521291, 89.60890693131671, 89.5140127045426, 88.22889001788583, 85.10751740309054, 80.586071596283, 72.58443394902213, 71.10881107120348, 72.29738179380269, 73.49986142997805, 82.59432217856242, 82.33809132511045, 80.30129341027548, 78.11616988458786, 61.78427952875284, 75.85115600171038, 87.43228625944982, 97.35490835036195, 107.86202025433883, 116.09674247529688, 126.97874315833819, 118.92541881105632, 126.52231525307903, 128.56620256957723, 120.81475031371434, 111.2719862666791, 105.75827211420734, 98.05642786015798, 90.22445813700321], [16.773781247099773, 17.035929852503916, 22.70310723883755, 33.44417219798705, 28.43790245007098, 24.822223329576442, 23.544930409884444, 46.19333195137604, 50.339351227717984, 58.949987676729926, 67.43132921964241, 77.33479202468476, 69.20620071071896, 61.22560042889362, 53.48360731289117, 10.140438378500464, 0.0, 9.506303162900446, 21.79526224706397, 32.47755314118343, 33.85308983039464, 19.283167102976908, 11.284222528986698, 8.239238716936416, 10.519432182121003, 44.55003686865069, 53.682058870420356, 63.1840372558408, 73.55430020024974, 83.42568861464275, 80.1240687488165, 72.0768827162298, 63.19963839092627, 55.10409858565195, 47.02766500211811, 19.117416225384254, 30.30599936145692, 41.59000499135843, 49.6456061465612, 56.30996406117725, 62.68735604770857, 66.95216877171494, 68.3278764865888, 65.45739861469643, 52.888092842318734, 42.27435575225216, 36.67318862232011, 73.69177520022971, 70.25898498931942, 70.37400861142392, 73.98352793378801, 76.18333895003768, 80.10909154227768, 90.11681508828548, 96.18536160992493, 95.44457988440361, 93.36479293808604, 89.09476006555052, 83.15762216585122, 74.58222968101046, 75.24057974998412, 77.87830747400194, 79.92853685213665, 89.88295057174477, 88.48514648810212, 85.554360984991, 82.24153125347785, 53.23460116826699, 69.3584116561151, 83.02090006851424, 94.28615804763668, 105.81488774856012, 115.84504440132241, 128.02195875738101, 123.43886557655809, 132.15941218467123, 134.8660516392924, 127.80221185156663, 118.46105361767779, 113.28154008828194, 105.39999992167675, 97.40814102026779], [18.15834813841598, 14.704012901761512, 17.336950760589268, 27.32313909295381, 24.41664668888834, 23.27254459006247, 24.323749300983472, 53.75565154525906, 58.24763861700994, 67.02260630197037, 75.46183481082852, 84.83442208622867, 77.09521862513948, 69.07954613367669, 61.05755395910408, 19.43434830666802, 9.506303162900446, 0.0, 12.390378345960988, 23.228804030655144, 24.82002212884263, 10.453715630491768, 6.362546513944868, 11.796426293545816, 17.516932338823942, 53.388936533650146, 62.329766394729084, 71.48400328873807, 81.38078612302249, 90.64653325446194, 87.70866253541635, 80.1431428527294, 71.59815278804527, 63.65056119611847, 55.66373842918763, 27.012041909192465, 37.17835803971429, 47.422821943651144, 52.877077618577, 59.94946423707119, 67.84892857248741, 72.84688175472296, 74.57894598417045, 72.18154763047663, 60.394573874417, 50.2025735589732, 45.236424624686094, 74.34812139018058, 72.68553571321071, 74.06590926716798, 78.61385101598879, 81.49993118608513, 85.82530832270261, 95.80503333883274, 101.01396366701232, 99.79686559435626, 97.04867579888877, 91.76178704010235, 84.47263462273695, 75.5076276396378, 78.25577130364516, 82.21122091185367, 84.9716337581053, 95.36059631191728, 93.01664297211298, 89.3636708358294, 85.06210883874762, 44.584043408874535, 61.97718402010341, 77.3537031303441, 89.7485289156127, 102.192939154743, 113.87561937374007, 127.17321836638158, 126.24019851707263, 135.6661571107302, 138.91447214717178, 132.58539378554013, 123.55767062180185, 118.86857508978679, 111.16797115300193, 103.67077663080734], [25.332599525415787, 19.679310064795004, 17.343590581197255, 23.284068164557716, 24.603998026307455, 26.78455145918462, 29.813617450222388, 63.489921785371465, 68.18051323954471, 77.00216511318145, 85.3018577542831, 93.94785761968794, 86.83681711112703, 78.89622363861385, 70.65074417744901, 31.49632197112814, 21.79526224706397, 12.390378345960988, 0.0, 11.276027463629818, 13.82661656626946, 7.092385170798538, 14.289134869759858, 22.27042892193655, 28.62062183285798, 64.37005022532243, 72.96290087673242, 81.5652238378068, 90.74871990217896, 99.15294688617558, 96.75014451877874, 89.86514407313744, 81.83398919712062, 74.18026690354942, 66.40803057858132, 38.12871526128344, 47.59926550098666, 56.96845696269088, 59.549715386901624, 66.90286763356653, 76.35153484530424, 81.93487810996201, 83.70541323072317, 81.57894115216288, 70.90061754652938, 60.81342534814289, 56.23503158715675, 77.4026710320928, 77.99569781772045, 80.78363255286857, 86.19733700299432, 89.65932406721655, 94.19210127423844, 103.68531419133224, 108.13948705086874, 106.61651847244461, 103.25472246924615, 96.92734015567984, 88.07276835120783, 78.84899996203761, 84.06166251728227, 89.37988859054214, 92.77674962687978, 103.07068396258116, 99.98588591526895, 95.72429363412692, 90.43055823869668, 32.871830782082796, 52.59003252026461, 70.78178233334279, 84.72357250424085, 98.52721539899187, 112.44977280218056, 127.04373149783906, 131.0883309068317, 140.68475296639647, 144.1736696355941, 138.4730788374327, 129.64723788910138, 125.42635409944603, 117.7410753736548, 110.77032655742622], [31.95910757684241, 25.759662741761577, 20.587778281123, 20.842375590507768, 25.96164799656826, 30.4261642633151, 34.61080429594786, 70.98532037564868, 76.04530377585061, 84.95823766560176, 93.09482083975887, 100.90100413588101, 94.29709307170936, 86.4029752510242, 77.99096469407813, 41.726278448051666, 32.47755314118343, 23.228804030655144, 11.276027463629818, 0.0, 4.42036117164616, 14.743000752490277, 23.381865914327985, 31.353094563046206, 37.82222336347709, 73.7206046587147, 82.09600136161477, 90.27571455369544, 98.77618042611307, 106.24123801970991, 104.15659575541481, 98.02834762715068, 90.48101167371239, 82.95536158972024, 75.32469399817718, 47.03097938597244, 55.45145807105667, 63.82233244132916, 63.61742224406495, 71.05026277134657, 81.83667887134659, 87.87937003675708, 89.60296149391831, 87.81866504056323, 78.44321960878146, 68.77716424320943, 65.02075918966024, 77.69205792793628, 80.38155274932743, 84.43067294063894, 90.55303047105286, 94.50526876705698, 99.1815629279832, 108.14591373856337, 111.72959062117621, 109.92721005538907, 106.03127841276147, 98.82014816216687, 88.6269218158324, 79.35962110525784, 86.76164376602624, 93.2747099635996, 97.22684520266027, 107.33994569568473, 103.50229006717048, 98.71952502833005, 92.58014010518153, 22.943314903441966, 42.560164826756804, 62.575771973017865, 77.59490675899995, 92.37699460890263, 108.07781055447118, 123.6658197298939, 132.29339212506565, 141.98075934634895, 145.8653334962301, 141.08830570490485, 132.8185392242973, 129.38416456825072, 122.41381953268144, 116.85413453183752], [31.40593058078791, 24.939840024122706, 18.825624421822642, 17.22561630162976, 23.237781002441736, 28.461013372848587, 33.24904341422108, 71.06048721692972, 76.44429013435607, 85.4892052108659, 93.61870095164802, 101.18986451959252, 94.52687553989882, 86.55832975612988, 78.0898861405743, 42.76899148063317, 33.85308983039464, 24.82002212884263, 13.82661656626946, 4.42036117164616, 0.0, 15.306577904945508, 23.8445933888059, 31.737263546713113, 38.238014982052796, 74.8264612445016, 83.30464102854894, 91.55285006174134, 100.00044863872743, 107.27026123567425, 105.04429989902809, 99.08894548095374, 91.56674611846569, 83.88755268973681, 76.18349411430887, 47.214988904016955, 54.74749754898332, 62.42039454425458, 61.1655624165402, 68.56421576994109, 79.7573576159245, 86.01110702837698, 87.89960543689689, 86.45743020551708, 77.52502259105906, 68.45781994281636, 65.41833522285523, 74.10020816797552, 77.29185759312648, 81.72129456607459, 88.1145734342392, 92.31092074724826, 97.15448842814627, 106.22946062839596, 109.27776782417796, 107.22246150499078, 103.09031273021866, 95.59402059973137, 85.10144421582126, 75.8237859323131, 83.77996585656922, 90.69036108729466, 94.89287411945315, 105.29739046317954, 100.9583400781323, 95.90379229807769, 89.47383770808106, 23.60009559015834, 39.82366525295096, 58.80130314664668, 73.6641762317474, 88.24909056491457, 103.95591659115566, 119.6830113169578, 128.9179920935184, 139.09596901953697, 143.5205244469569, 139.40559961002887, 131.6746332919166, 128.7662293704068, 122.62998480750937, 118.09972928900444], [20.58001060791046, 14.061324964110208, 11.326975932404068, 18.923364059357866, 18.66536235312966, 20.82462819751349, 24.639504534110706, 60.35284116647196, 65.5258438751689, 74.5891541307594, 82.98326472724584, 91.649969217974, 84.11770201291164, 75.97805869985568, 67.68933063278007, 28.513298310204696, 19.283167102976908, 10.453715630491768, 7.092385170798538, 14.743000752490277, 15.306577904945508, 0.0, 9.33989687807419, 17.995209607288572, 24.639328291693417, 62.30189446538847, 71.24818660490965, 80.23499004917265, 89.69190863339762, 98.22307417673952, 95.3772718906375, 88.41212402950266, 80.1548962206277, 72.10676770552762, 64.08297324433394, 34.0040918403183, 42.19215173203576, 50.74550319120152, 52.97842407325228, 60.28115630334927, 69.79238071051346, 75.60354565244917, 77.8277445180997, 76.22838835736192, 65.55125894756843, 56.46831068033088, 52.937086100042656, 71.070895400517, 71.34276347114822, 74.13545729249861, 79.72373580170779, 83.43460721168636, 88.28016971757502, 98.40382152133999, 102.28132256667409, 100.37537837018772, 96.82173249947702, 90.41261383285465, 81.75340241917678, 72.5002808901321, 77.4854425653404, 82.91936123849376, 86.52937616279911, 97.64015875911052, 93.94211574589823, 89.3990095567612, 83.99289631031883, 37.35670929664867, 53.25570637516165, 68.92789073409313, 81.98478288928841, 94.86168574738939, 107.82481772395508, 122.14188723214858, 124.78250405580775, 135.38216766744833, 139.72469960609462, 134.79405693567938, 126.68867000280817, 123.0414460014478, 116.5410515253676, 110.75934386933902], [13.231954091865758, 8.650040487238021, 11.85467992495862, 22.462470613293746, 18.45023694155178, 17.035070361194695, 18.753733141239213, 51.72814554005608, 56.86698854158587, 65.93793714337345, 74.39492500522515, 83.38492529042227, 75.517812952794, 67.32923308718249, 59.143618070968095, 19.526132504578218, 11.284222528986698, 6.362546513944868, 14.289134869759858, 23.381865914327985, 23.8445933888059, 9.33989687807419, 0.0, 8.740050176568264, 15.356950692993443, 53.45042261021384, 62.5683084115728, 71.81276363042804, 81.57583757506201, 90.48125467494116, 87.29833979788897, 80.05117748765026, 71.57121738178236, 63.33767708871753, 55.20220689235193, 24.73781077762933, 33.44173272955126, 42.919196761536256, 47.10613529657614, 54.2847624308488, 62.814776911466204, 68.11773176412449, 70.009388380235, 68.03385632871509, 56.830575178297366, 47.44375075892565, 43.7996190833526, 68.02369884237201, 66.64057095396092, 68.36215952924209, 73.21574521791503, 76.38619218132588, 80.92992479400078, 91.10886901162546, 95.71933897084854, 94.2396880282543, 91.26081460424842, 85.71750319100481, 78.20455437816649, 69.20503492166206, 72.32391105682686, 76.6792638775104, 79.72091625057281, 90.50457736043411, 87.57441377965597, 83.63453409686439, 79.06098073957152, 45.09110557525412, 59.27585555984556, 72.83281006031974, 84.61690729792826, 96.54952979771654, 107.7922796090551, 121.00697936592371, 120.19396746129009, 130.10750882443983, 133.9942680926911, 128.46826239579013, 120.14798614925084, 116.18175574739209, 109.73462935860329, 103.89145119524493], [8.718779763170302, 10.042152326004123, 17.089796000130423, 27.64369310564075, 21.598717625212497, 16.980498260894493, 15.3542857488807, 43.2732153692811, 48.39156161551036, 57.47206624030163, 65.95790523214835, 75.13593038736427, 67.04163455539216, 58.82819521889342, 50.72735619494983, 12.058841026041977, 8.239238716936416, 11.796426293545816, 22.27042892193655, 31.353094563046206, 31.737263546713113, 17.995209607288572, 8.740050176568264, 0.0, 6.660607287097099, 45.12217810890693, 54.33746150079715, 63.72427453705282, 73.63633636102416, 82.73763144666202, 79.27216365996446, 71.8901624165946, 63.30011689499823, 54.91846474206497, 46.71441955618694, 16.046944244601743, 25.751452927557835, 36.53923739053856, 42.63746290289678, 49.581902917836715, 57.08233555064131, 61.712342568959386, 62.95586756398909, 60.40054824641814, 48.92130859173448, 38.892437838651254, 35.07915017950009, 65.90494968350275, 63.04172410780729, 63.68205175422622, 67.66369732048297, 70.1518245036381, 74.21607004250652, 84.11997588370674, 89.60738582457766, 88.72451042176476, 86.42040713005443, 81.81823016518587, 75.42449096729334, 66.81847513775261, 68.13275606094166, 71.3278535379385, 73.68651928824119, 83.71472437809534, 81.77220278976912, 78.58428897479267, 74.93320774431638, 51.97252605046372, 64.53847749285404, 76.28892933601922, 86.87942389964424, 98.00217239729655, 107.69387107933343, 119.79212970652854, 116.07510899275543, 124.86820609907312, 128.07886750506745, 121.86694466240431, 113.27378925125615, 108.99066610927585, 102.59393981810538, 96.86667569061535], [10.966973036147893, 15.406943754529287, 22.971560409078627, 33.1386690223426, 26.331643876330965, 20.404333936960008, 16.695043361645336, 37.300135896470046, 42.28364947697646, 51.311538666156416, 59.826690949048114, 69.29067731762579, 60.93702853104705, 52.72104987799087, 44.773358032888325, 7.41581138744521, 10.519432182121003, 17.516932338823942, 28.62062183285798, 37.82222336347709, 38.238014982052796, 24.639328291693417, 15.356950692993443, 6.660607287097099, 0.0, 38.81033738960108, 48.13989840262485, 57.71221639592829, 67.84835909886056, 77.24388778283743, 73.5105157240328, 65.90044568674814, 57.14589366761757, 48.62991433343861, 40.35292054370563, 9.55862637632427, 20.664911690090044, 32.62136446542873, 40.70220050548137, 47.25244819589082, 53.56253207462443, 57.528743595914676, 58.27548430167202, 55.221400842615225, 43.31073480848429, 32.69762538863486, 28.535792512579253, 65.6971038268368, 61.54714364088527, 61.1923064876926, 64.35991070456855, 66.22921659686217, 69.87826010675911, 79.61519437828899, 85.85060605788988, 85.44141681496097, 83.71562239626576, 79.9486301244115, 74.59522794461736, 66.38477420880629, 66.09249481935102, 68.21283177583567, 69.95208394385995, 79.3912195771046, 78.30482888981587, 75.7675341266563, 72.94205295518114, 57.882366205915744, 69.69203611285815, 80.27913781506805, 90.00583379164962, 100.46670919860033, 108.94301225398715, 120.1448803554761, 113.91674395373167, 121.90527667771498, 124.58590236199632, 117.78297764556811, 108.9444471470282, 104.32830880387998, 97.88051011256954, 92.03309812047235], [46.50585543154113, 53.132126326340284, 60.890588763479315, 69.96216364133552, 62.98699237882077, 55.790767394363954, 49.15940983303873, 19.301421152425693, 15.570694521773138, 18.9572931888023, 26.29106971787538, 38.238791568289834, 29.9383379949485, 24.296895912554962, 21.28152546399515, 35.02405321591607, 44.55003686865069, 53.388936533650146, 64.37005022532243, 73.7206046587147, 74.8264612445016, 62.30189446538847, 53.45042261021384, 45.12217810890693, 38.81033738960108, 0.0, 9.677442042813793, 20.159947577690918, 31.8389061973904, 43.73045167263578, 39.033606363898755, 29.296641778997827, 19.501787453959416, 11.449242164719942, 5.366912422170869, 31.405135853592817, 35.3673935447186, 45.19675857198358, 58.41416903555413, 61.5220891130933, 60.360085766745236, 58.8091883774514, 54.47183337107241, 46.82017654463715, 37.11014687599813, 24.140287830039643, 14.712652353714097, 85.10164805039318, 76.51345177817036, 71.47194125410314, 69