{
	"dissimilarities": [[0.0, 7.363999400138348, 14.759543249026104, 23.340791957658674, 16.7972842770903, 10.572354454510974, 6.955531057584031, 40.95165938576874, 46.88733687158367, 56.22731509898631, 64.53388729399346, 72.72997942015488, 64.95655910998258, 56.68586639365339, 48.30661631212053, 18.252990427788262, 16.85942513237714, 18.197925509506764, 25.308033132451165, 31.768358151829066, 31.122898071719508, 20.58412398852562, 13.292599070845101, 8.765764295732406, 11.077845345775911, 46.470565459322174, 55.374346142627566, 64.27409884592808, 73.41883582635674, 81.60170006459498, 78.08018026039753, 71.5379890259072, 63.50355742117515, 55.12081223792314, 47.096192602168664, 17.190728284074208, 24.724304887734945, 34.714086224342, 37.49508630409892, 44.74455465144036, 53.4708791030205, 58.20665515900114, 58.764992325403206, 56.30091237270226, 46.3727456914057, 36.778112932998894, 34.93676302520848, 59.146648869836106, 57.230814970286126, 58.54889031681101, 62.76217513824243, 65.37491999139426, 69.31188979946316, 78.55755782905833, 83.67546035142966, 82.91443825234435, 80.52277862522521, 75.647456816552, 68.61305365166837, 60.069543069575694, 61.44229906378917, 66.05408761493395, 68.57659803109445, 78.04385757361216, 75.85143050882856, 72.6024552041398, 68.67303896904062, 50.32594843184619, 58.730343408882575, 68.37789893196232, 77.78569093151363, 89.07490296926751, 99.21677462963765, 111.05944951164447, 109.51565329912405, 118.06259603722502, 121.2745238772142, 115.52968891166621, 108.19834395380954, 104.67809572522704, 99.13405208960889, 95.27863502713365], [7.363999400138348, 0.0, 7.6990042790110245, 17.454199365619665, 11.783406415163698, 8.667319660115, 10.770273577724847, 48.304967152743714, 54.186392539885894, 63.5053286633031, 71.83767088163577, 80.06680526119999, 72.31389859556789, 64.03874240118343, 55.667440301312844, 22.0273406771813, 17.162898242177803, 14.779703077257167, 19.63924996504546, 25.494412765634554, 24.552460280522887, 14.071147619340008, 8.778534699346473, 10.1267627596851, 15.524918992035774, 53.12162259533194, 62.13333719238195, 71.13347263684273, 80.38720291056653, 88.62844917673596, 85.23767332241596, 78.61548419002015, 70.49633932713958, 62.128673761647825, 54.044714648283325, 23.295781509694216, 30.224969562732696, 38.94955733474753, 40.489994024379634, 47.887048280757725, 57.34396487770671, 62.75297970231629, 64.20599844384492, 62.460416057104695, 52.42679381582459, 43.72182561135702, 41.89888630546805, 60.25622476418822, 59.48117574221344, 61.70239459201202, 66.74405259117285, 70.05329782636264, 74.56386043512445, 84.39255679867962, 88.55714946084596, 87.08977612291046, 84.0221533274576, 78.28762874387408, 70.3667931357549, 61.42820735918029, 64.29858678337678, 69.91933900013719, 73.11778870193781, 83.66661239834508, 80.39077101694667, 76.35619379365095, 71.57229693803919, 45.21703737146151, 54.616021769297014, 65.53250360246598, 75.93763442416, 87.78112682966778, 99.14949257273413, 111.9813763213802, 112.47887701084944, 122.47353014766, 126.55920333047152, 121.5958196999222, 114.62082724421441, 111.42508489465472, 105.97506095582125, 101.95635847111332], [14.759543249026104, 7.6990042790110245, 0.0, 10.602221240099448, 7.544002256186898, 10.370699967669397, 15.930462369206241, 55.57729892110301, 61.61534561948679, 70.95748009260919, 79.22934730698323, 87.14934326455986, 79.5607812883534, 71.29908492503867, 62.89032981733327, 29.075289782250806, 22.686095907207083, 17.31922916062089, 17.34033872639903, 20.42962942639156, 18.538970925707876, 11.333827430993466, 11.862592941401978, 17.03679503343751, 22.95753156257565, 60.812747420808236, 69.79749966841882, 78.71447671418714, 87.80005075092652, 95.73576966641697, 92.48917739311091, 86.09965883279969, 78.09875126787405, 69.76961391913767, 61.71367888167931, 30.837905302468343, 36.69075822580779, 43.940407832906004, 43.33416425316638, 50.7612638975465, 61.16846951264217, 67.18340012227218, 69.22004714547468, 68.14532411757163, 58.65453667763252, 50.83086443400975, 49.51253595164382, 60.08868158265819, 60.90086630209543, 64.23778183272344, 70.10624155908374, 74.08668010160231, 79.05095456858473, 89.1092994560268, 92.22201518019885, 90.12555735081827, 86.38053439679577, 79.72680054102642, 70.73169886997891, 61.5149418808294, 66.31207746391118, 73.00134246148899, 76.87909701113479, 88.1471321523276, 83.79106259346278, 79.00626654387597, 73.31584856110004, 40.295101674816934, 48.979192979479905, 60.58011511923884, 71.8119629514585, 84.16038467439732, 96.78608072500403, 110.60147399796458, 113.86737188424549, 125.01734627932797, 129.99019868556294, 126.01991676618692, 119.5787852046025, 116.97420210095066, 112.05713963529547, 108.63249900283215], [23.340791957658674, 17.454199365619665, 10.602221240099448, 0.0, 8.363307785182183, 15.368699805865223, 21.80322192484532, 62.504046043520326, 68.95143898072429, 78.31005548225254, 86.32715615737426, 93.30407587507729, 86.18800843481468, 78.0341627852756, 69.59105082400164, 39.41177282856524, 33.22501961622015, 27.114884313598775, 23.193329921307075, 20.831111071305727, 17.18794665846372, 18.7578655832319, 22.260671757642353, 27.389918563308374, 32.936995619265595, 69.74591881184712, 78.48723234819653, 87.00785036155455, 95.439303593257, 102.41463234186378, 99.36336262708545, 93.7645873653312, 86.24558660397686, 78.02884775009976, 70.16666112535535, 40.02007664167179, 44.22475001358702, 49.660931936669755, 45.33621654380738, 52.617081332229716, 64.4205862902, 70.93569374553977, 73.02956198462867, 72.59805067903396, 64.79908963881095, 57.990006819277035, 57.88683678479726, 56.83941406930263, 60.2142871451436, 65.11835229029252, 71.83504078206819, 76.45831368080032, 81.66130413729067, 91.2605034379089, 93.07915534455167, 90.49497154979797, 86.06141745392931, 78.35057685579706, 67.84051371443387, 58.54355031138738, 66.22090820984185, 74.12784209364976, 78.70997205757203, 90.00865624985904, 84.54275341463904, 79.05700731234401, 72.32662547492536, 36.68046509860182, 39.849056960479125, 50.592896669426615, 62.34935782099515, 75.23741992355276, 89.26659117870365, 104.09870744452229, 111.70131118238173, 123.36757964004464, 129.24116167645025, 126.7002852958323, 121.15850068743559, 119.67387860040687, 116.12117277455977, 114.66644477300763], [16.7972842770903, 11.783406415163698, 7.544002256186898, 8.363307785182183, 0.0, 7.51064830854574, 14.684627751370376, 55.53817118020375, 62.11465573891194, 71.51862834733107, 79.60960885045083, 86.90046762947766, 79.34041592657586, 71.07553075145837, 62.71035885773134, 33.21577587871499, 28.46860221442347, 24.43707096555862, 24.609470585989186, 25.83230375477745, 23.01336588612246, 18.694062050974928, 18.497981268157154, 21.592775986619646, 26.361836818277975, 62.93126554677087, 71.83679178239436, 80.6390680110014, 89.40417871776188, 96.79645400105524, 93.3416254937629, 87.43231473002326, 79.6657554191274, 71.22896700811732, 63.25526146086589, 32.63971520912525, 35.95776578337482, 41.384519439219176, 38.11228012782417, 45.50463265025101, 56.8043492006576, 63.15457392138657, 65.32918293024322, 64.89484889357549, 56.603941206923466, 50.17393041567095, 50.534069148685056, 52.86609832946635, 54.48558832357094, 58.52354909419116, 64.8491556452877, 69.23628106610465, 74.44229072069582, 84.57446523872095, 86.7532091382009, 84.28337470625127, 80.18431857899449, 73.09537156207327, 63.61918264901402, 54.35989033100522, 60.15257360296366, 67.43943280921796, 71.73363037178014, 83.3841486358359, 78.18400206041919, 72.97630793641319, 66.81873863925173, 43.68512002746238, 47.122483527425786, 55.61201084026494, 65.77811466400117, 77.37261602814539, 89.46800484693726, 103.23189972119513, 107.03862761000126, 118.81413329555554, 124.65506608916644, 121.81535835992206, 116.35457973870324, 114.71498424627241, 111.39384233509882, 109.94875343620579], [10.572354454510974, 8.667319660115, 10.370699967669397, 15.368699805865223, 7.51064830854574, 0.0, 7.424561842677185, 48.09305929195024, 54.69667853976274, 64.10476932690901, 72.20766853087483, 79.6318102344533, 71.92565723978214, 63.63428509853647, 55.28986575964555, 27.750163565923106, 24.93020454218308, 23.340944757833626, 26.778260955357464, 30.242544379251324, 28.18127581348321, 20.859987688149527, 17.134658826294093, 17.05061033975503, 20.518630615877004, 55.77988989544426, 64.64942233835373, 73.46326592503175, 82.27524748579233, 89.80429549389495, 86.1736987641099, 80.17859091408728, 72.38174719776642, 63.8989802323514, 55.94257844336754, 25.74310071197988, 29.065851403961833, 35.539481478890785, 33.814498325048476, 41.3104997294305, 51.9288120572042, 57.74936038561363, 59.304976357273766, 58.28803160928002, 49.727028932620776, 42.72500235422686, 43.146816660223614, 51.79222537717603, 51.784312457879906, 54.75351636477627, 60.30907260250592, 64.07708862248253, 68.8650666125004, 78.7800238844693, 81.91455503573322, 80.05870676323295, 76.61582332838597, 70.42162617689134, 61.99609938936878, 53.01096277706259, 56.8732646965473, 63.15054655712953, 66.81469170187776, 77.78857895931681, 73.56724980432118, 69.07595230772387, 63.793801502482786, 48.35883080857508, 52.349676190189534, 59.959019577155395, 69.11485926553144, 80.08230250356385, 90.75686273243399, 103.45264750338568, 104.46501315796424, 115.0770424881122, 120.12092004928897, 116.4374043374112, 110.58912374279048, 108.53555902496657, 104.99667870300246, 103.40447369066938], [6.955531057584031, 10.770273577724847, 15.930462369206241, 21.80322192484532, 14.684627751370376, 7.424561842677185, 0.0, 40.890651041705965, 47.4735138513236, 56.87113304870465, 64.93162203973657, 72.29697863851472, 64.70416485815515, 56.45248484154428, 48.05978997816517, 24.204583692441027, 23.703383169312055, 24.419579224782908, 29.817397789586437, 34.447816881925796, 33.01091999019061, 24.688398137596778, 18.88159922011947, 15.478555432337641, 16.890306646490142, 49.167217882926614, 57.8127208519742, 66.39669900854072, 74.99770309004423, 82.4015094326875, 78.77418036020065, 72.90953423219004, 65.27836397044355, 56.8920725447455, 49.07224948006066, 20.478602521167822, 24.630162048051044, 32.79644869249345, 32.642713163110045, 40.02290461926702, 49.81202228906996, 54.8167910930542, 55.20355155654804, 53.181008715786035, 44.7369569448567, 36.379353332129, 36.546455739683346, 52.75176608847064, 51.56676195817021, 53.50668097944901, 58.0733168613111, 60.977997635796484, 65.02286864722326, 74.07265830035179, 78.49647200179928, 77.5704671161466, 74.9478036994506, 69.73719223343772, 62.22692309091454, 53.694178194370174, 55.957243985712694, 61.049271431117816, 63.883718341829564, 73.36620869186737, 70.57649728210066, 67.06465049188219, 62.77738928377349, 51.75334214769568, 56.13379744086396, 63.438384190652, 71.92802385405875, 82.67985572783113, 92.38076846622427, 104.11057517535554, 103.38435792085976, 112.02825519184161, 115.81058342857492, 110.990007069028, 104.46571554772493, 101.8682826916289, 97.85020959401808, 96.10455190919168], [40.95165938576874, 48.304967152743714, 55.57729892110301, 62.504046043520326, 55.53817118020375, 48.09305929195024, 40.890651041705965, 0.0, 7.585179109487197, 16.498629012512193, 24.283144083381643, 32.60852546058558, 24.047462217220218, 15.734351914100245, 7.458070959554756, 37.353521321819436, 46.29076489703072, 53.79650338754572, 63.45531687878705, 70.82022495513006, 70.84311705587024, 60.34738474037185, 51.76133693729266, 43.323817343497424, 37.39583582308899, 19.436402452571976, 23.562003634213728, 29.817380326610383, 37.255094808297216, 44.93990080199477, 39.85678624805373, 34.01616377366457, 27.325637331811656, 19.757560202482946, 15.132470075487182, 29.122095288797027, 29.147214840792095, 37.14029252781084, 45.62061668074411, 48.48336679553424, 48.961178025059255, 47.43181651652558, 41.05801344134372, 32.659415940904225, 27.182038372198303, 13.479081267727484, 13.029895497586958, 69.47063026966107, 61.833181143689586, 57.43027028608475, 55.16173868760884, 52.170637425674045, 50.87184778048129, 54.141340997086225, 66.16583424719869, 70.42658987745071, 72.8915421006021, 74.1978296614452, 73.67578536030643, 68.94571266755636, 61.492182284223254, 58.559927398223415, 55.77278867603827, 55.52062827202565, 62.01907447576337, 64.74366316543887, 67.0432828233607, 85.67779991973254, 90.77999801741355, 95.0841012005338, 99.54993552836119, 107.23144307162411, 110.48305860418168, 116.18759196610574, 102.21884351597727, 101.30423506941989, 98.43281428458694, 87.13099369989828, 77.32239177215476, 71.02926314166749, 64.66402726549721, 61.82265961998275], [46.88733687158367, 54.186392539885894, 61.61534561948679, 68.95143898072429, 62.11465573891194, 54.69667853976274, 47.4735138513236, 7.585179109487197, 0.0, 9.410394974565733, 17.72910769327791, 27.499963913070232, 18.900748756541127, 11.297796898810184, 5.800876170826179, 41.182340847760734, 50.382345552765344, 58.26200912381971, 68.15150165630315, 75.91238441919525, 76.2615447197832, 65.51428914122373, 56.87674728686188, 48.40907085399121, 42.32338620335772, 15.573847417537678, 17.03606773502495, 22.34224364446787, 29.91375797335522, 38.47006337743281, 33.19318385300991, 26.594461381395885, 19.764297473548154, 12.655689490941572, 10.410026970704642, 34.17298099257595, 35.16517145486434, 43.245238016906384, 52.77404112086526, 55.32101748478519, 54.70576821533282, 52.43675545536518, 45.67303119114585, 36.77755683723436, 31.622296563399093, 19.012402325433392, 15.926247160713034, 76.74377298620914, 68.70600786075914, 63.77985587833243, 60.84127471811778, 57.19168233689177, 55.1640801292625, 57.27570319899793, 70.36660775412737, 75.30224854807922, 78.3977192972558, 80.43661442542056, 80.58334419072314, 76.14648818709483, 67.99079581576763, 64.26536638575986, 60.82767468978314, 59.05182682340834, 66.94785510743186, 70.42528466995533, 73.4080531741493, 90.44212955921327, 96.88290505287078, 101.93301360117505, 106.54982190171786, 114.3564202102688, 117.40829920844003, 122.63464332093659, 107.44399114076086, 105.01181707412512, 100.70218759446614, 87.84401955056272, 76.91766203541908, 69.24605378482252, 60.97764756146897, 55.91981046481798], [56.22731509898631, 63.5053286633031, 70.95748009260919, 78.31005548225254, 71.51862834733107, 64.10476932690901, 56.87113304870465, 16.498629012512193, 9.410394974565733, 0.0, 8.57197146115396, 19.82716210755823, 11.399345796089657, 7.42308927097802, 10.740286108432075, 49.65173496690142, 58.972377744619166, 67.02830868016667, 76.97833838762456, 84.84595549118397, 85.3307996418562, 74.57749881794602, 65.94038870319625, 57.47936498923746, 51.33137854034091, 18.91233228727459, 15.1280548550077, 16.18866188280035, 22.042265903421747, 30.71168809296599, 24.74106584482305, 18.046513273882823, 12.727256240644406, 9.573926414639555, 13.989020408666724, 43.16172859586402, 43.74219246424082, 50.847417908074874, 60.60583603983387, 62.446740551715465, 60.4450013242345, 57.086879973629756, 49.45846125881489, 40.067834064005105, 36.8231919833415, 26.764086514846216, 24.177270545050778, 83.90337605352335, 75.32881098421126, 69.69502787192695, 65.71517170547631, 61.094210211257845, 57.91509178671899, 58.08731445028122, 72.43284773544391, 78.37991811334304, 82.42866063279725, 85.61639762679388, 86.87342397606061, 83.1314643555206, 73.92559277428397, 68.98342906735594, 64.59524680210644, 60.358856059645866, 70.15194111350472, 74.7840622185352, 78.84037804364858, 98.88798861545564, 105.42788024901954, 110.18681429967157, 114.29436430559058, 121.66522347048, 123.7665040149795, 127.91502311793201, 110.6657468281358, 105.96317642126346, 99.89796122958856, 85.3731513602758, 73.53546184218227, 64.59940231035192, 55.17100463749098, 49.147020615436396], [64.53388729399346, 71.83767088163577, 79.22934730698323, 86.32715615737426, 79.60960885045083, 72.20766853087483, 64.93162203973657, 24.283144083381643, 17.72910769327791, 8.57197146115396, 0.0, 12.454826532332719, 6.348253210903058, 10.449344214513033, 17.466133705741893, 58.19495709988557, 67.4856981819244, 75.4876030707205, 85.28391212869076, 92.98378240992265, 93.46687386798395, 82.98288529032943, 74.41616137094664, 65.98700276200543, 59.87648143162476, 26.33914987891342, 20.211066864651507, 16.552622653094613, 17.672918388869082, 24.434962190968477, 17.70926474046825, 13.117168294399098, 12.949752265434347, 15.353607929568962, 21.893074555014653, 51.69851490000543, 51.74182218741132, 57.935816464903304, 67.14600886887105, 68.4041874908739, 65.5874308410588, 61.41421507167046, 52.91540767343716, 43.28012393974474, 42.367293708196605, 34.25346435808225, 32.639381517372996, 89.23597427198034, 80.48500811322862, 74.4468316665832, 69.65280746338784, 64.25400523941092, 60.00855231271991, 57.98658148597603, 73.30129185068274, 80.2277208611615, 85.11072908293892, 89.25309442648414, 91.35209476495564, 88.30886894940157, 78.5065125559259, 72.62588679199506, 67.47499832398296, 60.67306567222306, 72.13807839436954, 77.8036552608334, 82.73890569351975, 106.38398153203343, 112.23182727892713, 116.28646740829213, 119.70953010336899, 126.56192858651916, 127.69962434101593, 130.77245005787265, 112.18171181743566, 105.02591110430264, 97.24878158174748, 81.28815910840407, 68.72501305331572, 58.83697749287182, 48.91756521861403, 43.451076230905834], [72.72997942015488, 80.06680526119999, 87.14934326455986, 93.30407587507729, 86.90046762947766, 79.6318102344533, 72.29697863851472, 32.60852546058558, 27.499963913070232, 19.82716210755823, 12.454826532332719, 0.0, 10.726880680988955, 18.22423312635212, 25.261045149832377, 68.53918502706105, 77.4700408893341, 84.92860852990378, 93.99048762336135, 100.86567712825223, 101.13186494015724, 91.71379051698315, 83.47905735067955, 75.23438131018973, 69.4265001220325, 38.38932601655827, 32.27349388906824, 26.634531297003484, 21.727562353513107, 20.4404639465654, 14.7138376676255, 18.82643392103948, 23.891230347835773, 27.61608350797817, 33.7370665212454, 61.434181686252394, 60.79529828352925, 65.9431810373048, 72.87134343537438, 73.60312972572478, 70.91268552843444, 66.1929697362454, 56.316579732984316, 46.540097852686785, 49.548210916925136, 43.01705500067716, 43.15824793574861, 91.97967112101587, 83.91545748979154, 78.0328195380441, 72.62123642236338, 66.54546742550808, 60.96805337168207, 55.14309836430878, 71.40794971523923, 79.7276114856051, 85.48936276422053, 90.44898270618295, 92.9740574021805, 90.8920709443223, 81.41647758142882, 74.88367480456857, 69.08191535166428, 58.25579073102492, 71.70881472936101, 78.57581916130209, 84.26345779183308, 112.75567277650404, 116.12950207471853, 118.50754673088018, 120.67733927792627, 126.7776104344142, 126.7364314962179, 128.41096136373633, 110.22781309971514, 98.96269294082924, 88.66868074871208, 70.96705170030948, 57.34468374433266, 46.69528616032493, 37.55427031028378, 37.66935027313406], [64.95655910998258, 72.31389859556789, 79.5607812883534, 86.18800843481468, 79.34041592657586, 71.92565723978214, 64.70416485815515, 24.047462217220218, 18.900748756541127, 11.399345796089657, 6.348253210903058, 10.726880680988955, 0.0, 8.452041366832155, 16.68051898003704, 59.9299544692263, 69.25053022646908, 77.11690090695461, 86.82354886049534, 94.20074142056343, 94.39207217091766, 84.11882551836925, 75.5368397314925, 67.0651496321713, 60.978842933630084, 29.949861246855313, 25.199053613695835, 22.793428648024197, 23.368561552617525, 27.82074139626883, 21.108658197503058, 18.903938408827564, 19.0175996082202, 19.836362493658, 25.018594119145725, 52.50258226715865, 51.10812180027978, 56.07814227570693, 64.28784916342514, 65.04401904707886, 61.91627497478359, 57.37990585931954, 48.26821749981021, 38.53593994375291, 39.57748822733505, 33.157261828801694, 33.6965880877675, 85.26490347156636, 76.39077133141613, 70.18151855361862, 64.99717968113553, 59.27262325075074, 54.56938895145098, 51.80178288755858, 67.2978981119846, 74.52068937768766, 79.68651018990526, 84.21864188714875, 86.78786731566484, 84.22162988545273, 74.06130194074049, 67.74524941209688, 62.293992685572576, 54.56198007281742, 66.4731849629687, 72.52838686452274, 77.85643124241132, 107.69661437302852, 111.7989512136102, 114.40596772315195, 116.97554616435873, 123.0480387502463, 123.26626560181616, 125.72346571508513, 106.27721073935224, 98.80460280672769, 91.28185945515742, 75.84881303393284, 64.11524736854625, 55.206985115570355, 47.92979532826144, 46.381488983383974], [56.68586639365339, 64.03874240118343, 71.29908492503867, 78.0341627852756, 71.07553075145837, 63.63428509853647, 56.45248484154428, 15.734351914100245, 11.297796898810184, 7.42308927097802, 10.449344214513033, 18.22423312635212, 8.452041366832155, 0.0, 8.50586286266514, 51.930114328438954, 61.24262806629713, 69.0840128376659, 78.87792856233564, 86.30570204538948, 86.41812863042534, 75.96959403987063, 67.33229855422401, 58.83267393319214, 52.73722171219365, 24.234459931021693, 22.02313083840413, 23.210864846474507, 27.31148872031296, 33.658144596597985, 27.41210468380852, 23.029843334526614, 19.46310216941947, 16.33788616789314, 18.930007360910377, 44.18692055750246, 42.79218262262589, 48.315344048627324, 56.80695187530545, 58.05083937955045, 55.71867815188706, 51.93551733581916, 43.498743459497554, 33.84392087247683, 32.936176033430186, 24.946685016510273, 25.658698535128256, 78.8613485904832, 70.12110848440923, 64.2783376232344, 59.8479367103466, 54.8552383474869, 51.18938060222644, 50.70026424049897, 65.2041893926494, 71.44893953069375, 75.78765158401741, 79.38761070978163, 81.15619519167772, 77.94958420303507, 68.31065571697091, 62.874316866949655, 58.15441918149298, 53.013141556619864, 63.21229138968367, 68.25516040204015, 72.74293735249108, 100.4155094918797, 104.75373001319633, 107.72923816480503, 110.80627141244231, 117.26057433027636, 118.29355485996372, 121.75600859527229, 103.59097575730208, 98.6314913463707, 92.96067124021081, 79.15202148636035, 68.30489451388954, 60.52741919485267, 53.90702248201848, 51.96437338974443], [48.30661631212053, 55.667440301312844, 62.89032981733327, 69.59105082400164, 62.71035885773134, 55.28986575964555, 48.05978997816517, 7.458070959554756, 5.800876170826179, 10.740286108432075, 17.466133705741893, 25.261045149832377, 16.68051898003704, 8.50586286266514, 0.0, 44.45846348901151, 53.49570468788444, 61.06007202276041, 70.63688878859914, 77.90370045312099, 77.96095712126038, 67.68352917078991, 59.1473398787805, 50.72658931655112, 44.78623954058916, 21.164097029186337, 22.14025864935216, 26.09154770798317, 31.968691287676478, 38.83598180159119, 33.38566146853294, 28.385415534572715, 23.052534146910812, 17.147330633256068, 15.926599415786946, 36.474865451571915, 35.85555268009485, 42.60827896761734, 50.75568407107426, 52.851929253959064, 52.14541315005841, 49.52487951919048, 41.88978444456243, 32.63170801801577, 29.757271758561554, 18.768322768843838, 19.08793414986407, 73.47271823014009, 65.46322820396377, 60.44928538015227, 57.1394542774755, 53.14921863118566, 50.621321779181194, 51.83050352303814, 65.18010812287801, 70.51071366177983, 73.89708031857663, 76.27459877339332, 76.73605626750808, 72.75901241376403, 64.41901769621357, 60.303994376244006, 56.567490512664264, 53.667657562289314, 62.073092672554225, 65.97434989987582, 69.31637225072363, 92.12383136458632, 96.62896559565714, 100.22414969109724, 103.97771416156822, 111.12287469662687, 113.35858576645809, 117.99017273717902, 102.44937766393691, 99.28616154490035, 94.92875272649042, 82.35699484150896, 71.92456685999841, 64.95014868096858, 58.424699280808355, 56.238354845423856], [18.252990427788262, 22.0273406771813, 29.075289782250806, 39.41177282856524, 33.21577587871499, 27.750163565923106, 24.204583692441027, 37.353521321819436, 41.182340847760734, 49.65173496690142, 58.19495709988557, 68.53918502706105, 59.9299544692263, 51.930114328438954, 44.45846348901151, 0.0, 10.118429054858861, 19.40563224997405, 31.415994324675165, 41.44820172342431, 42.36973661992626, 28.450604036819776, 19.470981804577757, 12.055838890783296, 7.366307741562322, 35.024630660805336, 44.40843843090462, 54.27651495536569, 65.05554090240463, 75.5630099364055, 71.69585486591659, 63.193278451898806, 54.014549030104845, 45.66383583127442, 37.451432384941974, 10.842841146459584, 23.142336127041627, 35.644787450162255, 45.86720440200009, 51.97060977494256, 56.7407855412633, 60.029595530217144, 60.72405484478459, 57.25967365284358, 44.08537113336162, 33.03085503283294, 26.879821601126338, 72.0445585402264, 66.89417130898516, 65.69647744419588, 68.18793061045403, 69.53651609602329, 72.87944164997569, 82.70393944350245, 89.67488311425127, 89.54872931130693, 88.24856284598309, 85.12217462979153, 80.58667423338812, 72.61751714158981, 69.9264715431297, 72.30605582188902, 73.51574133971808, 82.72636993593609, 82.38286122282831, 80.31047635397039, 78.12015961952861, 61.1092009030623, 75.2419509708885, 86.54476076848667, 95.97762733932014, 106.80483657348124, 115.66890807315878, 126.38910056546536, 118.95836434555852, 127.12538983723009, 129.06116665489753, 121.15462542986388, 112.45748127391417, 106.89838171964635, 98.64613096200965, 90.27904660754996], [16.85942513237714, 17.162898242177803, 22.686095907207083, 33.22501961622015, 28.46860221442347, 24.93020454218308, 23.703383169312055, 46.29076489703072, 50.382345552765344, 58.972377744619166, 67.4856981819244, 77.4700408893341, 69.25053022646908, 61.24262806629713, 53.49570468788444, 10.118429054858861, 0.0, 9.509664463229235, 21.747673654994504, 32.21559997038003, 33.45908998136231, 19.251623638710317, 11.261073541517167, 8.275415167798831, 10.51796221564943, 44.532547166080775, 53.67785014343494, 63.21400290129347, 73.65309126422824, 83.75265676394918, 80.3362578952888, 72.14530243888522, 63.220361860440285, 55.11293488288238, 47.02840566501268, 19.11434929766559, 30.39231750344162, 41.74767183062841, 49.62503339297098, 56.309703118105276, 62.65195279085792, 66.87950963626598, 68.28124832034345, 65.45843421830197, 52.71007471799236, 42.24742398718299, 36.661967648886524, 73.74033660420909, 70.25782465142346, 70.36606188796006, 73.9685928581311, 76.16997126075773, 80.10900782376034, 90.21630383119236, 96.24404025758407, 95.47112998678091, 93.3791387685404, 89.10887555619402, 83.16992654224343, 74.62290007505432, 74.1235075689188, 77.87441961513315, 79.92647059645867, 89.99760152116423, 88.52348030666634, 85.56304214750506, 82.24900698264591, 52.566163176006434, 68.8535848005413, 82.18604335335876, 92.9751943196866, 104.8261364647495, 115.47117553389594, 127.49273208793294, 123.4742111568169, 132.73673596637724, 135.3534227335914, 128.14610800790427, 119.57835855917214, 114.34832213514319, 105.96677140877215, 97.4861011780398], [18.197925509506764, 14.779703077257167, 17.31922916062089, 27.114884313598775, 24.43707096555862, 23.340944757833626, 24.419579224782908, 53.79650338754572, 58.26200912381971, 67.02830868016667, 75.4876030707205, 84.92860852990378, 77.11690090695461, 69.0840128376659, 61.06007202276041, 19.40563224997405, 9.509664463229235, 0.0, 12.333381758984478, 22.940062060666815, 24.39515375007915, 10.420962728173293, 6.353183540455997, 11.791422032195692, 17.51695492476818, 53.35123602881551, 62.304885896389194, 71.48544810616949, 81.44078730131301, 90.89759044306977, 87.8606814318956, 80.17810721649502, 71.59489996406471, 63.63519407890444, 55.639550441448186, 27.0046912673469, 37.31575011527793, 47.62790690485853, 52.89438157882258, 59.98129778022459, 67.80653046169643, 72.7585378522717, 74.49236057751882, 72.1406377712548, 60.16439708460276, 50.084081462689426, 45.18960704448104, 74.3802484322318, 72.6792378295642, 74.0559434728452, 78.58625116834517, 81.47331265411268, 85.8103028983135, 95.87102332866255, 101.04986414127926, 99.80543376191868, 97.04992427516413, 91.765478201684, 84.47851654097289, 75.53363062493705, 77.24210250257747, 82.19041135264203, 84.9443303686085, 95.43632323599016, 93.03508618212426, 89.36327865470436, 85.06236891806032, 43.870241180625705, 61.50100383115796, 76.52005994133265, 88.46291598799534, 101.23671059877236, 113.51890668242775, 126.67266895859116, 126.26509670874327, 136.17811772292353, 139.35272532533276, 132.89103270952756, 124.55587162416535, 119.81157929608403, 111.661752621495, 103.7324051736619], [25.308033132451165, 19.63924996504546, 17.34033872639903, 23.193329921307075, 24.609470585989186, 26.778260955357464, 29.817397789586437, 63.45531687878705, 68.15150165630315, 76.97833838762456, 85.28391212869076, 93.99048762336135, 86.82354886049534, 78.87792856233564, 70.63688878859914, 31.415994324675165, 21.747673654994504, 12.333381758984478, 0.0, 11.037501029693724, 13.480460434535532, 7.083267660705617, 14.270460314475985, 22.207733007655715, 28.587953103078984, 64.28185460385313, 72.89110673969263, 81.51662289389031, 90.75451426623805, 99.31118825090687, 96.82494117464917, 89.84943141526288, 81.78584442539639, 74.11681043849772, 66.33271381964461, 38.08515919285381, 47.76011004331667, 57.19438088067978, 59.600521611582586, 66.9578455868622, 76.26561592260506, 81.79034577312602, 83.53768806789127, 81.46061520915761, 70.56308066401462, 60.5559601360222, 56.12127070587297, 77.40914898112271, 77.96837472215034, 80.75032999784689, 86.12950454532357, 89.59268051846729, 94.13898292723378, 103.69981135116497, 108.13616339805459, 106.58769154066768, 103.22513655966037, 96.9066484053641, 88.06960694955211, 78.85177341232631, 83.1952494147624, 89.31596907310863, 92.69422586871693, 103.08611885970872, 99.96710680410017, 95.70083743024647, 90.41261860922208, 32.19046944318377, 52.29958074238932, 70.05545348433535, 83.5873115432928, 97.70370645636321, 112.16733483838622, 126.63195123350984, 131.09548918005802, 141.11104213499445, 144.56279791749682, 138.75029149362456, 130.50587524638235, 126.22510456382969, 118.16492160217267, 110.83142146751702], [31.768358151829066, 25.494412765634554, 20.42962942639156, 20.831111071305727, 25.83230375477745, 30.242544379251324, 34.447816881925796, 70.82022495513006, 75.91238441919525, 84.84595549118397, 92.98378240992265, 100.86567712825223, 94.20074142056343, 86.30570204538948, 77.90370045312099, 41.44820172342431, 32.21559997038003, 22.940062060666815, 11.037501029693724, 0.0, 4.39007989007512, 14.477664160987576, 23.146895919508605, 31.089982110065055, 37.61310167000432, 73.4905011260519, 81.89783607635636, 90.11570912209459, 98.68924339250013, 106.29876328827062, 104.13223570493601, 97.91555810273036, 90.32402682941829, 82.77057774787926, 75.11642380228574, 46.82254700991804, 55.50007478919345, 63.93769856029161, 63.60012649797535, 71.02883066709147, 81.59219208257889, 87.56621680849528, 89.26368281775936, 87.54479070986059, 77.88640315591103, 68.29659231886306, 64.74613507626329, 77.62873153736788, 80.2578193150397, 84.28610394666639, 90.35723970289666, 94.31504162836609, 99.01788653527372, 108.07038770916554, 111.64297651135246, 109.80465363715946, 105.9115675338025, 98.71899914760263, 88.57572832648356, 79.2942225655311, 85.9823241660285, 93.08855295426541, 97.01204413681953, 107.25548283574483, 103.39423678920723, 98.6144709968666, 92.48785139123284, 22.539402951152677, 42.598676481983915, 62.095944659679716, 76.72283468376791, 91.77365921831182, 107.92893814895298, 123.39305223893815, 132.25199508239774, 142.338876585476, 146.24236553368777, 141.37568214698058, 133.59357808119844, 130.08961962254298, 122.8093094506517, 116.926834485917], [31.122898071719508, 24.552460280522887, 18.538970925707876, 17.18794665846372, 23.01336588612246, 28.18127581348321, 33.01091999019061, 70.84311705587024, 76.2615447197832, 85.3307996418562, 93.46687386798395, 101.13186494015724, 94.39207217091766, 86.41812863042534, 77.96095712126038, 42.36973661992626, 33.45908998136231, 24.39515375007915, 13.480460434535532, 4.39007989007512, 0.0, 14.870119652678587, 23.464508834921347, 31.350088708198747, 37.913861798843456, 74.52006592745425, 83.04077718523462, 91.34172375719453, 99.88061265921402, 107.31424531849653, 104.99703755644605, 98.93707767387473, 91.35701287990277, 83.64163908256641, 75.90634730945679, 46.90017169260834, 54.69360240259491, 62.43243413996424, 61.07466039514568, 68.46744659542439, 79.40898733204297, 85.59495353745922, 87.4741199666117, 86.10964500346431, 76.85921763845434, 67.88533646329164, 65.06022652947401, 74.004639270835, 77.10538944453944, 81.50168532110345, 87.8411423557204, 92.04730082313269, 96.92828332711704, 106.12074290936992, 109.1546776018387, 107.052188001653, 102.92103651515379, 95.44748001270237, 85.02401911809193, 75.72542546213774, 82.98249356492073, 90.43416750510272, 94.6082615015289, 105.17751688598976, 100.80679063977821, 95.75126720775253, 89.33726489473304, 23.397987001967806, 39.947013444373205, 58.442222439627315, 72.88497562507204, 87.72662957110546, 103.87339864889032, 119.46817610503177, 128.8548263689485, 139.47022971776826, 143.9336778511151, 139.7314998356466, 132.48807721121372, 129.50308911205573, 123.05788210140463, 118.18959573811347], [20.58412398852562, 14.071147619340008, 11.333827430993466, 18.7578655832319, 18.694062050974928, 20.859987688149527, 24.688398137596778, 60.34738474037185, 65.51428914122373, 74.57749881794602, 82.98288529032943, 91.71379051698315, 84.11882551836925, 75.96959403987063, 67.68352917078991, 28.450604036819776, 19.251623638710317, 10.420962728173293, 7.083267660705617, 14.477664160987576, 14.870119652678587, 0.0, 9.332032054200196, 17.951300734214133, 24.618007347024108, 62.23317976963107, 71.19474080312555, 80.2063752708846, 89.71930490244871, 98.41616459751133, 95.48200190352586, 88.41664883151772, 80.12450246436596, 72.06204399157066, 64.02735617521452, 33.972226951984716, 42.34917957755189, 50.97384610009266, 53.02266481214004, 60.332519471057346, 69.71662388806025, 75.4718485688034, 77.68336281625449, 76.13530738885875, 65.24302777930238, 56.25807761740052, 52.847850174915514, 71.09169830603818, 71.32350449974837, 74.10962994692265, 79.66754612252764, 83.37997344587237, 88.23965138978679, 98.43945613871134, 102.29392174549423, 100.36027490968469, 96.80348313989606, 90.4018866377019, 81.75725479173632, 72.51598982083001, 76.59289010746326, 82.86876231083173, 86.46393905083387, 97.67988339573475, 93.93790579163931, 89.38475758091622, 83.98314580076926, 36.676389809304766, 52.7712685382603, 68.12639761036512, 80.73903346632848, 93.95565215941609, 107.51034891552794, 121.68979019895909, 124.79861879590948, 135.85333072666492, 140.1436859335568, 135.09057053354448, 127.6103495603748, 123.90043351735311, 116.99359411857286, 110.82408752819225], [13.292599070845101, 8.778534699346473, 11.862592941401978, 22.260671757642353, 18.497981268157154, 17.134658826294093, 18.88159922011947, 51.76133693729266, 56.87674728686188, 65.94038870319625, 74.41616137094664, 83.47905735067955, 75.5368397314925, 67.33229855422401, 59.1473398787805, 19.470981804577757, 11.261073541517167, 6.353183540455997, 14.270460314475985, 23.146895919508605, 23.464508834921347, 9.332032054200196, 0.0, 8.71480421187883, 15.34427015984785, 53.39779665227826, 62.53158567663421, 71.80549050936098, 81.63120067777044, 90.72899932387902, 87.44619514069674, 80.08029888608695, 71.5595054610916, 63.31159547613067, 55.165237488686024, 24.715100423730533, 33.59693075896401, 43.14649690068879, 47.132289727941526, 54.32303318904328, 62.750367968748314, 68.00071745762541, 69.89350253403973, 67.97113532079563, 56.54816059921718, 47.28259307460958, 43.732639086526696, 68.06063062285646, 66.62998480431332, 68.34381707390651, 73.17367215693362, 76.34567324605025, 80.90418087924175, 91.17199142470203, 95.75188239219013, 94.24151597415978, 91.25618095303615, 85.71829566088695, 78.21526696777106, 69.23528346138245, 71.34105039789894, 76.64546881519556, 79.67735278268647, 90.57606123666909, 87.58831524507193, 83.63075700277186, 79.06014884966974, 44.44605686005649, 58.72627703951369, 72.00686394724512, 83.31931783111182, 95.59198158762749, 107.45019325336003, 120.5173133101962, 120.22005614194605, 130.63445863168164, 134.45342474279602, 128.7941178239371, 121.17022946097156, 117.14265692713194, 110.24314006320051, 103.96585294150233], [8.765764295732406, 10.1267627596851, 17.03679503343751, 27.389918563308374, 21.592775986619646, 17.05061033975503, 15.478555432337641, 43.323817343497424, 48.40907085399121, 57.47936498923746, 65.98700276200543, 75.23438131018973, 67.0651496321713, 58.83267393319214, 50.72658931655112, 12.055838890783296, 8.275415167798831, 11.791422032195692, 22.207733007655715, 31.089982110065055, 31.350088708198747, 17.951300734214133, 8.71480421187883, 0.0, 6.686888865485209, 45.0932428120425, 54.320156881474276, 63.73106882488399, 73.70017172597014, 83.00175122707117, 79.43328303424936, 71.929245584287, 63.302113460661985, 54.909281061869265, 46.6969515296991, 16.05865127707623, 25.96861909268098, 36.829139380345424, 42.664727080723665, 49.63063478141967, 57.0556347071539, 61.63180342266299, 62.86821872427277, 60.36218603737397, 48.66390808705726, 38.760836346029095, 35.03623712878255, 65.93430394629922, 63.03930926677779, 63.68181644369916, 67.64456645083398, 70.1330602163744, 74.20717204841631, 84.19140132539947, 89.64664375028754, 88.73731332180904, 86.42575910673231, 81.82411848032885, 75.42485663923023, 66.84157543144016, 67.10053901182273, 71.31358862803575, 73.66452395663511, 83.79743555054831, 81.79403356228435, 78.58657394124425, 74.93413496107875, 51.294006870003415, 63.86922321983943, 75.38354964699315, 85.49348412333944, 96.95978481032772, 107.28469544438988, 119.23301083511062, 116.09929148735168, 125.40244915108282, 128.52764303272122, 122.17258177310539, 114.32851962922068, 109.98732974825396, 103.10059712546109, 96.91163096492207], [11.077845345775911, 15.524918992035774, 22.95753156257565, 32.936995619265595, 26.361836818277975, 20.518630615877004, 16.890306646490142, 37.39583582308899, 42.32338620335772, 51.33137854034091, 59.87648143162476, 69.4265001220325, 60.978842933630084, 52.73722171219365, 44.78623954058916, 7.366307741562322, 10.51796221564943, 17.51695492476818, 28.587953103078984, 37.61310167000432, 37.913861798843456, 24.618007347024108, 15.34427015984785, 6.686888865485209, 0.0, 38.77743366892422, 48.12412836175575, 57.73237930018635, 67.94089444507021, 77.57042352745152, 73.71930221835771, 65.96181559633467, 57.157954203646234, 48.6278101891012, 40.340141514799875, 9.548714451895917, 20.84332158384131, 32.8654563993717, 40.70051529316833, 47.27283247755537, 53.51573700403873, 57.430990167589144, 58.193202305278625, 55.196524116864914, 43.04369923390936, 32.597323570343654, 28.49704460379095, 65.74580180422905, 61.54489732150448, 61.18338944875201, 64.33585598297998, 66.20646967169405, 69.87043480904114, 79.71201426730302, 85.90573508994427, 85.46239473440187, 83.72592794136573, 79.9606857609952, 74.6083067594897, 66.42556363948897, 64.99845332410297, 68.19949076608793, 69.93510868824514, 79.50195234342563, 78.33908073327386, 75.77441892956257, 72.94887834603283, 57.28894327653255, 69.08189206309302, 79.44197458290212, 88.67320969890115, 99.45903246921311, 108.56170508910833, 119.60362991214419, 113.95143441764951, 122.49842253766687, 125.09250951006317, 118.14260470209967, 110.11140985258189, 105.439405286621, 98.46776062138937, 92.11308298606211], [46.470565459322174, 53.12162259533194, 60.812747420808236, 69.74591881184712, 62.93126554677087, 55.77988989544426, 49.167217882926614, 19.436402452571976, 15.573847417537678, 18.91233228727459, 26.33914987891342, 38.38932601655827, 29.949861246855313, 24.234459931021693, 21.164097029186337, 35.024630660805336, 44.532547166080775, 53.35123602881551, 64.28185460385313, 73.4905011260519, 74.52006592745425, 62.23317976963107, 53.39779665227826, 45.0932428120425, 38.77743366892422, 0.0, 9.682635648333925, 20.205239865374676, 31.966419298104533, 44.211348270779006, 39.348433141187776, 29.383841911277294, 19.525314988388406, 11.467892991768018, 5.382735832124493, 31.389147330117684, 35.418003719505606, 45.34832418196187, 58.36103123708306, 61.50374057634714, 60.38302461999652, 58.80214369054765, 54.46740236332155, 46.850951729050166, 36.982602016151716, 24.19372637328318, 14.726598271939007, 85.1029830658922, 7