{
	"dissimilarities": [[0.0, 7.360161878838061, 14.827517553443158, 23.753285447199325, 17.36146126788373, 10.66419976090944, 6.9963829666988655, 40.94118340773698, 46.87310099405429, 56.20071608075395, 64.49866342243726, 72.64261101969858, 64.93473202271389, 56.655484317744936, 48.43285132063634, 18.092304132596876, 16.66077062685775, 18.06227305958821, 25.40166718342566, 32.354241654076844, 31.755400560616483, 20.56789667439128, 13.20083227978092, 8.709751811499798, 10.918117310875397, 46.501985661959914, 55.372184213862106, 64.25857639282843, 73.35922383893435, 81.31327792271676, 77.8848452901299, 71.49401619734132, 63.48588832294526, 55.12198624231573, 47.14408845336584, 16.875969844376414, 23.688873796285844, 33.84525159276228, 37.02680097523983, 44.53519571618112, 54.30397401783977, 58.80287644784402, 59.081984206954914, 56.39004487098955, 46.719790102695505, 37.09715885710243, 35.037103328791, 63.18189323928997, 60.406448988486126, 60.710426689248706, 64.58494040983324, 67.11934461045237, 72.24090120894309, 79.29171327122916, 84.4503987532118, 83.86474154361994, 81.5065369856008, 76.6435875623643, 69.50721559972256, 64.13087902396194, 64.33649414689965, 68.31979913036882, 71.53623319953137, 79.07721610891325, 77.67107518177573, 73.54939412398737, 69.66139494625132, 51.323464639297036, 56.91737777639511, 68.81678346718658, 77.39276262677855, 90.59167378774254, 99.37617009143231, 112.65296722237024, 109.46381475246149, 116.75594476148505, 119.5925216365768, 115.39947983096246, 108.65916195798096, 104.65468913179056, 98.55768185082323, 95.3121063219118], [7.360161878838061, 0.0, 7.857684984713881, 18.039332401660936, 12.688129121866389, 8.79944589510919, 10.812034825974667, 48.28229833211125, 54.160313335720396, 63.46903724611337, 71.79506734990818, 79.98158719082095, 72.28774459746754, 64.00478633012645, 55.78917787113813, 21.85411903089834, 16.929990581420917, 14.592475157960868, 19.77207916992548, 26.247924690575747, 25.37859288286931, 14.051496066586965, 8.612488601707346, 10.038070531382859, 15.373216568653032, 53.1240951311327, 62.11056775204066, 71.10333847867508, 80.32313832713709, 88.35570574626358, 85.04780693165328, 78.56317355744808, 70.46395296452867, 62.11035254227731, 54.0635950055023, 23.031729488976833, 29.354618179902854, 38.1444065376977, 40.045728027932, 47.67303225003902, 58.08246044517675, 63.26869741668747, 64.46594054539419, 62.517477999357745, 52.69727626045086, 43.9584249853231, 41.95484964919053, 64.52740372921673, 62.704231975752876, 63.89125560443449, 68.47326101928631, 71.69448498537568, 77.4239889682915, 84.99889010470514, 89.28385496871773, 87.99040610822256, 84.96439836839403, 79.25423308962684, 71.46152494554525, 65.81739917091559, 67.10931837656888, 72.18083437774169, 76.03329356168761, 84.47667882226307, 82.11989155356154, 77.26093764299138, 72.52677182313865, 46.368302037141106, 52.8756630331079, 66.02313158240547, 75.67128925467166, 89.35704591380654, 99.33853836413299, 113.59135663617354, 112.42636512933983, 121.2075463707986, 124.9439656773617, 121.48681435437852, 115.08404926327684, 111.4254633796255, 105.44499464595052, 101.99839648462317], [14.827517553443158, 7.857684984713881, 0.0, 10.98665913416167, 8.558617905364978, 10.369173704046627, 15.914551426649671, 55.61485204038852, 61.647199521281244, 70.97163875961684, 79.2230874318463, 87.05997845430716, 79.54878436760544, 71.28575566123774, 62.99792364910466, 29.17645157470286, 22.73960137803301, 17.307956617438727, 17.350579571102198, 20.952933583445496, 19.15584597479477, 11.33428627537795, 11.953736500428349, 17.21068841522177, 23.057929133859485, 60.95031221448419, 69.88234200924168, 78.75545420417554, 87.76008304957415, 95.46197339651705, 92.32052254856022, 86.08862038564536, 78.14057867584249, 69.84574527475695, 61.8477849338399, 30.80479114952291, 36.10113840884036, 43.405860565631656, 42.93000119983884, 50.671546941881395, 62.15240974990235, 67.92076631720833, 69.64552891130495, 68.32546516921381, 59.121594843727344, 51.22201601920825, 49.71502664736388, 64.55920039924598, 64.2036133838275, 66.54233453506687, 71.8499405218043, 75.73358516965959, 81.85813196586109, 89.62319506453245, 92.99467509857571, 91.08326659012478, 87.3749871999421, 80.74162678276014, 72.11797279833982, 66.24278517393549, 69.04010778424357, 75.3518227860597, 79.759149527277, 88.76196287428289, 85.5190478012003, 79.92874881278057, 74.30512421495641, 41.13130866466354, 46.822066005721375, 60.68011531994437, 71.26472655461329, 85.438152953783, 96.75045634725667, 111.95652585603023, 113.8162127623355, 123.75377415629987, 128.34231227630752, 125.76167382667214, 119.83933630968376, 116.81435084400373, 111.41621189059389, 108.55686370508529], [23.753285447199325, 18.039332401660936, 10.98665913416167, 0.0, 9.099964613300212, 15.644121908868206, 22.076811111576355, 62.752227470174326, 69.16840931771615, 78.47971834477339, 86.45398649243457, 93.31231263389617, 86.2610512204228, 78.11264496606796, 69.72720512287871, 39.852267705375525, 33.62633269024288, 27.421469984572695, 23.24493384324462, 20.89668870612916, 17.283513567428727, 19.072680936272043, 22.72117196318502, 27.920471774565616, 33.37194699441629, 70.12832994520825, 78.78053463823258, 87.22216181540077, 95.5225088435048, 102.26685257717467, 99.34519592955108, 93.89563763103071, 86.46095212665618, 78.30651893494763, 70.53884617839634, 40.27993956738795, 43.86611106709453, 49.39647214294885, 44.92829210739863, 52.73915486361346, 65.93100623964204, 72.12018868313442, 73.82543897912328, 73.05459400380019, 65.63711051315607, 58.73810945949448, 58.375398438646315, 61.593067641648325, 63.62042318716904, 67.57060525677844, 73.63623547032158, 78.15995068572929, 84.35155936639288, 91.78319375008559, 94.081731490743, 91.66841885350975, 87.24300387394668, 79.55772598964792, 69.80490943543663, 63.76646382137452, 68.80945611433124, 76.62673629052544, 81.47022040952244, 90.50582261314474, 86.4210497201508, 80.09228861364133, 73.49333573802818, 37.03662944770215, 37.14412343075877, 50.23086780971893, 61.43946661209565, 76.14133010008476, 88.99999040075849, 105.12634345276652, 111.71652599785887, 122.273914928774, 127.70097475906579, 126.33658470547022, 121.23262921036316, 119.39194915152704, 115.46119313364929, 114.53102320560363], [17.36146126788373, 12.688129121866389, 8.558617905364978, 9.099964613300212, 0.0, 7.565622074400096, 14.81062112515883, 55.64064564246415, 62.26865504592997, 71.64965447136059, 79.69595946362426, 86.84496438235031, 79.3284737387842, 71.05885206997483, 62.701946173188986, 33.84285420519624, 29.254306711967402, 25.346623004424572, 25.62176226322185, 27.099723354160172, 24.276652390108833, 19.68160213602488, 19.43170754346311, 22.390015512852038, 26.93820688274047, 63.35841761787455, 72.20807451044557, 80.97108224873256, 89.6381027960849, 96.76907934759691, 93.37284420223064, 87.64742909752825, 79.94550287424275, 71.52290113353237, 63.618049414302675, 32.853074223123606, 35.145420148686014, 40.30935894731358, 36.76277406213794, 44.573986924665626, 57.23975460092439, 63.343212522631546, 65.23386017102763, 64.63159640834502, 56.77988446258831, 50.519133118942825, 50.89345968211984, 56.37494336326126, 56.81094166507374, 59.922866930015296, 65.69120050146228, 70.03932041798652, 76.3920648720626, 84.32810820745334, 86.76817465239742, 84.40952263062638, 80.28330803858623, 73.16509539762097, 64.13882826042382, 58.196809783196116, 61.82177482041622, 68.93141228082823, 73.68265485241268, 83.10490158157974, 79.08051969743879, 73.00373040964008, 66.87933555830864, 45.16375374535241, 45.05377022927722, 55.46048070557573, 64.70017086656938, 77.95562902420814, 88.53410143505087, 103.71186417847504, 106.01983175661145, 116.74954148975824, 122.35130796832105, 121.07745221088244, 116.22598407580863, 114.29841368473372, 110.81080442538801, 110.1632074722169], [10.66419976090944, 8.79944589510919, 10.369173704046627, 15.644121908868206, 7.565622074400096, 0.0, 7.3931288200707685, 48.142250271625514, 54.73713736959245, 64.12442253504007, 72.20511922141034, 79.54073702541928, 71.91447810825028, 63.620814142945044, 55.275777732605306, 27.853093400858025, 24.974995105016955, 23.32950633522778, 26.787428549064003, 30.610772769854638, 28.60377794863932, 20.857185657567154, 17.192714333406027, 17.21924151340694, 20.62815799031513, 55.93144500834614, 64.74305036072796, 73.51022806551242, 82.23678995763211, 89.52117101856744, 86.00150972706884, 80.17115760541306, 72.43005806009762, 63.98513525322465, 56.09351276017138, 25.702529706160227, 28.313247795995444, 34.87090712173988, 33.286703526485766, 41.19962086165985, 53.10069320708489, 58.61996054530594, 59.81600185892569, 58.508452062810825, 50.285662088664395, 43.197971106998736, 43.38189026989736, 56.10802376003429, 55.083465763659106, 57.04537812324694, 62.086884927717264, 65.74864726060817, 71.6415481278035, 79.28020686895343, 82.7154041340672, 81.05909226602117, 77.64967945073418, 71.47297491609054, 63.23333339427471, 57.516445782374085, 59.64500316478212, 65.51283211033247, 69.66681426399984, 78.40190393345263, 75.34565635764669, 70.02713879248749, 64.82092048757163, 49.06853452258119, 50.17401991222434, 60.19953938139128, 68.55222551839312, 81.42442587793124, 90.72332449916334, 104.89030273469152, 104.41500487026393, 113.7419316400161, 118.37456652038144, 116.16702797803826, 110.80548339341371, 108.30073795576459, 104.3243694156151, 103.3284339856691], [6.9963829666988655, 10.812034825974667, 15.914551426649671, 22.076811111576355, 14.81062112515883, 7.3931288200707685, 0.0, 40.92725098849569, 47.49113141049741, 56.86325819947975, 64.91018333519504, 72.22170175840354, 64.6696247291006, 56.403704954989685, 48.04477879276973, 24.117667783228708, 23.572674726766667, 24.294052102066054, 29.810482105554854, 34.82563134364316, 33.433848092015495, 24.635523226439215, 18.810321201857402, 15.48757355152995, 16.81370370241361, 49.242072411716464, 57.843122122079315, 66.40852684081494, 74.95537697298184, 82.14968384937157, 78.62076567133356, 72.88773439321282, 65.28652532275507, 56.926612123506956, 49.168028640373414, 20.20670524410014, 23.447957586239745, 31.80702204429352, 31.936989125904297, 39.77432362339183, 50.89765492336838, 55.59931350490372, 55.664238318054764, 53.34907252135746, 45.21471372453539, 36.83800298431405, 36.71346171054482, 56.817994678632985, 54.74242361478734, 55.65983934152114, 59.85765401842271, 62.67885390431992, 67.81422150486176, 74.74865896163138, 79.35327799635891, 78.59312647843258, 75.98535240121511, 70.78960525730459, 63.266300267645384, 57.847203680173905, 58.75268298893391, 63.331072498873134, 66.70819452017568, 74.27684207646729, 72.44991077218049, 68.02486143477722, 63.81629932462188, 52.58036549462916, 54.234697568960904, 63.88418283151742, 71.48627713483461, 84.15948540327796, 92.49742545138227, 105.66225290973888, 103.3348802773091, 110.76303249012335, 114.14283435203735, 110.82852221258625, 104.83898965780617, 101.76348077464492, 97.26766329774648, 96.10539082952224], [40.94118340773698, 48.28229833211125, 55.61485204038852, 62.752227470174326, 55.64064564246415, 48.142250271625514, 40.92725098849569, 0.0, 7.557615433692561, 16.461422349581976, 24.273973218027617, 32.60490082025397, 24.09976355329278, 15.745612231158685, 7.807684319047356, 37.136440134596725, 46.127514891276576, 53.71037173516518, 63.52837700608236, 71.20451458468335, 71.24717585788204, 60.3337186087733, 51.69493617309616, 43.24162056747627, 37.25762908223417, 19.28864025115493, 23.428707413370077, 29.7673712042032, 37.23441676739756, 44.62204940059367, 39.63988222633677, 33.98881219728377, 27.257752955404467, 19.658693999019036, 15.076420761882245, 28.820255934358148, 28.169376514788855, 36.16917160045076, 45.248184173609474, 48.210518536663365, 49.606789974305926, 47.915931048087344, 41.33847547891264, 32.69410718565886, 27.46204090362366, 13.954156821514548, 12.971918764304492, 71.4561795019383, 63.82334342081936, 58.65365662514035, 56.935862567140624, 54.04154232035846, 53.685942661893705, 55.80782081740505, 67.05689908239137, 71.42273047408368, 73.85442792204982, 75.09651926753033, 73.22826646045023, 70.39106999859162, 64.10436306106537, 60.15555497257762, 58.34950008524455, 58.17614584392419, 64.0302782190735, 65.69502416773881, 67.9387107485991, 86.46823443028089, 89.269327198865, 95.7196930609736, 99.11198682561766, 108.76500362888784, 110.8100840593202, 117.95262643911437, 102.1904861673793, 99.92226275853297, 96.59363918378234, 87.22979577800183, 78.2057138471149, 71.24462750143121, 64.12946037402236, 62.13451656647162], [46.87310099405429, 54.160313335720396, 61.647199521281244, 69.16840931771615, 62.26865504592997, 54.73713736959245, 47.49113141049741, 7.557615433692561, 0.0, 9.39954665115297, 17.733404421487545, 27.448343910710495, 18.995490419246853, 11.38443750861227, 6.945308079393884, 41.03942293130431, 50.27005768363185, 58.20418313946373, 68.22596009064725, 76.27145783437679, 76.63683629953381, 65.5081383535995, 56.831209683960495, 48.35434195083136, 42.235359167969115, 15.520862700884061, 16.96270811510397, 22.32431771062332, 29.88086544983376, 38.02833460656522, 32.87929550865922, 26.568931083863006, 19.73293972181715, 12.616183078178402, 10.466129707809568, 33.978976201754726, 34.480329084625886, 42.52829964283583, 52.5242696695248, 55.12988255397428, 55.30257174203799, 52.91014216991046, 45.944084218189246, 36.835149875922454, 31.930983139953625, 19.3857038694464, 15.969063901949012, 78.58002377064508, 70.6072164607333, 64.94945218029609, 62.62761435687601, 59.08387398569896, 57.935473730408475, 59.07702474125298, 71.22658592996295, 76.27501019002837, 79.34170256537944, 81.30718157379759, 80.00610039235556, 77.39339163153886, 70.58267106559121, 65.77930164933528, 63.359748806946904, 61.943312455379406, 68.91388929121504, 71.36408354168405, 74.27205865017206, 91.15413272099912, 95.29489093325884, 102.41245343597758, 105.95871966313898, 115.74823288667959, 117.65041755261932, 124.27871574256211, 107.40702807329842, 103.58222838898585, 98.78927565583898, 87.85585739857136, 77.76668309453875, 69.4249296486292, 60.29040181443575, 56.19090982990616], [56.20071608075395, 63.46903724611337, 70.97163875961684, 78.47971834477339, 71.64965447136059, 64.12442253504007, 56.86325819947975, 16.461422349581976, 9.39954665115297, 0.0, 8.569102207954403, 19.68014639978801, 11.536380841504064, 7.5505589414011585, 11.460798362242178, 49.56362571979259, 58.89525616448348, 66.98390854232994, 77.03590727265511, 85.15101577790115, 85.64944793847258, 74.56621229082971, 65.90239319099136, 57.43795043143169, 51.27338294547082, 18.955603493736017, 15.141846315963287, 16.20940056271826, 21.97375414947696, 30.079138676349906, 24.25949817032799, 18.00753178226325, 12.745684198974411, 9.635069908525937, 14.112934656200354, 43.03874528051254, 43.25571465718399, 50.30907666478845, 60.422025769765135, 62.306474286627214, 61.02207697427427, 57.57047194258889, 49.74216813767327, 40.150225102586774, 37.15423057099686, 27.065243671232558, 24.253949542187762, 85.38803251427171, 76.99033029434875, 70.68502999666526, 67.43322480441283, 62.93307298278807, 60.48431473461315, 60.045319843771246, 73.26955266836177, 79.32771896414839, 83.34154081945363, 86.44185235607827, 86.08881648634032, 83.9524008660471, 76.37758445185068, 70.3098068020811, 66.92142950192238, 63.53246970845732, 72.05196028128317, 75.68514629312848, 79.65163013459279, 99.4909676494466, 103.77694043394933, 110.54430522046376, 113.56374630270592, 122.91308731083349, 123.92887709510144, 129.44181402619375, 110.61941205518382, 104.48553913299473, 97.88948570625382, 85.29536710813535, 74.33059857364765, 64.6957567646409, 54.28445295885403, 49.35559810932012], [64.49866342243726, 71.79506734990818, 79.2230874318463, 86.45398649243457, 79.69595946362426, 72.20511922141034, 64.91018333519504, 24.273973218027617, 17.733404421487545, 8.569102207954403, 0.0, 12.263523164593607, 6.439136703816205, 10.423920256605479, 17.81758840701092, 58.104051887753705, 67.40114731347569, 75.42924519480485, 85.3115421793125, 93.22870133206887, 93.7241684720727, 82.95483850711862, 74.3665370584497, 65.93821232167562, 59.81085148245729, 26.374379176976092, 20.225368073054838, 16.594467536530782, 17.61628425288605, 23.730554286214133, 17.1553419819356, 13.105153931722969, 12.985361863027194, 15.404470987898321, 21.989715345417686, 51.57052333439526, 51.27119640614913, 57.41700269094718, 66.92434936024694, 68.25221458108145, 66.16554159575198, 61.90357127888046, 53.22201986077926, 43.37838136222425, 42.68559017899742, 34.5333730519633, 32.70451577566078, 90.39345817936227, 81.89132504475563, 75.22336958765082, 71.24098624074685, 65.97185026974195, 62.26284584070234, 60.098966608801604, 74.16711613233062, 81.17185543003666, 85.99826341704373, 90.04480851176726, 90.44047993731348, 88.75667959092542, 80.75261052881565, 73.74099482921338, 69.49212301951654, 64.09324497487205, 73.99661197999045, 78.65680078893487, 83.50904460545496, 106.91428006790123, 110.6010579983523, 116.60844525483661, 118.9213302194739, 127.725710706652, 127.84272053492113, 132.22070924685337, 112.13133513366435, 103.60346417098586, 95.26402799156219, 81.2064004968852, 69.55106751749483, 58.9417873689312, 47.959084644050634, 43.67001552216093], [72.64261101969858, 79.98158719082095, 87.05997845430716, 93.31231263389617, 86.84496438235031, 79.54073702541928, 72.22170175840354, 32.60490082025397, 27.448343910710495, 19.68014639978801, 12.263523164593607, 0.0, 10.147994393000863, 17.766155587345114, 25.091204234068123, 68.32800915396498, 77.27319747237935, 84.76494855557164, 93.90079397039666, 100.94480387737079, 101.22269664237348, 91.5993875874174, 83.34246744791776, 75.10636171655322, 69.25577420502843, 38.28374228444866, 32.131548223848625, 26.57051298385701, 21.70362822837843, 20.163066354217456, 14.682331891032776, 18.80384704370055, 23.776577917431958, 27.51092735467289, 33.71456625489841, 61.15138476561866, 60.035152251482096, 65.16028552608222, 72.3408281916745, 73.28219568386544, 71.55825337904659, 66.70508493929165, 56.68564721798429, 46.62466182023132, 49.80196738783087, 43.30815509135729, 43.132317752802535, 92.71734259195247, 84.91914143927082, 78.43296287133685, 73.89872669049372, 67.95904613371879, 62.539108924521045, 57.49286930068978, 72.45904562768379, 80.72501018226929, 86.3527637724032, 91.2106477267275, 92.07083925160143, 90.93458020952409, 83.20815121774994, 75.65477040089385, 70.43100192513009, 61.980037831882115, 73.5905658000427, 79.321458541055, 84.98820411168843, 113.17596389097241, 114.6402269115733, 118.85919000880331, 119.88467409958518, 127.85437333248004, 126.91913102952049, 129.740037830189, 110.15291786521877, 97.8669254543259, 86.99998036798362, 71.0312456313091, 58.39707891936891, 47.02763687384674, 36.807240168383025, 38.000771240502274], [64.93473202271389, 72.28774459746754, 79.54878436760544, 86.2610512204228, 79.3284737387842, 71.91447810825028, 64.6696247291006, 24.09976355329278, 18.995490419246853, 11.536380841504064, 6.439136703816205, 10.147994393000863, 0.0, 8.432997097928176, 16.646105720256767, 59.95982257273926, 69.25244791932768, 77.10480176519326, 86.8404199481404, 94.37964328941607, 94.58104753115057, 84.10595636764667, 75.52958278259851, 67.07734381108233, 60.994809430723095, 30.21622023441114, 25.444779849234955, 22.972624853708403, 23.285919995512696, 26.982223417162952, 20.49862267880867, 18.9351127012228, 19.235555070998448, 20.12018048283872, 25.33304966193595, 52.482747663382, 50.759445400657576, 55.71520075094897, 64.10194468988054, 64.9858911863928, 62.78676586707119, 58.176580818866846, 48.83155163796118, 38.83508675761641, 40.21894008252475, 33.676909058011454, 33.95432966394065, 86.17248832225287, 77.68621024402955, 70.93299719997295, 66.6343520789438, 61.06006029854247, 56.771219574990724, 53.94534329460324, 68.2189119623239, 75.54312928863106, 80.63463868960422, 85.04226252855764, 85.79734085467254, 84.40379924027494, 76.23614236694563, 68.86300632390959, 64.2408240252052, 58.04191509661606, 68.37572898056945, 73.41053100403778, 78.64509579825383, 108.06841700377592, 109.97342122125985, 114.56233689588169, 115.98774091581795, 124.00938113604491, 123.22880946705736, 126.99922393143805, 106.21851889348434, 97.21334588321419, 88.99361863428064, 75.45304466071087, 64.50824326482312, 54.79140622190849, 46.51014577470096, 46.24166225809377], [56.655484317744936, 64.00478633012645, 71.28575566123774, 78.11264496606796, 71.05885206997483, 63.620814142945044, 56.403704954989685, 15.745612231158685, 11.38443750861227, 7.5505589414011585, 10.423920256605479, 17.766155587345114, 8.432997097928176, 0.0, 8.390416754903656, 51.98721068305677, 61.26264606266922, 69.08207598596444, 78.90163152633922, 86.50345967672521, 86.62659503437115, 75.95985497942803, 67.33179421646854, 58.85379828687017, 52.769584388015794, 24.57853104295975, 22.31292862938377, 23.363218796448532, 27.182832161291966, 32.839260968712225, 26.814329254638725, 23.000669034106895, 19.657251864448472, 16.673938208174487, 19.336983355314032, 44.19111287759212, 42.44651402217899, 47.96345427362139, 56.646454647342054, 58.01538571328152, 56.67623616001627, 52.81480578820508, 44.106269856219626, 34.17330838348453, 33.713463161562224, 25.60163405044176, 25.999700316557284, 80.0444713467063, 71.6561258361069, 65.24696170496915, 61.639642101026276, 56.795779223060514, 53.730519748294434, 52.66683786166789, 66.09926428579513, 72.48803512662991, 76.77134750821702, 80.24826589774166, 80.26921028298456, 78.45260948892374, 70.68695904938967, 64.21977339362992, 60.42171956059274, 56.22702024274474, 65.17102241325877, 69.18796423843536, 73.57279499788933, 100.7949310951316, 102.83550589660794, 107.85635763776915, 109.80303052230715, 118.24036671184918, 118.216402668278, 123.0569412396626, 103.52321922916084, 96.94172780639109, 90.59025396210737, 78.69852573277859, 68.59099472193762, 60.03910747237122, 52.512316445315236, 51.77065216011852], [48.43285132063634, 55.78917787113813, 62.99792364910466, 69.72720512287871, 62.701946173188986, 55.275777732605306, 48.04477879276973, 7.807684319047356, 6.945308079393884, 11.460798362242178, 17.81758840701092, 25.091204234068123, 16.646105720256767, 8.390416754903656, 0.0, 44.84473684465703, 53.85713103360074, 61.39338572106005, 71.01079898783236, 78.42570854092295, 78.43949665398338, 67.93364122596147, 59.393490360048965, 50.99204261303203, 45.05282346059467, 22.235768269674875, 23.197125218510287, 27.032533320603118, 32.61015779452778, 38.79445443224006, 33.476285523992026, 29.016818963646376, 23.927311674278894, 18.189636914066455, 17.100954390696792, 36.610422960140845, 35.11575443998312, 41.59015633396948, 49.86779291077897, 52.03086136433885, 52.34867955773766, 49.5397671234399, 41.540976041205916, 31.95263826988805, 29.84336197395181, 19.30652625220878, 19.786741809002734, 74.27534381849776, 66.4285243167672, 60.72593704810247, 58.05902304924061, 54.15355642480867, 52.30634161895491, 52.64434260515918, 65.09223595685305, 70.5628760327652, 73.92329863808037, 76.25465587378159, 75.24905214274004, 72.94358416082258, 66.04525781111522, 60.879041616132874, 58.009451460200346, 55.59996126641108, 63.103508242505725, 65.96307232337543, 69.29214167625145, 92.94001708788858, 94.83233701596193, 100.2335841007417, 102.71720200436489, 111.69899360905997, 112.66163494987423, 118.58758349015072, 101.37140261068255, 96.74137292868267, 91.8855894084317, 81.34265823496935, 71.8313042068384, 64.33011379606299, 57.40849471516324, 56.73874012936721], [18.092304132596876, 21.85411903089834, 29.17645157470286, 39.852267705375525, 33.84285420519624, 27.853093400858025, 24.117667783228708, 37.136440134596725, 41.03942293130431, 49.56362571979259, 58.104051887753705, 68.32800915396498, 59.95982257273926, 51.98721068305677, 44.84473684465703, 0.0, 10.14233510294764, 19.48744813463148, 31.7226179823936, 42.261261992400236, 43.19617086569868, 28.52891953614209, 19.48396454135251, 11.971938643458461, 7.354369569627907, 35.01049065012309, 44.37306009131336, 54.1872498474018, 64.89152665637388, 74.9933158400224, 71.23976275775534, 63.05263800590038, 53.9416949966659, 45.60472969097957, 37.392298400218515, 10.892081786312295, 23.00456980827275, 35.38368944385356, 46.054047963038315, 51.96970505816036, 57.09946191764953, 60.31173906570953, 60.751312370953116, 57.19656606367938, 44.235474821505434, 32.96680876780007, 26.83673623672687, 75.5744561358212, 69.93465915980589, 67.8390821379574, 70.18227640963347, 71.46045951255564, 76.18388088806283, 83.50307834788889, 90.15333977415524, 90.29733823254996, 89.09977490305332, 85.95829521032651, 80.76175278391321, 75.91043214111481, 73.10268289208209, 74.5130183544597, 76.85212802094351, 84.02486681116171, 84.00955492936545, 81.2349069769993, 78.95683171884467, 62.093348522071224, 73.28494134592985, 86.78284959040236, 95.42499105085467, 108.2365960250078, 115.72974126629927, 128.02486273217107, 118.88212941757386, 125.42318461993733, 126.98605799654798, 120.91044691551565, 112.89646232246342, 106.79448022501906, 97.811060714663, 90.25552570768565], [16.66077062685775, 16.929990581420917, 22.73960137803301, 33.62633269024288, 29.254306711967402, 24.974995105016955, 23.572674726766667, 46.127514891276576, 50.27005768363185, 58.89525616448348, 67.40114731347569, 77.27319747237935, 69.25244791932768, 61.26264606266922, 53.85713103360074, 10.14233510294764, 0.0, 9.569822680753287, 22.055821098680365, 33.07354268287553, 34.32120582294824, 19.295670383359838, 11.228868411503537, 8.155842266506507, 10.496524233842983, 44.54731816888689, 53.66308368408608, 63.14552010082515, 73.50511946037133, 83.24370632763372, 79.93970378535488, 72.0234094423501, 63.16457083584666, 55.076543749919715, 47.00702067758122, 19.1054618081044, 30.18095199719866, 41.47419973772425, 49.70103094265234, 56.2902762722616, 63.083919023074216, 67.21521198655573, 68.36587576078502, 65.43332035367328, 52.90082931589391, 42.27221321027224, 36.66935820839745, 77.6248974083261, 73.43083566616181, 72.60083026052278, 75.90949794860518, 78.02914930770167, 83.33316596778052, 90.93963191187828, 96.7696660508393, 96.24501123973866, 94.24509873892967, 89.9695371034336, 83.68405114696752, 78.41485407959365, 77.22670706299135, 80.14401781372902, 83.20448211064385, 91.11571974290196, 90.15417591125613, 86.4757204352355, 83.10542373048096, 53.558206288135054, 66.84888578598667, 82.28654745627358, 92.38461708762614, 106.1697155859356, 115.48042067628438, 129.01197941563808, 123.39207936997293, 131.13873574205, 133.39327894358937, 127.8756041620663, 119.97221277128274, 114.24627958846615, 105.16392075899962, 97.42136794654485], [18.06227305958821, 14.592475157960868, 17.307956617438727, 27.421469984572695, 25.346623004424572, 23.32950633522778, 24.294052102066054, 53.71037173516518, 58.20418313946373, 66.98390854232994, 75.42924519480485, 84.76494855557164, 77.10480176519326, 69.08207598596444, 61.39338572106005, 19.48744813463148, 9.569822680753287, 0.0, 12.595261560869387, 23.783255852635758, 25.230500506487854, 10.406508001839521, 6.324921783885237, 11.815853857070763, 17.556023694249824, 53.42453557471978, 62.33616673448686, 71.46201829610962, 81.33028257031351, 90.47472128169005, 87.55027918604584, 80.09723136471956, 71.5793625692676, 63.647061178710096, 55.685857115956836, 26.99187356882164, 37.00838315353837, 47.317593879258425, 52.821489088415916, 59.94776620954473, 68.3978645269711, 73.21687916693418, 74.69014026929476, 72.18912406847706, 60.450906666262476, 50.24698444122325, 45.28022869271667, 78.5587044799342, 75.94001089047437, 76.35303859552502, 80.4786031860102, 83.28149695455329, 88.92869888629899, 96.55812415659581, 101.67200776965834, 100.64555837055477, 97.96089531091587, 92.6785748528668, 85.3609897592787, 79.77014287852771, 80.23329539478667, 84.51372865668503, 88.12202103955536, 96.42404793672193, 94.7118919227468, 90.28095675023167, 85.96453256075598, 44.8177680597676, 59.43736962861383, 76.46331462341402, 87.81150347169763, 102.45937251148598, 113.47206927713827, 128.04567603667536, 126.18758663459349, 134.72557018961967, 137.5364662431876, 132.6002340056531, 124.90171963181142, 119.70883646168191, 110.90403699116163, 103.63510955859776], [25.40166718342566, 19.77207916992548, 17.350579571102198, 23.24493384324462, 25.62176226322185, 26.787428549064003, 29.810482105554854, 63.52837700608236, 68.22596009064725, 77.03590727265511, 85.3115421793125, 93.90079397039666, 86.8404199481404, 78.90163152633922, 71.01079898783236, 31.7226179823936, 22.055821098680365, 12.595261560869387, 0.0, 11.624181731289521, 14.010382366647885, 7.283766699664673, 14.561970155002859, 22.517858190201835, 28.838622264729104, 64.5280028307921, 73.06658426796646, 81.61852144621834, 90.73642835362223, 99.02055000847596, 96.65954143084572, 89.87333279074959, 81.89075850413441, 74.2690055599141, 66.55304879910113, 38.21140830507541, 47.472155950664614, 56.96530968574739, 59.404747556294396, 66.99412874951393, 77.19201876252573, 82.53105950697197, 83.98395994456644, 81.68888589096849, 71.0906757127621, 60.99213702158583, 56.41620847977834, 81.89863320191208, 81.3344540290448, 83.15584745547852, 88.04269158229853, 91.42739963336204, 97.16990532363161, 104.44071981061656, 108.96045672421442, 107.5901985759489, 104.26316223337234, 97.94941356580651, 89.45987820956874, 83.59251490632681, 86.06825498963916, 91.74942544804244, 95.77409879596527, 104.0414945719549, 101.78381635786396, 96.68337912695297, 91.4342837158201, 32.83947395012888, 50.02268662079677, 69.59028190927708, 82.69455201298351, 98.6096359985281, 111.97766568045151, 127.69789100046921, 131.0527871970131, 139.88219610790532, 142.94220427600925, 138.39790895720236, 130.75557277372198, 126.09781736651766, 117.4342684556525, 110.67403970786015], [32.354241654076844, 26.247924690575747, 20.952933583445496, 20.89668870612916, 27.099723354160172, 30.610772769854638, 34.82563134364316, 71.20451458468335, 76.27145783437679, 85.15101577790115, 93.22870133206887, 100.94480387737079, 94.37964328941607, 86.50345967672521, 78.42570854092295, 42.261261992400236, 33.07354268287553, 23.783255852635758, 11.624181731289521, 0.0, 4.396751550396837, 15.437232272128869, 24.057269755522366, 31.95764492291791, 38.359465305032245, 74.10302814526209, 82.39222662208671, 90.4898900986071, 98.87662345681501, 106.20547367313345, 104.19582919054749, 98.16767679098004, 90.69983217500496, 83.2294846996943, 75.6902125814653, 47.363611426125445, 55.510880745234395, 64.0523674078054, 63.51531062174532, 71.35489042424305, 83.103620682187, 88.82539822115612, 90.15348350421552, 88.12865998159216, 78.88083267007421, 69.20104395146276, 65.44932293003849, 82.440681947068, 83.8398593241785, 86.95082951904696, 92.46079821098665, 96.33817735745811, 102.08422940743544, 108.94863966762975, 112.77749082644156, 111.10045942992673, 107.21277902014099, 100.02449235790894, 90.54882284525121, 84.53930955871338, 88.87140112774391, 95.7753679534682, 100.12094347555626, 108.25924173720166, 105.46522937260322, 99.79572426543706, 93.76272944500965, 22.491434418814464, 39.79229569801582, 61.052496443081324, 75.43962713931576, 92.25115455117685, 107.53498225819496, 124.10448249453131, 132.3311892735527, 141.34103308893825, 144.7851114533752, 140.9425629005423, 133.70077698446877, 129.89227799450123, 122.08932180620309, 116.74001998332957], [31.755400560616483, 25.37859288286931, 19.15584597479477, 17.283513567428727, 24.276652390108833, 28.60377794863932, 33.433848092015495, 71.24717585788204, 76.63683629953381, 85.64944793847258, 93.7241684720727, 101.22269664237348, 94.58104753115057, 86.62659503437115, 78.43949665398338, 43.19617086569868, 34.32120582294824, 25.230500506487854, 14.010382366647885, 4.396751550396837, 0.0, 15.862938927111895, 24.40718959551955, 32.248609402232674, 38.68583721575198, 75.14531145135169, 83.54674100107344, 91.72706982647473, 100.0790182472546, 107.23512043345347, 105.07478033682425, 99.2007351316584, 91.74456404850974, 84.11371085126187, 76.49500708662579, 47.46405229114168, 54.71455510576309, 62.561222384618524, 60.985274048463936, 68.81849357315414, 80.9987868332443, 86.91435436764066, 88.40924316195601, 86.72411903632319, 77.89409717131065, 68.82437325408861, 65.78448743568838, 78.85783388795605, 80.69291856109369, 84.1788697764759, 89.92205702215792, 94.04236755148747, 99.94273741460847, 106.94115510626285, 110.30068753859103, 108.36315118988914, 104.23684215077373, 96.77129903649221, 87.08788155126757, 81.04968384773423, 85.82409052613815, 93.13144297176741, 97.67245395699156, 106.0749228978639, 102.86846430603076, 96.93616050100005, 90.6271460124983, 23.333977830759785, 36.99075022615754, 57.39454129826495, 71.59941912238111, 88.20074225447206, 103.45947754929384, 120.1770536358285, 128.94305622222947, 138.47842637633423, 142.4749517497432, 139.29465375949275, 132.56141356220945, 129.27342822229272, 122.34584967448066, 118.00894919641784], [20.56789667439128, 14.051496066586965, 11.33428627537795, 19.072680936272043, 19.68160213602488, 20.857185657567154, 24.635523226439215, 60.3337186087733, 65.5081383535995, 74.56621229082971, 82.95483850711862, 91.5993875874174, 84.10595636764667, 75.95985497942803, 67.93364122596147, 28.52891953614209, 19.295670383359838, 10.406508001839521, 7.283766699664673, 15.437232272128869, 15.862938927111895, 0.0, 9.393893127128392, 18.05493302038044, 24.68107551546709, 62.333755712773716, 71.25098530046441, 80.21830252504691, 89.65301615103783, 98.09676627053081, 95.26531965042226, 88.37738964606659, 80.13935628484268, 72.10589051337685, 64.11591259885726, 33.94484407159471, 41.93025758794613, 50.57643457623463, 52.79559030869545, 60.270074883511384, 70.45153836115249, 76.02952542560908, 77.97523936324771, 76.24235290448738, 65.5906188934655, 56.520191992808876, 52.98700480220067, 75.52710130879818, 74.61855860936379, 76.42259095658976, 81.4498342673101, 85.07370643829812, 91.185430703758, 99.0205490279268, 102.99160493383854, 101.24779350347409, 97.74299936641343, 91.35639692449273, 83.02304626764439, 77.16766487077956, 79.40544472680602, 85.20727974436161, 89.47832096638699, 98.42782252392757, 95.61925161236924, 90.29013008732188, 84.91845775278848, 37.68536270390748, 50.74025074485454, 68.09125095131897, 80.17946077401223, 95.17995303262978, 107.47729648905201, 123.01341926598455, 124.73644858454176, 134.55639204328455, 138.48878142687838, 134.8323754402804, 127.93401083571584, 123.8105071159802, 116.33518620041485, 110.74561191485628], [13.20083227978092, 8.612488601707346, 11.953736500428349, 22.72117196318502, 19.43170754346311, 17.192714333406027, 18.810321201857402, 51.69493617309616, 56.831209683960495, 65.90239319099136, 74.3665370584497, 83.34246744791776, 75.52958278259851, 67.33179421646854, 59.393490360048965, 19.48396454135251, 11.228868411503537, 6.324921783885237, 14.561970155002859, 24.057269755522366, 24.40718959551955, 9.393893127128392, 0.0, 8.751212328723943, 15.355422120178755, 53.44867300127457, 62.54679519517589, 71.78085476590098, 81.5377475072516, 90.35179555798209, 87.17050476653286, 80.00982813377975, 71.5401765526473, 63.315036384335315, 55.202003103917946, 24.65118066860267, 33.15597713053301, 42.70665223239321, 46.99010051802649, 54.25034918435998, 63.37988646748929, 68.47115406778971, 70.10192919587776, 68.01927348812477, 56.82591954318572, 47.45794469614723, 43.812229940908566, 72.27871385520984, 69.89262510478378, 70.62354070647392, 75.00832242993656, 78.08872086799475, 83.94320694935188, 91.78578531141025, 96.38153959721446, 95.08450122831741, 92.1672471288097, 86.63959651102938, 79.15559006524533, 73.53003367610144, 74.28259634093455, 78.95712916872658, 82.78469101408173, 91.43591445305624, 89.253075550727, 84.53997748170806, 79.96977982597235, 45.50548808464055, 56.757636490701735, 72.16929492353208, 82.83085666316093, 96.96527783552219, 107.48666371968923, 122.00273072092465, 120.15324124699109, 129.2143574449434, 132.67710086661967, 128.56532206067462, 121.5452313443837, 117.05906369620976, 109.56016915520479, 103.9231265750649], [8.709751811499798, 10.038070531382859, 17.21068841522177, 27.920471774565616, 22.390015512852038, 17.21924151340694, 15.48757355152995, 43.24162056747627, 48.35434195083136, 57.43795043143169, 65.93821232167562, 75.10636171655322, 67.07734381108233, 58.85379828687017, 50.99204261303203, 11.971938643458461, 8.155842266506507, 11.815853857070763, 22.517858190201835, 31.95764492291791, 32.248609402232674, 18.05493302038044, 8.751212328723943, 0.0, 6.640646974408523, 45.11056934756171, 54.31022317880607, 63.691730346526874, 73.60667480388813, 82.6112439641342, 79.14015993780235, 71.85283704597735, 63.268259984968964, 54.891926592597834, 46.70548948205817, 15.935837951438579, 25.423249582111843, 36.29317024928214, 42.56613486723018, 49.54174030144393, 57.62696246696105, 62.04991457283477, 63.03162647960611, 60.378211475444935, 48.89868230801469, 38.89617134419306, 35.08169780248695, 69.910130858158, 66.23621829996351, 65.90111438963261, 69.5315853145389, 71.9347684651542, 77.31883866974498, 84.89591234214986, 90.2649272347652, 89.57588792809554, 87.33677240139163, 82.7412187337124, 76.09937994814099, 70.7687281631187, 70.13596703425287, 73.59009602492638, 76.82734514079732, 84.83960392361047, 83.49093841006398, 79.51722439891867, 75.84749778236863, 52.40001837194465, 62.022577197938034, 75.7363209277447, 85.08756986523446, 98.4667925008143, 107.41391077566112, 120.85914822241062, 116.04209915446226, 123.93328342481281, 126.70209122056654, 122.00577680644957, 114.7908996882594, 109.95268770314618, 102.44072176088649, 96.93337923740542], [10.918117310875397, 15.373216568653032, 23.057929133859485, 33.37194699441629, 26.93820688274047, 20.62815799031513, 16.81370370241361, 37.25762908223417, 42.235359167969115, 51.27338294547082, 59.81085148245729, 69.25577420502843, 60.994809430723095, 52.769584388015794, 45.05282346059467, 7.354369569627907, 10.496524233842983, 17.556023694249824, 28.838622264729104, 38.359465305032245, 38.68583721575198, 24.68107551546709, 15.355422120178755, 6.640646974408523, 0.0, 38.80665192056363, 48.119836281830395, 57.68155165289926, 67.81744547412727, 77.09443790296768, 73.35393974050243, 65.86167072648345, 57.11721667279964, 48.6071819411655, 40.343106029587176, 9.477481426392615, 20.377945315947112, 32.409009510045365, 40.70936648038427, 47.22474993272634, 54.08374130248707, 57.863081946991734, 58.34407934764662, 55.20228389564906, 43.306046990119036, 32.70587167682179, 28.54258073436286, 69.43930005630567, 64.66160886349647, 63.37008386346271, 66.3003291795751, 68.09173336289378, 73.07473793495454, 80.46353356460429, 86.48042743477149, 86.28467967097484, 84.6300923688076, 80.85616398923158, 75.00416069700823, 69.96513895793045, 68.11419409307774, 70.45853790551664, 73.17820227794033, 80.67257725095753, 80.03306797573504, 76.71561285133622, 73.8413813957448, 58.250606102206454, 67.11810459447487, 79.72846096418374, 88.15085785460865, 100.90486171018289, 108.63165149824889, 121.22246935061017, 113.88366385517587, 120.8987255951575, 123.11245339150022, 117.91545193322298, 110.52360019192464, 105.32473541121678, 97.69727564507733, 92.09440395733942], [46.501985661959914, 53.1240951311327, 60.95031221448419, 70.12832994520825, 63.35841761787455, 55.93144500834614, 49.242072411716464, 19.28864025115493, 15.520862700884061, 18.955603493736017, 26.374379176976092, 38.28374228444866, 30.21622023441114, 24.57853104295975, 22.235768269674875, 35.01049065012309, 44.54731816888689, 53.42453557471978, 64.5280028307921, 74.10302814526209, 75.14531145135169, 62.333755712773716, 53.44867300127457, 45.11056934756171, 38.80665192056363, 0.0, 9.688157993832782, 20.170377707362896, 31.886018150122492, 43.561810310280656, 38.81336723826102, 29.30965106917194, 19.516959307774226, 11.458930626337565, 5.301834923536946, 31.430221470182484, 35.31826639552114, 45.07829199226628, 58.551414380134396, 61.49794486898031, 60.61168333709761, 58.988879477770965, 54.46650699384748, 46.79092736543371, 37.0750856254022, 24.122993641829346, 14.697514302379469, 87.33061