{
	"dissimilarities": [[0.0, 9.066506036219797, 16.87566585357769, 25.392461087775658, 18.590454992568684, 11.860004066523626, 7.441293781653363, 41.03799220499412, 45.940163440111895, 54.36271551777529, 62.58285607517805, 69.41272297697641, 64.10828219315414, 55.93797988268706, 46.498716163796836, 18.788781605880384, 18.814432503707945, 23.298011317883038, 30.766565396514004, 36.37754577664904, 37.151918083786846, 28.013190096119313, 19.84195941073998, 13.053588669400307, 10.330031396687673, 45.66661791557552, 52.24112372590508, 58.86366942235984, 69.09668337047336, 78.38147963119938, 77.60190651183473, 67.95333137148572, 58.557331994377826, 51.2519339563606, 44.59408108331901, 19.571198917123244, 25.431151990336677, 33.18011579131399, 38.00318808209613, 47.88040029378853, 53.95913582784456, 57.814612277303816, 58.00038088563665, 53.72748921893453, 43.989917408060386, 37.14773092635796, 33.423382943082075, 65.19829456958361, 61.74789952683458, 60.662993101210695, 66.02571640111033, 67.33336709594626, 72.87134445891887, 79.44728027386218, 80.4447697415663, 80.21305863265198, 77.48644701467427, 72.96269527279256, 69.59048876730313, 65.45839780919985, 65.14357121735422, 68.3045441427522, 71.54861942715985, 76.44462927904756, 74.00709635794217, 70.75819055976075, 67.96081877120018, 55.0074756602731, 61.28288315752367, 79.8663653327947, 94.8064977887955, 86.46612718814657, 94.99698514307082, 105.9419854285688, 106.82330646083223, 113.23792176768995, 118.89821251880278, 115.7293730990182, 118.58458965340016, 107.30711491151315, 101.7671676202707, 93.80847139866526], [9.066506036219797, 0.0, 8.854326902027617, 19.984374411297168, 14.353477545660352, 11.723549699006739, 13.689650754596885, 49.715792522015036, 54.34603770847547, 62.515130927896436, 70.92324214092146, 78.05950537505444, 72.78754576363355, 64.58950042420601, 55.21513246511412, 18.48363315089912, 13.330976046102474, 15.653363745390509, 22.80034023150104, 29.21615993052836, 30.457858607487726, 19.709031268085074, 11.369093369824919, 6.534378092274581, 12.554338231682507, 52.21230766595008, 59.06392433600674, 65.93902106304228, 76.44151175901972, 86.28147012935389, 85.70697499702356, 75.56766715626144, 66.10099676416101, 58.80142746904706, 51.88833026554296, 25.738040479010557, 31.171001101402258, 38.1099249587305, 42.595427404988214, 52.76990890402189, 59.096759304567726, 63.8329942281794, 65.0219709674057, 61.62249715862994, 51.12242226467874, 45.021703488218314, 40.842495209776544, 68.55290984023388, 65.75988075340271, 65.21748489618098, 71.44766619979092, 73.51173835435787, 79.74997618473778, 86.89587429280778, 87.36879966199615, 86.45728237970557, 82.94617311779852, 77.57705878701614, 73.65981607550157, 69.56467904849471, 69.85292023109052, 73.75171723795816, 77.79671611009354, 83.39794005893599, 80.22996157345979, 76.21409523821323, 72.65711741533565, 49.56441880141594, 57.989036119733846, 78.78830246599466, 95.25428729223557, 87.3301160659079, 97.17620150043349, 109.29428784352683, 111.95935277316413, 120.17244441242576, 126.81043849321543, 124.24234905282492, 127.05902461408142, 116.13380456345564, 110.20337827276532, 101.49852749936335], [16.87566585357769, 8.854326902027617, 0.0, 12.422158616180884, 9.756522025263406, 13.468758326427906, 19.21498868743422, 57.91176046126537, 62.75098215326818, 71.0568852861853, 79.35371125915655, 86.16846330938012, 80.96691760065148, 72.80913530875802, 63.36581964501578, 26.000015815443515, 17.81072096978474, 15.622235480792176, 17.559986225160454, 22.307277442474707, 22.99834119583167, 13.102832891509419, 10.812738466956139, 12.38893839132086, 21.226419828061562, 61.045584544111776, 67.86992784656802, 74.68749509607508, 84.96441391565843, 94.44950200971363, 93.89831158608341, 84.17113597288176, 74.82025545686652, 67.54580763117886, 60.690142792692335, 34.31824506103752, 38.2998088130586, 43.96309507800309, 46.31197119123514, 56.3269988878061, 63.378772128817545, 68.96621563900264, 70.73145185945256, 68.2223572421141, 58.45584134851187, 53.057325418699605, 49.58574442529045, 68.89035425086828, 67.44216629789459, 67.96012066086706, 75.19623591785006, 78.06636158167744, 84.58443369383146, 91.87972354941685, 91.73907048304066, 90.29564098773116, 85.9201505364025, 79.6633581938623, 74.86886585785999, 70.92687954314304, 72.34437893592404, 77.27232389138386, 82.05462957362592, 87.96156718637536, 84.27566074281606, 79.51621807178084, 74.96647194306396, 43.51758908473453, 51.4941917085684, 73.15186580788881, 90.63829247324887, 83.31602588621776, 94.59756354583241, 107.8509899285626, 113.59105182112667, 123.25720284601469, 130.75039905481054, 129.10729719673208, 131.87401289480766, 122.18544400643667, 116.83507976924871, 108.9657816194558], [25.392461087775658, 19.984374411297168, 12.422158616180884, 0.0, 9.495913212335768, 17.982025080105245, 24.869533865678743, 64.8096628203663, 70.18245018703257, 78.87910907007381, 86.70028053512655, 92.49635284774908, 87.48510903336731, 79.55292483000757, 70.05137852082781, 38.12744573382054, 30.002305442551123, 26.23881104175067, 21.685077721250202, 20.055208344127816, 17.816726805835607, 16.84883235311652, 22.213959713403415, 24.658023119060715, 32.43781631780216, 70.9509711771814, 77.45681985927372, 83.89828723839554, 93.40763062022775, 101.55217768770405, 100.84548031160256, 92.51902148745651, 83.5288715336671, 76.34550395575226, 69.87421162228728, 44.14313909387679, 46.28781707738994, 50.4839543644116, 49.11793338337828, 58.32368526489603, 66.50975919977986, 72.74382367935915, 74.4947189448494, 72.81596652119356, 65.37213732444346, 60.58181952630055, 58.68077960585866, 65.57280768300345, 66.35263525400038, 68.51370355855104, 76.75818947473874, 80.37145278975417, 86.55035264126337, 93.37216347213901, 92.57952545843449, 90.87456663197082, 85.65843157988049, 78.59016426153462, 72.55983063364607, 68.9442571614442, 72.10349907223315, 78.29351778233558, 83.60520245818874, 89.21790653003997, 85.3812852781526, 80.0313608947088, 74.31560160886843, 38.3247517804804, 40.7996901472833, 61.206872617539716, 79.09626560573687, 72.7662460096354, 85.76948061828064, 100.07338336969374, 110.59085825400085, 120.9827796165428, 128.96589526241675, 128.53400295514183, 131.13343137358137, 123.72653929994785, 120.02688063925956, 114.76268517609041], [18.590454992568684, 14.353477545660352, 9.756522025263406, 9.495913212335768, 0.0, 8.992780235417799, 16.897472260500827, 57.66538634272325, 63.206741727246516, 71.95208863544848, 79.85341805435513, 85.98009829412192, 80.52226112630295, 72.27033109604831, 62.8375040267487, 32.43217771503938, 26.33012683247002, 25.32803620728322, 25.791139106475406, 27.508418651701717, 26.360862495656438, 20.797478418904806, 20.359058049493864, 19.95007664709381, 25.814039759760288, 63.99360012764406, 70.63889998220698, 77.2777645161953, 87.40362977040496, 95.98815318313646, 95.0436813800198, 86.11021546577815, 76.71424394825932, 69.36263505669199, 62.757570761065104, 36.040605718158204, 37.04169131554936, 41.001991850565474, 40.26306599698524, 49.79692211589854, 57.641487677912245, 63.76196402226092, 65.7198434614646, 64.21112060231944, 56.247428680123754, 52.0091912234735, 50.965943176352376, 59.85859028477368, 59.27459863221034, 60.62104800088473, 68.47945920296691, 71.88709468396003, 78.35266863521666, 85.59711935919616, 84.90866617942444, 83.14988488193586, 78.23948987637668, 71.54378508262161, 66.2103155886091, 62.383863337396456, 64.6022761980174, 70.24725182254616, 75.43457945271241, 81.35734672394845, 77.40240433268755, 72.21901385351852, 67.03166052504876, 47.022718840681534, 49.35233033894911, 67.25143216863894, 83.20962610086922, 74.26165083541142, 84.96065112331273, 98.21394047711561, 104.80259458979673, 115.26314467423185, 123.79532047644308, 123.4599671157001, 127.13896222140373, 119.0572119312091, 115.93231030451302, 110.49790904801375], [11.860004066523626, 11.723549699006739, 13.468758326427906, 17.982025080105245, 8.992780235417799, 0.0, 8.4524385951207, 49.15364863440146, 54.77360061537989, 63.5331673608902, 71.43162366701131, 77.72547192751125, 72.04351494044313, 63.65061147050951, 54.274902065820015, 27.596817931829168, 24.620611235437412, 26.59520022726934, 30.815828162808085, 34.34588994926249, 33.84013077468764, 26.446708619011442, 21.677259157360368, 17.770810958738068, 19.774852444493387, 55.95717830508659, 62.55880779080217, 69.20344915128395, 79.56402170919895, 88.29199464377156, 87.18765675222173, 77.99825928758229, 68.4363938574363, 61.030927368549506, 54.45241000059936, 27.761627689665367, 28.439349920422757, 33.031940695155356, 33.67833374933493, 43.53386673271805, 50.87711952250192, 56.33433933590661, 57.84213345912266, 55.76322267443452, 47.43583253469829, 43.01813598172234, 42.40545019723602, 57.108981962107976, 55.01498919015797, 55.28530671628044, 62.25547077184344, 64.97524131110025, 71.26558790697435, 78.48905001368963, 78.28877477947667, 76.95936331936768, 72.81969027393838, 66.95960330035619, 62.52459073708959, 58.50302890003917, 59.549217426285864, 64.24380323587707, 68.80613989511056, 74.53859141226576, 70.97933440345636, 66.43639820820248, 62.18477154799534, 53.74771304263903, 56.284424590630486, 72.7417625942619, 87.21432012205432, 77.1394328627555, 85.91798245621247, 97.84800280372949, 100.8884047230821, 110.13626434473629, 118.18123362808699, 117.25918913616853, 121.36975053244328, 112.35429378705837, 109.28553391718486, 103.62361032354339], [7.441293781653363, 13.689650754596885, 19.21498868743422, 24.869533865678743, 16.897472260500827, 8.4524385951207, 0.0, 40.81024456335312, 46.43734523284677, 55.24720710692762, 63.075758330595, 69.30660107033104, 63.70241730205605, 55.39051494754737, 45.96855694080209, 25.17466693545712, 25.338068044990425, 29.225062753570214, 35.22690726566768, 39.43356757109932, 39.29186657885208, 31.670660722359997, 25.05088138725498, 18.987908329984876, 16.447006572071103, 48.53019411968835, 54.88127263836913, 61.309027848435065, 71.4166561695851, 79.91892250661905, 78.76910787788287, 69.78720451465854, 60.35385564816161, 53.013015803228136, 46.63981959027588, 21.56072947484433, 23.54059528836019, 29.67049700292169, 31.98937342252046, 41.68435977325373, 48.42083491078932, 52.696821426284316, 53.03580931211608, 49.6084539401389, 41.389553176755065, 35.77355457124889, 34.82630895726658, 57.89382137598606, 54.76928626282017, 54.11853163555755, 59.88592553068139, 61.567013255444415, 67.1250391537034, 73.76013463738798, 74.34441686745097, 73.87579345009583, 70.79422567297345, 66.02302648801903, 62.38791299108593, 58.28886831463241, 58.367683835634985, 61.97090149598139, 65.50244298953932, 70.4683629003321, 67.80579253381494, 64.26268253881136, 61.09063950248051, 57.730551880371806, 60.56569083705815, 76.40091069182498, 89.99306832931488, 80.27496976235881, 87.99598305425798, 98.7196341426516, 99.63784570245316, 106.65033270421043, 113.2283036755233, 111.13653796935581, 114.89432110432327, 104.87115223837701, 101.29744310480731, 95.41737769169012], [41.03799220499412, 49.715792522015036, 57.91176046126537, 64.8096628203663, 57.66538634272325, 49.15364863440146, 40.81024456335312, 0.0, 6.781271266908588, 15.693015163508063, 22.51086052861742, 29.083622642283025, 23.138384756719166, 14.984139286072324, 5.620923256515873, 44.3417963601492, 53.25718970104024, 60.47344210175441, 69.80835192565394, 75.45071268919835, 76.2036273728398, 68.19255593389711, 58.76291499079201, 50.977723246533266, 40.745093707649794, 22.239140171363843, 23.714617631581874, 26.843567768806494, 34.83268270950917, 41.909862016006336, 39.897310831347376, 31.680428386921378, 23.343693624819764, 17.628794979430584, 16.165771958273446, 29.07761097085072, 32.41428598406108, 38.47177587295344, 46.143478060434774, 50.401370433022954, 51.20172156648013, 47.986986726791436, 42.048660556406574, 31.18809722865866, 27.048308697079417, 16.8091696476959, 15.753348210577776, 73.55794353138535, 66.34083530073117, 61.5124350440626, 59.9993545501728, 55.93335617863728, 56.62075925727564, 59.168429811325396, 64.12523580653429, 68.04171626756413, 70.91464242603845, 72.1945696117143, 73.1872107342462, 69.5760111781272, 64.93233364754286, 62.26267524856136, 59.821225930047426, 60.10445026171571, 62.489791121035, 64.71605681389448, 67.53587222496354, 90.0773630585845, 93.54068305402365, 105.63457667850456, 114.59465800227537, 105.2307442057157, 107.29376304469699, 111.93135783284546, 100.657897039154, 96.86820428449255, 96.12408099580513, 87.88541671365853, 90.79136191516639, 74.24612273734562, 68.23698001849758, 60.54883605727153], [45.940163440111895, 54.34603770847547, 62.75098215326818, 70.18245018703257, 63.206741727246516, 54.77360061537989, 46.43734523284677, 6.781271266908588, 0.0, 9.107250791940784, 16.703920157454476, 24.549310270329187, 19.076298509775267, 11.912641566653468, 6.380850326464099, 47.16954704406987, 56.60410330798437, 63.9748020289743, 73.69142453715573, 79.7132821463395, 80.76369685321215, 72.45148015905346, 62.714633403533725, 55.01289187326481, 44.635653143866804, 18.755121425517164, 18.402563277938047, 20.443086124354195, 28.13418756837629, 35.9540255543917, 34.09027922336397, 24.94036376895642, 16.70001609044144, 11.680826708313969, 12.594699096661419, 33.0050425097739, 37.40395097654977, 43.66710191155522, 52.274732660666615, 56.352782714515, 56.49117621766465, 52.685049305088484, 46.53545096033472, 35.36018367066927, 30.96148578928973, 21.16056636298228, 17.723742628370623, 79.99758528773941, 72.48439857231166, 67.3038872504078, 65.17935868289997, 60.62490376364176, 60.89704172152418, 62.95481171473914, 68.40331877000422, 72.6974981396598, 76.1586211540031, 77.94526296091215, 79.33697023941416, 75.77523945740126, 70.74374711137598, 67.50857192578695, 64.5525936621907, 64.42643825732425, 67.2628370881322, 70.00760734217484, 73.34552256123497, 93.97687500349471, 98.62202847923466, 111.4401410402176, 120.61236890685927, 111.78195130795375, 113.8023284411556, 118.10445518069811, 105.82785238715161, 100.82944514900996, 98.8124092347027, 89.28717227306615, 91.4644377014361, 73.30236509619185, 65.39106620296299, 55.50782847116224], [54.36271551777529, 62.515130927896436, 71.0568852861853, 78.87910907007381, 71.95208863544848, 63.5331673608902, 55.24720710692762, 15.693015163508063, 9.107250791940784, 0.0, 8.929351384080258, 18.78053911119236, 14.257165484488073, 10.668501517525598, 12.92845551900957, 53.773970082392566, 63.67547798720503, 71.19981473550114, 81.28326076542379, 87.63471096212876, 88.91865883198749, 80.3373507957323, 70.3073769078267, 62.68765332852005, 52.222086931682384, 19.227057752798395, 15.358540062009148, 14.084466081815561, 20.24386696415902, 28.663655840360157, 26.732833961160555, 16.294696151918576, 9.03935714131204, 8.381450215577074, 14.338101368816794, 40.4446280985322, 44.95624574283797, 50.848270367968134, 60.06122466700042, 63.51523750544913, 62.675957586555704, 57.95241581849373, 51.424638102669135, 40.08075307911514, 36.32198789387836, 27.921840858111434, 24.186137238135032, 87.61340041815856, 79.63666440207042, 73.94958632890545, 70.82432554627025, 65.54356217659831, 65.09505972660982, 66.38748369762767, 72.47222998839064, 77.30436293645194, 81.662165893906, 84.29658753995619, 86.36755313363855, 82.93225558199114, 77.29631041858892, 73.1778797849008, 69.40966310073118, 68.61238271175775, 72.12660902026106, 75.68406324257238, 79.84622142435713, 101.55726293622223, 107.00914531306597, 119.99532647812687, 128.91470627568162, 120.28921605184436, 121.73785957456461, 125.27839674893578, 111.01429120373751, 104.31799655746937, 100.79100612386785, 89.82091633752425, 91.5098781696805, 71.47290362197523, 61.87704768486275, 49.74934221968477], [62.58285607517805, 70.92324214092146, 79.35371125915655, 86.70028053512655, 79.85341805435513, 71.43162366701131, 63.075758330595, 22.51086052861742, 16.703920157454476, 8.929351384080258, 0.0, 10.64890926609209, 7.889653451778347, 11.154659699964405, 18.227266118545835, 62.669605121928086, 72.4677752101919, 79.88458252621989, 89.67889254660226, 95.70276893450941, 96.82746165106664, 88.71852278623072, 78.94915234297622, 71.33852467324641, 60.92818008166537, 27.38234882627159, 22.195469265084622, 18.054001488492712, 18.338273148845747, 22.6724434483298, 19.849370720843392, 13.4547656239583, 12.701914029847353, 16.297477346689362, 23.037299125707207, 49.06395394639095, 52.69837753042604, 57.776095912567285, 66.05512178855665, 68.47026845440513, 67.095031006615, 61.47586854140473, 54.0690053203772, 42.59426410137297, 41.7208448705768, 34.746094007821156, 32.846463186189865, 91.71284252652347, 83.72414291995031, 77.91400286309249, 73.82830397112399, 67.81991325158721, 66.04996449113737, 65.90470897681215, 72.65444552004523, 78.32477576011847, 83.64443538904457, 87.24554154059884, 89.8338090816868, 86.65165927426956, 80.76475507950884, 75.93541201063819, 71.18259932665988, 69.1160982089705, 73.69055291907246, 78.20731054963953, 83.0949130316547, 108.91230768516075, 113.42573061995729, 125.06557378771896, 132.83737837449664, 124.40921570495422, 124.9081304957057, 127.27180752924374, 111.62461441265692, 102.4390021780379, 96.96526583239844, 84.64836927681023, 85.9534525653946, 64.782308340031, 55.152154858688114, 43.994004628421145], [69.41272297697641, 78.05950537505444, 86.16846330938012, 92.49635284774908, 85.98009829412192, 77.72547192751125, 69.30660107033104, 29.083622642283025, 24.549310270329187, 18.78053911119236, 10.64890926609209, 0.0, 7.8145131741649765, 16.482517168296535, 24.2566473319763, 71.41096150541381, 80.67209188397803, 87.71366051443769, 96.68652516676153, 101.92212442812188, 102.68370611874943, 95.63639685492866, 86.60070888214219, 79.07061001742751, 68.93796284486547, 37.71874140649047, 32.55089123012072, 27.744762243525837, 23.455635079288495, 19.92635150399453, 15.9650055796295, 19.58205980355458, 22.82549523521864, 26.663258664594334, 33.11014494759777, 57.481984280959004, 60.39512900690705, 64.84205184866111, 71.3315383104891, 72.8127645409741, 71.56528141798593, 65.45900566718569, 57.071828969130735, 45.6586253097442, 48.35609362117091, 42.17818057170569, 41.874486825686475, 93.96842094023341, 86.57281192578023, 81.14970615044841, 76.5385132400838, 70.0814096980597, 66.74708869244937, 64.70804720322326, 71.99555415783023, 78.62711094255509, 84.67452304070753, 89.0225469508972, 91.70929398446022, 88.8406627114517, 83.25425984747045, 78.19217627774417, 72.61478503938751, 68.95978316986574, 74.72692420723139, 80.03810078761819, 85.24969349795325, 113.8682487245458, 116.57273284744022, 126.18192953451552, 132.48295743660768, 124.81511708400171, 124.59358748863202, 125.76250364053804, 110.31799743516636, 98.06474707817914, 89.94227892188088, 76.0291037547282, 76.31781117330453, 54.41393080900329, 45.40468548995807, 38.23674212496725], [64.10828219315414, 72.78754576363355, 80.96691760065148, 87.48510903336731, 80.52226112630295, 72.04351494044313, 63.70241730205605, 23.138384756719166, 19.076298509775267, 14.257165484488073, 7.889653451778347, 7.8145131741649765, 0.0, 9.093443425973575, 17.864741508641064, 66.18996281241425, 75.65191405283244, 82.94962890115639, 92.29117666841788, 97.76336173055284, 98.48916534649769, 90.95821473901667, 81.57447644628876, 73.85204984217482, 63.51098549467502, 33.27188300852576, 29.015101446766476, 25.71863096425914, 25.56813914667716, 26.265447289042328, 22.626767977617682, 20.79094353093688, 20.21138488820578, 22.39015270973941, 28.136617466699406, 51.32087943329675, 53.34687325530954, 57.397463610585106, 64.10194815498332, 65.53697621448421, 64.06701447452622, 57.99705160651142, 49.8536484480937, 38.39207769899936, 40.59207026621076, 34.836862056635425, 35.74971613229425, 87.54459407322132, 79.73903577130888, 74.05801344523081, 69.48745557241472, 63.14325205702048, 60.432359824194364, 59.35540370865996, 66.3679587810816, 72.53176941446667, 78.29675003795565, 82.42979963467913, 85.23926405795615, 82.27521486974192, 76.41054017856324, 71.30930183569657, 66.00438358220516, 63.06271227015434, 68.29155263455144, 73.32560762251946, 78.52815102942226, 110.8622888868828, 113.41101503463868, 123.04647222216855, 129.4594577054488, 120.48915971783362, 119.97214823110531, 121.48118869020136, 105.1677420537798, 94.90788168197724, 89.12572143053399, 77.04514988490965, 79.21906209380772, 58.84978630153447, 52.27670663917926, 45.69840413425829], [55.93797988268706, 64.58950042420601, 72.80913530875802, 79.55292483000757, 72.27033109604831, 63.65061147050951, 55.39051494754737, 14.984139286072324, 11.912641566653468, 10.668501517525598, 11.154659699964405, 16.482517168296535, 9.093443425973575, 0.0, 9.519953842413784, 58.17853072799901, 67.67595501629572, 75.12172627248431, 84.7095187903759, 90.38490716044862, 91.10992750897857, 83.15490351667268, 73.53022068722679, 65.69024167876239, 55.24986373845693, 27.576244557846977, 25.075399687712377, 24.29099466230584, 28.65721314766073, 33.01738114137611, 29.94828693208914, 23.943265880163924, 18.874311966043027, 17.842852780096262, 21.78681883201501, 42.640333738387575, 44.25721437208143, 48.418724113995424, 55.59269488735693, 57.60048685593753, 56.4176681916515, 50.93982317397061, 43.39818628940779, 31.798848887139954, 32.13303286707842, 25.77066186021005, 27.389837274759007, 80.60026974730988, 72.59927470771656, 66.88118194901108, 62.98786393080906, 57.196093059639715, 55.72868965729596, 56.21060358514508, 62.570270344527515, 67.9007731354743, 72.8262840378668, 76.1786071825417, 78.68342840360398, 75.49729817900577, 69.67130345854972, 65.0512384971744, 60.56716369135086, 58.88672230356078, 63.088118140567936, 67.3070576012329, 71.99782290666585, 104.50539516916915, 107.22474646835813, 117.45685492861004, 124.52795526999404, 114.68095862834168, 114.56764077409083, 117.00769627100706, 101.27202588306619, 93.79408550642032, 90.62524638649079, 80.52203673074682, 83.86170302798199, 65.20392963574349, 59.76922167983007, 52.931522941118196], [46.498716163796836, 55.21513246511412, 63.36581964501578, 70.05137852082781, 62.8375040267487, 54.274902065820015, 45.96855694080209, 5.620923256515873, 6.380850326464099, 12.92845551900957, 18.227266118545835, 24.2566473319763, 17.864741508641064, 9.519953842413784, 0.0, 49.71728651987309, 58.79630625606644, 66.07106042833165, 75.41472486886333, 80.97058894554593, 81.64603214222069, 73.76511391747333, 64.33850012956039, 56.52505787913492, 46.2401241431553, 24.221934293014872, 24.16613210940942, 25.91712792628477, 32.71728335769928, 38.702889641349394, 36.26955544733067, 28.95796604482595, 21.531015568373775, 17.207323905083904, 17.93664550758845, 34.13393154575531, 36.42234658110009, 41.542039672573, 48.776263776316924, 52.03306446004142, 52.09316069065329, 47.945969148709025, 41.220455866968024, 29.83319550629243, 27.83407595596482, 19.149328308867496, 20.011243580924877, 75.06860022389729, 67.56044524957872, 62.40130443903897, 59.94661430344721, 55.18560356898694, 54.99515597053291, 56.74540050932581, 62.242113717614075, 66.73759891435479, 70.40104152711521, 72.4982427707226, 74.06880219576165, 70.62614629436646, 65.53414457212818, 62.11022975967344, 58.850389546232, 58.33471134013728, 61.45587684787867, 64.47094414932366, 68.0207834617705, 95.36621849057391, 98.23151961712904, 109.31906731526422, 117.3856815546049, 107.74850393904632, 108.8735298131554, 112.61147243523415, 99.66317043052489, 94.46754229738104, 92.89545165061537, 84.0865287935809, 87.26237760122194, 70.14044237656302, 64.67802370670661, 57.74144207874736], [18.788781605880384, 18.48363315089912, 26.000015815443515, 38.12744573382054, 32.43217771503938, 27.596817931829168, 25.17466693545712, 44.3417963601492, 47.16954704406987, 53.773970082392566, 62.669605121928086, 71.41096150541381, 66.18996281241425, 58.17853072799901, 49.71728651987309, 0.0, 11.314520972443995, 19.92885047220825, 32.866769697080784, 42.26240270633199, 45.10536581576468, 32.18002540863332, 19.79729109902675, 13.686590795663799, 8.77484744521282, 39.244026353458665, 46.446241918140714, 53.80623245108572, 65.38967192320807, 77.4865799868827, 77.29433910259905, 64.85122173096902, 55.1427757376297, 48.10463960067584, 40.810025338518635, 18.348158684779545, 28.73424722562319, 37.77166993439772, 48.140158079224214, 57.97111809755013, 61.792248106462885, 64.77317414066995, 65.56096145993759, 60.635089840202674, 46.86110715740725, 39.662159676552285, 31.507927845579836, 79.38986131818704, 74.0642554741171, 71.31357788119769, 75.44771365907675, 76.04739096532249, 82.20978350951454, 89.4953373388371, 91.08748221592768, 90.79868162986695, 88.830636142208, 85.00060927768342, 82.93355945228521, 78.68493192159379, 76.6456816367107, 78.37782524928572, 81.18804127865383, 86.69881034616822, 84.14289490033119, 81.40139080019605, 79.80694414224097, 61.79150960020476, 74.63684702415789, 96.68080292803087, 112.91506241582007, 104.54479794809482, 112.71771131818745, 123.46431183366657, 120.4079655192919, 126.97618685528722, 132.35044626487945, 127.7931476523352, 130.47902725827944, 116.22855091748917, 107.49778693019837, 94.43404841140493], [18.814432503707945, 13.330976046102474, 17.81072096978474, 30.002305442551123, 26.33012683247002, 24.620611235437412, 25.338068044990425, 53.25718970104024, 56.60410330798437, 63.67547798720503, 72.4677752101919, 80.67209188397803, 75.65191405283244, 67.67595501629572, 58.79630625606644, 11.314520972443995, 0.0, 8.704893010106213, 21.834537343254947, 31.61113549665144, 34.76661306809212, 21.286908413776224, 9.020180278345821, 6.873331863924366, 13.322257180563849, 50.01814318906896, 57.063224231050214, 64.20802584867995, 75.16529290868878, 86.58327584134008, 86.50467674835369, 74.887736244342, 65.47729520972742, 58.467081348205646, 51.30845883713825, 27.45455424737812, 35.881070401541386, 43.85983423188048, 51.7027827236911, 61.931341161674986, 66.9803791007978, 71.12876303621141, 72.48980607250661, 68.40707646438308, 55.599464123733725, 48.881099758787066, 41.757362785424014, 80.17361323047022, 76.33783684769138, 74.82511719779446, 80.31121816148077, 81.88010409369159, 88.38686878331701, 95.82798405919375, 96.77029222669088, 95.95405448673336, 92.95308160990469, 88.01780323179035, 84.8233676824279, 80.64749312686318, 79.95285921517674, 82.99859349896323, 86.7120023301134, 92.5555209735753, 89.44475675106315, 85.79616596602789, 82.96329212859395, 51.90117023104984, 65.9726437692179, 89.74814368268301, 107.44749763503083, 100.287191667362, 110.33273692061866, 122.45482992652879, 123.29425926160073, 131.28969028079305, 137.33483592617708, 133.57062432990506, 135.81245734514934, 122.88545855967334, 114.42155479813276, 102.24589997826746], [23.298011317883038, 15.653363745390509, 15.622235480792176, 26.23881104175067, 25.32803620728322, 26.59520022726934, 29.225062753570214, 60.47344210175441, 63.9748020289743, 71.19981473550114, 79.88458252621989, 87.71366051443769, 82.94962890115639, 75.12172627248431, 66.07106042833165, 19.92885047220825, 8.704893010106213, 0.0, 13.451707704122432, 23.74124616714836, 27.40820411118222, 13.746655351949471, 5.242999480383246, 11.20277518507508, 20.892469456188685, 58.02951999739354, 64.9083690170095, 71.84854788807661, 82.25942232825348, 93.18693916197182, 93.2484883453616, 82.24581964449236, 73.14859949875309, 66.24314465917223, 59.2360068089925, 35.56605937158066, 43.29200615016233, 50.69344483524822, 56.90943945861343, 67.18673070818792, 72.95118905592328, 77.6798556446594, 79.22494791867159, 75.48626252438962, 63.383305836279746, 56.73537260468585, 49.86098834543261, 83.00305380399527, 80.30120106796521, 79.64718279589036, 85.90400099253483, 87.99612204118444, 94.56377008419766, 101.93853840104799, 102.54455722351963, 101.49985602652049, 97.91360700816037, 92.33390394092322, 88.38092802807046, 84.30144925846403, 84.54787192771417, 88.39709962793121, 92.57526253062032, 98.47148284934283, 95.14030990170862, 91.01032025611903, 87.41781124160732, 44.21687255767959, 59.895474600610285, 85.35562931868355, 104.31846470920124, 98.5916184097331, 110.19907600381794, 123.2852712481916, 127.17299905544272, 135.81816947222137, 141.99099667994406, 138.54498031717043, 140.20869399902074, 128.09205020886483, 119.51511671040987, 107.76488572672672], [30.766565396514004, 22.80034023150104, 17.559986225160454, 21.685077721250202, 25.791139106475406, 30.815828162808085, 35.22690726566768, 69.80835192565394, 73.69142453715573, 81.28326076542379, 89.67889254660226, 96.68652516676153, 92.29117666841788, 84.7095187903759, 75.41472486886333, 32.866769697080784, 21.834537343254947, 13.451707704122432, 0.0, 10.709942420684902, 15.12607379200938, 5.391423355375276, 14.436663592929218, 21.76323234756429, 32.06993929859784, 69.59376083020513, 76.1850190402588, 82.75427099620516, 92.24131818579511, 102.01258881518419, 102.15333195663526, 92.44984436928316, 83.82262226844522, 77.02819044184488, 70.31662056682275, 46.84886065962641, 53.590276802989415, 60.240220547023604, 63.77978807268231, 73.84845353045169, 80.70888094958357, 86.10033566274923, 87.62124199291202, 84.29280470228507, 73.74321726570888, 67.12953939299406, 60.97858531843025, 85.57944999413422, 84.76019435476373, 85.47581443022389, 92.72876671204021, 95.47076596471733, 101.83899459422408, 108.83893173044295, 108.98809294252867, 107.77128353371982, 103.43248663742109, 97.0515758286064, 91.95305835115072, 88.09258047729308, 89.83613719145518, 94.82927874067623, 99.51639565246296, 105.20494371388358, 101.75686584963407, 97.07176470341261, 92.4164591899166, 31.53211304100759, 48.51553261344483, 76.01309403050652, 96.59442453595423, 93.39520168146704, 107.32316872642267, 121.64595335742251, 130.5398372725132, 139.6800509108251, 145.80900544345909, 142.91984401595184, 143.70183748358434, 133.2282313518257, 125.04192644113319, 114.83306594849557], [36.37754577664904, 29.21615993052836, 22.307277442474707, 20.055208344127816, 27.508418651701717, 34.34588994926249, 39.43356757109932, 75.45071268919835, 79.7132821463395, 87.63471096212876, 95.70276893450941, 101.92212442812188, 97.76336173055284, 90.38490716044862, 80.97058894554593, 42.26240270633199, 31.61113549665144, 23.74124616714836, 10.709942420684902, 0.0, 5.203435031090618, 11.362201710297343, 23.613579310255233, 30.130785307636188, 40.05393295010873, 77.5294713610197, 83.8809959760989, 90.14188162346336, 98.92529938453339, 107.58162388870046, 107.66438239181659, 99.14260851970577, 90.84706944485565, 84.11576274474075, 77.68015831718441, 54.394571703807586, 60.214985636912594, 66.23531473815808, 67.58823793705014, 77.25669681457359, 84.90612160240111, 90.66042072973744, 92.0137086970568, 89.01427608273282, 79.99403931279686, 73.50371220718783, 68.2426987253423, 85.59509284838596, 86.28761636321273, 88.06991401274223, 95.93978508242466, 99.09044231713757, 105.12334940530528, 111.66883215212565, 111.47745943999944, 110.21749760135685, 105.39686295072512, 98.54243626650648, 92.61210109644695, 88.98054698540022, 91.88285320116728, 97.67435018977167, 102.6222005482202, 107.97769200636255, 104.56288312400194, 99.57094306725119, 94.18533153906132, 22.488364836317224, 38.279549686471626, 66.76103476787272, 88.26232275136661, 87.07095004116104, 102.62013534990541, 117.67102255701606, 130.4784266847287, 139.71465720201778, 145.74475770501186, 143.42715936229672, 143.66247485845685, 134.7882254839672, 127.45397999098982, 119.11173912133948], [37.151918083786846, 30.457858607487726, 22.99834119583167, 17.816726805835607, 26.360862495656438, 33.84013077468764, 39.29186657885208, 76.2036273728398, 80.76369685321215, 88.91865883198749, 96.82746165106664, 102.68370611874943, 98.48916534649769, 91.10992750897857, 81.64603214222069, 45.10536581576468, 34.76661306809212, 27.40820411118222, 15.12607379200938, 5.203435031090618, 0.0, 14.28461266164221, 26.463430248965857, 32.3772308285191, 41.99511678613661, 79.69735133242771, 85.99579640631552, 92.17992860887979, 100.82360462310398, 108.98677336720849, 108.92603833403813, 100.87519154544634, 92.59234735252556, 85.81293673936725, 79.46635290806162, 55.87784051393234, 60.88332501022349, 66.41342952587253, 66.58199529146505, 75.97864686747612, 83.97606767961527, 89.92492254003086, 91.27286816497566, 88.60073471799302, 80.39462337181463, 74.20152655943333, 69.7339088345424, 82.72070465291334, 84.06062562664874, 86.32651177596873, 94.47323901613898, 97.84852971760485, 103.75795354475126, 110.14973264785282, 109.72948412426764, 108.38441057766973, 103.3169202779284, 96.25210227128008, 89.98031900984333, 86.46323237411312, 89.87198723888936, 96.02748493326521, 101.12328688110033, 106.37340297271241, 102.91414561459044, 97.7557863755985, 92.0387129406413, 21.71950068657026, 33.79772816612127, 61.70754568585126, 83.17118885096922, 82.14153441935804, 98.05949097780422, 113.31831064837282, 127.46917092551907, 136.9232297084598, 143.21003457173484, 141.42686282509842, 141.80032297306337, 133.82207640691166, 127.4024851513454, 120.28293088502635], [28.013190096119313, 19.709031268085074, 13.102832891509419, 16.84883235311652, 20.797478418904806, 26.446708619011442, 31.670660722359997, 68.19255593389711, 72.45148015905346, 80.3373507957323, 88.71852278623072, 95.63639685492866, 90.95821473901667, 83.15490351667268, 73.76511391747333, 32.18002540863332, 21.286908413776224, 13.746655351949471, 5.391423355375276, 11.362201710297343, 14.28461266164221, 0.0, 12.69143953652564, 19.73931800470323, 30.280230060736763, 69.14425044564277, 75.86283800806486, 82.55391618923714, 92.33297282671839, 101.99431646314876, 101.90540144462358, 92.21468878070681, 83.315980144716, 76.32785991783541, 69.52711766642187, 44.783630271832784, 50.41690326644398, 56.50156331747197, 59.26803206067611, 69.25768067759185, 76.30932531420491, 81.98179991772575, 83.76648504692145, 80.94183096537313, 70.72269260633706, 64.66910767876287, 59.505159107290886, 80.41718697969013, 79.74162437094408, 80.65139634409994, 88.146896513986, 91.14672176211869, 97.66754511552467, 104.83660514666099, 104.71915879962519, 103.26202547198287, 98.67391063770488, 92.09438593888596, 86.88150539671503, 83.04766472781861, 84.96361550348038, 90.18979639232158, 95.11228339788839, 100.98438586386229, 97.29711892339046, 92.38289545116939, 87.50914504176974, 33.645924569727086, 47.47986292842292, 73.50092202461452, 93.44717410568539, 89.0773351477649, 102.57826918153168, 116.89524666845442, 125.59143496297011, 135.38326997974812, 142.25446219538566, 140.0572082260595, 141.52118039328298, 131.62570282855032, 124.54043150669733, 115.28799367963951], [19.84195941073998, 11.369093369824919, 10.812738466956139, 22.213959713403415, 20.359058049493864, 21.677259157360368, 25.05088138725498, 58.76291499079201, 62.714633403533725, 70.3073769078267, 78.94915234297622, 86.60070888214219, 81.57447644628876, 73.53022068722679, 64.33850012956039, 19.79729109902675, 9.020180278345821, 5.242999480383246, 14.436663592929218, 23.613579310255233, 26.463430248965857, 12.69143953652564, 0.0, 8.070508850487986, 18.8251488209437, 57.89166741516836, 64.8691118480117, 71.88887354094983, 82.49443065795766, 93.15665917073473, 92.97960516881868, 82.1468783088261, 72.81285172812395, 65.70585930906745, 58.635601705586076, 33.43462131106059, 39.96738668725452, 46.868764273198465, 52.27099063574942, 62.532954599785505, 68.55998717494843, 73.57326521899711, 75.32323899274088, 72.04663354120956, 60.365739432043945, 54.23211060873281, 48.47530783008748, 77.83460743473803, 75.28017214108358, 74.82750843063516, 81.33478155610985, 83.66980417692899, 90.34997148526729, 97.84725367179148, 98.20539710379069, 96.9647449520211, 93.14526428228447, 87.38210091908583, 83.29847760561971, 79.23718283042257, 79.66839229367027, 83.75996724497256, 88.15270180406681, 94.18397016202702, 90.6557137613617, 86.31542522094557, 82.503822004177, 45.032788297284824, 58.28176665232945, 82.40342284682248, 100.74633099436429, 94.09730709531506, 105.31063665894735, 118.3530634263958, 122.18832778653871, 131.34353362506045, 138.14321437745622, 135.34470511936118, 137.59273550278138, 126.12559094014206, 118.66911958874047, 108.0505990904439], [13.053588669400307, 6.534378092274581, 12.38893839132086, 24.658023119060715, 19.95007664709381, 17.770810958738068, 18.987908329984876, 50.977723246533266, 55.01289187326481, 62.68765332852005, 71.33852467324641, 79.07061001742751, 73.85204984217482, 65.69024167876239, 56.52505787913492, 13.686590795663799, 6.873331863924366, 11.20277518507508, 21.76323234756429, 30.130785307636188, 32.3772308285191, 19.73931800470323, 8.070508850487986, 0.0, 10.855193033975448, 50.6223513171096, 57.64870804870862, 64.729232989473, 75.58280814227037, 86.28154643990415, 85.92432413714474, 74.9519325840673, 65.41723505862116, 58.194222218874, 51.082323233162626, 25.422567856288595, 32.40792492200636, 39.93583418260693, 46.31843487968968, 56.573163732542106, 62.21214038288877, 66.68766172257955, 68.04410541078856, 64.35571581056844, 52.532751860546064, 46.1778899588403, 40.568362651707915, 73.80019090173145, 70.38630393478142, 69.294077171283, 75.14988944487848, 76.98449239293127, 83.4318308288198, 90.80618036643853, 91.49305170980115, 90.58268925189611, 87.31334908022207, 82.15468016410931, 78.6458057803097, 74.4992105784166, 74.22622623388405, 77.67421615594172, 81.58443323084711, 87.38205606722401, 84.18728698553558, 80.33038007695885, 77.15353344115735, 50.85022700701051, 62.10229216392092, 84.35694765758286, 101.38787824488377, 93.66075218742512, 103.49515389456396, 115.59021258758685, 117.10619858038932, 125.33322050031971, 131.7997111210439, 128.70079906514448, 131.34897629450342, 119.40945441716472, 112.29977458262125, 101.8756903219638], [10.330031396687673, 12.554338231682507, 21.226419828061562, 32.43781631780216, 25.814039759760288, 19.774852444493387, 16.447006572071103, 40.745093707649794, 44.635653143866804, 52.222086931682384, 60.92818008166537, 68.93796284486547, 63.51098549467502, 55.24986373845693, 46.2401241431553, 8.77484744521282, 13.322257180563849, 20.892469456188685, 32.06993929859784, 40.05393295010873, 41.99511678613661, 30.280230060736763, 18.8251488209437, 10.855193033975448, 0.0, 40.29520161688776, 47.36861763731348, 54.53046734994406, 65.75128202339805, 76.6877800044982, 76.1479823732874, 64.79368668529717, 55.01127740148814, 47.682054209244654, 40.50469346753251, 14.838064237909235, 23.935812413474, 32.87842884921639, 41.44701082086112, 51.39242961182662, 56.06653148939725, 59.38558795468205, 59.950561755388485, 55.29338871920813, 42.940462798010046, 35.84657798815114, 29.732301973492685, 71.68403286814191, 66.89026308051615, 64.66096024540491, 69.2189180530236, 70.06769765317759, 76.03315076817411, 83.11538105685904, 84.47083615502548, 84.19443005137929, 81.96384530218828, 77.9201524694433, 75.44558406386963, 71.21925187656156, 69.71165616611762, 71.92451449101048, 74.8893267794786, 80.20631912518353, 77.67544191458722, 74.75566197036383, 72.76813556767215, 59.61389240078164, 69.37863988987526, 89.60529948682743, 105.00522323756121, 96.24553064889736, 104.20813580491547, 114.85794867173205, 112.84734633926156, 119.38577080215744, 125.02615973252512, 121.14404720206579, 124.1508181900125, 111.13273029270341, 104.01920679929363, 93.3091329827359], [45.66661791557552, 52.21230766595008, 61.045584544111776, 70.9509711771814, 63.99360012764406, 55.95717830508659, 48.53019411968835, 22.239140171363843, 18.755121425517164, 19.227057752798395, 27.38234882627159, 37.71874140649047, 33.27188300852576, 27.576244557846977, 24.221934293014872, 39.244026353458665, 50.01814318906896, 58.02951999739354, 69.59376083020513, 77.5294713610197, 79.69735133242771, 69.14425044564277, 57.89166741516836, 50.6223513171096, 40.29520161688776, 0.0, 7.4535195119989455, 15.211974785975748, 28.44410735204784, 42.28446231705332, 41.82957588828543, 26.972465110277092, 16.920198878024866, 11.089120580732903, 6.285725879249666, 29.605516068835705, 37.460632527100415, 45.271173838854004, 57.83170482801397, 63.55470730666097, 63.123628065022686, 60.32301054181389, 56.55849257387163, 46.93988317112735, 35.99028000766775, 26.633012886251457, 15.581396630831428, 89.71319265220785, 81.44244209388482, 7