{
	"dissimilarities": [[0.0, 9.090359091262627, 16.817846119929452, 24.58568899385193, 17.84158397791732, 10.479388755065154, 5.539220988016456, 40.801880124028415, 45.83526329961841, 54.47689383030022, 62.41493883355241, 68.88889592693621, 63.66417113353518, 55.50210625010064, 46.0757552209599, 20.466053336335882, 20.38279745157877, 24.645809625742, 32.14195481990131, 37.40674329104973, 37.530548758397266, 28.787020644228022, 21.125050657124923, 14.94555427735951, 13.174019244538739, 46.24734295903904, 52.74544800800191, 59.24916159062511, 69.46580413073994, 78.46720248198179, 77.45866713703167, 68.17376057134668, 58.88982320230225, 51.703188008065766, 45.21343801331729, 20.079118799587743, 23.985558458517197, 30.99100657820333, 35.79560391059174, 46.311291482168045, 53.252654267410286, 57.23271131469341, 56.85971391813389, 52.39204926430216, 42.280136719036854, 35.94346324973342, 33.858821763212326, 61.90043651028976, 59.42021196081811, 58.27922550489645, 63.72020264795502, 65.12131540970202, 70.87493835072, 76.67343882306035, 78.46055296111737, 78.10165186576943, 75.3755797153296, 70.70250327943545, 67.27887782809597, 63.040371368267536, 62.928525646926964, 66.09832025865069, 69.46917040755889, 74.45602732875551, 71.9112808158594, 68.56373904201895, 64.70793002495599, 54.946181209381294, 59.066630871172855, 77.63986137586342, 93.9203460227346, 85.74981588576647, 93.30070490234458, 103.8180047925658, 104.73536705357115, 110.54233049709, 115.03103069216587, 111.73539155516102, 114.35230592641749, 105.85269830978375, 100.4167702187581, 93.34778921790051], [9.090359091262627, 0.0, 8.88075891000679, 18.68192193836097, 13.029210337711376, 9.845930050546013, 12.37296983880172, 49.37993817995939, 54.0943325688641, 62.36608998725633, 70.63183918388597, 77.40777000061586, 72.21392321752528, 64.03808465357497, 54.67647985544348, 19.68229645229382, 14.964211249994936, 17.337229734554708, 24.570586179632954, 30.491915627924243, 30.89448840486748, 20.570055737502148, 12.958555002085262, 8.762985546204328, 14.13280084294327, 52.47562578334765, 59.29176874007525, 66.10094433511802, 76.65190560933078, 86.25101898806045, 85.43898354111934, 75.61415170331635, 66.18259452757222, 58.94249109474174, 52.13958118705341, 25.66902122394641, 29.64895076395502, 35.92758017164812, 40.39469192076451, 51.06074258324674, 58.109400575559626, 62.96974190237726, 63.72385036414216, 60.23289284287017, 49.43765901482648, 43.826911135639776, 40.87000030889535, 65.30400407356422, 63.43555372806793, 62.84492660228396, 69.15562173661958, 71.32725200109599, 77.77277163130236, 84.25284673499237, 85.37938961386895, 84.35095514909067, 80.80593997765794, 75.30695331983955, 71.36678085063981, 67.07291160519964, 67.62335991329392, 71.5440655171256, 75.72093222969407, 81.42697763202328, 78.14044632881038, 74.0188282272118, 69.42032739053425, 49.54758062767484, 55.70196337094628, 76.63730754572416, 94.515001197338, 86.72617235981504, 95.56517135697027, 107.2605693501312, 109.94219852335665, 117.53895311204563, 123.0628513546367, 120.39412015933782, 123.02857045359887, 114.76217549766625, 108.90703333604755, 100.98718291780186], [16.817846119929452, 8.88075891000679, 0.0, 10.62179193275739, 7.784217404631631, 11.831277374920516, 18.2318152636101, 57.616715081742115, 62.54867751264323, 70.9886790920076, 79.09713092160285, 85.60433621662322, 80.4663775928856, 72.3166360098226, 62.892693278206934, 26.998197890003453, 19.184188102516874, 17.26878154160869, 19.68310542416158, 23.880752206516565, 23.605326033112235, 14.5737375804331, 12.72868754055751, 14.107454958309134, 22.550174205270544, 61.304845948206776, 68.09083083624178, 74.83118931430754, 85.12081893150085, 94.39076243173031, 93.64602142515717, 84.20015739799774, 74.9219897732147, 67.7261853176404, 60.977895361641686, 34.38670372979466, 37.110132941617664, 42.09880240218082, 44.32625162337686, 54.85682849097208, 62.6420400463475, 68.33548592146568, 69.64803088531303, 67.01220202612585, 56.976416877288685, 52.01365973101282, 49.694321458687035, 65.62619500907915, 65.18862027015362, 65.69289968471365, 73.03027111097722, 76.01338229102325, 82.72924141768411, 89.33224109686506, 89.88014462505939, 88.29927267383718, 83.90556663012697, 77.48333674409626, 72.6152028293004, 68.323384454208, 70.22838296210632, 75.18914738994812, 80.10779609389279, 86.10740649390178, 82.30688182142833, 77.4372379871909, 71.87552913070955, 43.53163550885611, 48.97854175587324, 70.80624919855028, 89.74938381070173, 82.55795849303667, 92.87214233847631, 105.7408900312887, 111.53787948869183, 120.70211650843366, 127.15556475723464, 125.4397204729762, 127.99556423712191, 120.81799997946624, 115.56463025995046, 108.46070521148327], [24.58568899385193, 18.68192193836097, 10.62179193275739, 0.0, 8.582969902471287, 17.007044374336832, 24.164579254163854, 64.48293064893551, 69.84821010214573, 78.703240464235, 86.30751556891278, 92.12967271905643, 87.13883709636302, 79.13173293789023, 69.65326513877909, 37.43388927992015, 29.10229666396812, 25.033088747945687, 21.282238915020596, 20.52528552996255, 18.194727705424068, 16.565788488993512, 21.56119585842775, 24.548716587026924, 32.770574804008994, 70.39573531932098, 76.92242700628091, 83.32926686026322, 92.90814753299573, 101.18047462545785, 100.43214909222996, 92.03534770986978, 83.16439433837999, 76.10998671090879, 69.66778594986998, 43.69705032315241, 45.09069749196663, 48.88633784975673, 48.107013605950115, 58.18402212637649, 66.9905926984317, 73.22709097520558, 74.47668426023039, 72.38342074421145, 64.04549096781125, 59.473890423409635, 58.41029308312593, 63.99535041156676, 65.60182536176731, 67.50651940860098, 75.74339141282017, 79.36886392118619, 85.86476901024716, 91.98908482347332, 92.17398411896147, 90.28791478609688, 85.22361793444902, 78.00187422470952, 71.9845859320139, 67.77858736374692, 71.46629331168954, 77.49031569690655, 82.89489438434292, 88.68497906643562, 84.7264826140305, 79.32639462573466, 72.82113801012729, 38.206339702551595, 39.492716487314595, 60.81419968182695, 80.41161986947898, 74.26735448813963, 86.31524316918922, 100.25073944641348, 110.22929044827816, 120.35713839324109, 127.33268830269667, 126.61000266642105, 128.84915979542401, 123.30254579025244, 119.28067494289111, 114.15208545958049], [17.84158397791732, 13.029210337711376, 7.784217404631631, 8.582969902471287, 0.0, 8.816692227685508, 16.782393988081736, 57.51570127097822, 63.02495331780798, 71.95889975182902, 79.58999105787584, 85.61110009168956, 80.2998735633486, 72.09324341765551, 62.68045916671337, 32.55979723275028, 26.276778673412956, 25.022111499681493, 25.84672551578178, 27.65067930330078, 26.070830965014643, 20.707425936211628, 20.46932818416701, 20.539028282365525, 26.78259305347921, 63.942786890047465, 70.54489166003141, 77.08928450167187, 87.14993258051138, 95.64421270040064, 94.62736284566344, 85.88156659948433, 76.65654658903476, 69.44827808070798, 62.94083634197252, 36.325762949322154, 36.71062772262651, 40.309838475050206, 39.98389236557294, 50.25767388037157, 58.80786309346561, 64.87758201518805, 66.18796977765163, 64.21427159059671, 55.64517018719692, 51.53175410056659, 51.20279670884317, 58.622156772392344, 59.0101496689727, 60.216981711876535, 68.06511263734582, 71.4609857704649, 78.09929181572875, 84.56939573686091, 84.76288585382207, 82.94075408416847, 78.16580690882294, 71.35985251224842, 65.98328695587931, 61.71274898085758, 64.4404302879417, 69.97863143217953, 75.20309864451063, 81.15705680803984, 77.18459400222237, 71.99334509642686, 65.93839721781737, 45.96501351457208, 46.80400729478713, 65.60870432695522, 83.44687249604814, 75.17161862960987, 85.11085879375726, 98.0025196429552, 104.68370978385839, 114.4551490737402, 121.63686337415126, 120.92368196396278, 124.07938090916043, 118.20589800742238, 114.70871111450222, 109.60669983296175], [10.479388755065154, 9.845930050546013, 11.831277374920516, 17.007044374336832, 8.816692227685508, 0.0, 8.441683870501192, 48.99878249003225, 54.5744928797341, 63.556469283648944, 71.15788512642682, 77.28511542333577, 71.81203907380599, 63.51786870748064, 54.152301839043645, 27.961506058749, 24.73922703763127, 26.471617167161074, 30.8638614084813, 34.28600234533385, 33.315326247218806, 26.21247313276445, 21.816858811814363, 18.39915459393613, 20.975893421573513, 56.061107732759446, 62.59405402863148, 69.11969526083533, 79.36712756766428, 87.91456654762344, 86.71429506307398, 77.82697136245756, 68.45562145312971, 61.20100793981055, 54.75280149545822, 28.338015437908172, 28.400990626784374, 32.61645098598457, 33.62414956015081, 44.182553693982854, 52.309742347891266, 57.70642094745455, 58.47830229484638, 55.89574604191805, 47.04832521638224, 42.72016532346506, 42.81626939158577, 55.939079955381125, 54.876173755306716, 55.05806404802683, 62.02160955290141, 64.72284573047124, 71.13423150398778, 77.52851311211438, 78.19178810493517, 76.8483712324745, 72.82859869021304, 66.8724996555109, 62.37249934471845, 58.074351218746145, 59.510588253722055, 64.13041015946632, 68.71231874002224, 74.41966125718224, 70.88235512226566, 66.34373481197348, 61.150067371158364, 52.41784601757701, 53.477775369487055, 70.72683761475736, 87.06575304334079, 77.7985767116856, 85.89157012870818, 97.46271863575356, 100.84377888288915, 109.20017571869226, 115.71430603391231, 114.35736536466928, 117.87837946617745, 111.2902618027974, 107.80609355192473, 102.55908847139233], [5.539220988016456, 12.37296983880172, 18.2318152636101, 24.164579254163854, 16.782393988081736, 8.441683870501192, 0.0, 40.73727399319786, 46.32640733198365, 55.39432422073587, 62.87398135704868, 68.90944255014178, 63.52879956661415, 55.3132718897751, 45.8990013657823, 25.67386878915566, 25.505013404416903, 29.108073334890115, 35.224269528261914, 39.32438565987932, 38.790386680562165, 31.467386871755817, 25.206622679402926, 19.684592125254948, 18.076997081972962, 48.746820959376564, 55.01173482389633, 61.291129484706495, 71.25041198113746, 79.55708559185996, 78.31821461489906, 69.66428813058866, 60.47295985409364, 53.32361507849447, 47.11329104050458, 22.45409605248659, 23.603181772646877, 29.287100929601106, 31.992024124256126, 42.45658490535651, 50.05141700672452, 54.29470097819615, 53.84294248697323, 49.84739204412385, 41.01458996906024, 35.477632401816486, 35.45967585564505, 56.708376809040814, 54.65320907303661, 53.920097490411024, 59.68575358878297, 61.346265135915004, 67.03451701306228, 72.73254642856784, 74.29937892142692, 73.80461011208104, 70.85312935489357, 65.96731116673934, 62.2480558129458, 58.00911748362526, 58.36845169276345, 61.89863523446817, 65.4540340270487, 70.39100441118927, 67.7514537546972, 64.20979143750925, 60.05391609193618, 56.43820244454192, 57.898899790765185, 74.40167901441099, 89.7577481594469, 80.82866708888793, 87.91642416354937, 98.2979606443733, 99.57977491697467, 105.71417315038342, 110.71204525695276, 108.14605170996273, 111.25805860517497, 103.75142028764782, 99.73898376136667, 94.31693631375644], [40.801880124028415, 49.37993817995939, 57.616715081742115, 64.48293064893551, 57.51570127097822, 48.99878249003225, 40.73727399319786, 0.0, 6.8748929371525485, 16.52537898772497, 22.453866476467745, 28.66803471929916, 22.92046973610735, 14.73164760944118, 5.302587882885205, 44.572580911317736, 53.398917614072, 60.63750811765066, 70.15840225155792, 75.76989839198482, 76.24184021835121, 68.2323818089061, 58.86018109939243, 51.13673033425937, 41.16623999833189, 22.88289331968143, 24.373537882089543, 27.375999160610466, 35.42957808138204, 42.27790658703831, 39.94769451391422, 32.144954493366996, 24.090589520624647, 18.780890834626906, 17.498066634805514, 29.23261179244203, 31.529395986123628, 37.03143027334765, 45.04006994283216, 49.67979851790042, 51.157772536085325, 48.088762028239636, 41.51945212976764, 30.149134936186897, 25.00985309527655, 14.964674833657563, 16.531460281386696, 71.7113074446612, 65.12114281090314, 60.10187976279299, 58.462997229666584, 54.33632086761548, 55.245550634227996, 56.84617243569468, 62.88480922444898, 66.71896700622409, 69.69481994485278, 70.93640859696976, 72.01158704196993, 68.94519685228447, 63.69586809957386, 60.87205943727571, 58.449321667367606, 58.81970017396363, 61.14571414605058, 63.37653940803197, 65.35722423789807, 89.81738010103449, 92.20417292727238, 104.46185708217618, 114.64922325846743, 105.54742164889339, 106.82353106845562, 111.06104679581246, 99.66276311870492, 95.07597209380712, 92.764755509424, 84.02313947312095, 86.55252806423049, 73.2837677984132, 67.00680383948806, 60.094273221992545], [45.83526329961841, 54.0943325688641, 62.54867751264323, 69.84821010214573, 63.02495331780798, 54.5744928797341, 46.32640733198365, 6.8748929371525485, 0.0, 9.744239396236939, 16.63350847636403, 23.998079289531614, 18.64572401130128, 11.260010866346178, 5.554442587318101, 47.14520463164488, 56.58397763013626, 64.05329193081528, 74.02961442579634, 80.06614981080854, 80.84542907517942, 72.43999196232447, 62.68667863464521, 54.9848989696593, 44.75291160266252, 18.962160827167903, 18.74583153313221, 20.795539969049063, 28.828605214766267, 36.50507825698076, 34.222643345776916, 25.39099462175102, 17.282821135828318, 12.638113719728707, 13.49932513405222, 32.77879813561841, 36.292481135037995, 42.064905722930334, 51.07296133860775, 55.40958839819813, 56.041964903868276, 52.33791513298863, 45.68246688588046, 34.118701345660085, 28.758158737157256, 19.294554062261145, 17.79550671085221, 78.19756167582031, 71.22315304409112, 65.82358139177927, 63.544424333977446, 58.92615027123846, 59.43294462907108, 60.65449100241263, 67.0870360936124, 71.29562521038862, 74.83992675341435, 76.62423548284707, 78.15330847726663, 75.18387465424703, 69.42708397311979, 66.01724831947082, 63.07563814367673, 63.07716969425881, 65.8280161988245, 68.57973821203075, 71.11675151828618, 93.85205516887103, 97.51829370860631, 110.5592743382181, 120.94965835846666, 112.28229883487407, 113.49932389907686, 117.4124276411105, 104.8860044515648, 99.13571816041566, 95.64523063646531, 85.64187435003058, 87.5393886852637, 72.66108887119046, 64.46442961720858, 55.26732475559292], [54.47689383030022, 62.36608998725633, 70.9886790920076, 78.703240464235, 71.95889975182902, 63.556469283648944, 55.39432422073587, 16.52537898772497, 9.744239396236939, 0.0, 9.482969695769675, 18.67817704007417, 14.515751216903277, 11.052744956926402, 13.439836049854813, 53.27941971758802, 63.3154645844359, 71.02763425168918, 81.49271821672053, 87.97350012271782, 89.05288351216035, 80.20773191804786, 70.04944988853919, 62.39309471381454, 51.96168364322309, 18.22918700615694, 14.33002527968552, 13.252689113488215, 20.653404556064284, 29.44839162234673, 27.04093134360259, 16.380603766644896, 8.53020647058241, 7.979712872962472, 13.955306086636226, 39.96464839394438, 44.04042631004016, 49.6230649801683, 59.438902526975966, 63.100119689226084, 62.545135939744156, 57.93029760394864, 51.153282215178145, 39.65430843611276, 34.75384068900348, 26.830268966005804, 23.750023785671754, 86.7500331218948, 79.18861934925728, 73.25421416242641, 69.99557169154404, 64.69130252802346, 64.5671786057392, 65.25234802934814, 72.13220724717112, 76.83799254438821, 81.20827246527308, 83.83586806053923, 86.08463544542175, 83.30368917625142, 76.78850784231967, 72.50890747482104, 68.80474805814767, 68.25141777336566, 71.59332853618439, 75.11047921404955, 78.49202158729426, 101.50552517218638, 106.37409515090572, 119.91501994084773, 130.21697068916902, 121.7513798659273, 122.50593568351077, 125.7588565023624, 111.20652043817867, 103.8483948366526, 98.9128534790748, 87.42407114916487, 88.84411583192212, 72.0381345944958, 61.79103925549256, 49.73290809381605], [62.41493883355241, 70.63183918388597, 79.09713092160285, 86.30751556891278, 79.58999105787584, 71.15788512642682, 62.87398135704868, 22.453866476467745, 16.63350847636403, 9.482969695769675, 0.0, 9.554011109420165, 6.855531293820705, 10.314870151511846, 17.816171140935555, 62.50802202677264, 72.31924990271159, 79.8283391518815, 89.85254903683379, 95.89780655526963, 96.79127969181428, 88.58791886818196, 78.79640858936072, 71.17692113987465, 60.86528417287768, 27.369046724064194, 22.337947129102353, 18.33512252514008, 19.373291120876935, 23.652908262639055, 20.238177257151023, 14.259695425539812, 13.355806104437725, 16.862675455657712, 23.394745299893522, 48.756359636927975, 51.75907462357713, 56.42231309149787, 64.97538132233656, 67.56513821017981, 66.58293728113075, 61.05557229041329, 53.2291237193373, 41.459191044937256, 39.950144785050206, 33.47275014705452, 32.723689713232126, 90.0440203019549, 82.52949973370063, 76.52790264099765, 72.28179479434003, 66.20274931215498, 64.62104386438877, 63.63091879840277, 71.35733844498273, 76.9499086450135, 82.35905606678745, 85.97232666629728, 88.6974782436594, 86.24216942190898, 79.50985175619992, 74.51104133557335, 69.75466498857976, 67.7916991128178, 72.29743058802393, 76.83561879870113, 81.02043773598383, 108.7147336375841, 112.37892298335173, 124.21850556705027, 133.10984797914963, 124.8129153234071, 124.58104031194416, 126.58813565393099, 110.68230668700068, 100.77294680420358, 93.80844343527342, 80.92135032867841, 81.92009189785306, 64.1912591380239, 54.229026812432856, 43.860123126959365], [68.88889592693621, 77.40777000061586, 85.60433621662322, 92.12967271905643, 85.61110009168956, 77.28511542333577, 68.90944255014178, 28.66803471929916, 23.998079289531614, 18.67817704007417, 9.554011109420165, 0.0, 7.270848057692513, 15.557706722261926, 23.66477082048303, 70.63860360155167, 79.97855644375272, 87.0976600702297, 96.41038599184621, 101.83686038214734, 102.50791520859728, 95.23065500418305, 86.04877112731468, 78.57854193033889, 68.5780103642839, 36.5954697521918, 31.38560875603416, 26.4439853465649, 22.660604889022206, 20.300591229291502, 16.098168890309513, 18.563940333649022, 22.03482648174103, 26.179560837726534, 32.604248354190496, 56.75172288646569, 59.14300211916038, 63.265316399684934, 70.33599305954391, 72.2644839948134, 71.44721831884705, 65.4869437666149, 56.75058056388284, 44.90247456980674, 46.363765184820586, 40.529345509850586, 41.23616931803159, 92.78074089470212, 85.77761656318965, 80.06836711971954, 75.3147850191487, 68.78660698768743, 65.83115871760934, 62.96120863555104, 71.48687099076707, 77.87786290729278, 84.04131452530011, 88.29427910008398, 91.09604269438239, 88.90879314677402, 82.46087579378762, 77.18446334467296, 71.66835395807183, 68.29271008130499, 73.87145137373807, 79.14961800524733, 83.73352005216616, 113.6337360140463, 115.92293021956087, 125.99530054258383, 133.51819517595797, 125.8777342863096, 125.07515724018715, 126.04362444725912, 110.07880601880225, 97.61728377583877, 88.29876692444672, 73.83058789480833, 73.71049396394741, 55.12779717858066, 45.435799186795144, 38.27061016879423], [63.66417113353518, 72.21392321752528, 80.4663775928856, 87.13883709636302, 80.2998735633486, 71.81203907380599, 63.52879956661415, 22.92046973610735, 18.64572401130128, 14.515751216903277, 6.855531293820705, 7.270848057692513, 0.0, 8.72957983445028, 17.698989972153946, 65.72986149328332, 75.21731665012034, 82.5788642532344, 92.178812304904, 97.7458884489289, 98.31893040572373, 90.65272649687772, 81.21391295770776, 73.53723621066877, 63.33430159385722, 32.69610347103792, 28.44588209392627, 25.09006659881707, 25.36083262223372, 26.49066099688213, 22.529845770717962, 20.467842540743128, 20.005904252778453, 22.39270768969885, 28.085957795571954, 50.94351917320345, 52.528317044869105, 56.2821576247092, 63.46163256553785, 65.28946318967624, 64.31794129461198, 58.430049565801546, 49.896568570124444, 38.03213392891756, 39.12621298341097, 33.70447739447395, 35.52476311975253, 86.58679906226746, 79.22619224470891, 73.32994368084026, 68.65387638326357, 62.26190276887972, 59.86650007670448, 57.959580383660594, 66.06471317008035, 72.06587784508478, 77.90711040377201, 81.95961406857086, 84.85384547862284, 82.60634736104934, 75.9061267736196, 70.65231684522644, 65.40729100125469, 62.66975772613993, 67.757461007316, 72.75670051594732, 77.26730959742953, 110.46530972864197, 112.44980861066573, 122.5162463210464, 130.20282187623317, 121.47026746611643, 120.38111208447417, 121.64501569959467, 105.14087662791104, 94.3173412587968, 86.9795559540975, 74.19148374302117, 75.84856228755851, 58.88509168309178, 51.520069620018845, 45.164023525616884], [55.50210625010064, 64.03808465357497, 72.3166360098226, 79.13173293789023, 72.09324341765551, 63.51786870748064, 55.3132718897751, 14.73164760944118, 11.260010866346178, 11.052744956926402, 10.314870151511846, 15.557706722261926, 8.72957983445028, 0.0, 9.501481063121632, 57.972976807621606, 67.42573893131451, 74.90238204363894, 84.65911187714356, 90.33112618043502, 90.84251433968619, 82.86673788384677, 73.28777585906388, 65.49429067494933, 55.2231700331661, 27.478025444416836, 24.989768925043105, 24.116866148476777, 28.606614803175805, 32.86535831919094, 29.458524573403793, 23.855091287646776, 19.042515535707622, 18.25796535028438, 22.178588838306105, 42.575195281318315, 43.81530183398575, 47.71128992181207, 55.24267986899234, 57.63821017702265, 57.08898044933437, 51.83823022840407, 43.81020023279534, 31.787880137868477, 31.145321055342745, 25.030693229275176, 27.5688378810108, 79.73073709479864, 72.29329575947116, 66.44328024028799, 62.493157265538734, 56.675671050146846, 55.43674606975351, 55.00706887133998, 62.386361161191196, 67.64516232350884, 72.62270093911407, 75.89991165685763, 78.43769714102183, 75.95186216499097, 69.39445487757628, 64.69089317938894, 60.25953526162114, 58.675776644663046, 62.808345706526566, 66.99707232747791, 70.89156318031426, 103.83494790920707, 105.81742068837306, 116.43919194381981, 124.83204510000621, 115.43879267339268, 114.7697986990261, 116.92145391769454, 101.33551463773067, 92.95818670418579, 87.94015853423957, 77.03392706583851, 79.74120043653878, 64.45318140550364, 58.2160781872093, 51.80091312690267], [46.0757552209599, 54.67647985544348, 62.892693278206934, 69.65326513877909, 62.68045916671337, 54.152301839043645, 45.8990013657823, 5.302587882885205, 5.554442587318101, 13.439836049854813, 17.816171140935555, 23.66477082048303, 17.698989972153946, 9.501481063121632, 0.0, 49.55754924894566, 58.569506117780655, 65.85105339611502, 75.37478862630127, 80.93516461626855, 81.39323439746084, 73.50525386778808, 64.13090126956284, 56.39999478894654, 46.35403765959812, 24.183104342877648, 24.127688052076625, 25.759677153961263, 32.61967234357871, 38.516440296814736, 35.835949104057676, 28.855794624992082, 21.737026005799343, 17.77678418700992, 18.575842295071816, 34.16438610952461, 35.941287429834006, 40.75096931908705, 48.41933950796463, 52.174522635924845, 52.960615104878386, 49.04322823831487, 41.7635799846918, 29.88393245748474, 26.69429782484797, 18.12249810672604, 20.41909860174055, 74.11317015144708, 67.25503920371591, 61.951038648485586, 59.442911402575376, 54.653618478386676, 54.706766859452365, 55.475848347071846, 62.08317653199334, 66.49392617678268, 70.23129019658, 72.23526664717079, 73.82396283368638, 70.97335267339247, 65.27526556446173, 61.75718290243, 58.55348608590146, 58.13255931481978, 61.187143488332424, 64.17208381891949, 66.86273649613288, 94.68236833257396, 96.7595296876582, 108.25140054290995, 117.68475511251255, 108.52215334611161, 109.07091933087652, 112.50995390964475, 99.69106122417801, 93.63716993139039, 90.28431175605603, 80.74915366936052, 83.28292834721535, 69.35915847888099, 63.174630826154655, 56.65880063063564], [20.466053336335882, 19.68229645229382, 26.998197890003453, 37.43388927992015, 32.55979723275028, 27.961506058749, 25.67386878915566, 44.572580911317736, 47.14520463164488, 53.27941971758802, 62.50802202677264, 70.63860360155167, 65.72986149328332, 57.972976807621606, 49.55754924894566, 0.0, 11.44229171874048, 20.49123577208085, 33.66832380701153, 42.776020180442224, 44.99113342446346, 31.968260550387086, 19.728244762572945, 13.166956316420208, 7.887923302592261, 39.118773769683365, 46.294580236557564, 53.649202398308525, 65.32188965838482, 77.17214596078468, 76.70594513880839, 64.66018007574031, 54.886744588055954, 47.84204363973192, 40.621326427360344, 18.297221395935427, 28.522684135771428, 37.366329377515974, 47.98533599515089, 57.81815112710358, 61.969386881053886, 64.9673382388566, 65.42315006712465, 60.42191081271927, 46.505330205296595, 39.55510019749582, 31.386539893852206, 78.4743449198419, 73.89711372333409, 71.07971053186193, 75.15768408426577, 75.75953677710194, 81.97023757430622, 88.65822780363031, 90.71543424403178, 90.52005998628293, 88.51417746421647, 84.74827512503278, 82.79150992467649, 78.64697356199758, 76.41238324394376, 78.11933581010217, 80.93169582870364, 86.43282090075478, 83.88616082081937, 81.15048713645771, 78.5472607670921, 60.87607363398826, 72.58498358801505, 95.44129869877324, 113.35491369146659, 105.60114978488075, 113.02076643081202, 123.36803003349874, 120.63634068421626, 125.96830136652106, 129.7540774250949, 124.7402924920575, 127.03359903846865, 115.42268223371788, 106.14746838372993, 93.34602757899329], [20.38279745157877, 14.964211249994936, 19.184188102516874, 29.10229666396812, 26.276778673412956, 24.73922703763127, 25.505013404416903, 53.398917614072, 56.58397763013626, 63.3154645844359, 72.31924990271159, 79.97855644375272, 75.21731665012034, 67.42573893131451, 58.569506117780655, 11.44229171874048, 0.0, 9.175905394143674, 22.52848994813032, 31.94264595049126, 34.401095836464805, 20.865428516633877, 8.803588066650665, 6.423770852714238, 13.386696877782398, 49.92189799397669, 56.926090084183045, 64.02260227992677, 74.98570095355869, 86.18525563892373, 85.9092268857885, 74.64550096119521, 65.26552542351543, 58.30292840750566, 51.23466109440261, 27.517237165092066, 35.66880486008952, 43.452005155517455, 51.51495256090265, 61.90870043266275, 67.37974326775536, 71.53257177778801, 72.49120051070115, 68.23024050103551, 55.22051378273926, 48.65075879493129, 41.744452789683244, 79.1087512970388, 76.12571885269153, 74.55562335973887, 80.00648100371629, 81.57102884944345, 88.12938181819244, 94.88359519047694, 96.42506868197457, 95.67452047200942, 92.67724226586701, 87.76198354515563, 84.6201198008594, 80.36037340315737, 79.72244739906193, 82.73955579343347, 86.45638822722371, 92.27762660342358, 89.18562251399483, 85.54390344978654, 81.71941218865757, 50.64263395030527, 63.53867158279892, 88.21538084999787, 107.61349410892767, 101.09953952440968, 110.44482363709552, 122.19669493485395, 123.37041219901553, 130.27325323404986, 134.82583706930205, 130.63675137383908, 132.4286041526709, 121.94133310826196, 112.99536884741293, 101.12546442881457], [24.645809625742, 17.337229734554708, 17.26878154160869, 25.033088747945687, 25.022111499681493, 26.471617167161074, 29.108073334890115, 60.63750811765066, 64.05329193081528, 71.02763425168918, 79.8283391518815, 87.0976600702297, 82.5788642532344, 74.90238204363894, 65.85105339611502, 20.49123577208085, 9.175905394143674, 0.0, 13.579650855243, 23.412269993781354, 26.351630643094012, 12.815925711554556, 5.393428904659539, 11.688544792083654, 21.62428116911205, 58.13695545360084, 64.93805234868545, 71.76516404034082, 82.04901211401227, 92.70932892836105, 92.64223579717061, 82.03726464439553, 73.08492342636492, 66.28203847405204, 59.4016347908465, 35.94575868309276, 43.33849569113308, 50.551144963822956, 56.865435044536724, 67.44026859070058, 73.74400377321797, 78.46376704367125, 79.50296060128342, 75.46828238734643, 63.193332452540105, 56.58280431417253, 50.10648619191107, 81.8410754602299, 80.14853960804135, 79.4871855400975, 85.7393488650393, 87.81750944410228, 94.40240243036793, 100.94863209238338, 102.3015166572645, 101.31873344535553, 97.77657537707283, 92.17184850109956, 88.18218173553561, 83.88592532004888, 84.43557895488166, 88.27434948216825, 92.4464330653516, 98.26965862316354, 94.9928841785708, 90.87810448567323, 86.29567034332568, 42.12753652640272, 56.66555370295507, 83.15290593485784, 103.83462858336824, 98.8907252473484, 109.94856113969946, 122.71972668347078, 127.1173524476569, 134.7550584073736, 139.46286821271147, 135.592244912521, 136.68349993662838, 126.8675691713698, 117.85194353064294, 106.50993283066515], [32.14195481990131, 24.570586179632954, 19.68310542416158, 21.282238915020596, 25.84672551578178, 30.8638614084813, 35.224269528261914, 70.15840225155792, 74.02961442579634, 81.49271821672053, 89.85254903683379, 96.41038599184621, 92.178812304904, 84.65911187714356, 75.37478862630127, 33.66832380701153, 22.52848994813032, 13.579650855243, 0.0, 10.220935748737148, 13.966116500512415, 5.97661218439368, 15.479106259296076, 23.06643498272609, 33.51481272060284, 69.89131601050128, 76.39452398335908, 82.80892694859571, 92.10108413101207, 101.67698298230924, 101.78183192860459, 92.37409008786523, 84.00075746259355, 77.37897682553212, 70.80533736421756, 47.53256068126506, 53.767557902679584, 60.168678004280274, 63.85721769435442, 74.43967995328869, 81.92169899305718, 87.28920019733046, 88.23181132263618, 84.48514055985983, 73.59193992097545, 66.99615597522721, 61.536324210003734, 84.39519024341665, 84.68812907246206, 85.37176558207094, 92.6252816249602, 95.34355096799926, 101.77093045474345, 107.8137528510961, 108.94032721128707, 107.71121778674657, 103.49099019380655, 97.01982147721124, 91.82472491570768, 87.55101263914214, 89.86320631577483, 94.80660695983933, 99.49647461673733, 105.12959294710167, 101.72257603084607, 97.05119011719064, 91.47048971177557, 29.173341740057637, 45.12372336260882, 73.75778337275369, 96.00030673595121, 93.54836029087426, 107.02367337857092, 121.08594306890889, 130.36890037084237, 138.82699796599093, 143.68647312758432, 140.424914838601, 140.58216265961912, 132.117531720497, 123.59417358737554, 113.82780735425187], [37.40674329104973, 30.491915627924243, 23.880752206516565, 20.52528552996255, 27.65067930330078, 34.28600234533385, 39.32438565987932, 75.76989839198482, 80.06614981080854, 87.97350012271782, 95.89780655526963, 101.83686038214734, 97.7458884489289, 90.33112618043502, 80.93516461626855, 42.776020180442224, 31.94264595049126, 23.412269993781354, 10.220935748737148, 0.0, 4.752108741613562, 12.364853201344438, 24.32446099171831, 31.33317336761064, 41.528792491702106, 77.70161260799148, 83.98962513309459, 90.10235275412104, 98.72015239100614, 107.32126158169379, 107.42917923542382, 99.03065160290626, 91.02242983648769, 84.49460155563635, 78.1712673010934, 54.944788223991466, 60.12479610675464, 65.83723579963963, 67.4752967250122, 77.85746399334931, 86.16452892334583, 91.89683332342118, 92.65734456143764, 89.16667334696999, 79.56115931494007, 73.12229297542348, 68.75622823983132, 84.28653167082544, 86.08807188159211, 87.76939986382145, 95.63681825812665, 98.76403053564844, 104.94416017127084, 110.4943299623105, 111.45331895358214, 110.08760354721247, 105.44395846466092, 98.44193462473535, 92.4026872987495, 88.20744731062858, 91.82129569942599, 97.50743548785073, 102.48399065276051, 107.85355136457447, 104.43034609601163, 99.43673732053031, 93.2036677293201, 20.71727722753934, 35.397096991763576, 65.00583250179291, 88.06294495265192, 87.38941851024478, 102.46511306067679, 117.28407147608098, 130.14825240955696, 139.06344631018712, 144.057150100244, 141.42763616824226, 141.07836790581, 133.93708346073444, 126.34657369266473, 118.38251488627618], [37.530548758397266, 30.89448840486748, 23.605326033112235, 18.194727705424068, 26.070830965014643, 33.315326247218806, 38.790386680562165, 76.24184021835121, 80.84542907517942, 89.05288351216035, 96.79127969181428, 102.50791520859728, 98.31893040572373, 90.84251433968619, 81.39323439746084, 44.99113342446346, 34.401095836464805, 26.351630643094012, 13.966116500512415, 4.752108741613562, 0.0, 14.454497718877056, 26.42440320981623, 32.95982415263657, 42.96680273677483, 79.48481823625846, 85.76056943125894, 91.83877474328024, 100.40854179194268, 108.64307859355684, 108.61394513178634, 100.54180690002978, 92.50221114860283, 85.91037820759594, 79.63381247469235, 55.93790798051404, 60.24669006076926, 65.4374932499054, 66.01807406574707, 76.23333041225864, 84.8778270499786, 90.81991523969822, 91.61474620615381, 88.45402882176997, 79.48304817581584, 73.39349319300341, 69.86851184377319, 81.17412469710099, 83.53946291126738, 85.63675770561497, 93.78131376790883, 97.144991416857, 103.28654299489163, 108.75146715008039, 109.50834254082582, 107.99529999477333, 103.11644541826892, 95.87730807471968, 89.52480277471251, 85.37395962626012, 89.49836691929414, 95.51324788826511, 100.66863988143531, 106.01268669032345, 102.48877768689212, 97.30585693001183, 90.7873386921865, 20.875743440184927, 31.650815136473717, 60.605990583525475, 83.57879933540116, 82.78174201822107, 98.09134546737005, 113.10798572972453, 126.975714736505, 136.30762790302097, 141.70192614542282, 139.64567082608002, 139.53453875834603, 133.16474297389018, 126.50701989120903, 119.64835865007849], [28.787020644228022, 20.570055737502148, 14.5737375804331, 16.565788488993512, 20.707425936211628, 26.21247313276445, 31.467386871755817, 68.2323818089061, 72.43999196232447, 80.20773191804786, 88.58791886818196, 95.23065500418305, 90.65272649687772, 82.86673788384677, 73.50525386778808, 31.968260550387086, 20.865428516633877, 12.815925711554556, 5.97661218439368, 12.364853201344438, 14.454497718877056, 0.0, 12.525395918049062, 20.052987133923395, 30.854180088569027, 68.87835364301934, 75.58198844205614, 82.21394276884396, 91.99899609894875, 101.64754649075573, 101.48211257136597, 91.88547792435025, 83.10708329646393, 76.23556956032539, 69.49877449688422, 44.71182610822808, 49.814515895631146, 55.61496735776831, 58.77291444519232, 69.28303350989995, 76.83736143690409, 82.50457109937753, 83.84412526659888, 80.70408047574905, 69.9278099216436, 64.02545103600505, 59.47298955783349, 79.0964864546199, 79.31165039751987, 80.07260562026937, 87.54031311792806, 90.53485870806294, 97.2291670531398, 103.64449436280971, 104.3936968487632, 102.86496827408104, 98.37498064802804, 91.72036640574738, 86.52090324759453, 82.2519224515205, 84.58905417448857, 89.7102902133384, 94.67289977738817, 100.61302523149709, 96.88057639988112, 91.95201986533425, 86.2068895182755, 32.88625018943093, 45.487898931013135, 72.48254947151078, 94.05448219578757, 90.05838958693327, 102.81444337879029, 116.79889812320229, 125.38417629922337, 134.61611980294478, 140.35600702455866, 137.84027911152526, 138.89451738527995, 130.9633841395689, 123.5383404634063, 114.52161045531587], [21.125050657124923, 12.958555002085262, 12.72868754055751, 21.56119585842775, 20.46932818416701, 21.816858811814363, 25.206622679402926, 58.86018109939243, 62.68667863464521, 70.04944988853919, 78.79640858936072, 86.04877112731468, 81.21391295770776, 73.28777585906388, 64.13090126956284, 19.728244762572945, 8.803588066650665, 5.393428904659539, 15.479106259296076, 24.32446099171831, 26.42440320981623, 12.525395918049062, 0.0, 8.264969634324192, 19.202863802909423, 57.71287968841766, 64.66610919505958, 71.64321218398199, 82.27620554514668, 92.81933453148183, 92.48753608578835, 81.88508112226081, 72.60339795636007, 65.5683685218055, 58.572615439519474, 33.43083084904026, 39.56646748774917, 46.2248854626846, 51.96154685517336, 62.52148355723298, 68.98622422846034, 73.99609362088032, 75.33882636248556, 71.84503548782732, 59.79636998761563, 53.83504405861164, 48.447490543219295, 76.71550888813803, 74.9985810738773, 74.43627336763443, 80.90231037448096, 83.23306445070509, 90.0236926290399, 96.8441395814481, 97.87475002656868, 96.64294853221395, 92.86138698395352, 87.08851421935485, 83.06097837260478, 78.76811123283403, 79.38617935749687, 83.40994857201864, 87.82220590603687, 93.87828549607119, 90.33576494450315, 85.99335299697407, 81.24449661977533, 44.102648680312726, 56.13259786274042, 81.19036306098737, 101.23407389866045, 95.12236143249997, 105.57429376619649, 118.24288447642438, 122.19860590036242, 130.45615515385836, 135.90337603266275, 132.72945505399025, 134.56845781080364, 125.37117302936147, 117.49042699901986, 107.13342059912716], [14.94555427735951, 8.762985546204328, 14.107454958309134, 24.548716587026924, 20.539028282365525, 18.39915459393613, 19.684592125254948, 51.13673033425937, 54.9848989696593, 62.39309471381454, 71.17692113987465, 78.57854193033889, 73.53723621066877, 65.49429067494933, 56.39999478894654, 13.166956316420208, 6.423770852714238, 11.688544792083654, 23.06643498272609, 31.33317336761064, 32.95982415263657, 20.052987133923395, 8.264969634324192, 0.0, 11.032041091576211, 50.293675996334784, 57.335561138324636, 64.42862710159974, 75.43397329734871, 86.09990539198272, 85.54662307807837, 74.7136124809369, 65.15142266246943, 57.97343409059618, 50.90242886855862, 25.17497045370582, 31.68286487046601, 38.9273630018667, 45.86967581220475, 56.38285536645409, 62.37641637716835, 66.86264264507547, 67.89079454291847, 64.06322281639002, 51.71583225205107, 45.66697056332555, 40.393353258194075, 72.78385950388538, 70.06803283151878, 68.78969224635789, 74.57046363369093, 76.40885825109446, 83.03461130750004, 89.83775297558181, 91.13127201870745, 90.20070740074816, 86.95209187399979, 81.80714923454303, 78.43698310591611, 74.16527899316768, 73.86302922041797, 77.20344941891842, 81.15147024174875, 87.04630315826445, 83.78611905119303, 79.91427508392692, 75.808981711262, 50.67686625923241, 60.78037765002887, 83.86659287990179, 102.56896170486361, 95.23378097403233, 104.1699826694517, 115.84572860782608, 117.23927724314282, 124.58583474579292, 129.7214958431697, 126.25877488765052, 128.60707978506395, 119.02529762456905, 111.46705317789937, 101.20358133961085], [13.174019244538739, 14.13280084294327, 22.550174205270544, 32.770574804008994, 26.78259305347921, 20.975893421573513, 18.076997081972962, 41.16623999833189, 44.75291160266252, 51.96168364322309, 60.86528417287768, 68.5780103642839, 63.33430159385722, 55.2231700331661, 46.35403765959812, 7.887923302592261, 13.386696877782398, 21.62428116911205, 33.51481272060284, 41.528792491702106, 42.96680273677483, 30.854180088569027, 19.202863802909423, 11.032041091576211, 0.0, 39.893001912158795, 47.03035173721105, 54.2738850208755, 65.7965217910602, 76.77343045518896, 75.97471165405518, 64.68532049383919, 54.77326779457992, 47.45441186429647, 40.28166115871064, 14.35046815217347, 22.912484496681476, 31.56509071171488, 40.982421871096264, 51.07505002075499, 55.98018179785326, 59.325595093031794, 59.66582951878505, 54.985131180058055, 41.92698958065067, 35.34262502043406, 29.485407226673978, 70.87608608974395, 66.62523172436191, 64.13704777008905, 68.57331395676177, 69.43197994965787, 75.64036302414372, 82.2673334239488, 84.13674018454475, 83.81831680191519, 81.58109818069897, 77.5882919095176, 75.34525759161643, 71.17632207747245, 69.34302679178582, 71.40785777027003, 74.42491841276046, 79.9123328702811, 77.26346954951693, 74.31834292234038, 71.4097620811644, 60.01309745163465, 68.77477998931238, 89.7671883739075, 106.81134693478913, 98.32939370463882, 105.3036404018385, 115.50231018004958, 113.17815852738303, 118.81952438274239, 123.12384252092589, 118.88204009311033, 121.70165220982616, 111.20079076534039, 103.60192906206304, 92.95532590899865], [46.24734295903904, 52.47562578334765, 61.304845948206776, 70.39573531932098, 63.942786890047465, 56.061107732759446, 48.746820959376564, 22.88289331968143, 18.962160827167903, 18.22918700615694, 27.369046724064194, 36.5954697521918, 32.69610347103792, 27.478025444416836, 24.183104342877648, 39.118773769683365, 49.92189799397669, 58.13695545360084, 69.89131601050128, 77.70161260799148, 79.48481823625846, 68.87835364301934, 57.71287968841766, 50.293675996334784, 39.893001912158795, 0.0, 7.42688868808258, 15.249119220667335, 28.714665489218532, 42.07086858412184, 41.108932465582996, 26.956997552935416, 16.613156152910292, 10.528596484776973, 5.7270374156950465, 29.49122101119331, 37.28517539368916, 44.9371549503084, 57.67435032970137, 63.34172691985572, 63.20883649889019, 60.48585649720706, 56.419908533434985, 46.75957354967817, 35.649468096366476, 26.653501207640414, 15.428969529849327, 88.91255453830316, 81.2708444