{
	"dissimilarities": [[0.0, 7.683564522868346, 15.710731910525016, 23.719663565016475, 17.17907095774827, 9.666680261104744, 5.477338075922831, 41.84963776607064, 46.88544416566904, 55.298361883426786, 63.47394909941618, 70.0692148346092, 63.76325060646577, 55.521984342145856, 47.121964519274194, 20.494324802740294, 19.80046298790119, 23.02560653044888, 29.262962495061537, 35.581478019161295, 35.02380518520421, 25.83954210936125, 18.394492690091077, 13.858178125002073, 13.826653346394925, 46.81663674742996, 54.621302215650715, 62.332916340662784, 72.22881323289799, 79.42564972058919, 77.18562520659874, 69.99636672692445, 61.10525474885099, 53.68326560922155, 46.18768254869381, 18.471239046026795, 23.37410835573237, 31.26966751346526, 35.012002326608375, 43.84272867018531, 53.37274663784565, 57.65499092498243, 57.47336771367928, 53.23038710680181, 44.19456260130909, 36.257461456855715, 34.8305794370714, 60.831512726799154, 59.48707489872462, 58.84446027903709, 64.06087998851686, 66.49802743826865, 70.68957923376917, 77.1665523229097, 79.03322312506363, 78.1834287304153, 75.69647219752166, 70.90119471693612, 67.37938910137117, 61.999806715552296, 63.11644516425548, 66.42641694284539, 69.93503494337465, 74.69085896996006, 71.93477133701694, 69.28089600604186, 64.90662031780448, 54.675863222053984, 59.18949465000434, 77.15038740191173, 95.45091248806779, 84.89791499629703, 93.7797711190122, 104.6108369830744, 105.30446147123259, 111.10064383045261, 115.75441812258234, 110.57062208286504, 113.6942231002201, 106.48793427674482, 98.83731232022062, 94.28775782620566], [7.683564522868346, 0.0, 8.784470851045834, 18.329715027008053, 12.692265851369287, 8.650425986966477, 10.727889145947257, 49.26047635594594, 54.09236897837499, 62.380676180359856, 70.6565327585101, 77.51719943394716, 71.17514641711527, 62.909762884367396, 54.55212705252382, 21.40074989852564, 16.78617992229191, 17.811262514148428, 22.9539844876595, 29.563236510416598, 28.967034004546235, 18.83127809812393, 12.266663369840106, 10.611245845176382, 15.774794518656813, 52.61091195930877, 60.61747594776923, 68.55309298021783, 78.77733825941466, 86.29412216620548, 84.17469195686418, 76.69935881908734, 67.5911325870318, 60.1814922522114, 52.42258663231782, 23.454176635947938, 28.50520087595334, 35.49196515210092, 38.66222931162146, 47.46523676374462, 57.26742979862988, 62.32869086230547, 63.175296382406955, 59.80090032775325, 50.19253737363511, 42.88449206967081, 41.087218200816544, 63.213152024657056, 62.494230613757175, 62.4720914920233, 68.40305065837232, 71.50121981026193, 76.32587735070528, 83.42765048046888, 84.61820941501885, 83.10294010487378, 79.9582792872519, 74.41303385424068, 70.39652702527232, 64.88212943043484, 66.74387021930198, 70.75429759489016, 74.98057294959119, 80.4420914333316, 77.03562744410118, 73.6658867021138, 68.53193851203837, 49.988369968455025, 55.98128648503199, 75.7229404665344, 95.27529327578878, 85.05164449362255, 95.06474312144516, 106.91947181254588, 109.31874066877701, 116.63751135774127, 122.2323258079031, 117.71371519693544, 120.88072439980073, 113.96446997560815, 106.13586889702353, 101.00742111997728], [15.710731910525016, 8.784470851045834, 0.0, 10.390835210209955, 7.624799753015748, 11.125326064781603, 16.85547440030511, 57.55202385753734, 62.56889979499934, 70.93476984958608, 79.14067111257935, 85.708800900234, 79.46165201201103, 71.21958613419991, 62.816937234601156, 28.81225218380488, 21.572986159868318, 18.96795079729139, 19.18194626810379, 23.599839755403025, 22.152324520806843, 14.078688496444123, 13.517785064410699, 16.544864881612572, 23.97013849684033, 61.35772021083626, 69.33920867521535, 77.19934915213095, 87.21841518149071, 94.49583295887965, 92.50037376882656, 85.26613906768395, 76.28551573466382, 68.91294946838757, 61.1921785656189, 32.09668941601585, 36.070645010637904, 41.611430389628325, 42.36185248298508, 51.11583152291127, 61.82941609028684, 67.7213921968143, 69.08663393709887, 66.6033012130723, 57.6033012416592, 51.11736334432597, 49.83885489401625, 63.60646366973901, 64.23931574723527, 65.4411861228781, 72.2588116682468, 76.11428393807654, 81.3705316690384, 88.67139581329967, 89.15432600241091, 86.99969124178021, 83.05803840514412, 76.59009335521975, 71.65886889172343, 66.04266392590279, 69.34155302016356, 74.38700422308716, 79.36696470698072, 85.26413533938903, 81.34502601146035, 77.17885720404531, 70.98690316904771, 44.35768711241839, 49.578476405365905, 70.1246063611043, 90.66468727175531, 81.03909753215873, 92.46853043315073, 105.4849375819659, 111.01938497333896, 119.883649234217, 126.4495604187129, 123.04974154934175, 126.12864729524127, 120.20960012931124, 113.07673523099608, 108.58293555935093], [23.719663565016475, 18.329715027008053, 10.390835210209955, 0.0, 8.707963875381544, 16.803588375515805, 23.10458690592398, 64.48244584004891, 69.90049208256443, 78.44228639255385, 86.38733659784238, 92.15284017209943, 86.18654752857087, 78.08170868340328, 69.63098242405736, 39.04074644468579, 31.427285255029155, 27.209178227571442, 22.535073583138576, 21.67877558485151, 18.482429359989318, 18.156614827244503, 22.758916980432833, 26.782039926836454, 34.01881795338233, 70.3391419712232, 78.0841964085465, 85.57550124588208, 94.86875714791998, 101.37247609505116, 99.51254335238906, 93.02671569822087, 84.52254783903905, 77.24012357602034, 69.84084189120355, 41.432687405825405, 44.10579699214108, 48.361215133512715, 45.76732862006514, 54.3966811786991, 66.34657896586839, 72.78291519965978, 73.89856675387085, 72.00833137725155, 64.64134456768109, 58.83330147291238, 58.5222250557508, 62.0777687398828, 64.60941230431592, 67.37793462531877, 74.94189270466669, 79.3749367714127, 84.62941969264604, 91.47689156987198, 91.48024651460848, 88.96786125883081, 84.35655704140785, 77.09335667246354, 71.01236497316651, 65.3949822348161, 70.54838851172765, 76.65997252191988, 82.13941781933649, 87.94193391160502, 83.89424525476889, 79.14003333394001, 71.91097635675969, 39.65805851411975, 40.519699338928596, 60.4113418011644, 81.50498277504362, 72.92259185614913, 85.93957205925064, 100.00049580732089, 109.76614439056911, 119.59303839236962, 126.72589414166251, 124.58786922438328, 127.29613358625208, 122.88534958856516, 117.15123401049954, 114.38356362797582], [17.17907095774827, 12.692265851369287, 7.624799753015748, 8.707963875381544, 0.0, 8.706918019654827, 15.776482418071332, 57.53884689456568, 63.10531993541075, 71.6810395167409, 79.68140406034759, 85.60654710560406, 79.27814396904, 71.04696549099485, 62.682204003193654, 33.85351174627037, 28.21058873760849, 26.510425863967143, 26.049664900468297, 28.32544575914727, 25.886363068451796, 20.997101962468655, 20.86642616500425, 22.474039524907, 28.038363417454274, 63.83015977931125, 71.72115369841438, 79.45556923259832, 89.13531342042529, 95.86105739915494, 93.63720962566256, 86.86096740748827, 78.08774107995362, 70.5973452377201, 63.12794685178707, 34.261397819697216, 35.71755729313515, 39.6565261505136, 37.61545338916778, 46.3413275213984, 57.975429854354935, 64.26326130004738, 65.51812558214839, 63.7707743261986, 56.1174310323455, 50.82293327047725, 51.31861485633237, 56.60107879931132, 57.9472071356401, 59.91347508764552, 67.16077803876705, 71.39849094161141, 76.74625904760534, 83.9956957770203, 84.00360845983651, 81.5506251756839, 77.22625725763658, 70.37536589582734, 64.96492323330249, 59.33391287090414, 63.43802811542069, 69.05490897782751, 74.36503746503529, 80.34123434496428, 76.22435889020743, 71.68094511986912, 64.94869249794318, 47.4482254442927, 48.04694175210884, 65.48266479136407, 84.91422304304824, 73.96284977538403, 84.944052076589, 97.95339409136156, 104.18951340705256, 113.71408578468764, 121.08413114932965, 118.7915691320064, 122.53900253255256, 117.84480042808886, 112.51416791441082, 109.90726514215406], [9.666680261104744, 8.650425986966477, 11.125326064781603, 16.803588375515805, 8.706918019654827, 0.0, 7.404272865949904, 49.0091295566126, 54.5810439356243, 63.15031133901734, 71.17405370195166, 77.24347312099476, 70.7727131553657, 62.49457412874525, 54.16201537301189, 28.152946251341156, 25.194631707363158, 26.201624330745027, 29.37054463441197, 33.74556143360122, 32.07744072050451, 24.737549550963795, 20.40932192187261, 18.794979343669784, 21.579299557094572, 55.617426689381034, 63.48393610475357, 71.24725451388825, 81.04071827072102, 87.87523379395105, 85.46600731854646, 78.55447413607865, 69.70852271727962, 62.154570744218894, 54.732811363196205, 26.23707406264443, 27.51027213578357, 32.40538675816157, 32.19956293279395, 41.17584884192773, 52.17268819853039, 57.72905985935789, 58.43367611563743, 55.92945733433362, 47.92891972017667, 42.16528682047443, 42.804672179315816, 54.904541678789016, 54.811196104358544, 55.54751228461441, 61.96890649098872, 65.5026057107881, 70.45969080563621, 77.55897227439591, 78.21477915825605, 76.36726622179779, 72.8077317995325, 66.86057719533935, 62.3692676039577, 56.81562883367916, 59.455109289436884, 64.0804491768459, 68.68443434373586, 74.2673003294352, 70.6204672844474, 66.83007953528312, 61.11582857363174, 53.05212514728724, 54.40824019958687, 70.83903096761358, 89.06300514227055, 77.32773331770048, 86.65283946114256, 98.37778205467758, 101.26288023637544, 109.28937312879147, 115.8200203742042, 112.56185420634645, 116.5709178962971, 111.07268326869345, 105.4023582939455, 102.55433875590869], [5.477338075922831, 10.727889145947257, 16.85547440030511, 23.10458690592398, 15.776482418071332, 7.404272865949904, 0.0, 41.77274342651043, 47.34218034949662, 55.937565875549694, 63.91152040077374, 69.92571213213895, 63.55268086931092, 55.31540151080985, 46.93459193775242, 25.385868789477072, 25.022358883335862, 27.788424717848436, 32.76077428157405, 37.87104106723151, 36.7088819172486, 28.927703047589123, 22.71686075449106, 18.83876278175762, 18.447429333526287, 49.09952204132674, 56.751297805823064, 64.29435596541585, 73.83561185709205, 80.52782635217028, 78.10582876416288, 71.34340852255413, 62.6789041487165, 55.193646482981634, 47.98471706874885, 21.025235450145455, 22.968708472702033, 29.41070306021774, 30.87707200114895, 39.87177680516477, 50.213763687403265, 54.77782389591781, 54.405765088946396, 50.672511452785464, 42.80989910544885, 35.93693335128843, 36.304430431634444, 55.63739531619076, 54.664491928695874, 54.47720025727462, 59.97103586624842, 62.65125222659755, 66.88309455339389, 73.30526103980208, 74.8766354822759, 73.86053099791371, 71.14325194072904, 66.13276344863279, 62.32319865345878, 56.924977321544745, 58.50678250748721, 62.17816199415012, 65.8864864512893, 70.66582154456525, 67.80281080144016, 64.92135852736382, 60.2121715834729, 56.39196511588176, 58.14954784523081, 74.05249448897, 91.47549558575683, 80.0582601886578, 88.47536094680375, 99.17217620183911, 100.1691052620857, 106.32119531431299, 111.5157257654029, 107.12008633247162, 110.76034110348549, 104.49225318752546, 98.2865623084099, 95.30137947580535], [41.84963776607064, 49.26047635594594, 57.55202385753734, 64.48244584004891, 57.53884689456568, 49.0091295566126, 41.77274342651043, 0.0, 6.851838792816859, 15.212340811725756, 22.461262381829968, 28.685603834047157, 21.922634568776903, 13.71245850287723, 5.306507757411649, 42.412114870393175, 51.633895541207636, 58.74492747799092, 67.89511856628883, 74.74465209135903, 74.8704877655288, 66.0308034579707, 56.5969853774516, 49.22978201737215, 40.23227712168806, 21.853612997798006, 24.583620794804247, 29.01317360352159, 36.38243238112905, 42.175864811360654, 38.48787260096152, 32.37770829341476, 25.42251858179116, 19.187382243522958, 17.399141859522867, 30.73357157982305, 30.75459994172049, 36.85773638864409, 45.27440323000552, 49.085996661528974, 50.90395667019166, 47.9877806951502, 41.44499955192875, 30.18147634446735, 26.584799309125017, 16.30840467711057, 16.470803966438883, 70.87025936672295, 65.08898632068771, 59.69305253342546, 58.40695625820378, 55.290772925791536, 54.308376509844116, 55.94354913568095, 62.900653524458946, 66.89902517395468, 69.6754817584838, 70.92990982306746, 72.02500926353804, 68.63415968377976, 63.655598923233065, 60.82145195488927, 58.412536387393715, 57.72944854342164, 59.96916350063125, 63.08688166308202, 65.3344393130051, 90.18529357460605, 92.82869737716067, 104.56999340705501, 116.74254714768698, 105.18915589357448, 107.51189649737762, 111.94283695541411, 99.59102311949223, 95.18209743068935, 92.89832305148579, 81.53576596127664, 84.74441611016529, 72.95556587356805, 63.92019558804388, 60.07756679807068], [46.88544416566904, 54.09236897837499, 62.56889979499934, 69.90049208256443, 63.10531993541075, 54.5810439356243, 47.34218034949662, 6.851838792816859, 0.0, 8.703775056927942, 16.633002003173633, 24.37960767581794, 17.8733219466459, 10.413575962687553, 5.543723684981603, 44.98658391159976, 54.71194086212599, 62.06089249975042, 71.66991494297045, 78.9201531985423, 79.35301394460431, 70.15640574939786, 60.45237864217805, 53.006713149233384, 43.78953325416426, 18.04357799471086, 18.816731600428856, 22.358836045030518, 29.836849022814555, 36.334531020176904, 32.538998818671004, 25.67782372651158, 18.628328544728454, 12.914295125254881, 13.46036372448356, 34.42013044310049, 35.6048879658291, 41.973377931999096, 51.49627672331334, 54.98339644329029, 55.741382276132605, 52.162940170104065, 45.66084257062375, 34.17395963931997, 30.26524243342838, 20.326850258625264, 17.806651708828838, 77.36548476148708, 71.22147947991272, 65.382626776027, 63.52880828334996, 59.910341976440556, 58.49724139180372, 59.655950523511535, 67.10996063320457, 71.54366303772332, 74.84567963350594, 76.63814127889655, 78.18101025350764, 74.93716821897365, 69.41882298118261, 66.0034329082779, 63.07155666877677, 61.938182403589764, 64.61323785330319, 68.25607376525957, 71.12016168633521, 94.12119552633298, 98.0847430866853, 110.60894518304599, 122.95759243723498, 111.88967217187432, 114.14290279856962, 118.24899105796449, 104.77443477846724, 99.22357583066308, 95.74097117787836, 83.0327761300957, 85.59545961998295, 72.24930666799754, 61.18687535974316, 55.189311393819295], [55.298361883426786, 62.380676180359856, 70.93476984958608, 78.44228639255385, 71.6810395167409, 63.15031133901734, 55.937565875549694, 15.212340811725756, 8.703775056927942, 0.0, 8.55931242886279, 18.172904275385484, 12.334189846517566, 8.595141873147236, 11.59039615242486, 51.81620212810161, 61.89736853765911, 69.41767970440887, 79.32879305966932, 86.80674822320228, 87.42328999344063, 78.03678780044214, 68.1597987328433, 60.67190546985375, 51.32435325977548, 19.393757443557217, 16.26514403921616, 16.656144482381297, 22.75839517869028, 29.416198110999062, 25.06750647767245, 17.76083756837875, 12.047098303832172, 9.702574529946627, 15.457055054701781, 41.98473776535819, 43.21363142184793, 49.03416933824936, 59.00575040411035, 61.75597272811907, 61.10693147029628, 56.511119726190394, 49.67713890656028, 38.060068839086476, 35.21345725053763, 27.032788274252045, 24.203283461176873, 84.32882363330798, 77.67628039304222, 71.26787950227713, 68.4615423024307, 64.0444673903238, 61.80496400587511, 62.0253530334813, 70.17369905396835, 75.31752313891197, 79.45545122645825, 82.17277833789397, 84.42716066660655, 81.52558079083975, 75.21458662263095, 70.90384545337618, 67.08745321728418, 65.07866173039801, 68.52124945692269, 73.02251839883537, 76.87886660595063, 101.68702493626665, 106.23621248886217, 118.67805968880425, 130.55481569483646, 119.63371393089332, 121.20380686330797, 124.46732164197621, 108.9361818828079, 101.60693171450009, 96.58289601745656, 82.33935222734925, 84.56314633962845, 69.62334010359079, 57.0769132076929, 49.55423100515686], [63.47394909941618, 70.6565327585101, 79.14067111257935, 86.38733659784238, 79.68140406034759, 71.17405370195166, 63.91152040077374, 22.461262381829968, 16.633002003173633, 8.55931242886279, 0.0, 10.769115896413078, 7.545289964997898, 11.071774013991705, 17.83126607455713, 60.32063648286006, 70.35804997219765, 77.78577200828906, 87.51961521117951, 94.76660232538102, 95.36619009083805, 86.32334698172558, 76.58911811534405, 69.15129920660154, 59.855049472019815, 26.704069375945945, 21.53485226019157, 18.15273771426883, 19.15207159746334, 23.48809947713045, 18.385896188575497, 13.592069792275826, 13.703751149019931, 15.949063163477476, 23.301296483377296, 50.50849731920079, 51.220347598577526, 56.30271383715475, 65.55908607889774, 67.65970627290089, 66.24835261431997, 60.81617534425132, 53.158163927691376, 41.46439373351117, 41.00216765996832, 34.49422433698358, 32.67734495928684, 89.31384488826643, 82.51610605599599, 75.89380911079895, 72.23070584715431, 67.0563405075412, 63.715868409949564, 62.38443921187148, 71.36512331782453, 77.37844973998087, 82.34335345110524, 85.96845161458387, 88.71999887476602, 86.2153458063819, 79.48212253306723, 74.46692948640762, 69.71917841779485, 66.44284419542832, 70.9104538118823, 76.2963069402005, 81.00610392603835, 108.99551685712923, 112.95692616408351, 124.35488905868148, 135.1856310026171, 124.52533573912513, 125.23649007107076, 127.43376238402033, 110.43282874846167, 100.89544046786585, 93.97371658306228, 78.25687096763006, 79.96852952824392, 63.86471848528356, 50.85169122688169, 43.881965795088014], [70.0692148346092, 77.51719943394716, 85.708800900234, 92.15284017209943, 85.60654710560406, 77.24347312099476, 69.92571213213895, 28.685603834047157, 24.37960767581794, 18.172904275385484, 10.769115896413078, 0.0, 8.423956123568367, 16.259135848132917, 23.570128237757825, 69.16513841457204, 78.73682977176354, 85.76465505691564, 94.75026667232548, 101.20837218575359, 101.56194722589946, 93.52591018642967, 84.3322469832743, 77.07819669819098, 68.0629793992539, 37.15925394715533, 32.05509843419765, 27.48314256974411, 23.4237705182773, 21.975796495681994, 17.054383228905756, 19.39907392047275, 23.752762701694806, 26.557366726163437, 33.54526331251817, 58.748424535127455, 58.544838550573004, 62.773443683825676, 69.9999500506931, 71.61203085228875, 70.35114651739543, 64.44332346559392, 55.43326096395168, 43.72762712107106, 46.86889385504272, 41.7550091876394, 41.71091865037199, 90.83024831452097, 84.45298435841438, 78.16060419572926, 73.88586765578516, 68.11210806763033, 63.40173350888774, 59.71978399027309, 69.69794165460952, 76.73105439900874, 82.40577194273853, 86.79603153444717, 89.66521771178009, 87.60092486833351, 81.0465416885731, 75.6924843997926, 70.06271197711625, 65.06866299363791, 70.84187427912664, 77.04173601400245, 82.29518114969925, 114.33412197527596, 116.29483896116169, 125.46202395878215, 134.53564573734081, 124.4205543491951, 124.1627497978367, 125.08983411359273, 107.80797801671233, 95.60020514103967, 86.29202771027097, 69.17389668586921, 69.96682036672196, 53.33434840839075, 41.61888589092764, 39.371832701216256], [63.76325060646577, 71.17514641711527, 79.46165201201103, 86.18654752857087, 79.27814396904, 70.7727131553657, 63.55268086931092, 21.922634568776903, 17.8733219466459, 12.334189846517566, 7.545289964997898, 8.423956123568367, 0.0, 8.470706045812827, 16.657527447513875, 62.7319182804972, 72.56443845992408, 79.88844956618892, 89.2451640123102, 96.05163622624788, 96.3057970925358, 87.68136819730223, 78.1488251922743, 70.70567403951263, 61.45715742184232, 31.52334886398084, 27.73443317075249, 25.52943017808087, 25.969604880481022, 27.98145673774248, 22.8052333762475, 20.68659409497801, 20.85539756078692, 21.44569809834131, 27.48683429944214, 51.71761998648711, 50.76574685761412, 54.672791300592905, 62.46790448929195, 63.984996098130665, 62.46891978531633, 56.69880829057202, 48.164395026456276, 36.40040840319628, 38.53715928536007, 33.69153421138156, 34.531246701131, 84.41989053433366, 77.62941301473329, 71.05346235248105, 66.96975556026355, 61.45997444925002, 57.487532957698306, 55.340719345975074, 64.6483554355106, 71.0480377264731, 76.3341595958792, 80.38398050070724, 83.3391482779287, 81.12453739894538, 74.27509043628883, 68.99158522343306, 63.79110806662667, 59.81142726530032, 64.80313103838553, 70.58816071799988, 75.66445147590504, 110.33165749232776, 112.36723877891546, 121.89802433046745, 131.5117367023356, 120.11715219033753, 119.84646333348756, 121.32271540249894, 103.51586829741213, 93.41888635401578, 86.55669730643656, 71.27225697506817, 74.11850691130094, 59.16862250492359, 49.404940490730525, 46.80418708272789], [55.521984342145856, 62.909762884367396, 71.21958613419991, 78.08170868340328, 71.04696549099485, 62.49457412874525, 55.31540151080985, 13.71245850287723, 10.413575962687553, 8.595141873147236, 11.071774013991705, 16.259135848132917, 8.470706045812827, 0.0, 8.498710886284695, 54.815001166766486, 64.5948871899103, 71.96452438198448, 81.38600125865739, 88.31060380194555, 88.4983609688026, 79.63423245198032, 70.02026280104027, 62.53605516508421, 53.26858701473837, 26.049224508166958, 24.40883644941721, 25.07181191569919, 29.222318840439645, 33.40067070596544, 28.66963829531508, 24.028960325408775, 20.262605807665334, 17.65590144764866, 21.541369471126877, 43.42089426376791, 42.37529875508837, 46.673804862919944, 54.877241740450685, 56.944494254692074, 56.20192020060078, 51.19839381161194, 43.26383740376845, 31.319898147848086, 31.580078295290246, 25.500235355008588, 26.647029275472285, 78.25347334709491, 71.56909943798134, 65.17990481005442, 61.90509056085089, 57.11568953711966, 54.226679189609484, 53.708835748725896, 62.1664654661828, 67.69422365065807, 72.15783480041335, 75.32484183148391, 77.80519884155237, 75.2098242288581, 68.73864228615973, 64.12634249739801, 59.82634390274689, 57.11970298071582, 61.083590365400475, 66.0071815635581, 70.26325405190376, 103.24972303603764, 105.46095868027392, 115.68694682442633, 126.16483951188889, 114.32120034335598, 114.76104499607645, 117.23979137823805, 100.8085747271915, 93.02022926552226, 88.25898163642202, 74.68528213718453, 78.1978086665208, 64.6505731389035, 55.52666598446769, 52.41308622802321], [47.121964519274194, 54.55212705252382, 62.816937234601156, 69.63098242405736, 62.682204003193654, 54.16201537301189, 46.93459193775242, 5.306507757411649, 5.543723684981603, 11.59039615242486, 17.83126607455713, 23.570128237757825, 16.657527447513875, 8.498710886284695, 0.0, 47.39561283641456, 56.78779434694742, 63.94899796779801, 73.11851970451413, 79.91011426140857, 80.04149303419402, 71.3113408668841, 61.87524830671847, 54.49007610495755, 45.42462352001274, 23.20124589089056, 24.148931711525666, 27.147515519580608, 33.281077955694016, 38.388288721203864, 34.36692267983427, 28.890653611626323, 23.04028189956288, 17.93991789147492, 18.52193363690635, 35.80869768262042, 35.32178260353554, 40.62597253641755, 48.76062719153946, 51.87654182596412, 52.77207666106074, 49.00770374873169, 41.717246759655175, 29.94282392672508, 28.19154847750744, 19.63452723462457, 20.409963087717454, 73.31607351819173, 67.23340988055403, 61.48582058826517, 59.40755860947481, 55.60399153426126, 53.79736775949698, 54.472989110757894, 62.107386145894445, 66.76798442865967, 70.22330536340084, 72.23900402283557, 73.8413162000447, 70.76650410445902, 65.24856771863575, 61.724234642667426, 58.532790677865414, 56.9599469294352, 59.95428822514311, 63.81753574558903, 66.85146488083868, 95.02262249669813, 97.32730765631929, 108.32017947224054, 119.73530393369907, 108.14582190565372, 109.72223298173823, 113.35589639759492, 99.55979126124572, 93.72945807168271, 90.39317397074376, 78.15656070095166, 81.3778080054499, 68.96807127865674, 59.95701615705178, 56.60645457511242], [20.494324802740294, 21.40074989852564, 28.81225218380488, 39.04074644468579, 33.85351174627037, 28.152946251341156, 25.385868789477072, 42.412114870393175, 44.98658391159976, 51.81620212810161, 60.32063648286006, 69.16513841457204, 62.7319182804972, 54.815001166766486, 47.39561283641456, 0.0, 11.310351756324515, 20.174948529874918, 32.5381523075918, 42.86537188881163, 44.23281784517488, 30.902103783415157, 19.569630859355883, 12.612590024717605, 7.085349862132287, 37.05153919402969, 45.28961675315222, 53.88000654552738, 65.70414132626237, 75.1525401721706, 73.03673072680981, 63.77690088037064, 53.784255356587444, 46.73458480563817, 38.448721273048385, 14.127229568239521, 25.681001861968586, 35.75486790175767, 46.819169761422366, 54.17156283213517, 59.689173168438984, 62.56029167188701, 63.509319435168315, 58.352726073794535, 45.35423204452572, 35.845254280668485, 29.089833864389686, 76.56337304338209, 72.86743376692448, 69.92047161237693, 73.62871046650567, 75.01807994641266, 79.19916343773406, 86.42612295651686, 88.93351069433876, 88.5145572424582, 87.07078732609989, 83.52138794755557, 81.7959803489812, 76.71290442459129, 75.15851065776673, 76.61939329610078, 79.25217886607517, 84.20745241119371, 81.5999699552097, 79.90398665583842, 77.3074770938245, 62.758588140097125, 74.65718057214264, 96.18944046248038, 115.55228896248573, 105.16393737271504, 113.44955969696265, 123.68938361690856, 119.65011408573102, 124.4404961951412, 128.09052658317552, 120.59274175126575, 123.64310257660111, 113.27377754495895, 101.60324768623059, 91.65194075557005], [19.80046298790119, 16.78617992229191, 21.572986159868318, 31.427285255029155, 28.21058873760849, 25.194631707363158, 25.022358883335862, 51.633895541207636, 54.71194086212599, 61.89736853765911, 70.35804997219765, 78.73682977176354, 72.56443845992408, 64.5948871899103, 56.78779434694742, 11.310351756324515, 0.0, 8.965182791896046, 21.558644519802744, 32.299132676749096, 33.923518939778845, 20.138902198017202, 9.366151141141223, 6.500474715682925, 12.512336703892402, 47.778775983964294, 55.793698966888556, 64.02493446446499, 75.24436636001835, 84.24001793860084, 82.49258259208403, 73.74978909717294, 64.13953608251886, 57.233407779256595, 49.10945683294868, 23.16179843902252, 33.15569175567832, 42.15706733501558, 50.46629706746011, 58.498724393980126, 65.70914242151305, 69.75485540195157, 71.14741220524118, 66.74681798762983, 54.48400096854453, 45.54364136955071, 39.69176828259162, 77.9927345435864, 75.78260246584867, 74.21364104403938, 79.11632009370783, 81.42382193287055, 86.11404401570509, 93.49996263300663, 95.38987229415275, 94.32984924023125, 91.96170510913635, 87.27083120644463, 84.3879457370999, 79.02387858561235, 79.15371715893275, 81.90410325130081, 85.4517524671263, 90.87663723449901, 87.7381866582585, 85.11262888918168, 81.18710835651608, 52.78821179540103, 66.28387410450452, 89.80762589641404, 110.65610752732549, 101.64367253536695, 111.81499407414206, 123.46404932890344, 123.33559979893116, 129.63099032988913, 134.0205596409095, 127.46063740285646, 129.87916538773766, 120.40989944544457, 108.99313464575832, 99.47973350673485], [23.02560653044888, 17.811262514148428, 18.96795079729139, 27.209178227571442, 26.510425863967143, 26.201624330745027, 27.788424717848436, 58.74492747799092, 62.06089249975042, 69.41767970440887, 77.78577200828906, 85.76465505691564, 79.88844956618892, 71.96452438198448, 63.94899796779801, 20.174948529874918, 8.965182791896046, 0.0, 12.797754070883764, 23.873983881348877, 25.915065853315735, 12.342349037799696, 6.301800731827213, 11.478858416024043, 20.40721622494739, 55.87711218516091, 63.6583273196114, 71.53491675980086, 82.17019647942742, 90.73108047094688, 89.30652349775923, 81.04687120722751, 71.81781875845653, 65.07852518178679, 57.14505778971099, 31.20405998928311, 40.47920555459574, 48.8697869550935, 55.13960672948876, 63.53162298841673, 71.86349148765703, 76.52162526545469, 77.92676179767366, 73.80441494399597, 62.257179509363276, 53.43537138692316, 47.90089741102639, 80.50459443041139, 79.50398899442769, 78.96520850670869, 84.5836841111698, 87.40109947765956, 92.24802678796001, 99.47482624462354, 101.09955150100275, 99.74619550780835, 96.83206186685203, 91.43436201451482, 87.69759018396142, 82.18768762546925, 83.58834864130907, 87.18108647732858, 91.21583335688213, 96.73555507991492, 93.41470045498991, 90.27648118592141, 85.49721482809312, 44.48527766342957, 59.59505825083562, 84.8679657647708, 106.87797552338216, 99.4612629065653, 111.20764235788076, 123.86118436906494, 126.97377019381675, 134.01554916779395, 138.6091538613367, 132.56133276647574, 134.2391754120874, 125.37166273744627, 114.02189146003518, 104.84275214316276], [29.262962495061537, 22.9539844876595, 19.18194626810379, 22.535073583138576, 26.049664900468297, 29.37054463441197, 32.76077428157405, 67.89511856628883, 71.66991494297045, 79.32879305966932, 87.51961521117951, 94.75026667232548, 89.2451640123102, 81.38600125865739, 73.11851970451413, 32.5381523075918, 21.558644519802744, 12.797754070883764, 0.0, 11.316901621794019, 13.96404851757044, 5.8706507273426665, 14.650386071728617, 22.04420202195915, 31.534450650341793, 67.13829399125743, 74.65634526661661, 82.06746031838958, 91.81622235922077, 99.56331909362086, 98.47098606989513, 91.03367218239964, 82.36061561681473, 75.7485080937719, 68.10137153750988, 42.011066410329136, 50.13149990224786, 57.644052781572086, 60.93248458196108, 69.64554243647846, 79.4909596202011, 84.8647935521892, 86.0723489330257, 82.33599275678729, 72.08510831272083, 63.55147516576082, 58.81620856544652, 82.62519812718547, 83.41021240234396, 84.35537745858791, 90.85535019246181, 94.30319886493626, 99.23215664502854, 106.0630454577649, 107.33261148026801, 105.64204174356401, 102.02672939405942, 95.74145639259075, 90.81603516493878, 85.19526248462181, 88.4081883714933, 93.12199383870846, 97.72970611627112, 103.2237250495521, 99.75541372991007, 95.98726437682072, 90.09249604240999, 32.423018554743145, 48.770271313050344, 76.02714641264012, 99.3768535528243, 94.34240430801844, 108.19898330508664, 122.10859532223853, 129.9690577097385, 137.90509192767567, 142.77479821384642, 137.65177193182438, 138.4036311718406, 130.7331773508789, 120.08535657255601, 112.13002319869625], [35.581478019161295, 29.563236510416598, 23.599839755403025, 21.67877558485151, 28.32544575914727, 33.74556143360122, 37.87104106723151, 74.74465209135903, 78.9201531985423, 86.80674822320228, 94.76660232538102, 101.20837218575359, 96.05163622624788, 88.31060380194555, 79.91011426140857, 42.86537188881163, 32.299132676749096, 23.873983881348877, 11.316901621794019, 0.0, 4.461354420326299, 13.718065856287208, 24.614554930413185, 31.719203915975317, 40.94079734675706, 76.12272091847312, 83.39343990565351, 90.37399839850603, 99.27120667111542, 106.16755328589187, 105.3026772427357, 98.6946229858997, 90.56357912106405, 84.05198311374942, 76.71886420793663, 50.83501249361386, 57.971524541092805, 64.78974057570508, 65.57673556875763, 74.40461706737288, 85.41200214634888, 91.19625717198981, 91.99330513527903, 88.49071248513934, 79.60373770291925, 71.33419750049096, 67.3953406137466, 83.70698472731277, 86.04352042161317, 88.22438153549147, 95.29637518557121, 99.13918573146853, 103.95162928153438, 110.21187407188238, 111.27589327062088, 109.43596345423467, 105.35031943004337, 98.47449244407343, 92.59025297722924, 86.97154932341444, 91.6876346287307, 97.23096741442906, 102.15678828630881, 107.41217035926701, 103.98586525209353, 99.83378173903048, 93.13808354594649, 22.357074472593453, 38.32204888117258, 66.99452937995709, 91.25722296850148, 88.58600760620294, 104.16606270895157, 118.94922953476166, 130.99178938775512, 139.36367489890998, 144.28601801917355, 139.9984689022458, 139.93635505955854, 133.4910080889495, 123.80886471775082, 117.38392885498936], [35.02380518520421, 28.967034004546235, 22.152324520806843, 18.482429359989318, 25.886363068451796, 32.07744072050451, 36.7088819172486, 74.8704877655288, 79.35301394460431, 87.42328999344063, 95.36619009083805, 101.56194722589946, 96.3057970925358, 88.4983609688026, 80.04149303419402, 44.23281784517488, 33.923518939778845, 25.915065853315735, 13.96404851757044, 4.461354420326299, 0.0, 14.660736382942025, 25.598968002356287, 32.519869472784315, 41.648862310756044, 77.37937137963434, 84.73895690656342, 91.77837387068183, 100.64114627219233, 107.33650940646476, 106.32969360291641, 99.86783402945872, 91.72831522197318, 85.06717019375291, 77.73272960440752, 51.207796978603135, 57.46276172135917, 63.700795028038264, 63.44019818989275, 72.21722303909624, 83.59708834379452, 89.6207742143342, 90.46472069653616, 87.34782777751059, 78.9408699038301, 71.16770178993927, 67.98700538312742, 80.32792574662594, 83.0811179547607, 85.66408281575457, 92.97394704872683, 97.04344314025835, 101.9514154269339, 108.24068434340438, 109.01852307021082, 106.97670048676075, 102.65260656805359, 95.53798541094899, 89.38914925426333, 83.78371297151958, 88.94180775277434, 94.7967517234373, 99.93126233849158, 105.28138054311201, 101.70796659256347, 97.3219192171394, 90.32241834393281, 23.10861649423013, 35.448501626374046, 63.29352446909006, 87.41415962541652, 84.31479473279076, 99.97482953031437, 114.92473007221348, 127.6756366518814, 136.5408000141843, 141.96475076777577, 138.31916000901865, 138.60801089359325, 132.83584062550878, 124.09524135411135, 118.64451077144658], [25.83954210936125, 18.83127809812393, 14.078688496444123, 18.156614827244503, 20.997101962468655, 24.737549550963795, 28.927703047589123, 66.0308034579707, 70.15640574939786, 78.03678780044214, 86.32334698172558, 93.52591018642967, 87.68136819730223, 79.63423245198032, 71.3113408668841, 30.902103783415157, 20.138902198017202, 12.342349037799696, 5.8706507273426665, 13.718065856287208, 14.660736382942025, 0.0, 11.573975669626105, 19.239337394192273, 29.010795047157377, 66.18000253040223, 73.98159951005815, 81.70114722653929, 91.78519400932757, 99.58862599146343, 98.17220901948296, 90.59271471381372, 81.64650989587287, 74.72659760466452, 66.90727495638454, 39.312079067170444, 46.30147541825998, 53.12122806794459, 55.88488991800315, 64.50600409318135, 74.46268543805337, 80.13630723848058, 81.72753885409352, 78.59045922417772, 68.39270313588584, 60.61735708657919, 56.84571339439086, 77.3799937077484, 78.09493577814969, 79.12448303550714, 85.81790353772048, 89.51846149017905, 94.7398594960665, 101.97591168653439, 102.81715940481091, 100.80212554876634, 96.95843122681177, 90.49379520091101, 85.57060365201718, 79.94927082136323, 83.1871546507596, 88.07363805793038, 92.9494740217549, 98.80023466230908, 94.99806733998862, 90.95745232778577, 84.88099202232891, 35.9618230311904, 49.11937154521978, 74.72519087963224, 97.47402304290308, 90.84396923881542, 104.0732019535104, 117.89841021999214, 125.04436226559956, 133.71269832333962, 139.44444737953881, 135.012338759929, 136.68475832997817, 129.55422186453478, 119.95717524090182, 112.85851757405992], [18.394492690091077, 12.266663369840106, 13.517785064410699, 22.758916980432833, 20.86642616500425, 20.40932192187261, 22.71686075449106, 56.5969853774516, 60.45237864217805, 68.1597987328433, 76.58911811534405, 84.3322469832743, 78.1488251922743, 70.02026280104027, 61.87524830671847, 19.569630859355883, 9.366151141141223, 6.301800731827213, 14.650386071728617, 24.614554930413185, 25.598968002356287, 11.573975669626105, 0.0, 7.929074974685511, 17.83410112919376, 55.5202339704969, 63.56166957169243, 71.66296491943322, 82.42631806336142, 90.80429916364061, 89.05848203807102, 80.87282978883398, 71.48626972875529, 64.40176775674189, 56.35725287976093, 28.416514823915424, 36.22664773238852, 43.91090452095786, 49.30895597545209, 57.73007132728428, 66.44548670767216, 71.45150022610201, 73.0787808806062, 69.54075546967661, 58.32416881326878, 50.30086411012199, 46.1150478681823, 74.3247076360798, 73.39104931421132, 73.05382696162846, 78.91977165545167, 82.01023966283836, 87.09323154772166, 94.59739068435104, 95.81778242302978, 94.17496295445449, 91.01288460854047, 85.40552486044886, 81.56806180310278, 76.04791958837461, 77.61884183585694, 81.4635473568854, 85.76854124496292, 91.55940764413175, 87.95909985546537, 84.54137530418137, 79.51042522576071, 46.19723732816513, 58.272799253648046, 81.86562306046923, 103.20707768678956, 94.49165488641593, 105.6813974828568, 118.23312852653694, 121.03845166575398, 128.7140892526904, 134.09883023535707, 128.84203000474457, 131.33275740998548, 123.23710978700294, 113.22991430466209, 105.39463917286713], [13.858178125002073, 10.611245845176382, 16.544864881612572, 26.782039926836454, 22.474039524907, 18.794979343669784, 18.83876278175762, 49.22978201737215, 53.006713149233384, 60.67190546985375, 69.15129920660154, 77.07819669819098, 70.70567403951263, 62.53605516508421, 54.49007610495755, 12.612590024717605, 6.500474715682925, 11.478858416024043, 22.04420202195915, 31.719203915975317, 32.519869472784315, 19.239337394192273, 7.929074974685511, 0.0, 9.913875077229587, 48.04285508614135, 56.213558843865684, 64.4935319774807, 75.53502408172952, 84.08761305204361, 82.09691295392918, 73.69159796721065, 64.11386915204494, 56.88859894508496, 48.76478284514464, 20.5231023037314, 29.02242963511039, 37.53545209643162, 44.59591757141194, 52.850441682071214, 60.790512918244126, 65.177834109681, 66.48867057823297, 62.49460154052193, 50.90612666899726, 42.570747489765246, 38.277921831480626, 71.62405420803076, 69.67908413771353, 68.45530777060225, 73.6439911447593, 76.19979652583106, 80.99564651859295, 88.42317081422097, 90.03387842730946, 88.79327992415733, 86.1946135059837, 81.28037127371329, 78.15656614495288, 72.75867187263191, 73.25095533051423, 76.32773960621337, 80.0971385830822, 85.61695329605344, 82.3339016057497, 79.47228466540214, 75.232963494114, 52.67976677311559, 63.331366941542456, 85.27251536648188, 105.47327392712509, 95.63969775460959, 105.4459428411548, 117.0125173088815, 117.1543773326885, 123.8408389955232, 128.77678754269718, 122.96297069878223, 125.902377891638, 117.31739352408977, 107.30809051900508, 99.44260087508927], [13.826653346394925, 15.774794518656813, 23.97013849684033, 34.01881795338233, 28.038363417454274, 21.579299557094572, 18.447429333526287, 40.23227712168806, 43.78953325416426, 51.32435325977548, 59.855049472019815, 68.0629793992539, 61.45715742184232, 53.26858701473837, 45.42462352001274, 7.085349862132287, 12.512336703892402, 20.40721622494739, 31.534450650341793, 40.94079734675706, 41.648862310756044, 29.010795047157377, 17.83410112919376, 9.913875077229587, 0.0, 38.69171972243071, 47.013597693003966, 55.51491319659201, 66.91294570920581, 75.69931351854214, 73.3859897209309, 64.68008441964369, 54.85823785860669, 47.46159331792328, 39.244758873337894, 10.831583925535684, 21.17413153966665, 31.09925695641314, 40.67756758381118, 48.43983756889695, 55.033136266450796, 58.35907021211711, 59.09141042122625, 54.298911830798914, 42.178728917060056, 33.16970048928042, 28.46121474423555, 69.8955278235068, 66.61838684204524, 64.15440567898067, 68.2626046624876, 69.9648457334584, 74.2455340967323, 81.443915319366, 83.68140534370907, 83.08015581990239, 81.3400275904768, 77.47530512098798, 75.37097813049084, 70.21716587610054, 69.20393126528711, 71.11897106089188, 74.02846806898035, 79.04918913439205, 76.30884821433264, 74.32151177666682, 71.28424176170071, 61.086640505126404, 70.40437911529256, 90.46432643855472, 109.2369273015779, 98.29407405012532, 106.3798393523739, 116.62253924864116, 113.34561389889048, 118.54571060905893, 122.7229041669351, 116.052544624965, 119.4880187003458, 110.16561374169731, 100.04194266149865, 92.04495299019675], [46.81663674742996, 52.61091195930877, 61.35772021083626, 70.3391419712232, 63.83015977931125, 55.617426689381034, 49.09952204132674, 21.853612997798006, 18.04357799471086, 19.393757443557217, 26.704069375945945, 37.15925394715533, 31.52334886398084, 26.049224508166958, 23.20124589089056, 37.05153919402969, 47.778775983964294, 55.87711218516091, 67.13829399125743, 76.12272091847312, 77.37937137963434, 66.18000253040223, 55.5202339704969, 48.04285508614135, 38.69171972243071, 0.0, 8.62655892269693, 17.906579044170833, 31.07236858179978, 41.70845122942296, 38.72026974435443, 28.011687118617633, 17.305502500153498, 10.90713773882305, 4.7406923894567345, 30.701024771731596, 35.92323732207547, 44.1729547165025, 57.62078510377315, 61.68374449931081, 61.59028170408836, 58.86622020217407, 55.426797776154686, 45.71900915886688, 35.88869605259475, 25.021177955673387, 14.662394611814982, 87.0555994419289, 80.39997777124465, 74.15135204572161, 73.057935028