{
	"dissimilarities": [[0.0, 8.670165643693606, 16.782153636381803, 24.839984882028897, 18.100663934996856, 11.135602540736537, 5.474342768250084, 40.932036486036225, 45.966249775845704, 54.390031261465424, 61.55945271005365, 68.23992738297042, 63.04162200170991, 54.781697075554185, 47.39453677218004, 19.09659939363734, 19.770131980213034, 23.64276406048781, 30.179422057894783, 36.48465023187699, 35.06393869796753, 27.261052178900574, 19.906156999291852, 13.706700601264512, 11.56505621538093, 45.67077634394741, 52.64919833372054, 60.12048358152741, 69.3918732868233, 77.52248161823934, 76.4094722212597, 67.97929605846797, 58.81810966603659, 51.53279024375907, 44.91361300347666, 18.795222621864365, 25.381671187787973, 34.00403168718573, 36.28774556641861, 47.29655787187943, 53.581504904127655, 57.20643821451079, 57.32555224399397, 53.78690198929552, 44.22793122975082, 36.61019625279788, 33.56768276698523, 64.16104291526898, 60.56842186748301, 59.75916660637893, 65.16126877740054, 66.43543486873679, 72.01702435542879, 78.00896502876441, 79.0896584727898, 78.94743698411891, 76.57549934650616, 72.01780477941043, 68.57006850539308, 64.32847529347413, 64.25212513634649, 67.41472351324374, 70.64441620220529, 75.10940959928556, 73.09405558711742, 69.81976044082504, 66.02466191896362, 54.812775336241835, 56.52207570892764, 67.18402435390769, 72.87712842450765, 86.54432870527965, 96.41268104779036, 101.24749901395502, 105.83384774738245, 114.47943904504348, 117.9426876187614, 114.62821085773489, 104.76549520679121, 102.94444922181384, 97.09071756486229, 93.62899952704349], [8.670165643693606, 0.0, 8.696131650154683, 18.373156863594595, 12.484005338361122, 9.524077449646185, 10.589114488944245, 49.418102889439226, 54.262988736988326, 62.56969858579028, 69.87079298681984, 76.75105981456855, 71.55510742706961, 63.259119391126056, 55.899541066479294, 19.72489390201694, 16.08355517485624, 17.45794704067374, 22.697211956924605, 29.334643989380083, 27.878905558640028, 19.186849289684453, 12.373690027498228, 9.365211229803096, 13.936220230925455, 52.57804242729698, 59.7017487208925, 67.4444210642651, 76.90632219988363, 85.39873473397931, 84.49350686862691, 75.76622438849148, 66.47697202348814, 59.17332603871164, 52.32760376575653, 24.9033759646887, 30.845626795505794, 38.450886550573394, 40.099516566840336, 51.41107367751147, 58.05567101607722, 62.656758627839515, 63.78148339956288, 61.15455785485469, 51.053791420563755, 44.10619030020459, 41.07688643183018, 66.48479620125134, 63.56093742990052, 63.51037282598749, 69.8610063202306, 71.95897932691848, 78.20959635303981, 84.68493679719109, 85.15947435753864, 84.31432159975161, 81.18202323018636, 75.72924788609336, 71.66483583674896, 67.36218049408353, 68.09733368038746, 72.09912522260315, 76.1760182249271, 81.23500812304015, 78.56660823665891, 74.48129901180891, 69.86041993178917, 49.20359588323071, 52.39676632368528, 64.8452802873764, 71.96162975892543, 86.24338564281719, 97.42015285923415, 103.46462162072041, 109.97684958033405, 120.49995413775503, 124.95818840883251, 122.37148250537122, 112.88747463091923, 111.32239123052872, 105.32468029342813, 101.31904812955081], [16.782153636381803, 8.696131650154683, 0.0, 10.695348632942222, 7.570616491427038, 11.922268629708565, 16.899653291633975, 57.70422601233097, 62.72151025570233, 71.09560389094466, 78.31545860395003, 84.95659291570779, 79.79906187471353, 71.52976133674562, 64.14577348890529, 26.729279407408587, 20.424485192906207, 18.111229570276254, 18.529652606420044, 23.032712399689036, 20.90760818097417, 13.767171965575026, 11.88516998354281, 14.862292441144266, 22.076357898980753, 61.24816912321099, 68.36673510233875, 76.08664625438222, 85.40162704762831, 93.66931346822493, 92.80998599101423, 84.33910285554923, 75.13151036145196, 67.84566695517606, 61.0210378549257, 33.29744197408775, 37.8785546352356, 44.07333611543973, 43.62204438963477, 54.97899579255841, 62.27593371067288, 67.73105434161971, 69.49574327239839, 67.72391880598846, 58.23355873643797, 52.081076250964124, 49.68832481001458, 66.85564067934729, 65.08637899789424, 66.22357418814886, 73.57292019615716, 76.48648923001167, 83.06345163992266, 89.67643422974828, 89.53385867589897, 88.10512025557365, 84.17033658487279, 77.82148044464945, 72.89813964792548, 68.60448083064438, 70.5920863861733, 75.59947537126672, 80.4302198954481, 85.79257387121251, 82.61902808257292, 77.77441173694015, 72.22377764899313, 43.74742257879577, 46.19020915346344, 59.43212097364339, 67.70467333771212, 82.50359551177705, 95.00954472661523, 102.46467622015749, 111.65822849027147, 123.66488450476598, 129.14396371198282, 127.53074029486338, 118.72003380915886, 117.8716525917512, 112.39680739687657, 108.98477716978805], [24.839984882028897, 18.373156863594595, 10.695348632942222, 0.0, 9.16525157437329, 17.57581025184495, 23.392504503377406, 64.67995540054542, 70.09573631573032, 78.6394406085582, 85.51988069864909, 91.3963928792258, 86.4584967785079, 78.39147249168757, 70.98290177920549, 37.2689089419226, 30.588099474178676, 26.628358336705592, 21.830867656408575, 20.109088926052767, 16.4651367563968, 17.096060403429675, 20.98578757664701, 25.37908258544318, 32.26314159045559, 70.3335655284147, 77.26317243226686, 84.60617791348868, 93.2891343126549, 100.6201718992662, 99.70112906079156, 92.19217137127559, 83.38503544298584, 76.21183221053832, 69.69033510682873, 42.66407302553607, 46.01800247019301, 50.953773224188325, 47.21117376557059, 58.31874108498208, 66.53651322704177, 72.47867868748001, 74.22750888080436, 73.00288933557604, 65.38230498875303, 59.87479957618517, 58.32747597301544, 65.41966786950816, 65.43393895076453, 68.20870443435285, 76.42866420502953, 79.95662604061884, 86.26038358262477, 92.41393006023769, 91.79917587723251, 90.1205519083427, 85.49444172820841, 78.42188192444382, 72.37572353360315, 68.19064603009144, 71.93135293548228, 77.99881129073819, 83.27079527944653, 88.40607149756191, 85.0842367924232, 79.7299305378419, 73.26753533660134, 38.62569659748351, 36.405509764370166, 49.3609329958545, 58.692943621757905, 74.27956367347625, 88.33755415699366, 97.58882646435552, 110.52977074187578, 122.89450194560409, 129.0520701959467, 128.430289228087, 120.48097408494966, 120.69530180463332, 116.29753299061454, 114.64799905688406], [18.100663934996856, 12.484005338361122, 7.570616491427038, 9.16525157437329, 0.0, 8.896933352603352, 15.81777371275098, 57.644212103814276, 63.204535441356185, 71.78261946320595, 78.70821213195667, 84.82994800194075, 79.46812850941814, 71.20593160808049, 63.865681434208255, 31.700462693000144, 26.951110266054904, 25.587206410222393, 25.357650627479394, 27.40982107831735, 24.376789504968883, 20.35368385729571, 19.28143874314881, 20.69847904383008, 25.896647994363768, 63.515610250627944, 70.60975115287492, 78.15050651046153, 87.37885614942071, 95.06867536760555, 93.83173117807254, 85.83993806597651, 76.69602335664902, 69.36202985827008, 62.737487886330705, 34.85125308372532, 37.07279642629687, 41.79100323728986, 38.738927622139634, 49.99268118610619, 57.9040557248925, 63.73475271587934, 65.6511449842774, 64.58129476829558, 56.49027740164823, 51.425457055073494, 50.74276908843629, 59.8289126099993, 58.655803944377965, 60.528487302453435, 68.36399209878283, 71.68987153140911, 78.23659734724986, 84.77582287051287, 84.22684772920162, 82.5412083630859, 78.21544034091131, 71.52014920884683, 66.16338368538317, 61.895750236916456, 64.5948787911596, 70.14918191083756, 75.29167006458533, 80.66079531217639, 77.28328168864475, 72.10482488989683, 66.09803907071698, 46.92702253432009, 44.426109035819955, 54.341014031128545, 61.36486862645476, 75.5126966304502, 87.58823330841223, 94.95614346345097, 104.82222745678045, 117.47063428845973, 123.7867925237699, 123.20773619121933, 115.34124318215972, 115.67201732762715, 111.77740204590104, 110.28021321211384], [11.135602540736537, 9.524077449646185, 11.922268629708565, 17.57581025184495, 8.896933352603352, 0.0, 7.683043419935229, 49.154987856760584, 54.78602580451885, 63.36742433655178, 70.27986482374811, 76.52116422357116, 70.95485522972321, 62.61240298179706, 55.31904094777705, 26.850239911189508, 24.968377434923756, 26.49202383609825, 29.957970071993365, 34.13217452682096, 31.632243631594847, 25.53793083811893, 20.716861436724578, 18.125317969211935, 19.977617119332, 55.50279812903355, 62.5994196731745, 70.12779499198979, 79.56412154688991, 87.36036352192042, 85.9094542223442, 77.72303473155687, 68.46444247796441, 61.081688058124314, 54.5001790888872, 26.743195099877504, 28.65758535852109, 34.10821835046746, 32.432825814530155, 43.8325784292184, 51.27599684262555, 56.43073601630134, 57.86516136817749, 56.253963307412626, 47.83689390561794, 42.54595351938112, 42.21468829388347, 57.10963597924621, 54.62795063597698, 55.288325913020245, 62.23930567236585, 64.875463589666, 71.22119688378402, 77.75465383525233, 77.68426019206589, 76.46295473201192, 72.85020628881, 66.99053249166325, 62.52134937765495, 58.21971958226561, 59.60897381335241, 64.23350876667527, 68.74548513426569, 73.92980016458704, 70.93450412638381, 66.40224223297531, 61.25975383423013, 53.43974490616123, 51.25937510309684, 59.66102355611128, 64.99435355480558, 78.19144162727227, 88.50160211245664, 94.11734324772851, 100.9270354364577, 112.45709586090663, 118.08984325283205, 116.88739445796219, 108.65384198697775, 108.6644549093809, 104.81494760819609, 103.31150908354255], [5.474342768250084, 10.589114488944245, 16.899653291633975, 23.392504503377406, 15.81777371275098, 7.683043419935229, 0.0, 41.84073497204576, 47.39844141247274, 55.992152724141214, 62.89686391260371, 69.1309930558152, 63.7328142098399, 55.45621575309878, 48.09880664033915, 23.869653746473865, 24.31350615896066, 27.52914110580659, 32.75795067395722, 37.76758472156638, 35.76803144780681, 29.18529836667509, 22.904623978069495, 17.786187790187782, 16.23563528636576, 48.636841485265116, 55.56377340801102, 62.87001549234181, 72.05621587808928, 79.70222944228938, 78.28239569282347, 70.25455855579025, 61.15980949698106, 53.855747393768716, 47.43162185373382, 21.214320421296406, 24.91692806296631, 32.134868371425746, 32.19080301831548, 43.35045469911783, 50.22328672615383, 54.24893977238111, 54.56688616990251, 51.67862777141237, 43.24392787758564, 36.71913114366476, 35.493041487269316, 58.93675323305495, 55.709258969886235, 55.42388165772739, 61.27285600170008, 62.9245460651005, 68.57547810710425, 74.59545779509892, 75.3170000123412, 74.9286617580379, 72.2076368519214, 67.33716107450965, 63.55819188315197, 59.307893958866586, 59.737270132291485, 63.36031032660224, 66.90123699443171, 71.44751508432017, 69.21414858524075, 65.61828718946425, 61.431005624048815, 56.024118497648935, 54.87458255654411, 63.5144718339742, 68.3674839157166, 81.53740751659194, 91.08306642916928, 95.84895859383836, 100.94243593992054, 110.23066590992009, 114.4405402550736, 112.00614967657611, 102.92028961424563, 102.10317139640422, 97.56399873433641, 95.6711840512222], [40.932036486036225, 49.418102889439226, 57.70422601233097, 64.67995540054542, 57.644212103814276, 49.154987856760584, 41.84073497204576, 0.0, 6.844078667609396, 15.198381855911997, 21.268848656153562, 27.801499562257806, 22.143706505292606, 13.969632038646722, 6.603332988353306, 43.91126372901464, 52.39737359851582, 59.52650362256786, 68.61473694072697, 75.35462823429009, 74.44747155578627, 67.00807625716446, 58.46227698929806, 50.03705217121298, 40.79570656370204, 21.144794926430123, 23.753537542495916, 27.297454210553077, 34.829045841693265, 41.17036523513072, 38.47575229428538, 31.08875797162103, 23.385839027065785, 17.741488242749, 16.23840822619967, 29.816495538979908, 32.52027416305786, 39.37023992112705, 46.38808623460491, 50.59010858738705, 51.514051773195405, 48.03195865840603, 42.02772477158112, 32.114065401384536, 27.761304651956273, 18.368432505525693, 15.345417171808723, 73.55689784936193, 66.79111153340565, 61.479781686603594, 59.9415051293379, 55.77986524861921, 56.53809112299156, 59.04899235985013, 64.16145485515547, 68.19604904040618, 70.9190233728054, 72.19682986222861, 73.17664395918479, 70.08112734576399, 64.95223843061746, 62.21702258158899, 59.722417921147844, 60.17148843931219, 62.414327726804416, 64.65464681225298, 66.60711404724185, 89.84746703386688, 89.95693222617572, 95.52198471621678, 96.17716111940912, 106.10422957265658, 109.54286792946964, 108.0289234148522, 100.70488907196128, 99.01672395502983, 96.06773225446014, 87.46760594124054, 74.60519972659762, 69.4068311021243, 62.8310687298606, 60.10322967678234], [45.966249775845704, 54.262988736988326, 62.72151025570233, 70.09573631573032, 63.204535441356185, 54.78602580451885, 47.39844141247274, 6.844078667609396, 0.0, 8.700410866778705, 15.631393531371254, 23.506144415913962, 18.386782170926704, 11.105791066283077, 6.489084669640318, 46.771975415153435, 55.63082903703209, 62.95455944846804, 72.47346072429538, 79.67540417627902, 79.0503095185191, 71.244141209683, 62.48724407970231, 53.989258796211466, 44.61786661272264, 17.486067364168566, 18.244711597889097, 20.676121146065764, 28.139819770884124, 35.19612220258315, 32.634191018432375, 24.34837769342372, 16.619981314103182, 11.61778366683409, 12.431321822277269, 33.72101805742248, 37.337930269983644, 44.36814935135158, 52.57204814826843, 56.409552026607436, 56.61822524011295, 52.57818320612053, 46.404138368599334, 36.210115260909475, 31.51108318920749, 22.383725776340874, 17.41725686706635, 79.99375409390758, 72.94744150188777, 67.19595513285904, 65.0322834058277, 60.394618150014885, 60.76318854920635, 62.915427638319024, 68.47076068149282, 72.85400821190744, 76.10830413424681, 77.89705767166123, 79.30962219658977, 76.30648364395364, 70.69653688755328, 67.3871886604091, 64.39388335105167, 64.51851056166572, 67.13649632958327, 69.88849846074035, 72.37582770520218, 93.80952125456096, 95.34689670969934, 101.77668326782252, 102.72373892090224, 112.7911859187751, 116.132565712372, 114.32799741537545, 105.88967963351746, 103.02191317729594, 98.89967470896045, 89.0454329486087, 75.27271778534362, 68.5001847554011, 60.162339895457166, 55.20376359172113], [54.390031261465424, 62.56969858579028, 71.09560389094466, 78.6394406085582, 71.78261946320595, 63.36742433655178, 55.992152724141214, 15.198381855911997, 8.700410866778705, 0.0, 7.868606946256881, 17.349595114225405, 13.187436642888756, 9.559086313954595, 11.41066757767923, 53.80239347218031, 62.926363146126064, 70.38842295361292, 80.19169564722947, 87.65301173181768, 87.19339737154918, 79.1992586346713, 70.30833972428472, 61.77667522157418, 52.346673732954734, 19.08089149765833, 16.286462796358084, 15.067310974642457, 21.061884518803442, 28.114932318169487, 25.20350648482137, 16.294660024903035, 10.040561791699806, 9.304213492057992, 14.883340725526983, 41.35007790017375, 44.737929233611986, 51.18228257156432, 60.003920112952464, 62.90747389278941, 62.149478184556706, 57.1819195817165, 50.522579657998286, 40.07829852594589, 36.431282560846, 28.764151908630677, 24.228941227483897, 86.81729987568538, 79.43310511761901, 73.12052171059591, 69.91838192713317, 64.5333668511879, 64.06375780186296, 65.4776087511489, 71.6525967673336, 76.62399793204852, 80.71685723086138, 83.4035375111344, 85.50956252579728, 82.73320338091376, 76.45184083148389, 72.25777049940294, 68.40279861997168, 67.84668925323874, 71.1223960921209, 74.73629647034288, 78.09594850617897, 101.38930609346288, 103.57675453582442, 110.0509324134373, 110.73912394689845, 120.46267615909515, 123.0986420060012, 120.47027980183543, 110.06310077402279, 105.34444151203425, 99.72880037030751, 88.4738318071443, 73.9080213701136, 65.5870079482676, 56.0198863941871, 49.46444739158971], [61.55945271005365, 69.87079298681984, 78.31545860395003, 85.51988069864909, 78.70821213195667, 70.27986482374811, 62.89686391260371, 21.268848656153562, 15.631393531371254, 7.868606946256881, 0.0, 10.074620589212874, 7.6422942710311155, 10.370659209163227, 15.893450357515892, 61.636558193247765, 70.69322842902442, 78.06679696659589, 87.64577105493078, 94.77609405485929, 94.25225441966985, 86.628096543132, 77.90215665604677, 69.41378424854823, 60.018165833634505, 26.314420735699393, 22.20060914136011, 18.024095508170696, 19.61261878448684, 23.47631131895633, 19.502775672979958, 13.763809295459197, 13.110600426909215, 16.066462079469083, 22.492555428036543, 48.92375573205682, 51.49965366885419, 57.09798630065746, 65.16395969151898, 67.11443897897081, 65.86377310745279, 60.0758910699948, 52.617085147731494, 41.95816736177168, 40.93157843320392, 34.797681101188395, 31.791910180187365, 90.2287125629036, 82.87683849296224, 76.40544488191885, 72.33082480577033, 66.27932079298564, 64.6175982934919, 64.86197824386721, 71.65416654613283, 77.35824019350189, 82.21462382375094, 85.77365381446104, 88.344068556557, 85.84708805242151, 79.29408598916203, 74.44744539755987, 69.69548460385168, 68.13646043694843, 72.22808292451506, 76.71121104753703, 80.79256939038038, 107.94518521554777, 109.3288495874944, 114.85309955457669, 114.80834375332053, 123.89622629518682, 125.5942026268218, 122.13760039000117, 110.32551355248201, 103.2390458582803, 96.10892004836842, 83.69392369144157, 68.62608537709839, 59.4539925034336, 49.9909077862914, 44.58441608720702], [68.23992738297042, 76.75105981456855, 84.95659291570779, 91.3963928792258, 84.82994800194075, 76.52116422357116, 69.1309930558152, 27.801499562257806, 23.506144415913962, 17.349595114225405, 10.074620589212874, 0.0, 7.821390110444753, 15.732049438148419, 21.898185178051946, 70.1512021884648, 78.83313137781386, 85.87101782810791, 94.76804300057027, 101.07245253081375, 100.38685140617153, 93.65125615509433, 85.4171722783758, 77.11745851853392, 67.92358744087716, 36.19421250328994, 31.985111213269118, 26.756869060994468, 24.0582529832328, 21.786835888326625, 16.711608523193544, 18.946250739380627, 22.438574622163326, 25.984494225215045, 32.21859475896017, 57.071824543963146, 58.96843764371884, 63.825103349864925, 70.0991041184751, 71.28215667708118, 70.07739270895746, 63.70981788551678, 55.27760443651821, 44.530437569875666, 47.04908577151913, 42.11435755121642, 40.48052557413657, 92.36949981622139, 85.52621684155488, 79.3916566035838, 74.73115486642016, 68.17054694325246, 64.97347274186306, 63.4909071806101, 70.92169179750142, 77.52781506608345, 83.02987389575381, 87.3623827394392, 90.06537823623498, 87.88326793445772, 81.58441215413579, 76.41725489394528, 70.79627694680927, 67.8784689730455, 72.9565186012916, 78.26451239615918, 82.82346305146125, 113.1941860658914, 112.94860983431997, 117.02412411392793, 116.05774719916222, 124.44291730663167, 125.21752799712168, 121.16007285140542, 108.88873376862091, 98.45767571807258, 89.29619458608374, 75.41842567077559, 59.62446838384374, 49.62699171756961, 40.90141328101917, 39.489039856157], [63.04162200170991, 71.55510742706961, 79.79906187471353, 86.4584967785079, 79.46812850941814, 70.95485522972321, 63.7328142098399, 22.143706505292606, 18.386782170926704, 13.187436642888756, 7.6422942710311155, 7.821390110444753, 0.0, 8.677519348580503, 15.726808244786511, 64.9902613245073, 73.90649469370356, 81.1978381187758, 90.4152583151824, 97.01234671784852, 96.17095472137318, 89.01049137778347, 80.46031816202864, 71.98167328305509, 62.60668013973319, 31.9224996328096, 28.833693330398606, 25.500924969324075, 26.649589309359445, 27.8901269118433, 23.112907741179257, 20.723293300306057, 20.409220260349464, 22.14186948366079, 27.55736576628171, 51.06701520360955, 51.973226927917494, 56.36336681212466, 63.01351826534101, 64.00212918571572, 62.56575250840392, 56.251905959837714, 48.08351315588383, 37.347110543517466, 39.27889279995905, 34.809035189675264, 34.41478871129919, 86.00803342977147, 78.7723410725035, 72.33151179835914, 67.71212738185177, 61.282727022504304, 58.74178801830061, 58.208033025797505, 65.29296892268577, 71.43754445234103, 76.69573373338307, 80.80695101065912, 83.65423395537682, 81.40238514416183, 74.76834608852256, 69.57347066235052, 64.2502390369239, 61.9823535358111, 66.59156291879994, 71.6042399563231, 76.11556509010717, 110.28616843572301, 109.62083921025119, 113.28921842176639, 112.11932797621708, 120.22688601409214, 120.84507311031925, 116.57003360641903, 103.83444675110344, 95.8380492194634, 88.64153218770544, 76.59564610838363, 62.142903012196854, 54.30038829845974, 47.848998707108926, 46.961297415995], [54.781697075554185, 63.259119391126056, 71.52976133674562, 78.39147249168757, 71.20593160808049, 62.61240298179706, 55.45621575309878, 13.969632038646722, 11.105791066283077, 9.559086313954595, 10.370659209163227, 15.732049438148419, 8.677519348580503, 0.0, 7.443404962446555, 56.84858615492118, 65.78424687194212, 73.15615447692164, 82.50359860698194, 89.29287080753969, 88.38389876311582, 80.9414458417756, 72.24341838372446, 63.70228648756497, 54.28016111566863, 26.10191941968698, 24.87806929979467, 24.320060047538554, 29.089463806435106, 33.25179905791639, 29.231892184639655, 23.556446197064552, 19.064776907238283, 17.669148789838182, 21.26444533843839, 42.52996585832552, 43.36649536982088, 48.15600561942692, 55.235849023565656, 56.972416646526675, 56.01332492401426, 50.42875091567297, 42.90085718742303, 32.136634485822036, 31.92910644128667, 26.39634994537529, 26.132793540050233, 79.86652909165218, 72.52603687744607, 66.18902051266286, 62.40473120457876, 56.62201748464134, 55.35873975861186, 56.20112748832268, 62.587914388064554, 67.93199813911109, 72.37894804780227, 75.60615002889797, 78.02296549408683, 75.49208234561895, 69.06069581708778, 64.49460132275641, 60.08384188807372, 58.91889143124828, 62.64155533915023, 66.75394967442283, 70.5590526443524, 103.36067096705764, 102.81828881210794, 106.88365289449827, 106.1503085403234, 114.66528927373544, 116.01840082375661, 112.4269882571904, 100.99761490043205, 95.87897942735313, 90.72529852015127, 80.39439576441139, 66.87150511781131, 60.52431103760039, 54.567621160011846, 53.02000742806958], [47.39453677218004, 55.899541066479294, 64.14577348890529, 70.98290177920549, 63.865681434208255, 55.31904094777705, 48.09880664033915, 6.603332988353306, 6.489084669640318, 11.41066757767923, 15.893450357515892, 21.898185178051946, 15.726808244786511, 7.443404962446555, 0.0, 50.15875168803316, 58.840655517659144, 66.06579446240846, 75.21792915867083, 81.9001081651566, 80.95802302788849, 73.59597664340258, 65.0151665854097, 56.54612206948392, 47.230064711212634, 23.23156692433358, 23.998034950893288, 25.683418822434465, 32.05618704641199, 37.355466067239085, 34.03117500050142, 27.45412897422122, 20.97737283740464, 17.00980408263699, 18.10386859977364, 35.81596983902876, 37.3400261574613, 43.03387210299228, 49.916304863945015, 52.838931134649584, 52.87129684916675, 48.31100951471096, 41.42471158773084, 30.890596128569225, 28.822672748197068, 21.393576991272916, 20.2581829829812, 75.73215912826953, 68.69588729084013, 62.8936682661316, 60.247760993007546, 55.26962785838256, 55.01528363276025, 56.71138878658263, 62.45727724208881, 67.1580630409396, 70.71649939025926, 72.95194451919498, 74.61994201717938, 71.8008811349291, 66.04654159229496, 62.41864059121205, 58.967368850571056, 58.60623235681355, 61.59288921502427, 64.75835276813999, 67.6174184580004, 96.15565534709994, 95.71504140487306, 100.3581791397972, 100.23127321458567, 109.41033293251691, 111.77548963406676, 109.22698360010605, 99.9615143097597, 96.60840706967912, 92.66008858469351, 83.31578170519266, 70.18512751461259, 64.60745484001762, 58.50752218062451, 56.640458438031786], [19.09659939363734, 19.72489390201694, 26.729279407408587, 37.2689089419226, 31.700462693000144, 26.850239911189508, 23.869653746473865, 43.91126372901464, 46.771975415153435, 53.80239347218031, 61.636558193247765, 70.1512021884648, 64.9902613245073, 56.84858615492118, 50.15875168803316, 0.0, 10.234074766505763, 18.86095331185791, 31.147825181026942, 42.04564403916234, 42.286791456902414, 30.33966174789807, 19.86367249955239, 12.09506467389385, 7.734203006333684, 39.230814615551076, 46.45072760867858, 54.901542967609586, 65.47965611748796, 76.11033332112073, 75.6674794737652, 64.86829684454379, 55.05470558717855, 47.953212010879355, 40.65272922626674, 16.883341779863667, 27.825418225308315, 37.95045237703789, 47.02718208230456, 56.9567864278335, 60.89823536014926, 63.83207128613537, 64.64650977231292, 60.6353889117373, 46.86238903184103, 38.229914149147994, 31.505959306305517, 78.39012002809952, 73.06242434547183, 70.27309061357943, 74.42884330968198, 75.05357399311112, 81.28454878558122, 88.12720907387856, 89.63677348672935, 89.43991317022592, 87.80220477203423, 83.95125716809558, 81.91845023876448, 77.73746793367205, 75.5985670790343, 77.36065271138969, 80.21222701196061, 85.26494660715218, 83.17155891969385, 80.3892181322235, 77.72957098311407, 61.108043078067574, 70.32533278102497, 84.39695837596905, 91.191605689843, 104.87077819317467, 114.48792757107127, 118.39303701206308, 119.4882303857978, 128.73817455400248, 131.50235493752373, 126.75394406705391, 115.52433838942412, 111.42702022092278, 102.6311248149878, 94.11321450851787], [19.770131980213034, 16.08355517485624, 20.424485192906207, 30.588099474178676, 26.951110266054904, 24.968377434923756, 24.31350615896066, 52.39737359851582, 55.63082903703209, 62.926363146126064, 70.69322842902442, 78.83313137781386, 73.90649469370356, 65.78424687194212, 58.840655517659144, 10.234074766505763, 0.0, 8.676373925555648, 21.19464217517253, 32.6205302034218, 33.17517200254185, 20.72074252448125, 10.664586670650202, 6.856147409464661, 12.54655128621969, 48.901453779605475, 55.9541991148066, 64.17010467702455, 74.18583784681005, 84.35355333311945, 84.14371753944275, 73.92098558248746, 64.41524551465571, 57.40335019321867, 50.23013432091707, 25.55526414158136, 35.10570439703408, 44.24340660466458, 50.89613700372595, 61.55864597149263, 66.54178135420472, 70.46025100445692, 71.77296575335347, 68.38437916051664, 55.37700019513554, 47.21378117337663, 41.06026667108504, 80.16750684137095, 75.98522867702887, 74.44704078580756, 79.78355363805461, 81.23572793943865, 87.77493720297632, 94.68189994852251, 95.68188964357593, 95.01396198874728, 92.55169708726207, 87.72653815869826, 84.68687912839191, 80.41046751914487, 79.62312291661026, 82.5142961274465, 86.14259255239777, 91.44942524199851, 88.91699237495521, 85.34826994957618, 81.64384969568354, 52.19396545597141, 63.0791735939287, 79.10002786991218, 87.44692918451524, 102.08139565222798, 113.36106034528119, 118.95098392326867, 123.16080562756915, 133.4843764152977, 136.92951116028533, 132.7977823468891, 121.88242867481692, 118.20516536994032, 109.41338634553459, 101.18061491449181], [23.64276406048781, 17.45794704067374, 18.111229570276254, 26.628358336705592, 25.587206410222393, 26.49202383609825, 27.52914110580659, 59.52650362256786, 62.95455944846804, 70.38842295361292, 78.06679696659589, 85.87101782810791, 81.1978381187758, 73.15615447692164, 66.06579446240846, 18.86095331185791, 8.676373925555648, 0.0, 12.779345613094755, 24.736835172231878, 25.778063907707637, 13.2040649394455, 6.4464204358718336, 11.191895310490489, 19.923463060108322, 56.86918112647444, 63.75379594999204, 71.72948480563811, 81.21767148162931, 90.93475800610884, 90.92710666459836, 81.24313096192712, 72.04273177440831, 65.13998888476038, 58.10996976508174, 33.49585649956444, 42.39539173845738, 50.9026726407945, 55.68272344039471, 66.71012528066676, 72.42418144985464, 76.9147214426306, 78.41337809207381, 75.33014193450694, 63.03759758357526, 55.0510771327634, 49.083680913264224, 82.85312734677306, 79.67371758690345, 79.1363534863642, 85.26039371328568, 87.23454412251127, 93.8461973174045, 100.65259770305609, 101.34782972422161, 100.43006264037237, 97.4154084982895, 91.93367274769535, 88.11141660026442, 83.80273220989513, 84.1052766550561, 87.7979045524302, 91.89201393922647, 97.25043728385889, 94.50025137413128, 90.4426849041401, 86.00782794067331, 44.43544363959864, 57.14341288301924, 75.07793737234056, 84.84775534843281, 100.33089637724231, 113.04480478547804, 120.08955114536731, 126.93772902446943, 137.7484621417558, 141.52834560935784, 137.74449661799827, 127.00473402263074, 123.56605792024023, 114.69191326835619, 106.68351062307443], [30.179422057894783, 22.697211956924605, 18.529652606420044, 21.830867656408575, 25.357650627479394, 29.957970071993365, 32.75795067395722, 68.61473694072697, 72.47346072429538, 80.19169564722947, 87.64577105493078, 94.76804300057027, 90.4152583151824, 82.50359860698194, 75.21792915867083, 31.147825181026942, 21.19464217517253, 12.779345613094755, 0.0, 12.38241407681862, 14.23293218491857, 5.370290820775539, 12.999147612790853, 21.264352779661348, 30.57441660377822, 68.01810528176674, 74.71519210649879, 82.29764881340783, 90.99703875200859, 99.77457466922664, 99.89350827385356, 91.21716578466885, 82.46518732023497, 75.66114407225336, 68.87629596311996, 44.18897693376875, 52.14276058614359, 59.80693189350567, 61.64673828220101, 72.96583375827606, 79.74041748055546, 84.87161570612109, 86.4083140888173, 83.70430490898134, 72.85653452463083, 65.16209260277247, 59.75224438323457, 85.10885152350421, 83.53185328473691, 84.5151052078982, 91.64223110577103, 94.26329126191337, 100.75425410278294, 107.21051913274233, 107.50445719273289, 106.34448304506722, 102.60942401020941, 96.31054992485505, 91.348722816713, 87.06206772077383, 89.02122984686018, 93.81465573743235, 98.43141422103483, 103.66881287990995, 100.7371880752882, 96.10254091875792, 90.693424034648, 32.53431891187425, 46.754661506938334, 67.11694102265432, 78.79746619133614, 95.39170465881973, 110.07759897205823, 119.22821579448797, 130.08666550699078, 141.20282472907488, 145.41885049787538, 142.27263185041633, 132.00543135375545, 129.21375403991087, 120.73653437775022, 113.87182062867493], [36.48465023187699, 29.334643989380083, 23.032712399689036, 20.109088926052767, 27.40982107831735, 34.13217452682096, 37.76758472156638, 75.35462823429009, 79.67540417627902, 87.65301173181768, 94.77609405485929, 101.07245253081375, 97.01234671784852, 89.29287080753969, 81.9001081651566, 42.04564403916234, 32.6205302034218, 24.736835172231878, 12.38241407681862, 0.0, 4.263008996381195, 13.0092770170817, 23.3451915818772, 31.173543092453432, 40.02670484230333, 77.2467455847531, 83.76242529587658, 90.90796575355975, 98.82917175740968, 106.48789422380005, 106.58388105942379, 99.04845436723208, 90.76052107696742, 84.05034446338115, 77.5734763859252, 53.09355315410697, 60.11283376923277, 67.0232757723985, 66.03512757127537, 77.34883936336898, 85.03946469502381, 90.52698464873123, 91.85084582219912, 89.41510795976576, 80.31897471355651, 72.95562213965, 68.27417951409235, 85.47789100480496, 85.4842755571643, 87.88195473714231, 95.72799413638641, 98.79232327608207, 104.90935353587146, 110.80377269853788, 110.79853727942611, 109.56910437091034, 105.3009064920647, 98.44525940506445, 92.47824853663786, 88.29203212807747, 91.79657353049292, 97.48298896437625, 102.3802606328667, 107.27649904273254, 104.34666014010232, 99.36178628139757, 93.19803245087645, 22.062691373013468, 35.273737880118766, 57.59389398959917, 70.87247263752455, 88.40571360628243, 104.75593945507428, 115.78896223147767, 130.41119959839557, 141.2671153129058, 145.75414193373058, 143.27191209236824, 133.6376275290876, 131.6968339978817, 124.06082607227823, 118.98047749253104], [35.06393869796753, 27.878905558640028, 20.90760818097417, 16.4651367563968, 24.376789504968883, 31.632243631594847, 35.76803144780681, 74.44747155578627, 79.0503095185191, 87.19339737154918, 94.25225441966985, 100.38685140617153, 96.17095472137318, 88.38389876311582, 80.95802302788849, 42.286791456902414, 33.17517200254185, 25.778063907707637, 14.23293218491857, 4.263008996381195, 0.0, 13.190026466336038, 23.31610861577937, 30.882229552463013, 39.588088906495166, 77.3291059745869, 83.9427554463209, 91.11705466564194, 99.1425204837799, 106.63516752556504, 106.52262800383642, 99.09535532491712, 90.72278266627943, 83.90458196567738, 77.41916211801593, 52.277932463669956, 58.51830841944879, 64.94611471357256, 63.10446923751366, 74.35221414080408, 82.2532288723785, 87.91472632149029, 89.34618671947267, 87.22409165787269, 78.58926704388095, 71.63880898254507, 67.64235209711318, 81.61567138665052, 81.88673181014192, 84.5814589181905, 92.62805947940197, 95.88098055777147, 102.0179324283627, 107.91412787394388, 107.71344880513736, 106.34487189901684, 101.89599630325714, 94.88203708147043, 88.74025743086774, 84.57874374866157, 88.37632916130367, 94.28931189334862, 99.33708764478753, 104.26490664558365, 101.22346939688907, 96.08118630451969, 89.72485950846844, 23.892415191605387, 32.92061255684761, 54.04934712404708, 66.9939953132512, 84.3462670537773, 100.59996558016365, 111.64535802481369, 126.59471671244313, 137.84270904945, 142.77611419051678, 140.81855119463714, 131.6429625888168, 130.28161667776382, 123.42747810775796, 119.27357390433457], [27.261052178900574, 19.186849289684453, 13.767171965575026, 17.096060403429675, 20.35368385729571, 25.53793083811893, 29.18529836667509, 67.00807625716446, 71.244141209683, 79.1992586346713, 86.628096543132, 93.65125615509433, 89.01049137778347, 80.9414458417756, 73.59597664340258, 30.33966174789807, 20.72074252448125, 13.2040649394455, 5.370290820775539, 13.0092770170817, 13.190026466336038, 0.0, 10.752612207331753, 19.27811888215665, 28.775455911029116, 67.53173180427365, 74.42839707653118, 82.13858523101342, 91.11835015410503, 99.81805227745033, 99.64133465938764, 90.94900482232312, 81.98467147820196, 74.98487141945701, 68.11380866461337, 42.08086432401437, 48.94542603022123, 56.00011460296532, 57.0589622206579, 68.36375846125551, 75.33407246229942, 80.74369367047552, 82.54540634406875, 80.30598260918521, 69.77521683854201, 62.66029111882927, 58.20821620385143, 79.95647264236666, 78.49043275161102, 79.68391885578114, 87.05368302854666, 89.93240239418165, 96.57972785773937, 103.18202949412768, 103.20616556995141, 101.80922132521687, 97.85032496741806, 91.35423380508162, 86.28249685740114, 82.00301398728534, 84.14580811445434, 89.170243984544, 94.02317076527366, 99.41754781759909, 96.27467029756045, 91.41038545788342, 85.79544841697056, 34.704483317261435, 45.30409929980544, 63.95520863127257, 74.96403522926983, 91.1072117927133, 105.42650867949448, 114.34348831014961, 125.1489783769484, 136.9925676225415, 141.86018676124954, 139.39593753076088, 129.69855610257235, 127.61949198464703, 120.12565886049669, 114.32747424330995], [19.906156999291852, 12.373690027498228, 11.88516998354281, 20.98578757664701, 19.28143874314881, 20.716861436724578, 22.904623978069495, 58.46227698929806, 62.48724407970231, 70.30833972428472, 77.90215665604677, 85.4171722783758, 80.46031816202864, 72.24341838372446, 65.0151665854097, 19.86367249955239, 10.664586670650202, 6.4464204358718336, 12.999147612790853, 23.3451915818772, 23.31610861577937, 10.752612207331753, 0.0, 8.9160515666753, 18.662902994072628, 57.84330404691812, 64.93322463262642, 72.95311544908915, 82.57871823611431, 91.93807620028565, 91.58285902095301, 82.1470026800449, 72.79804229667177, 65.6667497957477, 58.59324284625431, 32.054330391151424, 39.46237027081103, 47.21964508701321, 50.5900750246306, 61.75015256859967, 67.92042453144633, 72.82083934805523, 74.57079479578363, 72.04113047625005, 60.416757727626596, 53.124645571670484, 48.488598852775546, 76.80769584320059, 73.95685509499512, 73.86850379006783, 80.41826400323488, 82.7607315280165, 89.50149673544908, 96.3885914647895, 96.74236794750092, 95.56090746271282, 92.20494788181628, 86.40260712654539, 82.28663276874592, 77.9761610599077, 78.71894617529887, 82.83291717241848, 87.24886150812488, 92.73450002123168, 89.74893779337286, 85.3668255274522, 80.56281719439228, 44.3360689647971, 53.68995417982998, 70.0211897806746, 79.21513992475865, 94.32870311732228, 106.84604521137342, 113.8891531585529, 121.24776863943393, 132.77736566635855, 137.30139997751334, 134.3649928610474, 124.34338264817862, 121.85158777593354, 114.23019440555953, 107.80326394866478], [13.706700601264512, 9.365211229803096, 14.862292441144266, 25.37908258544318, 20.69847904383008, 18.125317969211935, 17.786187790187782, 50.03705217121298, 53.989258796211466, 61.77667522157418, 69.41378424854823, 77.11745851853392, 71.98167328305509, 63.70228648756497, 56.54612206948392, 12.09506467389385, 6.856147409464661, 11.191895310490489, 21.264352779661348, 31.173543092453432, 30.882229552463013, 19.27811888215665, 8.9160515666753, 0.0, 9.760174011173463, 49.31017044884808, 56.50938927533481, 64.63309135666138, 74.57436487255403, 84.13854996978257, 83.58322663553379, 73.86035499436683, 64.32218159992819, 57.094780310984746, 49.95630827155154, 23.193816109840764, 31.488639691949015, 40.196005616592124, 45.22686099913838, 56.16372624009394, 61.73826109902054, 65.94090240272072, 67.24242900715939, 64.18816426015022, 52.12993194453698, 44.44243039180757, 39.623579827461576, 73.76200886848977, 69.92740525573551, 68.84772571213091, 74.54618094740005, 76.2463661823071, 82.74004329946622, 89.557977512706, 90.33913796530108, 89.57456713795197, 86.86631794097336, 81.8221616280626, 78.46694956144914, 74.1762662270982, 73.85034783872472, 77.11989757388672, 80.93351739030366, 86.20237086139076, 83.58424591558916, 79.81192762601606, 75.79462269341998, 51.33293575099952, 59.0204670442973, 73.44211313378365, 81.14185034684375, 95.49105785666492, 106.54693780139547, 112.13427886028401, 116.93751272965784, 127.45516351043207, 131.37569554379542, 127.91264784811267, 117.60806365152771, 114.82813050198027, 107.26299715578227, 100.81461484808351], [11.56505621538093, 13.936220230925455, 22.076357898980753, 32.26314159045559, 25.896647994363768, 19.977617119332, 16.23563528636576, 40.79570656370204, 44.61786661272264, 52.346673732954734, 60.018165833634505, 67.92358744087716, 62.60668013973319, 54.28016111566863, 47.230064711212634, 7.734203006333684, 12.54655128621969, 19.923463060108322, 30.57441660377822, 40.02670484230333, 39.588088906495166, 28.775455911029116, 18.662902994072628, 9.760174011173463, 0.0, 40.02495376790041, 47.327704493846106, 55.52294182448551, 65.7803774710839, 75.51582536672804, 74.72095878230886, 64.71891719343385, 54.9924189978825, 47.66212449561468, 40.475211802717546, 13.694460239827892, 23.87461879150654, 33.95139298148772, 41.05934169167794, 51.41778497064981, 56.147903619441905, 59.30878116987698, 59.88093064920494, 56.02150272604049, 43.537485442088006, 35.14127231839885, 29.875626896881382, 71.72744648641982, 66.83641528748531, 64.59165950220049, 69.12396165156956, 69.93982050831944, 75.98397646192005, 82.59014370087371, 83.9574878781436, 83.78480502697327, 81.9304154309777, 77.8899696411925, 75.46132326412429, 71.25408891615537, 69.67789426927098, 71.85128407738817, 74.81350623527933, 79.69359699231495, 77.62221143410162, 74.69462578531031, 71.70752308718606, 59.19995863844753, 65.3980962299186, 77.92205252933043, 84.07301150028117, 97.54930664947824, 106.99764092483571, 110.99240952030974, 112.95087501308005, 122.02382028043105, 125.09436288768927, 120.91994886130587, 110.23845767157313, 107.0566565386599, 99.51495251031206, 93.06429897600904], [45.67077634394741, 52.57804242729698, 61.24816912321099, 70.3335655284147, 63.515610250627944, 55.50279812903355, 48.636841485265116, 21.144794926430123, 17.486067364168566, 19.08089149765833, 26.314420735699393, 36.19421250328994, 31.9224996328096, 26.10191941968698, 23.23156692433358, 39.230814615551076, 48.901453779605475, 56.86918112647444, 68.01810528176674, 77.2467455847531, 77.3291059745869, 67.53173180427365, 57.84330404691812, 49.31017044884808, 40.02495376790041, 0.0, 7.5811580931307585, 16.385842275416575, 28.50167626680427, 40.544596973606644, 39.5926461837753, 26.853760701762596, 16.558700420459633, 10.317994154925659, 5.1298466006365135, 30.143944353298988, 36.84041629151744, 45.47985188889789, 57.701871096066014, 62.654434842594895, 62.326972532990126, 59.41111494805822, 55.5511539959381, 46.93212571667196, 36.08636409736644, 26.05492995294806, 15.527727765860753, 88.79377841583366, 81.06012696254605, 74.77368893624295, 73.31744