{
	"dissimilarities": [[0.0, 7.365320766367613, 14.706845531459082, 23.080678678152452, 16.619076869814702, 10.394047975433873, 7.461152608553521, 41.994750757406834, 46.89587524955688, 56.27852010315145, 64.54600802299822, 72.41456680088113, 64.95264946031395, 56.72134733594188, 48.31207632920423, 20.332045407068957, 19.11763047127551, 20.144899733033096, 26.731544867829356, 32.93986637873672, 31.9811340385807, 21.77466857515866, 15.140273648168185, 11.507223918789276, 13.416587669748258, 47.37734497361743, 56.1393506058135, 64.89013378394316, 73.81961402619137, 81.61927571777566, 78.09733725241979, 71.8739900878634, 64.01660414413118, 55.685107942499116, 47.79649285212774, 18.32086834559899, 24.0276771199525, 34.00318919683714, 35.58206389426056, 43.68045234163295, 54.583917898714574, 58.422065553428396, 58.11873113057418, 55.209636087471054, 45.88089409152494, 36.603972117749585, 35.570333391105855, 61.97056214102871, 59.64721790776232, 61.26704523465196, 65.20091898092383, 67.68466856933559, 72.49114031055035, 77.88938092610276, 80.99342907445293, 80.37556011872238, 77.85678279639183, 72.84047811899664, 69.48982763762186, 63.069331014423334, 64.60759806838352, 67.96114071009077, 71.16886149180938, 75.83193432323549, 73.66104863402526, 69.59992115167748, 66.12338638534251, 50.849346374336584, 55.61196063837579, 66.10489038145704, 74.41817120929848, 86.66710884497773, 95.10837736384485, 110.58950528764204, 107.22868990606463, 117.35154766950762, 116.57770328095144, 110.18284510802853, 102.76545317385937, 100.86217672084041, 95.61690782949096, 95.44932113479975], [7.365320766367613, 0.0, 7.612784426418627, 17.13677091735678, 11.54689982013207, 8.457685931312124, 11.206772205799894, 49.3436068613803, 54.191699297430766, 63.52500698362815, 71.80664979875986, 79.74953266060348, 72.30538616562322, 64.05932900796644, 55.663992558480764, 23.64780036903318, 19.236785476983254, 16.9692704562266, 21.343980889960857, 26.87719999211602, 25.567341316743455, 15.617791987737895, 11.161319460259255, 12.358745551023775, 17.104070888362365, 53.85292027116477, 62.762432425573806, 71.64681914239533, 80.72081399915609, 88.61862941600563, 85.22207947980647, 78.88495031633984, 70.91326364668424, 62.57618944065871, 54.59370759137584, 24.015115975521937, 29.55088802727987, 38.222225851324694, 38.65264855704986, 46.82010449094535, 58.29659597524069, 62.875203898740374, 63.548266633026905, 61.424929790003866, 51.91974466312027, 43.50125456667962, 42.35003546243103, 63.440632797870705, 61.95270141877419, 64.41593975279159, 69.04918974160638, 72.2183051747991, 77.65487674047488, 83.50243743797122, 85.95807911318676, 84.61110791822155, 81.408831434794, 75.51454491318998, 71.5407377586206, 64.99280161907001, 67.67574415376828, 71.81856679820585, 75.66282098744223, 81.03110326267753, 78.24003887285247, 73.40629466587951, 69.05268722805124, 45.79103034415279, 51.440656944669854, 63.171383448765965, 72.60801094907708, 85.34682870644855, 95.04093678223204, 111.5242231003749, 110.30666131225615, 121.79638764857604, 122.02910258438665, 116.47380538919437, 109.39903743060627, 107.80542216360327, 102.58380430917295, 102.10558640972039], [14.706845531459082, 7.612784426418627, 0.0, 10.404595908364492, 7.454169652496784, 10.408640632739946, 16.360657349511264, 56.596741326604004, 61.58828466264952, 70.97842232835237, 79.23532684222383, 86.91454332301537, 79.54761608841147, 71.32123810655698, 62.89780556012273, 30.308987551528865, 24.294659980626687, 19.28384260907418, 19.38849713655842, 22.30817516410868, 20.08577158856291, 13.436175998479403, 13.903430704173052, 18.603548954676416, 24.130106429263567, 61.44197929812142, 70.35170954204432, 79.18878397521071, 88.1382098276001, 95.80078583506868, 92.53404361213015, 86.37007288356388, 78.48457458651141, 70.17667485067861, 62.20578129583917, 31.398152522899704, 36.05123890891941, 43.21789738463427, 41.58612648425052, 49.8028879134833, 62.141817288752904, 67.3122945262187, 68.63144289184457, 67.18924205074242, 58.1542826418354, 50.63894930160706, 49.90598205260589, 63.69079106608704, 63.41513106596157, 66.91705463964932, 72.2586261581918, 76.09483249981865, 81.98077191945677, 88.05231157562326, 89.86157248899208, 87.83003902938259, 83.92912844503829, 77.14725559831129, 72.40825007951214, 65.77222097635722, 69.92167446926712, 74.92313038592012, 79.35189360332804, 85.24077680365592, 81.93222741135322, 76.38735542999763, 71.07662898460663, 41.243870881008384, 46.042609512555174, 58.37263403182125, 68.72838273345472, 81.8623333541949, 92.8367255774618, 110.22791645526314, 111.75333867604486, 124.41729779149205, 125.78841454996845, 121.31969738693365, 114.74925711350129, 113.740643619613, 108.97198354364099, 108.87072654493494], [23.080678678152452, 17.13677091735678, 10.404595908364492, 0.0, 8.458382799879129, 15.600647316160899, 22.154246457987195, 63.44528719249871, 68.83264889115831, 78.3818827627065, 86.49606615140604, 93.24976690339128, 86.15727361457354, 78.08111320067304, 69.6225228381769, 40.56639245312843, 34.59896692728965, 28.730613563502367, 25.098371229545098, 22.975942122952347, 19.27179061955816, 20.679357952729408, 23.95446660006507, 28.92397675537624, 34.17223978382453, 70.43986208689783, 79.10554675183035, 87.56183714189872, 95.87688007552069, 102.65875370089093, 99.58154091077263, 94.139292686301, 86.72583835014508, 78.5468925042145, 70.7828069423117, 40.72454139610446, 43.753647966371055, 49.141312658858894, 43.75259707660376, 52.075369319730974, 65.92488129624535, 71.41422099470903, 72.7590831389604, 71.832277632063, 64.46774733404283, 57.999526510698246, 58.441509352840484, 60.971167481264004, 62.7997116510541, 67.79620937048811, 73.88772738144263, 78.36513210800554, 84.32747944088122, 90.13356575207074, 91.29539161703586, 88.67689040554136, 84.0398720504819, 76.33118738211961, 70.47155498146584, 63.78757595240585, 70.17752030359456, 76.21019877456182, 81.12381497275369, 87.14303464387312, 83.53335461786628, 77.39718277553987, 70.92993570539885, 38.25471687418308, 37.29611192103653, 48.61093226346447, 59.524410400680146, 73.07599913525054, 85.5568267466476, 103.70098379394172, 109.47075485403721, 122.79862467782367, 125.56332569488252, 122.69240131770285, 116.94762586271845, 117.05402668671742, 113.53040787637585, 115.05893369147616], [16.619076869814702, 11.54689982013207, 7.454169652496784, 8.458382799879129, 0.0, 7.5983161834815105, 14.708866850790816, 56.50259876931872, 62.021723859619144, 71.59839236772855, 79.78287311943296, 86.86152198500154, 79.29429268264542, 71.06544189216052, 62.692225107949085, 34.546033543043286, 30.08117511449212, 26.30583868182592, 26.649009362214017, 27.987713095322725, 25.018812758963623, 20.724015668064865, 20.49196778469501, 23.380842261493616, 27.79013909326276, 63.66580690361913, 72.49331659392547, 81.23210595070717, 89.89193711117687, 97.06615185865083, 93.57248184225865, 87.8434991613893, 80.17346845297638, 71.76533696296617, 63.88750281737963, 33.4564564150154, 35.47440405415522, 40.72696725747075, 36.35279371286937, 44.67836518544632, 58.03947831473937, 63.412650929996694, 64.85648395243358, 64.03063752882835, 56.17943450699006, 50.16215410217064, 51.105651008337716, 56.59608915469818, 56.970831969569225, 61.12252603054008, 66.860089474086, 71.09205394169786, 77.15911588578845, 83.3280201174642, 84.59158342133806, 82.1341656903486, 77.84703041739137, 70.66206258703943, 65.540932233119, 58.8765250704514, 63.851199871487026, 69.36215432051459, 74.10090510755661, 80.24594106727314, 76.62174025065023, 70.69662443840647, 64.83910626289284, 45.200557621194136, 44.75761464004202, 53.93615227557253, 63.06493964225077, 75.39422109133147, 85.67529871193246, 103.12463746182125, 104.92974867277135, 118.33088929202546, 120.64583451198703, 117.3590512216336, 111.67656610468148, 111.79070298345162, 108.6349675664921, 110.41984039536536], [10.394047975433873, 8.457685931312124, 10.408640632739946, 15.600647316160899, 7.5983161834815105, 0.0, 7.305039755989419, 49.045739137140146, 54.58837680012228, 64.16346278687605, 72.363905392621, 79.60061417765333, 71.86322358676018, 63.585823567731886, 55.24221359510606, 29.12413320473282, 26.58374562746215, 25.186500832612335, 28.706169619546756, 32.27396797458128, 30.018563906277496, 22.63756133832947, 19.096509374654023, 19.01219192393936, 22.081492919240535, 56.49360358951978, 65.29178127583722, 74.06127969454565, 82.79620886313855, 90.12311533729174, 86.42863855058735, 80.60207106573714, 72.88119699967686, 64.41422172558607, 56.5509233329311, 26.563497849098, 28.285186430823288, 34.52490429467669, 31.729750205830076, 40.171354269737805, 52.91982681985286, 57.76223270811756, 58.60306483225745, 57.23131337443846, 49.06920217404392, 42.581650650148894, 43.67139312506283, 55.10522229561998, 54.13920652530295, 57.24018179147151, 62.31233943667589, 65.93384678618357, 71.62598523561162, 77.65670715645454, 79.48898963245583, 77.65607715595544, 74.0340072649863, 67.72307666666158, 63.398669014811865, 56.803958883204665, 60.24225882787143, 64.92820005669306, 69.13309256662792, 74.84313048670187, 71.66569106564106, 66.3902816791439, 61.464212111007605, 49.93916318708937, 50.29145222536611, 58.667119900505305, 66.64542118000392, 78.38395150868028, 87.11033600045886, 103.57711772857468, 102.32193303467793, 114.68602404934154, 115.98129298586565, 111.77235070905446, 105.74048399568635, 105.48254367652632, 102.20584186019649, 103.99072826297626], [7.461152608553521, 11.206772205799894, 16.360657349511264, 22.154246457987195, 14.708866850790816, 7.305039755989419, 0.0, 41.81051717015329, 47.412974193279325, 57.01657516562, 65.17748994254583, 72.30266173040194, 64.60090263260152, 56.35728716658613, 47.99271510229636, 26.197480613922036, 26.03613588527608, 26.887694354811906, 32.3170933629854, 36.94270094290354, 35.205238183323225, 26.823265164265948, 21.280250993552706, 18.172277024928086, 19.171978375251054, 50.201653703186516, 58.773337629898485, 67.3354888983228, 75.8632444722085, 83.04884037212652, 79.27854138402742, 73.60015454581311, 66.04446305781912, 57.64359012148654, 49.934644989084134, 21.608968493648792, 23.126245871371776, 30.779330920581675, 29.26539456906272, 37.72611557691126, 49.882939522221584, 53.89755839728484, 53.60414971327505, 51.29888494239291, 43.34556203339425, 35.9086255660062, 37.20121843998335, 54.62470330284472, 52.73268554627824, 54.87690968290501, 59.16144267816831, 62.00428892490197, 66.97754636754237, 72.48033986482167, 75.0873041124256, 74.10017570683021, 71.25090257008007, 65.92464881300056, 62.284008472409624, 55.81781970108322, 57.976722465366514, 61.773427534993154, 65.25618532843414, 70.15235512476094, 67.69562073255837, 63.296965328663646, 59.35889478392314, 54.01850495423292, 54.4447400246166, 62.12295100186935, 69.13023513728054, 80.51055432790828, 88.0734425968457, 103.45279815085246, 100.07580951413988, 110.83471305755393, 110.95906266820414, 105.7510464753662, 99.26041228785347, 98.59328554747353, 95.16335853677624, 97.15005833423407], [41.994750757406834, 49.3436068613803, 56.596741326604004, 63.44528719249871, 56.50259876931872, 49.045739137140146, 41.81051717015329, 0.0, 6.727229229506307, 15.972804450178936, 23.72590015953066, 31.279182067585094, 22.982278853294662, 14.761757784396716, 6.329184728717436, 39.42376096268912, 48.209199560224214, 55.580022054449266, 65.17626553661343, 72.54659330565698, 72.42828291906952, 61.896488500746116, 53.38360834510315, 45.06254207590933, 39.254132537876224, 21.693373916988456, 25.111045606239383, 30.695017351870224, 37.48505451337517, 44.39531793082792, 39.2646050472188, 34.122484114463134, 28.02398361446577, 21.01566212719195, 17.316621394546747, 30.93790574604437, 29.700624509389215, 37.32947139649711, 45.039317015955795, 48.22129775825923, 50.528222941307995, 47.973141652751586, 40.35016135467447, 30.96185149023595, 26.78063900862506, 14.095785420661915, 15.590227534405205, 70.39098605486099, 63.70310587807779, 59.640653309453256, 57.91703785922278, 54.890716249186056, 53.991825086219436, 55.11073535801399, 62.89560171206757, 67.67601922794648, 70.30806098241293, 71.82111547261088, 72.99660262112404, 68.71777507260086, 62.80071923560704, 60.07443377681223, 58.083223629156144, 56.6739021313603, 59.54081758997267, 61.775004155408276, 64.89669056410644, 87.09233503691652, 89.28541896169416, 94.50714975991549, 97.43410082593142, 106.1352828973529, 107.48587393645461, 116.41011190016962, 99.70390428308379, 100.47152775065689, 92.50245831914589, 79.71045080994644, 69.74520172399421, 64.90301131911389, 59.4313509486235, 61.573113810975855], [46.89587524955688, 54.191699297430766, 61.58828466264952, 68.83264889115831, 62.021723859619144, 54.58837680012228, 47.412974193279325, 6.727229229506307, 0.0, 9.653874155485765, 17.780452133159976, 26.68377590151808, 18.818548450748562, 11.27757026016389, 5.437645751433796, 42.10485547541416, 51.16205175283957, 58.89210191414081, 68.7190079779571, 76.47439534420052, 76.66986222449466, 65.87982433903109, 57.294145515284946, 48.90064575812735, 42.91965190085741, 18.051666052653502, 19.36187871408273, 24.063289118159346, 30.908293952473922, 38.532800256483554, 33.25684059723491, 27.507344649334094, 21.357676649373218, 14.885011170873671, 13.126217604638665, 34.700695931588704, 34.71561523953743, 42.65166373637919, 51.46665900644355, 54.346595260332, 55.533626959658555, 52.51978335529617, 44.735208816283276, 35.073682037957944, 30.861022804015846, 18.620653664580225, 17.163109024393396, 76.88135025366442, 69.91313330336327, 65.41221967613978, 63.21054970449158, 59.67658163125439, 58.203428497847874, 58.746700641133884, 67.04600521849271, 72.39828704668497, 75.5611412478462, 77.64023217195397, 79.18592046572553, 75.07639311426762, 68.61007079190708, 65.34289095718509, 62.86563381560792, 60.814121582366326, 64.21593515466506, 67.06190293378857, 70.75959109588551, 90.73693360128236, 94.3686136415447, 100.38054565254373, 103.56573516123318, 112.47363801070009, 113.82947594152137, 122.32467883172956, 104.76734099746939, 104.23163595073521, 94.97210273149709, 80.6958739370965, 69.7804843114812, 63.37400120566052, 56.02122790072213, 56.23837869357666], [56.27852010315145, 63.52500698362815, 70.97842232835237, 78.3818827627065, 71.59839236772855, 64.16346278687605, 57.01657516562, 15.972804450178936, 9.653874155485765, 0.0, 8.379927446582162, 19.2560877992337, 12.125475661269666, 8.398714807444351, 11.305680330287869, 49.90773514667066, 59.190257689013876, 67.22234352826658, 77.23731847725922, 85.24547677647767, 85.64542116201311, 74.68387302759436, 66.03981234729525, 57.60134453319303, 51.48866170922178, 19.77326743788216, 16.214856263343382, 17.200441884672443, 22.695825249614963, 30.705407635906397, 24.69572867857873, 18.627450206050987, 13.736234992198773, 10.79560172159616, 14.916333891243317, 43.25359860426618, 43.293282629761435, 50.40403449786321, 59.908901929169396, 62.00037657844312, 61.44130308636538, 57.48645772814214, 49.12158782934999, 39.164585626410485, 36.32724585447091, 26.45675342664812, 24.473046101431553, 84.49126346911038, 77.02286464085161, 71.73463572963796, 68.61660784388457, 64.17140105237583, 61.579916536622314, 61.08193089270555, 70.09509387218935, 76.40663224045991, 80.51703217681775, 83.71801657114514, 86.00941618420785, 82.34771536612502, 74.84309809766282, 70.58358936759792, 67.19595819461593, 63.95179621490832, 68.28491263298405, 72.2668105404486, 77.03446499722904, 99.15528330432362, 103.4196947463953, 109.40929884751078, 112.23854240958707, 120.81195919997889, 121.36749370837494, 128.78817537648715, 109.05122371365601, 106.45450152757938, 95.37650722768463, 79.2276852062986, 67.42491062676675, 59.33188930777739, 50.57749221572656, 49.55497890606817], [64.54600802299822, 71.80664979875986, 79.23532684222383, 86.49606615140604, 79.78287311943296, 72.363905392621, 65.17748994254583, 23.72590015953066, 17.780452133159976, 8.379927446582162, 0.0, 12.595239579822763, 8.546881621570408, 11.80913394613661, 18.2055026888354, 58.06471618542625, 67.34257629740637, 75.38064080915171, 85.29627068287363, 93.21909169940432, 93.67689362440552, 82.91151782240273, 74.323422336484, 65.91740870029957, 59.814672954139894, 26.25268803422762, 20.07552295403617, 16.452353238661303, 17.754921669239685, 24.375832353857415, 17.615600240809535, 13.115608114667882, 12.859724808404145, 15.345714567395714, 21.94293424876981, 51.60374234081484, 51.36315408634546, 57.718682686825424, 66.94587647784131, 68.51177678953715, 67.02661308618146, 62.33224205495491, 53.2985071222912, 43.16510984624331, 42.2454344731258, 34.15051498136112, 32.64734018312453, 90.21127648453859, 82.61710847423085, 76.8827923676429, 73.07260208294316, 67.91065638601106, 64.19615937517787, 62.475477011167875, 72.10241866886881, 79.28910069006287, 84.18183215858139, 88.31254053582799, 91.10137685759713, 87.83683492301354, 79.7607659790562, 74.78668905358778, 70.61755737019438, 66.14802380781028, 71.38969026988343, 76.3619821607382, 81.90939499738654, 106.58390101784268, 110.58883074351343, 116.1131570756358, 118.39202340533629, 126.55509791581251, 126.34089343106375, 132.6330000856571, 111.48497124929108, 106.69426532432388, 93.99554480513764, 76.29653636969795, 63.77871754168623, 54.3425803989033, 44.820674169604914, 43.88860666330163], [72.41456680088113, 79.74953266060348, 86.91454332301537, 93.24976690339128, 86.86152198500154, 79.60061417765333, 72.30266173040194, 31.279182067585094, 26.68377590151808, 19.2560877992337, 12.595239579822763, 0.0, 10.706344735034731, 18.470286510312878, 25.28577849143449, 68.43357814899444, 77.31316945095988, 84.77412157577619, 93.88489783976456, 100.90587179700493, 101.16344846434383, 91.59991263873692, 83.3869642756102, 75.22221682084975, 69.42204786690007, 38.39701265087504, 32.230761534856526, 26.57260915581748, 21.64352169079295, 20.335417566573106, 14.684913368770312, 18.745342642707545, 23.89180782613628, 27.72862435107073, 33.91232638408331, 61.37690198910756, 60.36220862266584, 65.77333183640127, 72.57108046606572, 73.91069666965014, 72.89192746762058, 67.5069039490145, 57.030179468394955, 46.45819386384969, 49.52120875145479, 42.970771497644925, 43.27328881743881, 92.53510064051233, 85.72904682165097, 80.15410402520189, 75.82660523530102, 70.00627337310348, 64.50521587146837, 60.346043559022526, 70.89651020153973, 79.2995357023293, 84.96915331948759, 90.01329396765699, 92.89461282378747, 90.09304727963122, 82.33848834388435, 76.9536333737961, 71.88096905256435, 65.35954898878784, 72.03925486744909, 78.19509315315294, 84.21493725439403, 112.82618183793478, 114.43816666270058, 118.26769466241966, 119.2670275971217, 126.68226946910379, 125.51014790057592, 129.94499774073554, 109.05956088307435, 100.453647033383, 85.72439514411077, 66.31525919189626, 52.695198598552956, 42.03637179498997, 33.19932467342003, 37.90455741456922], [64.95264946031395, 72.30538616562322, 79.54761608841147, 86.15727361457354, 79.29429268264542, 71.86322358676018, 64.60090263260152, 22.982278853294662, 18.818548450748562, 12.125475661269666, 8.546881621570408, 10.706344735034731, 0.0, 8.585939001272374, 16.677818172501613, 60.6353811922788, 69.89672623896865, 77.7014177807483, 87.42525713931632, 94.85714921712608, 94.92909454905764, 84.54121924485956, 75.97624753261098, 67.55426778844914, 61.51787581070694, 31.49025876841929, 27.091703185662602, 24.92855064315487, 25.3139431222533, 28.863912901538832, 22.26593929469069, 20.89847718554024, 21.179229841033433, 21.756986409902936, 26.580182853984756, 52.961570974176716, 50.82706718281644, 55.587712157126845, 63.303364095306485, 64.31064235650729, 62.70299276472201, 57.47319065602652, 47.512316806327455, 37.09710585527396, 38.981937970591936, 33.13477211929773, 34.502903966106466, 84.56261251727449, 77.02159674301292, 71.12530081741052, 66.90849906570536, 61.35017660832152, 56.85265898512977, 54.387665883210815, 64.28924025327419, 71.90571759287074, 77.16267172581585, 81.83362064236951, 84.89478905605463, 81.98966634921167, 73.67291384903947, 68.33919870307517, 63.699379232277074, 58.44368317224195, 64.22067542305685, 69.7708140526921, 75.71969810624572, 108.26353451388613, 109.81676831112365, 113.46392782256332, 114.55631726808825, 121.71777568867189, 120.27941306251826, 125.77039628013733, 103.537924832714, 98.26051812654909, 85.67050402168873, 68.48574563718087, 56.741001950838665, 48.94371311793948, 43.22895117933709, 47.55672986113538], [56.72134733594188, 64.05932900796644, 71.32123810655698, 78.08111320067304, 71.06544189216052, 63.585823567731886, 56.35728716658613, 14.761757784396716, 11.27757026016389, 8.398714807444351, 11.80913394613661, 18.470286510312878, 8.585939001272374, 0.0, 8.527947701971735, 52.590817341528634, 61.874172613409655, 69.69279042232004, 79.57202170179195, 87.11938463286357, 87.10261640061647, 76.43152686460044, 67.77844595631467, 59.30755312410875, 53.24575907936299, 25.792368385982197, 23.872982860427243, 25.156723053670348, 29.05208715518954, 34.75282419045857, 28.457943984721403, 24.67272385291713, 21.368052863574093, 18.2884458084662, 20.604048770085626, 44.57668886814056, 42.2676689998045, 47.475465268815526, 55.61432822339012, 57.03728677195711, 56.17530288931112, 51.63725722428276, 42.33676711941536, 31.986832031253662, 31.832808782110718, 24.6376111059292, 26.417874733034015, 78.4256291083015, 70.83756559874902, 65.2745922540196, 61.71994336171995, 56.880122028912396, 53.67051413865179, 52.75094266842493, 61.925906206824024, 68.5524460275045, 72.98941828652097, 76.71522129709237, 79.34659977577357, 76.0361947665871, 68.1225618337518, 63.46017532872374, 59.64383523426734, 55.8265498064346, 60.547869436835754, 65.03887799349266, 70.25115954445651, 101.21770465580049, 102.98138965780193, 107.01694841346288, 108.62942919701077, 116.1421197919699, 115.38456487841373, 122.10827854150244, 100.98839821098214, 98.32362053183469, 87.60116969264287, 72.2350091693045, 61.425102654226336, 55.111127954274984, 49.91655865447466, 53.374181909499804], [48.31207632920423, 55.663992558480764, 62.89780556012273, 69.6225228381769, 62.692225107949085, 55.24221359510606, 47.99271510229636, 6.329184728717436, 5.437645751433796, 11.305680330287869, 18.2055026888354, 25.28577849143449, 16.677818172501613, 8.527947701971735, 0.0, 45.24061204443108, 54.214081192221215, 61.72898163241309, 71.36346299208827, 78.72738819252598, 78.6459929677831, 68.18030891128294, 59.64977195325018, 51.2911052003274, 45.400838978631405, 22.943193957985294, 23.965555328624372, 27.78573302197716, 33.37093879153912, 39.6737271849982, 34.14815022086213, 29.64811840095592, 24.635259411193054, 18.99553535188166, 17.898587006878223, 36.955543855433156, 35.20088737475664, 41.687050974226544, 49.375645298672026, 51.80176585111703, 52.836984459231445, 49.35835917252304, 40.77324075770604, 30.684081578972606, 28.576382442549864, 18.349253974656435, 20.127665259186426, 73.45437681671659, 66.44671108855272, 61.75907921854294, 59.2224941552304, 55.36731960491275, 53.364555203105766, 53.476608811327395, 61.97495536902939, 67.63351754814641, 71.07145787787579, 73.56560332699412, 75.34020290831091, 71.4754491265172, 64.74482057733961, 61.17215205790022, 58.34118235475844, 55.76903724786937, 59.53462014158025, 62.805438861823056, 66.84134389177132, 92.92283339820104, 94.76143733763305, 99.3755236057096, 101.6667650914566, 109.85534214383595, 110.29704746712895, 118.20479566846603, 99.77520689199673, 98.88478139449568, 89.67773064986525, 75.7508216656584, 65.34674876902616, 59.898297709755546, 54.526058192155375, 57.40081896891038], [20.332045407068957, 23.64780036903318, 30.308987551528865, 40.56639245312843, 34.546033543043286, 29.12413320473282, 26.197480613922036, 39.42376096268912, 42.10485547541416, 49.90773514667066, 58.06471618542625, 68.43357814899444, 60.6353811922788, 52.590817341528634, 45.24061204443108, 0.0, 10.182263407915746, 19.56757550680924, 31.88433929238594, 42.366033413633744, 43.1786505431167, 28.550288012310872, 19.424562300876328, 11.753773795766445, 7.10517544620335, 34.99128341552309, 44.361884514023686, 54.21823309017027, 65.03127085208305, 75.34119807112468, 71.47504959068529, 63.13770280644594, 53.94275833842298, 45.58559442162017, 37.374991589684065, 10.80708795159589, 23.029359155323995, 35.58733705867926, 45.923600030325794, 51.90676542500068, 57.617032250683906, 60.52457129285001, 60.73689884049106, 57.20588816136984, 44.069854120060285, 32.993745609008556, 26.826081238404285, 76.14616134041248, 70.84931303381974, 69.83719717125166, 72.1655836229431, 73.37209896205972, 77.9773633278621, 83.88138885493817, 87.82782443133065, 88.0600170979161, 86.82377608334819, 83.45343316227935, 82.06058471993121, 76.19303303341583, 74.07145421786635, 75.42301429226568, 77.67013509429141, 82.12101369223959, 80.39959543650926, 77.48579437196594, 76.16502609703367, 61.47958757036318, 73.46621609715089, 86.14032351707033, 94.74498041200779, 106.67143118320774, 113.78682331538982, 128.5262244042469, 119.17886431556596, 128.65625561011592, 125.71071127138045, 116.58237915617515, 107.7650387896896, 103.42670241824047, 95.20433972421952, 90.35884049716384], [19.11763047127551, 19.236785476983254, 24.294659980626687, 34.59896692728965, 30.08117511449212, 26.58374562746215, 26.03613588527608, 48.209199560224214, 51.16205175283957, 59.190257689013876, 67.34257629740637, 77.31316945095988, 69.89672623896865, 61.874172613409655, 54.214081192221215, 10.182263407915746, 0.0, 9.598694686239215, 22.157723276619777, 33.091700838799134, 34.203365241385306, 19.24746619204133, 11.087278270255597, 7.910095717740334, 10.417900343041252, 44.52610015214251, 53.640646116316816, 63.14200151542377, 73.57679429101805, 83.48158549187856, 80.08623431641657, 72.0557718683333, 63.1440237834905, 55.05004007411152, 46.98676626758976, 19.118599515962803, 30.267640786896443, 41.755657853550126, 49.620481220681874, 56.339271697851835, 63.696027101633966, 67.48847779999512, 68.38187075436134, 65.41060408819449, 52.74525170963766, 42.22404870574023, 36.656398984455556, 78.3617277878655, 74.37009284332882, 74.60752208471092, 77.88283730202374, 79.91185671767857, 85.06586649301126, 91.1641212056297, 94.58353386883779, 94.12472785387011, 92.07097725609938, 87.58736981319377, 85.21794314186705, 79.04060008253963, 78.65573365708046, 81.09282618676116, 84.06534552375732, 89.09209830590835, 86.83863762102955, 83.05413781133699, 80.54128227513769, 52.77255759702934, 66.9755801864698, 81.59070225087439, 91.66907401641045, 104.54336581394293, 113.53853603138417, 129.41478233173186, 123.61191231830784, 134.11992022158992, 132.15750528289996, 123.85641278684898, 115.17730626925905, 111.09211200217146, 102.62454385743474, 97.4419328542838], [20.144899733033096, 16.9692704562266, 19.28384260907418, 28.730613563502367, 26.30583868182592, 25.186500832612335, 26.887694354811906, 55.580022054449266, 58.89210191414081, 67.22234352826658, 75.38064080915171, 84.77412157577619, 77.7014177807483, 69.69279042232004, 61.72898163241309, 19.56757550680924, 9.598694686239215, 0.0, 12.6698603950059, 23.761109054998972, 25.06450246758662, 10.33649680043423, 6.286172533473846, 11.882937722890958, 17.680139794816384, 53.407268034053985, 62.31162596082225, 71.43933268711812, 81.3579681483225, 90.63661645953118, 87.63665923937546, 80.09738498248049, 71.5536084402352, 63.63009561183658, 55.67902877080114, 27.112181160676727, 37.180757873897136, 47.707760660751404, 52.84085105882601, 60.17995962560016, 69.16627092065282, 73.57222921009479, 74.74720675841934, 72.12851922102666, 60.268396879484534, 50.116833795813854, 45.280956650920764, 79.4846675059666, 76.92426823069506, 78.38004840036314, 82.45950562713105, 85.15637748564498, 90.61667025401941, 96.68468324374926, 99.68383968902639, 98.69525477000376, 95.94531315852632, 90.51167280076386, 87.18685938720574, 80.77254803934434, 82.13389969344033, 85.5409269813987, 89.07484674236008, 94.42287642027793, 91.81919412426338, 87.36017955507313, 83.77712703689762, 43.938108485402815, 59.57058283202317, 75.79758707668756, 87.14533479823997, 100.86124698444095, 111.62284018552354, 128.39425956891526, 126.27776035270638, 137.44365511552172, 136.40111850149964, 128.98167584017503, 120.52541679502428, 116.85683703450545, 108.50468264581694, 103.62468881879185], [26.731544867829356, 21.343980889960857, 19.38849713655842, 25.098371229545098, 26.649009362214017, 28.706169619546756, 32.3170933629854, 65.17626553661343, 68.7190079779571, 77.23731847725922, 85.29627068287363, 93.88489783976456, 87.42525713931632, 79.57202170179195, 71.36346299208827, 31.88433929238594, 22.157723276619777, 12.6698603950059, 0.0, 11.515005545382646, 13.777856283637558, 7.414203126761229, 14.798160510831137, 22.828938107669703, 29.14647549133873, 64.54168822397439, 73.06252800188577, 81.59070853786572, 90.7222600120686, 99.09367655265578, 96.68006189924651, 89.84816309914204, 81.8790172720852, 74.28798916236731, 66.58911929239659, 38.47393716340247, 47.77846370737615, 57.52547308625041, 59.59414762965589, 67.51382965658178, 78.20969944104051, 83.02979818767285, 84.12197741549362, 81.59439597319222, 70.89085787378266, 60.78298681822742, 56.46277375462649, 83.074040041283, 82.3991904919096, 85.23354265701697, 90.06953782783576, 93.33675147337982, 98.84122953573701, 104.54517910478525, 107.26705845324278, 105.90211031399362, 102.50353820298669, 96.14682255734819, 91.7007260962497, 85.08665019887795, 88.53599293695281, 92.92207896560878, 96.89761461059373, 102.27201634078716, 99.52454462895452, 94.53741161337875, 89.86000386965509, 31.805445052069015, 50.18653249391161, 69.03124394990772, 82.15840759356809, 97.11227307923103, 110.33313233352578, 127.95698992713017, 130.89903115885866, 142.19779219087508, 141.97141158805476, 135.3856538956221, 127.02826024508623, 123.67334919099665, 115.25040768170848, 110.63155481375132], [32.93986637873672, 26.87719999211602, 22.30817516410868, 22.975942122952347, 27.987713095322725, 32.27396797458128, 36.94270094290354, 72.54659330565698, 76.47439534420052, 85.24547677647767, 93.21909169940432, 100.90587179700493, 94.85714921712608, 87.11938463286357, 78.72738819252598, 42.366033413633744, 33.091700838799134, 23.761109054998972, 11.515005545382646, 0.0, 4.37603038483258, 15.534375575388186, 24.268621427787554, 32.2953293270699, 38.68785783349779, 74.0743220160577, 82.349358052617, 90.41947165938937, 98.8113392018316, 106.21167621159753, 104.15646827598954, 98.09744551362827, 90.65997257230171, 83.22986846451072, 75.7045495539439, 47.64366995820938, 55.839826782807684, 64.67389528911521, 63.81142376158342, 72.09187237983372, 84.28910886455473, 89.38017758744647, 90.30213571921853, 87.94676635366613, 78.57075075184963, 68.85413349415691, 65.46396933066288, 83.8196816476374, 84.93053218466135, 89.0011916749463, 94.45699324030473, 98.20726806920447, 103.67515022124222, 108.98965223565952, 111.36962609828346, 109.65697529189278, 105.69270069748008, 98.58250794775925, 93.15014217229901, 86.45665775907153, 91.80313340134559, 97.03570790554588, 101.36199587125151, 106.69546369863254, 103.83534869571568, 98.42677834535115, 92.80122479649322, 21.56877726158115, 40.1536323170541, 60.7472296233656, 75.16131760570869, 90.97826283361393, 106.18158599385639, 124.36503341170705, 131.92150996725996, 143.29970764434188, 144.01711014223412, 138.54088507861283, 130.59802433149468, 127.94243552892544, 120.16581033595995, 116.71408967447411], [31.9811340385807, 25.567341316743455, 20.08577158856291, 19.27179061955816, 25.018812758963623, 30.018563906277496, 35.205238183323225, 72.42828291906952, 76.66986222449466, 85.64542116201311, 93.67689362440552, 101.16344846434383, 94.92909454905764, 87.10261640061647, 78.6459929677831, 43.1786505431167, 34.203365241385306, 25.06450246758662, 13.777856283637558, 4.37603038483258, 0.0, 15.793976209410308, 24.478820445723706, 32.46980050168336, 38.90483741659335, 75.04078374050242, 83.43885690967178, 91.60651973468472, 99.9822888116694, 107.2298569480718, 105.01386950035806, 99.09281311196739, 91.65318628210342, 84.05443947228562, 76.44162962442661, 47.64645953186664, 54.95152480048061, 63.09963409723865, 61.231925559755396, 69.52353840814253, 82.13530886142904, 87.3970493519395, 88.49098962706267, 86.47323138424751, 77.48493194335262, 68.39148209885741, 65.71938848388784, 80.24122937411599, 81.72587333944556, 86.13789991098251, 91.8218586217382, 95.8103027395011, 101.43422805669064, 106.85866037214849, 108.92120119293133, 106.93377136695895, 102.72605250249417, 95.35249042594288, 89.69914731264706, 83.0112921423722, 88.81477060161252, 94.33451021211431, 98.8606712984116, 104.39235612914553, 101.32020248478541, 95.66569212199234, 89.72600156764807, 22.639002253486574, 37.43700747717858, 57.142908128943326, 71.37573083098748, 86.98266284930037, 102.14136874347298, 120.5039390458274, 128.52172216917435, 140.4331516584102, 141.7370941757599, 136.9342401317165, 129.46180180010793, 127.4042651400469, 120.46032078418887, 118.00149010581336], [21.77466857515866, 15.617791987737895, 13.436175998479403, 20.679357952729408, 20.724015668064865, 22.63756133832947, 26.823265164265948, 61.896488500746116, 65.87982433903109, 74.68387302759436, 82.91151782240273, 91.59991263873692, 84.54121924485956, 76.43152686460044, 68.18030891128294, 28.550288012310872, 19.24746619204133, 10.33649680043423, 7.414203126761229, 15.534375575388186, 15.793976209410308, 0.0, 9.472647697947922, 18.205661636638478, 24.838179573325117, 62.28045757121073, 71.19529493684118, 80.16611461463825, 89.65013107474506, 98.22178872516999, 95.31768209307889, 88.34944898021749, 80.09268454308015, 72.07216889371396, 64.08886798380763, 34.077270068746074, 42.11233423859546, 51.00276512785137, 52.88892913618045, 60.65111092978606, 71.32745408528453, 76.40779895064227, 78.0291930571182, 76.11985882174618, 65.32210098554567, 56.29022717040677, 52.95913451317616, 76.64138704629232, 75.61150229172583, 78.39687231890643, 83.36120820580365, 86.86054184321773, 92.757208985425, 98.95320335313089, 101.22537574767468, 99.4830963441798, 95.90013986543266, 89.42215060529753, 85.11280528010427, 78.54679325477352, 81.77433410250556, 86.26463860412498, 90.47448662507314, 96.32485719609915, 93.18175491752022, 87.90275728165527, 83.126814438277, 36.90212191689379, 50.97117421636266, 67.52000752963424, 79.62378512261373, 93.68188696372387, 105.76038398064019, 123.40564622817416, 124.74589273027856, 137.08352688620712, 137.48639104677076, 131.59651009851362, 123.91009324748559, 121.31830243625593, 114.12080784863672, 110.76140716915309], [15.140273648168185, 11.161319460259255, 13.903430704173052, 23.95446660006507, 20.49196778469501, 19.096509374654023, 21.280250993552706, 53.38360834510315, 57.294145515284946, 66.03981234729525, 74.323422336484, 83.3869642756102, 75.97624753261098, 67.77844595631467, 59.64977195325018, 19.424562300876328, 11.087278270255597, 6.286172533473846, 14.798160510831137, 24.268621427787554, 24.478820445723706, 9.472647697947922, 0.0, 8.81212003478913, 15.432908616538134, 53.36792934693919, 62.47565424911112, 71.7368891511539, 81.57701701215818, 90.56162227901557, 87.2861180333853, 80.00964454128224, 71.49125391124713, 63.264519371491204, 55.151104697448574, 24.712830083688818, 33.261591816976846, 43.037828419780126, 47.00384508672695, 54.4903200442545, 64.1320033483227, 68.76019250978797, 70.10278961788853, 67.90463335472576, 56.52092620196233, 47.244891611922114, 43.75271094315053, 73.24603967414146, 70.86413487817944, 72.60393787875888, 76.92794458016635, 79.89042129751343, 85.55795023174706, 91.80455185771525, 94.4465805736134, 93.16328878968137, 90.1717914999357, 84.50402479229132, 81.02430517473701, 74.58921418159828, 76.26760673701745, 79.95924285063205, 83.71666409255788, 89.31799565433985, 86.461750311202, 81.72941624571835, 77.84870292420777, 44.930284260320825, 57.07775789924669, 71.65344195430404, 82.3057166507359, 95.5081026220229, 105.73020140519343, 122.5132093767975, 120.27574577822885, 132.02180256135222, 131.62709377592736, 125.01719183202323, 117.18795243094237, 114.36491830679383, 107.27775874905028, 104.01042612937727], [11.507223918789276, 12.358745551023775, 18.603548954676416, 28.92397675537624, 23.380842261493616, 19.01219192393936, 18.172277024928086, 45.06254207590933, 48.90064575812735, 57.60134453319303, 65.91740870029957, 75.22221682084975, 67.55426778844914, 59.30755312410875, 51.2911052003274, 11.753773795766445, 7.910095717740334, 11.882937722890958, 22.828938107669703, 32.2953293270699, 32.46980050168336, 18.205661636638478, 8.81212003478913, 0.0, 6.646736896976217, 44.990749266192374, 54.219258036826446, 63.66003846579608, 73.70226977689558, 82.93032780359427, 79.33797550865746, 71.89109582521304, 63.22298215423898, 54.829497277682265, 46.63195135446959, 15.928813850077447, 25.446532540601538, 36.527127830732795, 42.53682676330016, 49.69067106651923, 58.280609863967015, 62.24829128699226, 62.977475473827475, 60.25495504828159, 48.50554278636078, 38.66235238572383, 34.98287135486703, 70.7634994258026, 67.20186328135512, 67.89447802898042, 71.47118716539282, 73.76783186223915, 78.99253139126486, 85.06522927700028, 88.21214992266786, 87.54150132899757, 85.23600055367322, 80.48770108626749, 77.81356130139638, 71.55783583074566, 71.75581115518415, 74.56774496338525, 77.737009301228, 82.85405805805809, 80.45974527369066, 76.4376468523785, 73.5335451647857, 52.0759294424117, 62.51104986149241, 75.38659981855199, 84.70541741272642, 97.15529521975367, 105.73017648189676, 121.52520481082652, 116.21813435535333, 126.98794400266786, 125.67751914450628, 118.28309235746606, 110.24920101079209, 107.16361131281593, 100.17801390168005, 97.1398106821637], [13.416587669748258, 17.104070888362365, 24.130106429263567, 34.17223978382453, 27.79013909326276, 22.081492919240535, 19.171978375251054, 39.254132537876224, 42.91965190085741, 51.48866170922178, 59.814672954139894, 69.42204786690007, 61.51787581070694, 53.24575907936299, 45.400838978631405, 7.10517544620335, 10.417900343041252, 17.680139794816384, 29.14647549133873, 38.68785783349779, 38.90483741659335, 24.838179573325117, 15.432908616538134, 6.646736896976217, 0.0, 38.705675164307806, 48.05248621509228, 57.68548889577241, 67.96608393428086, 77.48902503821573, 73.61631513608397, 65.94474064225001, 57.09995262645534, 48.56593120722109, 40.28976449903664, 9.466680709513447, 20.390716481955163, 32.61774625589495, 40.657238673650276, 47.30404887177953, 54.69004721992818, 58.041254957519065, 58.28727261733607, 55.11828874574726, 42.923592689694566, 32.53390294564149, 28.464601484740676, 70.17337296228585, 65.62340625483701, 65.38236319591164, 68.2734830325759, 69.972304810731, 74.81594102895379, 80.76045846787623, 84.3239439371726, 84.16550254971058, 82.45549223431885, 78.5088907338237, 76.54946883892, 70.50413880414868, 69.40730516482012, 71.42465849161361, 74.07229508188695, 78.7820203618748, 76.77631729921956, 73.38078512878481, 71.34943777170452, 57.95989970028621, 67.58625396971752, 79.37061061834329, 87.75329178647661, 99.6003688908698, 106.9219176131699, 121.92860152544068, 114.11922131955282, 124.12592946320757, 122.04716750890492, 113.96301235582723, 105.73984304134764, 102.36672572923082, 95.37445387704926, 92.34845782232452], [47.37734497361743, 53.85292027116477, 61.44197929812142, 70.43986208689783, 63.66580690361913, 56.49360358951978, 50.201653703186516, 21.693373916988456, 18.051666052653502, 19.77326743788216, 26.25268803422762, 38.39701265087504, 31.49025876841929, 25.792368385982197, 22.943193957985294, 34.99128341552309, 44.52610015214251, 53.407268034053985, 64.54168822397439, 74.0743220160577, 75.04078374050242, 62.28045757121073, 53.36792934693919, 44.990749266192374, 38.705675164307806, 0.0, 9.693811783904874, 20.23895519156473, 32.10646817108844, 44.05384014354894, 39.16106168133999, 29.449281585571388, 19.51941733276045, 11.404324169565378, 5.222128758269848, 31.36040578251222, 35.322204060672206, 45.245687019759075, 58.40797388838844, 61.40750023096874, 61.117442919288735, 59.250068074101506, 54.47750029474277, 46.811263202124735, 36.93486752806417, 24.174954589425273, 14.6799