{
	"dissimilarities": [[0.0, 7.359453290040843, 13.636382331501016, 19.8960917834621, 15.355399904443354, 8.434125637092091, 3.407219916209108, 42.9230734348904, 49.088435143252426, 56.42123446706449, 64.72798623813928, 71.42281990314503, 65.00178325773938, 56.6315220281964, 49.252363592061386, 20.54903365760137, 20.221630848082455, 22.328316092667933, 27.538401949354757, 33.716615546838085, 32.40255013077835, 24.56116678962276, 15.754373188756766, 12.843764773308019, 12.98199245859752, 47.74882972406091, 54.434697200440425, 62.667457681000016, 72.32117631605159, 81.11330184916221, 77.57890702702748, 70.66619467389097, 61.510024703857944, 54.88920286303967, 48.789006797625724, 20.645134976189354, 24.31102297356086, 33.16768489056312, 35.177624125523856, 43.74123638313218, 51.46500276466276, 56.47177934645205, 57.38058430730648, 55.415216891571056, 46.855783727030904, 37.11775456160768, 35.43565782199603, 62.047757030243616, 58.87970180523584, 58.94468360293687, 63.866310518899006, 65.55059400615208, 70.88932621537846, 78.87795975736357, 78.76401492531694, 77.9575495794212, 76.1254197497445, 71.56956213483761, 67.71628759241399, 62.55983123816967, 62.927707275186705, 65.99786393792758, 69.23954998433942, 73.91431538825161, 70.8017966001718, 67.5592259304462, 64.69177700129043, 56.78065159169216, 58.34852129793209, 67.82550551349702, 72.1972907047932, 83.00427932144443, 96.31837013446462, 104.35238538118558, 106.13406616138971, 113.24569936537593, 117.80797217312627, 115.73901518900693, 107.60277675057652, 104.98780054715803, 99.03190382293741, 95.90136319433921], [7.359453290040843, 0.0, 6.558038002112067, 13.572999914815481, 8.925880603114853, 4.316919228655665, 9.075570168115116, 50.16789435991964, 56.327687063120536, 63.62779371227911, 71.98144856946163, 78.74650593373589, 72.23306674278649, 63.826521005864414, 56.474446842741266, 23.598253181189936, 20.30436751555194, 20.06273736233585, 23.483789964724796, 28.690561165257233, 26.891514953275152, 19.5092974622473, 12.493033632797559, 12.69843235753772, 15.898095944155259, 54.21819823679074, 61.08075535931903, 69.4364138157766, 79.26692813117864, 88.32060355008508, 84.82142420365778, 77.71009318151177, 68.40877809934233, 61.79244140990329, 55.62601350679008, 26.119833530459182, 28.96395321955339, 36.1671471150744, 37.08901698865298, 45.887963002761076, 54.09646180196436, 59.99836305029893, 62.109355843195424, 60.85534569955288, 51.77029751078788, 43.20561186497968, 42.06855687959992, 62.454295236032245, 60.052758596325624, 60.99688415314188, 66.64497099200679, 69.13964673075833, 75.00082480295046, 83.64264135519333, 82.63709997867038, 81.07937521069508, 78.66496484882389, 73.34964377102762, 68.8062684272634, 63.73073786915307, 64.91413135599296, 68.73159220130916, 72.69431029385314, 77.91549771698077, 74.20423283850332, 70.2569071055825, 66.64489712627578, 52.998588102876944, 54.79785800572381, 65.08735045428499, 70.28523355159157, 81.31994425372568, 95.61025765134124, 104.64632458471269, 108.27045385114633, 117.10635928252337, 122.82586064242567, 121.59054470390555, 114.00251938818396, 111.84348865752203, 106.15524718167062, 103.0039167783471], [13.636382331501016, 6.558038002112067, 0.0, 7.429393951475249, 3.566279378444991, 7.050223418315266, 14.77578620735442, 56.44188719013647, 62.67099095704255, 69.99731198257429, 78.29665696079849, 84.90818171203976, 78.4670657664166, 70.10379676157147, 62.746350221628376, 29.173035599769783, 24.26344243720336, 21.920726824809734, 22.54551303583063, 25.230933287421102, 22.52011953216157, 17.733170851696233, 14.53753902576103, 17.24342112407677, 21.6770993617845, 60.7507453865735, 67.6178165234368, 75.94460729970383, 85.6467236616965, 94.5210290456065, 91.13050544557855, 84.16982987671014, 74.93411113664372, 68.32998619448455, 62.17377075920973, 32.512266486655065, 34.69773022032941, 40.422442374025444, 39.595480670703076, 48.41566685172866, 57.275714418044394, 63.79027055429449, 66.49994177682117, 65.75915821685022, 57.078621849463424, 49.350879857761335, 48.58794173997948, 62.512151370457275, 61.18382359800117, 63.16642232703218, 69.39011509639144, 72.52752635212138, 78.58088346870558, 87.42140794046576, 85.78770580028909, 83.68902657811458, 80.75962660007956, 74.83756454714137, 69.54169642175756, 64.62189953483897, 66.78559114895896, 71.29442853577798, 75.79197586749498, 81.25574998087437, 77.18734338380874, 72.70213534504182, 68.40816621870948, 49.20892849035381, 50.222177322340166, 60.90991730227992, 66.85744358405944, 78.2041805445377, 93.42383022874564, 103.45082249539793, 109.40531748906686, 119.38302358606967, 125.93682313826531, 125.3689320986015, 118.32220928420004, 116.72053203458061, 111.47819944562949, 108.77577819493375], [19.8960917834621, 13.572999914815481, 7.429393951475249, 0.0, 5.594988271557595, 12.805616327992103, 20.469445340949523, 62.10056570030098, 68.43869584102602, 75.82571057944084, 83.95191655650542, 90.1646587614432, 83.98942542932214, 75.77033144596822, 68.39843099079266, 36.40005088585913, 30.891250027218064, 27.25635401758177, 25.092014874496105, 23.73733234604434, 19.645970690792144, 20.146216641732213, 20.51974371489035, 24.142882938029587, 28.851573530518902, 67.51453531936077, 74.2396884515266, 82.38945972180463, 91.64419437933438, 99.89090249204177, 96.71145486961382, 90.25803859671716, 81.30604500717537, 74.73487691615425, 68.66304915886897, 39.63271611340133, 41.36952443904629, 45.927863266813986, 42.7857566368457, 51.47198362203488, 61.20202577972574, 68.07200755329116, 70.79710456390711, 70.39560961576619, 62.982931569314765, 55.772611909541624, 55.222645405258056, 62.23456165336291, 62.3946117611202, 65.6349025060814, 72.30219020771548, 75.93086495130805, 81.83834391896798, 90.3960497664309, 88.38742013245108, 85.9519855931329, 82.55417625424907, 76.16206922141029, 69.9911492160009, 65.31248913486615, 68.69682424270847, 73.87149744203084, 78.7299321039429, 84.12178378495378, 79.9390749365411, 75.06908142321066, 70.12554441534188, 44.84782272541214, 43.57106980450755, 54.31721003270704, 61.11405954669192, 73.03952261700087, 89.30312703414661, 100.43953399801111, 109.55084143056908, 120.0501715748021, 127.1064593279866, 127.04653019968161, 120.56851955741098, 119.66736480012517, 115.06973620681373, 113.30668750446293], [15.355399904443354, 8.925880603114853, 3.566279378444991, 5.594988271557595, 0.0, 7.570847797193979, 15.765376693154497, 57.54817395289888, 63.89884935392739, 71.23836899518686, 79.44999425230944, 85.88630580945224, 79.44623738925408, 71.14610723524103, 63.813281368902544, 32.19079382575995, 27.71327619516745, 25.469195401416922, 25.619976263392772, 26.999936231881293, 23.665404545500486, 20.686480245533772, 18.098690220726386, 20.586934751853345, 24.63676802880621, 62.89091761548496, 69.68720878140971, 77.99941882872011, 87.62941236616781, 96.12086437119002, 92.68322818908636, 85.99311837312048, 76.8319299706501, 70.171041443389, 64.0434685479218, 34.53867930285549, 35.834616904071666, 40.46422037549087, 38.18966675936962, 46.96491147495939, 56.30784045038027, 63.03974885583449, 65.85137433037055, 65.40953525669431, 57.487293794461614, 50.43152356215325, 50.254741607270034, 59.749228313120405, 58.93814999548631, 61.45854538820977, 67.90570970245206, 71.31609108758518, 77.34831671973194, 86.1725360475538, 84.24950621585714, 81.942653036571, 78.79122894555593, 72.65767050548973, 67.02925926574032, 62.18869497716385, 64.83667848977586, 69.65612696840186, 74.35547950030538, 79.84225425475991, 75.66546170866579, 70.9715246806078, 66.38067910018701, 49.62143691549422, 48.576953791035656, 58.02816927558188, 63.592405919834746, 74.7479316893008, 89.98850802481458, 100.16307682381012, 106.86321188246336, 117.25191987554618, 124.2811290061154, 124.23516134534148, 117.67941908607769, 116.60483607899025, 112.05934349722615, 110.19813373660396], [8.434125637092091, 4.316919228655665, 7.050223418315266, 12.805616327992103, 7.570847797193979, 0.0, 8.446955856540395, 50.11918518471898, 56.4609720835503, 63.77365383084304, 72.02568927033772, 78.59939177396951, 72.02788363679537, 63.685753937131395, 56.36939958006185, 26.718178839818222, 24.3123687686164, 24.33699573270748, 27.34041057172931, 31.363290291164816, 28.918753374783467, 23.08562055101257, 16.734920345875146, 16.709121755599188, 19.103205350250544, 55.67026718055316, 62.42961382850493, 70.785016672061, 80.57985811056275, 89.14379078073037, 85.5229519232099, 78.74468478098268, 69.514402778458, 62.80375586969574, 56.67445536213328, 27.403360958318036, 28.771597957464827, 34.547225899198814, 33.81045636831836, 42.64521673955174, 51.41273575661523, 57.528138925035776, 59.7128365273362, 58.798298779198745, 50.63659169538525, 42.971022273645744, 42.761414953260854, 58.299638144654736, 56.2270541134231, 57.60481733526187, 63.44898808406234, 66.19068841406309, 72.03169435924485, 80.68842851578201, 79.3915846198706, 77.65157520154942, 75.05206195587003, 69.58091979634136, 64.79788772623918, 59.7608861505405, 61.309576415247335, 65.39015630362432, 69.53059382482354, 74.77607592691344, 70.96214508940326, 66.83230336524828, 62.976574892115146, 54.4798631061636, 53.908073027323745, 62.45276845442941, 66.86640833865128, 77.47955274417076, 91.47594414801128, 100.39299306001318, 104.25854991365073, 113.46200976968721, 119.70530442329012, 119.08900252201505, 112.08128956172965, 110.54727120920084, 105.77679095721376, 103.73146930912289], [3.407219916209108, 9.075570168115116, 14.77578620735442, 20.469445340949523, 15.765376693154497, 8.446955856540395, 0.0, 41.80854386020171, 48.1370863815599, 55.48369908266775, 63.701563217228276, 70.23640633746253, 63.768097239778676, 55.45013459003303, 48.09469927890621, 22.894716071543886, 23.380453963650663, 25.683800709184027, 30.685385521567007, 36.20914366064643, 34.50944634027733, 27.493295452039938, 18.97093393278966, 16.0957569955998, 15.66211827889634, 48.042517454406294, 54.600942372438126, 62.80588932062785, 72.40497197945912, 80.75925970566459, 77.11345114968675, 70.49998295405656, 61.4269256438206, 54.73369360027315, 48.68466975556935, 21.08353440878158, 23.444477175390364, 31.394957864064047, 32.3575559688478, 40.90603085550528, 48.959676930766214, 53.97066219766002, 54.72616439045691, 52.90265190810773, 45.15851795114474, 35.98515815709104, 35.06603463224276, 58.92641216942197, 55.829455087782975, 56.03157531535941, 60.96484824003167, 62.68928642878192, 67.93131008706989, 75.83927844658217, 75.65385004107407, 74.84057836952238, 72.9756996434535, 68.44417676763496, 64.55505395881903, 59.410453556642686, 59.87665190801679, 63.0002900826148, 66.24752318082386, 70.8536698878898, 67.7633780974596, 64.50933965037403, 61.602585177135694, 58.465485341370545, 58.36921821797748, 66.47340479891697, 70.12407295251697, 80.55318281406963, 93.4510316875211, 101.20191737477644, 102.79179603302927, 109.90081509422158, 114.6842965927776, 112.96615008118096, 105.19338254208726, 102.99843743487892, 97.73721475647008, 95.4973858681302], [42.9230734348904, 50.16789435991964, 56.44188719013647, 62.10056570030098, 57.54817395289888, 50.11918518471898, 41.80854386020171, 0.0, 6.655288414699546, 13.903157116757546, 21.91237372507892, 28.95583013214729, 22.115288906520572, 13.813201356031481, 6.3787861424804015, 40.88368540199443, 49.83437933567038, 56.78574833260741, 65.15467137823904, 73.40708753211025, 73.26472528850485, 64.37193369881167, 54.21917499525667, 48.058327714641486, 42.03620349294329, 20.921476372245102, 22.59343751291009, 28.066880358555096, 36.27850537770542, 42.61072956926653, 37.59897897326608, 32.267862792227334, 24.857018205931663, 18.949396844165726, 15.847372752854938, 30.08303109740475, 31.477638706198245, 39.675713865248035, 46.95105834759228, 49.701204837075345, 50.47343285269972, 47.886580472981414, 40.44545027971238, 33.23947876367393, 31.49401977517192, 19.0696912061331, 15.104774107101733, 72.75374865208373, 65.41421182598535, 59.81187433753313, 58.832503025091135, 54.68381541261876, 55.58895631589071, 58.211489180246176, 64.23506125843373, 68.43181012235608, 70.81344915771116, 71.77134652664105, 73.18499523954492, 68.66874314902341, 63.575361988795, 61.03167383931216, 58.82528241529451, 59.21104677392743, 60.568017793186705, 62.64340639862543, 65.25075414371126, 92.25121298146402, 92.62492507211026, 97.19387385858006, 96.8577635942215, 104.55504031400874, 111.16720048314926, 112.53814365648807, 100.73537562168163, 97.53420370777253, 94.8464230152059, 87.77560761748641, 76.34050038375746, 70.1381071693456, 62.88603376838544, 60.126381644772444], [49.088435143252426, 56.327687063120536, 62.67099095704255, 68.43869584102602, 63.89884935392739, 56.4609720835503, 48.1370863815599, 6.655288414699546, 0.0, 7.436846329678865, 15.679478744176254, 23.33207929861539, 16.52073254262988, 8.455493017519084, 3.1575235273862963, 45.403389014187674, 54.599689262715074, 61.74032820907736, 70.29856449924281, 78.88242820528569, 78.99756924063301, 69.81931390906885, 59.690594612852486, 53.44557961094399, 47.30042254367285, 19.403384164946438, 18.88713132419545, 22.83628421984233, 30.467870305139694, 36.71528682877078, 31.354185150755185, 25.99590699856443, 19.247022901357035, 14.217683668460134, 13.239734544664296, 35.17023994895999, 36.85316967299535, 44.86741847549615, 52.83145123683337, 55.03925874434384, 54.813292331734004, 51.367741500232, 43.307811549339156, 35.680797304287, 34.4461763475762, 23.048168481848098, 18.64466302204234, 78.2126595990688, 70.51869657100119, 64.33785047601528, 62.657219109834145, 57.83495603325322, 58.12301860117408, 59.8348584817993, 66.70709426580332, 71.5226313057786, 74.45544060828242, 76.07747877504505, 78.10983938378753, 73.73765089284315, 68.07636259640965, 64.87269634005355, 61.99465400256693, 61.79278934064224, 63.741861650009774, 66.48412643289446, 69.7273823022833, 97.50220251549459, 98.58738716727406, 103.37565202827466, 102.96924338660352, 110.54012044280665, 116.64085509790353, 117.3888719968521, 103.9984798169644, 99.3123089159489, 95.25109466330355, 87.02569512328242, 74.73785674066335, 67.34597077341085, 58.98480372828413, 55.080216501705955], [56.42123446706449, 63.62779371227911, 69.99731198257429, 75.82571057944084, 71.23836899518686, 63.77365383084304, 55.48369908266775, 13.903157116757546, 7.436846329678865, 0.0, 8.689466829413933, 17.34135762714128, 10.170667041739298, 4.244001708076707, 8.11344807370245, 51.78070238793964, 61.186522038195484, 68.50407266624235, 77.2488862006019, 86.06944216888941, 86.29715389383789, 76.90195100297481, 66.72636975078684, 60.418984856995614, 54.18176787324183, 21.710951293852006, 18.71981391170321, 20.058939652307995, 26.417662136620358, 31.80527390825322, 25.756263688901793, 20.915050270679842, 15.927177178434162, 13.23222208505276, 15.39103368847528, 41.701095156349034, 42.96936246309278, 50.13883708192026, 58.45907512270587, 59.87676082311928, 58.5089161974437, 54.060242377501794, 45.32303632162523, 37.44246878366922, 37.357728526588794, 27.978661531197698, 24.468872309578735, 82.9717715308853, 74.84649327312722, 68.00639314818669, 65.47566151350944, 59.90476998671162, 59.4439693045427, 60.13108364962925, 67.85246952680106, 73.33626632288129, 76.90277998485558, 79.33195803636838, 82.14351282262189, 77.98616811230971, 71.64648446571799, 67.66468961233883, 64.00866882112649, 63.119220790904535, 65.73576773731789, 69.25055736131104, 73.24700579912341, 104.57997947534545, 105.7766581889239, 110.19141958444892, 109.33514665220754, 116.44590889732588, 121.66362731297005, 121.47943713278399, 105.87479124119062, 99.67906123900052, 94.37450494242592, 85.28267865921082, 72.47142904027268, 64.14022055681325, 55.3661334749523, 51.054406360691495], [64.72798623813928, 71.98144856946163, 78.29665696079849, 83.95191655650542, 79.44999425230944, 72.02568927033772, 63.701563217228276, 21.91237372507892, 15.679478744176254, 8.689466829413933, 0.0, 9.29980162386564, 4.215537814326067, 9.053575990425937, 15.778875862397326, 60.36457259841369, 69.72039919062325, 76.96503690521543, 85.5629984281525, 94.1573018891967, 94.37487449219006, 85.29491997919952, 75.23239420490438, 68.96300531102317, 62.76793839320004, 28.800510199396626, 24.174778544821585, 22.216315491768004, 24.54131806852619, 26.347141074891105, 19.914955875219256, 18.48759952645762, 18.23481751263689, 18.7663379419837, 22.760534646671505, 50.38817274447056, 51.38138352830273, 57.73242965288547, 65.39882633118734, 66.11863652921582, 64.20477884040874, 58.87967792916963, 49.10016686801939, 41.095443925792914, 43.56920338813191, 35.9924208402524, 33.127745731250926, 88.13260449337483, 80.03854883047735, 72.96470699749506, 69.64133247502538, 63.37011030337276, 61.74038274755818, 60.581930673442045, 69.47082641502372, 75.81559075172773, 79.99598451934541, 83.2991389267891, 86.67929656378355, 82.82802853240568, 76.19720314820113, 71.5818349827093, 67.08466206065414, 65.1102396202255, 68.66122293141629, 73.00725753727492, 77.6434693218851, 111.73105321381038, 112.45524245468644, 116.15391559211656, 114.75006475446361, 121.43247147849561, 125.64070740496726, 124.47118998842383, 107.37244990942581, 98.6920614028913, 91.37674161267866, 80.85123221420145, 67.26426008669475, 57.860131480065455, 48.81733242067199, 45.27798669411512], [71.42281990314503, 78.74650593373589, 84.90818171203976, 90.1646587614432, 85.88630580945224, 78.59939177396951, 70.23640633746253, 28.95583013214729, 23.33207929861539, 17.34135762714128, 9.29980162386564, 0.0, 9.088843830438117, 16.775144006974635, 23.061852642426302, 68.45082287240399, 77.51910744249244, 84.45033105506761, 92.5770848435081, 100.48368724359943, 100.5564102555918, 92.30634984178947, 82.51932198469918, 76.39682755206132, 70.3801183125915, 37.50314835615667, 32.50901754615919, 28.99627527844825, 27.103087684989806, 23.111160778737318, 17.704878759168448, 22.018869946933744, 25.525797440998023, 27.20950032671304, 31.44146421828427, 58.49768910666026, 59.408246398787846, 65.22606802774985, 71.42666887185662, 71.76054356196309, 70.13374093601995, 64.38400834227818, 53.517572028301096, 45.53848777927597, 50.99301595656218, 44.25288956350251, 41.640160556913536, 91.86550092945147, 84.35287964330033, 77.62658369993801, 73.86408817436164, 67.20947577999182, 64.35162181956856, 61.010781427083366, 71.02873599927433, 78.15084046290403, 82.68756887315826, 86.6283178338044, 90.11796257434361, 86.58477522393225, 80.23062864058933, 75.38321771958617, 70.28232713825975, 67.14199339303991, 71.60511394765635, 76.54412318606983, 81.45208414164142, 116.4000700599464, 116.09148282376296, 118.85171975282665, 116.94490391554285, 123.34781982245266, 126.696697538645, 124.80017837150852, 107.71271511668313, 96.12475356802902, 86.4201990496429, 74.08498668002761, 59.507714391844566, 49.11486714922789, 40.062562117420555, 39.27563683930222], [65.00178325773938, 72.23306674278649, 78.4670657664166, 83.98942542932214, 79.44623738925408, 72.02788363679537, 63.768097239778676, 22.115288906520572, 16.52073254262988, 10.170667041739298, 4.215537814326067, 9.088843830438117, 0.0, 8.615382022603873, 15.79374619051794, 61.65150625619526, 71.01678194353788, 78.24441113837446, 86.80256392198353, 95.17023202147077, 95.14774869007198, 86.28348713763079, 76.12990366444058, 69.88194756003259, 63.71216866127159, 31.400571168512748, 27.367978704754155, 26.138044593488207, 28.692209769542274, 29.420527996022184, 23.12672616564223, 22.606208289375484, 22.05986728261605, 21.91180158288382, 25.250016998528793, 51.06841859341083, 51.225533279399265, 56.63311143707641, 63.61972775345309, 63.900829276451105, 61.844428382324914, 56.22167944241414, 45.98119033043005, 37.97296046766348, 42.02034315997526, 35.63740327854915, 34.011051823203154, 85.33676084609291, 77.23654656568978, 70.11445672100959, 66.52848951564728, 60.07215596768421, 58.08148935500764, 56.525976508055884, 65.60708660935774, 72.13721510438104, 76.45613616069167, 80.01540726942046, 83.59693503047711, 79.87621188692005, 73.14832968160405, 68.34655263523702, 63.61229146695096, 61.33937669822335, 65.12804979363743, 69.7008608364941, 74.52757838678346, 112.73751303743663, 112.3793776901112, 115.07094344300523, 113.0523171790356, 119.22500029553811, 122.8389769855149, 121.20951255182806, 103.43684532699521, 94.58925193773209, 87.5064166743193, 77.52137705428105, 64.52546705343453, 55.9250524510707, 48.64910335474044, 47.42546684612178], [56.6315220281964, 63.826521005864414, 70.10379676157147, 75.77033144596822, 71.14610723524103, 63.685753937131395, 55.45013459003303, 13.813201356031481, 8.455493017519084, 4.244001708076707, 9.053575990425937, 16.775144006974635, 8.615382022603873, 0.0, 7.437869080487636, 53.24456627079693, 62.622632043915516, 69.88931368236918, 78.55075285046642, 87.07859977686311, 87.03888691879018, 77.9295819154953, 67.6758604528759, 61.405330687135155, 55.213728635434585, 24.98770674859924, 22.597389898096882, 24.20574613434996, 30.11759387055618, 34.115063545792836, 28.033851997226833, 24.4302217348116, 20.03142999276627, 17.22498376452309, 18.720566882422844, 42.47783498328552, 42.772347404721785, 48.89467212235122, 56.42736751257973, 57.401766144267775, 55.94606262575644, 51.19524553655703, 41.90624295933738, 33.93180226109545, 35.59805156686717, 27.492980738011624, 25.563096562917117, 79.93480519466091, 71.814074071356, 64.94061548579754, 62.16366924393542, 56.410486449652986, 55.61052137880448, 55.96104646365623, 63.84888729728659, 69.50584728554892, 73.19048379649853, 75.85449414939903, 78.8393041825505, 74.7981101573316, 68.37896282798354, 64.22816210919596, 60.34905769023216, 59.18187109481873, 62.019100197169244, 65.74357410697874, 69.9140953063443, 105.49364102591231, 105.50753253907878, 108.85502738089332, 107.36277419188443, 113.9727202603654, 118.60758487014955, 117.98542142490592, 101.81550456337001, 95.47894544740095, 90.431807511272, 81.87540282826176, 69.63585815558953, 62.0793277950882, 54.870752664850876, 52.67330053264651], [49.252363592061386, 56.474446842741266, 62.746350221628376, 68.39843099079266, 63.813281368902544, 56.36939958006185, 48.09469927890621, 6.3787861424804015, 3.1575235273862963, 8.11344807370245, 15.778875862397326, 23.061852642426302, 15.79374619051794, 7.437869080487636, 0.0, 46.55767425998021, 55.735528128426004, 62.84516192070353, 71.35333412511804, 79.72571074384696, 79.62739859548958, 70.64766973184672, 60.44651288217641, 54.23086867751969, 48.12161437530085, 21.96581452717559, 21.65458838879347, 25.548530052952202, 32.92092093833283, 38.30597135183126, 32.819586730082406, 28.147408673967718, 21.797508401348217, 16.945400298773293, 15.933961140367611, 35.738296184345295, 36.529180121931155, 43.66492691258368, 51.06543241818803, 52.9294337286103, 52.622245193009164, 48.958819849619786, 40.51812905722408, 32.814579932454386, 32.78486869867409, 22.372739517082348, 19.51517533972193, 75.78251906373815, 68.05277340383039, 61.82064498758894, 59.968756470302814, 55.026168811617275, 55.12059587632581, 56.68935483913136, 63.62085543167518, 68.5286595005586, 71.53413512956506, 73.31024783018005, 75.47678189912902, 71.17735921041792, 65.43329382685356, 62.10794396040993, 59.08947636130113, 58.73519372137367, 60.80475505587641, 63.677735009584985, 67.04501829256282, 98.32656864264031, 98.48628514005213, 102.43069056564656, 101.51764049887501, 108.69101211444146, 114.35073491579767, 114.76963424837255, 100.91462435583011, 96.23061225174591, 92.44966499071836, 84.68823233865429, 72.86342336755146, 66.06111082160753, 58.8242966826424, 56.35158349860494], [20.54903365760137, 23.598253181189936, 29.173035599769783, 36.40005088585913, 32.19079382575995, 26.718178839818222, 22.894716071543886, 40.88368540199443, 45.403389014187674, 51.78070238793964, 60.36457259841369, 68.45082287240399, 61.65150625619526, 53.24456627079693, 46.55767425998021, 0.0, 10.113620816166387, 18.4430495716992, 28.951167417380148, 40.83210597557904, 42.18769252449641, 28.822897046066657, 18.696712809058443, 12.810650421759776, 7.866496134249164, 36.11586859691426, 43.38086936861807, 51.96281301532569, 63.03036696785107, 74.9372646845213, 71.183111514144, 61.901085237557545, 51.87073706348204, 45.76825170001544, 39.6419516153295, 13.293760638645521, 22.64926047067546, 35.77377527195891, 45.870703232468905, 53.20325307415716, 56.966393593084824, 60.51466176550969, 61.792941179574434, 58.77521655259739, 45.04195857447236, 33.12688026789589, 28.285074128054372, 76.7963857471082, 70.93369644774052, 68.08136360013549, 71.61201291924657, 71.98107887385333, 77.63895749425495, 86.20969990668733, 86.99951687035816, 86.88939307024125, 86.19385600112717, 82.73020047887876, 80.89778653233635, 75.60856277076898, 73.28730530040534, 74.59860371120097, 76.8553089281362, 81.68133675575555, 78.86841330609309, 76.65610510962895, 75.42435769915421, 66.87078959257096, 75.37810404307184, 87.80103349712884, 92.7313640284494, 103.28765804843486, 115.85825301104957, 122.68403512329749, 118.9956994595463, 125.30212473876938, 128.41776925728593, 124.59039170745956, 114.54443901802087, 109.27778929864365, 100.05826729703782, 91.91035998571003], [20.221630848082455, 20.30436751555194, 24.26344243720336, 30.891250027218064, 27.71327619516745, 24.3123687686164, 23.380453963650663, 49.83437933567038, 54.599689262715074, 61.186522038195484, 69.72039919062325, 77.51910744249244, 71.01678194353788, 62.622632043915516, 55.735528128426004, 10.113620816166387, 0.0, 8.434537504900785, 19.17317581324591, 31.634346726747676, 33.45478680963434, 19.38869747083171, 10.736647580978245, 7.732210708550304, 9.37498062801812, 45.64307269069328, 52.76659152859128, 61.05337942848197, 71.51537556015055, 83.2092064473704, 79.88665457462574, 70.88236384834, 61.16425183263108, 55.221553333466005, 49.179681867709206, 22.28003588706448, 30.28080442393861, 41.87017585034055, 49.87239994308662, 57.88356236262645, 62.886467943066044, 67.46826795637217, 69.50619124234363, 67.02258491077086, 53.711615830907625, 42.57653707361382, 38.07215180308711, 79.27858616529566, 74.62744277725628, 73.05750702254143, 77.48451142392157, 78.70935006939428, 84.7102175977582, 93.57068334897107, 93.6928231130887, 92.94297672802837, 91.57479175421363, 87.25397659679611, 84.37976398233754, 79.12840790535122, 78.03476174004635, 80.30562821120007, 83.31117166420405, 88.50541086291823, 85.21670298666079, 82.258755651788, 80.09302135971346, 58.713813137000855, 69.16433730381867, 83.67126914404994, 90.16112436729219, 101.60103285531967, 115.70131580901516, 124.01586421803239, 123.62570810068155, 131.13646495443345, 134.94652140886612, 131.47435231743052, 121.66138753328032, 116.7581057879623, 107.43112147895619, 99.1972847927369], [22.328316092667933, 20.06273736233585, 21.920726824809734, 27.25635401758177, 25.469195401416922, 24.33699573270748, 25.683800709184027, 56.78574833260741, 61.74032820907736, 68.50407266624235, 76.96503690521543, 84.45033105506761, 78.24441113837446, 69.88931368236918, 62.84516192070353, 18.4430495716992, 8.434537504900785, 0.0, 10.821343918814243, 23.65878876106884, 25.96396329032057, 11.643550212478926, 7.644422536009373, 10.45289774225339, 15.635329472192037, 53.428532047537786, 60.40889302209285, 68.44167877702006, 78.31594804185428, 89.61068390777605, 86.65371760605322, 78.03391837230383, 68.63166643058865, 62.78272858252104, 56.809371146535916, 29.93623748025344, 37.28729540233169, 47.8526174627978, 53.932486204046725, 62.332924161317166, 68.3490530820918, 73.56423655310242, 75.87460550766491, 73.68903930268057, 61.09554904083428, 50.28038993155536, 45.868890566856145, 81.57786964196988, 78.05582834207006, 77.57004809244127, 82.60705820876169, 84.40106311524269, 90.49550759622683, 99.34400539252033, 99.0864462048453, 97.94877628388521, 96.09272236851889, 91.18375341054518, 87.46037536060287, 82.29058223229812, 82.24587965977676, 85.22940198918286, 88.7146087008539, 94.03530339728023, 90.50496913980356, 87.0588437141586, 84.2015467577597, 51.33155244098068, 63.38365029975069, 79.68684157973466, 87.5378985850816, 99.7642031380033, 115.10476020977356, 124.64308073809545, 127.21469282847688, 135.36284755938334, 139.53662484015481, 136.2449932112709, 126.61068560297703, 122.03656563162733, 112.70552655607176, 104.64487703802175], [27.538401949354757, 23.483789964724796, 22.54551303583063, 25.092014874496105, 25.619976263392772, 27.34041057172931, 30.685385521567007, 65.15467137823904, 70.29856449924281, 77.2488862006019, 85.5629984281525, 92.5770848435081, 86.80256392198353, 78.55075285046642, 71.35333412511804, 28.951167417380148, 19.17317581324591, 10.821343918814243, 0.0, 13.332990303389455, 16.675490614799735, 5.3771371708092035, 13.35036415232386, 18.91594246077932, 24.965465565465042, 63.039839313336536, 69.80611066576846, 77.49846629339369, 86.5611326098585, 97.15689374473995, 94.66816343292845, 86.66630915535629, 77.7220692642843, 71.98211001698581, 66.11646652712294, 39.67311500324592, 46.53148576123808, 56.14483246229246, 59.885700387297724, 68.58311428751021, 75.7729416485865, 81.54157639271085, 83.8676665675138, 81.91920885021156, 70.48811183410359, 59.83895355075169, 55.42801267232756, 84.93175491852318, 82.89379229053657, 83.71900916253529, 89.35464072670075, 91.69846650949331, 97.72338453966312, 106.30704937659418, 105.75692780403828, 104.28956173061796, 101.91498544699532, 96.4235339367045, 91.69733721823718, 86.6830617190104, 87.92556308880692, 91.67989633602588, 95.60463424231828, 100.90337535017532, 97.23029764030818, 93.32433320035284, 89.72050774036796, 41.36519412698011, 55.58751615459131, 74.31011025356976, 83.96780100568435, 97.23568719248986, 114.07147654095516, 125.10607699184655, 131.56669008177238, 140.10441064560908, 144.4911564876051, 141.29642956133492, 131.87203800810025, 127.72904949865747, 118.473238942841, 110.85240216197214], [33.716615546838085, 28.690561165257233, 25.230933287421102, 23.73733234604434, 26.999936231881293, 31.363290291164816, 36.20914366064643, 73.40708753211025, 78.88242820528569, 86.06944216888941, 94.1573018891967, 100.48368724359943, 95.17023202147077, 87.07859977686311, 79.72571074384696, 40.83210597557904, 31.634346726747676, 23.65878876106884, 13.332990303389455, 0.0, 5.598422744143835, 13.251972828884426, 23.383325356053387, 29.31015839165124, 35.49324480077346, 73.7911171404886, 80.3255047439942, 87.73038000626039, 95.92052669996335, 105.25948764895016, 103.17857010170908, 96.17215706567472, 87.74782925105546, 81.9850136295576, 76.20629332788512, 49.96495708856161, 55.92296150135781, 64.22936610855535, 64.82125723762422, 73.64532622072362, 82.28375003362221, 88.5719143914217, 90.6921537033822, 89.08455695583872, 79.61185199749, 69.39494586665155, 65.40312312692704, 85.96254502682912, 85.87645513715304, 88.35762791489786, 94.60172526013953, 97.54981643539901, 103.30700259372026, 111.35342414016877, 110.464307427266, 108.66117933841853, 105.68446560565096, 99.60793872108144, 93.68697277700988, 88.95602054552464, 91.82389707498452, 96.46416405088368, 100.82669915837121, 105.93805211559985, 102.1988954423103, 97.82129887356157, 93.36452934034195, 29.097301545698574, 43.80817420447103, 64.75131912061102, 76.30004140866066, 90.64261097068393, 109.00159644769906, 121.67472116591074, 132.99975945158744, 141.80110050619024, 146.5371511307487, 143.76192076573466, 134.98493187509453, 131.80502162858966, 123.39430695067968, 117.34203647698281], [32.40255013077835, 26.891514953275152, 22.52011953216157, 19.645970690792144, 23.665404545500486, 28.918753374783467, 34.50944634027733, 73.26472528850485, 78.99756924063301, 86.29715389383789, 94.37487449219006, 100.5564102555918, 95.14774869007198, 87.03888691879018, 79.62739859548958, 42.18769252449641, 33.45478680963434, 25.96396329032057, 16.675490614799735, 5.598422744143835, 0.0, 14.800713144864607, 24.024806303124905, 29.937380320880855, 36.11197788657203, 75.09591397465536, 81.6722053221893, 89.21764446105587, 97.4997691545992, 106.3966966585998, 104.16757978981494, 97.44540846580385, 88.97469232893368, 83.01626850149846, 77.16185802895616, 50.15752996885414, 55.21532930508549, 62.571999992024146, 61.84158651700694, 70.62782676818235, 79.75690382282995, 86.29448387035849, 88.54422513262051, 87.26900200082203, 78.54747001771307, 68.99940886716148, 65.7407830017103, 81.56359767839888, 82.03806776592404, 85.07502068135344, 91.55286710833428, 94.79924374294583, 100.54448320444716, 108.59312910258791, 107.3641840926729, 105.32334083303373, 102.10129229971032, 95.8015240330463, 89.53247457273385, 84.90667546423929, 88.28370246419104, 93.25055039103891, 97.83367940688412, 102.97708142914492, 99.11272707751074, 94.5075725949293, 89.73767494901594, 28.956922839050524, 39.7923696022973, 59.6525693979707, 70.9665451940516, 85.1789834417423, 103.61857506256635, 116.48799310114975, 128.71259243436688, 138.0147941530839, 143.36489461385477, 141.2861411811795, 133.1569458774012, 130.68709964440163, 123.2594963243189, 118.439774234154], [24.56116678962276, 19.5092974622473, 17.733170851696233, 20.146216641732213, 20.686480245533772, 23.08562055101257, 27.493295452039938, 64.37193369881167, 69.81931390906885, 76.90195100297481, 85.29491997919952, 92.30634984178947, 86.28348713763079, 77.9295819154953, 70.64766973184672, 28.822897046066657, 19.38869747083171, 11.643550212478926, 5.3771371708092035, 13.251972828884426, 14.800713144864607, 0.0, 11.01847039133808, 17.368807935928363, 23.8267125750308, 63.564745182493304, 70.471629618821, 78.4321764151019, 87.80878733736887, 98.14393059282312, 95.39839203810048, 87.51782381414621, 78.37801379158702, 72.37357500195846, 66.3605059992492, 38.397440462083736, 44.19578143991818, 52.833647463901116, 55.65579065823111, 64.38549241086906, 71.92265389947447, 78.02723116878202, 80.7292309784152, 79.18174607154003, 68.08204968284849, 58.242019265151306, 54.75988091997276, 80.02445151294165, 78.22653214010924, 79.40523717695315, 85.29527217323722, 87.96862151854917, 94.14393749286235, 102.98147493072048, 101.99021193164882, 100.21617294078601, 97.61092800526494, 91.87799659271418, 86.93723346192807, 81.96783231526257, 83.50678454733742, 87.54474441775974, 91.74023656055759, 97.21936638724158, 93.31750115342248, 89.14460740732608, 85.26756755781012, 42.049471381940606, 53.44195010557409, 70.75649119820294, 79.84132076408383, 92.70381362037953, 109.38199001883477, 120.39569595978624, 127.0193388159035, 136.32403560126244, 141.49509872967167, 139.10527501821161, 130.3362486270834, 126.86102269151986, 118.58676781922188, 112.09179058597996], [15.754373188756766, 12.493033632797559, 14.53753902576103, 20.51974371489035, 18.098690220726386, 16.734920345875146, 18.97093393278966, 54.21917499525667, 59.690594612852486, 66.72636975078684, 75.23239420490438, 82.51932198469918, 76.12990366444058, 67.6758604528759, 60.44651288217641, 18.696712809058443, 10.736647580978245, 7.644422536009373, 13.35036415232386, 23.383325356053387, 24.024806303124905, 11.01847039133808, 0.0, 6.503208557667673, 13.02329161930704, 53.57656826280044, 60.63084889582487, 68.90214773136026, 78.88221162195433, 89.41453584206793, 86.22029146257766, 78.09384958981661, 68.62271412176983, 62.40538844437477, 56.26780756183688, 27.425801226296, 33.36131040012796, 42.886621275047226, 47.33673482035918, 55.916046074037475, 62.70365196079789, 68.26706198963387, 70.65558397174345, 68.85470601237743, 57.30482476843306, 47.27412331667017, 44.06922111171816, 74.21440043234531, 71.10278823114358, 71.15195192546193, 76.47413264141827, 78.59098056175878, 84.68483512814352, 93.56649968662728, 92.95151527245078, 91.58769229075484, 89.48323174430661, 84.35817986659951, 80.30551762781168, 75.17005396714016, 75.58947606243093, 78.92388790899741, 82.65128677330642, 88.01379766651421, 84.34789286520855, 80.65478298045853, 77.47352595042071, 50.85906927325421, 59.27597766737023, 73.66106226770555, 80.69516892839215, 92.52488028094739, 107.58518419329789, 117.03105776560102, 120.09065429611483, 128.6824057457843, 133.54534083738545, 131.0907856638343, 122.24596936218023, 118.59472818434959, 110.62923757778546, 104.40626992801002], [12.843764773308019, 12.69843235753772, 17.24342112407677, 24.142882938029587, 20.586934751853345, 16.709121755599188, 16.0957569955998, 48.058327714641486, 53.44557961094399, 60.418984856995614, 68.96300531102317, 76.39682755206132, 69.88194756003259, 61.405330687135155, 54.23086867751969, 12.810650421759776, 7.732210708550304, 10.45289774225339, 18.91594246077932, 29.31015839165124, 29.937380320880855, 17.368807935928363, 6.503208557667673, 0.0, 6.520809340998933, 47.233275086226165, 54.324753626041534, 62.7002118445862, 72.92349274251445, 83.58255341364404, 80.19454608890264, 71.93163015399888, 62.33733180565018, 56.05590244980404, 49.88409684466541, 21.039185816273424, 27.749595327030047, 38.464660312462414, 44.30779648927811, 52.66216435244953, 58.80195296936125, 63.77704804460668, 65.65512758204844, 63.47302690026571, 51.67324773796734, 41.047539131168186, 37.59142255775257, 72.71336040481633, 68.75351498209209, 67.95771907228252, 72.74852997152486, 74.31880036996374, 80.21129628149345, 88.90504346541717, 88.77012625664695, 87.84508025747523, 86.17656439467125, 81.59000001675864, 78.19231195380775, 72.9747466761114, 72.58702801351423, 75.32210412877477, 78.58014684566058, 83.71375751090412, 80.35660309663902, 77.13296449775434, 74.54045052289143, 55.84776525019989, 63.38841693002145, 76.54788749762733, 82.58846318163238, 93.93611660141057, 108.03634768485608, 116.51995250501062, 117.43590050382025, 125.14088567080931, 129.4368525680126, 126.60962145283244, 117.48435159385268, 113.50266728118284, 105.4287065638138, 99.0959559074829], [12.98199245859752, 15.898095944155259, 21.6770993617845, 28.851573530518902, 24.63676802880621, 19.103205350250544, 15.66211827889634, 42.03620349294329, 47.30042254367285, 54.18176787324183, 62.76793839320004, 70.3801183125915, 63.71216866127159, 55.213728635434585, 48.12161437530085, 7.866496134249164, 9.37498062801812, 15.635329472192037, 24.965465565465042, 35.49324480077346, 36.11197788657203, 23.8267125750308, 13.02329161930704, 6.520809340998933, 0.0, 40.9335805451004, 48.07086527973868, 56.5733551437969, 67.09162462965467, 77.90075753453172, 74.28543527656413, 65.85522474783163, 56.111170840620055, 49.75505861074495, 43.542671891329526, 14.72228486973466, 22.575437543522984, 34.65487017799845, 42.06498868311547, 50.03170715437498, 55.356242732975986, 59.62771441752593, 60.93024516078035, 58.31949910963108, 46.23038538254274, 34.90136811946952, 31.121004274033734, 71.78559121338566, 66.9525216193076, 65.24083121765094, 69.4165708692563, 70.37491503618989, 76.02877524800917, 84.50284727910473, 84.88669227380657, 84.43627449106282, 83.24592684416616, 79.25706497067749, 76.58084278485579, 71.31242869413231, 70.0537688163106, 72.11699584097406, 74.84599322999625, 79.71622411896048, 76.70502540542473, 74.00847600199519, 72.07159134505868, 61.20996275685095, 67.97515383968228, 79.9539613724225, 85.02346039770923, 95.84052178141899, 108.93826390472984, 116.42663852481883, 115.10671040288626, 121.8869327749065, 125.59036019146639, 122.381663436913, 112.97316912749201, 108.63677427562857, 100.45682676864217, 94.00032560686427], [47.74882972406091, 54.21819823679074, 60.7507453865735, 67.51453531936077, 62.89091761548496, 55.67026718055316, 48.042517454406294, 20.921476372245102, 19.403384164946438, 21.710951293852006, 28.800510199396626, 37.50314835615667, 31.400571168512748, 24.98770674859924, 21.96581452717559, 36.11586859691426, 45.64307269069328, 53.428532047537786, 63.039839313336536, 73.7911171404886, 75.09591397465536, 63.564745182493304, 53.57656826280044, 47.233275086226165, 40.9335805451004, 0.0, 7.4180928021821755, 16.533537620392377, 29.27209944901696, 42.35168650451922, 37.54212264574271, 26.857154984636946, 16.208504740711156, 10.758946775524265, 6.438868952015331, 29.754056778086767, 34.869328352988816, 46.08273591128714, 58.40640362444832, 61.920944718466735, 60.96091651526005, 58.89183578821372, 54.41100554798897, 47.94273997310177, 38.289064951059565, 24.72929090124393, 15.531124134651845, 88.03864632451739, 79.62587121736117, 73.051828283