{
	"dissimilarities": [[0.0, 7.3634856673308615, 14.800982414215282, 23.741447313638933, 16.836111955576115, 10.552862247207202, 6.858255609783075, 40.963084509480204, 46.88521406861187, 56.22374707059719, 64.52351381988848, 72.62299418561435, 64.9430847630948, 56.67940605171867, 48.30414665274373, 18.23355690305002, 16.71073323449387, 18.136785363533473, 25.364819724098847, 32.16625834534464, 31.66579634359452, 20.576562392621025, 13.219726081033338, 8.632175343724949, 10.806746634251914, 46.57170182089388, 55.42217351961837, 64.3035358420856, 73.36481761972175, 81.24105939643492, 77.88792950735042, 71.51911196074983, 63.53095842988425, 55.154402146635135, 47.164307647170446, 17.00108096291498, 24.064139952719046, 34.033899581162224, 37.2452602581421, 44.51467372873358, 53.55064484871869, 58.483253985321085, 59.12507082513929, 56.56231756743103, 47.08241346707021, 37.29917303581539, 35.08507486650443, 60.32103342190411, 57.203647876152964, 58.48945907158243, 62.793507776782064, 65.41271263887634, 69.3553116094539, 78.48800145694437, 83.64081082431943, 82.9155794627087, 80.52032962900131, 75.63904839332359, 68.62431846291729, 61.25441248336033, 62.296744879089104, 66.07546978840055, 68.64962206471293, 77.96897732646948, 76.7670540598927, 72.59551479392215, 68.66572292230977, 51.47344534947674, 60.656060740405124, 70.1431852036385, 79.71328830463351, 90.82433153896353, 100.196472594106, 112.40323949897697, 109.49972939514828, 117.15688974693255, 120.66262879432844, 114.54061578275693, 107.30359960711506, 103.90339852091681, 98.29324105157673, 95.24428570428796], [7.3634856673308615, 0.0, 7.809675570295414, 18.036072116663156, 11.872353370179562, 8.66730125226532, 10.731149078931576, 48.3034713842738, 54.17562861591701, 63.492963748172706, 71.81982660659347, 79.96867396503387, 72.29497096429905, 64.02661990603889, 55.66231885483415, 21.95453594958673, 16.960693574889117, 14.669829852425726, 19.724807914875747, 26.026054286466106, 25.27682988608348, 14.056935300926334, 8.621261912288132, 9.954046899723448, 15.282020540003739, 53.18051703914058, 62.152942577783804, 71.1439100190366, 80.33040278330552, 88.29446934125, 85.05624037988206, 78.58741016592114, 70.50447556727143, 62.13874062232502, 54.07984836019822, 23.11202025600664, 29.642560662544764, 38.29698374145945, 40.23884823453261, 47.648792017010884, 57.37712396569823, 62.96681836241155, 64.50031007945725, 62.66585863488838, 53.0054813235479, 44.12050197404274, 41.99018966224218, 61.43512865985933, 59.44196454083708, 61.624056683533865, 66.74828825389675, 70.06428659151382, 74.5842040860796, 84.321190208454, 88.51743143170428, 87.07909790681805, 84.00856866723926, 78.27233457292857, 70.38238274881742, 62.612351484341424, 65.12270813462312, 69.91910269862751, 73.1641650849739, 83.58867037621246, 81.25898900169173, 76.34034604735179, 71.55943247233535, 46.551558999418546, 56.73685982276912, 67.4247634869724, 77.96111594256605, 89.61074197298797, 100.17480316533404, 113.35728056267635, 112.46394250978696, 121.60876646067507, 125.9949626321226, 120.67489705932555, 113.75640858123998, 110.72537849626538, 105.20997184770997, 101.94643424432151], [14.800982414215282, 7.809675570295414, 0.0, 11.078034342281624, 7.525525622524118, 10.380318271859924, 15.914879910541424, 55.62763567168197, 61.64081516966304, 70.98089298682164, 79.24512765829544, 87.06435963090357, 79.5696223987632, 71.31262376102426, 62.89864388703714, 29.193593968196605, 22.69019403631119, 17.34181392259662, 17.348601808122464, 20.80104704782973, 19.1233250187407, 11.29806508182795, 11.880824167455936, 17.06861296796043, 22.911269280402806, 60.96986096763294, 69.89643204477743, 78.78236966340623, 87.77551281391449, 95.43165573697976, 92.33968272250749, 86.11304559449172, 78.16526879164756, 69.84894709277845, 61.83190837816227, 30.820120017150067, 36.31142473982641, 43.48335733131919, 43.13372883783846, 50.596813380239524, 61.35239683408734, 67.54744694110015, 69.63777027515314, 68.45679234290527, 59.37204580196759, 51.34569497129532, 49.70912092098312, 61.19591594422415, 60.91074248149462, 64.23978477747156, 70.20692971853735, 74.1888773163255, 79.1469897299734, 89.07148707852274, 92.21567627227813, 90.16502092213032, 86.41428825535286, 79.74259843248156, 70.73345813417255, 62.62078118525454, 67.09930950364341, 73.08130688223407, 77.01190154916067, 88.11036347166757, 84.65667784677954, 79.02917373215118, 73.32825551083378, 41.424011538482006, 50.91263018818148, 62.23607018319009, 73.58479922718301, 85.77601295412231, 97.628529520582, 111.79173214120821, 113.85408984796797, 124.15030822285205, 129.36198981848986, 125.05915792158147, 118.59851447242437, 116.22628957371869, 111.25382000088176, 108.54816900636644], [23.741447313638933, 18.036072116663156, 11.078034342281624, 0.0, 8.885774964820351, 15.879893431287067, 22.17528077334346, 62.79208641631624, 69.15579043939455, 78.50018741533525, 86.50616200705792, 93.34453991854097, 86.34731789466487, 78.19262916588907, 69.72985214599879, 39.94823395238596, 33.653321727177826, 27.537940289531043, 23.34138785808353, 20.858156292087966, 17.259466354942177, 19.06394528917441, 22.725739505987175, 27.83554588296476, 33.27438749980325, 70.19778846970857, 78.83424669728149, 87.28607339626254, 95.57677654778243, 102.2704639059003, 99.38021046651755, 93.95828526319606, 86.52148621588873, 78.33953119621681, 70.5530279189762, 40.36684128909194, 44.190223184915126, 49.56698292035392, 45.31798590330495, 52.67613727123703, 65.0129314513297, 71.72793379866404, 73.86050563277645, 73.28412133089917, 65.99965105602932, 58.951691247545845, 58.416843963321696, 57.870487215106884, 60.43599080581778, 65.37796870964564, 72.23522318943003, 76.84469972408856, 82.01222374551821, 91.39554158845642, 93.23680462796509, 90.73166791388175, 86.28333430681614, 78.52332987889667, 67.9150231565983, 59.55583664311129, 66.98783095125545, 74.47426115360018, 79.12994839915108, 90.16672197068674, 85.5361920006314, 79.25343774281355, 72.48944717449473, 37.20507054085531, 41.29350217581557, 51.71114271875594, 63.576893618364636, 76.3904709291465, 89.75141177805175, 104.92874915355777, 111.75767361728218, 122.5774994047543, 128.54331379575697, 125.71734029548425, 120.02448312781239, 118.88356163170099, 115.30915733873887, 114.51769480755728], [16.836111955576115, 11.872353370179562, 7.525525622524118, 8.885774964820351, 0.0, 7.5747049694195985, 14.71357909052301, 55.60163196847954, 62.13676988119873, 71.53819749141647, 79.62860367828067, 86.83395577347407, 79.35208375810355, 71.08387952050097, 62.712546361916424, 33.284755921789994, 28.42840644937614, 24.42227292613079, 24.59603468991319, 26.102955498701927, 23.44195876871071, 18.63953541379235, 18.47258575387263, 21.580938066029844, 26.273529367166987, 63.07293620075128, 71.92352096452196, 80.7057395067748, 89.3921472551927, 96.5325604261337, 93.22061947192537, 87.45410949295024, 79.72880039855112, 71.29958835409909, 63.36366223436434, 32.57957538082258, 35.4830688361701, 40.805154101746574, 37.81111106176233, 45.260320567701, 56.97353085371591, 63.52900621033232, 65.79023367274232, 65.24515058485899, 57.36645487652451, 50.728593454317505, 50.72093172640702, 53.94483898394659, 54.47643194429171, 58.49600351867732, 64.94201013013382, 69.33234192807606, 74.54003219754843, 84.5554284793504, 86.75825615983015, 84.3288513759879, 80.21701884889332, 73.10621052976767, 63.62168221881568, 55.42966012545291, 60.83070320657394, 67.51449726208739, 71.87444733064916, 83.37069150760851, 79.02480698276362, 72.99516785379927, 66.82496032430943, 44.735193444967685, 49.29799151662604, 57.541402462523116, 67.80247697221421, 79.11642602847795, 90.38097997664626, 104.48995412931404, 107.0273729317075, 117.97429143624299, 124.05293657660508, 120.88775230427575, 115.17048587656981, 113.95019573070729, 110.64232950137122, 109.88674161762451], [10.552862247207202, 8.66730125226532, 10.380318271859924, 15.879893431287067, 7.5747049694195985, 0.0, 7.408240465420517, 48.11471976687016, 54.686125033267864, 64.0929016819578, 72.19798447663467, 79.55086916735824, 71.91260488612848, 63.617947482170976, 55.27503074902252, 27.685067915027123, 24.76394514129195, 23.244743393547562, 26.7936675691524, 30.6089072054845, 28.70368658491287, 20.79988242767456, 17.01597113594702, 16.91429615106174, 20.290348267385657, 55.84833919632971, 64.67541149688542, 73.48534581701628, 82.23613600184913, 89.51216217477108, 86.02481465498222, 80.16712057664422, 72.3991983858202, 63.91554580518953, 55.987642976819245, 25.5462947630173, 28.37376049632361, 34.745545029310925, 33.434627463359064, 40.98040264777485, 51.97656557082399, 58.01406105229153, 59.68445929372019, 58.567631018080135, 50.41495385885668, 43.21720371429421, 43.25641243971162, 52.93674070101896, 51.727828360490406, 54.652780587880315, 60.322202392337786, 64.09905505080647, 68.90240973116232, 78.73193987496403, 81.89091279830107, 80.06270160986222, 76.60816186627406, 70.40374213769844, 62.00571029045226, 54.153394251047864, 57.582740263414124, 63.15865984627936, 66.8873248835239, 77.74033451611808, 74.41936901722283, 69.06014173902823, 63.77514024947204, 49.52883849037336, 54.61858985830199, 62.05036301585754, 71.33162230884949, 81.99072262322956, 91.81682415890951, 104.86461826787196, 104.45043811376824, 114.22524096559496, 119.557378879903, 115.52325953212345, 109.45281492027183, 107.78227972979782, 104.2589373409843, 103.392088448965], [6.858255609783075, 10.731149078931576, 15.914879910541424, 22.17528077334346, 14.71357909052301, 7.408240465420517, 0.0, 40.91324772169281, 47.44499190616525, 56.84283606714786, 64.91580483911567, 72.22634060930001, 64.68496027279679, 56.419310120630314, 48.0279506067091, 24.035253846915413, 23.439236116666322, 24.26916601635435, 29.813931281217524, 34.77810245411875, 33.46406896866227, 24.602026458344827, 18.70595564911288, 15.231502414123302, 16.496039425449073, 49.20615376760766, 57.8113066847306, 66.40854837590201, 74.96300044902219, 82.12569700588807, 78.63928922994054, 72.89848980299548, 65.28152223361863, 56.884666644930434, 49.09213653285844, 20.1204759409395, 23.66048306964408, 31.79784509805627, 32.166231957748586, 39.607129524664856, 49.79111160294446, 55.036986228189456, 55.58616180341147, 53.47429137077396, 45.46338805212936, 36.942770668547595, 36.632340836914835, 53.88362453266543, 51.476143850482956, 53.354289273138754, 58.043717017860054, 60.9618461037604, 65.03561163789182, 74.0300786775779, 78.47052646277528, 77.56112118116647, 74.9214514022674, 69.70228315103753, 62.235370698677954, 54.826340804923255, 56.6449572961052, 61.02290332410553, 63.931361766942906, 73.3251560799062, 71.47368161674402, 67.02982842797235, 62.74174503258916, 52.901961311001806, 58.31778828137224, 65.47914274443062, 74.11540909795377, 84.59263232050517, 93.47452552750288, 105.55555274173138, 103.36887307808837, 111.20995994994159, 115.28670527922817, 110.10578966773956, 103.48998946071463, 101.16059415290013, 97.1354504535573, 96.12740660798478], [40.963084509480204, 48.3034713842738, 55.62763567168197, 62.79208641631624, 55.60163196847954, 48.11471976687016, 40.91324772169281, 0.0, 7.5292211769525, 16.458026833548214, 24.27627906583618, 32.54389516663343, 24.055495069499816, 15.733905963911631, 7.620862940101798, 37.16041869750627, 46.13030446716155, 53.72921735110402, 63.52446407385376, 71.13966805779972, 71.24372257567026, 60.35842043127335, 51.70808584397347, 43.235165805577125, 37.22420364621005, 19.320207060221765, 23.437437730113093, 29.79025104122961, 37.20945010754115, 44.49193628932094, 39.629232912312524, 33.99006287934003, 27.278746725093367, 19.63661044091314, 15.00190831448826, 28.842050661920744, 28.377098987643294, 36.25677960347613, 45.35827734203156, 48.169877751163014, 48.78237413810744, 47.47031827243707, 41.325419633464264, 32.88998076195232, 27.9122178278719, 14.277994290332268, 12.945907750380652, 70.47441218419469, 61.752290382280634, 57.25186459111494, 55.043689878771595, 52.06327923143392, 50.81264134564151, 54.07522869156993, 66.12391082970477, 70.3805173448199, 72.83816520342035, 74.16323503248819, 73.73007025469781, 69.98283488541551, 62.232881383397334, 58.46675714576464, 55.732922421671454, 55.438426555983426, 63.02155393901934, 64.69949790220899, 67.02053664556259, 86.64460253917105, 92.50109259301294, 96.84222826700298, 101.55727704819837, 109.05495562869464, 111.65682664259734, 117.76893119669977, 102.22795587510791, 100.42128019906018, 97.95395839867949, 86.14913979766497, 76.73940750645517, 70.20421413877591, 63.78442354949216, 62.0680343279747], [46.88521406861187, 54.17562861591701, 61.64081516966304, 69.15579043939455, 62.13676988119873, 54.686125033267864, 47.44499190616525, 7.5292211769525, 0.0, 9.40890497518574, 17.70242972195088, 27.247098294705893, 18.87297393704919, 11.306952459884227, 5.904070481318034, 41.1497274831707, 50.331490643853904, 58.24504922895339, 68.2025412566687, 76.15347922016475, 76.5774562067089, 65.5323031352081, 56.86474501557597, 48.386433174568204, 42.264603206146035, 15.783675673472928, 17.140831803245987, 22.40560913574853, 29.7924335312966, 37.73237359971719, 32.76269576159425, 26.546712849986736, 19.831179043479338, 12.752566533944806, 10.615040242998894, 34.080672276415044, 34.76001777078545, 42.74299010760779, 52.648046981131394, 55.167000955049225, 54.74019625153831, 52.67586767344171, 46.046683308152204, 37.08727294192837, 32.498151833092265, 19.77922452178677, 16.142195525038222, 77.69350673328333, 68.68430930317528, 63.72108961327784, 60.84732065657063, 57.208396227040836, 55.19378006119919, 57.17038508350468, 70.31512677514222, 75.28725468483391, 78.38353301988995, 80.4255627865433, 80.60329202640544, 77.13224203140099, 68.80548955071708, 64.26575482912045, 60.87637933023548, 58.934841288701385, 67.94782295670947, 70.41273606005103, 73.40221465992795, 91.20557738011433, 98.23671681904678, 103.3142330765347, 108.17043383340207, 115.87070358177212, 118.33400127882204, 123.96414234784211, 107.43108805825008, 103.98518638839299, 99.9987915706632, 86.58738530335923, 76.31298392816866, 68.12073805698411, 59.67505253440393, 55.92060603254283], [56.22374707059719, 63.492963748172706, 70.98089298682164, 78.50018741533525, 71.53819749141647, 64.0929016819578, 56.84283606714786, 16.458026833548214, 9.40890497518574, 0.0, 8.516371993713344, 19.47684383139799, 11.354930098263264, 7.445360909222937, 10.805402982306397, 49.62157232670062, 58.929053391648694, 67.0135488706264, 77.02756881941048, 85.0729808215356, 85.62794034824806, 74.59597368823624, 65.93034583162611, 57.46020392482934, 51.28495633748798, 19.073645973455257, 15.23797409095205, 16.270872087538056, 21.87775745036408, 29.78479322675509, 24.16154982816187, 17.97496434105214, 12.825623750648584, 9.691744146859532, 14.129466628111373, 43.08986060490001, 43.42862783306886, 50.431509154369735, 60.506312235714226, 62.31750531964136, 60.47002052239582, 57.29548178100505, 49.78635716177207, 40.3341400629006, 37.551219212589686, 27.280354312100492, 24.306808015151205, 84.79574402023619, 75.30913705679457, 69.64132931919472, 65.71646541631956, 61.10543794030135, 57.93848915530993, 57.97859334908488, 72.37897441749713, 78.3614056156414, 82.41238613164988, 85.60481983661226, 86.89249089638994, 84.05974847597359, 74.70267217191979, 68.97990144001137, 64.63447560778063, 60.23775404967182, 71.11690638768403, 74.77065118048576, 78.83445199089616, 99.605081850997, 106.68847113907827, 111.48500920819784, 115.8303774613218, 123.1147249346104, 124.66090910820151, 129.210225115827, 110.65267265071823, 104.9373573154844, 99.18941993065985, 84.08146362464309, 73.1033519178968, 63.41505760819091, 53.73555692848412, 49.155794619157795], [64.52351381988848, 71.81982660659347, 79.24512765829544, 86.50616200705792, 79.62860367828067, 72.19798447663467, 64.91580483911567, 24.27627906583618, 17.70242972195088, 8.516371993713344, 0.0, 12.178078112938307, 6.3573252423705675, 10.428230640650312, 17.493632448914695, 58.10508959358481, 67.39655653009656, 75.44363717040504, 85.3197896201643, 93.19861707207365, 93.7441361909324, 82.98249981320346, 74.37959586643456, 65.93501817655866, 59.78601706601434, 26.35138984025797, 20.178757753376516, 16.59704657473859, 17.58543264670238, 23.556225118929756, 17.169314548178157, 13.107522203399123, 12.973245917455968, 15.312181469428937, 21.89060259381774, 51.57101080250418, 51.36544301996514, 57.44428987379249, 66.99143338042211, 68.21448872320283, 65.51968194643312, 61.52033722474848, 53.18306166042412, 43.50883965124207, 42.93688024740784, 34.64048138525227, 32.66526726998685, 90.0531027847863, 80.43215572100277, 74.33877664308935, 69.59644976252778, 64.20712759898232, 59.99070762489832, 57.91249086030288, 73.25693232261327, 80.19487137239679, 85.0726443446065, 89.22371233010382, 91.37344262045178, 89.15694193009882, 79.16361959705165, 72.57729575470988, 67.47299525762013, 60.5878784442865, 73.06105155400209, 77.7700525843867, 82.71670205994998, 107.10143139489178, 113.50480136573451, 117.60640726896308, 121.2644602191091, 128.03109305225107, 128.63695984893482, 132.10254055861918, 112.17386650680997, 104.10979762257125, 96.66545242849607, 80.13083506296101, 68.62508616817942, 57.79505996564566, 47.59886696307547, 43.6454595865665], [72.62299418561435, 79.96867396503387, 87.06435963090357, 93.34453991854097, 86.83395577347407, 79.55086916735824, 72.22634060930001, 32.54389516663343, 27.247098294705893, 19.47684383139799, 12.178078112938307, 0.0, 10.378328459486577, 17.819184123318916, 24.97860288889717, 68.28545137670956, 77.2223363344115, 84.75707712726059, 93.90858939743184, 100.94066760997009, 101.24458526959357, 91.59220335655876, 83.31553857894549, 75.04119397229184, 69.15874232544508, 38.18927377584413, 32.005338279463786, 26.508911723013014, 21.72053754353177, 20.11633277093034, 14.683777643351899, 18.806051197725107, 23.68484994962955, 27.32959448604688, 33.52403328466625, 61.10762030433704, 60.11958801660365, 65.13896061685952, 72.460472282259, 73.16588820781399, 70.65658948078224, 66.14643970937509, 56.56706248336419, 46.78926001811216, 50.03888652121078, 43.397565484845785, 43.02033882830335, 92.55417036252949, 83.72476379716291, 77.74621347248213, 72.41665589322015, 66.34804737809249, 60.83332853953377, 55.11059542442359, 71.34430091485731, 79.63284199570025, 85.3619667935891, 90.32392899648974, 92.92210651507489, 91.47847091969733, 81.70052777354083, 74.7059319370524, 68.98494461794658, 58.23461561468111, 72.53230359265689, 78.43814598817362, 84.13757070587788, 113.34710433269358, 117.33031767759299, 119.75448779748271, 122.14117455494937, 128.1652348477442, 127.64204536803551, 129.6775985161516, 110.17597973672659, 98.29758216040028, 88.29818917203265, 70.08955266686199, 57.84239293263995, 45.96168540532352, 36.54574086820463, 38.05397519827013], [64.9430847630948, 72.29497096429905, 79.5696223987632, 86.34731789466487, 79.35208375810355, 71.91260488612848, 64.68496027279679, 24.055495069499816, 18.87297393704919, 11.354930098263264, 6.3573252423705675, 10.378328459486577, 0.0, 8.398386168727654, 16.681851332898304, 59.85533817424605, 69.16934672282159, 77.07498718812526, 86.85012081445672, 94.3929468087007, 94.64362423823857, 84.11341340564158, 75.50072604384859, 67.01581206019179, 60.89226560888156, 29.995149142583188, 25.203921499562938, 22.849234156784245, 23.30519871384769, 27.050714432504382, 20.66448623591697, 18.91316847502641, 19.061352419766283, 19.834727774104913, 25.04802989095881, 52.38378987931099, 50.727669808147525, 55.57637830731838, 64.11881798598105, 64.84362309718422, 61.87669762384016, 57.539820489785335, 48.61945421966077, 38.85269532064783, 40.2649954102481, 33.62452352274983, 33.75248899636757, 86.02326087901473, 76.33929650971814, 70.07715427233491, 64.95819765056316, 59.24521749440238, 54.5733952596107, 51.73375414068809, 67.26077503352394, 74.49972872973098, 79.65618458398266, 84.19153119365839, 86.80433239666623, 85.01084288966979, 74.65397508464656, 67.71079949330048, 62.31784034843912, 54.48714340152197, 67.39088572233683, 72.49848296710424, 77.8343826786529, 108.36824922200142, 113.08315964697857, 115.7444186733715, 118.55358175576686, 124.49794640081853, 124.18764720675969, 127.04683440542266, 106.26777296432877, 97.84652673605551, 90.64185737867128, 74.59344903447592, 63.59415729780199, 53.94573656986411, 46.539533287299605, 46.50434373924012], [56.67940605171867, 64.02661990603889, 71.31262376102426, 78.19262916588907, 71.08387952050097, 63.617947482170976, 56.419310120630314, 15.733905963911631, 11.306952459884227, 7.445360909222937, 10.428230640650312, 17.819184123318916, 8.398386168727654, 0.0, 8.526800414364404, 51.93037717578235, 61.216300904837766, 69.07562768658164, 78.9138676146905, 86.49717837540939, 86.67468977801988, 75.98206000016188, 67.32599701093373, 58.82160841708219, 52.70185824061599, 24.43948475137987, 22.167759208951434, 23.315460960496235, 27.188396615044073, 32.810481687075445, 26.8982799852501, 23.001914716100156, 19.58310306499044, 16.481293533233885, 19.1129072643416, 44.13641876994812, 42.483465264688874, 47.89949206539085, 56.69400881353108, 57.91658062902513, 55.80562236452404, 52.246793235622306, 43.968790374072675, 34.26202684401765, 33.89376262683469, 25.638716295987848, 25.852717379822685, 79.6832309234029, 70.1089548963987, 64.24087767341447, 59.887594150389965, 54.90916633463286, 51.25581735007931, 50.59496836439131, 65.15948000408139, 71.45052450231128, 75.78645238698022, 79.38175751347163, 81.16604849419753, 78.80779301243993, 69.02059041282523, 62.90125184820271, 58.2412749018339, 52.90182077040557, 64.18386459590207, 68.25083757778803, 72.73943821011952, 101.05982570491177, 106.00698884394508, 109.02750041531584, 112.34670083211451, 118.66556606126728, 119.14845727990152, 123.0221602572437, 103.57329387264664, 97.53997660001197, 92.16038892940375, 77.72308638325603, 67.36909013950684, 59.080976311982916, 52.3672016092561, 51.88923934399082], [48.30414665274373, 55.66231885483415, 62.89864388703714, 69.72985214599879, 62.712546361916424, 55.27503074902252, 48.0279506067091, 7.620862940101798, 5.904070481318034, 10.805402982306397, 17.493632448914695, 24.97860288889717, 16.681851332898304, 8.526800414364404, 0.0, 44.49620241560918, 53.483815308428454, 61.05973455169824, 70.66372470207789, 78.07511892491569, 78.19562491703479, 67.6919825283627, 59.146787659226355, 50.72574132701732, 44.75631370898471, 21.50429299380228, 22.366884497388316, 26.244889536448596, 31.892908803595653, 38.12724827512261, 32.996287776637196, 28.405677534625433, 23.21839014037401, 17.373574277619387, 16.25855634601919, 36.437960567950526, 35.488179445749466, 42.14857686848734, 50.61650385236263, 52.705690928456114, 52.29986360239517, 49.935289693073315, 42.481339016162295, 33.1791799028355, 30.984816240536283, 19.89591070231247, 19.463847014927417, 74.3376049505334, 65.46096093809476, 60.4308389647351, 57.22068677228194, 53.24731789138412, 50.72960767282994, 51.750176700864984, 65.15250956993626, 70.53514959841543, 73.91375896232809, 76.27732621067848, 76.7393506961394, 73.6576111694115, 65.16509990408137, 60.36456217619387, 56.70148669058714, 53.586994652253765, 63.10399780642045, 65.98277884865027, 69.31839891774925, 92.74933725447978, 97.86725077628893, 101.49004374844269, 105.47937410087552, 112.50249566876485, 114.17348806588056, 119.20930403137051, 102.4298989996734, 98.20892273086089, 94.1121289271088, 80.95560037990609, 70.97657085361409, 63.59096117966555, 56.96401122127463, 56.110395620068395], [18.23355690305002, 21.95453594958673, 29.193593968196605, 39.94823395238596, 33.284755921789994, 27.685067915027123, 24.035253846915413, 37.16041869750627, 41.1497274831707, 49.62157232670062, 58.10508959358481, 68.28545137670956, 59.85533817424605, 51.93037717578235, 44.49620241560918, 0.0, 10.178278951334214, 19.47357118774451, 31.652339029354295, 42.077688096118884, 43.175818348004974, 28.61390710390898, 19.555553981046053, 12.14686108620355, 7.565369953107645, 35.019138449937586, 44.386282233718056, 54.192571244516905, 64.84541382280999, 74.87940901332625, 71.24528387418658, 63.0296485427382, 53.95159133348307, 45.62841431420383, 37.41571646459698, 10.89497795494369, 23.037926099294918, 35.413408337217376, 45.96720244058962, 51.99701506625679, 56.770803144634606, 60.14388949716199, 60.761152046274354, 57.18962392918168, 44.34829762526422, 32.97011609396529, 26.847573116535767, 73.35621269353437, 66.91249718692737, 65.6981310236704, 68.18134188938397, 69.52769103091285, 72.84701445782511, 82.49308183621693, 89.55114742585226, 89.48042180032822, 88.21487202686049, 85.1153487467886, 80.61741105720115, 73.97237613687834, 71.11570010212117, 72.28955499567287, 73.4841716166734, 82.47936793928709, 83.25229263632772, 80.29386216251947, 78.1260091640512, 62.40512822982991, 77.0103286143226, 88.2431187126882, 97.90082458389976, 108.59913142467018, 116.7147574017167, 127.8474705820419, 118.93484412507922, 125.98076761032996, 128.32965239278408, 119.96218163131739, 111.58308811765939, 105.94841559520574, 97.55834844534982, 90.2238159315422], [16.71073323449387, 16.960693574889117, 22.69019403631119, 33.653321727177826, 28.42840644937614, 24.76394514129195, 23.439236116666322, 46.13030446716155, 50.331490643853904, 58.929053391648694, 67.39655653009656, 77.2223363344115, 69.16934672282159, 61.216300904837766, 53.483815308428454, 10.178278951334214, 0.0, 9.489158147951482, 21.89876451631575, 32.78389646692018, 34.21687502316571, 19.329764141249726, 11.248538253774532, 8.248387299858017, 10.537736115771027, 44.56955628946385, 53.68221359211464, 63.15309095977987, 73.46071639191554, 83.1258878928756, 79.92826576473774, 72.00277127090078, 63.1762699995015, 55.09632049247157, 47.024189271694674, 19.11495579830856, 30.26548552822104, 41.54007096678062, 49.66360403916503, 56.30834527265288, 62.73752355148196, 67.05977347326088, 68.38988078513852, 65.45966206578055, 53.05473156747557, 42.31127116297105, 36.68337921422705, 74.98988385583418, 70.26385436229391, 70.37360100854556, 73.98935496329436, 76.1883674055662, 80.10026495907132, 90.02083125160978, 96.12663072453468, 95.4146151105506, 93.3502449822473, 89.09226741471765, 83.16124740258765, 75.90601325684645, 75.24046636295917, 77.87718576276576, 79.92629478649835, 89.7747854238975, 89.37509805988874, 85.54131815316748, 82.2378030292138, 53.796893276422594, 70.44795861712309, 83.66807535210155, 94.66645880997113, 106.45401225440033, 116.37208457423327, 128.7899065520689, 123.43304110862454, 131.62351515100215, 134.59505773832078, 126.96416240499136, 118.75994251599506, 113.43539385864734, 104.88835087097371, 97.35309768729117], [18.136785363533473, 14.669829852425726, 17.34181392259662, 27.537940289531043, 24.42227292613079, 23.244743393547562, 24.26916601635435, 53.72921735110402, 58.24504922895339, 67.0135488706264, 75.44363717040504, 84.75707712726059, 77.07498718812526, 69.07562768658164, 61.05973455169824, 19.47357118774451, 9.489158147951482, 0.0, 12.52782065495958, 23.586226474281165, 25.233266419352407, 10.514009052792654, 6.356407065183522, 11.793030672570348, 17.49391908717281, 53.42898941951729, 62.34251237154289, 71.47652353844772, 81.32270147230017, 90.41986111584168, 87.56976669312702, 80.10214882733028, 71.59413394649324, 63.6540131134355, 55.680190387386006, 26.988419253147715, 37.10331065308802, 47.346576573936645, 52.8565937869329, 59.926624341060005, 67.90433929289058, 72.97153388680874, 74.68440048277425, 72.23872575305782, 60.59528851823674, 50.299727270109486, 45.272415862453414, 75.58763954782448, 72.68473311337219, 74.05647361549082, 78.62416642540313, 81.51100793406876, 85.8314847030219, 95.7397854394727, 100.97494189819119, 99.7805674061179, 97.04061164571885, 91.75999191533143, 84.47856488565533, 76.76055194310703, 78.25398305777698, 82.21239763890449, 84.98092095975267, 95.28780001838611, 93.89917176131868, 89.35636382982165, 85.06011779794183, 45.20839616710003, 63.12538294740512, 77.95849384868123, 90.07830747310638, 102.82851383576792, 114.3885053146878, 127.90890284968913, 126.23706822703372, 135.1963194968485, 138.67926718021153, 131.8416146586733, 123.89857274183404, 119.05625898422892, 110.73132084433922, 103.63419519464564], [25.364819724098847, 19.724807914875747, 17.348601808122464, 23.34138785808353, 24.59603468991319, 26.7936675691524, 29.813931281217524, 63.52446407385376, 68.2025412566687, 77.02756881941048, 85.3197896201643, 93.90858939743184, 86.85012081445672, 78.9138676146905, 70.66372470207789, 31.652339029354295, 21.89876451631575, 12.52782065495958, 0.0, 11.494397309679965, 14.082213648459751, 7.130050589047319, 14.410328500114177, 22.334017577613054, 28.64973541251697, 64.5001463129769, 73.04236885393799, 81.6200434507767, 90.74429969621019, 99.00308432038648, 96.67992033764385, 89.88383109071091, 81.88881941696373, 74.23995051870789, 66.49986926160683, 38.16352987546348, 47.57203625611545, 56.95788298037353, 59.51993352746578, 66.90370859180628, 76.50193589443747, 82.17304267222319, 83.93799655433652, 81.76461708042629, 71.24060790312677, 61.052105495014565, 56.364741910425835, 78.50933761298738, 78.01771958073911, 80.81158543194151, 86.26975473838522, 89.73225825005919, 94.2624160834482, 103.67161858714019, 108.14240807119468, 106.64646300017723, 103.28326617792628, 96.94555391252742, 88.07544378953524, 79.95426766004353, 84.08869760382167, 89.43000603916582, 92.84926261777042, 103.05829101712031, 100.88630568375868, 95.74826889715791, 90.44722679785876, 33.34625340108638, 53.55797898513553, 71.07357232522483, 84.76642277849751, 98.9977672258832, 112.8206611088445, 127.61746279690189, 131.0902924997989, 140.2763517215993, 143.92569584417734, 137.79710532319015, 130.03963682321185, 125.59808059110114, 117.32970006811729, 110.70043723050175], [32.16625834534464, 26.026054286466106, 20.80104704782973, 20.858156292087966, 26.102955498701927, 30.6089072054845, 34.77810245411875, 71.13966805779972, 76.15347922016475, 85.0729808215356, 93.19861707207365, 100.94066760997009, 94.3929468087007, 86.49717837540939, 78.07511892491569, 42.077688096118884, 32.78389646692018, 23.586226474281165, 11.494397309679965, 0.0, 4.437526702041803, 15.037048422505064, 23.738122918701485, 31.60336388574901, 38.01258419083755, 74.0002357288877, 82.29909872341659, 90.44341491209344, 98.86872680241845, 106.19983638199767, 104.19157330884133, 98.15164932499404, 90.64621770902022, 83.12812635592563, 75.55123245648755, 47.21513104231469, 55.556042764871044, 63.954382004917065, 63.65792780863987, 71.14726497911302, 82.15236551763388, 88.30001223267982, 90.0253862495717, 88.19045553791221, 78.99166849224507, 69.21841026174494, 65.30937028976719, 78.69765566101631, 80.48928556645993, 84.55930495658838, 90.74874555312347, 94.69858379523538, 99.37041782469899, 108.22640250234969, 111.81820930652871, 110.0512221215102, 106.14588249584779, 98.90879010846325, 88.67531978792451, 80.34986502069272, 86.87650141998421, 93.43193492583333, 97.41913907389454, 107.43117158420384, 104.45963986756892, 98.82608624279888, 92.66819248908075, 23.16311599397432, 43.283016103050265, 62.552119106916486, 77.35520069699734, 92.67410205741584, 108.3109035494649, 124.0849357500464, 132.33510984893013, 141.6510194016343, 145.61641011241338, 140.4852943463902, 133.17561988050468, 129.52910412542576, 122.04254911444127, 116.78029655827183], [31.66579634359452, 25.27682988608348, 19.1233250187407, 17.259466354942177, 23.44195876871071, 28.70368658491287, 33.46406896866227, 71.24372257567026, 76.5774562067089, 85.62794034824806, 93.7441361909324, 101.24458526959357, 94.64362423823857, 86.67468977801988, 78.19562491703479, 43.175818348004974, 34.21687502316571, 25.233266419352407, 14.082213648459751, 4.437526702041803, 0.0, 15.680497322684577, 24.27226271947939, 32.04716792582441, 38.482253943057174, 75.14342223017232, 83.5397006921633, 91.74683927472786, 100.1122774258647, 107.24256573117427, 105.0959246609235, 99.23424548989172, 91.75888870111693, 84.09044114003022, 76.44449238461074, 47.449217660991785, 54.9015885520122, 62.605485044026054, 61.23948065529069, 68.69957689524281, 80.12953116264627, 86.49079209098907, 88.37540750478595, 86.87675916833578, 78.13426624663305, 68.95019994864393, 65.74936836279971, 75.09407130540403, 77.43110861087084, 81.88667187294924, 88.35110587941024, 92.54291469086525, 97.3783681015051, 106.33109660268069, 109.3881324593687, 107.3733070733692, 103.23146294658311, 95.70598882610808, 85.1646538476637, 76.79989754284516, 83.92542751494048, 90.88312835252506, 95.12219005221797, 105.41157170995771, 101.92027507678839, 96.03615764348149, 89.58546614741564, 23.72976959085614, 40.49578956214417, 58.77269266984001, 73.40470729774155, 88.50938863938441, 104.16092204458903, 120.07767433699586, 128.97108058101855, 138.76517924653567, 143.25807217530945, 138.7926300673139, 131.88700287855139, 128.8660915181867, 122.25176416495302, 118.02203795758933], [20.576562392621025, 14.056935300926334, 11.29806508182795, 19.06394528917441, 18.63953541379235, 20.79988242767456, 24.602026458344827, 60.35842043127335, 65.5323031352081, 74.59597368823624, 82.98249981320346, 91.59220335655876, 84.11341340564158, 75.98206000016188, 67.6919825283627, 28.61390710390898, 19.329764141249726, 10.514009052792654, 7.130050589047319, 15.037048422505064, 15.680497322684577, 0.0, 9.407238863855477, 18.01917838313198, 24.63658694992326, 62.38962546370153, 71.2955979819684, 80.2601707966019, 89.6627074043075, 98.04274763729865, 95.27794053435943, 88.40329458836611, 80.18158996657941, 72.13905319400514, 64.13934517014262, 34.00810489042066, 42.13703534883669, 50.70124217648193, 52.94031052147172, 60.264658108902545, 69.9079514529124, 75.80309236450644, 78.01564267848696, 76.36608371473233, 65.84165557228117, 56.651020737327705, 53.0246235666573, 72.21956826426667, 71.35050237964131, 74.14389825998413, 79.77018938371232, 83.48161646592453, 88.32380673593931, 98.36651909129023, 102.26460288354608, 100.38472810555723, 96.83285375088606, 90.41874368891634, 81.75190881628302, 73.65146444909387, 77.49670681347337, 82.9475272081406, 86.5757946752404, 97.60096835503589, 94.80319274568156, 89.40701775763246, 83.99766903845347, 37.891957487912535, 54.348665121266606, 69.4504784418854, 82.21539337903475, 95.41820336368724, 108.26386001095892, 122.79500755410163, 124.77877547477037, 134.94017971003154, 139.4752454136087, 134.0835572250442, 126.85093867818874, 123.16697633438596, 116.12018305900983, 110.69934451004707], [13.219726081033338, 8.621261912288132, 11.880824167455936, 22.725739505987175, 18.47258575387263, 17.01597113594702, 18.70595564911288, 51.70808584397347, 56.86474501557597, 65.93034583162611, 74.37959586643456, 83.31553857894549, 75.50072604384859, 67.32599701093373, 59.146787659226355, 19.555553981046053, 11.248538253774532, 6.356407065183522, 14.410328500114177, 23.738122918701485, 24.27226271947939, 9.407238863855477, 0.0, 8.721590116771026, 15.311338259308693, 53.49046931879377, 62.579738634144846, 71.80801122406432, 81.52505040147996, 90.27051690591614, 87.17147635011256, 80.0162812069162, 71.56896463959049, 63.340325454278535, 55.219430818073036, 24.697137065561776, 33.33596494663216, 42.81415917675036, 47.06708006872627, 54.24773343378367, 62.86946781697858, 68.2516550520104, 70.13285050491676, 68.10873488140837, 57.05231072812296, 47.55978253253144, 43.838310816475996, 69.26147954930182, 66.63569366729206, 68.34462311081919, 73.22395758707171, 76.3959709392617, 80.9384849574138, 91.04978923679195, 95.68439552412632, 94.22570723325296, 91.25290743700444, 85.71496685912088, 78.21354112710138, 70.45385438464989, 72.31930792432915, 76.67780965766893, 79.73138082179193, 90.43882131779924, 88.44499928781299, 83.62744707142583, 79.05889667410734, 45.72047911320796, 60.48085989353279, 73.5661853229267, 85.04745348419837, 97.22722228457923, 108.33601513777141, 121.77471127638943, 120.1924157096715, 129.6440315693596, 133.76840743974105, 127.73246119188221, 120.31198988256975, 116.33384930443346, 109.31541706306973, 103.86578176088922], [8.632175343724949, 9.954046899723448, 17.06861296796043, 27.83554588296476, 21.580938066029844, 16.91429615106174, 15.231502414123302, 43.235165805577125, 48.386433174568204, 57.46020392482934, 65.93501817655866, 75.04119397229184, 67.01581206019179, 58.82160841708219, 50.72574132701732, 12.14686108620355, 8.248387299858017, 11.793030672570348, 22.334017577613054, 31.60336388574901, 32.04716792582441, 18.01917838313198, 8.721590116771026, 0.0, 6.632071435573811, 45.17687084682937, 54.3577502424405, 63.7167712038093, 73.5673979037403, 82.47785869657551, 79.11066917317092, 71.84202072811307, 63.2973981203377, 54.926509648013514, 46.73880316549372, 16.027915369523548, 25.667910615833424, 36.46471437300604, 42.620334591778864, 49.56357209785528, 57.16498400692265, 61.876404845271956, 63.091450000185894, 60.475666859983164, 49.18379228157245, 39.022619416902565, 35.13230586495305, 67.1653282656029, 63.04366438547295, 63.6790133282751, 67.68476739709905, 70.17341877622263, 74.22955113344796, 84.04412967308276, 89.56329540809823, 88.70896685836377, 86.41399079555812, 81.81665661020494, 75.42523866024236, 68.09859668400432, 68.13364915064122, 71.3359198451695, 73.7043605791416, 83.63081247382426, 82.66989099807738, 78.57725823554937, 74.93038281825775, 52.483466506377106, 65.61390238238394, 76.99404035501476, 87.2959966588619, 98.63639722172128, 108.21159991800116, 120.54852239529858, 116.06899189312875, 124.3504837028828, 127.80778880705871, 121.04400338595389, 113.38947497607234, 109.09225326992477, 102.0992114742517, 96.80997208266321], [10.806746634251914, 15.282020540003739, 22.911269280402806, 33.27438749980325, 26.273529367166987, 20.290348267385657, 16.496039425449073, 37.22420364621005, 42.264603206146035, 51.28495633748798, 59.78601706601434, 69.15874232544508, 60.89226560888156, 52.70185824061599, 44.75631370898471, 7.565369953107645, 10.537736115771027, 17.49391908717281, 28.64973541251697, 38.01258419083755, 38.482253943057174, 24.63658694992326, 15.311338259308693, 6.632071435573811, 0.0, 38.86692270254275, 48.15940513222582, 57.69070249660234, 67.74935884627038, 76.92129800901648, 73.30076866969355, 65.82702664557955, 57.13215124715552, 48.63378869489434, 40.371679692530826, 9.56449541364964, 20.61535089627848, 32.58387455565911, 40.70694064960977, 47.25065700300727, 53.664208363695685, 57.70944068690124, 58.40402211751086, 55.275904324647804, 43.59234923897128, 32.81372471437647, 28.587003700071858, 66.96390335100273, 61.550676163917515, 61.19973626935106, 64.38703000751289, 66.2556217883028, 69.88801261428151, 79.5131001203965, 85.78990555914704, 85.41752377406546, 83.70501317637573, 79.94306692246874, 74.58240926523825, 67.68041052134728, 66.0934334989057, 68.22445408620807, 69.9693968356165, 79.27913014690493, 79.21123714269744, 75.7545360698622, 72.93293294040166, 58.30836699336806, 70.66120624134766, 80.94423270787657, 90.39640301284649, 101.0541350739035, 109.42986127511027, 120.88345036605875, 113.90216250732875, 121.32829103681871, 124.2649037048244, 116.86915396386215, 109.00739554979762, 104.3744632793049, 97.30273230471299, 91.93720883104598], [46.57170182089388, 53.18051703914058, 60.96986096763294, 70.19778846970857, 63.07293620075128, 55.84833919632971, 49.20615376760766, 19.320207060221765, 15.783675673472928, 19.073645973455257, 26.35138984025797, 38.18927377584413, 29.995149142583188, 24.43948475137987, 21.50429299380228, 35.019138449937586, 44.56955628946385, 53.42898941951729, 64.5001463129769, 74.0002357288877, 75.14342223017232, 62.38962546370153, 53.49046931879377, 45.17687084682937, 38.86692270254275, 0.0, 9.699008632133596, 20.154099612492267, 31.77216397773222, 43.35096371992759, 38.799996515095266, 29.237586098247064, 19.511975941702957, 11.506605747489743, 5.399232630194313, 31.43783132146631, 35.33456312440929, 45.10413255012955, 58.472366806268454, 61.53143424805224, 60.33060817605005, 58.8265019753516, 54.475083754348546, 46.77553812323391, 37.201358161029944, 24.116838605128287, 14.710604388228276, 86.30690689765449, 76.53976054719949, 71.4658155