{
	"dissimilarities": [[0.0, 7.366412989067064, 14.759920402522061, 23.146409982623346, 16.69667793437671, 10.432169074746344, 6.601656347584976, 40.88148537734494, 46.93843670326691, 56.287441668562174, 64.5380444162598, 72.53222730773258, 64.85573315997583, 56.71143876504758, 48.31385611862341, 19.334008441152214, 18.031331809540692, 19.16859543277767, 26.026917007281305, 32.55132542628776, 31.811062516699113, 21.15812082481225, 14.211701584435202, 10.143653623703297, 12.15086418925868, 47.0116924452742, 55.827987517019075, 64.61967996837507, 73.59174022545184, 81.35830452620654, 77.94487586694932, 71.70409426799303, 63.793915175005985, 55.44722883596191, 47.50941356699046, 17.52930546347339, 23.725340567493443, 33.53483118552928, 36.17281738754947, 43.82023693253849, 54.07651925008026, 58.48219798793515, 58.57230721712104, 55.86458463452688, 46.647599173912276, 37.029002843508884, 35.3413718259332, 62.04977401427491, 59.52081027954587, 59.961135442196515, 63.86970093661007, 67.3181055226692, 71.56472513455341, 79.34231015010204, 83.6082843514994, 83.03232562493378, 80.63658319104205, 75.70442257234512, 69.48997935516614, 63.04718861551175, 64.63972986447581, 67.59911391925597, 70.83985239663822, 77.59956994151979, 76.83243878205437, 72.66491556446226, 68.71446119887544, 51.2144282039886, 56.27217050419331, 67.69242622568567, 76.31068387352076, 89.15155437017056, 97.91737213934307, 110.84574565404587, 109.78745557070525, 115.39459370454539, 118.5260880977798, 114.80240808510149, 107.83228558552142, 103.98096446076254, 98.07040780593293, 95.28156305305967], [7.366412989067064, 0.0, 7.728201232677826, 17.185152552050326, 11.672637092634469, 8.513910012261933, 10.566030557339353, 48.21059293669941, 54.1971312538379, 63.52890168283932, 71.81719696785433, 79.8764923873203, 72.20541042725796, 64.05236168085521, 55.66959449713066, 22.816111169312553, 18.18877506736498, 15.847782722456191, 20.51299630197522, 26.46133824324613, 25.418768210636237, 14.814085624605726, 9.949397193970798, 11.171797869916597, 16.17569661483217, 53.5408414969296, 62.49315997952769, 71.41283831889156, 80.5260566077622, 88.39377786329493, 85.09639162861123, 78.74258487501314, 70.72381775035984, 62.376832507413184, 54.35548768795207, 23.446324376616687, 29.324408653104157, 37.8170713229181, 39.221030136978825, 46.9700382110171, 57.82873536811083, 62.934182626615154, 63.97148380769936, 62.0215958843684, 52.5945847340962, 43.86628409870584, 42.17259819540078, 63.40159025459968, 61.82702263684831, 63.15209789156055, 67.77316724805209, 71.87214872188112, 76.77362626988862, 85.05272023612466, 88.47300679404042, 87.18051105403228, 84.11234888041596, 78.32810807649031, 71.4440687901097, 64.85773610482943, 67.50730380456446, 71.47469121178756, 75.35582878959562, 82.98450041906891, 81.31003204245002, 76.40125895644206, 71.59892699719369, 46.250967331348896, 52.195082352893785, 64.8675422685045, 74.5815626493542, 87.91119242768309, 97.8889517382863, 111.80887480561121, 112.75377162377968, 119.89514063942173, 123.93165158286908, 120.93523679800974, 114.31620032197584, 110.80400037966821, 104.99884011711256, 101.97481405417331], [14.759920402522061, 7.728201232677826, 0.0, 10.160973757323697, 7.460858607661789, 10.413887890780128, 15.914631476497155, 55.56475575548151, 61.68622813703277, 71.02980268933557, 79.25420952007131, 87.00619293306445, 79.48930256394284, 71.3409721032039, 62.91480692454454, 29.806337162335428, 23.612080460234104, 18.375964009238103, 18.368160716686088, 21.54027568180823, 19.570139364385835, 12.416963455128835, 12.994576136483138, 17.88708135199441, 23.55375212442421, 61.255946081732475, 70.18250604861547, 79.02028279573562, 87.96713335087246, 95.56329123456672, 92.40868906431157, 86.26039709377729, 78.35754231986233, 70.05404195981153, 62.06242348926937, 31.04836514432734, 35.97228208636157, 42.96948542960104, 42.116989180996285, 49.948691964522766, 61.79641289143112, 67.48742009919458, 69.10809953229248, 67.81430004624261, 58.924494233562314, 51.0722309677706, 49.84002999297158, 63.50642974476196, 63.33023913903084, 65.7788249950017, 71.11830266468759, 75.82732197921216, 81.21621401936288, 89.66392339346677, 92.22665490810547, 90.28644159690161, 86.53130879713763, 79.83387869867785, 72.12631348146931, 65.49736887310603, 69.48602994596699, 74.63676038753535, 79.08953786959688, 87.30212265813772, 84.74384102044394, 79.09601552417838, 73.40731306793565, 41.36854293105109, 46.47691866373306, 59.80064578233919, 70.43534897596217, 84.20957966059957, 95.4796994504603, 110.36479903902116, 114.09806720873243, 122.57792650284988, 127.48813239075439, 125.36758938725518, 119.26787358465413, 116.37762549349821, 111.15152160226414, 108.65346709082534], [23.146409982623346, 17.185152552050326, 10.160973757323697, 0.0, 8.998472432795461, 15.968743416960326, 22.179507167351595, 62.708449215266526, 69.13890242291635, 78.46285646849287, 86.43893821918891, 93.31065768193484, 86.2398401144626, 78.18810049767687, 69.70026697220142, 39.81338126945375, 33.56804551081212, 27.34832960576768, 23.20537691905548, 20.908548680705557, 17.30509450513753, 19.004201735081114, 22.712301301946262, 27.918877166900728, 33.35302387945673, 70.08962941516663, 78.76162611981535, 87.19833183510282, 95.50958908981553, 102.26332597211426, 99.34034148707894, 93.87921067750979, 86.441140288237, 78.28767718736358, 70.50447539340142, 40.235165912321065, 43.79437632152304, 49.227152775997844, 44.79105138159751, 52.70100631789731, 66.10198309288424, 72.16019477360078, 73.76327061768183, 72.93738336854337, 65.65823184673233, 58.621675046791765, 58.31475209728287, 61.63282420417842, 63.63282413195268, 67.57055907083188, 73.60001192186127, 78.81253333744867, 84.36845947943452, 92.37034795115844, 94.10723109750282, 91.68739735443627, 87.26303086059505, 79.58858511868473, 70.78918198835278, 64.29279448459434, 70.09544255543723, 76.67952081963419, 81.55022996033568, 89.79909058821833, 86.45561436082595, 80.11538463751167, 73.51703823522217, 37.075698954070745, 37.41463697864196, 50.31726729925719, 61.693354040604305, 76.06117549277535, 88.91424089664959, 104.7415177590752, 112.76722365956057, 122.08613716433354, 127.69487503315294, 126.60360791562243, 121.24668950467932, 119.39893025087684, 115.41465948942815, 114.52807921915502], [16.69667793437671, 11.672637092634469, 7.460858607661789, 8.998472432795461, 0.0, 7.611347994974739, 14.720293689084773, 55.637532696379964, 62.27322354976777, 71.6599813759145, 79.70392861561344, 86.86389468201257, 79.33385241556923, 71.08395155728856, 62.70519215417496, 33.889208300864084, 29.284673313187056, 25.357544197903888, 25.624374399211327, 27.08890796712459, 24.271402888290595, 19.69027478553959, 19.495651493954597, 22.463493353596704, 26.9974494009431, 63.37370830031859, 72.23134853975598, 80.98054330823439, 89.64526840843843, 96.76069774727038, 93.3743319945316, 87.65478705393666, 79.9586822328357, 71.54254754191079, 63.63149600129523, 32.88615654271347, 35.16176715831209, 40.237433273243724, 36.7036043939143, 44.60058018421976, 57.487251425358046, 63.45833267353064, 65.23383117952862, 64.57834316918782, 56.872128634025486, 50.47412082842915, 50.89515928411052, 56.36489777112955, 56.85386333280387, 59.971201695427055, 65.70935204793517, 70.77624415058851, 76.4367579591276, 84.98487217289477, 86.79199056765093, 84.44599259781401, 80.32188706893386, 73.20383570269149, 65.14309557993973, 58.5320621483171, 63.16006284338245, 69.01491935422474, 73.7790963401923, 82.34842821757667, 79.11999885082619, 73.03988946778422, 66.91231488717456, 45.10557508872949, 45.17080933837491, 55.414246844395606, 64.84896167881604, 77.7676576157387, 88.3627088146106, 103.2081373136624, 107.23842448808557, 116.48902489933413, 122.30513435949554, 121.34277222711654, 116.19147151582061, 114.26098930915396, 110.71203497891563, 110.13224532145703], [10.432169074746344, 8.513910012261933, 10.413887890780128, 15.968743416960326, 7.611347994974739, 0.0, 7.409277216676471, 48.14593609166445, 54.81620011897897, 64.20943875463044, 72.2732587888247, 79.59754027088141, 71.89970083460291, 63.60228806222426, 55.25781715167494, 28.33137638221795, 25.663311995126232, 24.18460754486847, 27.752951183942454, 31.51348356203906, 29.433393053219284, 21.708386736100266, 18.037496141654305, 17.911014568479953, 21.108270034610346, 56.148165930642094, 64.98424846286997, 73.76972539384992, 82.51306037566054, 89.77532786748893, 86.19588235524976, 80.38105323529604, 72.63220671974909, 64.15538777563923, 56.25194957097705, 25.865597263347585, 27.919795151427277, 34.00570678691953, 32.199504860183104, 40.18380200721846, 52.378695207725904, 57.83141415074963, 59.02362612205613, 57.817372077222316, 49.803729603138656, 42.895140608156574, 43.4140650889582, 55.02947636714099, 54.03658526169956, 56.03971711087206, 61.108391633262045, 65.62034436225339, 70.8483092632092, 79.28442746156666, 81.86698520269992, 80.13223968829406, 76.66835606276678, 70.44820549328445, 63.21200755757089, 56.62234509971969, 59.876588715049344, 64.59549086866254, 68.8291723420783, 76.89076623685098, 74.46367302712582, 69.07284381215995, 63.81065396785237, 49.92270674710273, 50.713055258464266, 60.12552210225214, 68.43888201894389, 80.75705816093782, 89.85215890050125, 103.63890250454133, 104.71825787775812, 112.68402778408613, 117.74861759053333, 116.08092752745169, 110.56199062943922, 108.17952798411424, 104.38296915236347, 103.68529449393388], [6.601656347584976, 10.566030557339353, 15.914631476497155, 22.179507167351595, 14.720293689084773, 7.409277216676471, 0.0, 40.92795055328162, 47.58633683165596, 56.966418090912846, 64.98755853717012, 72.25784870137589, 64.64807896329097, 56.411842802064704, 48.014626580714584, 24.7549548107243, 24.362712657100627, 25.13349360064446, 30.636184664924908, 35.52855170774346, 34.0449852480809, 25.33574542441112, 19.601001121594862, 16.298550740817113, 17.46830679737673, 49.53801130386328, 58.15117119227948, 66.71396595524713, 75.2518414235643, 82.39511821935497, 78.814811270417, 73.12121011231706, 65.53188877123162, 57.148674900302076, 49.38729499797256, 20.4937674546636, 23.075669936157325, 30.968373508020562, 30.828663007285897, 38.772809559635384, 50.24756225620966, 54.86188297870434, 54.870225552251675, 52.62512917077047, 44.77019058685929, 36.53664121375984, 36.80507437393679, 55.736611048369845, 53.71013642349152, 54.67278164781157, 58.88891377773146, 62.605184926224744, 67.00480037329525, 74.75293125815122, 78.47772313816066, 77.65628625625027, 75.0017040409759, 69.76673153936895, 63.25245573103828, 56.82587705586743, 58.89452399930049, 62.4216115347393, 65.86834622892731, 72.79807929614812, 71.54647353200424, 67.05567110742226, 62.79781754445573, 53.233274438924546, 54.53862953780516, 63.62564115051244, 71.19835299483925, 83.36511536489913, 91.5266461259545, 104.31401355636298, 103.61785665696881, 109.6310208267304, 113.41825513053921, 110.64285043991005, 104.48482522714313, 101.5445395902652, 97.2451480983938, 96.42622899717018], [40.88148537734494, 48.21059293669941, 55.56475575548151, 62.708449215266526, 55.637532696379964, 48.14593609166445, 40.92795055328162, 0.0, 7.568386145759875, 16.472959281010837, 24.271923272285328, 32.63345595575056, 24.10011412325583, 15.897465624707417, 7.797718757768904, 37.18907158866493, 46.156225307579795, 53.722239995206984, 63.52616297175498, 71.18597469954842, 71.23304456934821, 60.3365512423113, 51.70777912394213, 43.26710373849418, 37.295599848102256, 19.363241372596555, 23.501446818207803, 29.787400676949673, 37.23090895229872, 44.55602163305285, 39.604725069284314, 33.98997619349687, 27.287656342972845, 19.723610167628184, 15.148828575708054, 28.86789424009943, 28.219941120105013, 36.15274272067328, 45.243042053337184, 48.245666590556155, 49.8706881960727, 48.07830676394648, 41.36747443714303, 32.6477898664652, 27.66266579233095, 13.901001802395141, 13.030279360907842, 71.37115680825285, 63.848125621043266, 58.702563754362025, 56.970694560123995, 55.06720718912116, 53.73353572448603, 56.89074699905324, 67.04854054666207, 71.4467677036049, 73.87808796722103, 75.10514455226, 74.11255485533638, 69.68970175125143, 64.60137710685635, 60.22920348291887, 58.4314725204964, 57.96491716733328, 64.0423513005411, 65.70903166160768, 67.94270736272618, 86.40201243165448, 89.30294986558995, 95.64721712304016, 99.18219429815953, 108.57051749402767, 110.61693988702132, 117.41283305328679, 103.63521714946152, 99.54432257551576, 96.48907059224628, 87.56902294031909, 78.09069628017193, 71.11863102364084, 63.88184711862103, 62.021618131037265], [46.93843670326691, 54.1971312538379, 61.68622813703277, 69.13890242291635, 62.27322354976777, 54.81620011897897, 47.58633683165596, 7.568386145759875, 0.0, 9.401385832338285, 17.729241793348805, 27.512357191138932, 19.005534400198513, 11.927643975652778, 6.960831490871834, 41.06319013976741, 50.28149224713004, 58.209249542213385, 68.22837277825407, 76.26707426306075, 76.63752630799988, 65.51103594505281, 56.83570756848045, 48.36575908430255, 42.25294357389614, 15.551616177355747, 17.01210556670308, 22.331295837158574, 29.8844273011517, 37.97736493344986, 32.85479491869132, 26.569279526468947, 19.74819563134683, 12.662759912831877, 10.499306360056885, 33.99695835753793, 34.49250006372571, 42.48453731460274, 52.51592586894925, 55.14414701569102, 55.49481771080643, 53.0157719469074, 45.94391657690623, 36.78033694130067, 32.049807989610315, 19.31279017145604, 15.968036462351563, 78.49430998604132, 70.61872793471298, 64.97595235221856, 62.64120855379948, 60.07772084578438, 57.96302533623281, 60.18862124005169, 71.20867231766971, 76.2857118690791, 79.35211527947286, 81.3048352770881, 80.86598385752241, 76.64591861117877, 71.00296226957119, 65.82615896011511, 63.41320263351336, 61.825085904775996, 68.91301438907954, 71.3666899454185, 74.26713322681087, 91.11930907652919, 95.36723306648227, 102.38562632500955, 106.06960025923743, 115.60037555761323, 117.49702546808525, 123.78794953553262, 108.86310973791913, 103.22691675186356, 98.71890373636604, 88.2422335577733, 77.70025872101948, 69.34570193476578, 60.07901726271639, 56.107532588589926], [56.287441668562174, 63.52890168283932, 71.02980268933557, 78.46285646849287, 71.6599813759145, 64.20943875463044, 56.966418090912846, 16.472959281010837, 9.401385832338285, 0.0, 8.572676683582847, 19.804445671601435, 11.571341450894186, 8.47971588850104, 11.48944737807881, 49.56882565129717, 58.895921050356634, 66.98529352836249, 77.04256673472652, 85.15801528749402, 85.66156073168807, 74.57013472357289, 65.90287623583457, 57.44173629223334, 51.27916385413982, 18.943537307111733, 15.15831617988228, 16.203393965117645, 21.992451547239245, 30.049499341992107, 24.253427820184054, 18.01309105940224, 12.74574636837361, 9.650185933335637, 14.100548294442596, 43.04034871179019, 43.24748752293004, 50.250564712576214, 60.411095500166745, 62.30795738524988, 61.1670416054041, 57.63835698659761, 49.722172728535696, 40.08668920471244, 37.221691819482494, 26.991656640727896, 24.229316026642397, 85.30741070171479, 76.99434745161791, 70.69737940436947, 67.4325463496583, 63.87058290089926, 60.50081256848577, 61.163536403197995, 73.24915022941545, 79.33145122092559, 83.34476412169295, 86.43440734119837, 86.9005819793108, 83.13725580335586, 76.65134906731542, 70.34104475284744, 66.96000420192793, 63.5658531388688, 72.0460073048546, 75.68255996858066, 79.64310516014088, 99.48197332371484, 103.87565904350511, 110.552361974847, 113.70290946077444, 122.80302268943399, 123.80779536024973, 128.9927845061069, 112.05982493877298, 104.14913681770842, 97.84759164718389, 85.73140374831677, 74.30708378042641, 64.65925008767348, 54.104566701381614, 49.30523501478675], [64.5380444162598, 71.81719696785433, 79.25420952007131, 86.43893821918891, 79.70392861561344, 72.2732587888247, 64.98755853717012, 24.271923272285328, 17.729241793348805, 8.572676683582847, 0.0, 12.414697315265238, 6.462875256508437, 11.098825352913613, 17.824715370146393, 58.11280091932834, 67.40432860164464, 75.43134934005047, 85.31698593516668, 93.23349999544702, 93.73328039104054, 82.95854340760572, 74.3698579354906, 65.94538558068975, 59.81979892831882, 26.37143219870117, 20.248247382067564, 16.589650021607987, 17.628345193229936, 23.688515894765146, 17.140835767871618, 13.105829804716143, 12.99220605939361, 15.42487931657982, 21.986654790251492, 51.57537707025679, 51.26753299120864, 57.36588624475672, 66.91044778931837, 68.25666342377068, 66.31590718685526, 61.97815268284894, 53.20556314506744, 43.30992382878476, 42.75751457199332, 34.470127317276955, 32.68785056773631, 90.32855167683252, 81.89987425035966, 75.24017869044572, 71.2434444609783, 66.8533401497247, 62.287182542120895, 61.178042482073415, 74.15868897153445, 81.18279901839936, 86.00800984787416, 90.04491830723265, 91.20822376403939, 87.9137903780483, 80.88721950877147, 73.78075570006177, 69.54392664734952, 64.30111939451659, 74.00158418208981, 78.66156092177283, 83.50737353340872, 106.90228704791627, 110.6860826612427, 116.60985562490066, 119.04515983246196, 127.61611627468733, 127.72322214789021, 131.7863897206842, 113.50030390419936, 103.27847688247027, 95.2164025330432, 81.63716828185541, 69.51625357967033, 58.89188660111569, 47.75157221283651, 43.60573707071432], [72.53222730773258, 79.8764923873203, 87.00619293306445, 93.31065768193484, 86.86389468201257, 79.59754027088141, 72.25784870137589, 32.63345595575056, 27.512357191138932, 19.804445671601435, 12.414697315265238, 0.0, 10.227596829800977, 18.210289695142855, 25.13206791310665, 68.40951298228077, 77.33242130105441, 84.80432822591479, 93.92208596309572, 100.94819155299814, 101.22725701092956, 91.62821984769803, 83.39285093801138, 75.17039010246387, 69.32784021998786, 38.3981800454574, 32.28477453640341, 26.674876700013478, 21.745341952380443, 20.088290237320773, 14.68864072002556, 18.89021136456223, 23.917333621445472, 27.665644645330097, 33.82723565043234, 61.226541180702554, 60.111072946421125, 65.1862431042139, 72.34932788156557, 73.35139104208147, 71.85255218260527, 66.90968591421893, 56.756222904663886, 46.593176110563874, 50.015103273666654, 43.3186612713558, 43.20709105969835, 92.73493288158357, 84.98873243640749, 78.5241711563766, 73.9711192072511, 68.80703024598873, 62.656289136413115, 58.45563085239505, 72.54087117421591, 80.81036475972003, 86.43229594167424, 91.27950078113653, 92.82277605105648, 90.19180857414318, 83.19348110989625, 75.79254466902495, 70.60343999776646, 62.54689959967119, 73.68534212424086, 79.39773968122981, 85.05077519881206, 113.1297737505194, 114.64872064760301, 118.78983230151849, 119.9152990718274, 127.68968054560479, 126.75869097474022, 129.29559453087563, 111.28609235281337, 97.57544944497478, 86.88021147146758, 71.32108805630361, 58.21615319414034, 46.81320500606081, 36.39850856514297, 37.8231440126542], [64.85573315997583, 72.20541042725796, 79.48930256394284, 86.2398401144626, 79.33385241556923, 71.89970083460291, 64.64807896329097, 24.10011412325583, 19.005534400198513, 11.571341450894186, 6.462875256508437, 10.227596829800977, 0.0, 8.619098652218169, 16.648317822553306, 59.994003548857336, 69.27397391858268, 77.11708085318547, 86.84572959040395, 94.37540612668406, 94.5802149310158, 84.11383140342963, 75.54422577990088, 67.09957804382631, 61.02259081582566, 30.260279830425095, 25.51303997353951, 22.998839302658318, 23.28520788513098, 26.901891659883216, 20.454798221293064, 18.94234627285086, 19.28114080644973, 20.18762896956304, 25.374840783808793, 52.51132991886148, 50.786259213748366, 55.6960833378153, 64.09596922218861, 65.01279004989146, 63.00032412336306, 58.30860954259431, 48.848956561897545, 38.77774826435061, 40.356005659249604, 33.642597470648575, 33.973395259232625, 86.1180249122283, 77.71179658734404, 70.975439188354, 66.6622835586243, 61.93190390642677, 56.82396324584559, 55.0034989495258, 68.2280868235035, 75.57388983571403, 80.66327194628094, 85.05871794046973, 86.53934989755543, 83.5508998423623, 76.29829474514482, 68.934947646652, 64.32986008467805, 58.316600160289674, 68.40137577306176, 73.43247123588286, 78.65761217842429, 108.03041388395638, 110.01832643908473, 114.52106911076847, 116.06617441635579, 123.85817140541987, 123.0731468298626, 126.52317297484551, 107.54570633534713, 96.86035065554871, 88.89941252973105, 75.83857156699706, 64.39657891408615, 54.658579045093866, 46.21418211588418, 46.11901818919231], [56.71143876504758, 64.05236168085521, 71.3409721032039, 78.18810049767687, 71.08395155728856, 63.60228806222426, 56.411842802064704, 15.897465624707417, 11.927643975652778, 8.47971588850104, 11.098825352913613, 18.210289695142855, 8.619098652218169, 0.0, 8.553045227504118, 52.24521630110823, 61.54885047374055, 69.38325721534792, 79.24746265410144, 86.8438549618219, 86.92306086289207, 76.20741147447188, 67.55170051616255, 59.05951752008356, 52.961732228204056, 25.10447815259925, 23.052369823830347, 24.243107983650404, 28.105201206141526, 33.63507184888204, 27.54783712109756, 23.824698211954374, 20.474773248672765, 17.39418895784434, 19.8524051697624, 44.296251036470906, 42.195117187921966, 47.352404477631005, 56.04952157134472, 57.3050797112154, 55.96030135114575, 51.91913878449632, 43.04438162350234, 33.03815527127775, 32.98082398548701, 25.148494689470958, 26.09364188178348, 79.26477353075326, 70.85422158291478, 64.36945902617848, 60.66281611425366, 56.66156294633075, 52.681740626062975, 52.74776679359634, 65.04528952228202, 71.45701459860743, 75.78097442474453, 79.331886824866, 80.24743963215485, 76.86150591330653, 69.98260221528089, 63.27615808163821, 59.444296566740206, 55.283901863302745, 64.1538353614325, 68.22587325087201, 72.6840637538622, 101.23888425268878, 103.15050585405648, 107.8578411161025, 109.79281810591989, 117.81150550401104, 117.57504818629496, 121.99410078692789, 103.95145107126295, 95.72399921417762, 89.83763681745195, 78.66307924181561, 68.29815193993613, 59.93040742615743, 52.74691907607755, 52.57856078573004], [48.31385611862341, 55.66959449713066, 62.91480692454454, 69.70026697220142, 62.70519215417496, 55.25781715167494, 48.014626580714584, 7.797718757768904, 6.960831490871834, 11.48944737807881, 17.824715370146393, 25.13206791310665, 16.648317822553306, 8.553045227504118, 0.0, 44.883566300853346, 53.87896942366239, 61.40386808551529, 71.0139463938765, 78.4188543763468, 78.43652425337035, 67.9394325862738, 59.408489705587655, 51.01703482668931, 45.084944522981566, 22.285352053568865, 23.263651546866218, 27.051479361625177, 32.6115397783568, 38.74214315873785, 33.452116046725145, 29.02166622495595, 23.95934061466561, 18.25527163072489, 17.15176939912282, 36.64393102213218, 35.14525230639329, 41.553879160065165, 49.85272717986147, 52.058566734915715, 52.59804097939962, 49.686528319296976, 41.554242529517445, 31.877065479460196, 30.01629475932591, 19.233562762690067, 19.807369166717674, 74.21493275992583, 66.4554451549625, 60.77086143460572, 58.085691475478036, 55.129470117024546, 52.359375150521124, 53.73042670473033, 65.0992390218737, 70.59305771016209, 73.95200899096498, 76.27150661057037, 76.09392661373872, 72.20324875336733, 66.3713262999655, 60.95658390685471, 58.104182442462765, 55.570327032166496, 63.12875163008875, 65.98521578850531, 69.30467443634423, 92.89732603038887, 94.88516854790429, 100.18980011944655, 102.8074499471689, 111.53640506190004, 112.49608530088764, 118.08567577337949, 102.75703651370145, 96.38675776270966, 91.79912830803349, 81.71362426826651, 71.73929738444195, 64.22537196677234, 57.17542114712927, 56.64486688911113], [19.334008441152214, 22.816111169312553, 29.806337162335428, 39.81338126945375, 33.889208300864084, 28.33137638221795, 24.7549548107243, 37.18907158866493, 41.06319013976741, 49.56882565129717, 58.11280091932834, 68.40951298228077, 59.994003548857336, 52.24521630110823, 44.883566300853346, 0.0, 10.150692731339323, 19.513220690481052, 31.757591235695283, 42.290832315308684, 43.23921570413014, 28.554852650730083, 19.460498832163196, 11.936344304053058, 7.334304773619924, 35.010440235871386, 44.37271055969226, 54.19523898502896, 64.91683255871668, 74.98178061994778, 71.24264206395084, 63.06719439345716, 53.94484558923776, 45.60475133199436, 37.39576882904241, 10.896137229270336, 23.00108721368164, 35.344384588504546, 46.09299707436963, 51.970493755454854, 57.176752909526336, 60.34098038945696, 60.7467139746134, 57.212345191454595, 44.25504672223987, 32.972413880427894, 26.8413125247635, 75.4080568249541, 69.91964285486031, 67.83684106766938, 70.18237415486958, 72.43893641382813, 76.16987124897835, 84.52779327444583, 90.08607007474659, 90.27170667465485, 89.0754414379819, 85.91512028457421, 81.72044167769069, 75.48910242017365, 74.2414787731657, 74.50073723945168, 76.82194770496272, 83.28579418777926, 83.95693645106078, 81.20042142780119, 78.91671771451544, 62.09165850524279, 73.46007036501221, 86.81076110635072, 95.62599359303583, 108.1103532860848, 115.59263314754449, 127.51676343136367, 120.5535318520024, 125.06255833139195, 126.95583241235664, 121.30253945433444, 112.89076607965343, 106.77996308644984, 97.69817380755634, 90.2302547565683], [18.031331809540692, 18.18877506736498, 23.612080460234104, 33.56804551081212, 29.284673313187056, 25.663311995126232, 24.362712657100627, 46.156225307579795, 50.28149224713004, 58.895921050356634, 67.40432860164464, 77.33242130105441, 69.27397391858268, 61.54885047374055, 53.87896942366239, 10.150692731339323, 0.0, 9.587601989131327, 22.078983110940122, 33.08666162831315, 34.34923123853565, 19.310191251907113, 11.186532446714132, 8.112082874561931, 10.487016659248567, 44.547519930043705, 53.6645271694558, 63.14942379366568, 73.52048670531687, 83.22677191964432, 79.9365022045461, 72.03127623786396, 63.16580858187582, 55.07686191635691, 47.00836420603186, 19.10617196616491, 30.17761411826727, 41.434865121990065, 49.721091250329266, 56.29181416656641, 63.17773385180026, 67.25492535647763, 68.36220486635546, 65.43627266567397, 52.929524165993435, 42.26470079968059, 36.668140434403284, 77.480299279569, 73.42079876484014, 72.60355485069842, 75.91123073557574, 78.96872789904626, 83.32599727409035, 91.8991400451641, 96.71525829099491, 96.22668809361929, 94.22789416326471, 89.93587897911189, 84.65597254915555, 78.17668102719422, 78.4599843035532, 80.14292219489052, 83.1904271114376, 90.35727059984674, 90.1138016401325, 86.44940993984069, 83.07335579826746, 53.532161921961034, 67.00613302226361, 82.29207407032217, 92.56287572091912, 106.02804444668058, 115.33417865590243, 128.51177900501406, 124.97745440167101, 130.80106547198983, 133.35506490354263, 128.2234582056766, 119.95345256792474, 114.21998329511554, 105.04900120919828, 97.38763267046748], [19.16859543277767, 15.847782722456191, 18.375964009238103, 27.34832960576768, 25.357544197903888, 24.18460754486847, 25.13349360064446, 53.722239995206984, 58.209249542213385, 66.98529352836249, 75.43134934005047, 84.80432822591479, 77.11708085318547, 69.38325721534792, 61.40386808551529, 19.513220690481052, 9.587601989131327, 0.0, 12.597692394718967, 23.77211747289974, 25.23580733989912, 10.403905402642847, 6.310332991323596, 11.828573877994845, 17.574968789720167, 53.429694253308405, 62.34476491247414, 71.46594484659269, 81.33914361212629, 90.45688047564525, 87.54524782012462, 80.10215191137422, 71.58323108798427, 63.653010656574644, 55.690199049365, 27.0018703437862, 37.01089341931463, 47.27609237904734, 52.8195189417793, 59.954832006589136, 68.52502031364762, 73.27593195359403, 74.68910435408014, 72.17625058047739, 60.497417806416465, 50.22724359372715, 45.278667128532945, 78.45473709939951, 75.94246317768729, 76.3670173813755, 80.48523361537937, 84.18013066124973, 88.93561092767727, 97.44506427721117, 101.64054733519905, 100.64213476612893, 97.9585148361217, 92.66414088092678, 86.34698974321496, 79.73478151207858, 81.52680024756405, 84.53412324436093, 88.13719789397683, 95.67898816167427, 94.69399179858269, 90.27135756460109, 85.94953814965358, 44.760797636436884, 59.56906297316661, 76.4432692822807, 87.9621575647859, 102.30366701552451, 113.31974612128643, 127.56228250028192, 127.64910288499928, 134.42157249725642, 137.49256862241955, 132.9023912609981, 124.87218273215937, 119.6734402603072, 110.79098165276235, 103.59675724435698], [26.026917007281305, 20.51299630197522, 18.368160716686088, 23.20537691905548, 25.624374399211327, 27.752951183942454, 30.636184664924908, 63.52616297175498, 68.22837277825407, 77.04256673472652, 85.31698593516668, 93.92208596309572, 86.84572959040395, 79.24746265410144, 71.0139463938765, 31.757591235695283, 22.078983110940122, 12.597692394718967, 0.0, 11.609685946064731, 14.013141496669691, 7.28882866033775, 14.625596412848092, 22.57448078274728, 28.88049336462191, 64.53617954033975, 73.08318467465196, 81.62414970046828, 90.74257217862623, 99.0124741081246, 96.66038339390298, 89.87858459610516, 81.8994061126673, 74.28245966241967, 66.5603301167148, 38.23010822326241, 47.4764692399947, 56.911088269560665, 59.37306910725931, 67.00693259589967, 77.35542693893933, 82.6068237131262, 83.9808299758456, 81.6511519031905, 71.15284123746264, 60.95392590823333, 56.412244352470736, 81.87132520458795, 81.35729894154771, 83.18370571657769, 88.05247830061671, 92.27409606182599, 97.19697770932919, 105.24032707634584, 108.9667508774306, 107.60997124513432, 104.28405922519795, 97.96735981224157, 90.46525014586214, 83.83095610618832, 87.39230322507088, 91.79991026875172, 95.8321196094048, 103.36049814559843, 101.80216888656355, 96.7013861265227, 91.44907718887045, 32.775864940870825, 50.15047915591783, 69.56952692424082, 82.83165270763442, 98.46807501878628, 111.84489505886846, 127.27435954204013, 132.3187978311073, 139.64477576414612, 142.90685374275577, 138.6516819640137, 130.73166652563964, 126.06971690608643, 117.3442843270069, 110.64636912379892], [32.55132542628776, 26.46133824324613, 21.54027568180823, 20.908548680705557, 27.08890796712459, 31.51348356203906, 35.52855170774346, 71.18597469954842, 76.26707426306075, 85.15801528749402, 93.23349999544702, 100.94819155299814, 94.37540612668406, 86.8438549618219, 78.4188543763468, 42.290832315308684, 33.08666162831315, 23.77211747289974, 11.609685946064731, 0.0, 4.399646160276418, 15.429819540272465, 24.128131442676075, 32.023979081198284, 38.40460604547612, 74.10612623548596, 82.40928321941817, 90.49213348716157, 98.87756721424967, 106.2057627774825, 104.20031400344328, 98.16971727517088, 90.70765656248878, 83.24357426311441, 75.69324477755598, 47.37880083015679, 55.50644911079114, 63.9738958910704, 63.44795331609855, 71.36579403435194, 83.29710947650216, 88.90990456608606, 90.14044907215755, 88.05996803685466, 78.94966530742842, 69.13817661029456, 65.43527065831604, 82.49031222662089, 83.87843898090834, 86.98637494200074, 92.46689901318057, 97.11669910054957, 102.12649725034498, 109.64683195321331, 112.81847604057684, 111.13980925139022, 107.25341561881216, 100.07213375651202, 91.55842883147236, 85.0325750782626, 90.18873359659263, 95.85117619062915, 100.21769292789091, 107.64158508154038, 105.51641729859993, 99.83776087226072, 93.80413465826138, 22.444107918414808, 39.93425300515822, 61.04546307850769, 75.57535488512886, 92.1337106745979, 107.42850555530057, 123.74567866477524, 133.3873140712129, 141.16986049405764, 144.76111707295215, 141.15597778862602, 133.686965713875, 129.87528800287197, 122.02493063986046, 116.7249108957427], [31.811062516699113, 25.418768210636237, 19.570139364385835, 17.30509450513753, 24.271402888290595, 29.433393053219284, 34.0449852480809, 71.23304456934821, 76.63752630799988, 85.66156073168807, 93.73328039104054, 101.22725701092956, 94.5802149310158, 86.92306086289207, 78.43652425337035, 43.23921570413014, 34.34923123853565, 25.23580733989912, 14.013141496669691, 4.399646160276418, 0.0, 15.87399992590239, 24.49504742468308, 32.32963387454771, 38.74427111317376, 75.15685930193109, 83.57115677349654, 91.73487994450606, 100.08322286132467, 107.23685141827144, 105.08169522072883, 99.20685963131737, 91.75820337196579, 84.1346223744052, 76.50559995688768, 47.49087484631161, 54.721290247192464, 62.491109767313844, 60.920187359348745, 68.8384747822435, 81.21205235328603, 87.01271329489744, 88.40365369865907, 86.65898837216989, 77.97528697071135, 68.76830750323704, 65.77905779918925, 78.91971173491655, 80.74066584930972, 84.2240392521544, 89.9358001694235, 94.80045080410707, 99.9932550625337, 107.61001430426238, 110.34974484675939, 108.41039337841228, 104.2857109910126, 96.82812704906686, 88.09358012130251, 81.59616456293958, 87.15273912747791, 93.21872071883668, 97.78149135544405, 105.44709565824921, 102.92857615431822, 96.98654661687007, 90.67713596722304, 23.27015944225121, 37.12077501170334, 57.371775681167456, 71.72685988417092, 88.06956311780556, 103.34404147457985, 119.80697136961967, 129.97466695693797, 138.3084343337503, 142.4477647680168, 139.5027771884353, 132.54290649541113, 129.25247441618836, 122.27861505950787, 117.9923284529148], [21.15812082481225, 14.814085624605726, 12.416963455128835, 19.004201735081114, 19.69027478553959, 21.708386736100266, 25.33574542441112, 60.3365512423113, 65.51103594505281, 74.57013472357289, 82.95854340760572, 91.62821984769803, 84.11383140342963, 76.20741147447188, 67.9394325862738, 28.554852650730083, 19.310191251907113, 10.403905402642847, 7.28882866033775, 15.429819540272465, 15.87399992590239, 0.0, 9.441745658417725, 18.09569069646459, 24.711736813682904, 62.338671546192586, 71.26243538216089, 80.22237293808779, 89.6602381555006, 98.08582845333858, 95.26421852478636, 88.38217540003669, 80.14500854485955, 72.11480257318775, 64.12038448069646, 33.9574990811155, 41.93081308237576, 50.52083537940932, 52.77171826797976, 60.2790011158404, 70.60444690871743, 76.09803012637285, 77.97043960267214, 76.21190714246197, 65.6446271820726, 56.48702290393539, 52.98208705478157, 75.46655318544474, 74.63302385569688, 76.4442171743279, 81.4565468594127, 85.90325580127926, 91.20382528763164, 99.81466430691263, 102.98242695794102, 101.25790683192432, 97.75429887943216, 91.36132302082397, 84.00944192948606, 77.34547884937389, 80.75012784642871, 85.2461737568566, 89.51994909885295, 97.67439778589504, 95.62293539771443, 90.29685124762294, 84.92110579673148, 37.631814600113536, 50.884876848791194, 68.07534565396986, 80.33517492505085, 95.02944546899596, 107.33351832230424, 122.55316704952972, 126.07400835435938, 134.28854077357786, 138.4512729383568, 135.11029749896105, 127.91037963992015, 123.78201641881351, 116.23940780848476, 110.71630217610969], [14.211701584435202, 9.949397193970798, 12.994576136483138, 22.712301301946262, 19.495651493954597, 18.037496141654305, 19.601001121594862, 51.70777912394213, 56.83570756848045, 65.90287623583457, 74.3698579354906, 83.39285093801138, 75.54422577990088, 67.55170051616255, 59.408489705587655, 19.460498832163196, 11.186532446714132, 6.310332991323596, 14.625596412848092, 24.128131442676075, 24.49504742468308, 9.441745658417725, 0.0, 8.753393791729987, 15.349687439042563, 53.431517194923686, 62.539742953684865, 71.7777212020141, 81.55118688699099, 90.35275759787028, 87.17706648349258, 80.01510700120039, 71.53616085453392, 63.309252972567236, 55.1901842018704, 24.632431895264382, 33.121403382819274, 42.61207864075806, 46.971695438442175, 54.23885219891979, 63.48305052827141, 68.49756185003824, 70.07472127938301, 67.98440019415033, 56.84112422152309, 47.41053152620857, 43.78747849662231, 72.18677045715877, 69.88973918420766, 70.62229680146068, 74.99510846556545, 78.94490393930522, 83.94186613780667, 92.6424103348483, 96.35191210237863, 95.07644456952734, 92.16014521743713, 86.62470886842887, 80.14722048017312, 73.52309571400019, 75.57864393901872, 78.96793635477077, 82.79486175009546, 90.66866722799193, 89.23510988990024, 84.52890269086745, 79.95552439125235, 45.54736830681863, 56.996472759290796, 72.23988501736738, 83.0710345801237, 96.87374761910196, 107.38332979166115, 121.55703148718388, 121.60661042802442, 128.9318299146283, 132.66763984642148, 128.91186671054, 121.56133486782088, 117.06708128970996, 109.4917863300221, 103.91997022075124], [10.143653623703297, 11.171797869916597, 17.88708135199441, 27.918877166900728, 22.463493353596704, 17.911014568479953, 16.298550740817113, 43.26710373849418, 48.36575908430255, 57.44173629223334, 65.94538558068975, 75.17039010246387, 67.09957804382631, 59.05951752008356, 51.01703482668931, 11.936344304053058, 8.112082874561931, 11.828573877994845, 22.57448078274728, 32.023979081198284, 32.32963387454771, 18.09569069646459, 8.753393791729987, 0.0, 6.630185857789807, 45.092570356776626, 54.3028819383323, 63.691195139526364, 73.62621662465607, 82.61582717791691, 79.1509073306927, 71.86238958836472, 63.265875392516904, 54.88667038875224, 46.69444855204447, 15.912804450491148, 25.383087427562412, 36.190845751553994, 42.56000504870626, 49.5306329327542, 57.72668601895986, 62.072986382870226, 63.003592711002526, 60.34853117555787, 48.91119849141174, 38.849589493064684, 35.05668884906288, 69.80138439993446, 66.23102452810261, 65.89808859898153, 69.51819518951947, 72.83452126811719, 77.31481891542286, 85.8086025221992, 90.2281996285461, 89.56434295470372, 87.32615181389693, 82.720783344672, 77.09617812082479, 70.60434448814982, 71.36478634950133, 73.59587827970333, 76.82989631497605, 84.09480693014741, 83.46641061612195, 79.50187334440388, 75.8286125940544, 52.44685082865058, 62.259926272676786, 75.81492069666228, 85.33739617223884, 98.38109131616919, 107.31307913753402, 120.40256531360703, 117.56455448013892, 123.63264261807826, 126.69670996194549, 122.38371361132931, 114.8143334163861, 109.96727010265356, 102.37173683248639, 96.93480962748673], [12.15086418925868, 16.17569661483217, 23.55375212442421, 33.35302387945673, 26.9974494009431, 21.108270034610346, 17.46830679737673, 37.295599848102256, 42.25294357389614, 51.27916385413982, 59.81979892831882, 69.32784021998786, 61.02259081582566, 52.961732228204056, 45.084944522981566, 7.334304773619924, 10.487016659248567, 17.574968789720167, 28.88049336462191, 38.40460604547612, 38.74427111317376, 24.711736813682904, 15.349687439042563, 6.630185857789807, 0.0, 38.79659672756849, 48.11720670436351, 57.68531825273708, 67.839889951804, 77.09321990091368, 73.36241111834909, 65.87401442327862, 57.11831187824708, 48.60580087500154, 40.33881247572035, 9.465553176371415, 20.350624027841924, 32.3241283145588, 40.72144875060113, 47.220205422964725, 54.18785265542664, 57.89498488528962, 58.32535838947285, 55.18755083658115, 43.327790349277656, 32.674392760805915, 28.52802174906879, 69.30718771208763, 64.65453709322436, 63.36990626472142, 66.29358999965548, 69.03304257413225, 73.06950640969352, 81.42639541640716, 86.4337448115705, 86.2698463403452, 84.61626979943983, 80.82877226115043, 75.98955764409793, 69.65886941021006, 69.28208595867254, 70.46130718660737, 73.17282341577757, 79.93905303904982, 79.99990880950173, 76.69474229196204, 73.81578627200425, 58.27295732704581, 67.32215450423338, 79.78242493244326, 88.37843435571142, 100.79923833345838, 108.5130208271802, 120.73794364430054, 115.4694709293211, 120.56980988274599, 123.09607998842831, 118.30484962008975, 110.53449774085092, 105.32683911271515, 97.6086516889423, 92.08491297343984], [47.0116924452742, 53.5408414969296, 61.255946081732475, 70.08962941516663, 63.37370830031859, 56.148165930642094, 49.53801130386328, 19.363241372596555, 15.551616177355747, 18.943537307111733, 26.37143219870117, 38.3981800454574, 30.260279830425095, 25.10447815259925, 22.285352053568865, 35.010440235871386, 44.547519930043705, 53.429694253308405, 64.53617954033975, 74.10612623548596, 75.15685930193109, 62.338671546192586, 53.431517194923686, 45.092570356776626, 38.79659672756849, 0.0, 9.677574890761889, 20.174395946807945, 31.912565544445435, 43.514651683251124, 38.79388154120139, 29.31994767941749, 19.510285948931784, 11.442646440019242, 5.30229304032265, 31.42865118789219, 35.319572212476764, 45.059528572268086, 58.58420528218655, 61.499264821240466, 60.68998875172373, 59.02853416575249, 54.46624799756783, 46.8100917342781, 37.107953825862644, 24.132911581323004, 14.70347136389533, 87