{
	"dissimilarities": [[0.0, 7.676888340838948, 14.673028321668603, 22.068876758506626, 15.968743866010316, 9.695683120144398, 5.285858664472784, 41.006176482647795, 47.08135301154479, 56.55894476203587, 64.76327762141321, 72.8278870337637, 64.96776898972111, 56.718456757492035, 48.38931119474207, 19.640876407943942, 18.53769631687373, 19.71432695854373, 25.976831978684757, 31.347527414262792, 30.777065998993496, 21.292061649052545, 14.270783164768496, 9.642871235956328, 11.690619608670792, 46.65368896346673, 55.664466755722536, 64.85004987031955, 73.84328003507221, 82.25643761366555, 78.54041839657732, 71.95149104396735, 63.97074984268743, 55.286323529730105, 47.43101755612361, 19.708529442581398, 27.529445269464002, 37.799926131995505, 38.193772850984566, 44.10281194920744, 51.978375140920676, 56.48005822244791, 57.991219614434364, 55.9309512308935, 46.83327942850335, 37.12418615585345, 35.15149780493917, 56.28046852196072, 54.56878967829768, 56.29864405442114, 60.66963255783548, 64.12948245764329, 68.00741907062158, 76.48158645084425, 83.02137613671961, 81.35731826795886, 79.87796630652345, 75.95740044390762, 69.62718694936582, 56.992527374213516, 58.7436077960566, 63.64054095981299, 66.90700782562266, 75.89436129026525, 75.21462859607799, 71.99700813488266, 67.9412555775715, 49.23020332541613, 54.42975991574264, 65.20987690027285, 74.6912088228115, 85.5616138066203, 97.45456582450781, 107.85178464198307, 109.54476620745938, 118.81723487466331, 122.24373283357468, 116.65435662338366, 109.21697997539357, 105.06544262146865, 99.75520071713754, 95.97227672871006], [7.676888340838948, 0.0, 7.511310383189475, 16.27017999859999, 11.32740808402739, 8.426655805101216, 10.483733754631265, 48.43703631879368, 54.33174234529878, 63.69659574747097, 72.07930418037046, 80.33976791214401, 72.38502581623999, 64.09811131072598, 55.81390205798936, 22.110092888725905, 17.38576819792864, 15.146802047592388, 19.528869495243857, 24.57272932375857, 23.94985055341659, 14.130623153575538, 8.669872754392015, 9.642693201327774, 15.085164998774227, 52.89573452626423, 62.047591282564596, 71.34491407197629, 80.60444199547771, 89.27902293397864, 85.6874277145712, 78.84685954043759, 70.6701161376036, 62.07123135074127, 54.05094202211917, 24.951992562111844, 32.30201323122602, 41.67588495690588, 41.67150733823065, 47.933493952546975, 56.44460626150734, 61.62923308171734, 64.01074413665633, 62.57236712552877, 52.93265507579117, 44.01192103499702, 41.83219858219103, 58.37929552395899, 57.71862532045625, 60.20732332917378, 65.36011626444186, 69.47526304846599, 73.96163354131303, 83.17323268498568, 88.76905595701291, 86.42143948801659, 84.26578376992227, 79.52221385412932, 72.42277577409246, 59.448890599261176, 62.50291940629067, 68.32040150837335, 72.24864998152044, 82.40933238351668, 80.60824710831845, 76.61682780253777, 71.78028520852908, 44.084102528955746, 50.85051471889617, 63.32800414379053, 74.01720003150993, 85.58878778588821, 98.75792851315423, 110.14387178889794, 113.59724567374556, 124.36268796975018, 128.60281813837153, 123.65004793119736, 116.43336563904195, 112.46750058783002, 107.0326253957656, 102.6934094289433], [14.673028321668603, 7.511310383189475, 0.0, 9.552669017618113, 7.402645778419835, 10.447083799522908, 15.942848199655323, 55.655181293679654, 61.69453653515431, 71.11261191485741, 79.40940657843542, 87.45922494750795, 79.63186136287347, 71.35356476792596, 63.03141905898336, 28.73413745816766, 22.44002396340309, 17.34878447635848, 17.40056826452062, 19.810017481302186, 18.25667419545419, 11.244370583046926, 11.295988539022913, 16.294013765094864, 22.24447488043557, 60.39161800474521, 69.55552207593777, 78.83459987287543, 88.0109630605092, 96.43441122937374, 92.95540461470937, 86.28692548874712, 78.16895707498277, 69.56808816997585, 61.555641694457954, 32.08561236717356, 38.16161649529371, 46.087947706142764, 44.33488798038543, 50.55080933735769, 59.91967495293532, 65.73622020226706, 68.79716007966731, 68.08646388561591, 58.82938071201141, 50.89500478988025, 49.234068854621206, 58.106792948889115, 59.097189622618394, 62.65047256775698, 68.62854916952047, 73.370498852388, 78.3542236398585, 87.98377225591672, 92.41001454109296, 89.41793095515824, 86.53203184728075, 80.87352868328684, 72.8123297696969, 59.60110342216357, 64.45344988869215, 71.3345762812917, 75.87952546783892, 86.97264395667968, 83.96359828737744, 79.20464679095767, 73.4831545743873, 39.695077333289504, 45.732926222072976, 58.83170026594339, 70.34575869859508, 82.43884696978427, 96.7759230800765, 109.13914639789927, 114.91275375374069, 127.01405911328948, 132.214675988279, 128.259643675042, 121.52329754127811, 118.17084026624167, 113.34589621336193, 109.53055528354453], [22.068876758506626, 16.27017999859999, 9.552669017618113, 0.0, 8.77317030167396, 15.608804989879943, 21.835558200842407, 62.352352675472424, 68.73769319734076, 78.31749982727958, 86.21645879510709, 93.517286826843, 86.2171371448792, 78.08272221343705, 69.6877001677016, 38.155188506620206, 31.870520349126963, 25.903221050375297, 22.327423103674214, 19.784495652137384, 16.263604851642146, 17.198704163186537, 20.472315194917503, 25.62541652825081, 31.333408061924068, 68.66878666407858, 77.66490125771551, 86.69263322083238, 95.30559093579451, 102.78656423574343, 99.52719186655368, 93.58742671311455, 85.88617092956585, 77.27812281757346, 69.48552627153913, 40.67626913773044, 45.49120427579844, 51.88021150203716, 47.02914236830529, 52.65004745854059, 63.08798244542065, 69.35064808287083, 72.67092006429615, 72.65535897849344, 64.91388844869641, 57.853393797240734, 57.10457496012953, 55.51153219175112, 59.21186511143916, 64.2284109795075, 70.98602492740042, 76.19847487556416, 81.39142352634506, 90.74086357967927, 93.9051467561945, 90.47348739997925, 86.87888705089775, 80.24475476977217, 70.90533709705991, 57.576022244195045, 65.04013973950944, 73.09294739071032, 78.07660579950472, 89.43796990593421, 85.36901396581837, 79.98325836269133, 73.2948473272812, 35.93871516548177, 37.43279032146435, 50.014379537429456, 62.1803157342031, 74.94568932016155, 90.59144982027463, 104.05623417661954, 113.2953303354868, 126.07343095465492, 132.14175641268307, 129.44837607730645, 123.38792627658641, 121.03902251273023, 117.48988770821087, 115.3271587009449], [15.968743866010316, 11.32740808402739, 7.402645778419835, 8.77317030167396, 0.0, 7.512446021695666, 14.683972194807714, 55.49086731636948, 62.06043812161072, 71.66298703150494, 79.59267646137982, 87.21359188190922, 79.42484745486371, 71.13720928675646, 62.771444017639986, 32.40754121227177, 27.784033443569097, 24.10182402454333, 24.650834358625616, 25.67388585650799, 23.148625792586174, 18.419444896389194, 17.677731466592483, 20.508004334117057, 25.236396694342126, 62.103460750270166, 71.25750898615345, 80.60733644064348, 89.56201545809537, 97.54728513293507, 93.80694199039912, 87.52679032283349, 79.56935575047012, 70.70631373756798, 62.847870983989765, 33.39606458745018, 36.968000491100895, 43.128581923685026, 38.93504986353142, 44.84747767842518, 54.883010881016254, 61.05861037627658, 64.50770406178054, 64.55159036303695, 56.34663643088782, 49.91747543278072, 49.92983016169963, 50.84521062141788, 52.50625317687627, 56.71121300944739, 63.15609179416415, 68.26623296657873, 73.5497112599673, 83.50303012333342, 86.86024793139593, 83.45319109045043, 80.16882585383004, 74.10032425707882, 65.68827976562916, 52.437443930358015, 58.085583391345935, 65.57157764475804, 70.46476473555359, 82.2478948404588, 78.24515211826153, 73.04124606585822, 66.87399187656361, 43.795560670503704, 44.95214601614531, 54.74115954060333, 64.97162423676224, 76.1510258287223, 89.90973967516237, 102.10509478536964, 108.03074611668275, 121.03711264896322, 127.20056668753482, 124.38240301709101, 118.45079467253748, 116.14424132195687, 112.97688079206146, 111.0264810694817], [9.695683120144398, 8.426655805101216, 10.447083799522908, 15.608804989879943, 7.512446021695666, 0.0, 7.483438682536592, 48.08110677865397, 54.67177268575483, 64.2693777235979, 72.21148503554352, 79.98995131859604, 72.026359010571, 63.70006893777511, 55.349362355200306, 26.889170844682916, 24.259701156693275, 23.07381893417102, 26.804019710103443, 30.06376269854281, 28.31557522597605, 20.75217730083176, 16.480532845660694, 15.950379573081353, 19.29049422436328, 54.90649001096322, 64.04380053385157, 73.44295116182768, 82.45767685188292, 90.64376889089048, 86.70581600655356, 80.30318704603741, 72.30139621024914, 63.36943291314035, 55.54003364889878, 26.431988949904824, 30.21594354728568, 37.44322170593721, 34.63931917424655, 40.67372375039347, 49.97560146041768, 55.60974600769805, 58.48596227002462, 57.95217487980452, 49.454900569874496, 42.45471836112636, 42.51852537132296, 49.979105323348016, 49.72887278936442, 52.83363329653012, 58.504963686402775, 63.058781738072, 67.93543855003155, 77.64922607451756, 82.03755082381133, 79.20459460938233, 76.62393312036592, 71.47669727060087, 64.0967096360177, 51.07744701833945, 54.7381693829891, 61.189551989701464, 65.52788106326688, 76.599085349741, 73.63832930072117, 69.14383905414041, 63.85597138934495, 48.45553343845135, 50.297136762544184, 59.24083221553663, 68.40957197191946, 78.84322672827676, 91.1942790908004, 102.27264878355834, 105.58613310624283, 117.43001042391722, 122.80045578853925, 119.15516120719158, 112.88049601480732, 110.14371977081073, 106.68871987706693, 104.56324701811184], [5.285858664472784, 10.483733754631265, 15.942848199655323, 21.835558200842407, 14.683972194807714, 7.483438682536592, 0.0, 40.83567745444267, 47.412954157292226, 57.04283018731876, 64.91478594664109, 72.6101819054008, 64.77754057199697, 56.514040162480256, 48.13690078378518, 23.351720361084894, 23.12189314787394, 24.249722401191192, 29.871170882051224, 34.25158487032288, 33.0448745587921, 24.598037881264393, 18.309854998117434, 14.25387022672249, 15.40888788364248, 48.21936513687214, 57.170005506087065, 66.37851639904174, 75.15558299995287, 83.1829158250224, 79.25366022306024, 73.004816999114, 65.18228900134258, 56.297295322504795, 48.61422986974145, 21.184739800050455, 26.319303452544446, 35.1993247938711, 33.71554611161255, 39.44093027501259, 47.82906953698243, 52.58472428845065, 54.345260204158826, 52.84169504787825, 44.58456072877899, 36.148542644641, 35.830664049519164, 51.01147081413608, 49.51434648054059, 51.596891080110794, 56.254840912401214, 59.95894270272776, 64.05155434359172, 72.79898263751274, 78.6195468287776, 76.69152465476137, 74.97993089309306, 70.84570635107941, 64.36468004144709, 51.71618184787669, 53.78373791382027, 59.038873583415004, 62.526264019968835, 72.02782356078414, 70.66698697540757, 67.17516091570815, 62.87101933238267, 51.660247113701935, 53.97280242532391, 62.6234499110108, 71.13784802847765, 81.30006621893735, 92.64352281739788, 102.81772407943673, 104.42116234990023, 114.27403483659401, 118.38307831423518, 113.61581826673503, 106.77855177910098, 103.43788271356144, 99.45424125438912, 97.18893617729768], [41.006176482647795, 48.43703631879368, 55.655181293679654, 62.352352675472424, 55.49086731636948, 48.08110677865397, 40.83567745444267, 0.0, 7.597005003298405, 17.023028615185197, 24.199032690836987, 32.789744220711896, 24.013867562091388, 15.745864358508777, 7.391638946387262, 37.498516101610925, 46.4894054825755, 54.00415667464453, 63.47505325862965, 70.52742471513278, 70.72121966386733, 60.50141528083859, 51.90280298754341, 43.384505819967146, 37.369916799419734, 18.169288191430503, 22.693708008200115, 29.95649754730511, 37.34168609888685, 45.78053973080495, 40.36295405433399, 34.13163774823454, 27.363339803735855, 18.765150891021154, 14.730565826592983, 28.77270151788064, 31.172829537432293, 39.869033244510604, 46.57811811138759, 48.56776683334405, 47.966371281632114, 45.944685033927065, 40.63895371990972, 32.666510666008364, 27.991821077208556, 14.092047552539835, 12.589324611447037, 68.85304201996472, 60.360096520811176, 56.02865592788223, 53.662062197770695, 51.42537979380838, 49.973342358394135, 52.24750777641768, 66.3057532039072, 69.59541866758127, 73.11116320359451, 75.3760390132325, 75.42306128256942, 67.40540168406552, 59.83308395969191, 56.819181287689425, 54.67188180376302, 53.646553547975536, 62.18311890759824, 64.97007060183593, 67.21708818726609, 85.14405744287797, 88.5768365484211, 94.18843568883703, 98.57823070081974, 105.38461854846396, 110.12280173748542, 114.32960484561987, 103.4117692267082, 103.39646584298708, 100.77924422736453, 89.63214309366903, 80.02842684212028, 72.86256548131651, 65.98400766219163, 62.665016123020564], [47.08135301154479, 54.33174234529878, 61.69453653515431, 68.73769319734076, 62.06043812161072, 54.67177268575483, 47.412954157292226, 7.597005003298405, 0.0, 9.71591893980446, 17.822746968056585, 27.664973099662287, 18.549237215540643, 10.762536435921692, 5.373830557475739, 41.35057347749389, 50.5909143952929, 58.4645336343451, 68.1518869688756, 75.61045182885444, 76.13876308421598, 65.67527461900121, 57.04128535537243, 48.51735147088231, 42.361542647330886, 14.352990321473253, 16.103209141699338, 22.476645522370728, 29.959432205111646, 39.413496690531915, 33.76618429946683, 26.702754724708985, 19.79118357906495, 11.507307283587634, 9.916877297358681, 33.68057966401906, 36.80292513213505, 45.54700495106875, 53.55439186386197, 55.452758068528574, 53.94784267504466, 51.2503925748428, 45.39042182383774, 36.83366896743995, 32.34608675101942, 19.468649800751177, 15.667949874429425, 76.20748420443242, 67.27770699495332, 62.40452857789806, 59.36319302898582, 56.47059145093724, 54.29521847986272, 55.34087012233726, 70.5056140290316, 74.4894000948023, 78.62875901786242, 81.59363102697131, 82.27816077427786, 74.65887666040118, 66.40710015878894, 62.581817934833964, 59.82368189700421, 57.16209297376646, 67.10516178023998, 70.6359112721002, 73.57312809289849, 89.90975516212421, 94.70338372459413, 101.07495817994034, 105.65611622129275, 112.57474260503756, 117.05935915049342, 120.82159656460803, 108.68196159156439, 107.08312748255246, 103.0194236842448, 90.33229718265966, 79.87015873436212, 71.26114400731892, 62.32175749002463, 56.788325987728946], [56.55894476203587, 63.69659574747097, 71.11261191485741, 78.31749982727958, 71.66298703150494, 64.2693777235979, 57.04283018731876, 17.023028615185197, 9.71591893980446, 0.0, 9.434780942382977, 20.9916933709716, 11.533507196355712, 7.394163606700422, 11.273707697603793, 49.3815982043975, 58.791261280257025, 66.93339951931856, 76.79264157822348, 84.5267274290457, 85.25793930609565, 74.61875236299795, 65.95982341391681, 57.456575275727296, 51.206239577922624, 16.914676131008182, 12.66795596441044, 15.160721785310981, 21.649138711341703, 32.16336736085108, 25.757038727838474, 17.75185253924702, 11.564323247304229, 6.673089924457336, 12.697848914914486, 42.293057250494066, 44.90600557174554, 52.770982993976055, 61.66751819364069, 63.117096592982236, 60.281404385830164, 56.57651349802956, 49.91707888717883, 40.87798538102692, 37.62697521318583, 27.200715252666537, 23.730475850691025, 84.35745740112185, 74.69392337481739, 69.03228464974862, 64.96850064218137, 61.123425331156874, 57.917197479318915, 57.29124808240719, 73.62452726392736, 78.53944507503994, 83.56147966764381, 87.59777328827653, 89.35923898024949, 82.58072818401473, 73.19313331188158, 68.14231544092486, 64.4866540799481, 59.618657874433325, 71.28088199237534, 75.87150890623417, 79.86041927241486, 98.54143816205315, 103.94211102731913, 110.29101280217327, 114.52074909753735, 121.04080799338558, 124.61648987471877, 127.40586929759047, 113.03624452414711, 109.41779579901534, 103.70466233880742, 89.38990649652237, 78.23929218588835, 68.26294346695892, 57.68372133061553, 50.44423777718614], [64.76327762141321, 72.07930418037046, 79.40940657843542, 86.21645879510709, 79.59267646137982, 72.21148503554352, 64.91478594664109, 24.199032690836987, 17.822746968056585, 9.434780942382977, 0.0, 12.159424341032922, 4.2073601294785785, 9.609532406325295, 17.242567651554857, 58.643039503416496, 67.9870375205738, 75.97686591463982, 85.6135928926423, 93.01556674644421, 93.59140505776507, 83.36067722002802, 74.78034990083464, 66.28367927227781, 60.11583391459078, 26.141997861469598, 20.17372245546481, 17.76605949140557, 18.607024430001402, 26.130414425555553, 18.946928582058412, 14.099009852888322, 13.913597911852204, 14.941009814126256, 22.086313986534787, 51.21126703456678, 52.86043427931623, 59.478272821939186, 67.38267519120427, 67.98195493904035, 64.30751685613924, 59.64836357677475, 51.85264671463644, 42.527373837435356, 42.47924132166715, 34.34348576869502, 32.651412574061006, 88.38359884775599, 78.65508820120449, 72.6289059836542, 67.6496376917399, 62.81633945226747, 58.31605991186241, 55.04941398226489, 72.46260568440623, 78.54399237166457, 84.45286685093058, 89.5032087571516, 92.14511346394545, 86.41547276956423, 76.44771633057901, 70.37067380590987, 65.69435587385478, 57.814413346972806, 71.38325640631558, 77.17048051840656, 82.12777424788322, 106.22247532888758, 110.36877020287733, 115.46704681474813, 118.68936542055307, 124.43162609565259, 126.69371711463464, 128.29152000328227, 112.34776605479439, 106.0081819248811, 98.57894541346197, 82.95539898490348, 71.38682618222673, 60.7247587260211, 50.23940132951372, 44.86837311583349], [72.8278870337637, 80.33976791214401, 87.45922494750795, 93.517286826843, 87.21359188190922, 79.98995131859604, 72.6101819054008, 32.789744220711896, 27.664973099662287, 20.9916933709716, 12.159424341032922, 0.0, 11.418172058403131, 19.167472363966617, 26.032085089685186, 68.86764923536312, 77.84840185298494, 85.3465382725895, 94.35474919092525, 101.00737784470378, 101.31490656819582, 92.04062488216489, 83.75048595138432, 75.3918658279821, 69.53169886777334, 37.77533117967768, 31.710106559585086, 27.063807427448896, 21.908083663170657, 21.0601303410761, 14.858723893163976, 18.8213298964214, 24.0020091578458, 26.687434663360076, 33.5680148493214, 61.177131925100916, 62.54407365307608, 68.35966848421988, 74.13423069934147, 73.83764990729603, 70.1019088505354, 64.83271901448283, 55.923843604409605, 46.67299204414794, 50.4568160807832, 43.61924372280057, 43.137540532019315, 91.9498314989195, 83.13250450253436, 77.35943344191223, 71.84027248754984, 66.21641188793629, 60.36935803005265, 53.368926829958056, 71.71236992461488, 79.17270127337183, 85.85087876051394, 91.65128314883071, 94.68445081758422, 89.94660731267541, 80.36739154961721, 73.76720970738667, 68.14828017385015, 56.49344054526341, 72.10722108683916, 79.08155131820435, 84.69661945230195, 112.55993936072566, 114.74793273789787, 118.30299795766533, 120.38898734436957, 125.46916358950854, 126.51400679758551, 127.01047764187034, 110.9366076191972, 100.60192385450833, 90.66412137812718, 73.23471733793329, 60.797367137578746, 49.10898154540414, 38.89378700288992, 38.35940618160498], [64.96776898972111, 72.38502581623999, 79.63186136287347, 86.2171371448792, 79.42484745486371, 72.026359010571, 64.77754057199697, 24.013867562091388, 18.549237215540643, 11.533507196355712, 4.2073601294785785, 11.418172058403131, 0.0, 8.635207114832278, 16.719284746577944, 59.675318509577785, 69.07254291218067, 77.01110158047358, 86.64125864593129, 93.87475246259285, 94.25759286811672, 84.099333801022, 75.48338169631347, 66.94342439562477, 60.76818175903033, 28.23053199479147, 23.201154232614957, 21.771447627846385, 22.495274644408966, 28.601941571930777, 21.3921033529527, 17.965488635924544, 17.796008475219548, 17.63447547589179, 23.98676777006552, 51.6322806544231, 52.27236913755302, 58.06829929579241, 65.40008440637826, 65.61579290162925, 61.602165460444105, 56.6446853588734, 48.53270258603142, 39.192142471811295, 40.36766233513489, 33.43025565769016, 33.17850064915561, 85.83130413489178, 75.92155319403012, 69.7363128724872, 64.47039959349271, 59.37594145477572, 54.581229410627614, 50.94849263282605, 68.44402941550197, 74.69109201007056, 80.77508955354061, 86.08732222364948, 89.06156131729375, 83.75473685034608, 73.4546676016772, 67.05076186774873, 62.11951408010042, 53.759487597528434, 67.57127133172504, 73.60583658803571, 78.83763724313042, 107.24673435084273, 110.33359198694797, 114.47306248241182, 117.0923231696763, 122.27360185451613, 123.91335896281394, 125.07509861010307, 108.4252451714813, 102.07073646284606, 94.92387617831483, 79.73793420798178, 68.63573399032896, 58.7380724428902, 50.07383408068283, 47.151583936461414], [56.718456757492035, 64.09811131072598, 71.35356476792596, 78.08272221343705, 71.13720928675646, 63.70006893777511, 56.514040162480256, 15.745864358508777, 10.762536435921692, 7.394163606700422, 9.609532406325295, 19.167472363966617, 8.635207114832278, 0.0, 8.402140053149434, 51.4464818279195, 60.89288539512527, 68.86122411361988, 78.62238317390951, 85.9542959820623, 86.30014736728707, 75.90241426451497, 67.20702926474961, 58.62915801682919, 52.40000105988968, 21.82111808279844, 19.468177222539172, 22.10199927108328, 26.745481684750658, 34.84951680324618, 28.107405362528116, 22.436350304045217, 18.191644770073154, 13.486476119419521, 17.350458899877143, 43.103688649846596, 43.75503651990209, 50.123807187184305, 57.79774985188831, 58.53589771139905, 55.18325774856462, 50.95870231519452, 43.6495622940963, 34.42613216722705, 33.4276295716795, 24.976670223860765, 24.761819082372945, 79.4082166450917, 69.49606272498279, 63.59900536968345, 59.059748987142456, 54.77421411580524, 51.07884327903248, 49.910514338966216, 66.38077545137484, 71.56514049136692, 76.85907443462463, 81.29701112068378, 83.5525777441009, 77.44990702139036, 67.55032478708581, 61.9781170081132, 57.890825254112876, 52.2727926496424, 64.31107424870562, 69.3025859189438, 73.7188842724621, 100.097144671685, 103.41909190339886, 107.98582292386973, 111.1248018295492, 116.69163195910798, 119.21520907872966, 121.29334327821054, 105.93512925331123, 102.24520568415936, 97.00464989238932, 83.45025783613514, 73.04618796199766, 64.31424258402325, 56.525415464170884, 53.2019623641131], [48.38931119474207, 55.81390205798936, 63.03141905898336, 69.6877001677016, 62.771444017639986, 55.349362355200306, 48.13690078378518, 7.391638946387262, 5.373830557475739, 11.273707697603793, 17.242567651554857, 26.032085089685186, 16.719284746577944, 8.402140053149434, 0.0, 44.13459863969334, 53.37183940465948, 61.10129826114304, 70.69836436960638, 77.84438890040936, 78.08108839543675, 67.8154269445524, 59.173557176045364, 50.623468530942624, 44.504281129836194, 18.939000825923447, 20.335085222453856, 25.8851666000602, 32.20108682898391, 40.42054031166954, 34.42367722780964, 28.49691724444558, 22.63988123078896, 15.079001617918511, 14.551524875667708, 35.50192730450912, 36.78309961842006, 44.16809170371436, 51.26462707827012, 52.54750654372175, 50.52009931063726, 47.33337826750584, 40.88832289698237, 32.103019014320836, 29.42304428954105, 18.281058666211674, 17.88780145061458, 73.14356433571643, 63.91547896892962, 58.7732537463955, 55.276107536175466, 51.97715965280448, 49.37841436057516, 49.98686008582904, 65.31355123669874, 69.55290825433936, 73.96063491614225, 77.31405704404949, 78.46680718946841, 71.42375329088392, 62.63930604938952, 58.307446271449805, 55.155764047483316, 51.84670253868534, 62.15772474559454, 66.06282388648935, 69.40941076343763, 92.18911263328066, 95.37221902257166, 100.30594014685869, 103.98281402090123, 110.11409972478855, 113.69527874208174, 116.82661961899416, 103.7326221233967, 101.94838232357151, 98.13064715033964, 85.90565438397364, 75.95575195209221, 68.16191510567886, 61.06196415078402, 58.028392934085694], [19.640876407943942, 22.110092888725905, 28.73413745816766, 38.155188506620206, 32.40754121227177, 26.889170844682916, 23.351720361084894, 37.498516101610925, 41.35057347749389, 49.3815982043975, 58.643039503416496, 68.86764923536312, 59.675318509577785, 51.4464818279195, 44.13459863969334, 0.0, 10.081690652774217, 19.168177312700987, 30.529836396643432, 40.136822199291366, 41.637651017428595, 28.383796948519574, 19.660047710912018, 12.626267459862913, 7.996308209040654, 35.16109413363734, 44.527460532304936, 54.38830938275704, 65.22604882937759, 76.55779300348527, 72.40067521747653, 63.49111080255009, 54.211892624975206, 46.02459379488477, 37.649987665375626, 11.250532938095377, 23.90938590973564, 37.013500130028156, 45.82481236573369, 52.124201131866315, 56.53381271425809, 59.716464164672466, 60.89143374322748, 57.44322288906427, 44.34546375399979, 33.08773368615847, 27.019198829791495, 70.70958170702728, 64.89674112895364, 63.78589452644091, 66.35771150358453, 68.74689585339956, 72.15897875774887, 81.22751623743534, 89.79013518576294, 88.74564853539346, 88.44484969032078, 86.23274622824142, 82.27639379502584, 70.63608338019138, 68.04743428588381, 70.46109815806896, 72.84059906624455, 81.29349704288828, 82.43155083529415, 80.3165933965478, 78.09373194682443, 59.984038554230324, 71.72699578394011, 84.62814707028062, 94.2749775538938, 104.60957580026039, 115.28332493212898, 124.35602137193919, 120.70420047461941, 129.44013894890816, 131.47693181436904, 123.61699067978235, 114.94749977159245, 108.56220480790469, 99.9630568800372, 91.23009256971505], [18.53769631687373, 17.38576819792864, 22.44002396340309, 31.870520349126963, 27.784033443569097, 24.259701156693275, 23.12189314787394, 46.4894054825755, 50.5909143952929, 58.791261280257025, 67.9870375205738, 77.84840185298494, 69.07254291218067, 60.89288539512527, 53.37183940465948, 10.081690652774217, 0.0, 9.279297372067235, 20.792562342752106, 30.840731510195848, 32.757040257472006, 19.262098680964282, 11.589815709139897, 8.936527305216833, 10.818306217585636, 44.69564958183019, 53.854583062744595, 63.3727565707152, 73.88441289433084, 84.71887051046913, 81.02861704245562, 72.46359798648801, 63.431989168224405, 55.47426464549648, 47.18879789466528, 20.020025193048333, 31.213495774297726, 43.111044564458155, 49.775299212131195, 56.44234631086193, 62.33580050657979, 66.45322817642628, 68.38811040837426, 65.63770583255634, 52.95594274112428, 42.35722054209224, 36.755003365498325, 72.23050240502722, 68.31148087214129, 68.52927294678243, 72.22719944390504, 75.42694556872155, 79.43442733186697, 88.85586517489448, 96.41760737700336, 94.72627908853464, 93.60201351419423, 90.26439271788028, 85.0008531362531, 72.6743794638071, 72.27842158763839, 76.09872338850666, 79.23992673378365, 88.66215061255807, 88.63830376032433, 85.64175907180848, 82.29898854076795, 51.501641719397185, 65.30221669856198, 80.25548247182503, 91.35714977835914, 102.82013308106191, 115.22981937670465, 125.67213911085018, 125.11703159814002, 134.99964838694603, 137.7403455045276, 130.5693677661237, 122.04863214492951, 115.95795479194872, 107.32231611703425, 98.47684256008058], [19.71432695854373, 15.146802047592388, 17.34878447635848, 25.903221050375297, 24.10182402454333, 23.07381893417102, 24.249722401191192, 54.00415667464453, 58.4645336343451, 66.93339951931856, 75.97686591463982, 85.3465382725895, 77.01110158047358, 68.86122411361988, 61.10129826114304, 19.168177312700987, 9.279297372067235, 0.0, 11.578329335110965, 21.77853168190834, 23.9731356585873, 10.666897477042616, 6.642931080954853, 11.85559174612073, 17.356019293329275, 53.37793173002522, 62.408461630501314, 71.64530154119915, 81.7112207768034, 91.8338688738861, 88.52537225864862, 80.48027225963807, 71.76526745934517, 63.87545130036568, 55.67796193677234, 28.05189983954737, 38.20787155075993, 49.02151128300682, 53.27348677602052, 60.00536125256912, 67.19654141786062, 72.01558292817697, 74.42303610241498, 72.24271822008677, 60.32231901318151, 50.17189358014589, 45.138864413715005, 72.71940306021179, 70.78554607174881, 72.27222060400332, 76.89619697814464, 80.71748975867135, 85.12157390014434, 94.60797557561436, 101.2653167812342, 99.08870431706221, 97.26517847677876, 92.94477854790486, 86.46751727489145, 73.65162367626205, 75.39850656645633, 80.43934138867263, 84.15693583082333, 94.17380381734148, 93.19975354810474, 89.50314351964509, 85.18375504717508, 43.156987208669854, 58.2288978861315, 74.8280424215631, 87.14736833695773, 99.59743436284542, 113.53563143364498, 125.18899384372992, 127.72917323989303, 138.39941563313369, 141.7559677837087, 135.3295686258387, 127.0510079290508, 121.4171943776009, 113.1213677406286, 104.80037092606257], [25.976831978684757, 19.528869495243857, 17.40056826452062, 22.327423103674214, 24.650834358625616, 26.804019710103443, 29.871170882051224, 63.47505325862965, 68.1518869688756, 76.79264157822348, 85.6135928926423, 94.35474919092525, 86.64125864593129, 78.62238317390951, 70.69836436960638, 30.529836396643432, 20.792562342752106, 11.578329335110965, 0.0, 10.696512723078772, 13.87992936461713, 6.527026322956036, 13.319585950180999, 21.28165199760453, 27.640050951886632, 63.884704683502186, 72.6764207119818, 81.4875980873003, 90.93981781339778, 100.14234608289175, 97.35649776127181, 89.97964035906735, 81.71059699488258, 73.99983297360995, 65.9778378768162, 38.788033359617565, 48.369603377206275, 58.275307589632426, 60.017444330770445, 66.58392079412498, 74.98626901717638, 80.35165892012785, 83.00456860721172, 81.2498884891628, 70.32993678485488, 60.34548150334623, 55.61713668577677, 75.47919793698325, 75.98148270382912, 78.82608882398893, 84.28280492612697, 88.60058397989471, 93.23073893251149, 102.42288509888867, 108.28712358010436, 105.75923156619889, 103.27944532484103, 97.97424854710698, 90.16505083595652, 76.97652648132733, 81.17233210868922, 87.39396762624877, 91.56482849558084, 101.7761063468678, 100.06150909253485, 95.77579750089005, 90.49037908832922, 32.53912767546878, 49.96623663829784, 69.08524448457447, 83.03765085662582, 96.83811987477706, 112.67912715690014, 125.76442093371799, 132.19825701952178, 143.2630738506215, 147.0248692335264, 141.2569943330949, 133.14363648863193, 127.90407994576714, 119.81716536435246, 112.0050828660703], [31.347527414262792, 24.57272932375857, 19.810017481302186, 19.784495652137384, 25.67388585650799, 30.06376269854281, 34.25158487032288, 70.52742471513278, 75.61045182885444, 84.5267274290457, 93.01556674644421, 101.00737784470378, 93.87475246259285, 85.9542959820623, 77.84438890040936, 40.136822199291366, 30.840731510195848, 21.77853168190834, 10.696512723078772, 0.0, 4.641202013069996, 12.848937257264394, 21.43996578574465, 29.424419050903502, 36.03408211476656, 72.66237517759116, 81.32631144247895, 89.85503495800182, 98.66756902302221, 106.81567422173042, 104.36596531405328, 97.78354209453445, 89.96952901857054, 82.23526237903509, 74.3792833256666, 47.24669401397382, 56.0043504896142, 64.96588666239154, 64.05648320844081, 70.25141593886707, 79.7129604696315, 85.49593804161007, 88.2867755695123, 87.0136170681554, 77.38627310216995, 67.80573874348069, 63.82450701972297, 75.2792847303052, 78.14517660309839, 82.25847041877637, 88.4063692502739, 93.11921985464754, 97.88776129497188, 106.68688708785598, 111.63985371851003, 108.82011165976198, 105.75540766331498, 99.59357964148535, 90.60317978578955, 77.2747880712584, 83.7558969940502, 91.00847424894208, 95.52966397708305, 105.804678532775, 103.34311360909184, 98.56611656562494, 92.43565891488204, 23.330743668625097, 40.59813421225311, 61.29208437855823, 76.39647815099971, 91.2021294840589, 108.53630159458966, 122.7783962181709, 132.8559416875225, 144.17996704613668, 148.46657071900336, 143.63468624680257, 135.95404981552673, 131.4688700602955, 124.28696060127561, 117.89897078803254], [30.777065998993496, 23.94985055341659, 18.25667419545419, 16.263604851642146, 23.148625792586174, 28.31557522597605, 33.0448745587921, 70.72121966386733, 76.13876308421598, 85.25793930609565, 93.59140505776507, 101.31490656819582, 94.25759286811672, 86.30014736728707, 78.08108839543675, 41.637651017428595, 32.757040257472006, 23.9731356585873, 13.87992936461713, 4.641202013069996, 0.0, 13.999659618982593, 22.36309970435015, 30.161375937334782, 36.79690497726424, 73.95859901875635, 82.69767970603175, 91.29576020148417, 99.96797382620298, 107.78802771210934, 105.25200798352914, 98.93958262749122, 91.21596739867232, 83.28952123579566, 75.44736068316372, 47.83248463711428, 55.78359500290738, 64.1075601786984, 61.98139018291823, 67.99202214616109, 77.84542297701296, 83.81620915046231, 86.75594558609022, 85.82784996892745, 76.78329102702759, 67.73631659061638, 64.46905763168638, 71.68330417975358, 75.2747288064982, 79.84200890848314, 86.26263472252559, 91.16569495309126, 96.05572312071415, 104.88569984484046, 109.2742199112857, 106.25628782913734, 102.94217902020762, 96.47857907070822, 87.1421272647082, 73.81615530430533, 81.0223175055309, 88.66081062175112, 93.35709535530523, 103.86980124069932, 100.91613529645593, 95.8993279668257, 89.46172327349092, 23.219219559386683, 37.00044018667833, 56.93217996742823, 71.92928939254053, 86.67444898923817, 104.1401751124645, 118.56306395891987, 129.4393617587233, 141.14415255026577, 145.91577631284372, 141.7288173091164, 134.46188727590197, 130.55955025006466, 124.26983521972413, 118.99513144890102], [21.292061649052545, 14.130623153575538, 11.244370583046926, 17.198704163186537, 18.419444896389194, 20.75217730083176, 24.598037881264393, 60.50141528083859, 65.67527461900121, 74.61875236299795, 83.36067722002802, 92.04062488216489, 84.099333801022, 75.90241426451497, 67.8154269445524, 28.383796948519574, 19.262098680964282, 10.666897477042616, 6.527026322956036, 12.848937257264394, 13.999659618982593, 0.0, 9.116607318520092, 17.660599784494583, 24.310764288762833, 62.186773222672464, 71.25191531763183, 80.39814765401414, 89.96016669696665, 99.13112529090273, 95.98672610215948, 88.66988631578083, 80.29363514642101, 72.17628177732628, 64.04186979203156, 35.316040323419415, 43.657075623457494, 52.857319102180554, 53.80344349065035, 60.35861302483268, 68.99409818680391, 74.5824974839021, 77.55459669748342, 76.24430715387841, 65.57029454133381, 56.447394534927525, 52.78893990581843, 69.16390612954764, 69.57208374741778, 72.5612566991161, 78.225411186817, 82.76320425891288, 87.63840505885194, 97.26472854981117, 102.52146227871191, 99.71066616233259, 97.03841544769999, 91.59538127891781, 83.78907826363672, 70.62496228500032, 74.84383106709781, 81.28117795370245, 85.66470393848091, 96.47992201136131, 94.14798131123759, 89.60905356940005, 84.17052131762269, 35.51761808510887, 48.92035837863432, 65.93180664351561, 79.01462431236955, 92.08860571981506, 107.33058384508278, 120.12025398777114, 125.98349149968902, 137.7848154343461, 142.23812202294155, 137.19413029139136, 129.62279347110368, 125.06946900823276, 118.16004884570175, 111.65750331118318], [14.270783164768496, 8.669872754392015, 11.295988539022913, 20.472315194917503, 17.677731466592483, 16.480532845660694, 18.309854998117434, 51.90280298754341, 57.04128535537243, 65.95982341391681, 74.78034990083464, 83.75048595138432, 75.48338169631347, 67.20702926474961, 59.173557176045364, 19.660047710912018, 11.589815709139897, 6.642931080954853, 13.319585950180999, 21.43996578574465, 22.36309970435015, 9.116607318520092, 0.0, 8.643480254911786, 15.234806719543966, 53.44234670214908, 62.64120489115601, 72.01677801636454, 81.8361841244862, 91.42268395634886, 87.94034373550795, 80.34137417828958, 71.77355914717981, 63.49407415052045, 55.28337016487712, 26.207970632074236, 35.146730136953195, 45.302548505593506, 47.851407663485986, 54.47435557301599, 62.27005545683897, 67.3555045657465, 69.91884344203, 68.16505814728289, 57.03964766231211, 47.55156397653718, 43.80033025560226, 66.22609922093679, 64.82058673929694, 66.77179004493428, 71.72035750115268, 75.77232145161325, 80.33186835567429, 89.90226698638352, 95.94672979423024, 93.57239271634117, 91.51196434730136, 86.91696334987657, 80.13248093050831, 67.23372135228468, 69.5777055148991, 75.04560295479304, 78.9603913104958, 89.29695582000915, 87.76814795560632, 83.82458960445597, 79.1999117315269, 42.896683910855174, 54.53082372214703, 69.50007196255822, 81.20614942735105, 93.27161525549297, 106.95274497532266, 118.55942751306323, 121.53465478837087, 132.5573139592356, 136.47686436031782, 130.82244919056572, 123.07419354109375, 118.23114826869444, 111.24977267456761, 104.67762627366785], [9.642871235956328, 9.642693201327774, 16.294013765094864, 25.62541652825081, 20.508004334117057, 15.950379573081353, 14.25387022672249, 43.384505819967146, 48.51735147088231, 57.456575275727296, 66.28367927227781, 75.3918658279821, 66.94342439562477, 58.62915801682919, 50.623468530942624, 12.626267459862913, 8.936527305216833, 11.85559174612073, 21.28165199760453, 29.424419050903502, 30.161375937334782, 17.660599784494583, 8.643480254911786, 0.0, 6.695806620303342, 45.16303979995929, 54.42968417319102, 63.931510047337305, 73.82557593297886, 83.59257793736656, 79.84357533032467, 72.14618850929025, 63.51815317814091, 55.086180512512016, 46.86022825647603, 17.827961390946864, 28.002669273447346, 39.43644839684501, 43.409267187698504, 49.86578656246843, 56.72624795826536, 61.11911949004212, 62.98011512278976, 60.60250635929581, 49.35062671503638, 39.11017761229886, 35.17801941621918, 64.15707674979294, 61.18444209790644, 62.103002461275345, 66.18716135063177, 69.58764375767448, 73.63006241837772, 82.77878765241833, 89.78900012858784, 88.02864950833151, 86.68159111233282, 83.01500405479563, 77.235037599091, 64.72857819334187, 65.30539961941973, 69.68675176920026, 72.96505320277751, 82.3848069010594, 81.932809084915, 78.75207309613107, 75.02598900690553, 49.48266013875506, 59.46057247432087, 72.63888761885428, 83.06747511551127, 94.26040939196231, 106.47637433900351, 116.93752640581052, 117.4278537193742, 127.22582755417803, 130.39810610330105, 124.0409984410907, 116.06152093984333, 110.91223632413387, 103.87278679565833, 97.43203437494991], [11.690619608670792, 15.085164998774227, 22.24447488043557, 31.333408061924068, 25.236396694342126, 19.29049422436328, 15.40888788364248, 37.369916799419734, 42.361542647330886, 51.206239577922624, 60.11583391459078, 69.53169886777334, 60.76818175903033, 52.40000105988968, 44.504281129836194, 7.996308209040654, 10.818306217585636, 17.356019293329275, 27.640050951886632, 36.03408211476656, 36.79690497726424, 24.310764288762833, 15.234806719543966, 6.695806620303342, 0.0, 38.79017065794195, 48.16533506398826, 57.86885639374991, 68.00206497418561, 78.17599265876618, 74.12535166458323, 66.14003858725293, 57.332112239593734, 48.77346087633442, 40.484748533180266, 11.272558139895926, 22.885932430766328, 35.41806965638202, 41.21050942996197, 47.48310166165042, 53.23863754020909, 56.97840376166489, 58.32085160192026, 55.406952900993, 43.700126515770705, 32.869555220971534, 28.614701837118783, 64.09774377610489, 59.60529502571679, 59.48997227374816, 62.75587595930369, 65.58361428414224, 69.22486196872123, 78.18911820251414, 85.98706998336097, 84.68468858939637, 83.93886410655905, 81.09680877863973, 76.29833170331278, 64.27343826276994, 63.1382793841875, 66.47601102301442, 69.21711781080153, 77.99429574828751, 78.4048128502321, 75.85589768198216, 72.95644438628085, 55.56236890904557, 64.84432210846364, 76.8194576407169, 86.28615370031994, 96.70129023450777, 107.70355775573012, 117.19509685050603, 115.37259420707662, 124.38634976701215, 127.01572543454718, 120.07011654053801, 111.90684232363533, 106.43835116425109, 99.23623648224896, 92.61769699454707], [46.65368896346673, 52.89573452626423, 60.39161800474521, 68.66878666407858, 62.103460750270166, 54.90649001096322, 48.21936513687214, 18.169288191430503, 14.352990321473253, 16.914676131008182, 26.141997861469598, 37.77533117967768, 28.23053199479147, 21.82111808279844, 18.939000825923447, 35.16109413363734, 44.69564958183019, 53.37793173002522, 63.884704683502186, 72.66237517759116, 73.95859901875635, 62.186773222672464, 53.44234670214908, 45.16303979995929, 38.79017065794195, 0.0, 9.639666623076444, 20.13215131008857, 31.76006902910294, 45.037377906432816, 39.72244600764803, 29.338611803050682, 19.436507943012476, 11.623430828285079, 4.636690759498306, 30.120432886794624, 35.523974637489914, 45.97656308624266, 57.57638053836994, 60.830765598285694, 59.411004310280845, 57.62201093592799, 53.619249548848146, 45.947997124357244, 36.50406530142714, 23.27063