{
	"dissimilarities": [[0.0, 7.648727329094231, 14.710029286892185, 22.980417941963672, 16.54247556703787, 9.658193302618557, 6.354998875018704, 41.92704952335417, 46.95747451629385, 56.32247962854982, 64.58163024914104, 72.41138210249906, 64.88357348214784, 56.64093501496547, 48.35208860082818, 20.568738606072543, 19.300112889476505, 20.27585344603531, 26.708820423214895, 32.861620446176204, 31.97712539590403, 21.80283610064328, 15.2310030624278, 11.421193583871434, 13.296221206595884, 47.52881625424056, 56.278763774595, 64.99036883152586, 73.83337931647452, 81.43116890250573, 78.01972488243057, 71.92742825186862, 64.10936401659728, 55.78514234478024, 47.88991233478201, 18.159516505238848, 23.501369145011832, 33.36216162145677, 35.309603805382395, 43.10199511886916, 53.48038237826458, 58.17484591483575, 58.145351790639175, 55.441091390404296, 46.50802110115766, 37.037874062207536, 35.71397813506088, 62.096294795942676, 58.60540475170608, 60.100134978360174, 64.05315294751185, 66.63990655488179, 70.8843648694466, 78.55702900360916, 83.66247069065915, 82.18329168117293, 79.75673478600704, 74.75724093431728, 68.45336369237793, 63.129680520478814, 63.73956266992476, 67.52841598502361, 70.81858768560362, 77.64090589579891, 75.9974913783961, 71.7804237542929, 67.76874102881352, 51.39504293373525, 55.78651327848462, 66.27149962675641, 75.90723646960502, 88.29674896061186, 96.18381995463639, 109.46993635886564, 108.76912238318899, 114.43716171046806, 117.71624063309842, 113.06305060345464, 105.49486109731677, 101.91064405685313, 97.58357674873483, 95.2878429162501], [7.648727329094231, 0.0, 7.760195579062487, 17.73977506760447, 12.435893681158662, 8.53593315826366, 11.264390004856898, 49.33860187993229, 54.18919332891055, 63.51034052310692, 71.83560277275747, 79.86909301030295, 72.30602263453197, 64.0452401208099, 55.81023774123234, 22.839019690742113, 18.116591057360488, 15.821192136253988, 20.520538941849896, 26.527506623825488, 25.48989391176091, 14.805462817029497, 9.941262679795258, 11.119307118003485, 16.14634548772659, 53.52757816574083, 62.479264925629614, 71.40271517844005, 80.51604352159893, 88.38251419193732, 85.08327737368697, 78.73458529569533, 70.71352496372788, 62.372306365494445, 54.345329171728466, 23.399519293606033, 29.079056358074705, 37.82354656605853, 39.15966064024046, 46.95682320466109, 57.667344505735954, 63.00947578962266, 64.01514969674359, 62.04214396190657, 52.578747864198604, 43.84745160029805, 42.18391801729978, 64.5155680473378, 61.80768617168381, 64.03712254963241, 68.63774359932182, 71.86729255516376, 76.77791733789276, 85.03661348615088, 89.31876643362095, 87.17063518549075, 84.10861413923648, 78.32116672680165, 71.44093812955913, 66.06900133996274, 67.49543745558887, 72.1766858045768, 76.07908312618306, 83.78623389314718, 81.30880555999505, 76.39959068439569, 71.59463851709613, 46.48074824679483, 52.42485861405371, 64.51685787933951, 75.42131819075288, 88.33298843554114, 97.44758822461593, 111.73838968454291, 112.78379571934263, 119.9975370806894, 124.1287078093407, 120.1083981530846, 112.80315482544069, 109.39012197357569, 104.8677486958984, 101.95223461825744], [14.710029286892185, 7.760195579062487, 0.0, 10.822210786695667, 8.48097112786413, 10.411315892440493, 16.37036490915914, 56.63068973003245, 61.638708030988525, 70.98492797189009, 79.25607960908206, 86.99669613313154, 79.57975452154655, 71.34110226631158, 63.03629069824243, 29.88169727243218, 23.600965276563816, 18.38991087165286, 18.36738552340678, 21.561511655482185, 19.593730295460556, 12.41032013320712, 13.044939508368484, 17.897054718212544, 23.57881616263365, 61.271851580204384, 70.19158704934927, 79.02443455130343, 87.9628051445854, 95.54568092081746, 92.39583753936294, 86.26138500633928, 78.36263997358309, 70.07023010930024, 62.07666624946882, 31.050944873615038, 35.790191979063984, 43.03089548861976, 42.06889914076028, 49.967169395264754, 61.680183124477274, 67.60984217984388, 69.18665002179202, 67.86208117566264, 58.95221763390539, 51.08570889714324, 49.883383154385164, 64.5687542331269, 63.325172523600706, 66.63033617362636, 71.95222840015671, 75.84908690452077, 81.24216389406878, 89.65619422807904, 93.0416275355924, 90.29084648242409, 86.54523575803165, 79.84066264863354, 72.1252860640099, 66.79238999252271, 69.4900288151299, 75.273499190942, 79.74989754404547, 88.04759529148964, 84.76139735462309, 79.112119402796, 73.41869697006, 41.53250987569935, 46.643611902097554, 59.35580529857693, 71.20867481705568, 84.56835094490516, 95.00461770012883, 110.2540612040023, 114.12006881377907, 122.65458646181206, 127.64427260243907, 124.56792026854059, 117.83052033041017, 115.05172251372771, 111.00108487611752, 108.61099906326638], [22.980417941963672, 17.73977506760447, 10.822210786695667, 0.0, 9.276075805759303, 15.918643848430058, 22.416372736551317, 63.6333386397918, 69.05849356323289, 78.42179932725301, 86.46050805810407, 93.32146331120632, 86.31021162077968, 78.2045321261676, 69.78694154601925, 40.476296376663285, 34.319229002243084, 28.291462180336456, 24.30345485199808, 21.910883921450683, 18.252210862910303, 20.019690624842383, 23.58475203980608, 28.540173448466952, 33.87855312639491, 70.4496015035172, 79.10033656229629, 87.51376809768064, 95.77643375429179, 102.44027893104678, 99.49830011338803, 94.11566129935413, 86.71143234771178, 78.56309694450769, 70.79039391377017, 40.55722062927597, 43.59694098564009, 49.076372442278185, 44.11486472560741, 52.1237007082542, 65.4949561121286, 71.86512392301915, 73.43036527790063, 72.64935749935013, 65.51692362404397, 58.64560865994992, 58.58089405699144, 61.6018884265897, 62.8058690664846, 67.60151290797592, 73.68324192445087, 78.23109527322224, 83.82372672552283, 91.78197810918235, 94.17677456205796, 90.94300285833066, 86.48633649167904, 78.73762861226895, 69.85887800632138, 64.71421418368095, 69.29970286361645, 76.40756020585876, 81.3655946623796, 89.80474324508516, 85.78118815602527, 79.37613205085205, 72.7079473531637, 37.82859126059177, 37.44463736648559, 49.08909607824216, 61.537090321690485, 75.38383798142505, 87.39860583488128, 103.56892325112126, 111.83018284820476, 121.2946446300174, 127.09383587506346, 125.34887914039011, 119.57739137860858, 118.00787868179896, 115.22875433460604, 114.70565004366627], [16.54247556703787, 12.435893681158662, 8.48097112786413, 9.276075805759303, 0.0, 7.6332641690844785, 14.746679323975613, 56.57610129108889, 62.18071857345063, 71.59236572188364, 79.67968497755365, 86.88739762601566, 79.3259384925841, 71.07421834443427, 62.7035007825153, 34.47311356381233, 29.99535253758965, 26.270851542056285, 26.656136150502608, 28.057682520924697, 25.17564015642577, 20.662317736020444, 20.376812377975117, 23.099776145553463, 27.49200191314854, 63.66215768553047, 72.51314838424761, 81.2644527468907, 89.90969243105916, 96.97600949025436, 93.54563925240052, 87.8741798712977, 80.1910167791391, 71.76342584283245, 63.855833102244645, 33.13389038429162, 34.802376017562835, 39.820746404279646, 35.81726825963016, 43.785469469963914, 56.619685744315305, 62.91321065685417, 64.70846763591041, 64.14194454972522, 56.53495812256975, 50.38126230999754, 51.07204668181711, 56.3767004299822, 55.86870920338061, 59.867310787025616, 65.64839572996112, 70.02149916710123, 75.7525207002775, 84.32498413252327, 86.78166207435316, 83.58437501952329, 79.41459047215824, 72.23133586829988, 64.13278984850677, 58.83791791492892, 62.21496533299044, 68.69388724456034, 73.54859369928397, 82.32393191475757, 78.32054532915416, 72.16855082050772, 65.97230834338248, 46.054907163503486, 45.73863473094736, 54.64839307737959, 65.15947363057482, 77.44967724396587, 87.00147309068602, 102.21321525355442, 106.28668337439218, 115.75914926269958, 121.82448250415129, 120.08853243960552, 114.52044633091344, 112.849344236632, 110.63401063329079, 110.40197049176298], [9.658193302618557, 8.53593315826366, 10.411315892440493, 15.918643848430058, 7.6332641690844785, 0.0, 7.302828682930538, 49.07636832172106, 54.63512222087735, 64.04899652273797, 72.17247150008419, 79.58581390387765, 71.8916592895252, 63.60489698138442, 55.25497404856879, 28.420646682789766, 25.667184259240805, 24.202244542707522, 27.75006221391615, 31.521073629069463, 29.44099550789655, 21.709080935722586, 18.078847971622665, 17.93315960130311, 21.148077941006694, 56.17297965763848, 65.00009493916428, 73.77787529251859, 82.50860347267252, 89.75378692405263, 86.18082183357664, 80.38346537457424, 72.64170798733336, 64.1777411877436, 56.27379239722848, 25.882370251187428, 27.712172996735276, 34.098930230761155, 32.14952534216922, 40.21611023472294, 52.259259071208454, 57.98581469886348, 59.12327163762568, 57.878884899848835, 49.84916542686618, 42.92040771881461, 43.47068126231787, 56.12179621956591, 54.03647098187443, 56.912164213231094, 61.96224707387654, 65.65273374355189, 70.88273391089291, 79.27616574892694, 82.69275882237517, 80.14120563023106, 76.68777618168048, 70.45878539306784, 63.21156824663988, 57.85320894783888, 59.88604767525264, 65.22735907323235, 69.48786632686561, 77.63982403557294, 74.48596921329985, 69.09386003850469, 63.82567980466721, 50.04743238033328, 51.006143681771796, 59.65143156108297, 69.22504627155094, 81.11804719325049, 89.32845340081725, 103.50772050705679, 104.74166554189294, 112.76224345892751, 117.9093772386815, 115.20763038569102, 109.07106792647238, 106.81321324244281, 104.21250136380347, 103.63391941801298], [6.354998875018704, 11.264390004856898, 16.37036490915914, 22.416372736551317, 14.746679323975613, 7.302828682930538, 0.0, 41.8334623846859, 47.45531583607067, 56.865429388569815, 64.94322283451052, 72.28584802679632, 64.6222820422295, 56.358501362852905, 47.9921475511096, 25.33961383939041, 25.04014754456934, 25.934567179971847, 31.47597142188806, 36.319394423967495, 34.74894388761653, 26.03221164004355, 20.33111983919041, 16.968144162763203, 18.00350694577823, 49.797156646036065, 58.41519639573684, 67.00222938484104, 75.5447583889439, 82.66292194939027, 79.01419099947685, 73.35021938030702, 65.75537412863711, 57.34691648865779, 49.580687448933595, 20.674572578382, 22.307466321458318, 30.19086508405253, 29.65716653917926, 37.69909948291728, 49.085727897969626, 54.061872583404174, 54.11984459149869, 51.98918972707711, 44.1729109873115, 36.26926477575569, 36.91315815594332, 55.777770227533274, 52.59602332223107, 54.48549263318816, 58.740322305422694, 61.65494491488027, 66.1510290780183, 73.9791363440966, 78.44060749732111, 76.6656035131031, 73.97203621631743, 68.6961843522998, 62.18855029387823, 56.869613988534205, 57.813343464838816, 62.030580984160885, 65.57629386978743, 72.76182490684772, 70.60979191023387, 66.05083635814924, 61.74444600270454, 54.18124447683498, 55.196407229231454, 63.141607317200766, 71.69872704682645, 83.24121946070568, 90.31561121499819, 103.44218416314591, 102.63621065300403, 108.90482495784298, 112.98129396566344, 109.34932486670513, 102.70324309430791, 100.02377906121244, 97.24511793341063, 96.79313967317411], [41.92704952335417, 49.33860187993229, 56.63068973003245, 63.6333386397918, 56.57610129108889, 49.07636832172106, 41.8334623846859, 0.0, 6.762474128672803, 15.532071300478956, 23.252113694822867, 31.314640850812356, 22.985245018376226, 14.728163983445665, 6.600692068242011, 38.87746233497771, 47.71220974999469, 55.16761740445598, 64.81780529693494, 72.31755351614785, 72.31042924034475, 61.62693006558864, 53.07173443700379, 44.677963660872784, 38.784006639940095, 20.714610714361303, 24.236075397603074, 29.95295863305345, 36.8581249771552, 43.720885378542924, 38.763960002784145, 33.59099070610611, 27.33504779162561, 20.18694705255079, 16.281179220147692, 30.39005471266985, 29.208387953784968, 36.949116105652564, 45.45298088515183, 48.37626700862124, 49.869936411704764, 48.166119953737805, 41.031779483618756, 32.045598324823246, 27.955515515911078, 14.850533649473542, 14.904026339318946, 72.02785096582508, 63.62780280268796, 59.329596717493615, 57.52344545195742, 54.51505183449414, 52.89611204775218, 55.60043322562771, 67.04392522161059, 70.61720804522471, 73.2034247062844, 74.58667658918812, 73.6843180713321, 69.69226023620197, 64.2200007140851, 60.498563205324835, 58.59374506409389, 57.884575588024155, 63.1784260467704, 65.03881741971539, 67.44329923136331, 87.3739676112245, 89.87350922617462, 95.35707138593578, 99.55125406711127, 108.47741796815532, 109.53588723874498, 116.43418547599164, 102.71706766453578, 98.2471912966769, 95.05022541754931, 84.60634726500312, 74.09027856416745, 67.19762615177143, 62.14227046658821, 61.1020136216372], [46.95747451629385, 54.18919332891055, 61.638708030988525, 69.05849356323289, 62.18071857345063, 54.63512222087735, 47.45531583607067, 6.762474128672803, 0.0, 9.413984278945179, 17.689185571292594, 26.975605294714427, 18.840861743049917, 11.26629040809596, 6.559858802863671, 41.63758219706784, 50.74348292040617, 58.563656400257095, 68.45808562004497, 76.35924916273217, 76.66525023134147, 65.70112441362205, 57.072178185472524, 48.62595829931507, 42.56977394895592, 16.96340164377608, 18.326633272499343, 23.2469021228842, 30.310216929895255, 37.94865640802778, 32.84980638282768, 27.004485977338618, 20.597897269686655, 13.885592258321429, 11.936505029963252, 34.30132307507741, 34.377273083608046, 42.35716833457984, 51.92366626427626, 54.56639837573842, 54.96563719741778, 52.68814486206503, 45.37516522051885, 36.07701869156279, 31.853465707799113, 19.265008830847158, 16.672504755107134, 78.54862816443836, 69.84008199339132, 65.1134170954378, 62.82779375681565, 59.30498624522531, 57.084520831684955, 59.07557827594554, 71.22221457821799, 75.33805700156285, 78.4349852143434, 80.40176325152783, 79.94848086315744, 76.05757477596556, 70.16890302229581, 65.81916231108258, 63.43162568638312, 61.84173354541194, 67.93530164876658, 70.42993913583547, 73.35994654582801, 91.16171775817051, 95.00742276317688, 101.32306448810228, 105.73380560523607, 114.88007997749769, 115.93429530913821, 122.46516183029684, 107.80880162974199, 102.08547980824387, 97.6399614806673, 85.79477440917894, 74.2144196318935, 65.97834171353973, 59.0725225319242, 55.93553673731763], [56.32247962854982, 63.51034052310692, 70.98492797189009, 78.42179932725301, 71.59236572188364, 64.04899652273797, 56.865429388569815, 15.532071300478956, 9.413984278945179, 0.0, 8.485404625524053, 19.065553792488853, 11.30307934928305, 7.353854498321815, 11.25811025053721, 49.982804913912524, 59.24781154124891, 67.26740182765127, 77.24201613498055, 85.25625032162941, 85.70314365239864, 74.7255437949663, 66.081806504652, 57.627771843407125, 51.49570099595617, 19.956593062249834, 16.44093461474873, 17.3197776919067, 22.533432656293936, 30.04965109113134, 24.251424205212633, 18.57850553014717, 13.863625868934506, 10.971415013346773, 15.016800951536284, 43.22038532246539, 43.08629308959081, 50.05666884501071, 59.86445772222374, 61.748482637698984, 60.60262667639602, 57.239361568133035, 49.114280128366936, 39.364834675933395, 36.92962857696217, 26.845696487456383, 24.57893799269466, 85.3746259130291, 76.25223809250504, 70.79517629511768, 67.56947289876383, 63.08769573386364, 59.61244863790433, 60.0550132500188, 73.25366054144891, 78.39008308335669, 82.44188674482095, 85.56257229472605, 86.03925279665447, 82.48260112299617, 75.84958559974403, 70.31826952330587, 66.96122005492352, 63.58389376216979, 71.08232030767873, 74.77224969065531, 78.77538350586318, 99.57240405573141, 103.60730524478124, 109.63982005740279, 113.47825098048183, 122.20182092959311, 122.37781970479271, 127.78457237295711, 111.03941231344065, 103.0531529753436, 96.82159925428778, 83.28875117328445, 70.73415864447641, 61.11550190515612, 53.096347774544455, 49.19056953802934], [64.58163024914104, 71.83560277275747, 79.25607960908206, 86.46050805810407, 79.67968497755365, 72.17247150008419, 64.94322283451052, 23.252113694822867, 17.689185571292594, 8.485404625524053, 0.0, 11.756583370470567, 6.347795674841308, 10.45413678226017, 17.795198712473713, 58.40798170747443, 67.67538876509896, 75.67728840020983, 85.53583244512362, 93.40080951491589, 93.8510000945639, 83.11790182162089, 74.52915254283803, 66.09668743124921, 59.979599903660805, 26.98492149461356, 21.10977439493018, 17.673536840620837, 18.50825172695555, 24.059105020065438, 17.499085145707763, 14.041532087747191, 14.058025134410059, 16.19896503135956, 22.49326222975267, 51.679016518268554, 51.04194684517801, 57.07986966954604, 66.39357044160889, 67.69481487381276, 65.64379947930797, 61.45501329103644, 52.53847370100713, 42.58252711695896, 42.33639613763285, 34.26796668321832, 32.86991027918959, 90.40423310515928, 81.18099573898694, 75.25846311460457, 71.28848640721912, 66.03683814851472, 61.3901247733635, 60.12595014231618, 74.16291828171386, 80.24313075774393, 85.11383894603168, 89.20141516875567, 90.4128967355147, 87.20311626860276, 80.1072794605141, 73.66874275685308, 69.46395592038162, 64.32029977776108, 73.06503276708528, 77.78213963928675, 82.68281093420626, 107.14097666473072, 110.64767166131372, 115.96951569044634, 119.0517580356522, 127.2426737955043, 126.52615559331126, 130.79511898590508, 112.53392203192195, 102.30525811159437, 94.37472877519009, 79.41104675280351, 66.1354000668669, 55.4914425335865, 47.08056084935542, 43.85903609534155], [72.41138210249906, 79.86909301030295, 86.99669613313154, 93.32146331120632, 86.88739762601566, 79.58581390387765, 72.28584802679632, 31.314640850812356, 26.975605294714427, 19.065553792488853, 11.756583370470567, 0.0, 10.57985215737777, 18.16754451364526, 25.263384007704058, 68.41556556622379, 77.30226132499995, 84.78883197335357, 93.91293916302416, 100.95230802942575, 101.23193189217542, 91.61398761168954, 83.3838036478487, 75.15126239292579, 69.31198080461152, 38.378538760926396, 32.25669207820785, 26.650294049783557, 21.75439433582268, 20.081406672988944, 14.688303540418922, 18.902576384907878, 23.891328578084437, 27.672275799109496, 33.81208781922399, 61.196072076092186, 59.941395863464244, 65.18902781464385, 72.28914295056808, 73.33712847796133, 71.69010904474128, 67.00257406893269, 56.83443759236815, 46.651320237128964, 49.99711705087119, 43.292960705989024, 43.22846358149615, 93.37787488310255, 84.96277684286237, 79.13355223439791, 74.66830925457641, 68.80507289995495, 62.68052761702241, 58.459650919814315, 73.51081613837232, 80.79912160400367, 86.43552819172639, 91.27342593819755, 92.81270368299721, 90.06386224395958, 83.17738470159692, 76.2420255505994, 71.15649931182291, 63.44589633668315, 73.71094693227981, 79.40913187231519, 85.05331888354146, 113.20790230214115, 114.79577965146918, 118.5979840150928, 120.4044629898224, 127.9574256431728, 126.43759775108812, 129.23478603352785, 111.29761022640152, 97.66891930510639, 87.1059002104456, 70.21456324364041, 55.77661855397228, 44.18494894386854, 36.12816963081176, 37.79423229003841], [64.88357348214784, 72.30602263453197, 79.57975452154655, 86.31021162077968, 79.3259384925841, 71.8916592895252, 64.6222820422295, 22.985245018376226, 18.840861743049917, 11.30307934928305, 6.347795674841308, 10.57985215737777, 0.0, 8.475367168268345, 16.642203177824566, 60.24893875361648, 69.5288277621841, 77.38499634199736, 87.14002805309117, 94.66864513832444, 94.82798953592226, 84.3271238600569, 75.7361383302398, 67.2740014637645, 61.18974785874621, 30.74706333814683, 26.19140857432845, 23.911209822661714, 24.293569540795794, 27.766906132411403, 21.2949232080398, 19.911669934445126, 20.135690678770594, 20.83817974756437, 25.822114974426864, 52.60546008277557, 50.49910803034803, 55.293624688722666, 63.57003607993747, 64.3960733563102, 62.129873268753165, 57.58722125956773, 48.038348650879975, 37.95186302443047, 39.74845198069263, 33.4037726608534, 34.131547562400975, 86.18999434022626, 76.96246470217402, 70.86285302085213, 66.56033804616207, 61.001225318969034, 55.84401171574992, 53.9719909713109, 68.20236625248465, 74.57786552772373, 79.72044257983983, 84.19176974864911, 85.77067918283328, 82.7872591183115, 75.48214403972645, 68.66573808074898, 64.1054875779474, 58.311516015598045, 67.43409981579836, 72.5259415530721, 77.82393709956328, 108.49176043364206, 110.33518197921225, 114.19438774840424, 116.39607973460537, 123.77492735399456, 122.11437750578108, 125.77851701628342, 106.61403059010512, 96.04643634458249, 88.34336001819132, 73.94761656578851, 61.48042649732129, 51.81868314927512, 46.22555569877678, 46.899838514164806], [56.64093501496547, 64.0452401208099, 71.34110226631158, 78.2045321261676, 71.07421834443427, 63.60489698138442, 56.358501362852905, 14.728163983445665, 11.26629040809596, 7.353854498321815, 10.45413678226017, 18.16754451364526, 8.475367168268345, 0.0, 8.429529711174343, 52.267885995784006, 61.54344978005216, 69.38189314130865, 79.24407640877149, 86.85522307638689, 86.93440088476396, 76.20791518167924, 67.55076187030626, 59.05823722446272, 52.96406479508782, 25.126335159268216, 23.06684274212392, 24.24930529158617, 28.086261024158663, 33.58950285450231, 27.504646191366305, 23.82046601007539, 20.484702931063023, 17.434652959716832, 19.877252505159785, 44.29326238240472, 42.0827384716956, 47.38799725993296, 56.03175859118975, 57.31129780716726, 55.84670725071452, 52.045393075551665, 43.13880836510285, 33.105109350067764, 33.01174424013625, 25.160874112759195, 26.14502069596819, 80.08159098870883, 70.85035395949993, 65.13135919071007, 61.510552062706594, 56.67902853709548, 52.70570213870254, 52.72439324321745, 66.06350279774364, 71.45744885776864, 75.78503623987532, 79.32969410625729, 80.24476393662742, 76.92702106461333, 69.9819171496889, 63.99392095189335, 60.26257966282151, 56.33701677370042, 64.15688305505236, 68.22766777971403, 72.68015287765807, 101.32939994713638, 103.3346058674272, 107.57942155007859, 110.36893755875981, 118.11115577633893, 117.14235758587462, 121.8901648588241, 103.98464740772567, 95.83461920487576, 90.07397334419196, 77.37636727292707, 65.86747013900842, 57.443964068411695, 52.43979438934439, 52.50003241312039], [48.35208860082818, 55.81023774123234, 63.03629069824243, 69.78694154601925, 62.7035007825153, 55.25497404856879, 47.9921475511096, 6.600692068242011, 6.559858802863671, 11.25811025053721, 17.795198712473713, 25.263384007704058, 16.642203177824566, 8.429529711174343, 0.0, 45.2466659726902, 54.22311823324042, 61.75299937195221, 71.38086353798988, 78.77301511238319, 78.73640557623519, 68.21235695625103, 59.665822351973205, 51.26130196804826, 45.329301181571886, 22.975022903934807, 24.031368294844054, 27.843643971821972, 33.335324608453256, 39.33157419240537, 33.96080726867279, 29.664389432769823, 24.667246392486962, 18.998619470201092, 17.841871396056693, 36.80144161441595, 34.753504445498294, 41.04363020712754, 49.18808242185452, 51.30508496937952, 51.5790409971146, 48.867725174177785, 40.6225517379147, 30.889385950700852, 29.23380402671356, 18.854244570487435, 20.11548238728701, 74.29726292298902, 65.58916978407075, 60.65428522708174, 57.98554301627991, 54.098887893060905, 51.30655956060295, 52.67451552135599, 65.07709850933459, 69.53456797983843, 72.93227931419246, 75.31258043832382, 75.22425003061439, 71.56595387765005, 65.44289571684718, 60.66223147605133, 57.86735740104145, 55.57004707321185, 62.087354417547424, 64.9843225702494, 68.36645349483071, 93.42383700016686, 95.23618137225672, 99.80661591319584, 103.15391675023459, 111.42438077560467, 111.44053037379362, 117.27464659346353, 101.78149810302736, 95.55941382467935, 91.2444688110451, 79.9195158049082, 69.07855812445197, 61.762088378004194, 57.14732504191727, 57.257151841144896], [20.568738606072543, 22.839019690742113, 29.88169727243218, 40.476296376663285, 34.47311356381233, 28.420646682789766, 25.33961383939041, 38.87746233497771, 41.63758219706784, 49.982804913912524, 58.40798170747443, 68.41556556622379, 60.24893875361648, 52.267885995784006, 45.2466659726902, 0.0, 10.196178836964465, 19.55605832042022, 31.811699693586977, 42.404211704812404, 43.35118294438092, 28.62741062357378, 19.48303021691128, 12.003305241222062, 7.387900604392631, 35.00579197740176, 44.371335710097675, 54.200596350279596, 64.90856969321744, 74.98237140462038, 71.23338336737933, 63.061982175922395, 53.94859457785518, 45.60154486334366, 37.39580972933392, 10.924224762297094, 22.975751044056533, 35.3354157207172, 46.13657491009583, 51.96641255278203, 57.09111208818625, 60.36340665053652, 60.74516371786868, 57.19925249765146, 44.23752073896765, 32.97061735406291, 26.837039182887466, 76.66192075443907, 69.93048708993668, 68.86845460318547, 71.18386604287474, 72.42942623237829, 76.15366835554792, 84.49551578815986, 91.00244207521412, 90.26709646321896, 89.05896885126592, 85.90587636916621, 81.73506344073951, 76.50832123203432, 74.24309219411278, 75.58097730387375, 77.89032855724251, 84.29445530325073, 83.91815282238254, 81.17470423917449, 78.8950529549329, 62.36417928976204, 73.5786761013618, 86.506901173703, 96.47431816642127, 108.56419855631324, 115.13264233844592, 127.45910929254212, 120.62201970050698, 125.21590643806124, 127.22126988777818, 120.29116935819573, 111.01154718885472, 104.9181688136792, 97.54456351467856, 90.22104912665498], [19.300112889476505, 18.116591057360488, 23.600965276563816, 34.319229002243084, 29.99535253758965, 25.667184259240805, 25.04014754456934, 47.71220974999469, 50.74348292040617, 59.24781154124891, 67.67538876509896, 77.30226132499995, 69.5288277621841, 61.54344978005216, 54.22311823324042, 10.196178836964465, 0.0, 9.561150764230156, 22.046584042796788, 33.10644936597359, 34.367379790097495, 19.31257686303599, 11.132681051337721, 8.094362772703793, 10.476704072957537, 44.55281027906415, 53.66527640888284, 63.14371603838776, 73.48951481918202, 83.18500725975373, 79.89643030953827, 72.00923921421904, 63.16068848345446, 55.072650820074976, 47.0082708297218, 19.10693200458627, 30.133048918218332, 41.465400885201944, 49.73607806649497, 56.29336659143484, 63.12593726182052, 67.32248497077917, 68.38653043613361, 65.43577469654547, 52.947173521025135, 42.26776706230764, 36.67456550598032, 78.68669498048841, 73.42261643701876, 73.6126876976514, 76.89007571222737, 78.97212064189665, 83.31676013035529, 91.8548092930095, 97.60033154874003, 96.22060522358179, 94.21367996790674, 89.92173975417299, 84.64830045599673, 79.29773770132508, 78.45650970508686, 81.15047075872077, 84.18435460824365, 91.298204092281, 90.07794140594646, 86.42351714507274, 83.04672186182943, 53.69759316468323, 66.92968255066326, 81.86433067807627, 93.28942245505355, 106.37493549932432, 114.81489626785694, 128.38246834894565, 125.01821515067068, 130.89916846783186, 133.5410855963892, 127.2292374308534, 118.12216984434451, 112.42473389795869, 104.8357595437064, 97.3157145088249], [20.27585344603531, 15.821192136253988, 18.38991087165286, 28.291462180336456, 26.270851542056285, 24.202244542707522, 25.934567179971847, 55.16761740445598, 58.563656400257095, 67.26740182765127, 75.67728840020983, 84.78883197335357, 77.38499634199736, 69.38189314130865, 61.75299937195221, 19.55605832042022, 9.561150764230156, 0.0, 12.596420922870951, 23.83141914339266, 25.291898313523504, 10.430012387491498, 6.303870321433412, 11.82692112838003, 17.57808187224903, 53.432425072132396, 62.34418202450826, 71.46306046412398, 81.32257421894967, 90.43337192529653, 87.52209007832653, 80.09114868675688, 71.58056182205436, 63.65383838903726, 55.6914592927199, 26.996128702836334, 36.91434886831677, 47.29981417263862, 52.81351075858314, 59.95578169535221, 68.44411794143437, 73.34208790989612, 74.72066215980787, 72.18669092282697, 60.50504435900624, 50.22756596799571, 45.29306649078269, 79.61883903660508, 75.94029816468776, 77.32657149456061, 81.41690380362462, 84.18295333617009, 88.93438071878072, 97.4167735706252, 102.50932364230398, 100.63735653272322, 97.95119630296365, 92.65610334264848, 86.34445512324724, 80.95195229589426, 81.52378260938686, 85.42682401202748, 89.02700616530312, 96.56460083453595, 94.67537124268038, 90.25851684915571, 85.93562743998766, 44.9797127668379, 59.48311981127581, 76.05746196948563, 88.7063748470543, 102.66699584117649, 112.85470235764998, 127.46241818096087, 127.68594074374253, 134.51833908162098, 137.67548390376683, 132.0250971834401, 123.2062973245137, 118.06416988120554, 110.62377874877984, 103.55133389543144], [26.708820423214895, 20.520538941849896, 18.36738552340678, 24.30345485199808, 26.656136150502608, 27.75006221391615, 31.47597142188806, 64.81780529693494, 68.45808562004497, 77.24201613498055, 85.53583244512362, 93.91293916302416, 87.14002805309117, 79.24407640877149, 71.38086353798988, 31.811699693586977, 22.046584042796788, 12.596420922870951, 0.0, 11.673717355039697, 14.067948467273894, 7.260209494218536, 14.653648511155302, 22.567878865429357, 28.886996743463158, 64.54175712431822, 73.08412117947638, 81.62297927596981, 90.73646506158826, 98.9970728667226, 96.64769233428194, 89.87634126329613, 81.89875090829149, 74.29080594673275, 66.56553079839368, 38.21951234188067, 47.32752440386382, 56.94223902320163, 59.33397644130137, 67.01122536600678, 77.25177974972779, 82.69083419885337, 84.03308540693727, 81.68112276317868, 71.16280461315586, 60.955414591629605, 56.440429815725, 82.93368336185853, 81.34809071996558, 84.07371906955282, 88.92774344382255, 92.28281033139041, 97.21019131344208, 105.22897690520824, 109.82032754778598, 107.60783312593746, 104.28823320455393, 97.96700546920081, 90.46206305672051, 85.11799752126018, 87.38955519011455, 92.52829258722797, 96.57777355955547, 104.17240033594592, 101.8083758759219, 96.70700677280077, 91.4515724044685, 33.009789037191275, 49.94431032865725, 69.20789149628638, 83.51799297553774, 98.79674883420869, 111.4409674166626, 127.18686644234063, 132.34003737747506, 139.71961464232197, 143.05798019505562, 137.9183663388132, 129.26131274470214, 124.68260615358567, 117.20938674442755, 110.61113189034266], [32.861620446176204, 26.527506623825488, 21.561511655482185, 21.910883921450683, 28.057682520924697, 31.521073629069463, 36.319394423967495, 72.31755351614785, 76.35924916273217, 85.25625032162941, 93.40080951491589, 100.95230802942575, 94.66864513832444, 86.85522307638689, 78.77301511238319, 42.404211704812404, 33.10644936597359, 23.83141914339266, 11.673717355039697, 0.0, 4.399542353062303, 15.449859769115251, 24.222711839379734, 32.06385536545701, 38.45911251886029, 74.14531489225432, 82.4382293086912, 90.51279934090432, 98.89304326656715, 106.2010698342635, 104.20495242997622, 98.19030722334107, 90.72974897099893, 83.28300238492928, 75.72960433535115, 47.405920909152876, 55.35147516379846, 64.05624051549815, 63.40449125534753, 71.4042348435069, 83.20807369383863, 89.05265205127654, 90.24457047045108, 88.1349201374448, 78.9997347891733, 69.17268619065905, 65.50799366614126, 83.44062357924084, 83.88404247010766, 87.82103595648668, 93.30292387801312, 97.15784252990416, 102.17602950116124, 109.66387718896476, 113.66350999583554, 111.15876432235848, 107.28857570121339, 100.09735566314605, 91.56716132138853, 86.36583435125898, 90.20732585281392, 96.42360719331094, 100.82803097179377, 108.3826348799382, 105.56522369253122, 99.88040210124964, 93.84093824289471, 22.605987353375433, 39.58234170184683, 60.65616091941436, 76.15578321916283, 92.3902897123516, 107.06143338133617, 123.64692494060863, 133.3985712670966, 141.21869564459521, 144.87001089478773, 140.54067356383692, 132.4017320928665, 128.70416828809718, 121.90458845934491, 116.69059341894658], [31.97712539590403, 25.48989391176091, 19.593730295460556, 18.252210862910303, 25.17564015642577, 29.44099550789655, 34.74894388761653, 72.31042924034475, 76.66525023134147, 85.70314365239864, 93.8510000945639, 101.23193189217542, 94.82798953592226, 86.93440088476396, 78.73640557623519, 43.35118294438092, 34.367379790097495, 25.291898313523504, 14.067948467273894, 4.399542353062303, 0.0, 15.892571592407846, 24.58972320603918, 32.36900887640591, 38.79852369494799, 75.19551750267378, 83.59966869538255, 91.75533403036003, 100.09911519229185, 107.23286410250304, 105.08699202155022, 99.22773134786313, 91.7801175218169, 84.17399211045411, 76.54171485661031, 47.51749413285394, 54.559248209483684, 62.57587213104172, 60.87217661625873, 68.87850734189566, 81.1176179963647, 87.16030434174274, 88.51162304678587, 86.73669901138257, 78.02590594368853, 68.80295717669864, 65.85222838063572, 79.84865546597057, 80.7458018321625, 85.03222808145416, 90.7463700811688, 94.84302479682306, 100.04511717100621, 107.62892909146241, 111.17593535474488, 108.43006125761313, 104.32301915696173, 96.85500078516398, 88.10277329915637, 82.94308331699558, 87.17199134375927, 93.74874986899127, 98.35282010729748, 106.15883495733222, 102.98098373146357, 97.03224472765689, 90.71685731091199, 23.42441826355534, 36.86466743109068, 56.96572805366963, 72.32909518618716, 88.3339053323637, 102.97126329918108, 119.70741735975062, 129.98469643277534, 138.35660340883177, 142.5563556867257, 138.89118704314757, 131.2942641010579, 128.12450640712038, 122.16072272691459, 117.95932218749005], [21.80283610064328, 14.805462817029497, 12.41032013320712, 20.019690624842383, 20.662317736020444, 21.709080935722586, 26.03221164004355, 61.62693006558864, 65.70112441362205, 74.7255437949663, 83.11790182162089, 91.61398761168954, 84.3271238600569, 76.20791518167924, 68.21235695625103, 28.62741062357378, 19.31257686303599, 10.430012387491498, 7.260209494218536, 15.449859769115251, 15.892571592407846, 0.0, 9.490680296101909, 18.110262025623044, 24.736748954056473, 62.35627458085924, 71.27326992466843, 80.22677123911211, 89.65069799728458, 98.06211374330756, 95.24534796067273, 88.37912977083204, 80.15031733959094, 72.12877207719893, 64.13463646192471, 33.96686810834278, 41.81714724647283, 50.573877965125995, 52.75230441339685, 60.295208700142844, 70.5269859429144, 76.19923452341767, 78.03056435993693, 76.2453946319352, 65.6734989061759, 56.50175448576849, 53.018160574254686, 76.56372744029763, 74.63349365174034, 77.34630357743275, 82.33556208619855, 85.92173315444667, 91.22015947025557, 99.79774743800134, 103.81625002590073, 101.26120860681284, 97.76096501431479, 91.36321568606166, 84.00723737060775, 78.64664629992217, 80.7543079924722, 86.01353803038832, 90.29424107179918, 98.48121468723, 95.62498899379443, 90.30105601031045, 84.92189728845847, 37.80909995924137, 50.78861296538814, 67.6370302791209, 81.04523538792415, 95.35709325573676, 106.86327579370467, 122.43557483573967, 126.10055756942268, 134.36475888179635, 138.6030954246573, 134.29578591941063, 126.38357429063177, 122.33807772004961, 116.0751870556794, 110.66450522175235], [15.2310030624278, 9.941262679795258, 13.044939508368484, 23.58475203980608, 20.376812377975117, 18.078847971622665, 20.33111983919041, 53.07173443700379, 57.072178185472524, 66.081806504652, 74.52915254283803, 83.3838036478487, 75.7361383302398, 67.55076187030626, 59.665822351973205, 19.48303021691128, 11.132681051337721, 6.303870321433412, 14.653648511155302, 24.222711839379734, 24.58972320603918, 9.490680296101909, 0.0, 8.738021439534295, 15.339209114999996, 53.424145305618374, 62.5316489495412, 71.7717303054874, 81.53790557234363, 90.33836576933108, 87.16001025736665, 80.00516371288882, 71.5298803732277, 63.30512932270781, 55.1843959355094, 24.611137631276716, 32.986368845420394, 42.619765583989484, 46.95599487432068, 54.23184916101288, 63.37177084860064, 68.55385841754972, 70.10074047578209, 67.99139993912985, 56.83267709628927, 47.400886409764475, 43.79414333704244, 73.3531586921797, 69.88299172957764, 71.55729864456194, 75.89943477521693, 78.94052590071206, 83.93785962115132, 92.61716542163389, 97.20346510005817, 95.06858072891727, 92.15094674361004, 86.61575365884639, 80.14745224302007, 74.75409687311637, 75.57215466470281, 79.815838670636, 83.64269054631512, 91.5268183915045, 89.2174808349272, 84.51623131149691, 79.94239559920669, 45.80449195647655, 57.07101111093862, 71.88155230338647, 83.88613000242283, 97.28427495748575, 106.92862700931512, 121.47866500408989, 121.64685115612434, 129.0410792387496, 132.86994554131618, 128.04413692724518, 119.94812991144336, 115.52193548272852, 109.34597031562079, 103.89146673165338], [11.421193583871434, 11.119307118003485, 17.897054718212544, 28.540173448466952, 23.099776145553463, 17.93315960130311, 16.968144162763203, 44.677963660872784, 48.62595829931507, 57.627771843407125, 66.09668743124921, 75.15126239292579, 67.2740014637645, 59.05823722446272, 51.26130196804826, 12.003305241222062, 8.094362772703793, 11.82692112838003, 22.567878865429357, 32.06385536545701, 32.36900887640591, 18.110262025623044, 8.738021439534295, 0.0, 6.640635224179234, 45.0979676996816, 54.30396780432163, 63.68864480926748, 73.60645543522057, 82.5875756913379, 79.12338488672621, 71.8493707634264, 63.26369330852103, 54.888177972522456, 46.69732816652317, 15.909136042749084, 25.262208657032623, 36.2255330103596, 42.5583240222359, 49.533815198035704, 57.639071659473565, 62.153723184742795, 63.04224006213649, 60.361424075372675, 48.924991146800245, 38.85276075086725, 35.075225668668224, 70.9900798555825, 66.23040175818747, 66.88203349445895, 70.47470112830496, 72.83995065918648, 77.31437715036449, 85.77593732183935, 91.10964935089568, 89.56024825665655, 87.31872541485473, 82.7121854616331, 77.09312839287279, 71.73465952914142, 71.36258505421517, 74.51340633734907, 77.74494518601153, 84.99970613962317, 83.44509911993407, 79.48719245864149, 75.81235837274866, 52.63127924371538, 62.32053088604204, 75.40894959989896, 86.10721341853417, 98.75644090127356, 106.81127760728188, 120.29097103577307, 117.60442087543949, 123.7356930175112, 126.89160897977092, 121.4259692833526, 113.07320859442127, 108.28777943008612, 102.1846552326037, 96.88184310161797], [13.296221206595884, 16.14634548772659, 23.57881616263365, 33.87855312639491, 27.49200191314854, 21.148077941006694, 18.00350694577823, 38.784006639940095, 42.56977394895592, 51.49570099595617, 59.979599903660805, 69.31198080461152, 61.18974785874621, 52.96406479508782, 45.329301181571886, 7.387900604392631, 10.476704072957537, 17.57808187224903, 28.886996743463158, 38.45911251886029, 38.79852369494799, 24.736748954056473, 15.339209114999996, 6.640635224179234, 0.0, 38.796172907266985, 48.11470745736678, 57.6820154662229, 67.8195384123346, 77.06900971668566, 73.33595497747625, 65.85977543227227, 57.114893495390156, 48.60291586068266, 40.33746753760915, 9.455465678569935, 20.23291255531289, 32.34502905236359, 40.7319598210428, 47.21845176882043, 54.09457811702841, 57.96147437301672, 58.35240282700141, 55.19105284373888, 43.33124189291643, 32.67233884048935, 28.537355230623177, 70.51792913501997, 64.65550404972534, 64.37815556317375, 67.27627226216867, 69.03257888148298, 73.06252484775293, 81.39029553108172, 87.33509595298577, 86.2639762362881, 84.60424405147005, 80.81788156822829, 75.98977770814555, 70.70495213433824, 69.27903150917, 71.43937827123922, 74.14719263396071, 80.88814999093121, 79.97051196421346, 76.67408357773358, 73.79502402508585, 58.47157590362283, 67.43250038326619, 79.4061596729208, 89.17140166893147, 101.19832221096537, 108.01429318465506, 120.6384388539719, 115.51754226484172, 120.68881691078063, 123.31517409563554, 117.29969600476805, 108.71428500724252, 103.55577903565138, 97.42165926147253, 92.039655825159], [47.52881625424056, 53.52757816574083, 61.271851580204384, 70.4496015035172, 63.66215768553047, 56.17297965763848, 49.797156646036065, 20.714610714361303, 16.96340164377608, 19.956593062249834, 26.98492149461356, 38.378538760926396, 30.74706333814683, 25.126335159268216, 22.975022903934807, 35.00579197740176, 44.55281027906415, 53.432425072132396, 64.54175712431822, 74.14531489225432, 75.19551750267378, 62.35627458085924, 53.424145305618374, 45.0979676996816, 38.796172907266985, 0.0, 9.679586318634337, 20.177432627782633, 31.873563488644383, 43.481541024218096, 38.75002257937057, 29.29210101576019, 19.51183153167011, 11.425841107053829, 5.298140875326081, 31.432764036760542, 35.31532181626659, 45.062823503638626, 58.61597179338858, 61.49512732572405, 60.62989740620283, 59.06868302595908, 54.47304659955113, 46.7960420338799, 37.1065738877778, 24.13218822270036, 14.692867643797824, 88.2545406874979, 78.714