{
	"dissimilarities": [[0.0, 7.359980322937489, 14.842907055742348, 23.770222037669104, 16.96063025182699, 10.634931876252853, 6.971314326673559, 40.94295064591918, 46.87172135789428, 56.19904343050651, 64.49795603132335, 72.64520187728256, 64.9325230143516, 56.654658227552844, 48.2875860046231, 18.12411941676911, 16.663979556449203, 18.062873569532673, 25.405101504832547, 32.38549196683259, 31.795361598226403, 20.56763059699333, 13.186847680263433, 8.661270405109114, 10.88817376061206, 46.496740636441984, 55.367542528013836, 64.2581300960531, 73.35460299190818, 81.2948987178503, 77.88006313513844, 71.49218063352512, 63.48648825279591, 55.11707577832502, 47.13259781560429, 16.862821522579843, 23.586256572210072, 33.89414774053568, 37.003428066202765, 44.492492334213246, 54.0950905658314, 58.7391365495293, 59.1178402395999, 56.432773776371846, 46.74839642358666, 37.123237382432315, 35.04120310408885, 63.353138379332755, 59.3984222428349, 60.700549434300264, 64.59069292587924, 67.12431959126333, 71.44032059122955, 79.30577624726487, 84.4557145993033, 83.8544220147086, 81.49636372598088, 76.63869611290522, 69.53916705481912, 64.18703839799257, 64.28900010385458, 68.26724153829878, 70.74255843446434, 79.09034770146361, 77.6663158105979, 73.54474397151412, 69.65854081217894, 51.36364132106912, 61.2783231214081, 69.45753589655764, 77.95419978576672, 90.23180424733026, 99.54267275183767, 112.63130647219226, 109.47138088156375, 116.96417416131982, 119.693424366576, 115.49440193889544, 108.37305815847827, 104.81173393673465, 98.36089214286932, 95.26909933560822], [7.359980322937489, 0.0, 7.870920736833838, 18.036660950742096, 12.02557032944076, 8.750763248308344, 10.782812550579694, 48.28593138160801, 54.1624702086537, 63.47094672582698, 71.79636024934977, 79.98137956954841, 72.28653531130455, 64.00557747737345, 55.64521907135162, 21.90573993471976, 16.958878459918925, 14.608612219036177, 19.769286912924652, 26.26572378051983, 25.406134171988487, 14.051919873784188, 8.612400167040896, 10.023053433963327, 15.375926560701245, 53.131325230131004, 62.11550789229999, 71.10801396871925, 80.31880808703248, 88.33327586319325, 85.04093897384284, 78.56307004969247, 70.46994219094115, 62.11366849404505, 54.06331756131132, 23.042264583250862, 29.294291331246164, 38.210474069545526, 40.03342644529269, 47.64538928134959, 57.908528742684446, 63.22857813131274, 64.51067432809565, 62.563984329755804, 52.74016740713602, 43.99301051374706, 41.97102457180635, 64.57745551078415, 61.7215540196367, 63.891890544782505, 68.48904326233865, 71.7089280458448, 76.66812939393074, 85.01398481218716, 89.29260780783514, 87.98629558079755, 84.96025564341039, 79.25381093756795, 71.49325483305789, 65.87265992720661, 67.07132736754066, 72.14086544797722, 75.27572711435757, 84.49122430348442, 82.1201781971924, 77.26088762452511, 72.52782443626062, 46.38152642384268, 57.33756801178193, 66.65474960299537, 76.22919719037871, 88.96607638007403, 99.48489484684112, 113.55060103564702, 112.43324420453801, 121.40223519303682, 125.02890833934838, 121.56303984807232, 114.79387291100264, 111.55927040120552, 105.24296703273221, 101.94619989336331], [14.842907055742348, 7.870920736833838, 0.0, 10.958777459268072, 7.577944497018239, 10.373382261491233, 15.911988057011792, 55.62749204030149, 61.65465609718183, 70.97804633690285, 79.22897391126067, 87.06012503546884, 79.55314859324027, 71.29333578436967, 62.8867051403736, 29.243017885263228, 22.787557941192972, 17.345686659769914, 17.34934192882932, 20.953762579382495, 19.165263299932256, 11.345722881063772, 11.974646205812133, 17.21682934583894, 23.078076128564895, 60.96833735588073, 69.89609861983078, 78.7668596538081, 87.76103763117533, 95.4424221211204, 92.31613901380652, 86.09495813087666, 78.15387572757065, 69.8567455479816, 61.85616884568773, 30.830725364730032, 36.05992104352422, 43.49125546236008, 42.922794923589926, 50.64981225113683, 61.98759002609868, 67.89493157753738, 69.70510230859428, 68.38726433167261, 59.179988256699, 51.26978233291573, 49.74318873061085, 64.43341981922987, 63.27877380451073, 66.55215419543553, 71.87768316075464, 75.75921818948568, 81.17686084641022, 89.63361492814391, 92.99922946825063, 91.07838933979339, 87.37084311957135, 80.73691649242123, 72.13440822994775, 66.26988289947228, 68.98786831902125, 75.31015503748827, 79.0913483597912, 88.77152418156084, 85.51531199284084, 79.92956980325407, 74.30135983889559, 41.11849405679141, 51.379855796115, 61.29940731457454, 71.82379956763602, 85.0288748252491, 96.87633910135338, 111.90229839688838, 113.82271939299557, 123.92560173454534, 128.41211225912667, 125.82167299666686, 119.56103291823321, 116.92556772156183, 111.22413243316188, 108.50408496528671], [23.770222037669104, 18.036660950742096, 10.958777459268072, 0.0, 8.61161117008664, 15.721557327055383, 22.107432719717448, 62.77206701696277, 69.17279111137897, 78.48181662118125, 86.45959262361703, 93.31432247000619, 86.26975800409274, 78.1251085957306, 69.6924251871651, 39.90066431165953, 33.65307563651443, 27.444870022497355, 23.24919751202275, 20.90171370372119, 17.29312839938506, 19.073248538543556, 22.717844677755345, 27.903217857750185, 33.372115682144134, 70.13614483782618, 78.78610465970031, 87.23061570948715, 95.52934228452541, 102.26009010098596, 99.34658016972689, 93.9065914699357, 86.4717745088022, 78.31002687018233, 70.53625161584041, 40.28939079717629, 43.79333438463215, 49.47118320270262, 44.897111382841736, 52.68705311985919, 65.70701330762884, 72.0669091888298, 73.88739578928714, 73.13050010275181, 65.68632769594554, 58.78348050197499, 58.39524408393161, 61.18863187488868, 62.79626388295346, 67.56837303499601, 73.65973287351092, 78.18129675276568, 83.78525179140684, 91.77365033836483, 94.0615714039453, 91.64010316075394, 87.21712717095764, 79.52341350763002, 69.77377181682803, 63.71145751841766, 68.68920237586525, 76.54403650866196, 80.9683222808055, 90.49361126218965, 86.3887442369502, 80.07712054075954, 73.45995481847258, 37.05132671813041, 41.94002392570692, 50.898503973016126, 62.05425025298617, 75.77127990238594, 89.13199022969684, 105.09260577365599, 111.71991207548095, 122.41466427572828, 127.76926680821386, 126.39876700918184, 121.0083803238427, 119.49545721567125, 115.31636369146266, 114.49873171500084], [16.96063025182699, 12.02557032944076, 7.577944497018239, 8.61161117008664, 0.0, 7.60197454527085, 14.73428155214732, 55.640431321968116, 62.19551725644675, 71.57250772963319, 79.63750380594456, 86.82814323941373, 79.34874653108663, 71.08723164409292, 62.72532018629697, 33.45544092739431, 28.635011346381024, 24.518121897882008, 24.60064819174125, 26.134689529661593, 23.385789199031176, 18.74319618413575, 18.65618276730698, 21.834236579522397, 26.55515295850095, 63.143998349657814, 71.98280898181414, 80.72991994765114, 89.39138634621973, 96.52907127481926, 93.20061596994846, 87.45942229578614, 79.76022345414702, 71.36231760273765, 63.45356273062678, 32.70151020067643, 35.327957462221185, 40.959051219581305, 37.60971217277577, 45.420048914164695, 57.83234428768685, 64.04215057418352, 65.95553130299176, 65.23155217586738, 57.263112472631526, 50.72884866991157, 50.839216353361884, 57.21152106118972, 56.92499259994791, 60.86281307466224, 66.59473930418996, 70.87134689721461, 76.52071644347473, 84.99616016540807, 87.5682606607744, 85.28303950962169, 81.21617610134976, 74.14808429602532, 65.15685076964209, 59.22250588193439, 62.71851840700822, 69.76294737085233, 73.92786679798938, 83.82161055750584, 79.909979455898, 73.91147658569803, 67.83859029165413, 44.31340670948756, 49.54626151342954, 56.35994948454856, 65.6695460559479, 78.18835176031051, 89.49271802773804, 104.50254394078408, 107.00397458407055, 117.71388975175536, 123.04593205701075, 121.57434500376517, 116.23666997074008, 114.56456419686694, 110.54631433600039, 109.79976945065877], [10.634931876252853, 8.750763248308344, 10.373382261491233, 15.721557327055383, 7.60197454527085, 0.0, 7.3970239790588055, 48.13301599547098, 54.72024971222821, 64.10786294740056, 72.19440165283125, 79.5454431587579, 71.90608158028138, 63.61144793704314, 55.273755445115526, 27.811553200033547, 24.917185438241976, 23.290267548491432, 26.79050865017897, 30.67409760093596, 28.681393945662773, 20.83533081634124, 17.12787573544256, 17.123948689823738, 20.54395507386672, 55.88997575383338, 64.70958399476704, 73.49157966216829, 82.22886043006184, 89.51543561355045, 85.99972069490897, 80.16129330912543, 72.41139092770432, 63.95470060621994, 56.051024649340675, 25.630575564176258, 28.14080662156826, 34.84765831926115, 33.213223363693146, 41.09879408610664, 52.7997270957335, 58.490269562400364, 59.81565343625461, 58.527327873354345, 50.25847635332, 43.181213570048854, 43.34455345762142, 56.09781277304007, 54.10512144519049, 56.9978194462738, 62.058592087924204, 65.72143821237626, 70.93226583448349, 79.2805526301164, 82.70085258783581, 81.02264905627928, 77.61329011912807, 71.44178091879643, 63.24433371705031, 57.541205751558294, 59.54387789107206, 65.41346851969891, 68.97396781923825, 78.39991685842419, 75.31566823577919, 70.00099532841065, 64.79261707080289, 49.18019088479906, 54.939613542191935, 60.98941971430188, 69.16633047848384, 81.12113430624525, 90.95246591290672, 104.92258722048969, 104.42061633453035, 113.9617076161511, 118.50536113403898, 116.29706918617754, 110.5812148525214, 108.48647900785748, 104.18558350895525, 103.31729216620454], [6.971314326673559, 10.782812550579694, 15.911988057011792, 22.107432719717448, 14.73428155214732, 7.3970239790588055, 0.0, 40.92626249459496, 47.480165737613206, 56.852199916129415, 64.90417655765019, 72.22482741374061, 64.66555750698498, 56.4002618271405, 48.02186871642716, 24.11028732539078, 23.544246729542593, 24.275419611387523, 29.810563852612532, 34.86203564406172, 33.478925218931955, 24.622408002303352, 18.771132019031377, 15.412985795635933, 16.74872874614969, 49.216330588827205, 57.8222334826927, 66.39866442454672, 74.9506928010883, 82.13950357001043, 78.61823524447188, 72.88368208648724, 65.27754925990445, 56.90680180549083, 49.13696644937054, 20.15461737730444, 23.279269206169747, 31.827254719806795, 31.878046673322302, 39.69045637293213, 50.61166854916808, 55.49307273535893, 55.68922783202487, 53.39174706506325, 45.21892002053701, 36.84676159082316, 36.69511818739384, 56.9282958726906, 53.75164646984094, 55.6289128248818, 59.84796694815819, 62.669059779927245, 67.06558451239835, 74.74902048862874, 79.34054557213257, 78.56235005128971, 75.9555973037244, 70.76284597470713, 63.27445738647901, 57.865679787400616, 58.655577896460535, 63.239947762281666, 65.99233672940882, 74.27503253558982, 72.42290899882791, 68.00442764807744, 63.791522183111226, 52.647387251724446, 58.71088708168775, 64.57552357049228, 72.04589131864931, 83.82901223568237, 92.69054827229114, 105.66567921066826, 103.33997217842322, 110.97114166968983, 114.2575213103982, 110.94067024773766, 104.58336386890046, 101.93460468864163, 97.10193025258155, 96.07991762734314], [40.94295064591918, 48.28593138160801, 55.62749204030149, 62.77206701696277, 55.640431321968116, 48.13301599547098, 40.92626249459496, 0.0, 7.5472901252860956, 16.45468993829276, 24.275529061581047, 32.63158759567611, 24.100478937264523, 15.745327334978496, 7.652300873815729, 37.127564473484455, 46.11464898671971, 53.70433422769851, 63.53460302582142, 71.23439806860085, 71.28206240878495, 60.33549996622614, 51.689091262364684, 43.228150852843164, 37.23846918028808, 19.237506915239564, 23.391929743962965, 29.75665409386838, 37.232448148513264, 44.61191755162256, 39.64690269801976, 33.98635058577453, 27.246661440086672, 19.622071037573022, 15.006525270496699, 28.79300236663357, 28.06599342629085, 36.1749211597968, 45.22556431962119, 48.16339372105862, 49.36363427934667, 47.8082303143945, 41.35964187757632, 32.738730396016486, 27.460044278127558, 13.962925695611865, 12.929992588331057, 72.24801749851353, 62.94220206060419, 58.63072327967521, 56.92467377787053, 54.0299973975972, 52.68934867511168, 55.834465087429386, 67.06659771666688, 71.40891609135048, 73.84155199083298, 75.09537320228567, 73.27520600644128, 70.46981371841376, 64.06808766810798, 60.09301143512588, 57.435321011000276, 58.20036616405713, 64.0270007719785, 65.68933436543234, 67.94110574940515, 86.52058641945519, 92.88188195982976, 96.25150785794256, 99.52526638579546, 108.48179143504072, 110.99723466538111, 117.96127412397657, 102.20294613843622, 100.18824621400044, 96.74831947606417, 87.39209460520676, 77.8554526829114, 71.5172324023836, 63.87610250442419, 62.10453460384603], [46.87172135789428, 54.1624702086537, 61.65465609718183, 69.17279111137897, 62.19551725644675, 54.72024971222821, 47.480165737613206, 7.5472901252860956, 0.0, 9.399453195505258, 17.731360547609285, 27.450091896391566, 18.984022927612944, 11.372926810846803, 6.072977243159569, 41.054521965844145, 50.27358332065087, 58.20490206673184, 68.22702985384107, 76.28561963786471, 76.65524659246044, 65.50983710299145, 56.831706615221414, 48.35255486338177, 42.23368098101824, 15.522991381770813, 16.962080133011693, 22.328059227176215, 29.86608524083339, 37.98059932500745, 32.86276112123577, 26.562279983167972, 19.740468045738808, 12.611709012359306, 10.442176395699747, 33.97920358954437, 34.43303332604968, 42.56919945528808, 52.518097180752385, 55.109627438714355, 55.13240065266614, 52.85652995153119, 45.99043421523904, 36.893267874187735, 31.980016333360506, 19.436333295128147, 15.988344552723929, 79.39853976515404, 69.75389526168564, 64.94635894404816, 62.63661878465807, 59.092996655100286, 56.943087165860916, 59.10251260774234, 71.24188926734338, 76.27333501583563, 79.34055868456348, 81.31506889637498, 80.0534886159936, 77.47311259438442, 70.56832389939248, 65.74370287476103, 62.446186890714564, 61.967709244359796, 68.92020991742051, 71.3663433957771, 74.28192275734877, 91.17194959029725, 98.72437188331726, 102.87414436662583, 106.33938464429498, 115.4324190863488, 117.79424172297713, 124.24883671896403, 107.41571867991996, 103.82174835618368, 98.90515460258335, 87.97074994037844, 77.35127622248193, 69.64927592962461, 59.95280407301292, 56.10650639104099], [56.19904343050651, 63.47094672582698, 70.97804633690285, 78.48181662118125, 71.57250772963319, 64.10786294740056, 56.852199916129415, 16.45468993829276, 9.399453195505258, 0.0, 8.561321571420212, 19.674468276695208, 11.512890971213357, 7.5284163069846235, 10.85131503880714, 49.57884609219897, 58.900286854831855, 66.98533829718856, 77.03627455396207, 85.1621523539084, 85.66445409953238, 74.56792352158658, 65.90388297041824, 57.43824384070348, 51.27420753590925, 18.96557249201608, 15.14939017950802, 16.21755943942149, 21.950339807184626, 30.01106051251008, 24.230791394217917, 17.996266172620253, 12.761881400422155, 9.63892300914635, 14.103777403627047, 43.04193109861268, 43.22387347992234, 50.348090478815784, 60.41920662028281, 62.292450636352726, 60.8770488325815, 57.528314887066685, 49.788613983629446, 40.20555456214659, 37.203094172586944, 27.105950372802074, 24.271903088358048, 86.26382380746935, 76.19389653131606, 70.6850187672687, 67.44434617161606, 62.94450397825679, 59.51635097863947, 60.070359690454474, 73.2856748291233, 79.32833243042113, 83.34270711305847, 86.45169178347211, 86.1355025361053, 84.03047367217262, 76.3695563305002, 70.28095726508838, 66.03770499703023, 63.556597924630616, 72.06004127017908, 75.68883397376183, 79.66302807231322, 99.50279236905273, 107.04857401163429, 110.97143402914419, 113.92056619784242, 122.60514837923928, 124.06167032431856, 129.40690001708896, 110.62746292966142, 104.72026731933029, 98.00006047852807, 85.40506226050067, 73.88631873990093, 64.92488061574655, 53.898297954966324, 49.24988072825356], [64.49795603132335, 71.79636024934977, 79.22897391126067, 86.45959262361703, 79.63750380594456, 72.19440165283125, 64.90417655765019, 24.275529061581047, 17.731360547609285, 8.561321571420212, 0.0, 12.280884771672318, 6.428876683387931, 10.42386131678012, 17.48534909845523, 58.1114750241211, 67.40104977399736, 75.42850334833363, 85.31292807454788, 93.24243191956317, 93.74140161522122, 82.95577652269249, 74.36540968967256, 65.93437115064982, 59.8065984618084, 26.366301121133926, 20.214312424712773, 16.595571954171813, 17.604082092374398, 23.675771312953902, 17.139615646295866, 13.104760968086865, 12.992458542332933, 15.388970392890682, 21.967098484586764, 51.56671853841148, 51.23066570672197, 57.44236257734464, 66.91565358074604, 68.22995200768256, 66.00752274364692, 61.84653832225381, 53.25981315479724, 43.43120160138752, 42.715575181617794, 34.559017800905224, 32.70864109473388, 91.29737850311494, 81.15721844232321, 75.21655998328242, 71.24543440338994, 65.97651640588417, 61.34683148327814, 60.117881371916795, 74.17521684681414, 81.16432234488515, 85.99238978033499, 90.04742658489963, 90.4780693879951, 88.8196047513177, 80.73064049722632, 73.69985952575436, 68.67633290095355, 64.1106984161297, 73.99561213370377, 78.65532442058063, 83.51345262828819, 106.93536393196717, 113.73376104338521, 117.02082006009101, 119.27063960245273, 127.44995728701507, 127.98104272744544, 132.20075262408474, 112.13962194561768, 103.8374453763556, 95.38808647688761, 81.33727561703655, 69.11988901457232, 59.20917219319289, 47.5734456166742, 43.582946340625234], [72.64520187728256, 79.98137956954841, 87.06012503546884, 93.31432247000619, 86.82814323941373, 79.5454431587579, 72.22482741374061, 32.63158759567611, 27.450091896391566, 19.674468276695208, 12.280884771672318, 0.0, 10.198620314732189, 17.805036545235453, 25.034730264134147, 68.34765975010815, 77.27993884612437, 84.76898747083976, 93.90184325156761, 100.95101244534646, 101.23079708880583, 91.59984246080046, 83.3413942137643, 75.1006626708681, 69.25370013954232, 38.287831055301226, 32.13324916687443, 26.58545214333608, 21.72545178371916, 20.13071315557643, 14.682824321824226, 18.846784572803553, 23.80134185416421, 27.50803443340162, 33.699749062607026, 61.153068685944696, 59.98582987101575, 65.20451534776026, 72.32438884835763, 73.24900070068179, 71.36641256604526, 66.64492775121361, 56.75333843148942, 46.72743165920178, 49.85366144425556, 43.356292268885376, 43.149468460064575, 93.566265206858, 84.30189079716274, 78.42816353046065, 73.91493108697792, 67.97613666123644, 61.77577375347804, 57.47630140377016, 72.43441043948299, 80.69509482518407, 86.32986536732847, 91.18964300494363, 92.06747697308059, 90.9313856028084, 83.1320817733747, 75.57966198091368, 69.83017179671945, 61.9625461766445, 73.55698294211916, 79.30780693341063, 84.96826363889072, 113.18704067376063, 117.46787300082342, 119.2000000155025, 120.18588778393962, 127.6067948898505, 127.03061737857519, 129.71469463285246, 110.15654375157823, 98.04729172085386, 87.10049851155235, 71.1408452348003, 57.95697873213412, 47.27915279183528, 36.38554482977137, 37.91341608141115], [64.9325230143516, 72.28653531130455, 79.55314859324027, 86.26975800409274, 79.34874653108663, 71.90608158028138, 64.66555750698498, 24.100478937264523, 18.984022927612944, 11.512890971213357, 6.428876683387931, 10.198620314732189, 0.0, 8.434082064306109, 16.67712112074713, 59.95678111998169, 69.24420578511267, 77.0993174357105, 86.84128955788071, 94.39624551662388, 94.6011723340235, 84.1042914827386, 75.52340338789722, 67.06640955624496, 60.98200436945459, 30.187084197559805, 25.413321756272325, 22.95980204851647, 23.28319254654924, 26.95999890532405, 20.503083902990035, 18.935668036629547, 19.223431846135306, 20.084153744222657, 25.290266142151903, 52.46794169595363, 50.69949933219852, 55.72598404141376, 64.08301151636566, 64.94844723456109, 62.58835688311313, 58.0902669529408, 48.86007239276768, 38.88838341974056, 40.22853499773927, 33.688446804389265, 33.941800336501466, 87.09570854480246, 76.99584316705362, 70.91474411421939, 66.62839452408936, 61.05384547521923, 55.88459098983929, 53.95864988148554, 68.21743930181484, 75.52362316436984, 80.61814196069501, 85.03511481165552, 85.82730955659123, 84.4553920772384, 76.19386365709565, 68.80046930667683, 63.47728851149567, 58.052858599512795, 68.3626965722846, 73.40106719387927, 78.64035509228394, 108.10081148894595, 113.14627529893677, 114.99079997117833, 116.30938006172491, 123.75210043292145, 123.3841472273758, 126.99678595183894, 106.22686681439673, 97.46173005182268, 89.14194024602008, 75.61702576341186, 64.09252301549938, 55.106331850595545, 46.166481915862235, 46.192225360283366], [56.654658227552844, 64.00557747737345, 71.29333578436967, 78.1251085957306, 71.08723164409292, 63.61144793704314, 56.4002618271405, 15.745327334978496, 11.372926810846803, 7.5284163069846235, 10.42386131678012, 17.805036545235453, 8.434082064306109, 0.0, 8.48513203556798, 51.98239012775908, 61.25333401028906, 69.07663612630407, 78.90445466353567, 86.5247015287345, 86.65189476262657, 75.95968348004224, 67.32634613357706, 58.843202143562905, 52.75595375706932, 24.542274739474927, 22.277511948402903, 23.35113633580852, 27.180095176280858, 32.82218658809894, 26.82085700925839, 22.999126083333596, 19.644837039695112, 16.632866909948476, 19.28409784377545, 44.174075117274356, 42.378627706024815, 47.97224259407497, 56.6277659181597, 57.97635768968559, 56.46381996735134, 52.72059173432968, 44.132279777427335, 34.2242738560819, 33.71945959336242, 25.611917969837425, 25.982050374818552, 80.94753953902784, 70.90439263834844, 65.22751335492251, 61.63178811248473, 56.78757515932433, 52.783433361904684, 52.688931165123, 66.10468209740533, 72.47229807506277, 76.75759682506904, 80.24525392484519, 80.30852237376342, 78.518835782104, 70.65068526228434, 64.15915284649138, 59.589035248618686, 56.24640232737217, 65.16406180692353, 69.1811186204463, 73.57269747311629, 100.83401003802324, 106.1734669276935, 108.32232391371049, 110.14688318685535, 117.97172848291393, 118.38502933356762, 123.05859487876285, 103.53381039586779, 97.2039157106199, 90.74496455937799, 78.86611395350464, 68.19330035735008, 60.34358453772081, 52.20261094661855, 51.72904456357277], [48.2875860046231, 55.64521907135162, 62.8867051403736, 69.6924251871651, 62.72532018629697, 55.273755445115526, 48.02186871642716, 7.652300873815729, 6.072977243159569, 10.85131503880714, 17.48534909845523, 25.034730264134147, 16.67712112074713, 8.48513203556798, 0.0, 44.497953697342645, 53.490968197730055, 61.041732502131126, 70.65907034053856, 78.13075707684241, 78.20420166652197, 67.67096996546033, 59.136567404802456, 50.736252312493576, 44.7956458853608, 21.49169687400734, 22.373098422776536, 26.226177860347303, 31.897290659158376, 38.2099371622008, 32.989132229722244, 28.394300600723135, 23.210010039767084, 17.421193482493926, 16.343405986224074, 36.423899484564515, 35.24748965337495, 42.1267918078498, 50.47616995400204, 52.72859923347924, 52.950612500570784, 50.34847800447155, 42.57155308228226, 33.045320463661426, 30.616552869231292, 19.704573134468987, 19.521996685152185, 75.87963013249251, 66.46799414238968, 61.61338998005886, 59.02450377776933, 55.16626691883456, 52.40265988863391, 53.703164799031484, 66.14705274591442, 71.58840251401648, 74.91997577491804, 77.19741533360917, 76.14654266266689, 73.81523377282562, 66.89993747413246, 61.79970182360478, 58.197394022382994, 56.66201531421884, 64.13147138058355, 66.9518060532833, 70.21966905848281, 92.59322868358414, 98.15359952557348, 100.87681532872966, 103.41478075470413, 111.90254107119344, 113.4972762269761, 119.34137454237255, 102.3999548050257, 97.95147866410043, 92.86516254475855, 82.15140683715809, 71.92537766302853, 64.88754520173704, 56.97987525298395, 56.08797879456493], [18.12411941676911, 21.90573993471976, 29.243017885263228, 39.90066431165953, 33.45544092739431, 27.811553200033547, 24.11028732539078, 37.127564473484455, 41.054521965844145, 49.57884609219897, 58.1114750241211, 68.34765975010815, 59.95678111998169, 51.98239012775908, 44.497953697342645, 0.0, 10.152967126357401, 19.50370507996973, 31.758338502173537, 42.3358136192927, 43.280495264094256, 28.56528550581946, 19.52307053840041, 12.034834585229834, 7.404688432065865, 35.00866380830098, 44.37430730226726, 54.19040744412494, 64.88378020802507, 74.97352028480931, 71.24101034402825, 63.044580496334056, 53.94279359124021, 45.60976873547684, 37.39769150905051, 10.90561120455598, 22.992004905881437, 35.389273237573484, 46.07404132381205, 51.97565663146491, 57.00029388387981, 60.27210715680432, 60.75225830555735, 57.18615959940438, 44.23683660249107, 32.96442281477137, 26.836821957375665, 76.07560122735124, 68.87286676773483, 67.83834035692598, 70.17866362907272, 71.4568683029083, 75.21859906855148, 83.56259843415292, 90.20616087453145, 90.32606741149101, 89.12426504080003, 86.00223906797503, 80.87220446455775, 76.09139882332347, 73.1684720872074, 74.52886982338549, 75.80805010727525, 84.0853403389819, 84.05721246491898, 81.25857085092242, 79.00522102797584, 62.1724859040929, 77.50354670192392, 87.4496655538098, 96.00717740120156, 107.89317798290018, 115.93248863186916, 128.0233857046058, 118.90293583696048, 125.70256582409105, 127.12478242388265, 121.04417214196003, 112.57871175062819, 107.01089539292946, 97.58281441423831, 90.21496858433713], [16.663979556449203, 16.958878459918925, 22.787557941192972, 33.65307563651443, 28.635011346381024, 24.917185438241976, 23.544246729542593, 46.11464898671971, 50.27358332065087, 58.900286854831855, 67.40104977399736, 77.27993884612437, 69.24420578511267, 61.25333401028906, 53.490968197730055, 10.152967126357401, 0.0, 9.571118277589665, 22.07464321696928, 33.13140385531807, 34.3892900740333, 19.317744620491833, 11.254411999364516, 8.190740813600561, 10.503421866398302, 44.54531321943072, 53.66219099903378, 63.14466768295916, 73.49269558320336, 83.21642001847333, 79.9322148289558, 72.01256152335147, 63.16280875991249, 55.07702494717336, 47.00670535051383, 19.104639404443805, 30.157945025790898, 41.4911585260881, 49.70929698796126, 56.287858760506886, 62.983323049162586, 67.1821751991613, 68.37455164856743, 65.4324013570954, 52.91132524842835, 42.27484975794787, 36.66904158225493, 77.93601244766734, 72.37968309578251, 72.59928305986283, 75.90900443411023, 78.02840937925573, 82.42122537199552, 90.98271998328451, 96.80847575386773, 96.2645207626108, 94.26137081819637, 90.0007554782033, 83.77045387018246, 78.55951515316762, 77.26821725868137, 80.14820007815982, 82.22780767373095, 91.15976272980346, 90.18771635808596, 86.49088307600515, 83.13937470225397, 53.6123650139212, 71.03010369482213, 82.92910366266175, 92.99930411153399, 105.8093721938303, 115.65610308841971, 128.991939660053, 123.40600175560483, 131.38386652797493, 133.50651433602854, 127.98135425824637, 119.66328502635146, 114.4237000827081, 104.94017717537109, 97.36945988800896], [18.062873569532673, 14.608612219036177, 17.345686659769914, 27.444870022497355, 24.518121897882008, 23.290267548491432, 24.275419611387523, 53.70433422769851, 58.20490206673184, 66.98533829718856, 75.42850334833363, 84.76898747083976, 77.0993174357105, 69.07663612630407, 61.041732502131126, 19.50370507996973, 9.571118277589665, 0.0, 12.614365834430007, 23.844046124468267, 25.301279536162166, 10.425654586851135, 6.331469613956226, 11.80966902137875, 17.54828604739941, 53.42111870623046, 62.333495512668215, 71.46103014174307, 81.32171894724111, 90.45284839260607, 87.54411751956603, 80.09058543158336, 71.5783268320884, 63.644990526222394, 55.680897894881305, 26.9869906643089, 36.967474932580686, 47.341143172821226, 52.817892474709225, 59.93195817312252, 68.27287924552517, 73.17725379058044, 74.70640644129173, 72.20245962682263, 60.46535880247811, 50.25633922842262, 45.28102351432593, 78.67466757636178, 74.92096098854263, 76.34845230019606, 80.4799585508668, 83.282432738688, 88.0800654339809, 96.58652380313374, 101.69541518100522, 100.65272617770792, 97.96620494335848, 92.6939670166566, 85.4198799021938, 79.86938424707768, 80.23918195553047, 84.49769725897315, 87.23607425844247, 96.45271607386705, 94.7286804429592, 90.28743149333597, 85.98196689668401, 44.87276900993406, 63.578111330777176, 77.0988597235076, 88.47914224539392, 102.11111976281919, 113.63596989338055, 128.0255590153609, 126.19804786138282, 134.9413953271315, 137.63740275531288, 132.6942696028293, 124.62308472316116, 119.86499454751186, 110.70660319409632, 103.58980273631762], [25.405101504832547, 19.769286912924652, 17.34934192882932, 23.24919751202275, 24.60064819174125, 26.79050865017897, 29.810563852612532, 63.53460302582142, 68.22702985384107, 77.03627455396207, 85.31292807454788, 93.90184325156761, 86.84128955788071, 78.90445466353567, 70.65907034053856, 31.758338502173537, 22.07464321696928, 12.614365834430007, 0.0, 11.666248430113473, 14.058628121213577, 7.277631596683978, 14.5523910764072, 22.50007592023578, 28.833483756044913, 64.53046600407511, 73.06791426089835, 81.62190132482465, 90.73526999832244, 99.00550795810237, 96.65599229377727, 89.87544392082567, 81.8954684985017, 74.26920388442957, 66.54865961246038, 38.213321795258196, 47.42073498011588, 57.00872240949475, 59.39004648919492, 66.96596155797674, 77.04160384957417, 82.4912561232928, 84.01890452283676, 81.72893979865336, 71.12052885644259, 61.01813702872484, 56.426486805886974, 81.7551354574882, 80.37956930218361, 83.15289901929306, 88.05333591533743, 91.4371203753141, 96.40453799015638, 104.44913374525781, 108.96282921674756, 107.58189826560492, 104.2551174356868, 97.94285227545238, 89.47523524594551, 83.61798664237644, 86.02303388330512, 91.70797951541154, 95.01929288349739, 104.04906901887914, 101.77804243299582, 96.67986538581832, 91.42875866559177, 32.872005453612914, 53.89664144492043, 70.16864468931092, 83.43206005570308, 98.28088083736057, 112.10970463275078, 127.67002736258677, 131.05876615184695, 140.04853441840825, 143.01947618251768, 138.46872089243334, 130.51455644251, 126.21754457179144, 117.26746339524834, 110.63376897389124], [32.38549196683259, 26.26572378051983, 20.953762579382495, 20.90171370372119, 26.134689529661593, 30.67409760093596, 34.86203564406172, 71.23439806860085, 76.28561963786471, 85.1621523539084, 93.24243191956317, 100.95101244534646, 94.39624551662388, 86.5247015287345, 78.13075707684241, 42.3358136192927, 33.13140385531807, 23.844046124468267, 11.666248430113473, 0.0, 4.398977428470849, 15.471217183874252, 24.081987478568315, 31.96474317101148, 38.38225386174461, 74.12636994427146, 82.41111649295343, 90.50905965421478, 98.89136637613706, 106.20299965804524, 104.20239201612367, 98.18769832058821, 90.72170915252762, 83.24512029696798, 75.70121392516211, 47.3929234651195, 55.469985872983614, 64.13467914616545, 63.506074851792505, 71.32992576019194, 82.9403524508431, 88.8000610246347, 90.221578221776, 88.20827971263009, 78.94239059369491, 69.25851600985298, 65.4847953366535, 82.0640614333411, 82.97778779995076, 86.96297155646496, 92.4942779604878, 96.36965547051196, 101.4245601013729, 108.94593669611798, 112.76737584768814, 111.08584814835619, 107.20079917207414, 100.00495686362821, 90.52836477961377, 84.49812882918623, 88.78479569794611, 95.71935955519017, 99.52150547929013, 108.25457966867049, 105.44615747119498, 99.79220588713504, 93.74387010543904, 22.47469974014216, 43.42869505159994, 61.557346042138875, 76.21328514799956, 91.93479345242807, 107.63143902163262, 124.0651959649095, 132.33891295947714, 141.4613448466192, 144.84000574215383, 140.99083436343147, 133.49281452711713, 129.97784675832472, 121.95077675398734, 116.70691100077958], [31.795361598226403, 25.406134171988487, 19.165263299932256, 17.29312839938506, 23.385789199031176, 28.681393945662773, 33.478925218931955, 71.28206240878495, 76.65524659246044, 85.66445409953238, 93.74140161522122, 101.23079708880583, 94.6011723340235, 86.65189476262657, 78.20420166652197, 43.280495264094256, 34.3892900740333, 25.301279536162166, 14.058628121213577, 4.398977428470849, 0.0, 15.910939035821048, 24.443846222063115, 32.26560577342618, 38.71813773286377, 75.17496353022811, 83.57106411291268, 91.75056109998417, 100.0968191113535, 107.234231435938, 105.08348879467039, 99.22434230562988, 91.77094221786139, 84.13439223843022, 76.51163484136238, 47.502227472916616, 54.68031132675912, 62.655768172741304, 60.980710456909485, 68.79765238919673, 80.83551069859544, 86.89526198815405, 88.48620461021363, 86.81239667414044, 77.9649374882832, 68.88986550049654, 65.82705339584649, 78.43904473523008, 79.85904934605833, 84.19684476962294, 89.96265578473228, 94.0805120643522, 99.32057215791393, 106.93940649319438, 110.29136384395977, 108.35018024353437, 104.22681130747563, 96.75237421708582, 87.0651978369463, 81.00264491747345, 85.73385481129958, 93.07606922690267, 97.11548110167493, 106.07109174454617, 102.8501770872085, 96.93515113494442, 90.60894985152802, 23.304209592774562, 40.881291168261015, 57.91096876773592, 72.34280117058351, 87.86781619385233, 103.55219800434939, 120.13213309665201, 128.9522434990741, 138.59607357801502, 142.5271059829197, 139.339596309755, 132.3513219536142, 129.35509372171182, 122.20678587013697, 117.97546790256995], [20.56763059699333, 14.051919873784188, 11.345722881063772, 19.073248538543556, 18.74319618413575, 20.83533081634124, 24.622408002303352, 60.33549996622614, 65.50983710299145, 74.56792352158658, 82.95577652269249, 91.59984246080046, 84.1042914827386, 75.95968348004224, 67.67096996546033, 28.56528550581946, 19.317744620491833, 10.425654586851135, 7.277631596683978, 15.471217183874252, 15.910939035821048, 0.0, 9.391457067250268, 18.045429209859957, 24.68121784597407, 62.338800389984065, 71.2545093233785, 80.22183252267646, 89.6484994484437, 98.0762834951835, 95.25916534365251, 88.3763851088224, 80.14384339263168, 72.10824455320282, 64.11524172478197, 33.95042973066265, 41.888456735280414, 50.62289457827132, 52.78702211831316, 60.249259121068704, 70.31230735927947, 75.99620569365796, 78.00909650013224, 76.27643333517626, 65.62235881742839, 56.54471947106421, 52.99831592416946, 75.44122081931405, 73.65817360724101, 76.42273279051219, 81.46160120021763, 85.08445276502272, 90.43036471776483, 99.0369449294333, 103.00296509542923, 101.24699648996476, 97.74163198501861, 91.3591883966001, 83.05576468416064, 77.22317769668871, 79.37992311990874, 85.17729015496577, 88.71173929776963, 98.44390806597633, 95.62324962349817, 90.29167121317077, 84.92249519407102, 37.70603856827034, 54.99346923724629, 68.71143022485042, 80.83720007107347, 94.81257720471501, 107.61762129275128, 122.97777247489087, 124.7437087802403, 134.74128654317911, 138.57012471139785, 134.90547335001392, 127.6681631279644, 123.9367407828386, 116.14948879802652, 110.69786710594022], [13.186847680263433, 8.612400167040896, 11.974646205812133, 22.717844677755345, 18.65618276730698, 17.12787573544256, 18.771132019031377, 51.689091262364684, 56.831706615221414, 65.90388297041824, 74.36540968967256, 83.3413942137643, 75.52340338789722, 67.32634613357706, 59.136567404802456, 19.52307053840041, 11.254411999364516, 6.331469613956226, 14.5523910764072, 24.081987478568315, 24.443846222063115, 9.391457067250268, 0.0, 8.746123253809655, 15.357161052209552, 53.4540063177478, 62.55041543190272, 71.78279341410199, 81.5279519249271, 90.32356188822862, 87.16018821154528, 80.00381136429708, 71.54267591599614, 63.317541651151785, 55.202688505642925, 24.657479645294714, 33.119896926381436, 42.75296648362905, 46.987522723001504, 54.237067825492964, 63.252429998380734, 68.44202266939355, 70.13175991344046, 68.04414165460874, 56.85748025233833, 47.47889388985823, 43.82238875005347, 72.37645853123865, 68.88605524891244, 70.62500937992812, 75.01852621837445, 78.09803029528166, 83.13247201795062, 91.81103585038177, 96.40280959092355, 95.09159664385187, 92.1728501964298, 86.65315263411051, 79.20904232091158, 73.62200141166903, 74.28232117770199, 78.94018338771194, 81.94083108612058, 91.46150036467077, 89.26796230344085, 84.5464257945463, 79.98485134967598, 45.51978511093541, 61.078983092321515, 72.79328848624017, 83.42537359112863, 96.57665034296618, 107.6338626970738, 121.96158710104811, 120.16140876234113, 129.42168029465785, 132.76497537746397, 128.6437001511646, 121.24634441182612, 117.19802768850762, 109.3465441923665, 103.86518048722643], [8.661270405109114, 10.023053433963327, 17.21682934583894, 27.903217857750185, 21.834236579522397, 17.123948689823738, 15.412985795635933, 43.228150852843164, 48.35255486338177, 57.43824384070348, 65.93437115064982, 75.1006626708681, 67.06640955624496, 58.843202143562905, 50.736252312493576, 12.034834585229834, 8.190740813600561, 11.80966902137875, 22.50007592023578, 31.96474317101148, 32.26560577342618, 18.045429209859957, 8.746123253809655, 0.0, 6.650736397768747, 45.11984772694965, 54.31622530276745, 63.69313279542639, 73.59141720430443, 82.57291446189713, 79.1237262642934, 71.84258407025854, 63.27028703278109, 54.89590582304303, 46.708956535805, 15.949275623481997, 25.39255953412196, 36.35076775934862, 42.5675354061045, 49.534696303130936, 57.50738164595754, 62.02845567875523, 63.06495377152431, 60.40194338240786, 48.939151535322075, 38.92052219548596, 35.09549653345963, 70.16404383286945, 65.20126818032467, 65.90577418551324, 69.54429182499524, 71.94650261918483, 76.4601646892237, 84.92489196981028, 90.29103988723932, 89.58755245564463, 87.34651929478066, 82.7602547137261, 76.16201636522213, 70.87805854741106, 70.1492717352299, 73.58117043540032, 75.92829782475408, 84.86934810647277, 83.51146846014214, 79.52621332139783, 75.86791697415889, 52.39506161588984, 66.29602472690678, 76.33326119488869, 85.61715302465274, 98.05720662602525, 107.55390800302166, 120.80500191238895, 116.04915252191127, 124.1498425184453, 126.78743044273065, 122.07987395402478, 114.45678927623317, 110.0929473335044, 102.19567307706232, 96.8603792875016], [10.88817376061206, 15.375926560701245, 23.078076128564895, 33.372115682144134, 26.55515295850095, 20.54395507386672, 16.74872874614969, 37.23846918028808, 42.23368098101824, 51.27420753590925, 59.8065984618084, 69.25370013954232, 60.98200436945459, 52.75595375706932, 44.7956458853608, 7.404688432065865, 10.503421866398302, 17.54828604739941, 28.833483756044913, 38.38225386174461, 38.71813773286377, 24.68121784597407, 15.357161052209552, 6.650736397768747, 0.0, 38.809905040774545, 48.12164968028568, 57.6803495050528, 67.80032076655539, 77.0563500752599, 73.33852775046074, 65.84835415059156, 57.11594201457458, 48.608311740508775, 40.34352379490683, 9.48168936640117, 20.34129685321381, 32.45224010412768, 40.71351352722713, 47.21888302815798, 53.96218707583202, 57.83328036087652, 58.36743693393225, 55.21443758090323, 43.33583583248821, 32.720604481190705, 28.54899377880105, 69.83190754544866, 63.609019046341196, 63.37114718671729, 66.30656859520123, 68.09735755995007, 72.16727446637938, 80.50070322193102, 86.51365720060853, 86.30018605034134, 84.64295249652582, 80.8817938784584, 75.08202451137014, 70.09938044354928, 68.14309366222494, 70.45514094876214, 72.21895851906204, 80.71066946596315, 80.06074990544214, 76.7274064223774, 73.86930728308552, 58.26713173826166, 71.37217575106894, 80.34033763956565, 88.6639371049851, 100.50917340986395, 108.7898682111849, 121.18065199100953, 113.89331347816767, 121.1375894070903, 123.2133505274385, 118.00641377155328, 110.18006071019687, 105.48875474921577, 97.44495677955747, 92.02484507619951], [46.496740636441984, 53.131325230131004, 60.96833735588073, 70.13614483782618, 63.143998349657814, 55.88997575383338, 49.216330588827205, 19.237506915239564, 15.522991381770813, 18.96557249201608, 26.366301121133926, 38.287831055301226, 30.187084197559805, 24.542274739474927, 21.49169687400734, 35.00866380830098, 44.54531321943072, 53.42111870623046, 64.53046600407511, 74.12636994427146, 75.17496353022811, 62.338800389984065, 53.4540063177478, 45.11984772694965, 38.809905040774545, 0.0, 9.689163947559408, 20.162882380125563, 31.846173572014724, 43.49560702281529, 38.7871025111469, 29.273004482507787, 19.506080143016433, 11.463402015041172, 5.32002366954039, 31.43070796751435, 35.31703104028462, 45.09148692601245, 58.564661890022954, 61.50598983498535, 60.53792956255473, 58.96476049254743, 54.473903118896125, 46.778666302723316, 37.09127594781886, 24.11927936888281, 14.69419472728771, 88.189845540