{
	"dissimilarities": [[0.0, 9.09460832333471, 16.82336241579254, 24.584121207123456, 17.826506093021457, 10.479256955503386, 5.534245719511196, 40.80654542655797, 45.83908289880796, 54.3543678794164, 62.42296848375807, 68.90309115413973, 63.67053481381259, 55.50835795232319, 46.08084925219939, 20.417018168141226, 20.355066341280715, 24.641080295400485, 32.1611150809837, 37.53448567760661, 37.620580188880304, 28.808167477209796, 21.112402967134557, 14.903238543300112, 13.051620074516531, 46.24357264194588, 52.753851773240264, 59.25617453643002, 69.47305586162481, 78.44517280371566, 77.44168086259937, 68.18233868922142, 58.89749116044061, 51.70678756440258, 45.20221799457537, 19.969175992283855, 23.804875093241847, 30.857926092375177, 35.81373463989967, 46.21942049849753, 53.113144989303855, 57.216492371651235, 56.85471547904615, 52.40455005739567, 42.432385907112106, 36.01920530317244, 33.83018056449489, 61.92261059745951, 59.398203290593045, 58.24850972390975, 63.70688353650711, 65.14043781548425, 70.11289271601133, 77.32480461363426, 79.36154784606875, 78.12329499782007, 75.37112533949305, 70.7056357994308, 67.28345488291754, 63.040661754691456, 62.915835896715635, 66.08203259469906, 70.23597556266202, 73.62636376669008, 71.91625084015536, 68.56236442332732, 64.70169599915583, 55.07263151449586, 59.51750100076968, 78.0650407804968, 92.8584830416325, 85.33982139982251, 93.62925051757965, 104.36454608170392, 104.79893756568802, 110.58936682939019, 115.14326617061904, 111.66533680435936, 114.27102915828722, 105.52602480359376, 100.2553773648467, 93.33962118277665], [9.09460832333471, 0.0, 8.90444959934133, 18.68597219066929, 13.002259578605946, 9.847418528900807, 12.373697359695559, 49.38490222120787, 54.09946533236221, 62.33728086416476, 70.63790830501421, 77.42528417684542, 72.22020279772502, 64.04438943243643, 54.682173730548826, 19.62994560383915, 14.92762590340842, 17.334551727585488, 24.603999319917122, 30.67159577267529, 31.021703825164153, 20.611626274472208, 12.943368751047968, 8.701119801191629, 14.03242425533685, 52.47062335134898, 59.29676749915887, 66.10611850467748, 76.65871907819161, 86.22864213756156, 85.42104610769799, 75.62134187004307, 66.18837777861742, 58.944823110069265, 52.13038552278739, 25.589865102277365, 29.51421647960422, 35.817670887777695, 40.4048816773564, 50.98533108152765, 57.988013197304596, 62.95168744954595, 63.717616359321106, 60.24101958359402, 49.54866929332178, 43.875782762184066, 40.8475918483214, 65.33817443026612, 63.421045496503204, 62.819340667305205, 69.14301022860964, 71.34049962341999, 77.01937491053883, 84.97515041897186, 86.24330955549037, 84.36664538937943, 80.80344670194519, 75.30987265523618, 71.37427589820608, 67.08028956313153, 67.61351894446759, 71.53009471284629, 76.48991948617821, 80.61625479691922, 78.14417103485002, 74.0172584568669, 69.41615070152618, 49.70389389133259, 56.2093030022178, 77.09238642288219, 93.44514181177722, 86.31423058671886, 95.90728060423679, 107.82018535113508, 110.01383582494411, 117.5902039150214, 123.1795744947028, 120.33125828319719, 122.95808065279785, 114.45248926854913, 108.75760459918597, 100.98393731777594], [16.82336241579254, 8.90444959934133, 0.0, 10.578127687955467, 7.742024498884128, 11.83363897103511, 18.231455403577765, 57.62691970796959, 62.55953035207119, 70.93380135186665, 79.11114121247623, 85.61941983562448, 80.47742519278984, 72.32909042896195, 62.903089307443224, 26.986977016593872, 19.175366184038257, 17.26758751732879, 19.691102337283358, 24.02913412052804, 23.69865899251884, 14.589738191670785, 12.719771642565481, 14.083510448072348, 22.49941354793235, 61.31933366765064, 68.11268653605404, 74.84922353368755, 85.13312626615613, 94.37277086443775, 93.63330570075028, 84.2153113230727, 74.94007755540201, 67.74245182045453, 60.985037649710854, 34.34448671263539, 37.016514196773784, 42.0265493676113, 44.36131377495532, 54.79525222466132, 62.54504336572435, 68.34544653172125, 69.66230349604443, 67.03683968649196, 57.11471071906496, 52.08554961980857, 49.69271596037891, 65.64451350817592, 65.17666069069388, 65.67936671235667, 73.0348935929079, 76.04649619785509, 82.0653945306481, 90.08892596760566, 90.70114192966331, 88.33001145415093, 83.91239539095915, 77.49639422288861, 72.62451469042725, 68.32728662370299, 70.2286676580638, 75.18919740813894, 80.81051814398258, 85.37666261197059, 82.3238440634192, 77.44910732064389, 71.88050181202635, 43.64357680876336, 49.455478669171704, 71.21675675837945, 88.61685060866856, 82.1135779984206, 93.17397720023183, 106.24995798598556, 111.59662647057019, 120.74123171713651, 127.24817151564957, 125.36588923014465, 127.90483937881862, 120.51552189404089, 115.40929460984722, 108.44610477853297], [24.584121207123456, 18.68597219066929, 10.578127687955467, 0.0, 8.624509724927556, 17.00966730769891, 24.16847807786938, 64.48887284480013, 69.85021446437175, 78.52959672682682, 86.3207431399183, 92.13768749377004, 87.14860289416389, 79.13893784921821, 69.65915320470666, 37.38508408663105, 29.05540267075578, 24.999304715701417, 21.279062965434264, 20.629691864491743, 18.28931969116856, 16.534329501817275, 21.51062526781314, 24.482893719466357, 32.6762826708515, 70.39025589801942, 76.93000251099545, 83.33598121481828, 92.91852321823349, 101.18051006832833, 100.43573022163268, 92.04690467291478, 83.17214612505217, 76.11246834436056, 69.65429645652286, 43.61388354537031, 44.94456838174986, 48.763274380646344, 48.12375819142832, 58.06815361032793, 66.83763782683205, 73.20603940169642, 74.46777027894257, 72.39572705739533, 64.1841495121886, 59.547010449553106, 58.38193878407298, 63.96499079717233, 65.5514484101835, 67.45785107248149, 75.72168469720613, 79.38796723541364, 85.3089093893228, 92.71790586476507, 92.92668442884039, 90.31652767431633, 85.20871572412226, 77.99866802225618, 71.97519374471784, 67.74993555152544, 71.4396145115213, 77.46322530954018, 83.43746461370878, 88.04947143574046, 84.72805760524528, 79.31846411286554, 72.80282984733824, 38.34598421630835, 40.04077269252642, 61.28498622772293, 79.33154994052882, 73.88366353587521, 86.60341044978793, 100.71686669945092, 110.25889708947643, 120.39395096250293, 127.42343657715668, 126.56466440363224, 128.79313326915187, 123.06691814457417, 119.1715764184486, 114.15418773683085], [17.826506093021457, 13.002259578605946, 7.742024498884128, 8.624509724927556, 0.0, 8.79680456403716, 16.776586817967324, 57.513128238249436, 63.01882650157735, 71.75476817115262, 79.59207798236167, 85.62070910075806, 80.30227157908499, 72.09169214402147, 62.67873699416847, 32.47994518412779, 26.208778966480224, 24.985546126265103, 25.86914136231154, 27.81465478475249, 26.212188926152617, 20.71551762804326, 20.410375344617528, 20.450608683547514, 26.66185872488218, 63.916497141608325, 70.53307417472891, 77.08093672777495, 87.15245657580394, 95.63610912968791, 94.62184854573358, 85.88256936601215, 76.64957761806552, 69.43466323472613, 62.91026522383956, 36.21301851832522, 36.52476195774469, 40.14198921647788, 39.96775869012463, 50.11966984975608, 58.62249622108079, 64.82307480662455, 66.15423665860972, 64.20565600958804, 55.745719148368565, 51.572626564250044, 51.15350201739829, 58.614628336511736, 58.95456320410222, 60.151219503869065, 68.0215444317655, 71.45537960692059, 77.48170605580763, 85.32427582683184, 85.52515238682764, 82.94960821338191, 78.13888910127535, 71.34288965326326, 65.97037563018837, 61.68786648543003, 64.39971912697963, 69.93354702945824, 75.7855620995007, 80.46668101059599, 77.16932506741021, 71.96807456514213, 65.9073783647732, 46.15048163696592, 47.39365388280141, 66.1478962793879, 82.38288834915468, 74.78800991007824, 85.47005991621295, 98.56167001075225, 104.73247674503203, 114.50618655874213, 121.75654844365883, 120.88652187664853, 124.04219114997025, 117.95619187819271, 114.60303325496321, 109.61872569547373], [10.479256955503386, 9.847418528900807, 11.83363897103511, 17.00966730769891, 8.79680456403716, 0.0, 8.4421536140678, 49.0034014024448, 54.57783539123125, 63.34278791074262, 71.16590355940221, 77.29916265739878, 71.81886929143282, 63.52382720569392, 54.15737703183236, 27.917720680103006, 24.709413710610555, 26.46313837940515, 30.883995770907447, 34.42175674666169, 33.41667702335508, 26.232382058341216, 21.798095311912782, 18.35490128203554, 20.8869508157034, 56.0554957188801, 62.59969358612685, 69.12509081682462, 79.37477324755942, 87.89826626057629, 86.70221196358213, 77.83526122731344, 68.46170593604475, 61.202882151620834, 54.741132031931585, 28.250024218541512, 28.23289001060986, 32.4753796138093, 33.63788216157033, 44.07346604117781, 52.15427612272983, 57.68285507914398, 58.46828908478073, 55.90498015253558, 47.1850732101925, 42.78411404225328, 42.789297382310004, 55.95357081363398, 54.84376584578587, 55.01733849799167, 62.001661521364774, 64.73838473217428, 70.4714713106746, 78.27230779164582, 79.01201562181274, 76.86905742835924, 72.81902575213059, 66.87154678353237, 62.37286792643156, 58.06756908074311, 59.49079578338676, 64.10736652945477, 69.37875389466944, 73.68145082254222, 70.8837567406784, 66.33751451073726, 61.137886256595074, 52.554619043646035, 53.973469333638214, 71.19409227922951, 85.9507524748625, 77.36590614333603, 86.24133390089746, 98.03132713810292, 100.90395237845652, 109.24808398676505, 115.8277716094028, 114.29486485770295, 117.80725307384957, 110.98845848465987, 107.66326792653011, 102.55676660370052], [5.534245719511196, 12.373697359695559, 18.231455403577765, 24.16847807786938, 16.776586817967324, 8.4421536140678, 0.0, 40.740539942469134, 46.3271662947, 55.15040956319419, 62.88196386490628, 68.92159369505212, 63.534895571937085, 55.31783675178794, 45.902626176824015, 25.620326023561468, 25.471912215143075, 29.098017765696717, 35.24147512112115, 39.439507386918706, 38.87632886070609, 31.48216960441157, 25.187292822782997, 19.637177546897366, 17.961873655665517, 48.73654897212935, 55.01550865371859, 61.294612939249404, 71.25729882124978, 79.54086886826691, 78.30649043879868, 69.67191401301368, 60.477357418121734, 53.322652033508966, 47.09506796927188, 22.33132633596209, 23.38541073469829, 29.119275118765383, 32.005158903980494, 42.334664777050754, 49.88005730920165, 54.26591177693098, 53.8287365820719, 49.85585416132658, 41.176745593351626, 35.55788213548476, 35.42090142229664, 56.716998822625634, 54.61610702821118, 53.874183194179054, 59.66180665912692, 61.36143915530058, 66.32128447258822, 73.39101206110834, 75.17651704068362, 73.8263886249283, 70.8405127573532, 65.9646990460508, 62.24634749670864, 57.99840997788279, 58.34507895771801, 61.871278277527786, 66.1552801920134, 69.59922937893433, 67.75094138871073, 64.20102236562613, 60.03880556264961, 56.56550719596855, 58.35422580296991, 74.84515072960644, 88.68908245940484, 80.42014007064387, 88.25461693572308, 98.8539166612914, 99.63626163481011, 105.76168624358289, 110.82716751682548, 108.08224724828212, 111.18500906515486, 103.43746361037908, 99.58957392568985, 94.31419952182034], [40.80654542655797, 49.38490222120787, 57.62691970796959, 64.48887284480013, 57.513128238249436, 49.0034014024448, 40.740539942469134, 0.0, 6.868032728763238, 15.841627231755643, 22.458636828338914, 28.688286719593748, 22.921483547775892, 14.732977935961554, 5.303348204817218, 44.55593505998102, 53.39599546196479, 60.64410333597555, 70.17720376892217, 75.85422126682693, 76.30263340374472, 68.25342193879116, 58.86457929408825, 51.133698253051065, 41.13863989779852, 22.863986944121205, 24.37760201281295, 27.37740705189229, 35.432637328960034, 42.228922825677024, 39.90577051737809, 32.149997839684794, 24.093303012865196, 18.773601076010458, 17.45613752319948, 29.165767335849424, 31.404750958014755, 36.92744216751447, 45.05230905155482, 49.60237561413531, 51.01793007075965, 48.06435881482864, 41.50604239964843, 30.16029527188502, 25.240747480615248, 15.115551818908264, 16.467676398150985, 71.74407473743551, 65.10770713335587, 60.075158476037885, 58.44668324926586, 54.35310409023617, 54.33131373633709, 56.99010983589397, 63.93142464750897, 66.73855767965144, 69.68919305676737, 70.93932757511247, 72.01918117762375, 68.95255512607783, 63.68503176378642, 60.85350693079473, 59.294528158986296, 57.83128154109934, 61.1475969133373, 63.3731749156867, 65.3523338734742, 89.91178285321216, 92.52593098286336, 104.80556581396745, 113.75055504097472, 105.20107297050656, 107.13337177799936, 111.60031732570545, 99.73386316270987, 95.12898465664028, 92.90040159424346, 83.92842175780278, 86.44493727407487, 72.81602312020563, 66.76514629629386, 60.0766096973708], [45.83908289880796, 54.09946533236221, 62.55953035207119, 69.85021446437175, 63.01882650157735, 54.57783539123125, 46.3271662947, 6.868032728763238, 0.0, 9.159627870256573, 16.63317683208454, 24.017891082526713, 18.63950440964217, 11.26011457979256, 5.546362871848633, 47.140538608809734, 56.5880810239799, 64.06313813328481, 74.04676908611074, 80.14773515275772, 80.90134800968517, 72.46163778978107, 62.69547744422588, 54.98916070588339, 44.740495690446025, 18.96097553841326, 18.766514491496523, 20.806951341694077, 28.827854494039247, 36.42875503346186, 34.154731511596005, 25.395464825043586, 17.296388342543423, 12.646889543627635, 13.474341167150472, 32.73977893155007, 36.211077154795184, 41.99742004634848, 51.09088171030046, 55.35990972942165, 55.9396262960948, 52.332769322936656, 45.68408007213119, 34.13706315816756, 28.95837708263821, 19.40952201447985, 17.763351917535946, 78.23863061895841, 71.22221887309259, 65.8118645571415, 63.541219255093935, 58.94962556521001, 58.499973246972274, 60.731182674300435, 68.13427620023958, 71.31619633639932, 74.84326198798215, 76.63322978300123, 78.16579268360769, 75.19931978604501, 69.42689653771193, 66.01162348194777, 63.95887306196671, 62.07859631515031, 65.83703909675289, 68.58516623321202, 71.1206302022956, 93.93597915872813, 97.8206965909196, 110.87782290710174, 120.05614460739616, 111.93092962357275, 113.79479337620025, 117.93559589672378, 104.96143735502146, 99.18387646722407, 95.77063038476611, 85.52997976643339, 87.4086763272822, 72.15267903965054, 64.18148807141333, 55.2285091947233], [54.3543678794164, 62.33728086416476, 70.93380135186665, 78.52959672682682, 71.75476817115262, 63.34278791074262, 55.15040956319419, 15.841627231755643, 9.159627870256573, 0.0, 8.947160928725326, 18.040569596227527, 13.57669016293931, 9.859848040304172, 12.490734078687689, 53.61537566017626, 63.57886542371298, 71.25543978873664, 81.62691243349835, 88.07013025090644, 89.05945440011475, 80.30323642284283, 70.21364968040865, 62.54151106777503, 52.119967345653414, 19.149334336467806, 15.507202865866363, 14.447100490421736, 21.308728400437836, 29.422988131107246, 26.9109049238413, 16.99306186937837, 9.693164796025549, 9.057306539282692, 14.660232411161665, 40.04297962254903, 43.83446145282867, 49.294017654157074, 58.92430761026258, 62.452880061405104, 61.90368083201549, 57.324285898088334, 50.410443682659064, 38.834753367679824, 34.46016044363498, 26.51186053323103, 23.917518671771806, 85.9835725724716, 78.42703038608244, 72.51372116971862, 69.22240649615645, 63.899528753883224, 62.701500757249576, 64.17583725709481, 72.16957230997178, 75.9182692522036, 80.32662456254687, 82.99925803132626, 85.24961948586926, 82.49707888344061, 75.99718973820634, 71.69918295581299, 68.83495769579955, 66.27418024649626, 70.70660886260923, 74.27473935798096, 77.68032164953945, 101.56529556586821, 106.32855486958844, 119.58694062685319, 128.5295930276555, 120.54483605340126, 121.83570046482055, 125.22581410269879, 110.2419193152341, 102.73678577794836, 97.83643360865408, 86.1334586571246, 87.59381785101615, 70.51938322882663, 60.84422087559223, 49.640200569835905], [62.42296848375807, 70.63790830501421, 79.11114121247623, 86.3207431399183, 79.59207798236167, 71.16590355940221, 62.88196386490628, 22.458636828338914, 16.63317683208454, 8.947160928725326, 0.0, 9.651097073177015, 6.867838449838492, 10.316204359882903, 17.822407480751274, 62.492544638318854, 72.31776984802482, 79.83736763611667, 89.8767612087469, 95.98450820301235, 96.85708114302489, 88.6136688972445, 78.80331006009587, 71.17746211446544, 60.848775617423044, 27.33301328860091, 22.31734142327251, 18.314199813563054, 19.37745205038013, 23.581376422449534, 20.169744869767214, 14.25875246088528, 13.331825756104603, 16.831214795607718, 23.34689410287617, 48.71386495366492, 51.682073916716135, 56.34821420539044, 64.97626821368321, 67.50887424443802, 66.47009924863085, 61.01992485293716, 53.205946382392504, 41.45557200849856, 40.061359163753224, 33.51721930242445, 32.68173688185274, 90.08471076241116, 82.52306386250962, 76.50524214974907, 72.26142856227436, 66.20465988574841, 63.73423160085147, 63.429367495460156, 72.35168763446065, 76.9588295414407, 82.35226595320016, 85.97264999441133, 88.70741323261801, 86.25544942531951, 79.49991112546545, 74.49109982283973, 70.55548521610085, 66.83988520574853, 72.29309398269798, 76.82795611937122, 81.01563075429333, 108.81672886171383, 112.68227049306888, 124.5492407987033, 132.33563024410216, 124.5256003999689, 124.88218449079072, 127.1070298262223, 110.76010125131786, 100.83707541722545, 93.96695427340674, 80.8464906215521, 81.84107423518111, 63.68672867382456, 53.96861143226968, 43.86740524326382], [68.90309115413973, 77.42528417684542, 85.61941983562448, 92.13768749377004, 85.62070910075806, 77.29916265739878, 68.92159369505212, 28.688286719593748, 24.017891082526713, 18.040569596227527, 9.651097073177015, 0.0, 7.331589878212364, 15.595359581786918, 23.68588495292344, 70.65056586953416, 79.99305981686393, 87.1135573068944, 96.4267127193711, 101.8883762595067, 102.54413595806257, 95.24925225101799, 86.06414036292351, 78.59048406775125, 68.57560791313672, 36.62583825843327, 31.438560275429612, 26.490894216617846, 22.6868942586896, 20.220762572950335, 16.03004764817463, 18.61448867811979, 22.090203020212282, 26.220557345689546, 32.61755414950505, 56.73712593292419, 59.0936949707994, 63.22946442152163, 70.373943025518, 72.22546854408205, 71.36818800073779, 65.50933157546501, 56.77578933914609, 44.94792336361711, 46.570101610799114, 40.6494581735157, 41.2404156220882, 92.7999497304529, 85.77656070942847, 80.06606598440779, 75.3276182103747, 68.83462202174474, 65.09681184483814, 62.560040487255925, 72.46262607112234, 77.92294776318754, 84.05243842937574, 88.31436696831298, 91.11109096577971, 88.91826451401178, 82.4693007879805, 77.1909449333728, 72.3645307191718, 67.45927048583744, 73.895967264876, 79.16867408430802, 83.74579624135222, 113.68821428097141, 116.140277088175, 126.23550734590624, 132.74238303599194, 125.58217759215813, 125.30315766486893, 126.46418166139894, 110.12854456162523, 97.64928443564015, 88.39288734664954, 73.69446781657223, 73.53213982289682, 54.51059463884846, 45.04281889244165, 38.19008515275566], [63.67053481381259, 72.22020279772502, 80.47742519278984, 87.14860289416389, 80.30227157908499, 71.81886929143282, 63.534895571937085, 22.921483547775892, 18.63950440964217, 13.57669016293931, 6.867838449838492, 7.331589878212364, 0.0, 8.723928390792475, 17.699099002312263, 65.71734243856375, 75.21621571887559, 82.58632318876072, 92.1981319658903, 97.81880298921693, 98.37361681429721, 90.67316175896578, 81.21944180071175, 73.53651286349357, 63.315711271240325, 32.674144272895504, 28.440832339211504, 25.08266065822318, 25.363007383700083, 26.428055872500707, 22.471790870968185, 20.470929189673974, 19.998856589410156, 22.376603016527866, 28.049828026133813, 50.90109005945152, 52.447481488962325, 56.207355635233164, 63.46894861878086, 65.22544023683331, 64.197565574867, 58.40172006325319, 49.87827923041569, 38.03629074495063, 39.273731641960254, 33.772354373274396, 35.48803872109072, 86.6150490372544, 79.21365244128927, 73.30465700409077, 68.63521352183406, 62.272531415059596, 59.047762864158514, 57.669268948976544, 67.04486639342335, 72.08295263526911, 77.89893797186166, 81.96078456193881, 84.86060808168847, 82.61244188713339, 75.89459965106467, 70.63187946263402, 66.13260357332234, 61.76519090909117, 67.7557078551309, 72.75057040134914, 77.2612880086984, 110.5521938379072, 112.72755812323818, 122.82432344292484, 129.4221604965117, 121.17828049215323, 120.66503287438682, 122.1437567167235, 105.20674880884545, 94.37233476479418, 87.12558096240467, 74.09783034946732, 75.74294347246415, 58.33915707364202, 51.23321039079494, 45.151454526055986], [55.50835795232319, 64.04438943243643, 72.32909042896195, 79.13893784921821, 72.09169214402147, 63.52382720569392, 55.31783675178794, 14.732977935961554, 11.26011457979256, 9.859848040304172, 10.316204359882903, 15.595359581786918, 8.723928390792475, 0.0, 9.502936537288459, 57.965884300259056, 67.4286919634749, 74.91254042248535, 84.67915571534189, 90.4115627099806, 90.90051587698088, 82.88986813480454, 73.29647584272745, 65.49791622055048, 55.2110682331653, 27.466035653506257, 24.99475883561784, 24.118752079657646, 28.607990872009136, 32.794198590200246, 29.392874197256145, 23.858876260998986, 19.045616915895298, 18.252710144814852, 22.151583651512798, 42.538896069193115, 43.73862798449312, 47.640860073601296, 55.25420069477219, 57.58162987054143, 56.974506733927136, 51.819089655238336, 43.800215553883355, 31.798673232307127, 31.319601327568606, 25.11255558409102, 27.53823793514511, 79.77010247237887, 72.28806930568643, 66.42483509267315, 62.481358508374015, 56.69197764590636, 54.5545676661531, 54.90080668860889, 63.4054270188163, 67.6629575146428, 72.62040409963654, 75.90493374096349, 78.44839276189727, 75.9649808368285, 69.38881517128682, 64.6773577418371, 61.06216176472219, 57.71472037690029, 62.8115525609502, 66.99634741236682, 70.89077257041741, 103.92296617243929, 106.11180428677305, 116.75869282097264, 123.98460291908968, 115.11068371712412, 115.07025007856215, 117.45168106801162, 101.41135220189301, 93.01307530410851, 88.08369491152253, 76.92603137909144, 79.6197089377921, 63.91002825214518, 57.929625039373434, 51.7764413997576], [46.08084925219939, 54.682173730548826, 62.903089307443224, 69.65915320470666, 62.67873699416847, 54.15737703183236, 45.902626176824015, 5.303348204817218, 5.546362871848633, 12.490734078687689, 17.822407480751274, 23.68588495292344, 17.699099002312263, 9.502936537288459, 0.0, 49.54498549268574, 58.568719598860774, 65.8585479301662, 75.39302192163008, 81.01475331448, 81.45049700190648, 73.5258023918195, 64.13649225748578, 56.39902871502761, 46.33167489309009, 24.168313789555548, 24.134530623282398, 25.76273102272424, 32.622603545082754, 38.46189734329173, 35.788607253387696, 28.861544551044474, 21.741626161823707, 17.771572599086074, 18.5392353838975, 34.10992995129666, 35.8348197629047, 40.659528035527494, 48.432943000062046, 52.10258061327827, 52.82778942537058, 49.02216049268658, 41.75245998320651, 29.897402226510412, 26.91675410006082, 18.252982323913564, 20.370845718962897, 74.14514897074962, 67.2430112216979, 61.92656421198769, 59.42851710809242, 54.67226243155177, 53.806841517093275, 55.521714955629804, 63.12660284949118, 66.51484960797099, 70.22652973516628, 72.23915505706532, 73.8319678717812, 70.98102095587119, 65.26587221239834, 61.740234788483356, 59.3777309926051, 57.15358795183803, 61.19013175875336, 64.17000316201165, 66.85901393168112, 94.77144544040618, 97.06561017983626, 108.58154613776485, 116.80555512368778, 108.1830741264046, 109.37303069238115, 113.04012244096697, 99.76102634739455, 93.68906043904336, 90.41981488894567, 80.6481532819278, 83.16741241779654, 68.86439101652013, 62.91567518435654, 56.63685207719618], [20.417018168141226, 19.62994560383915, 26.986977016593872, 37.38508408663105, 32.47994518412779, 27.917720680103006, 25.620326023561468, 44.55593505998102, 47.140538608809734, 53.61537566017626, 62.492544638318854, 70.65056586953416, 65.71734243856375, 57.965884300259056, 49.54498549268574, 0.0, 11.442095119058486, 20.48844575630189, 33.66580609659971, 42.925150495266294, 45.06775592391944, 31.992215884159776, 19.730074427684478, 13.17796677963156, 7.922142807085342, 39.12717429687154, 46.30141860699946, 53.65239235752354, 65.31048155891827, 77.09564511332145, 76.63723735922267, 64.65220871585939, 54.88859877033435, 47.845798288834125, 40.628091146095365, 18.29804754137088, 28.505778325920186, 37.34973462557224, 47.992980549744345, 57.82093348210267, 61.940178184787236, 64.98381150478649, 65.43739229602265, 60.428709525551724, 46.56318885917764, 39.5534889750468, 31.39225593817279, 78.55140517522227, 73.92248880444262, 71.09310099038956, 75.17128138225586, 75.77659093554301, 81.02905725311352, 89.33716762050724, 91.65867510230449, 90.52389845502883, 88.53142800810461, 84.76071095867982, 82.81007627616289, 78.6829205077386, 76.42784839010122, 78.13338105538807, 81.92904168354039, 85.46580050002825, 83.89896916436855, 81.1643784616765, 78.5625168230263, 60.9712443161642, 72.9942553150699, 95.80305056642084, 112.25206387703277, 105.13282053267295, 113.34635048782745, 123.93904183285024, 120.73635673517009, 126.01148971813322, 129.8593114861719, 124.6263962120823, 126.90247550677263, 115.00381628075765, 105.91036179513252, 93.29747483150527], [20.355066341280715, 14.92762590340842, 19.175366184038257, 29.05540267075578, 26.208778966480224, 24.709413710610555, 25.471912215143075, 53.39599546196479, 56.5880810239799, 63.57886542371298, 72.31776984802482, 79.99305981686393, 75.21621571887559, 67.4286919634749, 58.568719598860774, 11.442095119058486, 0.0, 9.173108365119914, 22.526419146834904, 32.107809960714334, 34.48569954042055, 20.892054752390322, 8.805789730713027, 6.430264928095031, 13.377961991873349, 49.93576240722435, 56.941687389363636, 64.03414566870163, 74.98563704262618, 86.13418709380582, 85.86501500091534, 74.648785775734, 65.27625682298667, 58.314355069865954, 51.24449806604999, 27.505135000347497, 35.63240972254194, 43.424273969423254, 51.53361746989633, 61.89659998871208, 67.33677214054516, 71.55011848696333, 72.5082633848098, 68.24575272724832, 55.304491481678426, 48.67934074667155, 41.75076968297752, 79.16771875632013, 76.14214734120898, 74.56392311957546, 80.02017701713325, 81.5952839493752, 87.27376284317758, 95.59457027140999, 97.33468927946011, 95.68901884476678, 92.69364540727497, 87.77685616573889, 84.63766021898589, 80.38796872024253, 79.73585338221855, 82.75212076053732, 87.36866207230331, 91.38501046740436, 89.20212890424114, 85.55965110745286, 81.73392098226141, 50.74615703046217, 63.96756656299164, 88.58287890556457, 106.52234993766204, 100.65112776995623, 110.75272046344406, 122.731088301962, 123.45685506182495, 130.31536524491426, 134.9245745439925, 130.5407303204118, 132.31504834715275, 121.57554610754352, 112.79328347913591, 101.09063489509107], [24.641080295400485, 17.334551727585488, 17.26758751732879, 24.999304715701417, 24.985546126265103, 26.46313837940515, 29.098017765696717, 60.64410333597555, 64.06313813328481, 71.25543978873664, 79.83736763611667, 87.1135573068944, 82.58632318876072, 74.91254042248535, 65.8585479301662, 20.48844575630189, 9.173108365119914, 0.0, 13.581089694412123, 23.590470016977317, 26.44299264525423, 12.84373923864005, 5.392123908141391, 11.680784562552718, 21.597726299765277, 58.15370069325142, 64.95946364084276, 71.78235237100586, 82.05734215007509, 92.67859869908415, 92.61759564120759, 82.0488690541856, 73.10175489137407, 66.29833593769881, 59.41244845105094, 35.924198671878926, 43.2867748981411, 50.513510311335075, 56.89262721316692, 67.41394524432957, 73.6878856535777, 78.4810330646585, 79.52145488950367, 75.49036837636616, 63.298479358077095, 56.63366998762277, 50.1117183130972, 81.88034908357797, 80.15554626636288, 79.48988702744421, 85.75221151921832, 87.84747980171322, 93.61168247557885, 101.65431156367889, 103.19051224184055, 101.34272595398257, 97.79145857198257, 92.18847284992815, 88.19820251393483, 83.9045147022681, 84.44627907094112, 88.28466933370557, 93.2879953710442, 97.4334499544199, 95.01208933006917, 90.8948255465954, 86.30876999813339, 42.240633789939594, 57.1038193622333, 83.51870171612232, 102.78166793196692, 98.47697082785774, 110.2325770325403, 123.20900003265875, 127.18946181535247, 134.7959014174399, 139.55532737000323, 135.512916830057, 136.5864008988174, 126.54853781144753, 117.67977207586613, 106.48642059042572], [32.1611150809837, 24.603999319917122, 19.691102337283358, 21.279062965434264, 25.86914136231154, 30.883995770907447, 35.24147512112115, 70.17720376892217, 74.04676908611074, 81.62691243349835, 89.8767612087469, 96.4267127193711, 92.1981319658903, 84.67915571534189, 75.39302192163008, 33.66580609659971, 22.526419146834904, 13.581089694412123, 0.0, 10.40473085091704, 14.052042738166078, 5.955353157466063, 15.47430276463082, 23.051709491718423, 33.4727270863297, 69.91366048143504, 76.42564252641999, 82.8350283821096, 92.12129503558137, 101.67547103439311, 101.78541441573219, 92.39789879993825, 84.0270642745508, 77.4029676682325, 70.81833214218068, 47.49970680949072, 53.693955068166005, 60.116912968306316, 63.89936599157282, 74.39001915961433, 81.84380830353824, 87.30873235163473, 88.25419178191605, 84.51847607947455, 73.73591071862619, 67.08172787722138, 61.54096125830243, 84.39803897528712, 84.6784477413764, 85.36535069082944, 92.63783269439506, 95.3848572332756, 101.09304590972191, 108.49516851181225, 109.79306775262484, 107.75217497219245, 103.50337325157763, 97.03961904675043, 91.83721289875079, 87.55284638031932, 89.86946250908909, 94.81376261852581, 100.21447510556533, 104.39092160001992, 101.74692759096062, 97.07018332958701, 91.48121349054303, 29.290562363381436, 45.56006122631976, 74.10710208460142, 95.01012360032252, 93.19283924300873, 107.25889667605773, 121.4910527485298, 130.4139864112337, 138.86294797991582, 143.76492290115192, 140.3678064073284, 140.50520184086113, 131.8662464349987, 123.46364560166717, 113.81827785607877], [37.53448567760661, 30.67159577267529, 24.02913412052804, 20.629691864491743, 27.81465478475249, 34.42175674666169, 39.439507386918706, 75.85422126682693, 80.14773515275772, 88.07013025090644, 95.98450820301235, 101.8883762595067, 97.81880298921693, 90.4115627099806, 81.01475331448, 42.925150495266294, 32.107809960714334, 23.590470016977317, 10.40473085091704, 0.0, 4.711837427624284, 12.526160120924844, 24.50116237850751, 31.475346702357157, 41.61718247521322, 77.821225521785, 84.1112059105709, 90.20637307342349, 98.79552646259292, 107.3628658338486, 107.47906879760568, 99.11628847124277, 91.12475693667399, 84.60060299104032, 78.27229282462889, 55.02673781774341, 60.15888992207045, 65.9003254486809, 67.6309244405645, 77.88676255136771, 86.17934897973139, 92.0258306746858, 92.77251649935069, 89.2863398919441, 79.8412760356336, 73.3253473931788, 68.85897027654427, 84.30438354950397, 86.13526945898978, 87.83939925175207, 95.73473904179102, 98.89779481141854, 104.43386208036283, 111.1936392985319, 112.32659195820459, 110.20625272448594, 105.52068066526537, 98.53078372259692, 92.46656555722033, 88.25089585155939, 91.89862447092185, 97.59185381463001, 103.16705619151938, 107.25956780635757, 104.5286947237333, 99.53181062107392, 93.28278861636613, 20.631405789757768, 35.64076064154252, 65.18437663376884, 86.98117647065729, 87.00479473822512, 102.61191156013498, 117.57763083873233, 130.19504058898315, 139.0984261238602, 144.1040018893257, 141.3597173051694, 140.96071761966363, 133.69517410813313, 126.20608051861188, 118.37017939106836], [37.620580188880304, 31.021703825164153, 23.69865899251884, 18.28931969116856, 26.212188926152617, 33.41667702335508, 38.87632886070609, 76.30263340374472, 80.90134800968517, 89.05945440011475, 96.85708114302489, 102.54413595806257, 98.37361681429721, 90.90051587698088, 81.45049700190648, 45.06775592391944, 34.48569954042055, 26.44299264525423, 14.052042738166078, 4.711837427624284, 0.0, 14.517622083846687, 26.513840447144073, 33.02641903187763, 42.98798026907458, 79.56141519996899, 85.84445262979793, 91.91086085465575, 100.46462805328632, 108.6801460111212, 108.65727044164218, 100.6050934824837, 92.57392733999114, 85.9820209037872, 79.69482755604182, 55.96056262453123, 60.217526050963045, 65.43769808778676, 66.13196301805301, 76.2104697624399, 84.83334402916735, 90.89930238508198, 91.68927182349945, 88.54056817608571, 79.72411070684763, 73.56116182098519, 69.92519759016956, 81.16238096994425, 83.5497496729842, 85.6654571670076, 93.8394523611239, 97.24349440468606, 102.7890203919941, 109.435330085845, 110.3336400016684, 108.08907363120933, 103.16172902826182, 95.93664707414827, 89.56325140866731, 85.38792516806515, 89.54014851052581, 95.55973678771502, 101.27096788273919, 105.43062345781826, 102.55622682596889, 97.36732119639774, 90.83359554916302, 20.886321366391954, 32.00259827164006, 60.86638150884126, 82.5464033796977, 82.43618971584, 98.25538853871322, 113.41180772576735, 127.00517655463311, 136.34060657498523, 141.75695833403879, 139.594861519204, 139.44694248722305, 132.9534014589717, 126.39411960699685, 119.64635420813076], [28.808167477209796, 20.611626274472208, 14.589738191670785, 16.534329501817275, 20.71551762804326, 26.232382058341216, 31.48216960441157, 68.25342193879116, 72.46163778978107, 80.30323642284283, 88.6136688972445, 95.24925225101799, 90.67316175896578, 82.88986813480454, 73.5258023918195, 31.992215884159776, 20.892054752390322, 12.84373923864005, 5.955353157466063, 12.526160120924844, 14.517622083846687, 0.0, 12.552525594669147, 20.065290472015352, 30.838402404109374, 68.91345477530854, 75.62261240425646, 82.24750674018128, 92.02083319683786, 101.63822469407482, 101.4788617356322, 91.91217465165637, 83.14022501223208, 76.26822542397828, 69.52408815290447, 44.70166129448415, 49.76507745221496, 55.58602634084326, 58.827710212717285, 69.25135468866729, 76.78033443034309, 82.54184752412773, 83.87968192645731, 80.74584013228211, 70.08043577726193, 64.11575690785658, 59.49287544703315, 79.11099811716811, 79.31376925865149, 80.07960217771421, 87.56578251675784, 90.5866068574987, 96.56994496701911, 104.37605215998119, 105.23257774023895, 102.91081903974522, 98.39670708310581, 91.74795896274048, 86.53946638926116, 82.26277468975427, 84.60612963358628, 89.72961096599421, 95.39754951425083, 99.89120733375013, 96.9135469000894, 91.98095217325682, 86.22713492279364, 32.95987695380464, 45.907988909616144, 72.81680071095013, 92.9705378602302, 89.64448746323662, 103.05683190988209, 117.22620152176344, 125.43698673858151, 134.64974477514377, 140.43029896489122, 137.76646240525022, 138.79582068414837, 130.68099082968902, 123.38498255061651, 114.50167655271457], [21.112402967134557, 12.943368751047968, 12.719771642565481, 21.51062526781314, 20.410375344617528, 21.798095311912782, 25.187292822782997, 58.86457929408825, 62.69547744422588, 70.21364968040865, 78.80331006009587, 86.06414036292351, 81.21944180071175, 73.29647584272745, 64.13649225748578, 19.730074427684478, 8.805789730713027, 5.392123908141391, 15.47430276463082, 24.50116237850751, 26.513840447144073, 12.552525594669147, 0.0, 8.26013449308775, 19.181278651045005, 57.730600598817034, 64.68741069118767, 71.66009803378452, 82.28297995688948, 92.78390091109029, 92.4583244734074, 81.89527272051622, 72.61973228616743, 65.58462999654131, 58.584688605852584, 33.41311109962049, 39.51741361426638, 46.18909391613973, 51.98914770123509, 62.497044090768505, 68.93142203717997, 74.01555549515548, 75.35847723195974, 71.86677002271078, 59.90116811892948, 53.882865800678395, 48.4546575967366, 76.75925649855864, 75.00717001986422, 74.44021901083812, 80.91624294236934, 83.26345993714854, 89.24834090296449, 97.58651772898587, 98.74577899077232, 96.66567619822827, 92.87679593183903, 87.10499745348781, 83.07689548794275, 78.78824041804128, 79.39761875688079, 83.42126511005792, 88.65405029292398, 93.05569232213065, 90.35505529982093, 86.01048611451814, 81.25802759899875, 44.2073292856674, 56.57780772441777, 81.56320102117232, 100.13133338462968, 94.67805640709325, 105.8700885089486, 118.75372762818532, 122.27380652504075, 130.4960538838373, 135.9960760757575, 132.64283556780472, 134.4634679925758, 125.03756581695774, 117.3096355381485, 107.106323034322], [14.903238543300112, 8.701119801191629, 14.083510448072348, 24.482893719466357, 20.450608683547514, 18.35490128203554, 19.637177546897366, 51.133698253051065, 54.98916070588339, 62.54151106777503, 71.17746211446544, 78.59048406775125, 73.53651286349357, 65.49791622055048, 56.39902871502761, 13.17796677963156, 6.430264928095031, 11.680784562552718, 23.051709491718423, 31.475346702357157, 33.02641903187763, 20.065290472015352, 8.26013449308775, 0.0, 11.01533693437023, 50.31308733836947, 57.35660587406006, 64.44392733013954, 75.4351548333878, 86.04985228186587, 85.50366726809474, 74.71906913800082, 65.16569449195059, 57.988651952680385, 50.9157258800023, 25.162095088720932, 31.63860344510965, 38.8974467890859, 45.89676881223925, 56.36562361460272, 62.328462325683454, 66.88752296635782, 67.91301767637576, 64.08381127827248, 51.823415318018114, 45.709958825197226, 40.40309724637593, 72.83606203545963, 70.0812453344009, 68.79763455518093, 74.58722245734889, 76.43990226717914, 82.21882657851971, 90.56873704098777, 92.02528989372493, 90.22031814296578, 86.96903254544634, 81.82350375864691, 78.45283505504725, 74.18894472871506, 73.87671275529308, 77.21754441795653, 82.0285700086433, 86.1847138965902, 83.80553586923004, 79.93248578268147, 75.82386599607753, 50.75908059439962, 61.19562117377673, 84.22428419122676, 101.43055047531108, 94.75852163148268, 104.47305382474241, 116.37840424380433, 117.31997790350412, 124.62270500948311, 129.81273797187913, 126.15457855126276, 128.4818650286239, 118.65145013206937, 111.25815984307845, 101.16371823056508], [13.051620074516531, 14.03242425533685, 22.49941354793235, 32.6762826708515, 26.66185872488218, 20.8869508157034, 17.961873655665517, 41.13863989779852, 44.740495690446025, 52.119967345653414, 60.848775617423044, 68.57560791313672, 63.315711271240325, 55.2110682331653, 46.33167489309009, 7.922142807085342, 13.377961991873349, 21.597726299765277, 33.4727270863297, 41.61718247521322, 42.98798026907458, 30.838402404109374, 19.181278651045005, 11.01533693437023, 0.0, 39.91685370486914, 47.0508628031666, 54.28437818858032, 65.78181289027788, 76.68895334222067, 75.89942737672433, 64.67776277490147, 54.78142491856402, 47.465696898788636, 40.2964899624838, 14.353786746016851, 22.889309193840543, 31.55812622914304, 41.007452009784814, 51.07476296941515, 55.954980116956115, 59.36729121681887, 59.69582321036481, 55.00317950210992, 42.04216339146554, 35.373754089348914, 29.500392839050452, 70.93335025640842, 66.64447141903193, 64.15333013008278, 68.59771321355493, 69.46630514256245, 74.75171952865327, 82.95504349188703, 85.06959388126067, 83.83276555598378, 81.60082924954791, 77.60393853430075, 75.35756057109563, 71.20127187390443, 69.36061336321659, 71.4286496301142, 75.38027714171056, 78.98148439888314, 77.28368718742182, 74.33930225823646, 71.42637965304355, 60.0449750100057, 69.11725527623467, 90.06908471258988, 105.62393987660673, 97.80556492690694, 105.59258587317252, 116.03879182746664, 113.26114811647304, 118.84290610114795, 123.19905027902422, 118.73739080606732, 121.52744504520575, 110.74921046390489, 103.33103491957841, 92.88003964489732], [46.24357264194588, 52.47062335134898, 61.31933366765064, 70.39025589801942, 63.916497141608325, 56.0554957188801, 48.73654897212935, 22.863986944121205, 18.96097553841326, 19.149334336467806, 27.33301328860091, 36.62583825843327, 32.674144272895504, 27.466035653506257, 24.168313789555548, 39.12717429687154, 49.93576240722435, 58.15370069325142, 69.91366048143504, 77.821225521785, 79.56141519996899, 68.91345477530854, 57.730600598817034, 50.31308733836947, 39.91685370486914, 0.0, 7.419444439942185, 15.241129507572364, 28.69015934654433, 41.94262843548097, 40.9907607608677, 26.93384054390996, 16.60292193739638, 10.522929796054992, 5.740784885139836, 29.501513487887703, 37.28064727487367, 44.923997473690285, 57.67917742020722, 63.3494533148511, 63.17755211131318, 60.49043561660754, 56.4272363780008, 46.7616850254581, 35.6976955955535, 26.63442629323222, 15.437116173438419, 88.9993231328391, 81.30196555186754, 75.504813218