{
	"dissimilarities": [[0.0, 7.411001326680833, 14.63586762043802, 21.999613299422215, 15.562886404506527, 8.4429748286251, 4.222020121482251, 40.91095467138348, 47.0441736146051, 56.43334218058244, 64.72721678645571, 72.57210131990556, 64.86131907220597, 56.598600042348416, 48.2584549348925, 20.48068900872312, 19.47972991354934, 20.550473877020064, 26.696872171932956, 32.03683160100928, 31.297020648777583, 21.87460855441498, 15.083962616151934, 10.749063322254175, 12.49348734998287, 47.376108860108076, 56.271849523217135, 65.10939272759948, 74.01671295214724, 82.07729987189809, 78.46847661888567, 72.08705229772548, 64.17750379931066, 55.72362478991035, 47.66792411672942, 18.33585263482724, 26.56109672902911, 36.718340945729196, 36.872160054557405, 43.26354225028346, 51.53957939459686, 56.03977322893311, 57.39153535861401, 55.54867351691946, 46.86158203870558, 36.96990047902561, 35.33990933990832, 55.01121336977257, 53.535511728362266, 55.27469030776398, 59.809157739952724, 63.336885641865564, 67.24501670214569, 76.49500641727475, 81.19742148139487, 79.4502208073366, 78.84782934873716, 73.87161675271761, 67.51550555261286, 55.90609131059423, 57.71798782264806, 62.76029305139169, 66.10019119697365, 75.04226942870504, 73.33998520730542, 70.01758308942692, 66.89051293834456, 49.99566228543793, 55.06107741267779, 64.12095049098174, 73.21037894210964, 84.9085946302511, 96.51729518404562, 106.81707966200678, 108.22366040376332, 117.2389499397453, 120.83256376619873, 115.32783064057485, 107.84770010204113, 105.17068662204726, 99.06633040863683, 96.05189869862924], [7.411001326680833, 0.0, 7.479830370213282, 15.691482126986658, 9.759490713832305, 5.271470068771897, 9.053289935611364, 48.213912732939825, 54.29477149249234, 63.67507158030375, 71.99150440050069, 79.95394264358862, 72.17609682970978, 63.887462416754005, 55.570584455969126, 23.46834422322958, 19.27210289251368, 17.20191985085423, 21.264034051180627, 25.895967021834224, 24.871299641450364, 15.64859340122945, 10.795834774873782, 11.36076349031257, 16.129670941586227, 53.7412222827039, 62.80101066185862, 71.8084860200318, 80.9251129716965, 89.15297082914995, 85.64188579444777, 79.09028318844307, 71.02403248898172, 62.55769841685339, 54.411237097384024, 23.779267264541357, 31.30777948406118, 40.302963650028445, 39.64990131270899, 46.2875185392268, 55.29064221493244, 60.522264110688695, 62.78910914939752, 61.631285943703126, 52.564474693915194, 43.667904265101015, 42.039391337357095, 56.157219362268975, 55.75718140776424, 58.37633301660203, 63.74845108359238, 67.97141177594904, 72.51028340746039, 82.47312743867836, 86.17367455675074, 83.69709042919179, 82.33842815262969, 76.49542265521372, 69.29213092221565, 57.308586074733746, 60.58411025617787, 66.63195493288143, 70.66477775603352, 80.84207766222112, 77.95064367293757, 73.79859663003383, 69.78648512034313, 45.16598376991496, 51.077947347007914, 61.3271269824074, 71.48808785150534, 83.8595047722956, 96.69763809416841, 107.9853672074763, 111.25762705376157, 121.84440939658155, 126.361052443243, 121.64550268584067, 114.49566561715247, 112.14601056626759, 106.13515743981901, 102.85051558683327], [14.63586762043802, 7.479830370213282, 0.0, 8.865466502227218, 5.271687607717475, 8.48689351280402, 15.225410326263754, 55.49879100944666, 61.66420292147931, 71.04978870319141, 79.35583203204655, 87.14799607877076, 79.46609193761527, 71.18051294931783, 62.83913734867595, 29.806939211144275, 23.96426789888519, 19.238748926710123, 19.43563141724503, 21.570907702671413, 19.636046450764578, 13.279221271575416, 13.15815220758884, 17.48241836972992, 23.02590837827108, 61.161670880431885, 70.25146865650862, 79.26453520848253, 88.32988098926798, 96.37048333998064, 92.9546235048771, 86.5310135442928, 78.5001709295008, 70.03682223452556, 61.883496195016534, 30.90483300532409, 37.27101787519698, 44.784394990844845, 42.4100440101119, 49.00467812178321, 58.83337669403285, 64.69618091251573, 67.6667305152714, 67.24340691872048, 58.49130115320018, 50.60517057213931, 49.424776789651894, 56.09354268702181, 57.198314651522324, 60.883700665474564, 67.0883991452788, 71.94485579360536, 76.99208021323804, 87.32551044713236, 89.95070142417978, 86.81272485188633, 84.66399209679136, 77.93044955857775, 69.74177058790355, 57.515224391488886, 62.60425270878832, 69.72397544628716, 74.38546334175345, 85.51814430820771, 81.44346420194404, 76.50691811811105, 71.55656059237566, 41.063927664502266, 46.172478318814484, 56.8849146932419, 67.8608456688748, 80.76782673975683, 94.77705647245594, 107.04889785390563, 112.64667359856207, 124.62269387059084, 130.11644201984197, 126.41258282151284, 119.75877820645354, 118.02261494230073, 112.59273617332103, 109.73935433970121], [21.999613299422215, 15.691482126986658, 8.865466502227218, 0.0, 8.427389772617905, 15.031476677051717, 21.728275521802313, 62.32644653205883, 68.63962070083922, 78.01912270778742, 86.22706626410125, 93.39064291576432, 86.16346992496858, 77.98130626999412, 69.5872032091039, 38.607863476773154, 32.44374154991353, 26.561448825970068, 23.155198560899862, 20.843113217073597, 17.31784240400337, 18.025155962888476, 21.175896742284937, 26.1880966115261, 31.693837851823385, 69.24306067098448, 78.15835934340492, 86.88605038728429, 95.46168339018966, 102.72992167787541, 99.53171835310553, 93.71302260851922, 86.04556643624996, 77.68000866486153, 69.65574556019205, 39.28913678463229, 44.74987276622053, 50.94497970774088, 45.804452127216535, 51.979000849810994, 62.78526932951927, 69.03735099561763, 72.2223324407825, 72.44592300171027, 64.97936912557374, 57.76174063675817, 57.24037895428705, 54.81308763376552, 58.26768042157457, 63.29149016107442, 70.24142722549196, 75.5325641163057, 80.77178201863352, 90.67653717298262, 92.34298705423862, 88.81415859350652, 85.92437893151336, 78.33046727453672, 68.86381853242061, 56.544683373878605, 64.11108131262395, 72.34263626412375, 77.42675853080604, 88.74875922031009, 83.7613371950869, 78.24455135419126, 72.33474967607185, 37.122543788532084, 38.47661338629338, 48.923449278978936, 60.624904251358856, 74.3301558723287, 89.70024569156901, 103.08303296566308, 112.12385940608841, 124.71643318112423, 130.95604144983673, 128.3762518123007, 122.31558035416354, 121.42893219997421, 117.0448612743344, 115.45029505551568], [15.562886404506527, 9.759490713832305, 5.271687607717475, 8.427389772617905, 0.0, 7.467091636670397, 14.673435081480172, 55.46449581865316, 61.90384457197725, 71.2608619198544, 79.54349113324919, 87.04732985985153, 79.37459034623198, 71.08125019896409, 62.721781551108656, 32.45163276530409, 27.771936320729694, 24.025284019354903, 24.60888659691645, 25.871941870391655, 23.337464769891657, 18.385523439240913, 17.707104401196176, 20.598675545721285, 25.26752001207796, 62.49585487624523, 71.56810961534275, 80.56566977559815, 89.49097501755297, 97.25039173153995, 93.63522282682037, 87.46581928201913, 79.53730446665782, 70.96684496915648, 62.847402121558694, 31.944273410458834, 36.41336080261718, 42.60368715735145, 38.48072466340598, 44.920834634917085, 55.2325311521423, 61.35215870567531, 64.61212642224173, 64.75190974196492, 56.729206462834625, 49.95118152347842, 49.97282111197691, 50.94532255277117, 52.46901725588372, 56.60414897641485, 63.15720567335183, 68.28844378838073, 73.56610159493859, 84.11859686527036, 86.03020906055829, 82.57460168950855, 80.10818839957548, 73.09370586405518, 64.66185007656958, 52.40905299198261, 58.03663610877741, 65.59598858597784, 70.52146423944583, 82.17997598116386, 77.39389055568222, 72.1202281951036, 66.82991944929263, 44.20597997888413, 45.94241733722271, 54.29644964702695, 64.3573954919718, 76.4429955925821, 89.99164116221378, 102.12012046732123, 107.7518907727822, 120.41664020316662, 126.62595446583292, 123.74748588100697, 117.6793020592593, 116.75641407650369, 112.50670073367544, 110.90801478527166], [8.4429748286251, 5.271470068771897, 8.48689351280402, 15.031476677051717, 7.467091636670397, 0.0, 7.335670025379822, 48.06054469699046, 54.46680610506206, 63.826695680826504, 72.12308625924305, 79.76687752298301, 72.00000422399982, 63.69348294659188, 55.33943314955956, 26.577634374953785, 23.64053841856052, 22.195681669858686, 25.85281597068616, 29.352100991212907, 27.646228256608804, 19.881757892102144, 15.693904947701576, 15.405141646100272, 18.931490726469406, 55.173462578589735, 64.19845278204194, 73.17357680722985, 82.12062481128956, 90.0262955137118, 86.30615683174624, 80.04307590293006, 72.09954782796883, 63.52101041837934, 55.41887473023708, 24.928766078151124, 30.15281759003311, 37.78008650402228, 35.29372302033734, 41.837881392197204, 51.373948310636074, 56.87211087955805, 59.41598786384505, 58.82949243850833, 50.52734248569729, 42.804008490607295, 42.573078750531565, 50.901850888509514, 50.80328702560118, 53.82274517152698, 59.53270021705905, 64.02728564428742, 68.79940299247374, 78.9983263947446, 82.01025267111844, 79.2342311323848, 77.58716469260965, 71.49496255161036, 64.09009012588278, 52.07317440917865, 55.77027532735324, 62.23282339077729, 66.52072617924942, 77.23095155203411, 73.64265771417575, 69.17285020575143, 64.85557022944853, 47.86150639744996, 50.67825381230309, 58.763723504133786, 68.02022385935362, 79.57846071256486, 91.90883418419513, 103.01208337246734, 106.24362305210103, 117.46881953878864, 122.68646941774215, 118.79205880532766, 112.23192587964503, 110.72473627980392, 105.95471126304159, 104.01551986033404], [4.222020121482251, 9.053289935611364, 15.225410326263754, 21.728275521802313, 14.673435081480172, 7.335670025379822, 0.0, 40.82600639637751, 47.25492217026639, 56.61399877160683, 64.88192852886819, 72.43671936666003, 64.74198874438693, 56.46726571134828, 48.09608908840912, 23.446545450313167, 23.13205779756993, 24.188946869833437, 29.843488354607626, 34.40217990040256, 33.17177968475076, 24.57321469398023, 18.34506491657579, 14.40177676868993, 15.494146646642305, 48.7342537657729, 57.568556757508254, 66.3543688247074, 75.09440762497636, 82.85955140070186, 79.07527053877048, 72.95720614301439, 65.17074108757099, 56.636672346483394, 48.644111138563204, 19.661832327512865, 25.588285659217306, 34.59913285507852, 33.22547169910468, 39.541726274948, 48.25083973947216, 52.94970020470519, 54.494081999388236, 53.11409481103863, 45.10205693935972, 36.22978131029677, 35.92465437507371, 50.79767303151747, 49.486288884869715, 51.498855323957194, 56.27654039051109, 60.00563168803576, 64.0914338651488, 73.53151789370335, 77.70056865253612, 75.73336302833295, 74.9268945927982, 69.78424479924959, 63.30549176121047, 51.68855265111452, 53.74432794535007, 59.08275438300487, 62.607799680898665, 71.96556565735271, 69.72132877879577, 66.16897326323745, 62.83330118842117, 51.9916352709705, 54.781782355247856, 62.18232623667958, 70.52509540481118, 81.55303799208146, 92.7054096974557, 102.81898440023271, 104.13270916844722, 113.61855836396252, 117.76861096861725, 112.92796552590644, 105.93250689256294, 103.96536976155004, 98.92069853373768, 97.06466196153092], [40.91095467138348, 48.213912732939825, 55.49879100944666, 62.32644653205883, 55.46449581865316, 48.06054469699046, 40.82600639637751, 0.0, 7.004870352115377, 15.95954549592967, 24.16644148958375, 32.51745108580471, 23.98697003785568, 15.691844481043331, 7.367893410693589, 37.43948768763966, 46.41054885272133, 53.93085809222592, 63.467355750981234, 70.65054063053883, 70.81929634351425, 60.46319194025657, 51.85467406134746, 43.35108505448986, 37.32168776623617, 19.26339368385771, 23.553476203532952, 29.918060813108646, 37.30065595719681, 45.32912595828952, 40.131422731961955, 34.094413678336714, 27.344653295192458, 19.615452286206455, 14.7306049059189, 29.181655000440273, 30.48669899488856, 39.226179255349905, 46.21922722215149, 48.54628253051799, 48.21026605739908, 46.195234176203, 40.72745246041871, 32.955943848603425, 28.545797444114307, 14.089960534807824, 12.639759814395251, 68.00977208186005, 60.28814110587589, 55.879264333713394, 53.598255517981634, 51.39774139466049, 49.96550104778195, 53.36685565382678, 65.20925200844816, 68.497213054848, 73.0384638885968, 74.33639760783748, 74.53189689742821, 67.38431137452089, 59.75384040590884, 56.78948165400845, 54.689146583464556, 53.5931569357806, 61.086807656476765, 63.89129093545925, 67.15926530977237, 85.4420501066276, 89.22875334344096, 93.99016785913798, 98.2736625062807, 105.69908544974618, 110.2753841726538, 114.42437778200646, 103.104620442912, 102.74928529569964, 100.19707653492772, 88.9327826723113, 79.09104990251731, 73.21594925886447, 65.38761301317118, 62.662801306209396], [47.0441736146051, 54.29477149249234, 61.66420292147931, 68.63962070083922, 61.90384457197725, 54.46680610506206, 47.25492217026639, 7.004870352115377, 0.0, 9.392086357483835, 17.71220991220209, 26.910180898957346, 18.210807068470878, 10.302181204007093, 4.335863806650873, 41.785541269158294, 50.956712602385856, 58.75248633019613, 68.4236224414061, 75.88413521541355, 76.31300101312799, 65.83741469289636, 57.216406730683794, 48.70854158304111, 42.58187398618869, 16.647299587140857, 18.222306001426663, 23.320050925043237, 30.400229906624276, 38.94317913214692, 33.54346166033467, 27.102966623948806, 20.56255933127248, 13.521161140640363, 11.173593321825036, 34.526481978472496, 36.287336797668225, 44.84711458475573, 52.74538043777381, 54.801984857358384, 53.544680098376915, 50.801896596334466, 44.66358643364392, 36.24288556109672, 32.46217608446627, 19.281260823175156, 16.1741878601881, 74.51299704625869, 66.45561504742194, 61.545526011884284, 58.53979987620163, 55.623152980710344, 53.37516645108602, 55.39339426946438, 68.35753303164441, 72.41659346221832, 77.60725595134117, 79.65846387526234, 80.50496278800472, 73.80200462822123, 65.52567834312754, 61.71422941256808, 58.93121549191035, 56.01350936253244, 65.01726668054636, 68.6407285196224, 72.60731804548394, 90.24155621340029, 94.97028637728398, 100.21165370563267, 104.50144715331975, 111.95758342075747, 116.16172442055971, 119.79051254906851, 107.28073756803958, 105.2163684671231, 101.2140069057165, 88.4742421937658, 77.8274103825199, 70.54956775308791, 61.04733467017327, 56.8125793242689], [56.43334218058244, 63.67507158030375, 71.04978870319141, 78.01912270778742, 71.2608619198544, 63.826695680826504, 56.61399877160683, 15.95954549592967, 9.392086357483835, 0.0, 8.409116961609822, 18.773805517752308, 9.425134514997493, 4.203705066438534, 9.371186547877647, 50.3374651772562, 59.690548884464775, 67.69140797798487, 77.47617554067651, 85.05904116062142, 85.57650698162512, 75.04686783946471, 66.39502843732762, 57.873771084510686, 51.668036392784515, 20.220985868281943, 17.081627641938752, 18.280479017182728, 23.398058855074176, 31.836905186737955, 25.62735822551728, 19.36492486241372, 14.59382818131134, 11.240267756471148, 14.912370378220658, 43.44179156978296, 44.264850196067826, 51.58360249789301, 59.908699576537785, 61.255646534974595, 58.555327504148515, 54.672220804936806, 47.52738618153918, 38.52861385484519, 36.68004964014964, 26.41164612752217, 24.28284227762199, 81.16212997140298, 72.46307137266318, 66.75729014623576, 62.5997986027348, 58.59517427894073, 55.1346782997637, 55.18651594606458, 69.42194641856436, 74.55078724307613, 80.6875171780072, 83.96175400751765, 85.99469775232313, 80.25302273439421, 70.78623421352398, 65.62120970159219, 61.79478637956969, 56.31670546514156, 67.27312520142338, 72.11127413432094, 77.18997043628416, 99.05743824617353, 103.747135984317, 108.52351928391536, 112.17687348066488, 118.94978972746141, 121.97595530525587, 124.44507050560293, 109.55613704540015, 105.28165020167899, 99.64658973493165, 85.38722417983246, 74.1631180839271, 65.71368986082658, 55.361286909448616, 50.76817865714787], [64.72721678645571, 71.99150440050069, 79.35583203204655, 86.22706626410125, 79.54349113324919, 72.12308625924305, 64.88192852886819, 24.16644148958375, 17.71220991220209, 8.409116961609822, 0.0, 11.825263361411151, 4.20691560576689, 9.42807037129661, 17.189302603552044, 58.48835309357214, 67.83896477480617, 75.85742839291608, 85.57621069336217, 93.11162305918239, 93.67077808203616, 83.28971708800364, 74.68587830728579, 66.19224495091231, 60.00305236021468, 26.619573608676042, 20.80898472809027, 17.60700577263596, 18.640830295044932, 25.673770618414387, 18.762928735001633, 14.09348814047257, 13.757297251499766, 15.64376620666216, 21.928377764335988, 51.81301752640668, 52.294782308812806, 58.8586034301646, 67.0347484898028, 67.8615290315255, 64.33921924651185, 59.68896023868609, 51.80223292873041, 42.640423449618375, 42.638625239858236, 34.1881535182635, 32.52848511659413, 87.41740000893246, 78.52765192395151, 72.41061613975451, 67.48266673122447, 62.68197701256553, 58.22351152778932, 56.18346387421853, 71.39717024970724, 77.48078436038504, 84.33710801150275, 88.54245322139529, 91.36402025670495, 86.38003040056282, 76.31210814380854, 70.25272793662438, 65.62574128607102, 57.77530919603469, 70.34503052787548, 76.16592396791675, 82.03305376082426, 106.5360735291401, 111.01418701578733, 115.39513741562068, 118.51686224646747, 124.81543386415377, 126.93378201575136, 128.47866322939012, 112.07425354802136, 105.5016365432501, 98.18180828471627, 82.45529291686476, 70.64101374789615, 60.992006534770866, 49.77983305451309, 45.17176021424087], [72.57210131990556, 79.95394264358862, 87.14799607877076, 93.39064291576432, 87.04732985985153, 79.76687752298301, 72.43671936666003, 32.51745108580471, 26.910180898957346, 18.773805517752308, 11.825263361411151, 0.0, 10.90777202736663, 18.40285945465503, 25.515916318298345, 68.51274565393513, 77.51629828101635, 85.05460094086712, 94.15092374701928, 100.94520010071604, 101.26404311104699, 91.83034181315398, 83.51838600302437, 75.16502856386721, 69.24530840065054, 37.98421762618107, 31.945027824480743, 26.556433525560784, 21.691917774442533, 20.944704710308642, 14.856149543664236, 18.51175743051097, 23.49732589705616, 27.051588416045107, 33.12154376454373, 61.383921992741236, 61.63450474906413, 67.40138651176235, 73.46512059580697, 73.54847984551563, 69.98566058961269, 64.71459345872547, 55.698758198633925, 46.71961865848258, 50.394555219900894, 43.19818827391549, 42.76999753896969, 90.93413347488533, 82.83867535976756, 76.90803110973069, 71.46313617622208, 65.88103099573176, 60.10826283495583, 54.164130760150016, 70.56647746248089, 78.04312092474585, 85.57155818285989, 90.62902557704513, 93.81188613319442, 89.79953081351, 80.05243840657361, 73.48497408648765, 67.96076366471297, 56.35951196584581, 70.97315262611684, 77.98413791472036, 84.45991555709071, 112.81426371507055, 115.35007420882506, 118.34494935071598, 120.31620819873847, 125.8933381415924, 126.80929206862005, 127.25611032334083, 110.72624345324536, 100.27831257917609, 90.49344088355096, 73.01657392333506, 60.38204743195018, 49.65377568734771, 38.93470963837805, 38.87965873878611], [64.86131907220597, 72.17609682970978, 79.46609193761527, 86.16346992496858, 79.37459034623198, 72.00000422399982, 64.74198874438693, 23.98697003785568, 18.210807068470878, 9.425134514997493, 4.20691560576689, 10.90777202736663, 0.0, 8.473357908430165, 16.672353539916614, 59.56652044122669, 68.95819286197306, 76.91147180669041, 86.60590569520237, 93.95563883769597, 94.31931488156955, 84.03444447559428, 75.40335637594691, 66.8704841267883, 60.68213473416866, 28.90300325202433, 24.017408651891383, 21.685187227899714, 22.48813226440226, 28.061683426799203, 21.12447503008974, 17.947848233830538, 17.730603354515665, 18.546931806996273, 23.909093597602816, 52.27208449998568, 51.773792814648075, 57.52416868288822, 65.08504909401259, 65.5369731469984, 61.71032195984968, 56.76824927691262, 48.54496733888286, 39.38334303053193, 40.64659216150871, 33.34234417309815, 33.11783773104128, 84.83600914727216, 75.81900064368689, 69.55675202467872, 64.35331184744047, 59.29279281288513, 54.531410770488684, 52.07479857835014, 67.39090779750288, 73.65843710927727, 80.67908883739308, 85.16081119882041, 88.30443529466253, 83.71813405653096, 73.34537746562114, 66.97369099750723, 62.091969707691035, 53.715768374130946, 66.55858324155962, 72.63814640582052, 78.75810357712824, 107.50518360929388, 110.90529817379546, 114.36285205016742, 116.91348282221438, 122.59177027735505, 124.09286558081297, 125.20563353646484, 108.1391870230851, 101.48870386701024, 94.41899701673702, 79.10028639503311, 67.72064643534942, 58.92913763063738, 49.52452614187718, 47.29942303598416], [56.598600042348416, 63.887462416754005, 71.18051294931783, 77.98130626999412, 71.08125019896409, 63.69348294659188, 56.46726571134828, 15.691844481043331, 10.302181204007093, 4.203705066438534, 9.42807037129661, 18.40285945465503, 8.473357908430165, 0.0, 8.400005326770813, 51.49314901997152, 60.89318777441284, 68.83337628269555, 78.61067015493026, 86.01480316713454, 86.32462915241173, 75.86353381184922, 67.17471614026105, 58.613200274655775, 52.40290329025898, 22.9591910502002, 20.697316993722133, 22.152057788443333, 26.617820894458397, 33.98199802765577, 27.55643472720158, 22.346174964331453, 18.283368765316148, 14.84713573872772, 17.528184140917734, 43.89974317547093, 43.49311446364609, 49.86962664538692, 57.63832290836115, 58.59163295992088, 55.5196667392148, 51.32423607277792, 43.843179892759785, 34.776272991295315, 34.117272575927416, 25.146203763776672, 24.92483494554917, 78.39707774942183, 69.47599164417178, 63.56948342577886, 59.11485207021506, 54.8578444046946, 51.148101789585006, 51.039757976438736, 65.29855095343304, 70.54190504273241, 76.82692438135987, 80.36630413124512, 82.75080313194294, 77.39827232476706, 67.53114575545946, 62.02579283688342, 57.963738237466444, 52.17413429223671, 63.288624072743346, 68.34449570455517, 73.68182303046841, 100.2072403486118, 103.78654484750265, 107.5921317280422, 110.65767932259698, 116.7715589988232, 119.16312962329667, 121.20136357797654, 105.56299137057289, 101.3973058373077, 96.14012096142815, 82.39040432789834, 71.6599402068664, 64.10306935463963, 55.445652337951884, 52.90748703644135], [48.2584549348925, 55.570584455969126, 62.83913734867595, 69.5872032091039, 62.721781551108656, 55.33943314955956, 48.09608908840912, 7.367893410693589, 4.335863806650873, 9.371186547877647, 17.189302603552044, 25.515916318298345, 16.672353539916614, 8.400005326770813, 0.0, 44.21142339323974, 53.38846210785131, 61.07980773924632, 70.686075303585, 77.90497373590294, 78.10712008833944, 67.78207647785119, 59.15468170718793, 50.62959140885715, 44.52905498730075, 20.30376639234635, 21.557548356852386, 25.943255205230606, 32.1071162317665, 39.70183666490064, 33.999196612843114, 28.443750414741757, 22.736399863746808, 16.386572977785622, 14.81146453710456, 36.199357303156766, 36.45672609584955, 43.87364035531961, 51.06861065586755, 52.633214180684746, 50.92932706988177, 47.76791815724028, 41.128243490088536, 32.5426335363984, 30.269172569281857, 18.558610956203434, 18.164645680594408, 72.19724052185708, 63.90519024191342, 58.747573803500174, 55.351107982187074, 52.08408153402939, 49.47083819188287, 51.09868418678209, 64.21978684051913, 68.5113592783135, 73.93269060148717, 76.34470608280724, 77.60950743325547, 71.37589329568456, 62.62840423503104, 58.377212322710356, 55.25853351147671, 51.75922424655329, 61.10522642552923, 65.064187072211, 69.3792286120245, 92.3045823392751, 95.75740515706613, 99.88726345434806, 103.47210566509533, 110.19599326406775, 113.6414131966125, 116.73235405360576, 103.37507705628055, 101.1147520723268, 97.2842758483584, 84.88446388298111, 74.63574888398887, 68.08951085252161, 60.070312163044136, 57.75494751055071], [20.48068900872312, 23.46834422322958, 29.806939211144275, 38.607863476773154, 32.45163276530409, 26.577634374953785, 23.446545450313167, 37.43948768763966, 41.785541269158294, 50.3374651772562, 58.48835309357214, 68.51274565393513, 59.56652044122669, 51.49314901997152, 44.21142339323974, 0.0, 10.105988245187156, 19.269120332829836, 30.81067123585983, 40.635420201634766, 42.01557686009381, 28.485892275627616, 19.657412286606725, 12.526945517508967, 8.00176413499311, 35.100105078925715, 44.50592055614246, 54.34493467471279, 65.13102452055396, 76.03897985125951, 72.0834626796058, 63.38377057490045, 54.152625950942664, 45.81463153427376, 37.60748551599048, 10.870376027840665, 23.618340699629705, 36.67967870498952, 45.80499410493615, 52.077334024660345, 56.57440686429405, 59.74562382824737, 60.8371567776413, 57.33211800166861, 44.4672718718552, 33.05790129185254, 26.981122864472987, 70.21607662361812, 64.86397038518396, 63.74096004699918, 66.30643607821482, 68.6926152315734, 72.0828592145782, 82.28262197360914, 88.78209892101495, 87.66592255523176, 88.41005365341736, 85.13602973700112, 81.35865829239272, 70.64672189914039, 68.01544465056087, 70.3973941156811, 72.74482151284766, 81.19306385146754, 81.41788238862095, 79.26281376393226, 78.05761924996293, 60.53802663591975, 72.67628916271585, 84.19584306448229, 93.6811645504614, 104.95558454015105, 115.42583184146304, 124.42736156580557, 120.26893036953396, 128.71121629012774, 130.84778482076615, 122.90047475975213, 114.04115099891736, 108.87701759069704, 99.19964875786584, 91.15864477282683], [19.47972991354934, 19.27210289251368, 23.96426789888519, 32.44374154991353, 27.771936320729694, 23.64053841856052, 23.13205779756993, 46.41054885272133, 50.956712602385856, 59.690548884464775, 67.83896477480617, 77.51629828101635, 68.95819286197306, 60.89318777441284, 53.38846210785131, 10.105988245187156, 0.0, 9.362529595163751, 21.069497369937356, 31.34194924304903, 33.112838954059065, 19.32719290870917, 11.525170110146576, 8.767756029304934, 10.779609700390687, 44.59504850778505, 53.779487777554614, 63.31788818625563, 73.7737770101807, 84.22601962518561, 80.72137372911511, 72.34894365795114, 63.36723377805299, 55.25071425879974, 47.14607867565535, 19.145326348093363, 30.940662594596613, 42.81603102480969, 49.70378126412104, 56.40788784694517, 62.417222434530636, 66.51819079192501, 68.35441311559421, 65.57043662939655, 53.11145602625387, 42.33389949336334, 36.72697053014787, 71.8843518792909, 68.26866419220185, 68.47808597762992, 72.18572038923982, 75.38352092274005, 79.36688145905768, 89.80961523021269, 95.42378911945073, 93.67138573375911, 93.55412355462327, 89.16754341656437, 84.03190062679272, 72.65216047262423, 72.2359080967164, 76.04425245102331, 79.16075394541053, 88.54752703830815, 87.6382973201251, 84.59910232884788, 82.24790793448057, 52.015099158357344, 66.19693362282979, 79.66098981305458, 90.55202854734162, 103.08603195392593, 115.30309359678094, 125.68193043473862, 124.69313402325602, 134.27016717769186, 137.09059214316682, 129.8384031080622, 121.14304919257019, 116.2380471829075, 106.51951770100833, 98.34878696200792], [20.550473877020064, 17.20191985085423, 19.238748926710123, 26.561448825970068, 24.025284019354903, 22.195681669858686, 24.188946869833437, 53.93085809222592, 58.75248633019613, 67.69140797798487, 75.85742839291608, 85.05460094086712, 76.91147180669041, 68.83337628269555, 61.07980773924632, 19.269120332829836, 9.362529595163751, 0.0, 11.776564876746866, 22.203743661486875, 24.233941943382096, 10.64134664234489, 6.546270816562126, 11.812246760737354, 17.36858385287339, 53.33873856844928, 62.36384358348832, 71.60023135033231, 81.60183242832316, 91.3812046356907, 88.24403073209184, 80.37758428169529, 71.71782819433693, 63.715143836870084, 55.664077388719505, 26.95610142630186, 37.94430224050074, 48.76918724645742, 53.14472017628178, 60.0154165076057, 67.3707322461569, 72.1649485968846, 74.44470179545831, 72.26462756019245, 60.571401131570674, 50.18836118706482, 45.155864911196325, 72.52932914747826, 70.74953005735627, 72.230178272244, 76.88968412357426, 80.71152606224263, 85.08852824899579, 95.45990292864691, 100.29918788853385, 98.0789686533743, 97.21567188357504, 91.86884054689813, 85.4540441918103, 73.60170319236758, 75.36125780042352, 80.42016534442271, 84.12483439387469, 94.0595442943312, 92.22811495667362, 88.48977715339788, 85.13049097910724, 43.54902745018355, 58.9935760704637, 74.03547629349347, 86.10068410672501, 99.74956132521643, 113.51736670277799, 125.12097403316605, 127.33649670354463, 137.67392758471405, 141.0810794978953, 134.57867809421612, 126.1400485955093, 121.66797120221699, 112.29414569747858, 104.61469411726543], [26.696872171932956, 21.264034051180627, 19.43563141724503, 23.155198560899862, 24.60888659691645, 25.85281597068616, 29.843488354607626, 63.467355750981234, 68.4236224414061, 77.47617554067651, 85.57621069336217, 94.15092374701928, 86.60590569520237, 78.61067015493026, 70.686075303585, 30.81067123585983, 21.069497369937356, 11.776564876746866, 0.0, 10.912267980476784, 13.913370336744512, 6.614527973396514, 13.543673646622363, 21.499089528578416, 27.819533462099148, 63.97383960530195, 72.72066520363335, 81.50614789865035, 90.87428200798085, 99.77078907085541, 97.14321612369841, 89.93633701399487, 81.73621993530314, 73.96171244055579, 66.06085774490224, 37.66236550243329, 48.198199636876744, 58.14989486083033, 59.88252894256457, 66.71466033650725, 75.34246293243842, 80.66999036003507, 83.15257415519567, 81.44205802566071, 70.76378814602106, 60.47727044932913, 55.757557745114376, 75.5219219933361, 76.00664554705546, 78.84984280273864, 84.37553556792345, 88.69511430899456, 93.29111940393248, 103.18620500822949, 107.38702254744128, 104.84621105140575, 103.26680292034699, 96.9723762211614, 89.13390530868476, 76.92993516439921, 81.19165169015133, 87.47217720134486, 91.64433240819756, 101.70025342693226, 99.16171265015123, 94.84276131003212, 90.47665428985331, 32.65486233026084, 50.446433693156465, 67.97059023599789, 81.60389251594663, 96.80924877199551, 112.52705923006837, 125.5885346531704, 131.88066836513966, 142.56238955515914, 146.3264773481922, 140.48893373104423, 132.2348275153256, 128.1024440540885, 118.95968715850988, 111.7633877729373], [32.03683160100928, 25.895967021834224, 21.570907702671413, 20.843113217073597, 25.871941870391655, 29.352100991212907, 34.40217990040256, 70.65054063053883, 75.88413521541355, 85.05904116062142, 93.11162305918239, 100.94520010071604, 93.95563883769597, 86.01480316713454, 77.90497373590294, 40.635420201634766, 31.34194924304903, 22.203743661486875, 10.912267980476784, 0.0, 4.562137552608539, 13.3374315182571, 21.98324260059771, 29.93450863935917, 36.44314276887114, 72.98543763474323, 81.56127759572252, 89.9845163191341, 98.69827039913376, 106.58135836776013, 104.27484475019845, 97.84972218940953, 90.11522820149911, 82.41868646698074, 74.60858114091185, 46.1664459205602, 55.9494435228608, 64.98177141713552, 63.96434754441149, 70.56518378547966, 80.30883987594491, 86.03656584065713, 88.61185884766077, 87.43151436753683, 78.05506350788811, 68.10457029602155, 64.14008796078545, 75.61262336450778, 78.29100281812941, 82.3950191008447, 88.6449719987623, 93.36058880735231, 98.08951331314964, 107.39781784777108, 110.86068310805949, 108.05749717835175, 105.8240453783543, 98.72488641428318, 89.61975067300918, 77.29998626099491, 83.88609111413847, 91.23488848824391, 95.77312108846952, 105.81892105695115, 102.57128592077798, 97.77003531865853, 92.51506355777212, 23.174136149779343, 40.82868200684361, 59.941906200093534, 74.67858584265795, 91.05017356086346, 108.30591208545002, 122.54681803416511, 132.66373447100497, 143.55217869661178, 147.79401629125, 142.90108100127796, 135.1009809090661, 131.70401126560319, 123.49615723086374, 117.66619434507837], [31.297020648777583, 24.871299641450364, 19.636046450764578, 17.31784240400337, 23.337464769891657, 27.646228256608804, 33.17177968475076, 70.81929634351425, 76.31300101312799, 85.57650698162512, 93.67077808203616, 101.26404311104699, 94.31931488156955, 86.32462915241173, 78.10712008833944, 42.01557686009381, 33.112838954059065, 24.233941943382096, 13.913370336744512, 4.562137552608539, 0.0, 14.333755738030181, 22.792213733719926, 30.58822578154206, 37.11684757419286, 74.28394334867667, 82.93488364202331, 91.38503703019629, 99.98463672806116, 107.58494527336632, 105.17305134215376, 98.98643079456147, 91.32289547348552, 83.4912740792783, 75.6242156408665, 46.60915287278281, 55.59243935830657, 63.98327074534722, 61.77987657741402, 68.25695258824383, 78.3939563089801, 84.30858190117738, 87.03900462639125, 86.22283181521757, 77.38953611238342, 67.9731805497391, 64.72334740515346, 72.07030385894157, 75.37833755103887, 79.9125313280928, 86.44448808110319, 91.3574340314647, 96.22097331510204, 105.53897643062699, 108.49840475039618, 105.48767059636619, 102.97573117610828, 95.59767132954047, 86.14591216446375, 73.83069580590224, 81.10838614498589, 88.84543673751331, 93.57109763916456, 103.87476899888249, 100.13952958229534, 95.08978533031318, 89.51277207865199, 23.28550415402309, 37.45978817248706, 55.747612280375854, 70.36997229924691, 86.62568402682062, 103.9888688661693, 118.39647165722604, 129.26566415527842, 140.56774266044104, 145.30854143610676, 141.0666432265805, 133.6880472877471, 130.9106092944174, 123.59237774336516, 118.80766382755455], [21.87460855441498, 15.64859340122945, 13.279221271575416, 18.025155962888476, 18.385523439240913, 19.881757892102144, 24.57321469398023, 60.46319194025657, 65.83741469289636, 75.04686783946471, 83.28971708800364, 91.83034181315398, 84.03444447559428, 75.86353381184922, 67.78207647785119, 28.485892275627616, 19.32719290870917, 10.64134664234489, 6.614527973396514, 13.3374315182571, 14.333755738030181, 0.0, 9.203204662839026, 17.757067698255618, 24.368448154046106, 62.27549651267556, 71.30425463430278, 80.36544296294137, 89.87888107793516, 98.77882100232307, 95.77630980629013, 88.59875910023732, 80.26559255291872, 72.15196230007173, 64.04959060114692, 34.01353806740642, 43.313531048537385, 52.53965299652387, 53.57142084855154, 60.40516047099283, 69.24169648815433, 74.7951858930374, 77.62072237589501, 76.35686192148677, 65.87773128185809, 56.48580315351404, 52.83589874835848, 69.19510583106812, 69.54396262751834, 72.50393225979026, 78.23185424164475, 82.77794432651686, 87.63531396506741, 98.00818186946167, 101.61874123755766, 98.7695053418389, 96.98764099512121, 90.56360741373922, 82.76847191646777, 70.58382893386339, 74.80924921244144, 81.2892051500486, 85.68017194174446, 96.39201910835222, 93.23468795072986, 88.64707216328863, 84.12563888552869, 35.96234050866859, 49.7704777661519, 65.14959158581047, 77.94889607068932, 92.26084237793741, 107.33044914035024, 120.06913648825146, 125.6599311622079, 137.13285945487934, 141.62523296570185, 136.51693612060828, 128.80650519563315, 125.44497754886882, 117.46208091435554, 111.50034440892169], [15.083962616151934, 10.795834774873782, 13.15815220758884, 21.175896742284937, 17.707104401196176, 15.693904947701576, 18.34506491657579, 51.85467406134746, 57.216406730683794, 66.39502843732762, 74.68587830728579, 83.51838600302437, 75.40335637594691, 67.17471614026105, 59.15468170718793, 19.657412286606725, 11.525170110146576, 6.546270816562126, 13.543673646622363, 21.98324260059771, 22.792213733719926, 9.203204662839026, 0.0, 8.66012685516148, 15.225621185934223, 53.506813056259126, 62.68334489100842, 71.96255021710884, 81.75189900911647, 91.05524744808655, 87.71932118750452, 80.25721353074559, 71.71969493507306, 63.44433431631424, 55.25161333551049, 24.846806523034587, 34.68359481754315, 44.85606908611781, 47.604981713413714, 54.46126304758241, 62.4262459059794, 67.48383069695673, 69.92504797582646, 68.20466549109285, 57.259362071116705, 47.53534392552061, 43.79371625133001, 66.10443407540497, 64.76815234640937, 66.67600679848506, 71.67262492693696, 75.73535171633019, 80.28642084308477, 90.72465779499386, 95.00779421995685, 92.57450485386677, 91.44908543893715, 85.8441473529169, 79.13123576817685, 67.21547453268425, 69.51968264573289, 75.0064529912981, 78.92562982329319, 89.20706214193872, 86.81185780570507, 82.81268106304586, 79.14606610680039, 43.50340351663979, 55.56874890551117, 68.97920069361032, 80.43719444136734, 93.59540325023622, 107.07204789674317, 118.60829304191923, 121.18991005854954, 131.92032877041405, 135.91069778404935, 130.18897007335676, 122.2903899372703, 118.67499955615835, 110.61258027652701, 104.58752184983054], [10.749063322254175, 11.36076349031257, 17.48241836972992, 26.1880966115261, 20.598675545721285, 15.405141646100272, 14.40177676868993, 43.35108505448986, 48.70854158304111, 57.873771084510686, 66.19224495091231, 75.16502856386721, 66.8704841267883, 58.613200274655775, 50.62959140885715, 12.526945517508967, 8.767756029304934, 11.812246760737354, 21.499089528578416, 29.93450863935917, 30.58822578154206, 17.757067698255618, 8.66012685516148, 0.0, 6.635865256774282, 45.260250658341796, 54.50483265547922, 63.87529643721864, 73.755604489053, 83.23380436108762, 79.63452166293627, 72.06964785468888, 63.460752810697144, 55.05959720850774, 46.81576275572982, 16.32938832279063, 27.37879419967616, 38.86078659577026, 43.137568533537504, 49.825842248547225, 56.84349939346505, 61.212537762723954, 62.96297200996239, 60.62221788260634, 49.541157113728474, 39.06823454370115, 35.150138432412426, 63.908299551221475, 61.12488601947832, 61.98362955879038, 66.11073569123762, 69.52612244545162, 73.56951124940139, 83.67627314688367, 88.82393566210665, 86.99345175498547, 86.61741360178995, 81.9212267233901, 76.25292149321095, 64.73692902571553, 65.23952589149742, 69.62765605537362, 72.91316526176496, 82.30827779837861, 80.94439750376968, 77.7056347711838, 74.97565402153651, 50.145671240344285, 60.57501588674068, 72.30007764131403, 82.50548036398992, 94.68519986740185, 106.682035940652, 117.06193015292718, 117.08708655208159, 126.61532104917966, 129.87824690929568, 123.45164763103081, 115.31328358205901, 111.41357859562638, 103.29737745413445, 97.40618290819641], [12.49348734998287, 16.129670941586227, 23.02590837827108, 31.693837851823385, 25.26752001207796, 18.931490726469406, 15.494146646642305, 37.32168776623617, 42.58187398618869, 51.668036392784515, 60.00305236021468, 69.24530840065054, 60.68213473416866, 52.40290329025898, 44.52905498730075, 8.00176413499311, 10.779609700390687, 17.36858385287339, 27.819533462099148, 36.44314276887114, 37.11684757419286, 24.368448154046106, 15.225621185934223, 6.635865256774282, 0.0, 38.94631350838948, 48.291537103852, 57.823623584000586, 67.91765409140211, 77.73580140458654, 73.86282882284773, 66.05177734141165, 57.282456772437804, 48.760933503392344, 40.45724477296846, 9.85627253767848, 22.33197603246173, 34.93556282922554, 41.02758353706156, 47.46389894772052, 53.38335488768316, 57.10079050359658, 58.32026001478261, 55.416279444972076, 43.94522674294036, 32.859863095009935, 28.611482850398733, 63.69189344428113, 59.56317745821308, 59.41196738079062, 62.71193011918112, 65.54798032327881, 69.17644988735947, 79.14369262841014, 84.99617278093446, 83.63053467487053, 83.89047793046619, 79.99899431004037, 75.32840296117152, 64.27119804158819, 63.0930402305372, 66.43432657541682, 69.16899981698766, 77.90457461672752, 77.39799529418326, 74.80101347665045, 72.91329083479083, 56.07625354085635, 65.78422438571113, 76.40045872246682, 85.69169513211749, 97.03795071999579, 107.83765097035318, 117.25879072126082, 114.98930714889133, 123.69586418661041, 126.40874383884628, 119.38141638384005, 111.04009660918958, 106.83886995123338, 98.56166582468929, 92.53854381764178], [47.376108860108076, 53.7412222827039, 61.161670880431885, 69.24306067098448, 62.49585487624523, 55.173462578589735, 48.7342537657729, 19.26339368385771, 16.647299587140857, 20.220985868281943, 26.619573608676042, 37.98421762618107, 28.90300325202433, 22.9591910502002, 20.30376639234635, 35.100105078925715, 44.59504850778505, 53.33873856844928, 63.97383960530195, 72.98543763474323, 74.28394334867667, 62.27549651267556, 53.506813056259126, 45.260250658341796, 38.94631350838948, 0.0, 9.661987970551298, 20.028946651657893, 31.745196997019267, 44.57785483635614, 39.62582664136053, 29.406845592280632, 19.51555492614722, 11.546072632727158, 5.629311697176576, 31.434523840486115, 35.811930175947374, 46.278802243672445, 58.33296863864352, 61.63912196242177, 60.31319968688695, 58.572783292645894, 54.58181844700319, 46.90082028773131, 37.51808995638731, 24.186699830327928, 14.78538161547262