{
	"dissimilarities": [[0.0, 7.366573733160755, 14.714581330390953, 23.125973998097304, 16.60302219704082, 10.387244104978809, 7.447243249979551, 42.0038096590761, 46.904338892626505, 56.28734747736741, 64.55805656286165, 72.40428036735385, 64.9630141337842, 56.734619525624865, 48.321700715913906, 20.396564096085914, 19.145962149366145, 20.157704783667935, 26.72294051541114, 32.90720305290848, 31.94050805753649, 21.78188146772014, 15.137988533446512, 11.432359259997082, 13.39199346963819, 47.38802463734592, 56.16354765366052, 64.90792763735764, 73.82873457428536, 81.6112314427043, 78.10445154112618, 71.88683149986159, 64.03473777261246, 55.70220930764502, 47.800020768884956, 18.275182015183244, 24.099332312329402, 33.985744298645486, 35.64349683240405, 43.732120605057176, 54.535064226458125, 58.3257274467691, 58.11218203900812, 55.22156193340649, 45.94934144499298, 36.6535338914639, 35.58468782530187, 61.97501411290891, 59.65369309572414, 61.292029723381695, 65.1938937626963, 67.68748970929718, 72.49131400847298, 77.9049461371702, 81.00758864970865, 80.3948905055347, 77.86267772434176, 72.84903750369546, 69.50296835107692, 63.16148436597688, 64.62907022902859, 67.95090093246232, 71.17169734181275, 75.8431450924069, 73.67175499022329, 69.60122593052246, 66.14759936623604, 50.80672401543136, 55.47061043104021, 66.07552539650824, 74.38497025393316, 86.58161563390429, 95.1576975325532, 110.49017960003724, 107.33490308987989, 117.7354228732201, 116.83804873808073, 110.3637275344981, 102.9228431204711, 101.86157508378234, 95.67468418001201, 95.44562939890139], [7.366573733160755, 0.0, 7.612598443447939, 17.17299973181019, 11.510217026646112, 8.443728525652455, 11.193284777752325, 49.35591278071046, 54.20463348305446, 63.53938148729918, 71.82283128235515, 79.73947409660198, 72.31850131833819, 64.07642754374518, 55.67666594715741, 23.73053573770228, 19.290713698601902, 16.999816233451558, 21.327446171771015, 26.81746956664795, 25.49527639354418, 15.630315407454198, 11.179465838328147, 12.318411090988036, 17.112678491327003, 53.8772411302255, 62.79581323890116, 71.67072405476904, 80.73189893971853, 88.60834555143514, 85.22888193939744, 78.90135462689442, 70.93806995833405, 62.60211146445728, 54.609886116717384, 24.005451039828536, 29.634954326659084, 38.234468981736235, 38.72166597572286, 46.88446594374868, 58.27526043806209, 62.80885749796167, 63.55859669764956, 61.44767435783213, 52.00025592304652, 43.55807365920567, 42.378545878867875, 63.44533250384488, 61.96744329525009, 64.45232121230819, 69.05646115802594, 72.23433690206262, 77.66510369997663, 83.52172875059769, 85.97785796237325, 84.63761547932353, 81.42302525824795, 75.53042255394656, 71.55702451198516, 65.19920498832533, 67.7062856576118, 71.82128680802595, 75.6767526952876, 81.0486457080232, 78.25987360991651, 73.41869093946333, 69.0845078969918, 45.71286080749326, 51.24923799518554, 63.10562994191201, 72.54231436095665, 85.23386651497486, 95.07136198626655, 111.40638003374762, 110.41031024721585, 122.16175471668491, 122.27123247983627, 116.63780023508404, 109.53799911460106, 108.75024060954746, 102.62679464097614, 102.09348251269236], [14.714581330390953, 7.612598443447939, 0.0, 10.452330186805762, 7.434805435624122, 10.423958695100579, 16.368534196299493, 56.61278397088209, 61.60312354022677, 70.99386733062578, 79.25376211987812, 86.91240131355372, 79.56496196826129, 71.34181438240573, 62.91437679204832, 30.380262599910306, 24.342155331219562, 19.315987357562253, 19.389018819811284, 22.25109311046113, 20.012071539065747, 13.461433885552683, 13.919356214486502, 18.568383278512453, 24.135822751985764, 61.46566798814231, 70.38546597111828, 79.21461269366895, 88.15324655344257, 95.79716427088641, 92.54501069621446, 86.38935788117178, 78.51102491830494, 70.20333778987468, 62.22188876057105, 31.388607512152603, 36.12626802516919, 43.22698851770391, 41.660540913493826, 49.86841936107839, 62.117669269853785, 67.24391893658378, 68.64047682196997, 67.21206013899322, 58.230966982357934, 50.69419000337286, 49.93316606885897, 63.70052983039081, 63.42902336415008, 66.95399689126124, 72.26396218089299, 76.10973892084961, 81.98963724304, 88.07117063572629, 89.88183719582497, 87.85762064127555, 83.94180764243956, 77.16207290267235, 72.42734719914925, 66.1243358064327, 69.95332338428572, 74.92349314958086, 79.36471684120455, 85.25817822390144, 81.95180071853478, 76.39830007340544, 71.1106095063541, 41.166404224816866, 45.843473571575714, 58.308679491735866, 68.66575589061664, 81.75260437119218, 92.86945895273625, 110.11618119779612, 111.8480219950738, 124.76438152080878, 126.01951564901508, 121.47642572735302, 114.88231280391086, 114.61266720154326, 109.01649551550263, 108.8649747447384], [23.125973998097304, 17.17299973181019, 10.452330186805762, 0.0, 8.595226911691677, 15.705139349686771, 22.2238247210445, 63.48552124934285, 68.86580620123874, 78.41300055043709, 86.53242336394783, 93.27049174298654, 86.19730587792635, 78.12615227929295, 69.66268336054019, 40.683855998778746, 34.692260429262454, 28.808121818472404, 25.167582872050687, 22.956407031738834, 19.24132804378903, 20.761013300873465, 24.016658268359546, 28.929721942353154, 34.22007210468944, 70.49322710318673, 79.16867433693695, 87.61168853782219, 95.91012760349007, 102.66793713614679, 99.60492137505021, 94.17754576419622, 86.77669045138603, 78.59996498253722, 70.82434759752437, 40.752376437229266, 43.879994791875774, 49.19729489838554, 43.89219311373477, 52.19435405844463, 65.93761353569033, 71.371378323683, 72.7962223527783, 71.8824334234445, 64.59099311033886, 58.09657002096669, 58.502444238140285, 61.00820900080475, 62.835533157515364, 67.86976748218736, 73.9166773959313, 78.40535955766725, 84.35067555661709, 90.15970895903394, 91.33161183047388, 88.728925078854, 84.06694392166068, 76.36280887833534, 70.51515187733071, 64.38700148713771, 70.2415135077369, 76.22842648235557, 81.15699673141253, 87.17465035670915, 83.57421993647347, 77.42838900086669, 70.99752904479186, 38.150113999465695, 37.019028893922574, 48.483011513482246, 59.4082828550073, 72.92740767207502, 85.55968050181431, 103.56920944454698, 109.53475661969657, 123.08287515095037, 125.75049232419684, 122.81515568930125, 117.0485918483009, 117.75780812874265, 113.55775968638878, 115.05211556500718], [16.60302219704082, 11.510217026646112, 7.434805435624122, 8.595226911691677, 0.0, 7.598508924647326, 14.709030845991181, 56.50536431916547, 62.02104376735872, 71.5965386919624, 79.78756871601152, 86.86223291404127, 79.30182987011982, 71.07158585589494, 62.69677447561846, 34.54399894012659, 30.05780165823058, 26.284204142245603, 26.652480073723908, 27.98737322435274, 25.012452352353957, 20.71462749565934, 20.445865386651896, 23.28531050072597, 27.729532504149685, 63.64894767628061, 72.4948297338063, 81.2369526676693, 89.90050373422557, 97.0723313624984, 93.58447237977103, 87.8508956059417, 80.17720355652519, 71.76289613781643, 63.86817210924328, 33.38237935323935, 35.478576949885095, 40.64840034818202, 36.3927292869635, 44.694281300434405, 57.931845764314424, 63.26388525094451, 64.81415985096956, 64.01754282132374, 56.19977046669417, 50.17547228170104, 51.08771379413059, 56.60131423498103, 56.95094826029349, 61.11780310427781, 66.8171132565769, 71.06316108713692, 77.13544687569281, 83.33260182968495, 84.59174849609698, 82.13598118683196, 77.82926898970271, 70.64793646117917, 65.54590841735381, 59.280435302630615, 63.84908140165815, 69.31841498029965, 74.07637952048867, 80.24115414894042, 76.60972469661628, 70.6687281605153, 64.84448114747818, 45.21680707797658, 44.683649718258835, 53.98457700395872, 63.10226356349177, 75.36265825079518, 85.76867593274821, 103.06886277743006, 105.02320094918272, 118.70848069606267, 120.90976428158508, 117.54692813099692, 111.84446286385305, 112.62455294551215, 108.71510343007567, 110.44144201398899], [10.387244104978809, 8.443728525652455, 10.423958695100579, 15.705139349686771, 7.598508924647326, 0.0, 7.306188605946124, 49.049081205866386, 54.589591010209176, 64.1636505184403, 72.36946640995025, 79.5979353675905, 71.86991858102716, 63.59159662965745, 55.24689629408562, 29.1223296531328, 26.561910479776227, 25.170194980477326, 28.706147630377348, 32.27317552797338, 30.011579868527587, 22.63456979099539, 19.060191025317536, 18.91793092061883, 22.01752554136129, 56.47666169940002, 65.29323537613682, 74.06611948820165, 82.80445712814914, 90.12792109847643, 86.4409622095592, 80.6096136258386, 72.88497722048531, 64.41198037855546, 56.53195157627543, 26.482684544657022, 28.289914738602324, 34.44000135862595, 31.768421158319562, 40.18746921399148, 52.8097369519038, 57.609720248535396, 58.56058442173606, 57.2186411233107, 49.09050878205998, 42.595122707897836, 43.65282275404643, 55.10937679111594, 54.12317202215746, 57.236256939039684, 62.271466848554304, 65.9062799881943, 71.60503225506052, 77.66496954461839, 79.49098456269758, 77.65858029314285, 74.01976236254161, 67.71258985930154, 63.404172784548436, 57.052780810282236, 60.24102186896027, 64.88752348550068, 69.11065292545494, 74.84081824890008, 71.65538555513122, 66.36505463909127, 61.46973233223855, 49.954535918028306, 50.22114860570317, 58.71296748953563, 66.6813659325432, 78.35131783877743, 87.2058513336908, 103.51825656908714, 102.42974118466148, 115.09206599812653, 116.26489296740733, 111.97548490549607, 105.92266197839535, 106.38878821081187, 102.29221915274528, 104.0126272708655], [7.447243249979551, 11.193284777752325, 16.368534196299493, 22.2238247210445, 14.709030845991181, 7.306188605946124, 0.0, 41.813126132277105, 47.41234177663307, 57.01462089967964, 65.18212129149848, 72.29912146193585, 64.60762812914781, 56.363171273900086, 47.99696004259139, 26.199823770682027, 26.017091252896986, 26.874382936776076, 32.318004980975076, 36.94076766288369, 35.19803171738967, 26.82197497459421, 21.249213164013817, 18.07340592410459, 19.09987771468074, 50.18296302519055, 58.77553003399702, 67.34051005593543, 75.87104641804771, 83.05205454427401, 79.28983559386909, 73.60729135710925, 66.0483587959525, 57.640987545216205, 49.91261488952252, 21.51011715566303, 23.137529060973428, 30.68779871123069, 29.311849097960966, 37.747124381681104, 49.76861512763282, 53.7345711634684, 53.55828525465894, 51.284871120885725, 43.37361831433488, 35.92720473681454, 37.18028149921301, 54.62913957940851, 52.71671263732101, 54.87482568253159, 59.119020516702825, 61.97556831670605, 66.9540240326831, 72.48691283664071, 75.08864491199813, 74.10332556967043, 71.2357581829668, 65.9139723138375, 62.2900434633975, 55.943864593047536, 57.976873401648625, 61.73062721134537, 65.23237605501129, 70.14873277755557, 67.68473659051436, 63.27069884236741, 59.36607870763266, 54.02886648666701, 54.37419776775213, 62.16021334071405, 69.1590472709147, 80.47414535241218, 88.16366731237042, 103.39027978639962, 100.18132242590224, 111.24422063915813, 111.24636416016169, 105.95744088796063, 99.44625038832129, 99.54142285384889, 95.24991192741699, 97.16969577664004], [42.0038096590761, 49.35591278071046, 56.61278397088209, 63.48552124934285, 56.50536431916547, 49.049081205866386, 41.813126132277105, 0.0, 6.721075777203602, 15.963895118163425, 23.728045410168978, 31.24577642055044, 22.982985986306346, 14.766686359354491, 6.329542124331586, 39.43749122818774, 48.21253169519022, 55.58548327453934, 65.17690012897606, 72.54535863532669, 72.42351777300826, 61.90475570523902, 53.3867083725702, 45.04831261987913, 39.24039751456285, 21.66638739906794, 25.119124422443353, 30.700893585158383, 37.48722610258617, 44.38028848986232, 39.26991264166454, 34.12683846299011, 28.028775306286377, 21.011399770897558, 17.271474263495662, 30.898487134279748, 29.724242860322853, 37.283199723817404, 45.069015710403185, 48.24601187063538, 50.44478344946558, 47.82470898044242, 40.3083535276523, 30.949681052640738, 26.838969669562655, 14.151307182315314, 15.565714735672403, 70.39476259432088, 63.7032366530172, 59.6488134301095, 57.89096969461615, 54.87218048173357, 53.97416964836241, 55.1225454248728, 62.901031663947016, 67.68410644296738, 70.30448510605997, 71.82308200857679, 73.0055092912488, 68.13694395447156, 62.80904612755692, 60.04773652661643, 58.06882759784553, 56.67517683201161, 59.53725692396832, 61.76195078927401, 64.9087965435685, 87.09443859472931, 89.22813180247691, 94.52379761979086, 97.4451299115579, 106.09488984561764, 107.5584733307599, 116.33917450551944, 99.82691081336739, 100.93424023140496, 92.84148276933799, 79.97019347570573, 69.99104658978888, 66.35849478907167, 59.54347822447883, 61.580707111568984], [46.904338892626505, 54.20463348305446, 61.60312354022677, 68.86580620123874, 62.02104376735872, 54.589591010209176, 47.41234177663307, 6.721075777203602, 0.0, 9.651842041256737, 17.783623166139517, 26.62037919276694, 18.81173569186536, 11.284553157093505, 5.424904071380158, 42.13524936991262, 51.17767084624108, 58.90391364736834, 68.71688075543422, 76.46474611005637, 76.65653002166758, 65.88965902728121, 57.30414956896425, 48.899751039109944, 42.921875474727095, 18.06011046042883, 19.40124514307499, 24.08110310191346, 30.90194621760916, 38.490206322843804, 33.24551888678728, 27.510374652898896, 21.378270434452126, 14.910449443475905, 13.113215617200302, 34.68768116317414, 34.7602856195366, 42.64336971905725, 51.501183362493784, 54.38442447565299, 55.491869570596094, 52.42121285607429, 44.723931193947934, 35.08273668967251, 30.946946582161946, 18.693511537433356, 17.180100847142775, 76.88406314022549, 69.92374533620035, 65.4344961919171, 63.20589687373813, 59.67840335237895, 58.20124959775323, 58.761508639534995, 67.05792930890063, 72.41525286049844, 75.56925866709275, 77.65200305348687, 79.19743714898848, 74.45922782125133, 68.6292331925499, 65.33582502218339, 62.867859256408984, 60.82345979150327, 64.22530395391409, 67.06494375775479, 70.77997369570038, 90.7195520688848, 94.28628959903082, 100.3685620290163, 103.54772768797586, 112.40904792083154, 113.87908019543278, 122.2318374103717, 104.88794899467155, 104.6714931891277, 95.2864664405734, 80.93049079176997, 69.99751205725873, 64.91506502486463, 56.099972031968306, 56.21268428431535], [56.28734747736741, 63.53938148729918, 70.99386733062578, 78.41300055043709, 71.5965386919624, 64.1636505184403, 57.01462089967964, 15.963895118163425, 9.651842041256737, 0.0, 8.373549617904045, 19.137806270222715, 12.094255610188247, 8.391415328462893, 11.286875930412897, 49.94011956187231, 59.209849730523125, 67.23677413363248, 77.23362785249937, 85.23322028548688, 85.62952967146286, 74.69450572836836, 66.05358131330384, 57.609638115689364, 51.49892208233283, 19.79758196589725, 16.271655535863093, 17.224225014356527, 22.67315704598303, 30.62884418861936, 24.661702598633877, 18.621707495200887, 13.769308730734489, 10.843213526925494, 14.924080710289966, 43.25508449503857, 43.3375574053526, 50.41248023586896, 59.93966576037819, 62.0393302828079, 61.42164720456078, 57.41770535531874, 49.12436647495259, 39.18082012360906, 36.411654248135584, 26.51420600010683, 24.497726976925737, 84.49287385554801, 77.03880228947614, 71.7615873656184, 68.62285170951824, 64.18267500322416, 61.58590118905206, 61.09858742846355, 70.10964943290338, 76.42658839966946, 80.5315150949835, 83.73500338531946, 86.02147248971018, 81.64679194084722, 74.8658489683124, 70.5872548924269, 67.20630856261599, 63.96492530594145, 68.30000498999776, 72.27801308634265, 77.05689919867272, 99.13122597912152, 103.33113917057864, 109.38673991341908, 112.20970629365918, 120.73927248186254, 121.40709176676236, 128.686799099382, 109.17433690975852, 106.89013820820071, 95.68558761968674, 79.45740752344113, 67.6359517117567, 61.01674697901659, 50.640486087325506, 49.50237798797238], [64.55805656286165, 71.82283128235515, 79.25376211987812, 86.53242336394783, 79.78756871601152, 72.36946640995025, 65.18212129149848, 23.728045410168978, 17.783623166139517, 8.373549617904045, 0.0, 12.474561018894612, 8.531467838564065, 11.8136751663148, 18.205211394494956, 58.084316978572424, 67.35464582000179, 75.39249411488517, 85.29841000721062, 93.21808781406317, 93.67278875257558, 82.9234794442707, 74.33471355649435, 65.92070993913306, 59.817805262680956, 26.248178350755868, 20.099577863008193, 16.467022546301624, 17.744132954784437, 24.320516123339342, 17.601539570269242, 13.115776712702303, 12.877763701290062, 15.35577488668263, 21.925951591331355, 51.59537357925272, 51.38899462669891, 57.70769572321982, 66.9706749997142, 68.53863981535562, 66.98550981240662, 62.24285350097003, 53.28338290525497, 43.16832503149081, 42.29767118059912, 34.18427280987019, 32.65099616604103, 90.2167925962618, 82.62757814166888, 76.89938044583877, 73.06625856162628, 67.90879190851722, 64.19256790668223, 62.49096617018498, 72.11326096807845, 79.30302352198487, 84.1893404301869, 88.32406451882812, 91.11343511757235, 87.09045046122539, 79.77608925429128, 74.77927011817411, 70.6174700649379, 66.15643468171434, 71.39636039124552, 76.36351249959056, 81.9261516402282, 106.58087725682194, 110.53212451955851, 116.11878073192042, 118.39230628961006, 126.5113359603473, 126.39956092047593, 132.5593323076492, 111.60661802785722, 107.13671888879406, 94.32413869992114, 76.55549575753908, 64.02959690959328, 56.17868652102174, 44.93783835078079, 43.87097207389504], [72.40428036735385, 79.73947409660198, 86.91240131355372, 93.27049174298654, 86.86223291404127, 79.5979353675905, 72.29912146193585, 31.24577642055044, 26.62037919276694, 19.137806270222715, 12.474561018894612, 0.0, 10.64854378338832, 18.417273381902596, 25.24869004881192, 68.40529321156617, 77.28424889231131, 84.75619267331084, 93.88542972094304, 100.91460555436834, 101.17097314277702, 91.59365363427331, 83.36481090723957, 75.17452325364492, 69.37438428253526, 38.29843717391617, 32.159912650542196, 26.509600361362693, 21.618821159854253, 20.36001420220315, 14.689526033166931, 18.686625180743285, 23.81313824800605, 27.636826320551133, 33.79793317555204, 61.30275539251922, 60.32981353905965, 65.67954768578632, 72.57346949726593, 73.89357042939666, 72.75220376712618, 67.30116984826387, 56.925508631554465, 46.38766403139353, 49.490271243273355, 42.94273544773929, 43.19899418952634, 92.53509760469495, 85.69705096647259, 80.12309411269652, 75.75074614568315, 69.93505157778043, 64.43257311126976, 60.31760790599764, 70.8676620707211, 79.27549004804504, 84.92590321839472, 89.98225163737229, 92.88892653850212, 89.36006581451078, 82.31381098875184, 76.87760867538644, 71.81762397522161, 65.31946877454517, 71.99246432433104, 78.13729944660831, 84.19949564629637, 112.8582637284877, 114.444776619682, 118.33024150872248, 119.3283021401461, 126.70080013047885, 125.60502936358385, 129.93608015651125, 109.13263564111645, 100.86245719885837, 86.06673278669341, 66.61850251889516, 53.02753881074193, 44.02679225641172, 33.47205784773516, 37.98955074029348], [64.9630141337842, 72.31850131833819, 79.56496196826129, 86.19730587792635, 79.30182987011982, 71.86991858102716, 64.60762812914781, 22.982985986306346, 18.81173569186536, 12.094255610188247, 8.531467838564065, 10.64854378338832, 0.0, 8.581690088163635, 16.678178650742353, 60.63603701925821, 69.89459562369396, 77.70505530687606, 87.42986556737152, 94.86530447441913, 94.93459785589094, 84.5500520117178, 75.97884100070515, 67.54359079213755, 61.50493461100784, 31.449985532187927, 27.07733738033727, 24.92066873298012, 25.318530759726524, 28.862489838800606, 22.286914891156627, 20.898204768798323, 21.16545680192669, 21.729035971592246, 26.528905001563462, 52.93086140897109, 50.82838534424773, 55.53940185233393, 63.31929985083838, 64.31938845160926, 62.61373620585116, 57.3243644971005, 47.4567851574816, 37.070930212862756, 38.997741640156626, 33.14344446183642, 34.4759570004656, 84.56863972813304, 77.01770114202775, 71.12266143535612, 66.87339441467601, 61.319588738069704, 56.824307171634516, 54.395713024533705, 64.28877235829249, 71.90608878809216, 77.15262235552275, 81.83086144652482, 84.90233373040752, 81.21031169129562, 73.6730294890531, 68.30466518216399, 63.67488692321207, 58.43805745692344, 64.20776804509741, 69.74961962481581, 75.7245163142739, 108.28305697124443, 109.79321219236317, 113.50355097278627, 114.59208313916541, 121.70618791168468, 120.36517341330243, 125.72706912933074, 103.65881020510575, 98.73972010604112, 86.0468503387894, 68.80198352997915, 57.06384711678927, 50.7985643023399, 43.41783353669809, 47.59472687654704], [56.734619525624865, 64.07642754374518, 71.34181438240573, 78.12615227929295, 71.07158585589494, 63.59159662965745, 56.363171273900086, 14.766686359354491, 11.284553157093505, 8.391415328462893, 11.8136751663148, 18.417273381902596, 8.581690088163635, 0.0, 8.532607888834105, 52.59541740928221, 61.875341823080134, 69.69889787843691, 79.57440134574973, 87.12451095258425, 87.10449908385789, 76.44151171992486, 67.78436784750687, 59.30258791464618, 53.237321135760304, 25.759192039600507, 23.867469797190616, 25.155963202691346, 29.055898048729798, 34.74337182942758, 28.473095378171667, 24.676894998276808, 21.364039045629248, 18.270704637440396, 20.5587772930507, 44.550740020819234, 42.27450135495455, 47.43140682751099, 55.630929624709914, 57.05003714100305, 56.09145486541103, 51.49337071250308, 42.28906356079247, 31.967905406693053, 31.86043058030971, 24.653921116369887, 26.39537244521511, 78.43024293025245, 70.83820761071792, 65.27631806193938, 61.69189506740325, 56.85689805148573, 53.65164082277576, 52.766866227606535, 61.93057792181826, 68.55652425160596, 72.98578833453544, 76.7174339222386, 79.35496137782533, 75.28683909016542, 68.12624084395134, 63.43329980349552, 59.62673425902383, 55.82780839777671, 60.54119174692984, 65.0243532840818, 70.25840349071078, 101.23207154649982, 102.94579575156541, 107.04984712119575, 108.65761318249955, 116.1199455314466, 115.4685555008734, 122.05322591673108, 101.12319231715989, 98.82126001477377, 87.98058071930978, 72.54307736721908, 61.729259680968354, 56.825791184614545, 50.076167046910555, 53.399905675251354], [48.321700715913906, 55.67666594715741, 62.91437679204832, 69.66268336054019, 62.69677447561846, 55.24689629408562, 47.99696004259139, 6.329542124331586, 5.424904071380158, 11.286875930412897, 18.205211394494956, 25.24869004881192, 16.678178650742353, 8.532607888834105, 0.0, 45.24994308139325, 54.215798637321846, 61.73405258952632, 71.36563077919074, 78.72935537938979, 78.64472750301334, 68.18895604448225, 59.65290116139137, 51.27835008952187, 45.38766321509802, 22.909894002748903, 23.967551620011793, 27.788564549842494, 33.37346215962764, 39.66081223578683, 34.155923276029895, 29.651532014806605, 24.636033935372165, 18.98354653012229, 17.846252742575988, 36.919776290472115, 35.216332331334364, 41.63964817743707, 49.401223144097486, 51.82173244031876, 52.75023017885026, 49.20616461505633, 40.72552521278261, 30.66650271745973, 28.622537242221277, 18.385099620942093, 20.10164067723759, 73.45892889473619, 66.44555741836136, 61.76410378069595, 59.1931148576802, 55.34469168170123, 53.3431139927965, 53.48732987609201, 61.978646701861194, 67.6394738620481, 71.06577621648232, 73.56608859800996, 75.34880292602644, 70.82629464575412, 64.75080316682345, 61.14246798993313, 58.323373708850674, 55.768148845755476, 59.52814633936409, 62.789611662376736, 66.8514631895021, 92.93043792342745, 94.71460665412062, 99.39912737642135, 101.68515234672645, 109.82322802404178, 110.37365280582002, 118.14116683139945, 99.89814023514101, 99.35528766280844, 90.02905280250957, 76.02658958696391, 65.61303524500194, 61.44863082483346, 54.65497632273923, 57.41480902630438], [20.396564096085914, 23.73053573770228, 30.380262599910306, 40.683855998778746, 34.54399894012659, 29.1223296531328, 26.199823770682027, 39.43749122818774, 42.13524936991262, 49.94011956187231, 58.084316978572424, 68.40529321156617, 60.63603701925821, 52.59541740928221, 45.24994308139325, 0.0, 10.196574993185212, 19.5935145217525, 31.85788219953726, 42.357703804850495, 43.16110989898873, 28.571410444498554, 19.4710126975163, 11.859786749170492, 7.173918783716821, 34.99539733445599, 44.36742074253153, 54.22642224615895, 65.03849846373862, 75.33699566860065, 71.49223205379815, 63.14985423054127, 53.951434212371595, 45.59477943813121, 37.38707551786636, 10.836174787137294, 23.0327280379429, 35.56445343529625, 45.915621335800864, 51.91231806564546, 57.5762687134637, 60.46607269572246, 60.735929869636216, 57.216257718510946, 44.08101899743495, 32.99484073640741, 26.832154244459428, 76.14532567679592, 70.86920262776894, 69.84466912310292, 72.17116329234062, 73.3789941953569, 77.99985061223352, 83.92359556513833, 87.85045784475199, 88.0720364435119, 86.84752966053026, 83.47631669486313, 82.07038295084855, 75.95609036596457, 74.08065602789158, 75.43492256143047, 77.68400497650553, 82.14766296017636, 80.41502543998854, 77.5000716204919, 76.1721943411608, 61.4918681247102, 73.39632957000502, 86.17839390564585, 94.77515223604597, 106.63754480385401, 113.88460251099966, 128.46215121790686, 119.36530604094462, 129.16147984498443, 126.06220568577626, 116.84277531020871, 108.0007118384046, 104.78670046149827, 95.32018118614614, 90.38309751932809], [19.145962149366145, 19.290713698601902, 24.342155331219562, 34.692260429262454, 30.05780165823058, 26.561910479776227, 26.017091252896986, 48.21253169519022, 51.17767084624108, 59.209849730523125, 67.35464582000179, 77.28424889231131, 69.89459562369396, 61.875341823080134, 54.215798637321846, 10.196574993185212, 0.0, 9.606752411280103, 22.097959474152113, 33.050548169806895, 34.15281678128158, 19.247587739133728, 11.11649856660167, 7.974304798498112, 10.42710341629817, 44.53059008217081, 53.64829151567644, 63.14854845436571, 73.57851740178484, 83.46883041777707, 80.09371791037431, 72.06293519574324, 63.15140587056628, 55.05792249839335, 46.99380092449148, 19.11564469845927, 30.280833623822854, 41.742087875003534, 49.62025051462555, 56.351928536104865, 63.6658180761884, 67.43778459520647, 68.38363170630923, 65.42035782687503, 52.76815146747383, 42.23159469994611, 36.66091504797083, 78.35667338915441, 74.3854953524049, 74.61861094577348, 77.8887567078558, 79.92025753647562, 85.08398499889095, 91.19673296844122, 94.60263899691121, 94.13762928164469, 92.09099270752712, 87.60629547952229, 85.22486971587733, 78.96586426155821, 78.66653741380351, 81.10248332377574, 84.0781091922108, 89.11361947983748, 86.85314207686524, 83.06683941100394, 80.55031319042513, 52.74852547355523, 66.86488201733776, 81.59532834195846, 91.66808676811152, 104.48412968033095, 113.6122041922406, 129.33336413167456, 123.7738908638928, 134.5737699955402, 132.4668782045315, 124.07893796891085, 115.37404342666399, 112.34121774834135, 102.70996860299152, 97.44805399974697], [20.157704783667935, 16.999816233451558, 19.315987357562253, 28.808121818472404, 26.284204142245603, 25.170194980477326, 26.874382936776076, 55.58548327453934, 58.90391364736834, 67.23677413363248, 75.39249411488517, 84.75619267331084, 77.70505530687606, 69.69889787843691, 61.73405258952632, 19.5935145217525, 9.606752411280103, 0.0, 12.59360540478226, 23.705465122152525, 25.000050732539083, 10.329812253717826, 6.290736354613901, 11.865691289465865, 17.668844364184235, 53.41261943947049, 62.32416257091214, 71.44967639010925, 81.36324284308093, 90.62828971536463, 87.6448836490205, 80.10685581934268, 71.56449317587239, 63.64039870637579, 55.68361718864597, 27.094720981883356, 37.20431857050852, 47.69427131133606, 52.857358855989716, 60.201954962424175, 69.13395659582774, 73.51436043637692, 74.74711659734506, 72.13862255666022, 60.301029550920354, 50.13508984133752, 45.28697111248592, 79.48409048325635, 76.93603991462822, 78.39473570564056, 82.46174270697045, 85.16325706338395, 90.6290122967818, 96.71079721352952, 99.7013679986207, 98.71036117377979, 95.9605170278599, 90.52675459231304, 87.1961913907965, 80.86886337426947, 82.1476537799899, 85.54460330568921, 89.08456285651285, 94.44080565989528, 91.83246358731094, 87.36923361161406, 83.79077962208139, 43.900097889886965, 59.44526220496885, 75.7920980917012, 87.13563239470828, 100.7974466369096, 111.6870855608903, 128.31329530490748, 126.41391746607167, 137.84955182686085, 136.67728260147368, 129.17779811240473, 120.69734837335483, 117.99381219637229, 108.577049517175, 103.62898768200091], [26.72294051541114, 21.327446171771015, 19.389018819811284, 25.167582872050687, 26.652480073723908, 28.706147630377348, 32.318004980975076, 65.17690012897606, 68.71688075543422, 77.23362785249937, 85.29841000721062, 93.88542972094304, 87.42986556737152, 79.57440134574973, 71.36563077919074, 31.85788219953726, 22.097959474152113, 12.59360540478226, 0.0, 11.543872535379924, 13.792635240635526, 7.3643691411355805, 14.714113882758149, 22.718323609518578, 29.073185780707313, 64.51350339213272, 73.05385824791615, 81.58891197828251, 90.72871662629386, 99.1027139216371, 96.69292207902538, 89.85220686836715, 81.8759311889387, 74.27754738528255, 66.56194420975119, 38.397175395717156, 47.764923002218296, 57.45587096520816, 59.60802036250633, 67.5135538480058, 78.11938320525003, 82.91013155741732, 84.08349671316027, 81.57950140233653, 70.89207644310437, 60.78262545134118, 56.43555576375926, 83.0790022493918, 82.38553832964058, 85.22392079618268, 90.03474371640824, 93.31102166948462, 98.82364151443291, 104.55350403226271, 107.26834678439903, 105.90124174504416, 102.49173030194434, 96.13780905402783, 91.70474797903381, 85.3874539693501, 88.53032351306334, 92.88891521103882, 96.8774990492866, 102.2699593279994, 99.51391318960867, 94.51554422524411, 89.85977633720157, 31.867112657541398, 50.15782715974875, 69.10354261835069, 82.2181957881, 97.1120210677886, 110.42969180346577, 127.92923855406943, 130.99717862625954, 142.552874473909, 142.2255122901985, 135.5718691833742, 127.19756195890596, 124.6977342304153, 115.3412959196757, 110.66246994868168], [32.90720305290848, 26.81746956664795, 22.25109311046113, 22.956407031738834, 27.98737322435274, 32.27317552797338, 36.94076766288369, 72.54535863532669, 76.46474611005637, 85.23322028548688, 93.21808781406317, 100.91460555436834, 94.86530447441913, 87.12451095258425, 78.72935537938979, 42.357703804850495, 33.050548169806895, 23.705465122152525, 11.543872535379924, 0.0, 4.375328905641953, 15.48548933489507, 24.18603721958558, 32.170229827911484, 38.61332603253986, 74.04866201259871, 82.34669508135477, 90.4207052178128, 98.81833333474987, 106.21997323858008, 104.1653874373547, 98.10140318433749, 90.65983191751977, 83.22181587715198, 75.67509767230955, 47.56130503216802, 55.84077319983548, 64.60802635199244, 63.846064515103215, 72.10465676232658, 84.1976066369687, 89.25023623824713, 90.26114515805237, 87.93146374661731, 78.58773630519343, 68.86621083875721, 65.43978258728255, 83.8278657738829, 84.90884870750952, 88.99637318837574, 94.4159722455762, 98.17868648655451, 103.64736973558728, 108.98552641686705, 111.36628630742972, 109.65798699858362, 105.67144481575212, 98.56517158793567, 93.15491191204225, 86.94721376176395, 91.80061630443741, 96.99226921153556, 101.33608270022354, 106.68581328931438, 103.82141517450478, 98.39802242924935, 92.8064913087564, 21.59746136362087, 40.09510194708588, 60.79139423472786, 75.19617251049209, 90.96305839009598, 106.25333757467139, 124.33096374589708, 131.97337814842146, 143.57624071564607, 144.21685243070033, 138.683749782736, 130.72633213159884, 128.79823485673228, 120.230733472475, 116.73413402980863], [31.94050805753649, 25.49527639354418, 20.012071539065747, 19.24132804378903, 25.012452352353957, 30.011579868527587, 35.19803171738967, 72.42351777300826, 76.65653002166758, 85.62952967146286, 93.67278875257558, 101.17097314277702, 94.93459785589094, 87.10449908385789, 78.64472750301334, 43.16110989898873, 34.15281678128158, 25.000050732539083, 13.792635240635526, 4.375328905641953, 0.0, 15.731903643329725, 24.384491176019424, 32.3339771101097, 38.82084750952747, 75.00949879354368, 83.43134872103853, 91.60407351111907, 99.98710138693149, 107.23770571582452, 105.02134771540318, 99.09402919156257, 91.64918550190096, 84.04182253411929, 76.40694186869639, 47.554974256595386, 54.94419069155946, 63.02234528526006, 61.262470350070885, 69.53004078885142, 82.0317291772664, 87.25454050929359, 88.44218706415131, 86.4521458445939, 77.49514480791254, 68.39776854695697, 65.68879052008239, 80.2468555093044, 81.69744590593709, 86.12678030488631, 91.7727385967356, 95.77461726397827, 101.40029098690135, 106.8505904233648, 108.91359244537846, 106.93023279600203, 102.69867763294442, 95.32914382011998, 89.70031146960956, 83.5381807510778, 88.80669318313349, 94.28314294149294, 98.82819616352702, 104.37799713116125, 101.30062872309448, 95.62996893405105, 89.72650744445323, 22.67948588598529, 37.38803585673532, 57.19889486391055, 71.42001362636067, 86.97318382755307, 102.21848228238656, 120.47347614782973, 128.56989935362918, 140.71120089269624, 141.938672785496, 137.07856847433126, 129.5918877876701, 128.2255238432734, 120.52714004440486, 118.0229829366559], [21.78188146772014, 15.630315407454198, 13.461433885552683, 20.761013300873465, 20.71462749565934, 22.63456979099539, 26.82197497459421, 61.90475570523902, 65.88965902728121, 74.69450572836836, 82.9234794442707, 91.59365363427331, 84.5500520117178, 76.44151171992486, 68.18895604448225, 28.571410444498554, 19.247587739133728, 10.329812253717826, 7.3643691411355805, 15.48548933489507, 15.731903643329725, 0.0, 9.447293485799307, 18.154129177886254, 24.813619781134268, 62.28183556539125, 71.20788210992121, 80.17800215419847, 89.65975656921077, 98.22187234296904, 95.32954450485211, 88.36115542989825, 80.10452952706616, 72.0815920378075, 64.08840819988896, 34.045776693065605, 42.13551218712707, 50.977472680424924, 52.91753211670273, 60.675953595070474, 71.27998630503079, 76.33044917055234, 78.02052169196187, 76.1263092016836, 65.35492560902865, 56.311922942774835, 52.96150501919006, 76.64604676625939, 75.6166497968893, 78.40962981180186, 83.35358180768239, 86.86012555983548, 92.76070011816508, 98.97330171129884, 101.23960095829095, 99.49703625285507, 95.90733298656681, 89.43054432447398, 85.1236953265159, 78.8200593243962, 81.78684041997566, 86.25713735388436, 90.47670311641274, 96.33761953602097, 93.1900660874125, 87.90358377417282, 83.14153521071148, 36.87730108297375, 50.85318350723, 67.52641994333419, 79.62485752925107, 93.62785931637977, 105.82897515532096, 123.3351623332289, 124.86125058881231, 137.45821217073208, 137.7437108175731, 131.77913216914692, 124.07075908470853, 122.32931720458963, 114.19214306107516, 110.77284155361026], [15.137988533446512, 11.179465838328147, 13.919356214486502, 24.016658268359546, 20.445865386651896, 19.060191025317536, 21.249213164013817, 53.3867083725702, 57.30414956896425, 66.05358131330384, 74.33471355649435, 83.36481090723957, 75.97884100070515, 67.78436784750687, 59.65290116139137, 19.4710126975163, 11.11649856660167, 6.290736354613901, 14.714113882758149, 24.18603721958558, 24.384491176019424, 9.447293485799307, 0.0, 8.790046653526762, 15.429635824927493, 53.38106313048935, 62.49433610205698, 71.74988605780558, 81.5805235838145, 90.54668345983734, 87.28990089875423, 80.01882752317691, 71.50523217372246, 63.27935088041591, 55.160944836239494, 24.702391117089274, 33.30215231408057, 43.0375554076319, 47.02815819581329, 54.523048140989346, 64.11031971511935, 68.70868791251186, 70.1095266141868, 67.91922138408464, 56.568599493605355, 47.271913839995186, 43.7663888352109, 73.24158272515142, 70.8774866828658, 72.62543649168819, 76.93516701491481, 79.90276383832673, 85.57225394300252, 91.82899741585838, 94.464793834681, 93.18155656872746, 90.18863899252482, 84.52042401449341, 81.03282325006572, 74.70404454786859, 76.28596197146821, 79.96626850663098, 83.72998873998473, 89.33646109788998, 86.47818937541385, 81.74189266597558, 77.866298737614, 44.85893848926846, 56.91025452270381, 71.61374829183622, 82.26449731647895, 95.41530491543719, 105.77644892849317, 122.40918023421253, 120.40717407978724, 132.42245902790174, 131.894272931296, 125.20240867635555, 117.3470521155154, 115.44201110629952, 107.33458038814805, 104.00233464051857], [11.432359259997082, 12.318411090988036, 18.568383278512453, 28.929721942353154, 23.28531050072597, 18.91793092061883, 18.07340592410459, 45.04831261987913, 48.899751039109944, 57.609638115689364, 65.92070993913306, 75.17452325364492, 67.54359079213755, 59.30258791464618, 51.27835008952187, 11.859786749170492, 7.974304798498112, 11.865691289465865, 22.718323609518578, 32.170229827911484, 32.3339771101097, 18.154129177886254, 8.790046653526762, 0.0, 6.673853125433383, 45.01791256259967, 54.245064005974044, 63.67098986927276, 73.6917353238956, 82.88764608979336, 79.32280195573266, 71.89138543644587, 63.23649280561885, 54.84837304553043, 46.65069725935, 15.943137755803717, 25.519875904785685, 36.56489496300334, 42.55824438692634, 49.736219665354334, 58.294857810061316, 62.228951179215265, 63.00271533180805, 60.277192460785024, 48.58060668252652, 38.698591861558036, 35.01003771211614, 70.7436946118655, 67.2195800968691, 67.9271253631249, 71.49416632715088, 73.79437941282228, 79.01461732314485, 85.08648280649909, 88.23059469181375, 87.56356565891281, 85.25948478350548, 80.50864349130896, 77.81543373141439, 71.52001244717037, 71.78033018956278, 74.58820130923056, 77.76066487377209, 82.87375206865211, 80.48315692699292, 76.46071936411053, 73.55398518085929, 51.94061910187099, 62.27188311666155, 75.27514338885639, 84.59651644962617, 97.00309462176934, 105.73297362183223, 121.37061022791161, 116.34952914747736, 127.38722704849613, 125.93106384430567, 118.44888884638455, 110.3835263616747, 108.27202577200228, 100.19751624609103, 97.09385046327087], [13.39199346963819, 17.112678491327003, 24.135822751985764, 34.22007210468944, 27.729532504149685, 22.01752554136129, 19.09987771468074, 39.24039751456285, 42.921875474727095, 51.49892208233283, 59.817805262680956, 69.37438428253526, 61.50493461100784, 53.237321135760304, 45.38766321509802, 7.173918783716821, 10.42710341629817, 17.668844364184235, 29.073185780707313, 38.61332603253986, 38.82084750952747, 24.813619781134268, 15.429635824927493, 6.673853125433383, 0.0, 38.717819610747405, 48.06536794986249, 57.68977272007892, 67.95626257746545, 77.45436473101677, 73.60728145834956, 65.94373223351653, 57.10607606379722, 48.575141871751235, 40.29865552955147, 9.460535009699878, 20.433962420710575, 32.62418710810594, 40.660547137215225, 47.329444927855064, 54.676183223059454, 57.997824118181555, 58.29703524433421, 55.130583450237935, 42.9729626307033, 32.55114482277963, 28.475734156173942, 70.15611071170831, 65.63729014999561, 65.40113146127185, 68.28480655691433, 69.9867028784782, 74.83344848064984, 80.78541851328877, 84.33988990512229, 84.17994301740316, 82.47496192492719, 78.52649076988334, 76.55019370914538, 70.34262062983333, 69.4217156986125, 71.43686549990471, 74.08765402591347, 78.80000024529679, 76.79240680019124, 73.3959256789258, 71.36063592314726, 57.885422518289914, 67.4165261987856, 79.31716771723184, 87.6971094697877, 99.49158939932856, 106.95970441354544, 121.80481331487296, 114.27040895615293, 124.57051232670284, 122.3402199318552, 114.16503501218206, 105.91220045361781, 103.57014762894595, 95.42617661143714, 92.32320815216323], [47.38802463734592, 53.8772411302255, 61.46566798814231, 70.49322710318673, 63.64894767628061, 56.47666169940002, 50.18296302519055, 21.66638739906794, 18.06011046042883, 19.79758196589725, 26.248178350755868, 38.29843717391617, 31.449985532187927, 25.759192039600507, 22.909894002748903, 34.99539733445599, 44.53059008217081, 53.41261943947049, 64.51350339213272, 74.04866201259871, 75.00949879354368, 62.28183556539125, 53.38106313048935, 45.01791256259967, 38.717819610747405, 0.0, 9.682310064233018, 20.219844353632322, 32.072362262967815, 43.99044733432119, 39.139568103901716, 29.430526529054433, 19.504185270319727, 11.394373067239814, 5.237170143973652, 31.372485716232067, 35.33165815698431, 45.24685551658968, 58.398240290212044, 61.41728163876065, 61.10250167036388, 59.21178988081588, 54.48343712268533, 46.81926861401785, 36.96247137154703, 24.169379376146942, 14.68104910914976, 87.3367662016423, 79.5