{
	"dissimilarities": [[0.0, 7.366866933828857, 14.763783483708577, 23.150989065027552, 16.68984557240914, 9.781848218740977, 6.581453285715093, 40.88333599717623, 46.943400040060304, 56.28966478578328, 64.53885134024016, 72.52576580981736, 64.85593563525029, 56.57763362178141, 48.3141861080192, 19.3429958522705, 18.0513985063467, 19.178294329405652, 26.024158125233367, 32.5405576074426, 31.785110898328814, 21.16060525799461, 14.198784123213262, 10.154767000593072, 12.149515980005539, 47.01942521655017, 55.826842857186804, 64.62152173522665, 73.59103112951117, 81.38024559823357, 77.9509881548028, 71.70483596193446, 63.79564414849379, 55.44266974998132, 47.509594143628775, 17.560247210366654, 23.772884104725552, 33.59837929033741, 36.20417471088198, 43.823327734219184, 54.081018805233256, 58.470187967978944, 58.60299632134074, 55.91946606990267, 46.60868956107856, 37.07446680735318, 35.36000823775353, 62.06437814514929, 59.52922754059509, 59.97170606705712, 63.874434584410835, 67.30875440624628, 71.55389185376391, 79.3480716498322, 83.60976116999265, 83.03008306316862, 80.63477651028568, 75.70221546501503, 69.49347084594761, 63.05194032212894, 63.75575086880601, 67.58808510444243, 70.81824666790999, 78.2626360735773, 76.82897324120508, 72.66150535170904, 68.71362549749199, 51.179667534770736, 60.04923058819153, 68.03016941620889, 76.17279989404247, 89.12241473306395, 97.98129498409459, 110.94349473546816, 108.41692701658148, 115.47094188935334, 118.49167192189732, 114.74434464477636, 107.63974530890307, 103.98005551898838, 98.24447427223474, 95.2761491928674], [7.366866933828857, 0.0, 7.743540006090567, 17.205205664079642, 11.67041276528324, 7.569800176755591, 10.557528157424965, 48.21009652620983, 54.19859776041475, 63.52844961833092, 71.81639216273939, 79.87164376885619, 72.20455789803603, 63.91941007410983, 55.6683003637656, 22.808254785694867, 18.193075589917417, 15.849623037485593, 20.51240034079622, 26.459115334282323, 25.3983742796194, 14.815419695243605, 9.917839619125425, 11.16534610224354, 16.15997098380096, 53.54023160309802, 62.48666641118949, 71.41117406529237, 80.52481700298644, 88.4175585840325, 85.10349571909761, 78.7417187216031, 70.72179183974448, 62.36835535068907, 54.34981395201662, 23.456470659521877, 29.34888212941801, 37.85857433060134, 39.24335617979353, 46.96544975940373, 57.82082514864395, 62.91190218009143, 63.991148230378435, 62.06334804339586, 52.549756862152776, 43.89548766950455, 42.17980311866888, 63.417023490649946, 61.8309166385696, 63.15567047105766, 67.77102835135534, 71.85763762695758, 76.76002151811463, 85.05832006440968, 88.4738552736809, 87.17558268495762, 84.10762587245996, 78.32387864198705, 71.44740326127715, 64.8622796676261, 66.63578671836923, 71.45926301761183, 75.33191937782004, 83.70158529523329, 81.30508731924529, 76.39589731255045, 71.59621793110166, 46.23034373713813, 56.10267958168, 65.24004027254078, 74.45920792840461, 87.89718894946333, 97.9649082478984, 111.91728672728344, 111.39936292507977, 119.97471414039181, 123.90572224057368, 120.88826988872509, 114.1417938542581, 110.81228583639178, 105.17317041093065, 101.97612547106948], [14.763783483708577, 7.743540006090567, 0.0, 10.152685850945796, 7.4521190555982795, 9.670079596952139, 15.916290969774527, 55.569884742248334, 61.69507357261358, 71.03530945543562, 79.25758047845353, 87.00167010345392, 79.49184580621579, 71.22653453477268, 62.91934434682852, 29.825633737840008, 23.64350073732911, 18.400404612175056, 18.36778428007319, 21.51765301275185, 19.525104629319788, 12.437158277081185, 12.987189985497286, 17.907660844768593, 23.564509302502064, 61.26954757801159, 70.18708662340234, 79.02585543676466, 87.96847843320711, 95.57947495327228, 92.41348305183077, 86.26365584401957, 78.36319405681645, 70.05475809025732, 62.068471561817034, 31.07951025552858, 36.01937165852493, 43.03661135731146, 42.157419269770706, 49.95929512875378, 61.811771264356, 67.48667218451813, 69.1442984481004, 67.87204929758973, 58.901124571570804, 51.117438597128995, 49.86270181349785, 63.51460988283406, 63.344944108298094, 65.79627265967086, 71.12957962604654, 75.82392846350491, 81.20906608775246, 89.66882207778832, 92.22676207671009, 90.2867763964202, 86.53226049158417, 79.83244129381627, 72.12916716019123, 65.49940039114688, 68.7032738253729, 74.6305213629823, 79.07117903698584, 88.04613395250398, 84.74094647426023, 79.09374507251685, 73.40775167731219, 41.31233096216989, 50.449718736926044, 60.14494262559828, 70.27577603060665, 84.16627613730712, 95.5319774541168, 110.44965481351404, 112.82838294402407, 122.64320082956132, 127.45143584616174, 125.30887099344362, 119.09021995848023, 116.37013826598553, 111.29496189536096, 108.64457539040805], [23.150989065027552, 17.205205664079642, 10.152685850945796, 0.0, 9.02635543603663, 15.606064619126663, 22.204818108414788, 62.71604335087426, 69.15375694832177, 78.47053759715048, 86.44362435733761, 93.31163985585941, 86.24444720515729, 78.09723015433096, 69.71306844567685, 39.827072366957864, 33.594508904436644, 27.37178574465806, 23.216929708219798, 20.90424768621502, 17.292502410810474, 19.03745444413801, 22.696393616372315, 27.934565509020132, 33.358316771526546, 70.10206621096916, 78.76353666929145, 87.20372549617282, 95.5133812368329, 102.27294710639927, 99.34288464303411, 93.88371208755596, 86.4462951213964, 78.28447073897661, 70.50824315902612, 40.265037297123385, 43.84165650607758, 49.29630213298629, 44.85022468124642, 52.71000110920278, 66.11289646314887, 72.15263409341979, 73.8045483970992, 73.01475651595065, 65.62472203704004, 58.674122215267865, 58.338375607414584, 61.62040110638355, 63.65430855039786, 67.59040612279792, 73.61041168597022, 78.80262973681141, 84.35180336005443, 92.36878312936848, 94.09195493368256, 91.68227782459202, 87.25928427190063, 79.57826715682847, 70.78703652417879, 64.28205832830307, 69.5004013280605, 76.66505156190198, 81.5161413399369, 90.50975953594624, 86.44136953417492, 80.10393327099041, 73.51147740596105, 37.03506597404188, 41.549462772159416, 50.677934990581, 61.5444049015922, 76.02668158888453, 88.96709391941654, 104.82373416398974, 111.71003490133013, 122.13942780738861, 127.66679083841892, 126.55677308615273, 121.0986525935276, 119.39628168543827, 115.53562350011273, 114.52387970628428], [16.68984557240914, 11.67041276528324, 7.4521190555982795, 9.02635543603663, 0.0, 7.574100278373992, 14.723322212579776, 55.636133193572064, 62.275834935795096, 71.65887539323799, 79.70212672927974, 86.86042643595253, 79.3323742511785, 71.06329444873897, 62.70642492886379, 33.87897884788246, 29.284716557943206, 25.35673958967505, 25.62381807416145, 27.08918803217856, 24.258477749292474, 19.693923482885324, 19.465222372562454, 22.45532610045067, 26.981100724707158, 63.37096168535022, 72.22239893006187, 80.97729649205944, 89.64371450849005, 96.77834562939404, 93.3783155124315, 87.65300097323495, 79.9549314112284, 71.53096217218231, 63.62335699424636, 32.89240154081311, 35.183380822441244, 40.27947096389674, 36.737375092795084, 44.59189927562572, 57.474656090223924, 63.4297781178693, 65.25523115472485, 64.6299657337666, 56.82057659700159, 50.504079058745404, 50.9004883317593, 56.36709400683709, 56.85990930162971, 59.97440250177588, 65.70470189315576, 70.75551173047475, 76.41545093043294, 84.9851548941817, 86.78216065871318, 84.43599691183155, 80.31239556872326, 73.19203621100199, 65.1415707630345, 58.52691489801765, 62.43837413748354, 68.99182094328872, 73.74300753890037, 83.11081559035847, 79.10634338825157, 73.02681782750032, 66.9037019998918, 45.090862695609744, 49.367644506607505, 55.82341382371385, 64.72367299226111, 77.7574250067517, 88.44321426726363, 103.31979927438859, 106.01053226818138, 116.56251658291632, 122.28255098319704, 121.30100083925306, 116.0328070075266, 114.27034715554674, 110.86805574371851, 110.13433098708899], [9.781848218740977, 7.569800176755591, 9.670079596952139, 15.606064619126663, 7.574100278373992, 0.0, 7.305174585634216, 48.13452853786822, 54.73896581101289, 64.12826221542254, 72.20732611248837, 79.5596831497283, 71.91656850528116, 63.62166587224117, 55.27694485464016, 27.87250496377959, 24.988041930890265, 23.326552316725827, 26.788913416366515, 30.610402148068893, 28.597740601785045, 20.859602848189347, 17.208586565045806, 17.271830263112015, 20.65723118346106, 55.93302250374224, 64.74843795631924, 73.51046291006547, 82.24058352743295, 89.53333480769902, 86.00705743087656, 80.17324430195974, 72.43295490888708, 63.985212814853355, 56.0892494692375, 25.72830683459333, 28.334298496924976, 34.81522871866566, 33.251410229672935, 41.20381289360373, 53.32049538086353, 58.6905125067529, 59.82478848734422, 58.49695690046663, 50.31118544198079, 43.16841108074017, 43.376398244201965, 56.08401724551767, 55.11888572820125, 57.083582252417955, 62.08913080725351, 66.51823683291936, 71.6563480542172, 80.0025606594627, 82.72165696231922, 81.0766815143081, 77.66921231782146, 71.48964818419375, 64.25688965710161, 57.674157002859054, 60.12609104143719, 65.56069176348927, 69.7153151376143, 78.40147026413608, 75.362118897756, 70.04148693093605, 64.83537984750875, 49.01915188757027, 54.37681012030315, 60.57655652020941, 68.6025689654213, 81.25063452489312, 90.64831271477897, 104.50561968340784, 104.4019155407188, 113.54700328043033, 118.3108804862133, 116.4168853396089, 110.61036335175703, 108.2815314965529, 104.397432114517, 103.30336383841704], [6.581453285715093, 10.557528157424965, 15.916290969774527, 22.204818108414788, 14.723322212579776, 7.305174585634216, 0.0, 40.92212836791393, 47.58476933871567, 56.96111487814666, 64.98288841883121, 72.25524430005791, 64.64455383054985, 56.369779457864304, 48.01313052975014, 24.720425255584374, 24.344498577406064, 25.12154123385512, 30.63587818254652, 35.537369064000515, 34.04342296386104, 25.332655827301036, 19.563154712779912, 16.26947231591867, 17.42359979755848, 49.523280123160696, 58.1318703543797, 66.70499655494753, 75.24903049537244, 82.42003151998482, 78.82119935230955, 73.11669372880725, 65.52187932503386, 57.12740551336385, 49.36785013880102, 20.48077160909495, 23.081240983633286, 30.995274415681394, 30.85233910392607, 38.75014998287316, 50.21418339186064, 54.811941879620996, 54.88157843425721, 52.67468216754806, 44.689054651220175, 36.56113978407624, 36.79835558554143, 55.744383800299346, 53.70849366022916, 54.66539891337541, 58.87322174344112, 62.57319324282779, 66.97544328820752, 74.7535558323172, 78.46655145657506, 77.64148782393858, 74.98736443599735, 69.75225940922273, 63.25154502216079, 56.82258108376388, 58.068901729115645, 62.38903245364007, 65.82351035410376, 73.46402283813836, 71.52951089589, 67.03901633471006, 62.786381127218526, 53.238907077829424, 58.464860670604075, 64.02211705955196, 71.10540997805073, 83.37621572058384, 91.62336803316772, 104.44311996896393, 102.30326286118843, 109.71801514546267, 113.40433845675403, 110.60957543234524, 104.32124196461317, 101.56827897316728, 97.43659634305745, 96.43750817861417], [40.88333599717623, 48.21009652620983, 55.569884742248334, 62.71604335087426, 55.636133193572064, 48.13452853786822, 40.92212836791393, 0.0, 7.574227632451378, 16.473190942707763, 24.271887371682016, 32.62365237258712, 24.099907126392125, 15.742686226212921, 7.78298563673999, 37.184523054779554, 46.15654288637387, 53.72166989705969, 63.52523379650279, 71.18446791328486, 71.22271746565752, 60.33454434398916, 51.705602326460614, 43.265566204235334, 37.29045557249574, 19.36199671693904, 23.486860883234694, 29.78509215119279, 37.22990159508543, 44.60549877356569, 39.62228556589401, 33.98974564957609, 27.284290515571943, 19.701492176926042, 15.132164157750802, 28.873326326112238, 28.239930559448993, 36.189457244023124, 45.25436044106192, 48.241687482015394, 49.86165216777777, 48.0508936098036, 41.394658717639096, 32.71656325417127, 27.58439359656692, 13.978509730252258, 13.049504023265179, 71.39416621067103, 63.84962584852464, 58.7051937601006, 56.968242401516, 55.050730878157516, 53.717705646471, 56.901829379498665, 67.05427861753898, 71.44284449008303, 73.87468239038358, 75.10455532394973, 74.11881847284897, 69.69998901476417, 63.73050882518702, 60.21412595537544, 58.40651024252981, 58.159739000405274, 64.0403138790643, 65.70669671396605, 67.94286057371679, 86.38932767721474, 92.47135548215678, 95.92282590273506, 99.08365333915332, 108.55883926435321, 110.68952347137142, 117.52240383688901, 102.16383737286257, 99.64306280167074, 96.45724300620292, 87.50650154382392, 77.83928184667626, 71.13365416038882, 64.16779377625745, 62.02583576096771], [46.943400040060304, 54.19859776041475, 61.69507357261358, 69.15375694832177, 62.275834935795096, 54.73896581101289, 47.58476933871567, 7.574227632451378, 0.0, 9.40019656253171, 17.733847543262037, 27.517114065062472, 19.012949854836254, 11.390327905246716, 6.9548414335543995, 41.047558875148304, 50.274055970898495, 58.20562509063128, 68.23023566750487, 76.27326737585413, 76.6351399433779, 65.50914002071323, 56.83269442406286, 48.36034192246769, 42.242214175849085, 15.519358416388418, 16.97093046001173, 22.32143730658763, 29.890354671596203, 38.05705701549452, 32.89155413296032, 26.571885787080692, 19.73442650612551, 12.609515463171293, 10.444046234736135, 33.989764372527446, 34.491283802174294, 42.49449124130562, 52.51752770172903, 55.13225940750757, 55.46744557507983, 52.97151791149876, 45.951235835220515, 36.822161788395285, 31.9599276928188, 19.33979848970255, 15.95623575569984, 78.52141180563041, 70.6148673660242, 64.96929774951977, 62.629173078368204, 60.05432890912323, 57.94470194557691, 60.204130238434466, 71.21719721604003, 76.27959055088921, 79.34618713454962, 81.30385992694453, 80.87429736933585, 76.65881216656103, 70.12198951491135, 65.80641985387854, 63.38737580163506, 61.92748108052038, 68.91174704595473, 71.36419958117905, 74.26705990168347, 91.12350867058156, 98.44169871639288, 102.67344059564694, 105.99913381687672, 115.61068027359829, 117.58566121163359, 123.91344312280992, 107.38474639720614, 103.33786291801745, 98.70646901901846, 88.20417316752412, 77.47264188245745, 69.3919139276016, 60.42139427700394, 56.13881751994487], [56.28966478578328, 63.52844961833092, 71.03530945543562, 78.47053759715048, 71.65887539323799, 64.12826221542254, 56.96111487814666, 16.473190942707763, 9.40019656253171, 0.0, 8.57566352718412, 19.79100278226058, 11.573503184036326, 7.567061698848834, 11.474767692128848, 49.564166148905294, 58.894719466643345, 66.98401104358952, 77.04179678618671, 85.15735078975237, 85.65265148519649, 74.56759024764953, 65.90239561679128, 57.44008111312933, 51.27525178853202, 18.938691329269428, 15.134808016778043, 16.19906041853968, 21.992672037322205, 30.13022496043682, 24.2877560153724, 18.01421487835359, 12.738255934243117, 9.607679808256153, 14.081480072703046, 43.04159603823651, 43.256459133716504, 50.27154795177209, 60.4148238346568, 62.30394383492822, 61.15732119805607, 57.61410935399867, 49.74005147732273, 40.1321146096487, 37.1646433982179, 27.02340750370741, 24.23545385577776, 85.33208177681028, 76.99351336619348, 70.69755118326422, 67.42909181236443, 63.85688275009268, 60.48908313052782, 61.1768907811355, 73.25917068337134, 79.32906912600775, 83.34259631245638, 86.43606655965736, 86.9077581592814, 83.14938391950311, 75.81637165966237, 70.32935127925074, 66.9421433139064, 63.51740811886955, 72.04747264989669, 75.68295250681696, 79.64481651902186, 99.47228017458653, 106.80484785821972, 110.80392867816518, 113.61648247763692, 122.79496050751109, 123.87784353333511, 129.09888268040206, 110.59843650573194, 104.24955647608903, 97.81828100171356, 85.67022214737567, 74.04292773094156, 64.68112097672677, 54.452739504560924, 49.315527267056225], [64.53885134024016, 71.81639216273939, 79.25758047845353, 86.44362435733761, 79.70212672927974, 72.20732611248837, 64.98288841883121, 24.271887371682016, 17.733847543262037, 8.57566352718412, 0.0, 12.387623230770219, 6.461404069915066, 10.424335092230727, 17.819690895028906, 58.11105562295165, 67.4051676865453, 75.43102547186008, 85.31567622117582, 93.23107250405938, 93.72374934672635, 82.95655485405858, 74.36884378159151, 65.9447022441743, 59.817274992695246, 26.373610396710745, 20.23357099249238, 16.58737752762826, 17.626057055772005, 23.770116712803283, 17.17352669287849, 13.105729844125584, 12.98765287959345, 15.397354386097145, 21.977293497928017, 51.57934419402454, 51.279917743217396, 57.39076786000066, 66.91784266217755, 68.25480454949182, 66.31150784990622, 61.95946352695292, 53.228995305029265, 43.36538291691375, 42.70926873939807, 34.50428783255128, 32.6977719424764, 90.34771779327247, 81.90113155046001, 75.24309877325342, 71.24269633204754, 66.84096195415246, 62.27384765238613, 61.18707819090353, 74.16316202766643, 81.17977192281778, 86.00563948519181, 90.0450878250134, 91.2134129747119, 87.92252717695142, 80.13441817532951, 73.76951989856529, 69.52359160440128, 64.08294849067346, 73.99986478998692, 78.66003245565365, 83.50789028367112, 106.88932862437896, 113.48193673582584, 116.83729600405889, 118.95795383161065, 127.60271315992091, 127.78446587572792, 131.88248128467868, 112.1123019209507, 103.37078139390306, 95.18173134470037, 81.5676323609917, 69.23569083346217, 58.90449012432838, 48.11510633653191, 43.60701009647868], [72.52576580981736, 79.87164376885619, 87.00167010345392, 93.31163985585941, 86.86042643595253, 79.5596831497283, 72.25524430005791, 32.62365237258712, 27.517114065062472, 19.79100278226058, 12.387623230770219, 0.0, 10.20469898266289, 17.83578351234341, 25.139667419284727, 68.39466751913322, 77.32459740952503, 84.79793334099554, 93.91819998231455, 100.9467348860107, 101.22236216748436, 91.62417385880502, 83.37944747272631, 75.1609345413398, 69.31299857396753, 38.37970207419689, 32.24498178656594, 26.65090885653322, 21.737962658703, 20.135241771416254, 14.686219178482938, 18.872837542534246, 23.887628516028332, 27.61013837663598, 33.79464190576058, 61.22138853327372, 60.11466437276436, 65.20252255335085, 72.36181373689708, 73.3370942301873, 71.82875424567473, 66.86624318578849, 56.77443946748435, 46.67603719383149, 49.9328583136697, 43.34978656058959, 43.203475629834934, 92.73105934199367, 84.98727578721638, 78.51889562182355, 73.95769672173917, 68.77269592331069, 62.61411001321503, 58.44384701825902, 72.51136509047545, 80.7905763296982, 86.41544785123187, 91.26243461304706, 92.81707449730264, 90.1827207269651, 82.64121046877335, 75.75980079171863, 70.54823213687662, 62.01991494059341, 73.65762825925448, 79.37596736899506, 85.03703862528519, 113.12659648423377, 117.21165526937142, 118.99438184064537, 119.85388251426734, 127.69042828454982, 126.82126025990961, 129.39076680251443, 110.15715879391969, 97.65352035213704, 86.8635064161662, 71.27630615838042, 57.96748609555306, 46.855091959401946, 36.80895305066216, 37.84618328805084], [64.85593563525029, 72.20455789803603, 79.49184580621579, 86.24444720515729, 79.3323742511785, 71.91656850528116, 64.64455383054985, 24.099907126392125, 19.012949854836254, 11.573503184036326, 6.461404069915066, 10.20469898266289, 0.0, 8.444225658272876, 16.648954052084925, 59.99064643195352, 69.27396094551366, 77.11631686119405, 86.84452935019203, 94.373656167969, 94.57201420430907, 84.11209238880267, 75.54155642425134, 67.09801889284248, 61.01854502171222, 30.25962468483431, 25.496889393188454, 22.994893765104024, 23.284476173751322, 26.969325844905597, 20.479470922807675, 18.94178654842639, 19.274916209912895, 20.15983081128961, 25.362787102761676, 52.514616767305284, 50.79860964234523, 55.72195064938849, 64.10612586876216, 65.00929798251853, 62.99284373306042, 58.28452456493039, 48.87539874776254, 38.84885951405302, 40.29730892618724, 33.68040849042798, 33.98216498952293, 86.13373404888483, 77.71362412519056, 70.978006690743, 66.65999741351459, 61.91492980133605, 56.80425937821824, 55.01004113116668, 68.22637375612983, 75.56794867509639, 80.6585024439986, 85.0558915398017, 86.54315240035211, 83.55690717043711, 75.6138828757213, 68.91925567070753, 64.30120666768991, 58.03745917595584, 68.39475739481644, 73.42728952226997, 78.65589600438093, 108.01956656468606, 112.84195641376812, 114.7486329673729, 115.98190955474254, 123.84721876283545, 123.13661250582295, 126.62217628761286, 106.1999167137652, 96.95445486801468, 88.86654288759524, 75.7701206756378, 64.10858911778534, 54.676446226125215, 46.58148928314777, 46.12391063277411], [56.57763362178141, 63.91941007410983, 71.22653453477268, 78.09723015433096, 71.06329444873897, 63.62166587224117, 56.369779457864304, 15.742686226212921, 11.390327905246716, 7.567061698848834, 10.424335092230727, 17.83578351234341, 8.444225658272876, 0.0, 8.38911599662974, 52.00358645212499, 61.272924854872976, 69.08668887696959, 78.9048023454604, 86.50133980886109, 86.62133528123346, 75.96217305233446, 67.33687620436692, 58.865311989909785, 52.78250584316531, 24.595497848514146, 22.336943190804643, 23.366886066203904, 27.18611315928798, 32.853603981267575, 26.815678383357696, 23.00194188149524, 19.669989631410814, 16.684879860070133, 19.340304823231097, 44.20952649750072, 42.46842290679418, 47.94512519953775, 56.641809335830175, 58.02541909454887, 56.8657362881256, 52.898163654650986, 44.127785859194596, 34.16723531996884, 33.76446654637013, 25.57712625885611, 26.005571293148243, 79.99577855890054, 71.67290898469365, 65.27792782621025, 61.649770564245905, 57.69777271990704, 53.749707407619425, 53.77573409683239, 66.09746804284346, 72.50175096518525, 76.78456412545857, 80.25270636240356, 81.05967045059475, 77.63186884100696, 70.11453332202206, 64.26108342125045, 60.46621600859767, 56.21573727096883, 65.17891742027271, 69.19540780766916, 73.57495300321447, 100.75767970585036, 105.86496668845344, 108.08313021481938, 109.82428492821104, 118.0931572509221, 118.1403112745974, 122.6843610074775, 103.50230791129823, 96.68688322566835, 90.48805311673591, 79.0487027022546, 68.24593679541401, 59.97582781157652, 52.62713192767561, 51.69613803032443], [48.3141861080192, 55.6683003637656, 62.91934434682852, 69.71306844567685, 62.70642492886379, 55.27694485464016, 48.01313052975014, 7.78298563673999, 6.9548414335543995, 11.474767692128848, 17.819690895028906, 25.139667419284727, 16.648954052084925, 8.38911599662974, 0.0, 44.86108569220751, 53.86683307791089, 61.396754101465085, 71.01393173553765, 78.42480190195175, 78.43551336648859, 67.93593642335365, 59.39891235534952, 51.006517672790345, 45.06716299704432, 22.248176175174024, 23.216417728488626, 27.03337142159807, 32.61374139311057, 38.81077138481746, 33.48076458410713, 29.018046988449857, 23.936087729662507, 18.194530264311442, 17.096694196030796, 36.63095349964569, 35.13853974119036, 41.55994257860679, 49.85674953742393, 52.03920012032862, 52.55902897614672, 49.6261924497981, 41.55968017994358, 31.939931562668995, 29.89505117508851, 19.26075328471174, 19.7865673763151, 74.23316863635117, 66.44992946363845, 60.75971743757184, 58.06656672819005, 55.09358956604712, 52.326245646766345, 53.73908267173833, 65.0945218250499, 70.57927043915446, 73.93932529293578, 76.26279549311913, 76.09782520302655, 72.20876700258299, 65.57980791006088, 60.92519630167175, 58.06025668152323, 55.5931749508447, 63.116107974672325, 65.97344880266023, 69.29806372238212, 92.90498517775734, 97.95032489220992, 100.47590704620936, 102.74527480642085, 111.55292769682396, 112.5888341338215, 118.21582876449374, 101.35292646002549, 96.4979745523035, 91.79281318794652, 81.68298585908498, 71.5166976850176, 64.28143532793604, 57.52120520165798, 56.679911399244], [19.3429958522705, 22.808254785694867, 29.825633737840008, 39.827072366957864, 33.87897884788246, 27.87250496377959, 24.720425255584374, 37.184523054779554, 41.047558875148304, 49.564166148905294, 58.11105562295165, 68.39466751913322, 59.99064643195352, 52.00358645212499, 44.86108569220751, 0.0, 10.144956293806786, 19.50575459768314, 31.74941384666173, 42.28019288656626, 43.206202218274505, 28.538154178639672, 19.48196648449075, 11.934717343317768, 7.342829406661301, 35.01043843629168, 44.373827946450554, 54.19514622157156, 64.91195596653526, 75.02908876514779, 71.2605463185187, 63.06528270892321, 53.94513366516114, 45.609145841469285, 37.39681756026577, 10.888888921913292, 23.00455038165634, 35.36100041932222, 46.07506569988888, 51.97061742940771, 57.1759738483837, 60.33319931181976, 60.75075431053302, 57.200497487078714, 44.2386262216155, 32.96944911770606, 26.83933399049943, 75.45835003665198, 69.91298274617142, 67.83588605934813, 70.1823506197453, 72.43975886299393, 76.17901862047795, 84.54983859944694, 90.12059063804439, 90.27940765374356, 89.08162777960135, 85.92953434741092, 81.73505831749073, 75.51779249281893, 73.0849881550778, 74.50422330760163, 76.83392367371775, 83.99266133961483, 83.97731537268109, 81.2154011494541, 78.9277107307833, 62.06026681250697, 77.06391549400243, 87.15442683822747, 95.49704092083057, 108.0880003090466, 115.66853511481995, 127.62977606223126, 118.84986630103188, 125.16632998338224, 126.91872359332531, 121.23851991881484, 112.66479597925834, 106.78479887834398, 97.93118570790713, 90.22728983925035], [18.0513985063467, 18.193075589917417, 23.64350073732911, 33.594508904436644, 29.284716557943206, 24.988041930890265, 24.344498577406064, 46.15654288637387, 50.274055970898495, 58.894719466643345, 67.4051676865453, 77.32459740952503, 69.27396094551366, 61.272924854872976, 53.86683307791089, 10.144956293806786, 0.0, 9.588534480702098, 22.081743042484803, 33.08852692152799, 34.326105251242254, 19.301467462169843, 11.22174417043701, 8.12004883081044, 10.492125181391138, 44.54628124450729, 53.66347607565769, 63.149977024822334, 73.51948485133016, 83.27115540289809, 79.95468023164189, 72.03176080697722, 63.16634645630962, 55.07834873410773, 47.007762079539525, 19.106116944937657, 30.18242053883573, 41.44959715481888, 49.71198253109661, 56.29053291281664, 63.17129477746339, 67.24105605405678, 68.36626197264323, 65.43397003622277, 52.906505896049175, 42.26768275968306, 36.668098964502995, 77.52553163514055, 73.41664587200822, 72.6023439789733, 75.90943606003124, 78.96575014678673, 83.33058808452951, 91.91897102881022, 96.74330094737238, 96.23205737970478, 94.23212528240603, 89.94732078390518, 84.670300210229, 78.20235440011476, 77.3608880626141, 80.14234758693593, 83.19543364381919, 91.08907661561703, 90.1295775319245, 86.46096513127517, 83.08267056558168, 53.51473268523386, 70.59854047052025, 82.65417609619058, 92.449422581793, 106.0184244933062, 115.41699344701412, 128.62925673705803, 123.36285014859541, 130.9010621223348, 133.3279235496929, 128.17302066846364, 119.75636693409885, 114.2333491627819, 105.26742234039345, 97.39278783137036], [19.178294329405652, 15.849623037485593, 18.400404612175056, 27.37178574465806, 25.35673958967505, 23.326552316725827, 25.12154123385512, 53.72166989705969, 58.20562509063128, 66.98401104358952, 75.43102547186008, 84.79793334099554, 77.11631686119405, 69.08668887696959, 61.396754101465085, 19.50575459768314, 9.588534480702098, 0.0, 12.599513511767704, 23.772779061367597, 25.209851207839566, 10.395060211181177, 6.318494773426342, 11.826844250139555, 17.56857915693956, 53.42809289063433, 62.34080637420434, 71.46501601363138, 81.33775522672072, 90.49014376456148, 87.55751127319635, 80.101639801838, 71.58213384263826, 63.649590249223735, 55.68683671650939, 27.004556606498042, 37.02047683079836, 47.2966880183585, 52.82099344358302, 59.951926433891465, 68.5179274660764, 73.25975737962679, 74.69747844485484, 72.18907036378663, 60.46851987334245, 50.23876716530938, 45.28072193400864, 78.48570688921683, 75.94089247077369, 76.36693795392935, 80.48287632552103, 84.17287427460673, 88.93298963165066, 97.45794240194836, 101.65667523123923, 100.64310658657968, 97.95889512568817, 92.66889931697101, 86.35605680426957, 79.75070797561759, 80.52114446836204, 84.52796491270361, 88.13132319355682, 96.40601202859982, 94.70092512775985, 90.27571142101108, 85.95352760914375, 44.74076416972464, 63.1062051568823, 76.80090561084262, 87.85012341706647, 102.29318592652412, 113.39651457858645, 127.67142133972372, 126.16320879525748, 134.50883945343742, 137.46718834530512, 132.85585768862714, 124.69421755225892, 119.68416334370289, 110.98120658703064, 103.60010564581414], [26.024158125233367, 20.51240034079622, 18.36778428007319, 23.216929708219798, 25.62381807416145, 26.788913416366515, 30.63587818254652, 63.52523379650279, 68.23023566750487, 77.04179678618671, 85.31567622117582, 93.91819998231455, 86.84452935019203, 78.9048023454604, 71.01393173553765, 31.74941384666173, 22.081743042484803, 12.599513511767704, 0.0, 11.6082651465349, 13.98649794559142, 7.299453038248071, 14.591692939553278, 22.56884431597759, 28.86807604499936, 64.53469424761816, 73.07584140613777, 81.621770711983, 90.7412261251677, 99.0311728936871, 96.66514363810555, 89.877266340064, 81.8966367758255, 74.27305106792217, 66.55400197664079, 38.23635320376751, 47.49234506524184, 56.9397880628346, 59.39040681180527, 67.00225651909533, 77.34774532549213, 82.58752951608142, 83.99596449791335, 81.68608795553538, 71.115769659685, 60.97706101010107, 56.417566420882785, 81.87908304574526, 81.36022605856516, 83.18576658604779, 88.04968712026778, 92.26080459648497, 97.18394275757014, 105.24327557018405, 108.96499477522302, 107.60450298536776, 104.27880739251599, 97.96193989715736, 90.46623697214494, 83.83154785593295, 86.53423970993228, 91.78569468163626, 95.81016359363466, 104.04121322775491, 101.79596424696481, 96.6950377266945, 91.44516747040564, 32.75210886722852, 53.444568163861575, 69.90398510804461, 82.72672412140469, 98.45699955841926, 111.91036891782053, 127.36857742704514, 131.04149144333505, 139.71229470795927, 142.8846803969699, 138.61145385277493, 130.5819375758746, 126.077209472891, 117.49594857756648, 110.64777490359238], [32.5405576074426, 26.459115334282323, 21.51765301275185, 20.90424768621502, 27.08918803217856, 30.610402148068893, 35.537369064000515, 71.18446791328486, 76.27326737585413, 85.15735078975237, 93.23107250405938, 100.9467348860107, 94.373656167969, 86.50133980886109, 78.42480190195175, 42.28019288656626, 33.08852692152799, 23.772779061367597, 11.6082651465349, 0.0, 4.395143190180499, 15.445980283151014, 24.08219202425198, 32.015292086938906, 38.38715878158847, 74.1036828175573, 82.39814260703172, 90.48795533576425, 98.87616357208438, 106.21168812195323, 104.19845140869869, 98.16743039789678, 90.70284679324487, 83.22821027770792, 75.68351470452674, 47.38642934971573, 55.52649361023851, 64.00910601906045, 63.47993145117522, 71.35834989335338, 83.2869677518104, 88.8853894390639, 90.161463864089, 88.11582858160712, 78.90249946662337, 69.17072499686115, 65.4423142683875, 82.47406120309893, 83.8854692434033, 86.98977036997752, 92.46268489945436, 97.09617827990175, 102.10220939951128, 109.63997303366958, 112.79829712505752, 111.12714390780577, 107.24174765001409, 100.05564971464635, 91.55097894771312, 85.01721994853364, 89.4939893809203, 95.82770829977751, 100.1783889476892, 108.27327240937831, 105.49642586174869, 99.81999575642051, 93.79172750266234, 22.4215896133041, 43.041189437392404, 61.35861673790543, 75.48060937355824, 92.12448571611438, 107.48453371364083, 123.82705792163013, 132.33151640653043, 141.2188602982909, 144.74304709603138, 141.12286388463957, 133.56449575577224, 129.8811623978874, 122.14250642738682, 116.72551414878473], [31.785110898328814, 25.3983742796194, 19.525104629319788, 17.292502410810474, 24.258477749292474, 28.597740601785045, 34.04342296386104, 71.22271746565752, 76.6351399433779, 85.65265148519649, 93.72374934672635, 101.22236216748436, 94.57201420430907, 86.62133528123346, 78.43551336648859, 43.206202218274505, 34.326105251242254, 25.209851207839566, 13.98649794559142, 4.395143190180499, 0.0, 15.859569794359619, 24.422106430972697, 32.29847676346123, 38.70571965506857, 75.1404484109809, 83.54796527525666, 91.72146261941276, 100.07619078736455, 107.24040719034559, 105.07581732213555, 99.19770846252378, 91.7438590137326, 84.1080484575695, 76.48327115599179, 47.47985476498743, 54.72311725831555, 62.507987908545665, 60.94163015195615, 68.81630880424544, 81.18313681911873, 86.96978540989201, 88.41196189956085, 86.70585483845174, 77.90962000556839, 68.78730242796502, 65.77146802998884, 78.89513280824326, 80.73809109160928, 84.21520464183219, 89.91883093343647, 94.766898664041, 99.95777084604352, 107.59694210794657, 110.32079075844112, 108.38846923142071, 104.26459716515993, 96.80212029507926, 88.07926863164722, 81.57226366135743, 86.48472100831029, 93.18250424636064, 97.72940278864989, 106.08810707138491, 102.8991602671457, 96.9591233118091, 90.65567164201549, 23.281065673040015, 40.50451344397695, 57.72460597412357, 71.65024154313866, 88.07709939375384, 103.41253056037917, 119.9001627559235, 128.94296579235828, 138.35872318726524, 142.43516651163597, 139.47687893935097, 132.42906924063846, 129.26519373725444, 122.40091366697429, 117.99633402826947], [21.16060525799461, 14.815419695243605, 12.437158277081185, 19.03745444413801, 19.693923482885324, 20.859602848189347, 25.332655827301036, 60.33454434398916, 65.50914002071323, 74.56759024764953, 82.95655485405858, 91.62417385880502, 84.11209238880267, 75.96217305233446, 67.93593642335365, 28.538154178639672, 19.301467462169843, 10.395060211181177, 7.299453038248071, 15.445980283151014, 15.859569794359619, 0.0, 9.404674913235759, 18.08394895605451, 24.69434420329135, 62.332262039757715, 71.25279526782012, 80.21825481545166, 89.65847386331384, 98.11186424636364, 95.27259653040967, 88.38007601814786, 80.1404203132405, 72.10478608206445, 64.1114446657909, 33.95580380942926, 41.937516514434705, 50.53948099179163, 52.780636723300894, 60.27027402567863, 70.58888005210274, 76.07189065115044, 77.978271788616, 76.2350209162779, 65.60319986348887, 56.50068398353855, 52.981030845397804, 75.48472355882797, 74.63185290088579, 76.44151185787811, 81.44953002939275, 85.88781942298833, 91.1916826471909, 99.82126797957896, 102.98638029063578, 101.25259328241636, 97.74882762282843, 91.35798814168072, 84.0136130789624, 77.35204940042321, 79.85580677757177, 85.23095242612891, 89.50043591082222, 98.41927309961704, 95.61999900136134, 90.29268833138154, 84.91872074235746, 37.62767877472776, 54.55775387457469, 68.45661459480533, 80.23534135021671, 95.02966297639398, 107.41524727559936, 122.66495073220615, 124.71945051294219, 134.36862343393014, 138.432606225484, 135.07328360178224, 127.75520809044964, 123.79707060961243, 116.41148645765095, 110.72297238932342], [14.198784123213262, 9.917839619125425, 12.987189985497286, 22.696393616372315, 19.465222372562454, 17.208586565045806, 19.563154712779912, 51.705602326460614, 56.83269442406286, 65.90239561679128, 74.36884378159151, 83.37944747272631, 75.54155642425134, 67.33687620436692, 59.39891235534952, 19.48196648449075, 11.22174417043701, 6.318494773426342, 14.591692939553278, 24.08219202425198, 24.422106430972697, 9.404674913235759, 0.0, 8.76526255311836, 15.359314189688648, 53.442717701537475, 62.54474556610578, 71.78066648862108, 81.54695559960544, 90.37450778392919, 87.18230662415321, 80.01424169254057, 71.53958499915598, 63.31218345816831, 55.1956711469411, 24.653723369255708, 33.154561032498464, 42.66210467977375, 46.98187141225267, 54.24653420322653, 63.499192914914545, 68.50228699278794, 70.09920613268682, 68.01102309183625, 56.82970126593371, 47.437585070479884, 43.80279974153646, 72.21167126131144, 69.89366862689012, 70.63305022519621, 75.00405083895332, 78.94691573096338, 83.94398882664422, 92.65248543371308, 96.36739097263292, 95.0810019923597, 92.16430185338793, 86.63073871666361, 80.15281194473819, 73.53525570657837, 74.60359002551516, 78.96906949739787, 82.79337327295023, 91.42012371900803, 89.2430258885808, 84.53469198158196, 79.96009250946166, 45.472648029320354, 60.68342195072036, 72.55953326395745, 82.90653910914347, 96.82281762559812, 107.4316426957489, 121.64014958845807, 120.13159230006995, 129.00624150973493, 132.62189397140625, 128.8409706256887, 121.35559774271896, 117.05289321070573, 109.65578154897483, 103.90363839563466], [10.154767000593072, 11.16534610224354, 17.907660844768593, 27.934565509020132, 22.45532610045067, 17.271830263112015, 16.26947231591867, 43.265566204235334, 48.36034192246769, 57.44008111312933, 65.9447022441743, 75.1609345413398, 67.09801889284248, 58.865311989909785, 51.006517672790345, 11.934717343317768, 8.12004883081044, 11.826844250139555, 22.56884431597759, 32.015292086938906, 32.29847676346123, 18.08394895605451, 8.76526255311836, 0.0, 6.62454343812855, 45.09380908065008, 54.30104944011205, 63.69109517946029, 73.62368004505389, 82.65047408191978, 79.1631880752863, 71.86157600702178, 63.26579682079395, 54.88512275524389, 46.69310245248803, 15.921079730121383, 25.40103024685717, 36.2224725018915, 42.56083133900128, 49.52994243146121, 57.724406672881976, 62.06008400190701, 63.016415177123065, 60.36399220795127, 48.882462552883524, 38.865653991411016, 35.061864353529174, 69.83673671572747, 66.22984068640464, 65.90026706986524, 69.51829412380258, 72.82922490458164, 77.3140077554906, 85.82302365506351, 90.24729007004915, 89.56679594331432, 87.32795505886624, 82.72729940996616, 77.10606991941401, 70.62275396421845, 70.33036368533473, 73.59158515376691, 76.82597971693423, 84.82301806738927, 83.4755166849789, 79.50807694917081, 75.83394290701074, 52.41722446331774, 65.99262379495768, 76.17038396666078, 85.20906967545164, 98.36072198846634, 107.38769298312552, 120.51208309760649, 116.02188421246508, 123.72420796513931, 126.66432986793586, 122.32731958838829, 114.61381479755124, 109.97276877418327, 102.57284563288933, 96.93340955483356], [12.149515980005539, 16.15997098380096, 23.564509302502064, 33.358316771526546, 26.981100724707158, 20.65723118346106, 17.42359979755848, 37.29045557249574, 42.242214175849085, 51.27525178853202, 59.817274992695246, 69.31299857396753, 61.01854502171222, 52.78250584316531, 45.06716299704432, 7.342829406661301, 10.492125181391138, 17.56857915693956, 28.86807604499936, 38.38715878158847, 38.70571965506857, 24.69434420329135, 15.359314189688648, 6.62454343812855, 0.0, 38.800053008134974, 48.11755852711737, 57.685127279205766, 67.83455636192464, 77.12896450374336, 73.37392275156367, 65.87156848779553, 57.11844724313304, 48.606601682331316, 40.33935180562171, 9.476402602380395, 20.372161928434718, 32.36014761312621, 40.7156099806248, 47.22143072759309, 54.19152451000508, 57.888275079558916, 58.339255660582424, 55.19714120200652, 43.305327791338094, 32.68898065103131, 28.534073749280523, 69.34639014475562, 64.65167202352659, 63.372894481078404, 66.29575881392864, 69.03133738502846, 73.07251855024039, 81.44224603037301, 86.45775503769843, 86.27435331532484, 84.61987049053018, 80.83782850715346, 75.99962636438775, 69.67963873573852, 68.19853440867081, 70.46074092059689, 73.17471520540778, 80.64963817830278, 80.01266894278956, 76.70378389163562, 73.82258000232873, 58.232394410956, 71.0139728877599, 80.1199684667195, 88.23766105231489, 100.7679546526901, 108.5808635475117, 120.84244471368277, 113.85785479358955, 120.663202802168, 123.05535702546922, 118.23735268118618, 110.31208026078058, 105.32467489503556, 97.81810361132614, 92.07668550251162], [47.01942521655017, 53.54023160309802, 61.26954757801159, 70.10206621096916, 63.37096168535022, 55.93302250374224, 49.523280123160696, 19.36199671693904, 15.519358416388418, 18.938691329269428, 26.373610396710745, 38.37970207419689, 30.25962468483431, 24.595497848514146, 22.248176175174024, 35.01043843629168, 44.54628124450729, 53.42809289063433, 64.53469424761816, 74.1036828175573, 75.1404484109809, 62.332262039757715, 53.442717701537475, 45.09380908065008, 38.800053008134974, 0.0, 9.6845486009097, 20.178520514394958, 31.909276003560013, 43.600563043151965, 38.831910474038864, 29.321326004713853, 19.515041056488737, 11.46332402593707, 5.315972305817253, 31.426062431240062, 35.31974216969401, 45.06863683886951, 58.5685401976439, 61.499341210815786, 60.686387961009714, 59.0178747013473, 54.469178657111456, 46.79551707763689, 37.086253211899475, 24.127664350984062, 14.700264277675828, 87.21720854285115, 78.70200499611117, 72.936027095