{
	"dissimilarities": [[0.0, 7.377468619462708, 14.713408047904164, 23.454499032707524, 16.19789774312287, 9.67719172453197, 6.413278009667912, 41.870690819645034, 46.87453667515887, 56.27814952815245, 64.51310921172697, 72.35260319419523, 64.8190236896398, 56.5788373231029, 48.17335237164142, 21.026660353622898, 19.96770699806287, 20.990279929752173, 27.50388572422002, 33.71363338435923, 32.59163079969931, 22.3798190224334, 15.857459637200847, 12.35704049895249, 14.129358503771076, 47.68584936804848, 56.42809110419792, 65.15168689682773, 74.03499643811236, 81.72310585232347, 78.1763829387729, 72.04286542301334, 64.21721304213479, 55.871732002404244, 48.01401203916943, 18.566526727706183, 23.364855367768705, 33.1336937220997, 34.522511790101795, 42.65235758693259, 53.83199653884189, 57.90121303172177, 57.58783094416273, 54.618239146951325, 45.57813733928429, 36.56377526141811, 35.66387046700089, 60.89494612844606, 58.59529772661317, 60.32206008455694, 64.30351281987163, 66.83987272720776, 71.67837828425823, 77.0576910011023, 80.10058942425626, 79.44659843454541, 76.8804809322847, 71.09250386269653, 67.38486406940766, 62.08639786393709, 63.617958938527266, 67.06382460427368, 70.30904927906764, 74.97789870146555, 72.7778619878364, 69.55197956530388, 65.09374850531258, 51.605494888563236, 63.627907478513826, 78.1601204891297, 95.2980929815089, 86.07276259681746, 93.72066576662678, 109.42890383104093, 106.02555839680795, 115.48049369859248, 115.14993728329647, 109.76281812883276, 113.37307009642416, 108.91827217030864, 99.69485516487876, 95.67382166727259], [7.377468619462708, 0.0, 7.7527255965858854, 17.865321748092008, 10.965102291062491, 7.479511558293697, 10.48797188360662, 49.18576724101652, 54.144526907881676, 63.48051399565444, 71.76716357309428, 79.70487510205825, 72.14420352312862, 63.88057945221116, 55.49786729178997, 23.958303977262915, 19.797619453248007, 17.764836446098847, 22.304658631462374, 27.956910040892005, 26.474953644946115, 16.35488149703008, 11.835844404053857, 12.814866783251281, 17.360648600542813, 53.980810322419956, 62.90675405661177, 71.81019994929305, 80.8910269653279, 88.73829337570402, 85.29245577342745, 78.9959173056568, 71.0148399180006, 62.64016118005388, 54.659694257352236, 23.941544270924236, 28.749905144062982, 37.17523184687098, 37.53944551749059, 45.693402828598124, 57.356272679333145, 62.17103372096074, 62.90088477627275, 60.77510562590269, 51.44544025277422, 43.30125704154971, 42.265124272095186, 62.37262373936635, 60.85112861391414, 63.38688317334386, 68.0667848709853, 71.2976545728691, 76.80303178297378, 82.68425836497936, 85.05666276140043, 83.64678473839156, 80.39218799487023, 73.83020393725423, 69.43882550867455, 64.1103875337527, 66.62659419153577, 70.84946140704646, 74.74544691913727, 80.16606385648365, 77.31406763422027, 73.27105594470126, 67.97660539121024, 46.882157780315495, 60.04450486331879, 75.80233355530245, 93.9050286436248, 84.97786509454379, 93.8176560351669, 110.54693844250298, 109.14077937670758, 120.05862486511556, 120.74927441388678, 116.17979661076008, 119.83682710677857, 115.7621383690039, 106.69459639285645, 102.40119545405975], [14.713408047904164, 7.7527255965858854, 0.0, 10.986829068887033, 6.420479582241967, 9.69885992589258, 15.916585492761975, 56.51019241942402, 61.5677206094073, 70.98494503348145, 79.20155420412542, 86.85745591998649, 79.44038948763321, 71.20852520336923, 62.792470248528595, 30.820773796379967, 25.008423841652277, 20.190640791650623, 20.417582117796734, 23.351366058795747, 20.964520510328725, 14.395832029126312, 14.717334013986262, 19.190872590685686, 24.581352675400822, 61.698846610556025, 70.59561337588242, 79.40824733311665, 88.31649746450599, 95.87857004380317, 92.59451960846722, 86.51044724806967, 78.6544533934991, 70.33548553205824, 62.38883796674935, 31.57660672987614, 35.62910602180196, 42.56565083838647, 40.69222156441895, 48.92174596163433, 61.52223851606821, 66.90535443970079, 68.21743166842342, 66.7230173270696, 57.95411533601949, 50.6458965927922, 49.99315525063139, 62.64852704428327, 62.437604021919775, 66.07687338140147, 71.47326474099474, 75.36570326691411, 81.27856876726167, 87.32387142266903, 89.06495278375314, 86.99470766996127, 83.03915099127185, 75.73105418557418, 70.39394901358743, 65.09728505870879, 69.02614801277306, 74.13276476677564, 78.60128613553849, 84.4916434571173, 81.15479636948673, 76.35551156667937, 70.13130492322932, 42.10131774818362, 54.47042260033763, 70.77717128482814, 89.60846778227256, 81.17741331271404, 91.4002801186089, 109.03384997656383, 110.60780006964714, 122.65982037386247, 124.45430562121145, 120.90834317197779, 124.4571496757608, 121.09701984717283, 112.7842438047334, 109.04406983514997], [23.454499032707524, 17.865321748092008, 10.986829068887033, 0.0, 8.843950672906377, 15.984090861257707, 22.436683736040006, 63.66295555213177, 68.97133608713983, 78.59751971529921, 86.51793166729907, 93.28554944041475, 86.28739475755329, 78.22248982872527, 69.78431644198822, 41.60940151744907, 35.781163955652104, 29.990958579960886, 26.298864303205868, 23.97939777424431, 20.210524390355953, 21.97289507854407, 25.195237642534117, 30.04864571527666, 35.19458632843447, 71.07497208548644, 79.67282610219604, 88.02644207591855, 96.22182556150634, 102.817388307475, 99.77393218833215, 94.475295884987, 87.15841049909332, 79.01916731036123, 71.32713625728734, 41.486621741307964, 43.99341513317877, 49.216180245841244, 43.39695335763309, 51.75236133390776, 65.96812420138068, 71.64645750514055, 72.88303912886603, 71.79910258442362, 64.86123262942554, 58.53448551653394, 58.97599982093554, 60.125458383342156, 62.17729027558732, 67.41843851846185, 73.56016684196757, 78.073543709582, 83.98904990906247, 89.66363419364292, 90.77124505904109, 88.16563424921077, 83.47746348292674, 75.47481040899439, 68.73578173140368, 63.58621418105189, 69.67643993594928, 75.84919434109781, 80.77221167390589, 86.69450644294332, 83.1169513352667, 77.64418927119564, 70.32955287978542, 38.774261107730034, 45.35423411899759, 60.49090961396901, 79.59651447676643, 71.8496710847043, 83.81053871318517, 102.16700084632755, 108.4566443870671, 121.10559137098406, 124.21607682406692, 122.14754632512765, 125.38939167544636, 123.39132522360903, 116.9521814386517, 115.16627048759096], [16.19789774312287, 10.965102291062491, 6.420479582241967, 8.843950672906377, 0.0, 7.625800508575932, 14.726604218749783, 56.51433461642115, 61.90415804672189, 71.50012256656632, 79.55960809590138, 86.77841747334674, 79.28614647248767, 71.05860304736511, 62.690464487584926, 34.6210830241191, 30.116054166503282, 26.30433378491852, 26.64049557001455, 28.149052798572818, 25.15257172025226, 20.7014585401013, 20.5085245469247, 23.4775627154047, 27.912218684402088, 63.71125857948107, 72.52104561168892, 81.22893314525773, 89.8682146457312, 96.99015023316502, 93.52359491204064, 87.82916313944258, 80.17536818910753, 71.78447915787362, 63.93167590144764, 33.52761016099926, 35.31338082710817, 40.5969420085715, 36.29617328029527, 44.62973180684189, 58.153833743929845, 63.7173250823873, 65.11054529096396, 64.11570192622118, 56.414092891685335, 50.38172465216118, 51.15008766177342, 56.584536533532074, 56.96762989546942, 61.198325866686574, 66.93682216512954, 71.16691694762204, 77.21972637375174, 83.32358140180108, 84.59786834704131, 82.17288082623325, 77.88434674024595, 70.30058679861231, 64.54652648855213, 59.27473260210224, 63.892825552833976, 69.45103087959869, 74.18049051829574, 80.26811570228904, 76.67315171162635, 71.50774697771854, 64.84070459960988, 45.40021239010991, 53.53326993092732, 67.33232154638296, 85.19457523187162, 75.54081193328724, 85.17114817990313, 102.86212398584294, 104.77001227394103, 117.41750090800399, 120.0199745011026, 117.48908570329277, 121.65243279485404, 119.25440050490988, 112.4957808246485, 110.36589606584727], [9.67719172453197, 7.479511558293697, 9.69885992589258, 15.984090861257707, 7.625800508575932, 0.0, 7.299470790214727, 49.04065119437369, 54.453050727069595, 64.03368384188548, 72.12200813061305, 79.50690615152371, 71.84089135794262, 63.56822189253189, 55.228640367004814, 29.15053037241527, 26.5707539698011, 25.15462237129572, 28.714256772292995, 32.48258170287087, 30.193572091647763, 22.612445824153696, 19.0730563650243, 19.06042444814821, 22.16004157189977, 56.51042554394925, 65.29583264825713, 74.04293099897156, 82.76449317471754, 90.04586528671287, 86.37434949062097, 80.57815952798434, 72.86642666924428, 64.41203398804149, 56.56964718173158, 26.591616447367805, 28.045971403249382, 34.31762159135675, 31.640913092109926, 40.081575755942005, 52.979974025573405, 58.02353986040395, 58.822742629151165, 57.28861692420168, 49.27036186291052, 42.77452763442076, 43.684404321613115, 55.083757557061524, 54.11436332695267, 57.2802455900548, 62.354134634862014, 65.97628843857812, 71.66032625889666, 77.63330228018343, 79.47765790916405, 77.67019832655292, 74.04605920981685, 67.18231875772211, 62.36026904365423, 57.03295932017818, 60.25468422262291, 64.98380421426069, 69.18259728760206, 74.84455293103012, 71.69066075667848, 67.23030905331166, 61.443484146279864, 50.19286271378786, 58.923960294203354, 71.94535831972313, 88.90117715609527, 78.59461288148177, 86.63523865653234, 103.35348064544223, 102.14108902104451, 113.7213325426422, 115.33231190684724, 111.94559045401452, 116.35973375700519, 113.43608232472768, 106.25894901043398, 103.95732595951203], [6.413278009667912, 10.48797188360662, 15.916585492761975, 22.436683736040006, 14.726604218749783, 7.299470790214727, 0.0, 41.806605448903035, 47.25183953837539, 56.871287543108316, 64.9018165792741, 72.21052400827952, 64.58002264521596, 56.33521606775206, 47.977901754098966, 26.18818261829169, 25.988985106116534, 26.83557358892634, 32.321724165157434, 37.13736165476459, 35.36876133761413, 26.78997361837204, 21.233496439020257, 18.189096821866283, 19.22515078813246, 50.20293250222491, 58.765440254405405, 67.30906360072936, 75.83243463510007, 82.97944062773625, 79.22901530407225, 73.57394141134907, 66.0212415829629, 57.630687170039664, 49.94223828653247, 21.603795191711896, 22.775565031227128, 30.490673412771407, 29.13989918175496, 37.59774835762025, 49.906641858541484, 54.14618801940645, 53.827447506080375, 51.35067335573447, 43.54607847524643, 36.12330039279248, 37.19398848751812, 54.603022017215395, 52.6923921670042, 54.899050290347304, 59.18565183219354, 62.03177805469182, 67.00573376487694, 72.45809318453418, 75.0710530958683, 74.10668548096177, 71.25374703532849, 65.24850451541211, 61.220852564320154, 55.917936683150025, 57.974351254398705, 61.816028157198204, 65.29607056496735, 70.15010088368963, 67.71163463236897, 64.16060560609117, 59.32323575450049, 54.286913134297386, 62.791783755529686, 75.0269017691201, 91.13767632487009, 80.75621716092049, 87.63698432739352, 103.26291744389259, 99.90137982631062, 109.87354680745095, 110.315772898094, 105.9534420639241, 110.25381431189803, 106.82990602022288, 99.32812977219362, 97.13570115097602], [41.870690819645034, 49.18576724101652, 56.51019241942402, 63.66295555213177, 56.51433461642115, 49.04065119437369, 41.806605448903035, 0.0, 6.081678060951681, 15.595027618714049, 23.236132795060477, 31.223099520816074, 22.967039978516972, 14.735085975946324, 6.331775131912139, 39.34614526361704, 48.13648960347094, 55.5315378426629, 65.19157242236791, 72.70406502994219, 72.55680860863497, 61.87836681602043, 53.33969023599295, 45.021127324411005, 39.2147854812786, 21.60890465794611, 25.044195755879688, 30.643125353383752, 37.47363771471112, 44.35977115876944, 39.24123548471025, 34.105877527537814, 27.968492375126516, 20.943368376916474, 17.255587825075942, 30.859701455590315, 29.38129264538218, 37.012759264333724, 44.93615294773466, 48.07534606026716, 50.439127130162895, 48.1160218004272, 40.52746680949014, 30.975743510749844, 26.93562863422137, 14.400408689466007, 15.455091082886861, 70.36425978152263, 63.64253421009632, 59.59988070057189, 57.87747768503639, 54.85964628844583, 53.98364068418026, 55.07459114242713, 62.861285662992074, 67.64713051507373, 70.27278680389533, 70.48670520826806, 72.05106598494736, 68.09686427062, 62.75311798554684, 60.05715136334692, 58.07338884210617, 56.648983412827995, 59.51649165616165, 62.66191484094977, 64.83414517792569, 87.3365045393543, 96.04393417125645, 105.12027493645462, 116.85083136168942, 106.41766893825609, 107.15594897027145, 116.30680943983084, 99.51286483366293, 99.41797795517803, 91.79414248896249, 80.09680403352465, 83.98812610201712, 75.97957321058806, 64.69097406602198, 61.67734288184845], [46.87453667515887, 54.144526907881676, 61.5677206094073, 68.97133608713983, 61.90415804672189, 54.453050727069595, 47.25183953837539, 6.081678060951681, 0.0, 9.741637321638441, 17.68797990466074, 26.49462897959837, 18.4493569641049, 10.74337714337652, 4.3689316258192905, 42.51664558591191, 51.534343326991824, 59.21371043464924, 69.02900022241874, 76.81314828291012, 76.91952360960867, 66.0958547662271, 57.51152682413892, 49.136189039274235, 43.190864586810875, 19.057086494121343, 20.375467770741633, 24.889483340066686, 31.472411232989604, 38.74123438445783, 33.463643912492344, 28.029993282928093, 22.105078997422495, 15.795321284433122, 14.145986188391607, 34.91180364104413, 34.405149803873606, 42.10629556996461, 50.80515577733058, 53.60719128705462, 54.91517007898529, 52.05018588037824, 44.131152581227084, 34.23288610242452, 30.557734253241765, 18.6649651832581, 17.555582702208035, 76.01493925171579, 69.05889789766117, 64.58372412394958, 62.352814648861894, 58.79141142269538, 57.24557099512172, 57.665646864605755, 66.00475275571893, 71.40876106249587, 74.59314049670797, 75.38203724847823, 77.37914961067216, 73.56416558829808, 67.72501629659173, 64.46568434690002, 61.948581916149855, 59.787459471274865, 63.25440570344217, 67.06034432559561, 69.84422565870253, 91.10874535299877, 100.64386268469687, 110.14765405393634, 121.86701865199932, 111.9331916131724, 112.56536695959934, 121.18244538002372, 103.50975012769285, 102.04511215770238, 93.1525209102888, 80.06180046069676, 83.28710418024666, 74.02863733009723, 61.0143614775321, 56.556425516867904], [56.27814952815245, 63.48051399565444, 70.98494503348145, 78.59751971529921, 71.50012256656632, 64.03368384188548, 56.871287543108316, 15.595027618714049, 9.741637321638441, 0.0, 8.5977549970925, 19.25625365441827, 11.427023632965017, 7.388151105587785, 10.702671472349834, 50.07376711381084, 59.384319049791515, 67.4307785150287, 77.51198786655797, 85.61459065817097, 85.93152153403884, 74.84261998440375, 66.15708399708522, 57.69633090285701, 51.574756199478685, 20.2673663099287, 16.973337795267494, 18.091272191115525, 23.463983134303625, 31.1708070459317, 25.096811424566052, 19.31030410691124, 14.530592153315776, 11.473044918807254, 15.346794338781796, 43.23920599672025, 42.83256652434317, 49.6851406334278, 59.23471822539983, 61.19572457536276, 60.59045667198888, 56.74059549499512, 48.304345856540785, 38.19777989647551, 35.694589299327845, 26.147525034512576, 24.424467890433167, 83.68591580441935, 76.15869684212855, 70.8281015618048, 67.65480597899418, 63.169846194783865, 60.539420091341654, 59.99435070081344, 69.02443383245662, 75.36227897894592, 79.50585544349424, 81.36976392871945, 84.28079918129518, 80.78640031433964, 73.91227198290264, 69.6171297356057, 66.18873542650154, 62.88845211416484, 67.25278034829795, 72.16924855030425, 76.0950277619708, 99.65443722178887, 109.71766641304363, 119.12843321853084, 130.3571711444743, 120.53289360719944, 120.3415663087285, 127.90480028664723, 107.84957227646989, 104.41985797526053, 93.73952823550528, 78.83938457408807, 81.7580202378549, 70.95893566214231, 56.16144369510159, 50.23272564023832], [64.51310921172697, 71.76716357309428, 79.20155420412542, 86.51793166729907, 79.55960809590138, 72.12200813061305, 64.9018165792741, 23.236132795060477, 17.68797990466074, 8.5977549970925, 0.0, 11.605469643144215, 6.342559570465853, 10.463744021641633, 17.435711717672035, 58.610003673296774, 67.87761509534708, 75.85787000457397, 85.75076112218623, 93.64342565173172, 93.97737691714568, 83.22454210340055, 74.6300853774964, 66.22129844839876, 60.14157348877538, 27.48544341413018, 21.811119018757683, 18.588700435718174, 19.51795717736808, 25.07875006555889, 18.349213230446967, 14.97538721903604, 14.964893167402733, 16.85236155800872, 22.985008188511575, 51.825490166562844, 51.002792909810715, 56.98378793095309, 65.9199366414505, 67.34684943524537, 65.93027655934436, 61.28511315072735, 52.0159193716089, 41.6536300985916, 41.528750895235206, 33.91123213204907, 32.95268373076624, 88.71924441943004, 81.15232959397663, 75.41726908624356, 71.52226100130785, 66.27563956774028, 62.37305518957951, 60.40882175340216, 70.12479120360618, 77.43194944016267, 82.40330167836224, 85.24447899023798, 88.69954394602635, 85.5442666006968, 78.19896634240052, 73.17740827583586, 68.9008184321781, 64.2045561194121, 69.59409641518042, 75.52463716643122, 80.30676074683663, 107.04650895688216, 116.22600132574767, 124.73114809677953, 135.02253484409172, 125.41358923420977, 124.38399374676202, 130.66903252664983, 109.27620563971837, 103.45571973473581, 91.06559282298883, 74.58766552405773, 76.97844401744813, 65.14634112971682, 49.76444549866843, 44.617175938071085], [72.35260319419523, 79.70487510205825, 86.85745591998649, 93.28554944041475, 86.77841747334674, 79.50690615152371, 72.21052400827952, 31.223099520816074, 26.49462897959837, 19.25625365441827, 11.605469643144215, 0.0, 10.433060187826483, 18.153386404687005, 25.141574467243096, 68.58325663067443, 77.47544442625352, 84.94174406961042, 94.09402398635358, 101.16692772626688, 101.36745949818786, 91.7202446396974, 83.4858449564937, 75.32379443451482, 69.52612327904436, 38.73468629812801, 32.71822231347274, 27.24930681205735, 22.620185081472567, 21.277049114231513, 15.667800377052487, 19.579784197345226, 24.470086877746777, 28.107148806214763, 34.20654861496766, 61.3996509518442, 59.99259381155386, 65.200536492912, 71.99816863062998, 73.22675484455067, 72.21455682443158, 66.98070081117567, 56.48734487338395, 45.758820488362694, 49.191882426025465, 42.96975063350655, 43.302148781919584, 91.82264859635187, 84.95896324760525, 79.38541466638105, 75.00456145381149, 69.14673171908174, 63.59995136141568, 59.35836742982167, 69.89406471497912, 78.35466777376595, 84.06007547573202, 87.83172780510658, 91.36211969652541, 88.60746591766406, 81.52622546042024, 76.1289862600824, 71.0133907758843, 64.39881649134372, 71.12595351919188, 78.04041940665908, 83.36767676372423, 113.23421215468666, 119.92994235487828, 126.58203657486365, 135.30315797881005, 126.38960085261104, 124.58446483612377, 129.0969187073119, 107.9696373523516, 98.61258379675449, 84.13459358583292, 65.78176563188718, 66.71834701249618, 54.00522947690251, 39.225671741469476, 38.841452506931425], [64.8190236896398, 72.14420352312862, 79.44038948763321, 86.28739475755329, 79.28614647248767, 71.84089135794262, 64.58002264521596, 22.967039978516972, 18.4493569641049, 11.427023632965017, 6.342559570465853, 10.433060187826483, 0.0, 8.510339758749998, 16.663711283056305, 60.54994856703986, 69.81630461645499, 77.64203219254078, 87.42073233402449, 94.97186596784961, 95.02012644456657, 84.50794483971971, 75.92051887609573, 67.49813565413088, 61.46126508464737, 31.390301427640285, 26.99392712859552, 24.845420310605597, 25.315115037294266, 28.864376855074738, 22.274245622437007, 20.87749463217634, 21.08185892067739, 21.64985208254186, 26.50059504925103, 52.880984291601706, 50.601183804593376, 55.33096317245912, 63.202770774452354, 64.168967891283, 62.58618268381289, 57.550054928917056, 47.63256016985048, 37.081431848569004, 39.04250019017013, 33.22904820220833, 34.40015585798968, 84.52661635717426, 76.94926694498969, 71.06337809764315, 66.84601293792059, 61.29567568082157, 56.82899248292501, 54.35285681112864, 64.24669934322027, 71.86348937416113, 77.11290322341752, 80.37972151746268, 84.09370368392995, 81.16026847062585, 73.60862723254944, 68.29925348373892, 63.669313058533156, 58.41038564343541, 64.17994610371571, 70.50261661752151, 75.64426356653436, 108.46463380636798, 115.93402436983445, 122.981064064852, 132.3250008454386, 121.98054276562934, 119.99222888547938, 125.69251272322416, 103.35782742427239, 97.23156929864005, 84.96355079194126, 68.9676546163263, 72.49383493110555, 61.777722291930395, 49.19328122786815, 47.744719613851636], [56.5788373231029, 63.88057945221116, 71.20852520336923, 78.22248982872527, 71.05860304736511, 63.56822189253189, 56.33521606775206, 14.735085975946324, 10.74337714337652, 7.388151105587785, 10.463744021641633, 18.153386404687005, 8.510339758749998, 0.0, 8.506922468979779, 52.57917519529318, 61.84862398302564, 69.6680331771477, 79.57754499832623, 87.2311332962417, 87.18553860674953, 76.41847287194086, 67.7552109426742, 59.29216321170436, 53.2425940654342, 25.825455230620292, 23.90106724716714, 25.149892409933685, 29.019630235685447, 34.618900719268645, 28.363769815430334, 24.661291250071578, 21.369288464118316, 18.312154705841557, 20.654220023084996, 44.56850940695757, 42.13183657308137, 47.33205603682369, 55.569381389906056, 56.97352906967229, 56.20107652858372, 51.870572261817394, 42.57632596148337, 32.06353658715128, 32.077608352174295, 24.871288337652516, 26.426611947191926, 78.39035308203677, 70.80935207778114, 65.28158293464749, 61.737564577443024, 56.90849075823162, 53.69857953659012, 52.70894081855356, 61.908667931402626, 68.5514327220167, 72.98117546347025, 75.30240218411349, 78.51160642742633, 75.2528906467411, 68.11218790476629, 63.48788837869898, 59.67642740114545, 55.81895132538371, 60.559894355708956, 65.8957004832744, 70.22412614056299, 101.36330485754624, 109.30016461243667, 116.93654031190172, 127.04545404675932, 116.30324587993653, 114.97665961651684, 121.90751197550081, 100.76605913656188, 97.14474707745015, 86.74552836174716, 72.55993144384502, 76.76432208581687, 67.27858392221891, 55.47532784555013, 53.37585363719327], [48.17335237164142, 55.49786729178997, 62.792470248528595, 69.78431644198822, 62.690464487584926, 55.228640367004814, 47.977901754098966, 6.331775131912139, 4.3689316258192905, 10.702671472349834, 17.435711717672035, 25.141574467243096, 16.663711283056305, 8.506922468979779, 0.0, 45.205598531407176, 54.16953965384756, 61.69272901070116, 71.36867003205674, 78.8505413981761, 78.74170426801018, 68.16184840452956, 59.61692490828837, 51.267917738544384, 45.388307080583715, 22.93528319814294, 23.95576582465697, 27.757601451431082, 33.35271099082481, 39.59521866674811, 34.0977306702386, 29.635652468208455, 24.60993861309989, 18.978396102259165, 17.914747402330462, 36.92388041855961, 34.97985827814544, 41.4643398281973, 49.30078447662717, 51.699156021155275, 52.81911485729969, 49.569816910137185, 41.00943029717733, 30.747047186355537, 28.812370690477675, 18.66574164893935, 20.093008964695503, 73.42380333459722, 66.40366376211007, 61.75022025643636, 59.22037992527838, 55.3753900710026, 53.38446289620756, 53.44596694177165, 61.95369503071965, 67.62552563553344, 71.05580572028009, 72.20728619343095, 74.44221219615227, 70.7901410795006, 64.721368071974, 61.18705346086306, 58.3625885720111, 55.75991553114945, 59.53640798335661, 63.68686071017672, 66.79870057241959, 93.10583454271847, 101.25942915552052, 109.59028748830289, 120.5396165630198, 110.06559893678694, 109.92419325131159, 118.0456625123589, 99.57620640947657, 97.78551863385745, 88.90522796792214, 76.09333996293523, 79.97683035191822, 71.35593921385332, 59.884343615086586, 57.44794013137776], [21.026660353622898, 23.958303977262915, 30.820773796379967, 41.60940151744907, 34.6210830241191, 29.15053037241527, 26.18818261829169, 39.34614526361704, 42.51664558591191, 50.07376711381084, 58.610003673296774, 68.58325663067443, 60.54994856703986, 52.57917519529318, 45.205598531407176, 0.0, 10.202208822255896, 19.62530353202166, 32.04981018465678, 42.79039070491267, 43.50966249145789, 28.654264157480313, 19.470409210671285, 11.725911827378587, 7.048901269781339, 34.97835753393645, 44.34230803457199, 54.201907077778124, 64.9796157425016, 75.22559227993003, 71.38358476665515, 63.10945716365578, 53.92263123148418, 45.56495509155242, 37.35405347372668, 10.802538081158751, 22.988459567231445, 35.497410535306344, 45.94251611464545, 51.887194259012645, 57.61262351073078, 60.60811107746752, 60.75312039276745, 57.16978352352365, 44.11560703308994, 32.953521826527464, 26.815598129089512, 76.10362259711704, 70.8364405940097, 69.8103075755304, 72.14157644879661, 73.34688065222092, 77.92590913449551, 83.77062349689167, 87.77350326116412, 88.00584571670237, 86.77435129908747, 82.3677757559316, 81.01068141244355, 75.92135332849404, 74.0394460657383, 75.39118994776805, 77.6308708387041, 82.0544520391334, 80.35492022407311, 78.47781053918024, 76.1446487731538, 61.836220731189876, 81.17645577228748, 98.42004371130358, 116.13385132263019, 106.90646105512556, 113.31419971071759, 128.3193670122862, 118.8736425311357, 127.45066103943728, 124.9179615031359, 116.84612841953368, 120.57752120941403, 113.28977661960003, 99.72516349760352, 90.35881227488527], [19.96770699806287, 19.797619453248007, 25.008423841652277, 35.781163955652104, 30.116054166503282, 26.5707539698011, 25.988985106116534, 48.13648960347094, 51.534343326991824, 59.384319049791515, 67.87761509534708, 77.47544442625352, 69.81630461645499, 61.84862398302564, 54.16953965384756, 10.202208822255896, 0.0, 9.635817495418951, 22.308096835710327, 33.51894837983352, 34.52236345634629, 19.329246858437834, 11.103774313902324, 7.857896431515052, 10.399434628425386, 44.52127144894383, 53.62524048249675, 63.11853231544281, 73.51785613496183, 83.35803340109742, 79.98957728943101, 72.01819096840812, 63.11939788431923, 55.029837479991905, 46.972778288195954, 19.117684654276445, 30.203719445145346, 41.67334171729201, 49.617545798858416, 56.31342193151926, 63.71542610896204, 67.60064901268333, 68.42768521830027, 65.38828403237785, 52.81599611624431, 42.228734199738476, 36.649375299861596, 78.31053830141367, 74.3512161173396, 74.59160031354357, 77.87098289491865, 79.89872409229903, 85.0263541389611, 91.06326247946915, 94.53162717335192, 94.07939386645063, 92.02915084870152, 86.653071622848, 84.15731516900132, 78.92698102880415, 78.62921165800427, 81.07472309788403, 84.0394204502693, 89.03260266137481, 86.80349477233044, 84.01614547272385, 80.51817583007548, 53.099730126287774, 74.57340013398996, 93.71981796867867, 112.74944195656464, 104.72636609208396, 113.04907020092384, 129.17786637734875, 123.32468189433057, 132.98426489590494, 131.40012542810365, 124.06163530019265, 127.16579292816672, 120.2861428096641, 106.8431554743961, 97.4052551914472], [20.990279929752173, 17.764836446098847, 20.190640791650623, 29.990958579960886, 26.30433378491852, 25.15462237129572, 26.83557358892634, 55.5315378426629, 59.21371043464924, 67.4307785150287, 75.85787000457397, 84.94174406961042, 77.64203219254078, 69.6680331771477, 61.69272901070116, 19.62530353202166, 9.635817495418951, 0.0, 12.78726510490078, 24.169793442475804, 25.35253272816347, 10.377690202492508, 6.281954130245541, 11.910988813013173, 17.733949853234755, 53.42479014443653, 62.31397146783436, 71.42140467595236, 81.30627701090039, 90.52084958092397, 87.55003744273185, 80.06371034091714, 71.53724861908098, 63.624228208078854, 55.68763041454354, 27.140890619811078, 37.09809986888672, 47.631121220804744, 52.822343007446406, 60.152757249204335, 69.21873938571899, 73.73395370214006, 74.84748442631476, 72.13671902160831, 60.38620963343826, 50.190932285064854, 45.293951080088746, 79.43732873413289, 76.90738221970109, 78.38824833405349, 82.47226813928235, 85.16803632208146, 90.60430496501523, 96.61000288284562, 99.64627897420964, 98.67211129300948, 95.9238813059272, 89.74819272161005, 86.13404597008365, 80.8305354153997, 82.12464075439252, 85.55117532039688, 89.07723084415011, 94.38472880497463, 91.80717514656504, 88.29151193587202, 83.75946020058245, 44.222183676097444, 67.00539409889558, 87.64416445586072, 107.72572979685656, 100.99407076649454, 111.13338810453861, 128.1374713973629, 126.02913712684199, 136.40864309521865, 135.69908026840795, 129.1360182903574, 131.6240367053817, 125.3320367442408, 112.43385854856626, 103.5645033993026], [27.50388572422002, 22.304658631462374, 20.417582117796734, 26.298864303205868, 26.64049557001455, 28.714256772292995, 32.321724165157434, 65.19157242236791, 69.02900022241874, 77.51198786655797, 85.75076112218623, 94.09402398635358, 87.42073233402449, 79.57754499832623, 71.36867003205674, 32.04981018465678, 22.308096835710327, 12.78726510490078, 0.0, 11.809909442259963, 13.9332464096124, 7.456263962666961, 14.912916285526315, 22.997495308265595, 29.328103726695154, 64.63061203416122, 73.12584487707741, 81.6114777824344, 90.70461669296319, 99.00489514698792, 96.62728275309748, 89.84599539390832, 81.90551273647446, 74.33681399419628, 66.66686902793496, 38.59515202137649, 47.72868261399254, 57.506645220588425, 59.59399139635494, 67.5247456606433, 78.35188376633907, 83.30458980692087, 84.33803039389717, 81.67959044647917, 71.11736818015783, 60.98960750338531, 56.54648812897445, 83.0574712676643, 82.41535362908645, 85.31095051646878, 90.1517199378866, 93.4171458940402, 98.89776573874613, 104.53286076874346, 107.27538605836503, 105.93901853808872, 102.53998724554954, 95.62740757028442, 90.69399938509754, 85.38466010724105, 88.5832886488713, 93.00607851428113, 96.97227180592753, 102.2914051282008, 99.5755325805738, 95.45698341924823, 89.87938488630044, 31.951069609310824, 56.996614532518514, 79.97786332598662, 101.4548693696879, 97.14451149334963, 109.85323878448632, 127.66661714457534, 130.7288905735293, 141.3316643210327, 141.36022431576757, 135.46828111736897, 136.8190840926025, 131.1102281267684, 118.74291484358587, 110.54489945376696], [33.71363338435923, 27.956910040892005, 23.351366058795747, 23.97939777424431, 28.149052798572818, 32.48258170287087, 37.13736165476459, 72.70406502994219, 76.81314828291012, 85.61459065817097, 93.64342565173172, 101.16692772626688, 94.97186596784961, 87.2311332962417, 78.8505413981761, 42.79039070491267, 33.51894837983352, 24.169793442475804, 11.809909442259963, 0.0, 4.369412289646971, 15.914159340419626, 24.68433402243757, 32.748578601782114, 39.139007801028086, 74.34020486121972, 82.56803960078636, 90.55954526166747, 98.8876678729579, 106.18721936861537, 104.18554468609463, 98.19371072518207, 90.8111744865704, 83.42421692569476, 75.95027471502665, 47.99742744269449, 55.96915785437215, 64.85557483009887, 63.94927965657963, 72.26127355811501, 84.65417971834772, 89.89667939956242, 90.74141819307854, 88.20263180070293, 79.02665310398619, 69.29691923652854, 65.73270129258522, 83.904181604947, 85.07271258769147, 89.25091167038198, 94.7102919459675, 98.45401475330478, 103.88380755442654, 109.10243669020275, 111.49407173937473, 109.83304343732367, 105.86854411703266, 98.38774135167169, 92.27630015134564, 87.05190749268252, 92.00101141530207, 97.28969490521145, 101.59913372349521, 106.84538861238356, 104.03400332791743, 99.4160738021677, 92.94677310780692, 21.371188808210103, 46.278435182694174, 70.69342376082028, 93.07515086399833, 90.84871826211197, 105.6838336606033, 124.00384230676819, 131.86949293956843, 142.59974712046036, 143.48966789169492, 138.5565879168584, 139.12751043150044, 134.376087671954, 123.28295271731524, 116.61346869294015], [32.59163079969931, 26.474953644946115, 20.964520510328725, 20.210524390355953, 25.15257172025226, 30.193572091647763, 35.36876133761413, 72.55680860863497, 76.91952360960867, 85.93152153403884, 93.97737691714568, 101.36745949818786, 95.02012644456657, 87.18553860674953, 78.74170426801018, 43.50966249145789, 34.52236345634629, 25.35253272816347, 13.9332464096124, 4.369412289646971, 0.0, 16.05291976768304, 24.792093686636647, 32.83592567033256, 39.27393302963946, 75.24995452373868, 83.60912101745679, 91.7101690584538, 100.03749732226977, 107.20143299764375, 105.03051007487245, 99.162962796234, 91.76680379583524, 84.20477372671468, 76.63720641243975, 47.927378166006925, 55.00697608430626, 63.20499563811288, 61.32146572698371, 69.63900587002335, 82.43579456978547, 87.85795497231837, 88.88786756625139, 86.69040447199475, 77.8845254793445, 68.78511862848805, 65.93051880804086, 80.30877115921248, 81.83298523757115, 86.34745519660251, 92.03333289566973, 96.01630648457093, 101.61117995775096, 106.95196440846397, 109.02025551484822, 107.08055990403248, 102.87215964550127, 95.17752213585217, 88.81355318974421, 83.62312404447715, 88.97705847593635, 94.55131966956559, 99.06298501904607, 104.51639965007351, 101.48638052791043, 96.59467955417692, 89.83673755793481, 22.57998150491774, 44.169140637205324, 67.60362767734803, 89.7576894854662, 86.9111317882718, 101.67040231683261, 120.17847059329098, 128.46508583565773, 139.7449581267081, 141.2258428771159, 136.96774466117498, 137.96546985436444, 133.8138521015479, 123.64456876691105, 117.91717770153898], [22.3798190224334, 16.35488149703008, 14.395832029126312, 21.97289507854407, 20.7014585401013, 22.612445824153696, 26.78997361837204, 61.87836681602043, 66.0958547662271, 74.84261998440375, 83.22454210340055, 91.7202446396974, 84.50794483971971, 76.41847287194086, 68.16184840452956, 28.654264157480313, 19.329246858437834, 10.377690202492508, 7.456263962666961, 15.914159340419626, 16.05291976768304, 0.0, 9.529676724423862, 18.30807772673756, 24.955752653261815, 62.329450327784166, 71.2242475336386, 80.1637654551561, 89.61270323590692, 98.11830551293077, 95.24623514477153, 88.32824796212492, 80.09424084853887, 72.09018269417199, 64.12853719469648, 34.15032789536025, 42.038771948961426, 50.95080279955138, 52.87370738687819, 60.63967544847483, 71.43118970914837, 76.63806409173952, 78.19654639304437, 76.16865192372194, 65.4998524512868, 56.434391165603785, 53.004426885719184, 76.60693565172258, 75.60968232613311, 78.44361261590134, 83.412455462211, 86.90985882343722, 92.78194595680402, 98.91058991198533, 101.21098504115342, 99.49224390954403, 95.90986873479827, 88.8668534725816, 84.09398326969155, 78.79353782840168, 81.79528201395979, 86.31623512216066, 90.51677820295782, 96.31659920116738, 93.20365275577534, 88.79671821667148, 83.12695059607177, 37.11567561519038, 58.569699963844066, 79.41560239690254, 100.02356096036236, 93.76258851390624, 105.2554053326593, 123.1208701682232, 124.53662483419048, 136.12749787554858, 136.8264885757384, 131.70875847031866, 134.21040113285918, 129.1373097774144, 117.85696627170907, 110.68374893810193], [15.857459637200847, 11.835844404053857, 14.717334013986262, 25.195237642534117, 20.5085245469247, 19.0730563650243, 21.233496439020257, 53.33969023599295, 57.51152682413892, 66.15708399708522, 74.6300853774964, 83.4858449564937, 75.92051887609573, 67.7552109426742, 59.61692490828837, 19.470409210671285, 11.103774313902324, 6.281954130245541, 14.912916285526315, 24.68433402243757, 24.792093686636647, 9.529676724423862, 0.0, 8.85296310785344, 15.492710309495694, 53.38051236382751, 62.474525861415074, 71.71774661191711, 81.52864022856023, 90.45382278750539, 87.20517088196392, 79.97743814712182, 71.47350988830631, 63.25644407749487, 55.15722815674629, 24.73854488019257, 33.15372255355549, 42.93706649897826, 46.979436049290086, 54.45391489372856, 64.17929586550395, 68.92973551398377, 70.21269578271708, 67.91524594769977, 56.64403751891919, 47.32770371373343, 43.76200317737062, 73.20278231942336, 70.84614284122637, 72.61289086791089, 76.94082045262304, 79.90239407559537, 85.54825508245894, 91.73387698348482, 94.4108842994198, 93.14226832793459, 90.15221682106383, 83.77557903201385, 79.97590785746033, 74.66942347333122, 76.25880436308476, 79.97166731043632, 83.72152300333802, 89.28258567846163, 86.45154281556111, 82.64335782253593, 77.82982089848684, 45.23455707633417, 64.9702131479277, 83.99719823878222, 103.43749768142597, 95.66988735353401, 105.24101231191467, 122.26700855487726, 120.03134760412561, 130.97960421492476, 130.92553041508017, 125.18554645237522, 128.32670901032338, 122.84301723678735, 111.30091394853815, 103.9615159658392], [12.35704049895249, 12.814866783251281, 19.190872590685686, 30.04864571527666, 23.4775627154047, 19.06042444814821, 18.189096821866283, 45.021127324411005, 49.136189039274235, 57.69633090285701, 66.22129844839876, 75.32379443451482, 67.49813565413088, 59.29216321170436, 51.267917738544384, 11.725911827378587, 7.857896431515052, 11.910988813013173, 22.997495308265595, 32.748578601782114, 32.83592567033256, 18.30807772673756, 8.85296310785344, 0.0, 6.662292044511411, 44.97517544202332, 54.19850424498438, 63.637159732487, 73.66299116310961, 82.84486151264717, 79.27116177139517, 71.86462218798745, 63.19863315887695, 54.80742945451576, 46.61697944870913, 15.911488242753535, 25.28467433152814, 36.35965338114461, 42.51193687119792, 49.63108484328213, 58.26571645435402, 62.36109984079641, 63.04567596724028, 60.24177253004448, 48.58251267886951, 38.70745795109685, 34.96507697295486, 70.73225226234337, 67.1775450685143, 67.87532186588389, 71.45341054219995, 73.75055365639997, 78.96238340576295, 84.98710854927532, 88.16873358919209, 87.50314879743759, 85.19962440918488, 79.6092540294457, 76.7575885173429, 71.49840846757088, 71.72809129806433, 74.55203453064873, 77.71659739694037, 82.80735000276421, 80.42964299964432, 77.37192396308991, 73.50440038052444, 52.476754934084994, 70.54128003280091, 87.92704659137246, 106.22653068852976, 97.41923385407787, 105.29720619680008, 121.34796262575031, 115.96713876058126, 125.91323775446666, 124.97522953199162, 118.52645315458778, 122.1045692589905, 116.2168323048627, 104.47412188280451, 97.14723894349729], [14.129358503771076, 17.360648600542813, 24.581352675400822, 35.19458632843447, 27.912218684402088, 22.16004157189977, 19.22515078813246, 39.2147854812786, 43.190864586810875, 51.574756199478685, 60.14157348877538, 69.52612327904436, 61.46126508464737, 53.2425940654342, 45.388307080583715, 7.048901269781339, 10.399434628425386, 17.733949853234755, 29.328103726695154, 39.139007801028086, 39.27393302963946, 24.955752653261815, 15.492710309495694, 6.662292044511411, 0.0, 38.685169470470015, 48.02999693346616, 57.66894449751398, 67.93421327850022, 77.41201061143572, 73.55590757141775, 65.926691997204, 57.08013792443575, 48.54497071731338, 40.27172829613303, 9.442031673784406, 20.23093163185724, 32.440171374605235, 40.65157998345926, 47.25054875591988, 54.65644033580365, 58.13135716595907, 58.33362053954421, 55.09612107408736, 42.98231886093086, 32.55300251513637, 28.444654268750146, 70.14948026221785, 65.60480587396705, 65.35534569050924, 68.2468930584319, 69.94631585604454, 74.77759920108544, 80.67635990215378, 84.27962371403771, 84.1211035165342, 82.41395218359722, 77.5159227797074, 75.49964612350213, 70.32837404644256, 69.37611432340584, 71.39893940417328, 74.04232215456658, 78.73102613049879, 76.73968359121726, 74.34250914437665, 71.32333114612028, 58.377087254886554, 75.59711367439058, 91.92610675266604, 109.40060430868915, 99.8994859080708, 106.5026205977352, 121.77371618227389, 113.85546748919252, 123.00344025088216, 121.32215078362732, 114.24961870098277, 118.18372635176077, 111.89721612525585, 99.87368835337557, 92.38363181021596], [47.68584936804848, 53.980810322419956, 61.698846610556025, 71.07497208548644, 63.71125857948107, 56.51042554394925, 50.20293250222491, 21.60890465794611, 19.057086494121343, 20.2673663099287, 27.48544341413018, 38.73468629812801, 31.390301427640285, 25.825455230620292, 22.93528319814294, 34.97835753393645, 44.52127144894383, 53.42479014443653, 64.63061203416122, 74.34020486121972, 75.24995452373868, 62.329450327784166, 53.38051236382751, 44.97517544202332, 38.685169470470015, 0.0, 9.690280901876942, 20.262190167415195, 32.0725635685517, 43.932615676824504, 39.067802669624434, 29.454772663819426, 19.531259390527303, 11.40739142066362, 5.202027495155325, 31.35230105267462, 35.29366391495553, 45.1624034853625, 58.42353345440296, 61.385563913240425, 61.092926605324486, 59.316617209824244, 54.49227233324, 46.77752761153526, 36.980385019762714, 24.126840071369084, 14.678771893213886, 87.311844334