{
	"dissimilarities": [[0.0, 7.287197881167358, 14.683463411199453, 23.18400705666268, 16.26634194961123, 9.688119039118842, 6.412014752586741, 41.871120299002214, 47.90497320446257, 56.22844617103129, 64.5074628743692, 72.3383256058048, 64.80466836881223, 56.557773956007544, 48.15886040900509, 20.959913604707626, 19.86392791271147, 20.93267914364031, 27.528147971921832, 33.9330397819767, 32.88895340829673, 22.360758094993674, 15.792373702198855, 12.203961520991818, 13.950090971037463, 47.721596185360546, 56.45049020992013, 65.1564424994961, 74.00792393706372, 81.54476508033758, 78.08066530779283, 72.02660076142118, 64.21973781563946, 55.89415032277178, 48.04747218631094, 18.33608121387266, 22.958496071257976, 32.63079318764291, 34.38557524185229, 42.42569111141812, 53.49323756293881, 57.98024203172505, 57.76727103326798, 54.72817776423372, 45.91771340903461, 36.79257641278975, 35.7468959676713, 60.855633591298286, 58.63065870468233, 60.33398603983624, 64.37111532173137, 66.95172896540134, 71.73187051660885, 77.84020640390479, 80.09265728422767, 78.62901186537637, 76.012313115891, 71.07693581307201, 67.48541339757807, 62.07516488012862, 63.62676035382474, 67.12789325609182, 70.36517172120317, 75.80108826035799, 71.9926775019689, 68.73058618731254, 64.16108710585861, 51.864462444864316, 64.22542479055036, 78.00779535058584, 97.15609500824725, 86.24567902800098, 93.68389987065257, 107.97823975519552, 105.91235009100272, 114.99540824183552, 114.61795743380948, 109.11286744427875, 112.50517435702228, 108.42678308319522, 99.83136064114925, 95.56029921405703], [7.287197881167358, 0.0, 7.466622469862597, 16.837928442675626, 10.204189597491611, 6.365829701629238, 9.696025954868519, 49.11601253981098, 55.179858195897616, 63.4981490330832, 71.78568062990787, 79.59824672867266, 72.05718075670397, 63.79247293409473, 55.40452290712772, 24.797203716074236, 20.8475098699991, 18.881795671921303, 23.168273768601882, 28.62331308894356, 27.093391251622617, 17.197084265682513, 12.946979272666654, 13.725667681812896, 18.02098445934453, 54.428292301870954, 63.30413730550957, 72.13845356767962, 81.09862957654329, 88.67656666701032, 85.2983548006742, 79.18504012235925, 71.29035982087285, 62.93502708902785, 54.99562310629432, 24.223081817924488, 28.41979458785236, 36.475080880057895, 36.64172589377584, 44.784581938306005, 56.57970701131643, 61.80454078445837, 62.57611750120646, 60.42115043242474, 51.545480330603816, 43.46470924391545, 42.584701747478675, 61.29107432629222, 59.98234971634318, 62.616099109440455, 67.4066439549289, 70.72495016817615, 76.1650253301482, 82.69821261416527, 84.27522106082124, 82.05551927277659, 78.69860071260202, 72.9211925438458, 68.65902521340023, 63.109373016685105, 65.79487098562315, 70.15204465735029, 74.0696923703757, 80.20777296479282, 75.8177859354811, 71.68833707832412, 66.19846717039573, 47.32112695687444, 60.115644794058284, 74.72452031503693, 94.75132014557208, 83.99535996222606, 92.58195792906996, 107.89171896030746, 108.00776809570705, 118.58646017707505, 119.34498669638148, 114.82040438582749, 118.31576093081249, 114.77437789870442, 106.58718106875878, 102.38604005561803], [14.683463411199453, 7.466622469862597, 0.0, 10.671074678104164, 6.542345433262373, 9.666851159044295, 15.90330104314073, 56.49199643471815, 62.57660921706604, 70.90820102512698, 79.17499552756357, 86.84659480728311, 79.40699874752444, 71.16171947645499, 62.75317498557607, 30.661594636809237, 24.80589582109642, 20.033339971917492, 20.43175917818221, 23.70139979430086, 21.447345867660264, 14.28515682378419, 14.521681173512968, 18.963999647030846, 24.35776255129231, 61.66601897898954, 70.56383655683028, 79.37880599454024, 88.28014959155769, 95.73987292001166, 92.51441524821048, 86.4772524450025, 78.6200623370147, 70.30904093235662, 62.36248101310368, 31.328111290632908, 35.23253527564091, 42.029738503353286, 40.494273640092494, 48.627224493341686, 61.10406677147544, 66.8790582228773, 68.3076704147765, 66.76927092198709, 58.14864816426114, 50.75867645668735, 49.98974714255268, 62.61723522531306, 62.43877307682011, 66.03000506453724, 71.47801182949063, 75.41440282801518, 81.2895552018471, 87.99382764671078, 89.03168019318412, 86.22626641726553, 82.21400791351701, 75.67739431571802, 70.70235063224739, 65.07148519157454, 68.98862435824533, 74.1422200766179, 78.60758135936379, 85.19098272870609, 80.4192191051008, 75.57234472532461, 69.235791309193, 42.53644562511926, 55.325510222506416, 70.79092944429654, 91.68983543818811, 81.47337705039081, 91.44675129997044, 107.7093423327702, 110.50977457039922, 122.24930327807085, 124.01140318578817, 120.3700488570411, 123.7464273229567, 120.72473615291179, 112.95876413105918, 108.98001654171854], [23.18400705666268, 16.837928442675626, 10.671074678104164, 0.0, 8.16373309692967, 15.572147858367128, 22.19057371734748, 63.55707312825449, 69.86801648003215, 78.28996311917474, 86.33918175721602, 93.20423996438004, 86.15772041489886, 78.04555052220746, 69.60731843219315, 41.169414721871966, 35.289133656404445, 29.54523560651299, 26.054579339612314, 24.128850598745, 20.432311949944967, 21.50852104495332, 24.68974897381488, 29.523612508417422, 34.68011186403985, 70.8686026306175, 79.49476092848266, 87.89102932909718, 96.12538019560557, 102.71830392850737, 99.69289759241582, 94.3749738883708, 87.00882701914733, 78.85855074956933, 71.14495933407446, 40.951879547199894, 43.268177840087986, 48.3082928043182, 42.885791876065035, 51.126904069411836, 65.20751138633383, 71.36344523098897, 72.80706746523788, 71.72001715620786, 64.85941584913988, 58.49137975110477, 58.78718796368921, 60.06327851188683, 62.05157707032184, 67.18010588278602, 73.39536833674043, 77.97983290929159, 83.89464736001045, 90.15773366702426, 90.64535698265267, 87.42578367120484, 82.67052568552329, 75.2718195974781, 69.11724752241302, 63.464564993299405, 69.47761857240594, 75.71020293997509, 80.64672927613897, 87.18964519752367, 82.38242649422868, 76.84680216115834, 69.41037052696613, 39.38884525109884, 46.675210722966625, 60.92770185700882, 82.08906767798773, 72.40510401965916, 84.02336956474582, 101.12947172564718, 108.36938156106488, 120.82542363731756, 123.91667202072612, 121.77646898496943, 124.90687927302908, 123.19562476018288, 117.19292210935349, 115.16032627754377], [16.26634194961123, 10.204189597491611, 6.542345433262373, 8.16373309692967, 0.0, 7.691659181019986, 14.774282542600298, 56.5645051748929, 62.97037317475225, 71.38580549798506, 79.50462356690002, 86.70403139384608, 79.2980379323947, 71.06713351648749, 62.69514753670364, 34.740521758111434, 30.188994605397347, 26.357186501158846, 26.64308836729958, 28.23891692111303, 25.3165440488995, 20.71276117410175, 20.57845174376284, 23.527709374419324, 27.957728679855183, 63.841912726845685, 72.62237017428878, 81.28948429436487, 89.86724735431022, 96.83842206717745, 93.45798427705158, 87.85321232796882, 80.2366506727325, 71.87914144209874, 64.04905424275552, 33.52433365027779, 35.17146689012834, 40.335464941827574, 36.242686208816295, 44.50836085261941, 57.99508559125115, 63.971971056716406, 65.42179625294007, 64.32554585186554, 56.88010747021054, 50.700143755007254, 51.33200361834403, 56.59835515785561, 57.10950645327275, 61.32833161001494, 67.13116254517328, 71.40193213369628, 77.36445522321951, 83.99741753904937, 84.64769288541943, 81.57883746535077, 77.2313787970815, 70.35884643020928, 64.97200105411326, 59.319209249258115, 64.00033082178, 69.63174461487198, 74.3403060635444, 81.00497202689895, 76.12785409338431, 70.9290783308436, 64.11970192547234, 45.460374164186334, 53.88773565226829, 66.86607704076765, 86.88705357157033, 75.51557085218164, 84.98989977256367, 101.2782184128545, 104.6735036372971, 116.91770478532568, 119.46790777993164, 116.83779188800764, 120.74509445963963, 118.70160048436965, 112.50439885226098, 110.20453222351497], [9.688119039118842, 6.365829701629238, 9.666851159044295, 15.572147858367128, 7.691659181019986, 0.0, 7.2943760034624585, 49.052874987628776, 55.48851446471616, 63.89098739445517, 72.03239741947205, 79.40811422103327, 71.83224387319305, 63.55516483485129, 55.21765688425362, 29.161551403292123, 26.541491146924823, 25.13403941753022, 28.72196041849304, 32.651432624338014, 30.444037046673426, 22.5945319880495, 19.05287317869431, 19.00732255202899, 22.097503228259026, 56.57548289199905, 65.34193060307219, 74.06276997614263, 82.7421168535854, 89.87401187553591, 86.28486058704416, 80.57122270409931, 72.88575201656532, 64.45547834930704, 56.62814584982281, 26.47982858441997, 27.760754100828763, 33.89281041624206, 31.517986738725394, 39.87506494482828, 52.69481913213063, 58.170979055128555, 59.05382617269627, 57.43377148899449, 49.65512237808657, 43.023855675117424, 43.7953918174067, 55.05769161090238, 54.18918384365112, 57.3351162484242, 62.47059345342499, 66.13639085873359, 71.7468877445756, 78.33357483148016, 79.48862127341643, 76.96001160148401, 73.2762358969788, 67.19128087799787, 62.61940883635065, 57.038584144675305, 60.29866770533022, 65.09251981749415, 69.27749912968777, 75.59801231920632, 71.02571463927639, 66.5242091558076, 60.6025787329185, 50.37807458929906, 59.4487575487335, 71.6778748757999, 90.75491373111485, 78.70384396030416, 86.54333457799837, 101.8033757422496, 102.02921837022015, 113.21825813319953, 114.78189096104023, 111.28575440938299, 115.47004136289445, 112.91805973253571, 106.34041601267259, 103.82231802923114], [6.412014752586741, 9.696025954868519, 15.90330104314073, 22.19057371734748, 14.774282542600298, 7.2943760034624585, 0.0, 41.815790940944616, 48.277948274298915, 56.69309700263119, 64.7964087516546, 72.11445711729048, 64.56463301384872, 56.30834513246044, 47.955205259330135, 26.12911234247857, 25.899674031902446, 26.780748007898772, 32.330773903426845, 37.31674403381029, 35.61660481988564, 26.76014437986509, 21.17373134329346, 18.069048452880825, 19.07779139867299, 50.23976312698069, 58.789525463569184, 67.3165838352744, 75.80847700979919, 82.8151736290136, 79.14417124816337, 73.56284612647343, 66.02593816243674, 57.656013341092994, 49.978211038899126, 21.38649845714824, 22.325653563121286, 29.911752166421227, 28.956906622981723, 37.31889817151734, 49.52528452351843, 54.23824302644788, 54.03743024117355, 51.48489977414792, 43.92565456895604, 36.378177613721405, 37.28144212746756, 54.57708402278807, 52.74550972065973, 54.918152605954056, 59.270439502354996, 62.16825988401182, 67.07731350872369, 73.20044529697421, 75.07030760433008, 73.34682043802145, 70.43610003826099, 65.23472090843815, 61.354646812943216, 55.914307260862145, 57.9907304731046, 61.897951967295754, 65.36892572175556, 70.93773175994946, 66.98654352332814, 63.39447148933088, 58.428679339269756, 54.52286621338666, 63.38279615638826, 74.8716894384133, 93.04360212676576, 80.93653470853938, 87.60065862615059, 101.77407403328603, 99.79565444195036, 109.38944932503904, 109.78397614904557, 105.30608180672752, 109.38374500954009, 106.34127850072929, 99.46064726959968, 97.02595779685404], [41.871120299002214, 49.11601253981098, 56.49199643471815, 63.55707312825449, 56.5645051748929, 49.052874987628776, 41.815790940944616, 0.0, 6.980927776152751, 15.172675167325075, 23.060023684111364, 31.144103721355844, 22.973107455961046, 14.696947650068193, 6.39504416212445, 39.21680763422424, 48.0356476619639, 55.48247215013597, 65.21912118419607, 72.87516730241263, 72.7704884320667, 61.87253444190888, 53.29427453852252, 44.94158619480359, 39.094370988530365, 21.524907084396226, 24.985039423997893, 30.61765552762845, 37.462443872988544, 44.14027157339662, 39.13060871004978, 34.08852754370514, 27.928825634999423, 20.89958214659769, 17.188188627461823, 30.645298179558736, 28.9689359294496, 36.45176961888949, 44.80238218159187, 47.82034939523543, 49.9451026903981, 48.0426048241084, 40.637630155646704, 31.054668472847204, 27.258824718992802, 14.683854666149385, 15.421182817069091, 70.31122180821471, 63.61787379721534, 59.53447875665205, 57.85941015444414, 54.89819101988991, 53.9932021609204, 56.093330003903915, 62.828928774032924, 66.68344735404584, 69.31443101245122, 70.43003949297925, 71.5033789268202, 68.06565000126358, 62.70217515938974, 60.046778710687576, 58.06781517257127, 57.63913159893745, 58.55542007618062, 61.735744157028265, 63.899445978755786, 87.60143953076472, 96.62144401225554, 105.16788539033922, 118.62786958906895, 106.7002426371016, 107.22934431031477, 114.99826390170635, 99.40665088993154, 98.93742792460482, 91.24774147397757, 79.35896526391805, 83.03066057385585, 75.49624325502988, 65.11446412191458, 61.66290825088721], [47.90497320446257, 55.179858195897616, 62.57660921706604, 69.86801648003215, 62.97037317475225, 55.48851446471616, 48.277948274298915, 6.980927776152751, 0.0, 8.437373051769965, 16.612426179024485, 25.49476984849571, 17.463797643116404, 9.826475758735073, 4.3350619760069184, 43.38412187493282, 52.4337165562734, 60.165650196646965, 70.03600885490613, 77.9419721039601, 78.10097301515577, 67.10569022546078, 58.49483395673359, 50.09533641202461, 44.11450683482031, 19.27921436903096, 20.111599367178833, 24.270820900749857, 30.630098067822505, 37.55486886686977, 32.3531191725203, 27.137417486462212, 21.39799891567092, 15.396131142624304, 14.30888906514216, 35.765517760067574, 35.07245374107384, 42.501367425634555, 51.52598923304908, 54.13396322713541, 55.0671288535048, 52.44848913037897, 44.55280817336264, 34.52796948031467, 31.377545465798498, 19.73012539164868, 18.438403955219602, 76.6003158474623, 69.6487137996519, 65.06431017179833, 62.76365008887412, 59.13447758659587, 57.38694130633664, 58.652535330965485, 66.04403885175894, 70.65827989563998, 73.97575074717446, 75.79692461920472, 77.33603286161834, 74.12803555801914, 68.18620421628336, 64.84821080612564, 62.21096234789031, 60.859248051075134, 62.52260165474019, 66.52155603476963, 69.43746780490008, 92.23758895825085, 101.99593223853509, 110.90207554709396, 124.18014421604977, 112.84378456363447, 113.17427525448797, 120.29581168446384, 103.59349381298598, 101.45741311700164, 92.27020548872721, 78.76525307963024, 81.69365002583183, 72.76711608153799, 60.594734276866745, 55.68909337841036], [56.22844617103129, 63.4981490330832, 70.90820102512698, 78.28996311917474, 71.38580549798506, 63.89098739445517, 56.69309700263119, 15.172675167325075, 8.437373051769965, 0.0, 8.458845632547623, 18.642579394355597, 10.65475023227565, 6.310510659795291, 10.059717656402142, 50.44951157673742, 59.72442061662818, 67.71877380728515, 77.75945027472206, 85.85494739866935, 86.15811405760641, 75.02687441949983, 66.34889510663567, 57.89083456824928, 51.7840575367165, 21.31110066977846, 18.251009744515674, 19.214032928528926, 24.056979305993718, 30.888967590851433, 24.992667007500316, 19.92893497776023, 15.659575604816562, 12.781439526726635, 16.342645502837136, 43.38368013005482, 42.626543446102254, 49.19385440025617, 58.67724254691256, 60.53841352002681, 59.870928902506755, 56.29733275506159, 47.804233814208644, 37.537156414517774, 35.71974513890246, 26.25926246594893, 24.857084036790233, 82.82743699642404, 75.4193622908878, 70.10762416990902, 66.94591784927867, 62.46537305257979, 59.67173099769387, 59.98139836766012, 68.0207518417197, 73.51724198547626, 77.71972876271475, 80.52345429797106, 82.78371987055911, 79.95830693651747, 73.13098085702279, 68.86090207456353, 65.37637430069731, 62.912758898187406, 65.45957165445606, 70.49553885660502, 74.45408068279794, 99.86646437948805, 109.77843289454867, 118.41185742887096, 131.06598701291716, 119.83774204200118, 119.35912254609524, 125.47880187479798, 106.66237698864047, 102.66966091414518, 91.87716939817301, 76.77500536265597, 79.46580840276002, 69.28990033147713, 55.901935468772365, 50.141141144363175], [64.5074628743692, 71.78568062990787, 79.17499552756357, 86.33918175721602, 79.50462356690002, 72.03239741947205, 64.7964087516546, 23.060023684111364, 16.612426179024485, 8.458845632547623, 0.0, 11.261226165841709, 5.335229980371418, 9.836133816829964, 17.16595533783923, 58.80435540506187, 68.09034358439318, 76.07968857857401, 86.01006423975923, 93.96002339344541, 94.28083469618484, 83.39440551128946, 74.77028806884726, 66.33608869447828, 60.2377782709275, 28.02646782102993, 22.59283876965544, 19.613676412696368, 20.45574928921759, 25.27043297906718, 18.703005490166355, 15.928172816301217, 15.935329283762728, 17.55862439066096, 23.455099615005707, 51.82533472753668, 50.65473064223969, 56.31468118414197, 65.34252755605725, 66.61110191337131, 64.9805127240055, 60.58666923760032, 51.35001689743201, 40.92192232192065, 41.277410621496664, 33.83701779809306, 33.10264132811299, 87.94181748694757, 80.40336641682576, 74.61919403701071, 70.7106167439278, 65.46288252716519, 61.447750574678466, 60.394561837389354, 69.10916963242583, 75.59452618166303, 80.63584743847224, 84.37008192660643, 87.17997989819426, 84.7601816098788, 77.37257806522244, 72.33899913614498, 68.01151487634495, 64.17236302443496, 67.79812444524474, 73.84797872430448, 78.70248385821048, 107.45453906557687, 116.60837386465134, 124.4201141372902, 136.0952247192333, 125.04017525995954, 123.67757340141569, 128.60347174699365, 108.17565208878655, 101.93230895825577, 89.47479871994767, 72.83107839602238, 75.13844825189348, 63.964800444793276, 50.129548274619054, 45.05784848789675], [72.3383256058048, 79.59824672867266, 86.84659480728311, 93.20423996438004, 86.70403139384608, 79.40811422103327, 72.11445711729048, 31.144103721355844, 25.49476984849571, 18.642579394355597, 11.261226165841709, 0.0, 9.807405731000934, 17.626167154042477, 24.84318703779217, 68.63204284577118, 77.56477257474651, 85.07604938205374, 94.30712389069494, 101.45766785346483, 101.63508650865067, 91.82946110823634, 83.5500871643138, 75.33994851650094, 69.50323855917189, 38.978410025017844, 33.11450613623737, 27.91292814998401, 23.559593557137315, 22.12948970111724, 16.65016736472817, 20.434978269975502, 24.98952293135029, 28.42727357546534, 34.40544185398192, 61.25482957931024, 59.48767775629722, 64.3549333018419, 71.34108363111307, 72.36942320195507, 71.07298500895845, 66.14578044776712, 55.78070562764183, 45.05412383665318, 48.88065446540766, 42.87743999618823, 43.31613896100611, 91.10551819617814, 84.20880525549084, 78.5273606392491, 74.1376756726415, 68.2967602507696, 62.659674735487926, 59.238419750952644, 68.84957529409088, 76.63305058256121, 82.40194833582892, 86.91178294888537, 89.8323423365512, 87.8377978867531, 80.65820285194653, 75.24907026850481, 70.0866724352827, 64.23177264318508, 69.42865075404156, 76.45399587888458, 81.85246377378206, 113.71027891790969, 120.45662226167043, 126.51687013545288, 136.5085550294499, 126.18350988514362, 124.02813997613723, 127.35303096418582, 106.92653722866707, 97.27496629815631, 82.75364398861916, 64.27509336461847, 65.21061657232934, 53.197757486529056, 40.15581602564712, 39.77812285810633], [64.80466836881223, 72.05718075670397, 79.40699874752444, 86.15772041489886, 79.2980379323947, 71.83224387319305, 64.56463301384872, 22.973107455961046, 17.463797643116404, 10.65475023227565, 5.335229980371418, 9.807405731000934, 0.0, 8.465403225853212, 16.659226766852928, 60.53324586556202, 69.79091869356208, 77.62495119626716, 87.42389286227227, 95.05546083799408, 95.13645334221901, 84.50165794144638, 75.90448358776625, 67.47438483111631, 61.428905252959005, 31.476567430119726, 27.086081306922896, 24.909701830046824, 25.28227466868371, 28.414575283146398, 22.011608389776445, 20.890473238484688, 21.152825571619694, 21.761212008786, 26.59623460373684, 52.81956028020321, 50.450829982065706, 55.07766391833903, 63.14763558528285, 64.04870701965001, 62.337705396110216, 57.655365181318494, 47.8682488979632, 37.26358548391812, 39.45340694173767, 33.481438588731606, 34.49925779938151, 84.47178269772787, 76.96536732438567, 71.0800347934514, 66.91910510535368, 61.428748309103774, 56.91240717714549, 55.35223266541672, 64.25013797831184, 71.05113742289687, 76.32394179430942, 80.37038753023212, 83.35060146917402, 81.14061883110404, 73.61930650781359, 68.36825274531911, 63.74253700006015, 59.36889755038649, 63.39727506381331, 69.78258978282754, 74.92021354764137, 108.57389114912625, 116.25093348578912, 122.83077378054189, 133.70245863815447, 122.07546794854511, 119.93218435885545, 124.33707119983531, 103.23259014577057, 96.65248643097374, 84.2554002336106, 67.96691558133885, 71.15061789016515, 60.91941747692727, 49.43767903047242, 47.521977288187166], [56.557773956007544, 63.79247293409473, 71.16171947645499, 78.04555052220746, 71.06713351648749, 63.55516483485129, 56.30834513246044, 14.696947650068193, 9.826475758735073, 6.310510659795291, 9.836133816829964, 17.626167154042477, 8.465403225853212, 0.0, 8.51702883381928, 52.61231659313253, 61.85819167009197, 69.66972138707159, 79.579429737272, 87.30361144749813, 87.29542115280249, 76.42026186169943, 67.75661420725656, 59.29493009297849, 53.24620914442162, 26.013295015358473, 24.074301117563266, 25.231601922068837, 28.94481924356523, 34.100608858119, 28.038604451065762, 24.635357690666826, 21.4734313410899, 18.508153340754827, 20.852531580096862, 44.55494663184915, 42.038640564380536, 47.14640681032757, 55.54950022730683, 56.90435267516327, 56.04176660942398, 52.088728143547534, 42.90242565783115, 32.310215342831825, 32.66257516718797, 25.255645263212344, 26.622345001455038, 78.31885013956081, 70.84515788280554, 65.34418294899146, 61.86371540413062, 57.09418034079945, 53.808721264207996, 53.74005030458154, 61.92099377011266, 67.70270088981331, 72.15453953510216, 75.31874667313592, 77.82084071783675, 75.23446925492499, 68.15603234679672, 63.60043424951988, 59.788290857488015, 56.84048826991426, 59.74562657701466, 65.14758100008383, 69.46149582271104, 101.42363124480552, 109.5446887724809, 116.6646346944079, 128.37646371367137, 116.31550478303063, 114.83975894772605, 120.39373131157188, 100.61049537859257, 96.47276788534911, 85.9319135863971, 71.45104009194789, 75.29445369726471, 66.29352271760398, 55.532613868881064, 53.0401870451937], [48.15886040900509, 55.40452290712772, 62.75317498557607, 69.60731843219315, 62.69514753670364, 55.21765688425362, 47.955205259330135, 6.39504416212445, 4.3350619760069184, 10.059717656402142, 17.16595533783923, 24.84318703779217, 16.659226766852928, 8.51702883381928, 0.0, 45.26713971235233, 54.19413763448872, 61.70258531473399, 71.36884131384694, 78.9138598271431, 78.84162260140859, 68.16454570647906, 59.626671675596356, 51.28036508335731, 45.40487259675293, 23.207651726875877, 24.182701301736603, 27.870753109553696, 33.30601315924752, 39.16697676752528, 33.85693056292306, 29.646922634888867, 24.742512315266474, 19.23260240752699, 18.21565564256664, 36.9198051345748, 34.871568754426264, 41.25665952222745, 49.27925695031193, 51.62444382014168, 52.66557668571901, 49.843659634613246, 41.406788467396865, 31.068273843739245, 29.557644724935123, 19.29090561244985, 20.42461815163116, 73.36760800457925, 66.46722090264035, 61.84079806590353, 59.38502795905998, 55.60700405786624, 53.530318553514036, 54.49045085279135, 61.98459070538389, 66.79293898685205, 70.23199648892569, 72.23889842035315, 73.85811464169555, 70.78548977944662, 64.78905721799185, 61.33574425857915, 58.50924346455873, 56.813477314814044, 58.73137521301872, 62.93582322836016, 66.01156279038857, 93.15063074130109, 101.48637829865864, 109.27835025843898, 121.87348321916214, 110.05383747497957, 109.767121145837, 116.50941590720629, 99.43062463694443, 97.12916199368436, 88.11749372271832, 75.04543534796412, 78.56108292169944, 70.41155778339093, 59.89801625300728, 57.121891398233025], [20.959913604707626, 24.797203716074236, 30.661594636809237, 41.169414721871966, 34.740521758111434, 29.161551403292123, 26.12911234247857, 39.21680763422424, 43.38412187493282, 50.44951157673742, 58.80435540506187, 68.63204284577118, 60.53324586556202, 52.61231659313253, 45.26713971235233, 0.0, 10.226933312670912, 19.661172035679712, 32.145014241349465, 43.10625775445483, 43.92809188208639, 28.738983392969786, 19.50328912737362, 11.795632663519028, 7.127501038208059, 34.97333505358977, 44.32172441813027, 54.147405351244544, 64.887988097572, 74.84599680978296, 71.12581691801505, 63.00433752456841, 53.88082113068472, 45.530280094269315, 37.32987767876541, 10.84526265983789, 22.960062211100563, 35.36075659482115, 45.984970553464194, 51.88247005460308, 57.48060526570102, 60.66073500602834, 60.79150445339495, 57.13119900752879, 44.243797315504935, 32.92907156678623, 26.797183569812162, 75.9469899424723, 70.77946686737316, 69.79833056295618, 72.1383825272305, 73.34432608837889, 77.8747793703102, 84.65658392723438, 87.71678304583368, 86.90809293085154, 85.65658403081106, 82.34693372656916, 80.82895512514546, 75.85453849441065, 74.0153506253058, 75.37440638713596, 77.60383975640089, 82.97968411660683, 79.31405359330815, 77.42148995469827, 75.04510879937003, 62.080156495165404, 81.69154970764536, 98.19388775990832, 117.87638858795172, 107.02511644856469, 113.22811986272967, 126.6955948494572, 118.66970549183068, 126.80440287023569, 124.22218389040353, 115.98907323457163, 119.51815080050014, 112.65059398603346, 99.85978503520538, 90.1601183830709], [19.86392791271147, 20.8475098699991, 24.80589582109642, 35.289133656404445, 30.188994605397347, 26.541491146924823, 25.899674031902446, 48.0356476619639, 52.4337165562734, 59.72442061662818, 68.09034358439318, 77.56477257474651, 69.79091869356208, 61.85819167009197, 54.19413763448872, 10.226933312670912, 0.0, 9.638156551461174, 22.368240660635113, 33.815267690508996, 34.92920819028643, 19.382571524889904, 11.099824291039296, 7.876813567327146, 10.403517315757929, 44.538997775131996, 53.62356833131106, 63.07977704787597, 73.43372584810614, 83.02087007566877, 79.76549311213752, 71.93122564429797, 63.090439699123934, 55.01452323805405, 46.971047232160515, 19.107829329905634, 30.1453407429043, 41.532901348875555, 49.63158349247025, 56.28852961895511, 63.59762503503512, 67.68234275050645, 68.49972381121178, 65.38358524247106, 52.98338518288897, 42.26271420887082, 36.666182219390464, 78.16935722179045, 74.31405152491784, 74.59470501543365, 77.89128261525687, 79.92528220685683, 84.9997707632505, 91.90834845418408, 94.485117572528, 93.0539957054319, 90.97475362218195, 86.63730908361974, 84.11962576641794, 78.86620744036988, 78.61773294415786, 81.08122027417191, 84.03484614876432, 89.92073851459934, 85.8329535385172, 83.02329574751579, 79.46178661522954, 53.29626678071229, 75.0341493024257, 93.42350340541569, 114.41876004766793, 104.79183094047394, 112.92786603770544, 127.58859486478387, 123.132133633672, 132.36815613477626, 130.73629566327554, 123.25488709708586, 126.1476625737537, 119.66006143755655, 106.92138577217995, 97.19537514342822], [20.93267914364031, 18.881795671921303, 20.033339971917492, 29.54523560651299, 26.357186501158846, 25.13403941753022, 26.780748007898772, 55.48247215013597, 60.165650196646965, 67.71877380728515, 76.07968857857401, 85.07604938205374, 77.62495119626716, 69.66972138707159, 61.70258531473399, 19.661172035679712, 9.638156551461174, 0.0, 12.85059248050587, 24.48671056001091, 25.78215712069296, 10.424017307780097, 6.280670201806652, 11.903280581601065, 17.72027282644906, 53.46901511851402, 62.338191705179455, 71.4119578962643, 81.25089635956263, 90.26036902109408, 87.38783579610396, 80.01398404066983, 71.53280433160525, 63.63816665251635, 55.7163211037635, 27.10531913195685, 36.9959714988113, 47.450254462630284, 52.80663865574961, 60.09282497502321, 69.08054637733046, 73.83352205007347, 74.96157089758645, 72.18007048413651, 60.60488765932514, 50.29744642402396, 45.35235270032236, 79.34099030861182, 76.90600819042773, 78.40912799482668, 82.52087678602695, 85.2326237723342, 90.61462974191952, 97.42348715927031, 99.62121615165111, 97.74583034353468, 94.96112290466874, 89.74292482016989, 86.25061541996091, 80.79414234563234, 82.1323425252857, 85.58846632913944, 89.10375275233788, 95.240433970463, 90.92817532849394, 87.3855281627783, 82.7733607645697, 44.42561872638636, 67.47278047294814, 87.34430305445616, 109.37022446691154, 101.05358257546314, 111.01784254003206, 126.6469192124339, 125.87064720592392, 135.86056454079048, 135.1060836799111, 128.42084774891188, 130.69620098667227, 124.76630633026886, 112.499138378918, 103.38360607472757], [27.528147971921832, 23.168273768601882, 20.43175917818221, 26.054579339612314, 26.64308836729958, 28.72196041849304, 32.330773903426845, 65.21912118419607, 70.03600885490613, 77.75945027472206, 86.01006423975923, 94.30712389069494, 87.42389286227227, 79.579429737272, 71.36884131384694, 32.145014241349465, 22.368240660635113, 12.85059248050587, 0.0, 12.070839190834489, 14.277846125007263, 7.452265532848987, 14.971217952585487, 23.02006669977333, 29.34494364737259, 64.73774744298021, 73.208162010562, 81.6580133686053, 90.69573400449913, 98.84809390692085, 96.55325470387676, 89.85787368987243, 81.95136202587278, 74.4106343170823, 66.7593436248843, 38.571680474064614, 47.61071415237499, 57.311736913920335, 59.556419981541005, 67.44026500141341, 78.22110790457353, 83.46715017139728, 84.54239218525156, 81.81366871567613, 71.4453822983224, 61.21809687527381, 56.68516919941394, 83.04261728723243, 82.48703608908302, 85.38160447882599, 90.26728623121957, 93.56300580742756, 98.98219463717076, 105.32392502894625, 107.29602373260384, 105.17450384828801, 101.73329523182571, 95.65467748614424, 91.0114696685617, 85.39793728624588, 88.63971524796779, 93.11229496002036, 97.0665837419932, 103.12562241201422, 98.84325293952858, 94.69870513184327, 89.02231839837754, 32.08332703391014, 57.38292792635647, 79.61875118841242, 102.95655089917511, 97.15223127059846, 109.72369459641573, 126.33790420005064, 130.62860530152378, 140.88343025575583, 140.8646068042577, 134.87636193247744, 135.99869682516805, 130.606754799079, 118.76718403539124, 110.38998455453493], [33.9330397819767, 28.62331308894356, 23.70139979430086, 24.128850598745, 28.23891692111303, 32.651432624338014, 37.31674403381029, 72.87516730241263, 77.9419721039601, 85.85494739866935, 93.96002339344541, 101.45766785346483, 95.05546083799408, 87.30361144749813, 78.9138598271431, 43.10625775445483, 33.815267690508996, 24.48671056001091, 12.070839190834489, 0.0, 4.380233203585513, 16.183131362987474, 24.996231967957485, 32.982838208961496, 39.352333135510335, 74.61431823213104, 82.79968145192618, 90.73491655714196, 98.97590118025177, 106.15459696623472, 104.234144339529, 98.32412683851042, 90.98305258427112, 83.64363666169231, 76.20211686640744, 48.13801547694371, 55.98267742742826, 64.79077835272795, 64.00144593688128, 72.26764156007343, 84.66217643812224, 90.25467201627384, 91.14661767220886, 88.51950665959771, 79.59105331596943, 69.75174488373415, 66.06055312406377, 84.03423200947113, 85.30740016374159, 89.4727207689798, 94.995374492694, 98.78076489062738, 104.12457463853278, 109.91702872885969, 111.62681200074691, 109.32051635723633, 105.31100316058046, 98.52825610636064, 92.84677324397786, 87.18530616004806, 92.19736407679594, 97.56113486011606, 101.85111567705344, 107.71614381607075, 103.54359436884376, 98.90822393759355, 92.31941218763387, 21.20531632195891, 46.374480771328315, 70.10862035396808, 94.28654427374872, 90.7199131586892, 105.49597051983432, 122.78402740444048, 131.86168147153296, 142.24662380317744, 143.07647738358244, 138.06752041387807, 138.35980282368914, 133.88974538544932, 123.23950111810301, 116.47818008194898], [32.88895340829673, 27.093391251622617, 21.447345867660264, 20.432311949944967, 25.3165440488995, 30.444037046673426, 35.61660481988564, 72.7704884320667, 78.10097301515577, 86.15811405760641, 94.28083469618484, 101.63508650865067, 95.13645334221901, 87.29542115280249, 78.84162260140859, 43.92809188208639, 34.92920819028643, 25.78215712069296, 14.277846125007263, 4.380233203585513, 0.0, 16.4664789880608, 25.229626980288963, 33.17869317648002, 39.588378488609536, 75.58896602969752, 83.89653234690006, 91.92870357960265, 100.15331698973415, 107.18057945838605, 105.09924639404757, 99.32660399506943, 91.98375355782855, 84.47688510802568, 76.94883833691846, 48.15920342816593, 55.109285392692875, 63.23149423336461, 61.439363375658715, 69.71513493647001, 82.53194247134985, 88.31106701455099, 89.37287430698133, 87.07215367239698, 78.54124218405924, 69.31647755333412, 66.33059761463457, 80.47863000128714, 82.13102833333953, 86.6396578833731, 92.39126564378945, 96.41436427999705, 101.90839234398983, 107.77290574418856, 109.19506675197744, 106.64772161730316, 102.39393580159877, 95.37050420189945, 89.45984032699154, 83.80109166116813, 89.23550870272237, 94.89073336622917, 99.37733289573193, 105.40364888645269, 101.08121448873199, 96.17615927486588, 89.29142570228964, 22.279604810470133, 44.10994665243836, 66.86405593594348, 90.88381315424041, 86.70219293351009, 101.43180072907379, 118.8866674003897, 128.47441416262095, 139.3796947141822, 140.79447412322244, 136.45952724343553, 137.15328410790332, 133.28936797518213, 123.569748643981, 117.76988979542517], [22.360758094993674, 17.197084265682513, 14.28515682378419, 21.50852104495332, 20.71276117410175, 22.5945319880495, 26.76014437986509, 61.87253444190888, 67.10569022546078, 75.02687441949983, 83.39440551128946, 91.82946110823634, 84.50165794144638, 76.42026186169943, 68.16454570647906, 28.738983392969786, 19.382571524889904, 10.424017307780097, 7.452265532848987, 16.183131362987474, 16.4664789880608, 0.0, 9.581103140431013, 18.328847875232476, 24.972382191795123, 62.41503092085218, 71.28546316156341, 80.1874891487806, 89.58200719246324, 97.91328633565566, 95.13137146335424, 88.31299354773748, 80.12051104847129, 72.14153789668475, 64.19809352232876, 34.133599208823696, 41.936982934201566, 50.769518469357564, 52.847543565460725, 60.56916030726245, 71.30862962465618, 76.79571579741086, 78.37892285730511, 76.27341026166525, 65.80068317495832, 56.620765239516835, 53.115819920085485, 76.55372739342819, 75.65850359894509, 78.50457896815567, 83.51343966410766, 87.035110113418, 92.84287682251458, 99.67229256865508, 101.21555975666676, 98.69608060630534, 95.06954280941626, 88.88595808945948, 84.37922270763208, 78.78644546051045, 81.83964730197222, 86.4053752306571, 90.59255131746288, 97.1266597930029, 92.45205553320005, 88.0155604398252, 82.2451288375167, 37.238550235948175, 58.96679283822028, 79.02600843883936, 101.61100967225534, 93.76658800660022, 105.1065964077195, 121.65558078521411, 124.40648148674856, 135.61834529444153, 136.27077511334429, 131.04652899317682, 133.32108348762134, 128.5890914765402, 117.88071785673559, 110.50765260548113], [15.792373702198855, 12.946979272666654, 14.521681173512968, 24.68974897381488, 20.57845174376284, 19.05287317869431, 21.17373134329346, 53.29427453852252, 58.49483395673359, 66.34889510663567, 74.77028806884726, 83.5500871643138, 75.90448358776625, 67.75661420725656, 59.626671675596356, 19.50328912737362, 11.099824291039296, 6.280670201806652, 14.971217952585487, 24.996231967957485, 25.229626980288963, 9.581103140431013, 0.0, 8.83738846079423, 15.471943721116396, 53.42530326456572, 62.499444651489576, 71.71000435403366, 81.47604184165633, 90.20025866305265, 87.04822475789375, 79.93073698963175, 71.47040203930015, 63.27203340447675, 55.18766102583585, 24.693293391328506, 33.02895710554528, 42.723595965062735, 46.956719468025646, 54.3798967955437, 64.02093798891245, 69.03655842022884, 70.34032074250894, 67.96799073018622, 56.88432029198346, 47.4487114390754, 43.82528938573756, 73.10814712621146, 70.85102257242222, 72.63748644239514, 76.99693449419111, 79.97727701856623, 85.56544076514105, 92.52110467360534, 94.38861164471729, 92.24369485659751, 89.21232194223899, 83.77172116477709, 80.11295804680856, 74.63548913055402, 76.270034087149, 80.01640085046263, 83.75481548859484, 90.11551047568732, 85.60290508042445, 81.76346476408139, 76.86033360450666, 45.44124628312947, 65.45911182961666, 83.69775368156176, 105.1435257532988, 95.73954635559026, 105.12704403249278, 120.73567002487314, 119.87419629411187, 130.42556209515405, 130.32671835088178, 124.46452828561691, 127.39157549807692, 122.27742381116182, 111.37101060734624, 103.78654506014915], [12.203961520991818, 13.725667681812896, 18.963999647030846, 29.523612508417422, 23.527709374419324, 19.00732255202899, 18.069048452880825, 44.94158619480359, 50.09533641202461, 57.89083456824928, 66.33608869447828, 75.33994851650094, 67.47438483111631, 59.29493009297849, 51.28036508335731, 11.795632663519028, 7.876813567327146, 11.903280581601065, 23.02006669977333, 32.982838208961496, 33.17869317648002, 18.328847875232476, 8.83738846079423, 0.0, 6.658549644877182, 45.024060302873636, 54.22210045628644, 63.61893650463552, 73.59109689850703, 82.53480742892648, 79.07205400935251, 71.7978071565601, 63.188141428045995, 54.8174825676625, 46.64509614667781, 15.881829271777322, 25.17704921862419, 36.16588379904357, 42.507161311051625, 49.58036323213765, 58.130046184190164, 62.48839462576174, 63.177010626482016, 60.28449256154895, 48.84268424057148, 38.821943207532186, 35.02972071896055, 70.60714485704116, 67.16847546372595, 67.90166652507419, 71.50971764604625, 73.82244571933717, 78.9698955455018, 85.80732893555393, 88.13794952110469, 86.54678536262152, 84.20631727250503, 79.60441274735525, 76.76043975880188, 71.44936254661998, 71.73677602451467, 74.59343267635244, 77.74517344517172, 83.67804875381682, 79.5260583000198, 76.44201684685602, 72.49049884243269, 52.62477857040484, 70.96236808970146, 87.5846119119472, 107.89234835674553, 97.45688225713087, 105.15335762198153, 119.72560104743846, 115.78560234558564, 125.30014863112345, 124.31051712168173, 117.72196255122475, 121.07174957652194, 115.57826494602165, 104.52757198404547, 96.93379849956702], [13.950090971037463, 18.02098445934453, 24.35776255129231, 34.68011186403985, 27.957728679855183, 22.097503228259026, 19.07779139867299, 39.094370988530365, 44.11450683482031, 51.7840575367165, 60.2377782709275, 69.50323855917189, 61.428905252959005, 53.24620914442162, 45.40487259675293, 7.127501038208059, 10.403517315757929, 17.72027282644906, 29.34494364737259, 39.352333135510335, 39.588378488609536, 24.972382191795123, 15.471943721116396, 6.658549644877182, 0.0, 38.72307077270946, 48.04086027341729, 57.63348829217614, 67.84241246146502, 77.05074816944682, 73.31596826410244, 65.83632462062512, 57.055213724261435, 48.53909751656145, 40.28423980661351, 9.421139556937948, 20.140088791820084, 32.263027536614196, 40.66104423381537, 47.217767941392495, 54.53151037761383, 58.25673835235695, 58.44911729340255, 55.11466540695865, 43.23280614419244, 32.63414174010581, 28.490235051487833, 69.99801844637027, 65.57582342739951, 65.37297606976428, 68.29038350587642, 70.00117169826089, 74.76630068205851, 81.52194189434496, 84.23634688314947, 83.10621876422924, 81.36831180341308, 77.50487404079642, 75.38756852635144, 70.26409134885289, 69.37451777905949, 71.42563807608657, 74.05583315682784, 79.62831752905548, 75.77944173302963, 73.36174984447106, 70.270032913846, 58.510727303884316, 75.9968105385566, 91.57915876875167, 111.05458393919905, 99.93116526167287, 106.34958758884261, 120.09664532176463, 113.65356119087967, 122.34654715997733, 120.60903588794518, 113.38134612425938, 117.0832553041767, 111.2102631988468, 99.92655992532369, 92.14529514039457], [47.721596185360546, 54.428292301870954, 61.66601897898954, 70.8686026306175, 63.841912726845685, 56.57548289199905, 50.23976312698069, 21.524907084396226, 19.27921436903096, 21.31110066977846, 28.02646782102993, 38.978410025017844, 31.476567430119726, 26.013295015358473, 23.207651726875877, 34.97333505358977, 44.538997775131996, 53.46901511851402, 64.73774744298021, 74.61431823213104, 75.58896602969752, 62.41503092085218, 53.42530326456572, 45.024060302873636, 38.72307077270946, 0.0, 9.683700161615187, 20.231547275910415, 32.03118998098931, 43.46863616936389, 38.76220609920187, 29.361442560609635, 19.522242316154717, 11.387398413721458, 5.1875572738338995, 31.386688850022473, 35.27523981705064, 45.02209450239457, 58.47770568589819, 61.379805549223505, 60.90882755711092, 59.30161113859193, 54.50331656838883, 46.736599614641214, 37.074232908125694, 24.093225502930363, 14.664180465718909, 87.19968262656