{
	"dissimilarities": [[0.0, 7.649820560605721, 15.74556524720031, 24.033374483160582, 17.522189907508366, 10.368805287274085, 6.436440153669499, 41.01923893754951, 46.967553186055795, 55.48613911447839, 63.57167570145569, 70.20236688931604, 63.86473579920408, 55.76057633112453, 47.33232735497753, 19.27082223019892, 18.979001471600398, 22.24299941906579, 28.530425488854984, 34.81072004854593, 34.51682236370578, 25.339507134524645, 18.292651297842063, 12.83306620333788, 12.007300783349018, 46.54688608306877, 54.38912109857832, 62.15348079079975, 71.31819374725185, 79.33413827698124, 77.1682756338045, 69.910694783918, 60.97095973520517, 53.50511932173109, 45.96696824364841, 19.47309777790069, 24.150956611541847, 32.06385191348469, 35.992676237780934, 45.87681002229613, 53.485090564402995, 57.78835222976148, 58.01052917463992, 53.83668909068806, 43.84720076456832, 36.585406573375415, 34.63036696268419, 63.040468313975644, 60.54312993495572, 60.54658414234238, 65.13407478730687, 67.9411273894444, 72.79662271492188, 78.28186516307858, 80.03279580866086, 79.13656049718773, 76.67662678324747, 71.94830179723805, 68.43386491422066, 64.28204876500415, 65.07993486608623, 68.92264283114883, 71.5720846445777, 76.53289059523891, 73.70474539575511, 70.71723667452136, 66.96028432988258, 54.607292632633985, 55.24601656517941, 64.24930467460888, 72.7631284503021, 85.86338410794563, 96.68544327574544, 106.51201864746247, 106.82829013569169, 116.94341334630464, 118.83786440883792, 112.49929493659324, 104.61405083488481, 101.16676825728031, 96.39639042284442, 94.33368734354089], [7.649820560605721, 0.0, 8.737351599361675, 18.682576907711688, 13.160436812285601, 9.545693772170202, 11.354141518788774, 48.4660135444085, 54.20190483011377, 62.54655602774929, 70.78741337026376, 77.65396293617881, 71.29965782373667, 63.18180016053594, 54.79485161113728, 20.192215341430988, 16.101193658775923, 16.956024894629902, 21.98670755292852, 28.501332483222214, 28.222059417285777, 18.185657873319105, 11.799937200033098, 9.719130497271296, 14.132789652077681, 52.524184723834686, 60.53720252488968, 68.48523968087221, 77.8598707795689, 86.22803580809166, 84.19475645688209, 76.69138698014119, 67.57450338023824, 60.14903332413929, 52.37495948160529, 24.787220569435632, 29.3831992043707, 36.43576645874438, 39.70945317859283, 49.71235747993013, 57.60620242520623, 62.67622625084028, 63.833162437940445, 60.478303642645045, 50.06163999929185, 43.3354514272687, 41.104366438967155, 65.42262099185554, 63.60124583421889, 64.26459467610256, 69.67108292754907, 73.03559771062898, 78.54201482793951, 84.45490164971413, 85.63337981107593, 84.10755046049158, 80.99530259600364, 75.51098310745193, 71.36700349015229, 67.25810504045863, 68.75239864519845, 73.31949918848724, 76.6766623685285, 82.26362311930504, 78.83893910945444, 75.08019636880063, 70.61231682903595, 49.73047006182461, 51.66570447006592, 62.20177476604587, 72.21622366921541, 85.86550655883767, 97.86563502839041, 108.7031350598576, 110.8358869950351, 122.42772689605351, 125.18020588963935, 119.51738043611095, 111.92031261639778, 108.64306899251343, 103.70225364501788, 101.02003316354332], [15.74556524720031, 8.737351599361675, 0.0, 11.012351088958885, 8.531007559872046, 11.901824561449603, 17.30150192265316, 56.74274880710154, 62.68622214237523, 71.12814236127716, 79.27232915076013, 85.86223413711483, 79.59479253428536, 71.48021548197185, 63.04868428795087, 27.47344092658721, 20.93666094281249, 18.103521410739543, 18.111568324359986, 22.43110633232489, 21.313029866343193, 13.164405597514877, 12.140110085002073, 15.789081966490171, 22.313163428231196, 61.238155854512875, 69.23732771149125, 77.12933066660172, 86.32910874607164, 94.47032573698297, 92.54149097604457, 85.26268399553182, 76.25229662623252, 68.84931444449403, 61.10719564709787, 33.30292604598541, 36.70615202575267, 42.324302537203025, 43.25114725817109, 53.2618361951296, 61.98936786623867, 67.90553330987073, 69.60369969328084, 67.16166187975185, 57.40373948682024, 51.44509390390202, 49.785593693862054, 65.76310092011012, 65.25893536084102, 67.03124757274406, 73.48280579151643, 77.44203131448883, 83.46224660840753, 89.53079900804745, 90.09661525734793, 87.90646044411137, 83.99571375909316, 77.60005683905389, 72.45978837927588, 68.4959993449961, 71.19213916420036, 76.68644126896177, 80.87486968413393, 86.95263814323107, 82.97888031601653, 78.32137604382199, 72.93104269834306, 44.16635783143072, 45.259905588163534, 56.49650169304628, 67.81395606720156, 81.9949405503185, 95.32326351396095, 107.32701824067362, 112.47247812516491, 125.4318252707219, 129.2821219143181, 124.80308823004388, 117.8529422346794, 115.2441419608589, 110.84371105978146, 108.65374724524473], [24.033374483160582, 18.682576907711688, 11.012351088958885, 0.0, 9.244082236253963, 17.19869344427294, 23.327731281556396, 63.68926251751695, 70.1493403108245, 78.90118894865002, 86.61997020928514, 92.31739497909813, 86.33424383702639, 78.3378609871813, 69.85073909802796, 38.33844332927597, 31.68061465613961, 27.479998123403668, 22.777336473911827, 21.46481957946644, 18.279994483441644, 18.306870217030248, 22.142344093710427, 26.718482473881952, 32.78646129854636, 70.50519130405193, 78.2691904198264, 85.80204750407665, 94.33963132072103, 101.5397241758847, 99.69381046471753, 93.2266750055882, 84.69659980056633, 77.33359182692833, 69.94993921757411, 42.804776353713365, 44.59675147671607, 48.69462973032844, 45.91469142867954, 55.71813798926351, 65.74220121170107, 72.28574958754366, 73.76903610504839, 72.06756093205853, 64.20894352452063, 59.037121627025556, 58.56404648291968, 63.16572611979053, 64.65935192725453, 67.89278601018444, 75.35565334959865, 79.73797499045092, 85.8414737899331, 91.5384382129518, 91.65555303375704, 89.00037401751064, 84.35582102038353, 77.13252994847085, 70.71944031391443, 67.03381634292779, 71.3702066033387, 77.7775450863584, 82.67976123378928, 88.82358443710501, 84.5972249764029, 79.17704620319255, 72.85885774530517, 39.84900042378985, 35.75093732576223, 45.94885724856428, 58.081648490486096, 72.89803854382751, 87.57981507615632, 100.72015171755342, 110.08901680401941, 123.62672689211134, 128.50221094281258, 125.57446334713646, 119.56690677566274, 118.10999339031972, 115.00908706984629, 114.61961097216648], [17.522189907508366, 13.160436812285601, 8.531007559872046, 9.244082236253963, 0.0, 8.699627228361622, 15.770522396860699, 56.56685860477728, 63.26108741441645, 72.05244155362512, 79.84648513239814, 85.77368832360264, 79.3627656389863, 71.1329329950024, 62.74920050358195, 32.81314147583399, 28.035455663579466, 26.439742714142454, 26.070402391628598, 28.236511574395195, 25.951448511682642, 20.991968444538045, 20.297083751025, 22.032680428220733, 26.536088740474508, 63.726346448209355, 71.67445920580342, 79.49505843585223, 88.5434018233823, 96.01532233430586, 93.78492119300981, 86.93786342002198, 78.0850784403528, 70.50785031409006, 63.00290152171505, 35.18670610532968, 35.719828092954266, 39.46722930378306, 37.4101540371373, 47.328322459432286, 56.94640534403068, 63.36804734555846, 65.11148011618428, 63.603775075903435, 55.33372882200961, 50.70008813377283, 51.077598939399884, 57.658866247414174, 57.81487503823299, 60.258306459837, 67.30736526185281, 71.5933978626253, 77.8534056000743, 83.9589541966306, 84.03058992225255, 81.4290531897224, 77.0710398162728, 70.25425440075601, 64.62692031839093, 60.74647117839319, 64.10987330013752, 70.09848287530089, 74.77109806189304, 81.08767483891191, 76.79022136666201, 71.61936968539585, 65.74388172264074, 48.18132753225982, 44.064414077120254, 51.647007304605765, 61.1454610746326, 74.41147820828411, 87.17880451001786, 99.0760345508151, 104.62941600323043, 118.4508109454598, 123.33891500876274, 120.12013345677586, 114.3101328130389, 112.87643059009325, 110.30870467851321, 110.29361570527567], [10.368805287274085, 9.545693772170202, 11.901824561449603, 17.19869344427294, 8.699627228361622, 0.0, 7.4337488282856325, 48.03030455704536, 54.76038148214955, 63.5523081847776, 71.36161603013572, 77.42723352692546, 70.86623563823193, 62.573747306915934, 54.225491137955345, 27.310428222889474, 25.062494964669522, 26.176620296146066, 29.373824659111403, 33.63484738231361, 32.124201535256375, 24.79300063151756, 20.42766749066148, 18.418017673877447, 20.245904413537296, 55.522722451557705, 63.447018586333776, 71.29342849488245, 80.4779039061792, 88.03036682137699, 85.62128310804417, 78.63780145449539, 69.71642010549425, 62.07928934203142, 54.6181706563433, 27.125985367221627, 27.53516989674162, 32.22390786896206, 32.018916011758265, 42.14833705152326, 51.14579410164188, 56.82977729576367, 58.04109933760222, 55.777311707064875, 47.08404852983543, 42.046881468927396, 42.566431946718836, 56.029759855936035, 54.7236429950972, 56.01449880766976, 62.06468530374387, 65.80124022071416, 71.61710915360123, 77.6305907285382, 78.25925108340654, 76.28016033705197, 72.69383292655037, 66.78179549001007, 62.19274468931945, 58.13104441454645, 60.23066650333694, 65.31049719056082, 69.1950428433131, 75.0871688355436, 71.28235070742508, 66.96686044950421, 62.001635673437946, 53.73584050116519, 50.50987003684241, 57.30725118670162, 65.22247707222778, 77.74835057318445, 88.94239718009113, 99.52625173840386, 101.77214270025154, 114.32749731547139, 118.24452809752742, 113.98662474873316, 107.70124167632046, 105.79483160491297, 103.03725712535181, 102.95436205127463], [6.436440153669499, 11.354141518788774, 17.30150192265316, 23.327731281556396, 15.770522396860699, 7.4337488282856325, 0.0, 40.807004576099175, 47.52163300195364, 56.36519979520613, 64.09059500201721, 70.07991693804513, 63.6240309243981, 55.410011615246596, 47.005007585330965, 24.82317441576073, 24.9540722504147, 27.8002135371477, 32.76504640954801, 37.735426552507825, 36.699076103286934, 28.972796027713898, 23.078229978131468, 18.505144455507665, 17.330097829431462, 49.022805063430695, 56.730389608573375, 64.3551725122453, 73.30140692777196, 80.66129852199226, 78.24420936724822, 71.42710690542785, 62.69246843837003, 55.11225250809651, 47.87208064734061, 21.88865816867261, 23.12416402228863, 29.327638801704936, 30.743968380376884, 40.77160599982878, 49.20114623871874, 53.87991780206639, 54.0122380298904, 50.52181612043033, 41.88408114027221, 35.84774744501281, 36.05289095429322, 56.76523163030084, 54.59710117951295, 54.993233106477064, 59.97070885834193, 62.99088174689604, 67.99903804303604, 73.49981900397935, 74.93138356405456, 73.78029759033953, 71.0389514728861, 66.06953383594583, 62.27488572867238, 58.15053600972522, 59.33403783617615, 63.481082140475095, 66.44145456368152, 71.55263315224914, 68.51806750174575, 65.2046948019017, 61.15179790016515, 56.932709351266226, 54.30972749391974, 60.91021608010112, 68.00229082853444, 80.36653369472992, 90.6129079633003, 100.22588061433835, 100.64728306805351, 111.27338087394321, 113.90391946236863, 108.50749795594014, 101.50972078243005, 99.03324005125344, 95.8202269631591, 95.65722939607568], [41.01923893754951, 48.4660135444085, 56.74274880710154, 63.68926251751695, 56.56685860477728, 48.03030455704536, 40.807004576099175, 0.0, 8.23275962657662, 17.11247713816854, 23.731276145107202, 29.932462075408846, 22.93612770541865, 14.759627128111603, 6.338672259712282, 42.22308089664984, 50.69694709642175, 57.85046608809932, 66.97578459652432, 73.77307372174936, 73.98338698922414, 65.14953419264393, 56.631224152618145, 48.21135227569798, 39.970326313098845, 21.545115980611868, 24.73288864145458, 29.589553908352944, 37.087343113550865, 43.232426492958574, 39.60108862867317, 33.26706129067089, 25.982603883787036, 19.34221741217707, 17.033567476280474, 28.89591718065341, 29.85094743576925, 35.91896144816286, 44.41912927935811, 48.35801318136716, 49.46815046619706, 46.653149621126474, 40.73955428083317, 29.825113522036308, 24.600096270400833, 15.310936199513636, 15.203373337472343, 71.2352512854495, 64.52320365311886, 59.78124002916395, 57.386218240809626, 55.54579683678287, 54.94171085440556, 57.049808707296805, 62.935146266459334, 66.6880855850472, 69.33653573186507, 70.50342660390864, 72.11676885430686, 68.49373583716883, 64.02924432047205, 61.97616538070665, 58.928238321873955, 58.79162243136866, 60.664216362491956, 63.81926330557668, 65.80569106182683, 89.82861170071766, 89.0181010376791, 93.27269242363828, 95.6187065268945, 104.89834896556873, 109.01754802018263, 112.63793951754978, 100.01338324499247, 100.69147723905449, 96.22837661401614, 83.9553050450584, 73.25978821776509, 66.9300000357843, 61.635916167124485, 61.44377165737544], [46.967553186055795, 54.20190483011377, 62.68622214237523, 70.1493403108245, 63.26108741441645, 54.76038148214955, 47.52163300195364, 8.23275962657662, 0.0, 9.13994254789498, 16.66606701759596, 24.54168332015367, 17.923283056052508, 11.084650725722033, 6.470486107061356, 45.5729538259258, 54.472616116967785, 61.84111983735687, 71.42842224709375, 78.64284518816362, 79.22938036387751, 70.07637558811601, 61.3549562337294, 52.854936415068444, 44.5073895398341, 17.091061288816004, 17.838214041138396, 21.559566280076346, 29.022239534693167, 35.963825143555155, 32.30302449433924, 25.176084613420908, 17.858124996773512, 11.806339217726803, 12.405797322185542, 33.49531009883737, 36.04818399088022, 42.52274161220341, 52.194911622245066, 55.790253147015804, 55.902574166624795, 52.320959932271684, 46.309153470478996, 35.03646745223169, 29.705726919672394, 20.76272403460223, 17.331010967649778, 79.17840899526442, 72.1547428637052, 66.99625040707215, 63.89620570908374, 61.54600037310312, 60.253863095783636, 61.809658457785176, 68.2376843752116, 72.58041042676076, 75.85935129990399, 77.64433406197631, 79.74829473269452, 76.18986997527078, 71.25072791622354, 68.6043529203968, 64.90808922226279, 64.09302885810743, 66.57961738479229, 70.44647415059835, 73.02163185042494, 94.26540889261334, 95.13416993152231, 100.39815914343933, 103.21550078577566, 112.76134459942489, 116.81269160337585, 120.08871479437346, 106.39043001357736, 105.49876665384957, 99.52161819239168, 85.58914173029166, 73.5922190137644, 65.5656803581127, 57.92668748093835, 55.19123194481144], [55.48613911447839, 62.54655602774929, 71.12814236127716, 78.90118894865002, 72.05244155362512, 63.5523081847776, 56.36519979520613, 17.11247713816854, 9.13994254789498, 0.0, 8.979541608929543, 19.066580331831762, 13.311839767103493, 10.666100742347268, 13.096144347095867, 52.25643390383227, 61.47251299024326, 69.03308599627742, 78.98741581489452, 86.52060176156225, 87.34674994564702, 77.91674185717287, 69.0206057147944, 60.47071870329138, 52.06937620989529, 17.817439814029232, 14.152100854130671, 14.581797809812276, 21.349074758041716, 28.849307403217654, 24.746439963390568, 16.57650529773794, 9.955399101225124, 7.4763738089474225, 14.08309129182457, 40.980825074030264, 43.79628535979094, 49.8775607900512, 60.24103902957432, 63.079234978225486, 61.95015930535053, 57.3917230631856, 51.15555063736201, 39.784296603307766, 35.25824264324407, 27.779008370598294, 23.854662461549566, 86.88813457084504, 79.37861095211056, 73.64474183701327, 69.57831597546998, 66.57123053834678, 64.4264928011778, 65.35286183472951, 72.29641571414427, 77.31187292764434, 81.38636139921805, 84.03535773388272, 86.88353828619917, 83.45741482847727, 77.82626136226858, 74.35660526673627, 69.8416654280776, 68.2029186855495, 71.40672924342502, 76.17194257052438, 79.56361390630101, 101.85550927279657, 103.70321333384445, 109.28407444915722, 111.98694596915583, 121.31491542787046, 124.77035623765866, 127.31116087564908, 111.62500387762039, 109.07359400542049, 101.62126891160835, 86.11889944239495, 73.17747025480118, 63.679019214449156, 54.339537720092814, 49.57455035222752], [63.57167570145569, 70.78741337026376, 79.27232915076013, 86.61997020928514, 79.84648513239814, 71.36161603013572, 64.09059500201721, 23.731276145107202, 16.66606701759596, 8.979541608929543, 0.0, 10.857034848410914, 7.533520474708423, 11.824343716449466, 18.210471823204305, 61.15650129861152, 70.26407926945919, 77.68123922978712, 87.35962730402701, 94.54553852141932, 95.2738530174394, 86.3097206179223, 77.60445298394119, 69.12354697816683, 60.77144528053294, 26.26156393641637, 20.882889795399365, 17.309658979459098, 18.735914736642965, 22.75343033867127, 17.82086246948674, 12.66001934575698, 12.837185937636136, 15.273124471368584, 22.896269572823122, 49.66124279641024, 51.66797848783868, 56.86467975724298, 66.20787939595185, 68.19646792481272, 66.54067555965287, 61.1139401080161, 53.84240278661116, 42.29010840826336, 40.74644296483757, 34.91382569174517, 32.580642154472784, 90.94762126134582, 83.39955405543878, 77.40332972558903, 72.4254259179029, 68.63868480595966, 65.16031393130878, 64.76202607363943, 72.47880736701771, 78.40754743268243, 83.33977000364987, 86.94061227449748, 90.35072238575268, 87.17389637761696, 81.1847856127014, 76.90428878569308, 71.4859506211793, 68.52735942060234, 72.79970392292468, 78.5797407033533, 82.7712448997848, 109.08986566328191, 110.15509728371099, 114.82642480442625, 116.55866553916306, 125.24831031797905, 127.64245282464364, 129.09073351895296, 111.97713037453714, 106.83398551880587, 97.68082049229378, 80.794021656144, 67.10442533025581, 56.6856548214475, 47.104615002319626, 43.65687777248706], [70.20236688931604, 77.65396293617881, 85.86223413711483, 92.31739497909813, 85.77368832360264, 77.42723352692546, 70.07991693804513, 29.932462075408846, 24.54168332015367, 19.066580331831762, 10.857034848410914, 0.0, 8.571481234765317, 16.84495451704732, 23.85083842048864, 69.94468896526749, 78.64648351481435, 85.66844783970689, 94.630453963026, 101.0270047202767, 101.47281101839911, 93.494607429792, 85.26647144335463, 76.99537054851258, 68.83296890086856, 36.77016469699019, 31.53487058556667, 26.868842085363557, 23.65307877610841, 20.969617110581943, 16.09978129106523, 18.576475404553793, 23.095759896335473, 25.9285153176006, 33.13340755201223, 57.94890244486704, 58.97638962191855, 63.28644945677443, 70.57290645759325, 71.8864728059896, 70.45271162376228, 64.54171591666315, 55.92604103375536, 44.37047278120707, 46.60144804954627, 42.06056112885505, 41.51772929797982, 92.32050140218765, 85.2452699185962, 79.40000410037534, 73.83321643753565, 69.3672846199018, 64.39746558200258, 62.1803457364582, 70.76909814994526, 77.64407576188412, 83.28213475412389, 87.67074970247985, 91.29303616350728, 88.43575588336931, 82.55276310178633, 77.70574007237823, 71.54691402689846, 67.05551108338342, 72.51146308114008, 79.15393993630265, 83.9037759871172, 114.34901134504337, 113.65142810336614, 116.78294680393833, 117.16581821392334, 125.07579328931959, 126.31823761611814, 126.61491987707241, 109.1771804150983, 100.7846531950504, 89.73944771985825, 71.58763489378883, 57.059090061610576, 46.01340916020965, 37.342471768908425, 38.840926414696796], [63.86473579920408, 71.29965782373667, 79.59479253428536, 86.33424383702639, 79.3627656389863, 70.86623563823193, 63.6240309243981, 22.93612770541865, 17.923283056052508, 13.311839767103493, 7.533520474708423, 8.571481234765317, 0.0, 8.704372312832959, 16.66196366250764, 63.39532166698078, 72.36409488408677, 79.69547541602935, 89.02475529755031, 95.7851052243609, 96.15937331043261, 87.58677823463117, 79.03339099790873, 70.55466234530756, 62.18753914043553, 30.870277560800293, 26.921910473331344, 24.631456651053707, 25.741127532451873, 27.14966514001285, 22.049841450160358, 19.718740283772544, 19.888163503201397, 20.517066909162747, 26.81563351309167, 50.739894909465335, 51.05541583605698, 55.07899290141506, 62.997854135635556, 64.26536251353056, 62.55115525311011, 56.769468960981094, 48.66924113565467, 37.060501954414164, 38.16347113849533, 33.858572323626554, 34.168425210445534, 85.94504220645732, 78.42925109823653, 72.37368881532555, 66.98093474567841, 62.83425841050763, 58.71391104889149, 57.72701903385694, 65.72108331062276, 71.9970260536637, 77.24622605262972, 81.27870666550163, 84.95309315575615, 81.95408153707065, 75.83798898233017, 71.18654822607242, 65.3922844139013, 61.83708041812612, 66.56329818042744, 72.76117596680572, 77.31143903794539, 110.38120247714075, 109.51245875262853, 112.5827327549738, 113.05080847470505, 120.82625648648313, 122.24441881554729, 122.98317071798121, 105.01861939370308, 99.37600257091862, 90.36491934743876, 73.89306721366931, 60.96265250787491, 51.716036219301735, 45.26045032988912, 46.48783015609502], [55.76057633112453, 63.18180016053594, 71.48021548197185, 78.3378609871813, 71.1329329950024, 62.573747306915934, 55.410011615246596, 14.759627128111603, 11.084650725722033, 10.666100742347268, 11.824343716449466, 16.84495451704732, 8.704372312832959, 0.0, 8.539871279855099, 55.64660060823986, 64.62294701259256, 72.04534810833931, 81.4605544527668, 88.35233965624384, 88.63387628025104, 79.77738737394083, 71.10669988995639, 62.559071348833726, 54.1346747508472, 25.733671253141264, 24.137456993904497, 24.98330836480455, 29.664115180823533, 33.64726461925007, 28.936154734777233, 24.05160077976784, 20.04406478705926, 17.21396553963897, 21.14608378264628, 42.46118042789075, 42.368524299544475, 46.54515048015703, 54.839306731414986, 56.59889265319176, 55.3539460247742, 50.23861796465823, 42.74813417696954, 31.015054935977993, 30.291861708213595, 25.246533193238335, 26.272909506245572, 79.14902823045927, 71.59035659761896, 65.70527209462549, 61.03583967601003, 57.54157133893593, 54.62042556404032, 54.94919293583616, 62.19842522811575, 67.62362203678857, 72.10143651909394, 75.32872441840716, 78.57426067281796, 75.36828876175925, 69.4933567562374, 65.49812490274222, 60.47938294481363, 58.15029926546396, 61.884401716514034, 67.19811049007406, 71.09371512053237, 103.81088268639765, 102.74748771575521, 105.93853373496228, 106.77821217605589, 114.77662765231776, 116.8362647903695, 118.40447390322699, 101.44381122086999, 98.51543412321818, 91.50975407235339, 76.82829972311647, 65.1360324517916, 57.39853709930851, 52.1252422569099, 53.12333240161436], [47.33232735497753, 54.79485161113728, 63.04868428795087, 69.85073909802796, 62.74920050358195, 54.225491137955345, 47.005007585330965, 6.338672259712282, 6.470486107061356, 13.096144347095867, 18.210471823204305, 23.85083842048864, 16.66196366250764, 8.539871279855099, 0.0, 48.16672990708629, 56.80968133902056, 64.01985417360166, 73.17751710071411, 79.91734951636774, 80.13901865784561, 71.4315349032193, 62.91834236326381, 54.47969411051168, 46.19252233966085, 22.880829227330924, 23.906991641402836, 27.088743857124147, 33.38414118748549, 38.5459516970203, 34.53616160179398, 28.90076509191099, 22.857817517351062, 17.488554129578123, 18.066992279983573, 34.91765872754923, 35.36175411523977, 40.524646273227674, 48.712402537579145, 51.68181009063507, 51.86406076954266, 48.01250985954849, 41.181795837665916, 29.61975451285545, 26.717290321026816, 19.344310090580567, 19.908398830400625, 74.25129167642143, 67.23640093730111, 62.02870153125764, 58.63138690493697, 56.030899455958654, 54.327793121930334, 55.55733392344782, 62.136975293654174, 66.68370343551808, 70.14820651516462, 72.22590689270163, 74.51176775740284, 71.07397522589203, 66.04176988232817, 63.13382034294958, 59.190673808904045, 58.01265382831653, 60.771748548669606, 64.90705229599807, 67.73009875462321, 95.52965970793005, 94.4751196923437, 98.17313017182921, 99.79314754348854, 108.52759541521124, 111.73915540736647, 114.45043419934007, 100.13650978385121, 99.05938572765561, 93.41242037235591, 80.07272036625238, 68.86680296310485, 61.95608117668826, 56.665717558881376, 57.16045959692743], [19.27082223019892, 20.192215341430988, 27.47344092658721, 38.33844332927597, 32.81314147583399, 27.310428222889474, 24.82317441576073, 42.22308089664984, 45.5729538259258, 52.25643390383227, 61.15650129861152, 69.94468896526749, 63.39532166698078, 55.64660060823986, 48.16672990708629, 0.0, 10.221426947238092, 19.051152469902288, 31.11223690276302, 41.31390483811331, 42.94533663755805, 29.845307110330765, 19.74387775018337, 11.848320719874017, 7.508328565995694, 38.1562574010052, 46.4002472423407, 54.95872189560118, 65.65193154478538, 76.12431885670574, 74.09434661250826, 64.84874588328015, 54.89640071283485, 47.85881829834632, 39.543357510186375, 15.400311262841214, 26.20253879445032, 36.169464794007126, 46.94960531361687, 55.53563759003155, 59.79640213507473, 62.82342991286794, 64.08981587141015, 59.09684982261922, 45.21734725920781, 36.692722396831826, 30.09891444957921, 77.65325095835243, 73.04751573971446, 71.22825681906431, 74.26743126431289, 76.47458823135831, 81.27851470652995, 87.39618729140875, 89.51266061895669, 89.0537562845931, 87.50804503691907, 83.82268190786412, 81.95452468213108, 77.7170010606209, 76.48417918797284, 79.0610568019487, 80.77046661754208, 85.726876810071, 83.12523620843267, 81.11319925721077, 78.61360403633662, 62.2531948789959, 69.95163657994176, 82.06302635476887, 91.73162434655765, 104.78789618978047, 115.22222704838225, 124.47263207013778, 120.55490909835498, 130.55730590865355, 131.21016343550596, 122.66879489086534, 113.26296701692267, 107.59936851173863, 99.72641590057097, 92.76552195194749], [18.979001471600398, 16.101193658775923, 20.93666094281249, 31.68061465613961, 28.035455663579466, 25.062494964669522, 24.9540722504147, 50.69694709642175, 54.472616116967785, 61.47251299024326, 70.26407926945919, 78.64648351481435, 72.36409488408677, 64.62294701259256, 56.80968133902056, 10.221426947238092, 0.0, 8.915377515394008, 21.171798655987594, 31.76896791220404, 33.68855270275387, 20.191633271993453, 10.54926410724089, 6.681268191681951, 11.755832031987953, 47.83267684296497, 55.872404786610545, 64.12161986544524, 74.26641609567383, 84.35839882349374, 82.65333397567406, 73.86782330133889, 64.2454498717307, 57.32620556489526, 49.16848536386987, 24.094472187480577, 33.28375264498024, 42.23980115265613, 50.541057978324545, 59.814392249557336, 65.40994492765608, 69.48644598283707, 71.15331085253864, 66.83952828123383, 53.68351991281672, 45.60644043972803, 39.712108573425674, 79.2167631939252, 75.92665748335368, 75.26789400340881, 79.51413307176969, 82.3678689603655, 87.69042087358437, 93.89672821688625, 95.55582848523254, 94.49975546497036, 92.12817518988984, 87.4348884908749, 84.43378350122993, 80.23586334080953, 80.29321183651841, 83.9112426732675, 86.4926252953261, 91.92570176130421, 88.81491566155687, 85.8676433975967, 82.33880421578222, 53.315870304301285, 62.534954222899785, 76.39948754936276, 87.81593085095483, 101.84863960592847, 113.90054307179155, 124.47492718100612, 124.04509833720033, 135.08785986588788, 136.54243096101604, 128.9104368782741, 119.77918525228586, 114.54972255346607, 106.70969565525412, 99.82868641626261], [22.24299941906579, 16.956024894629902, 18.103521410739543, 27.479998123403668, 26.439742714142454, 26.176620296146066, 27.8002135371477, 57.85046608809932, 61.84111983735687, 69.03308599627742, 77.68123922978712, 85.66844783970689, 79.69547541602935, 72.04534810833931, 64.01985417360166, 19.051152469902288, 8.915377515394008, 0.0, 12.44459988499128, 23.38281839767676, 25.741495733450027, 12.439714910262534, 6.372872637789178, 11.33920274245646, 19.24753351078322, 55.90450348654302, 63.71883860286082, 71.63595162721987, 81.20977417061994, 90.87562535557117, 89.47631683795085, 81.17075425552198, 71.90849314523028, 65.1299574374382, 57.16705599792329, 32.19930922401582, 40.61543473218297, 48.92703699433565, 55.18832388599282, 64.84818779836377, 71.45595751521395, 76.15900167097921, 77.86284864440164, 73.85529663150642, 61.43816984164737, 53.480426311062445, 47.866758119281485, 81.70762215059699, 79.60585697283547, 79.88673801914739, 84.96302444550446, 88.20273190021156, 93.7323060804518, 99.81470053511487, 101.25213588208383, 99.86378807611631, 96.93996622544817, 91.55040220009958, 87.63795982959117, 83.51715846308028, 84.64337380338648, 88.9917963728733, 92.13275323523474, 97.74564681410018, 94.39592556990668, 90.84963634706595, 86.59013577894908, 45.12067435680558, 56.04189471042086, 71.69753119023615, 84.74875972695004, 99.71807926169089, 113.19148445610297, 124.84781950756951, 127.59341956761605, 139.0507243694202, 140.92792989961657, 133.91180118803035, 124.88739575904161, 119.93463060168091, 112.01436945367944, 105.20230341689908], [28.530425488854984, 21.98670755292852, 18.111568324359986, 22.777336473911827, 26.070402391628598, 29.373824659111403, 32.76504640954801, 66.97578459652432, 71.42842224709375, 78.98741581489452, 87.35962730402701, 94.630453963026, 89.02475529755031, 81.4605544527668, 73.17751710071411, 31.11223690276302, 21.171798655987594, 12.44459988499128, 0.0, 11.209195564496406, 14.17145597493994, 5.599062996346174, 13.111568830882788, 21.45165119631953, 29.86342508341865, 66.98388800208961, 74.56444415605606, 82.07260352731677, 90.86972504351813, 99.71911119306932, 98.61368075952693, 91.09042096257622, 82.32624058855126, 75.62765240032059, 67.93884040689532, 42.862858605970565, 50.0839428319678, 57.46606117331719, 60.79912271867828, 70.76090166718207, 78.72196650938884, 84.16829885148488, 85.75906500486343, 82.20465972204651, 71.07391544208461, 63.41971542333539, 58.55465963460146, 83.7127085367024, 83.34143293112545, 84.92608408372574, 91.04695709796272, 94.7454828967258, 100.44679387140857, 106.24973195914575, 107.38041547905456, 105.57718533669463, 101.93948980974261, 95.6811807357261, 90.53886982760925, 86.59170510102118, 89.20793574021658, 94.48421327774328, 98.3308899569749, 104.08264603548383, 100.47451274996797, 96.1737527573465, 90.97879989695012, 33.56334682300944, 45.84309513347101, 63.63610539935895, 78.72678059517271, 94.81714633385575, 110.10435737671156, 123.13495884336554, 130.41029150690915, 142.28765254039365, 144.83409659811855, 138.90260885127879, 130.28095927128, 125.99630158984274, 118.49457401465607, 112.53814222469515], [34.81072004854593, 28.501332483222214, 22.43110633232489, 21.46481957946644, 28.236511574395195, 33.63484738231361, 37.735426552507825, 73.77307372174936, 78.64284518816362, 86.52060176156225, 94.54553852141932, 101.0270047202767, 95.7851052243609, 88.35233965624384, 79.91734951636774, 41.31390483811331, 31.76896791220404, 23.38281839767676, 11.209195564496406, 0.0, 4.5650590380845015, 13.005322167363135, 22.790446382296615, 30.87963825210203, 38.98386976250377, 75.84374182708447, 83.18914678378498, 90.29514958888574, 98.33268046579082, 106.2636575279573, 105.36459319771954, 98.66903158199125, 90.4193143049725, 83.78418234216261, 76.4139790090385, 51.5832812057441, 57.82925424754091, 64.48491626093794, 65.28520917789594, 75.31608488278758, 84.37576859674733, 90.2581566219243, 91.48175646906978, 88.20389609707702, 78.4762206677726, 71.07874589413476, 66.96466596833649, 84.61801508587513, 85.80271190527009, 88.46881152572041, 95.30852999015782, 99.2588438776704, 104.89102204567365, 110.248150175845, 111.21929594728637, 109.2009191402408, 105.07876484986625, 98.24236992777467, 92.10516534695275, 88.36801605969494, 92.24146764933442, 98.16634083322305, 102.46608870214884, 108.1232536476129, 104.46181259260378, 99.68105333974393, 93.82220866131512, 23.608836978699014, 35.71623361487128, 55.284256994968366, 72.0197976490188, 89.05156987492455, 105.78203095960883, 119.84302454956855, 131.19821591863257, 142.97446072365156, 145.965687359845, 141.0257791701001, 132.84695944922825, 129.28013820633194, 122.42904395534332, 117.71148227614768], [34.51682236370578, 28.222059417285777, 21.313029866343193, 18.279994483441644, 25.951448511682642, 32.124201535256375, 36.699076103286934, 73.98338698922414, 79.22938036387751, 87.34674994564702, 95.2738530174394, 101.47281101839911, 96.15937331043261, 88.63387628025104, 80.13901865784561, 42.94533663755805, 33.68855270275387, 25.741495733450027, 14.17145597493994, 4.5650590380845015, 0.0, 14.296820923991527, 24.06152441232043, 31.938336921021826, 39.89518719358892, 77.25824122087394, 84.67394391156064, 91.8140327849408, 99.82580133831303, 107.46431665178976, 106.43587101987316, 99.92646601580837, 91.696741228265, 84.92013709228092, 77.57022937352835, 52.185066254316, 57.53529389706254, 63.60764336410406, 63.29065886065053, 73.26243313668053, 82.70577491680136, 88.83028145326962, 90.07625439087347, 87.17515936562867, 78.02628960490891, 71.07237836401876, 67.7157532429248, 81.28012202672733, 82.93030683499472, 85.97421388713693, 93.11584698866916, 97.22503414432845, 102.95793839280527, 108.297140121713, 109.04285641242551, 106.8237095052368, 102.46202759926514, 95.38878346375411, 88.94554249467993, 85.28613638429208, 89.56540596812467, 95.75313617698362, 100.29748613547083, 106.0514319260149, 102.2450008990159, 97.20240767569554, 91.08010308529909, 23.93222122254257, 32.24779561483734, 51.05547878352722, 67.68119273207019, 84.63013796016952, 101.48217550410185, 115.72107888693925, 127.88084154960869, 140.05360360871785, 143.55828499481032, 139.2726746219385, 131.61682308655907, 128.61592860439217, 122.59807333498262, 118.93304602715155], [25.339507134524645, 18.185657873319105, 13.164405597514877, 18.306870217030248, 20.991968444538045, 24.79300063151756, 28.972796027713898, 65.14953419264393, 70.07637558811601, 77.91674185717287, 86.3097206179223, 93.494607429792, 87.58677823463117, 79.77738737394083, 71.4315349032193, 29.845307110330765, 20.191633271993453, 12.439714910262534, 5.599062996346174, 13.005322167363135, 14.296820923991527, 0.0, 10.327312555475121, 19.03694765423796, 27.639471745706054, 66.24340747163748, 74.07453930073109, 81.83886544360385, 90.94362876624558, 99.73546115780599, 98.33623794651254, 90.73525543083446, 81.7545057376202, 74.77472534009371, 66.94326649927224, 40.48454505959397, 46.537137612289115, 53.24892704475703, 55.939970187542336, 65.85463090452035, 73.97895346787321, 79.72098114493528, 81.62678612283669, 78.62836293041352, 67.7010037121805, 60.70164732216196, 56.81739472696558, 78.51942908298375, 78.15907372366682, 79.87596048569964, 86.23556168933625, 90.1400618434948, 96.12666605981696, 102.17904901434761, 102.96791305913422, 100.87574158506601, 97.01262439932647, 90.56617944146765, 85.35944882152474, 81.42500119672208, 84.13268874026731, 89.60117427561946, 93.70634945547609, 99.74429739726007, 95.85481538309992, 91.2740462487325, 85.89665180824676, 36.46581472284382, 45.26325808758201, 61.314775667822296, 75.52191301985043, 91.00899152734988, 105.86845093822012, 118.76483683078621, 125.5310970911912, 138.24357798473767, 141.47689285651447, 136.18003785115874, 128.20060497725868, 124.50262624689329, 118.01821343635964, 113.15730341436536], [18.292651297842063, 11.799937200033098, 12.140110085002073, 22.142344093710427, 20.297083751025, 20.42766749066148, 23.078229978131468, 56.631224152618145, 61.3549562337294, 69.0206057147944, 77.60445298394119, 85.26647144335463, 79.03339099790873, 71.10669988995639, 62.91834236326381, 19.74387775018337, 10.54926410724089, 6.372872637789178, 13.111568830882788, 22.790446382296615, 24.06152441232043, 10.327312555475121, 0.0, 8.968844379574994, 17.7339376906482, 56.74131668768543, 64.78534051478748, 72.87522718045457, 82.56564566586954, 91.8787605769207, 90.19660250573078, 82.05389367167037, 72.694417941732, 65.58518027419838, 57.54312417779449, 30.68235923284404, 37.418912143155445, 44.897273010661515, 49.90105426681618, 59.65332701642808, 66.77389678093347, 71.92578741422336, 73.855750720651, 70.49154249552232, 58.62527536822811, 51.43661436215173, 47.24923036222861, 75.65139305534402, 73.82497006852375, 74.45054136335558, 79.94718000768901, 83.46620233700159, 89.29274245042964, 95.54991462451244, 96.607200360981, 94.87824048738366, 91.61822194578588, 85.91078856538954, 81.73149855960227, 77.63993585933719, 79.10189628270844, 83.79406764231041, 87.30589324074981, 93.20794878847222, 89.54970490783677, 85.60613812274772, 81.01279444490798, 45.56938272284176, 53.252853600396044, 67.32488667415568, 79.62071462482864, 94.10491792512222, 107.32470617978821, 118.98414104625235, 121.92898703405336, 134.19697408525255, 136.87529539894533, 130.7381861893003, 122.49588949799492, 118.35658982896169, 111.73428435969124, 106.51409192053717], [12.83306620333788, 9.719130497271296, 15.789081966490171, 26.718482473881952, 22.032680428220733, 18.418017673877447, 18.505144455507665, 48.21135227569798, 52.854936415068444, 60.47071870329138, 69.12354697816683, 76.99537054851258, 70.55466234530756, 62.559071348833726, 54.47969411051168, 11.848320719874017, 6.681268191681951, 11.33920274245646, 21.45165119631953, 30.87963825210203, 31.938336921021826, 19.03694765423796, 8.968844379574994, 0.0, 8.774682292712084, 48.17976639290698, 56.35394942139167, 64.6219724939535, 74.63213298094993, 84.11958583116777, 82.18798719331228, 73.79881847574066, 64.24362691815442, 57.001873692454296, 48.872632691234145, 21.749174051113894, 29.355160824036957, 37.81342645775192, 44.70910963208234, 54.23735867300389, 60.55851346903506, 64.98915951287597, 66.54167358213465, 62.615425637155916, 50.27375283879293, 42.72098547627627, 38.355067675610066, 72.79122847892168, 69.82023895482047, 69.50036301040232, 74.09490637619751, 77.1262627521321, 82.5613930070259, 88.74827333346494, 90.20520711809365, 88.96987135603017, 86.36438460039025, 81.44579942734742, 78.16227391842843, 73.97826398035362, 74.39152331531882, 78.28402340805164, 81.1187108588127, 86.6545292483004, 83.40128224508412, 80.18886413292148, 76.39178019230282, 52.77438788186771, 58.9626380531934, 71.27722888074483, 81.87251993659322, 95.53898792125975, 107.30722547044606, 117.80375824986287, 117.77355234065976, 129.11426641122523, 131.10564170568574, 124.21700200100162, 115.7372836075354, 111.29129967624075, 104.71426541509001, 99.61076913988774], [12.007300783349018, 14.132789652077681, 22.313163428231196, 32.78646129854636, 26.536088740474508, 20.245904413537296, 17.330097829431462, 39.970326313098845, 44.5073895398341, 52.06937620989529, 60.77144528053294, 68.83296890086856, 62.18753914043553, 54.1346747508472, 46.19252233966085, 7.508328565995694, 11.755832031987953, 19.24753351078322, 29.86342508341865, 38.98386976250377, 39.89518719358892, 27.639471745706054, 17.7339376906482, 8.774682292712084, 0.0, 39.92027862178654, 48.209052919203444, 56.632547660467715, 66.93125000288862, 76.53061637234536, 74.33075891332041, 65.73050007452123, 56.00266251121335, 48.61576527859993, 40.42174911731052, 13.07094627524484, 22.22808863883121, 31.939227639158624, 40.89869056556648, 49.95822069390976, 55.31045877090233, 58.81572630230341, 59.80599067195731, 55.150620258244146, 42.372119842876906, 34.266541596725794, 29.622141022684957, 70.8964501360831, 66.80589438802023, 65.48393821054079, 69.01598531235503, 71.44679103924086, 76.34845868596936, 82.36236799852783, 84.30354485256662, 83.66035109480157, 81.8076553667525, 77.79644403836329, 75.47537093617765, 71.24556133577157, 70.55989719735132, 73.52922470012625, 75.56302861872021, 80.60011140110765, 77.86436902066048, 75.5141963672242, 72.62824168414214, 59.99569679846529, 64.91339049278179, 75.62812096036483, 84.60199911151523, 97.43143661516987, 107.747906522286, 117.0433988746045, 114.11044128598579, 124.31342437598838, 125.51471120295083, 117.81779069653014, 109.07172271620963, 104.29664007313666, 97.77663269974535, 92.86603638718039], [46.54688608306877, 52.524184723834686, 61.238155854512875, 70.50519130405193, 63.726346448209355, 55.522722451557705, 49.022805063430695, 21.545115980611868, 17.091061288816004, 17.817439814029232, 26.26156393641637, 36.77016469699019, 30.870277560800293, 25.733671253141264, 22.880829227330924, 38.1562574010052, 47.83267684296497, 55.90450348654302, 66.98388800208961, 75.84374182708447, 77.25824122087394, 66.24340747163748, 56.74131668768543, 48.17976639290698, 39.92027862178654, 0.0, 8.63296185379421, 17.847877565825353, 30.00249304814028, 41.62089741176423, 38.74939331629833, 27.985687578173955, 17.341112860188353, 11.060976581835847, 4.836270668012803, 29.7352212983115, 36.00423580052883, 44.28363693950772, 57.71845062097019, 62.16700469755652, 61.451378905517664, 58.69784907984086, 55.4877100618018, 45.82512001212822, 34.851565573170454, 25.0611891964486, 14.720542061755333, 88.13727708714515, 80.58393575081637, 7