{
	"dissimilarities": [[0.0, 7.6771931759151375, 14.702537323261552, 22.667030155138114, 16.463056310861386, 10.384152578448228, 6.342287390204499, 42.25238619028252, 47.03175421222768, 56.42372848706351, 64.69641235174987, 72.65877752825295, 65.11263024856572, 56.883574470995796, 48.43946020132811, 19.499882289855346, 18.34239380562052, 19.45026101695823, 25.977829221335814, 32.03699422288993, 31.42779304017648, 21.2331265167556, 14.288775677749756, 9.898866039067157, 11.800850136670878, 46.766133889761846, 55.69404089716893, 64.80666862481978, 73.76093588106853, 81.67371403568163, 78.21280606408014, 71.87984881791928, 63.96075243917747, 55.31079880704435, 47.538093677246685, 20.077129365889963, 25.14952658259575, 35.76410597971735, 37.35588860393152, 43.91514267808816, 52.652536995762496, 57.30326965777384, 58.253053339557916, 56.375580611717645, 47.45508611230895, 37.4006799466295, 35.33661639083566, 59.688306760482696, 54.316809071108835, 56.85965949104178, 61.327864626839144, 64.80039081005118, 68.65936058840725, 78.93897308759823, 84.76611995689527, 84.09101673612984, 82.71395125029417, 78.94322373537094, 71.88871375961719, 59.28157602624014, 59.443593730035076, 64.34410450081558, 68.10216688759368, 77.5321962806753, 77.91721874632486, 74.75746786569587, 71.94546442659896, 50.84710082622054, 57.24300071049451, 65.781367456116, 72.32290549960936, 85.97131542944693, 102.7115946622028, 107.68569919749532, 110.08436378417052, 117.78924224404294, 123.5935418697453, 116.18993399244629, 109.8939539639216, 105.59164958276334, 98.78235847651847, 95.64290054160085], [7.6771931759151375, 0.0, 7.697669412831719, 17.31579567546005, 12.275814391736663, 9.491583817040071, 11.266176443387037, 49.73487997096871, 54.393131230644464, 63.617727284043234, 71.96799778707009, 80.16064241892744, 72.56164338467593, 64.30474923365621, 55.908581554085316, 21.958288499195152, 17.165036974609286, 14.836542430100248, 19.62638582853871, 25.570997160866625, 24.892956922970587, 14.089727617920582, 8.676871552774134, 9.825633006837727, 15.12612607893313, 52.95587718732452, 62.042814292281626, 71.28411698373674, 80.51065320799762, 88.69316465356954, 85.3437960541709, 78.75247233608125, 70.6320489957674, 62.06073308993174, 54.10428664979743, 25.614524079566674, 30.390572460540653, 39.88846990122298, 40.94906502536805, 47.75350827309539, 56.99563562741366, 62.303522388237774, 64.19543609013319, 62.892688155470424, 53.41412557140923, 44.1912051105325, 41.99199266747589, 61.956475769371, 57.50196404786603, 60.78064565366146, 65.99929862429337, 70.11738795459145, 74.58758025605556, 85.5563870695366, 90.45504779576648, 89.07937634145082, 87.048757127891, 82.48151522602626, 74.70153575349671, 62.01222605475931, 63.226050867488546, 69.01062953376531, 73.49374937989614, 83.99067670606522, 83.23971185418168, 79.33694526297212, 75.74526640824405, 45.97717012371911, 53.91892508284743, 63.91961727262747, 71.6843687046744, 86.03769495487059, 104.00286923061034, 109.99549403592364, 114.05421659061048, 123.33127097405027, 129.97307827851762, 123.2083606683119, 117.14190206114164, 113.02653697662983, 106.10298459747607, 102.37682838406197], [14.702537323261552, 7.697669412831719, 0.0, 10.445150546275814, 8.449469844450242, 11.257994467188814, 16.39087983401367, 56.9216926875027, 61.72958147408268, 71.07566568250495, 79.36730364393978, 87.26880615425493, 79.80360756239342, 71.56452789090943, 63.121975280172805, 29.004502775483623, 22.67207295505925, 17.363515079173744, 17.36812144039654, 20.5171645096717, 18.909594431932224, 11.293373427153156, 11.72301296474051, 16.783729441627745, 22.61086636038535, 60.649377847381615, 69.71277959938385, 78.87847048544658, 87.94309555005724, 95.83282989192138, 92.61964906860541, 86.2502723310457, 78.24268695967525, 69.69002945045409, 61.77311405339988, 33.11116403769583, 36.83474238995219, 44.83853390177642, 43.83659358277084, 50.58955682894108, 60.79047074675324, 66.70759036061436, 69.19586916250076, 68.6046661240958, 59.618516381017756, 51.30247774723292, 49.5761713469117, 61.635326061849675, 58.97232303648843, 63.349300744502656, 69.41442537112299, 74.13858791188291, 79.05211024074472, 90.1535656712947, 94.02793539784943, 92.01270449891204, 89.26176293612957, 83.77290597804097, 74.9792193055313, 62.275145329894244, 65.20941570381068, 72.11947289719825, 77.25935349962435, 88.42303956705656, 86.47325495743242, 81.8214312028539, 77.28933538819875, 41.10906318547172, 48.30427261074568, 58.80700720293415, 67.47990568886485, 82.44675458184007, 101.52326855475236, 108.70311925895544, 115.26226639732756, 125.88052184458216, 133.33916612222671, 127.56551280283492, 121.97688041738665, 118.4934283657917, 112.21739639462281, 109.05077217278499], [22.667030155138114, 17.31579567546005, 10.445150546275814, 0.0, 9.186256363388516, 16.09403153829244, 22.196928643766505, 63.545143863013365, 68.70260394691267, 78.37931019395124, 86.42680320239401, 93.44370371923095, 86.35958681032875, 78.24555369653304, 69.73852916906654, 39.19697119533604, 33.066429836263254, 27.03027269042815, 23.247426643457853, 20.898026234761744, 17.35615292727153, 18.52416283841759, 21.961020691138835, 26.965437043490947, 32.40415375877173, 69.4192962068786, 78.27789694658377, 87.15174176600382, 95.58415330749332, 102.55493212597084, 99.51278406440512, 93.89743321138943, 86.34947095745318, 77.77858321400753, 70.13956471153061, 42.00603325088119, 44.235595040602774, 50.5095564281509, 45.93077629755129, 52.21390916980494, 63.79761102740461, 70.2049648528859, 72.86203964218265, 73.12905281466851, 65.79712478427702, 58.487241546853525, 57.75653292582713, 57.8797900033469, 58.26878528356748, 64.17477049321583, 71.15025007218614, 76.39011564917394, 81.50560359693652, 91.98811911029593, 94.70135945735018, 92.14282879105221, 88.60763537251559, 82.06255281396332, 71.88389445049071, 59.296754980674756, 64.87129866443844, 73.16428243115851, 78.83692143835643, 90.09820179350677, 86.88608773243452, 81.50563354676595, 75.84365550408633, 37.54321226822908, 39.63357429165466, 48.95618587893887, 58.13497680189349, 73.72518636301292, 93.83220367099479, 102.46774884207312, 112.68570167915131, 124.27211416077755, 132.47579074959464, 128.14788617939732, 123.36319083163846, 121.06328784199314, 116.35933078432967, 115.08010958755695], [16.463056310861386, 12.275814391736663, 8.449469844450242, 9.186256363388516, 0.0, 7.601789424792556, 14.709593405888075, 56.49815637348381, 61.91550373806387, 71.62809862309113, 79.74313950361656, 87.05347754539679, 79.39814015912012, 71.12365319746407, 62.74188569057644, 33.22291489945244, 28.75755296159923, 25.06462801555335, 25.644416821434913, 27.097256193672344, 24.46083376924254, 19.470118479424695, 18.892418390975465, 21.61487715570833, 26.098256982811247, 62.64556034887032, 71.69553182476845, 80.94354314234396, 89.76495518005794, 97.18435553119329, 93.66194181076668, 87.71739021148102, 79.88603230667515, 71.03928616756205, 63.300757448123555, 34.38912830154611, 35.42548348036233, 41.32869846875617, 37.55793275094618, 44.08601850294078, 55.165961204160844, 61.49557061274983, 64.36947686722849, 64.6665679538197, 56.8708941841361, 50.26805716998938, 50.263517590920095, 53.360386750756966, 51.40196121458455, 56.47266925997627, 63.09777543811304, 68.24954536954635, 73.50748993585987, 84.8588302783978, 87.61656259383462, 85.09467736497247, 81.89841943898118, 75.95998451486193, 66.80986835017747, 54.14271035487962, 57.849934992909745, 65.47503390735895, 71.07126332414569, 82.9255302052685, 79.80686502553174, 74.64544567075596, 69.60602427070054, 45.76855532279792, 47.80890459119926, 54.606990773965315, 61.63744104950394, 75.35086641673763, 93.94962073156161, 100.6950908498739, 107.3761938658707, 119.0205422470818, 127.65363296333614, 123.19122375546873, 118.5614149586637, 116.27068707012192, 111.88422048875339, 110.8362346764833], [10.384152578448228, 9.491583817040071, 11.257994467188814, 16.09403153829244, 7.601789424792556, 0.0, 7.445663901155225, 49.058766381618376, 54.5119326945139, 64.2103046177644, 72.34372000396824, 79.81274415280492, 71.97040743157217, 63.652578725821414, 55.30966055332794, 27.659881622601407, 25.182043760881857, 23.97615748438406, 27.79129803552676, 31.505765350651583, 29.611776149333092, 21.645673767630957, 17.592029515060393, 17.105361387168234, 20.183369936340164, 55.395172736851414, 64.43558188605607, 73.75308659726566, 82.65849004002618, 90.25258823846097, 86.53359751652808, 80.47137550099163, 72.58225559850882, 63.65803263688997, 55.94254351420692, 27.220907104551678, 28.2398362500764, 35.21574779403693, 33.02920102529596, 39.71075971584378, 50.04641568580642, 55.856041930046494, 58.18235445609396, 57.913896880864954, 49.8213484385399, 42.69456876111112, 42.75803296907568, 52.505096317801225, 48.5368292653295, 52.50730857389723, 58.3443345745747, 62.950860818649474, 67.83135307464052, 79.15763558423745, 82.8332101113135, 80.9112322318626, 78.41973497717777, 73.41073941643346, 65.31848516397251, 52.62362752972966, 54.48072216490575, 61.021876550659584, 66.01705077900199, 77.35205824882321, 75.30757049989604, 70.85782621842014, 66.7619465550338, 50.53794410946439, 53.27710432335817, 59.45738000515984, 65.38954535516746, 78.29078293984682, 95.59327494204426, 100.99743097857895, 104.9915681157954, 115.3647392507889, 123.33049905387925, 118.03496024940777, 113.06338110136122, 110.33079074834332, 105.63248722935909, 104.43622476269857], [6.342287390204499, 11.266176443387037, 16.39087983401367, 22.196928643766505, 14.709593405888075, 7.445663901155225, 0.0, 41.81680951050931, 47.20764296365277, 56.9436990450282, 65.03749281509423, 72.4469269646224, 64.73510552451579, 56.466031709903696, 48.06116894128675, 24.071429625521645, 23.936227232087287, 24.98195156890786, 30.67217556296739, 35.47202857440662, 34.1315898708626, 25.280319970795563, 19.21492584714378, 15.421140859771757, 16.364649702373406, 48.721729578949265, 57.566070635897155, 66.69391660716357, 75.37960321931894, 82.83714356121699, 79.12029501932689, 73.19484561772346, 65.47255045174242, 56.593087317605715, 49.037605428280706, 21.677893477302124, 23.652225678496496, 32.5171936241324, 31.854260863527845, 38.332671518368805, 47.83437328776981, 52.798097485606455, 53.97477567051827, 52.79543247205831, 44.908886370327885, 36.36530509901988, 36.083969931649264, 53.35753121501719, 48.22014889143604, 51.167377970855625, 56.00821728330152, 59.77875276913847, 63.88990585727028, 74.39619257607539, 79.44719166065218, 78.44548869558537, 76.79723373063806, 72.7803311952466, 65.5608678710736, 52.94192922443504, 53.4405005358764, 58.79766180068273, 62.86179112972584, 72.82532116731159, 72.38874060994672, 68.90205708558848, 65.8025298076875, 53.6717266017222, 56.82800082423871, 62.90948528028988, 68.20877936769001, 80.86792084648748, 97.09099500641291, 101.62943873434699, 103.92299619747585, 112.281807277728, 118.9564461956692, 112.54005372777374, 106.99521737640933, 103.66406675500724, 98.44242298527386, 97.12690034702588], [42.25238619028252, 49.73487997096871, 56.9216926875027, 63.545143863013365, 56.49815637348381, 49.058766381618376, 41.81680951050931, 0.0, 6.697619881791218, 16.429394088040556, 23.772777476659535, 31.399303219196025, 22.94806521319708, 14.709115580832385, 6.254627948645227, 39.34071104310146, 48.28683970806196, 55.716196916041206, 65.25013990518507, 72.49123131345246, 72.51537334560442, 62.050953778107235, 53.475188148575164, 45.01392876164615, 39.04654104099924, 20.295743650012387, 24.081444826206152, 30.753841521254383, 37.56796703589175, 44.61661446068344, 39.48933004352206, 34.204224257281936, 27.993565012606684, 19.748996138495876, 16.69791219074325, 28.9792318400742, 30.112589293401275, 38.13064549763234, 45.54825613256983, 47.63079934844476, 47.58057401507709, 45.56638949699092, 39.3055950237929, 31.552991369659214, 28.156905833298943, 14.898030707697817, 14.434506882510885, 69.98328853145678, 59.15607070335823, 55.37105166123921, 52.904446860867196, 50.51587175405024, 48.856622380109705, 53.335463956069354, 66.25694599914797, 70.67828939474634, 74.28685423280544, 76.7042962428411, 76.16683140854354, 66.985697159955, 59.245423523125986, 56.01117414939132, 53.51759621968597, 53.58935141224212, 63.31225752438131, 66.15563744300111, 69.58034425460923, 87.6264769292127, 91.27308731161739, 94.87570699034052, 96.17342811022644, 105.01808376217494, 114.22193349321302, 112.67775290261572, 102.40506515774679, 99.9021811576651, 99.71280898070424, 86.9050652695352, 78.4520514714747, 71.34278848995233, 63.50684807330991, 62.14317119393996], [47.03175421222768, 54.393131230644464, 61.72958147408268, 68.70260394691267, 61.91550373806387, 54.5119326945139, 47.20764296365277, 6.697619881791218, 0.0, 10.081840453366885, 17.836323370510133, 26.513752127558803, 18.47521343153137, 10.890712478645877, 4.33164868546019, 42.31811468525168, 51.43290329776683, 59.12515261847723, 68.77368242644138, 76.30800927526109, 76.63759550952959, 66.06371215405154, 57.48082950955142, 49.00589466666035, 42.93960527575917, 17.259249887269693, 18.731308956008544, 24.31231219960835, 30.887335854082494, 38.4153622984987, 33.25377991863862, 27.580776965693786, 21.54869524609102, 13.884831763758678, 12.983566828210382, 33.091856690839954, 35.47229151258737, 43.818635947258855, 52.09496002341821, 54.11173970627539, 53.390226636768475, 50.85314187132201, 44.186413887833346, 35.892105351945546, 32.63263613528342, 19.764389242639147, 17.005054126430146, 76.52703805672459, 65.64347211064432, 61.538151303202355, 58.576591664767314, 55.66421394902372, 53.368328526182864, 56.59774409476138, 70.49863564207988, 75.54514248158137, 79.65627612538007, 82.59284615694777, 82.45806747601713, 73.49001200805635, 65.49734197498185, 61.68990947592154, 58.617847092885945, 57.2014334749408, 68.17998912092443, 71.64740277453605, 75.55017469924177, 90.9637686542138, 95.77506037771056, 100.22736864082037, 101.85998315849386, 111.02416231985747, 120.04163763907634, 118.38263838172747, 107.47748348466001, 103.40897830963881, 101.67730011776561, 87.41761484580016, 77.99514749640277, 69.47792595966419, 59.609029854240184, 56.338189477911364], [56.42372848706351, 63.617727284043234, 71.07566568250495, 78.37931019395124, 71.62809862309113, 64.2103046177644, 56.9436990450282, 16.429394088040556, 10.081840453366885, 0.0, 8.58286406076206, 19.604554915671255, 12.010769084764473, 8.396170294035372, 11.28389534071058, 49.72859299505898, 59.08802055066088, 67.15627867333552, 77.07439049365888, 85.00046477925434, 85.59927262646877, 74.72402651098024, 66.06544611343219, 57.57536169365623, 51.37120629613279, 18.23282924213272, 14.292468366484249, 16.319552112508173, 21.98026168351808, 30.44298198222806, 24.580818525403508, 18.04767243681223, 12.82278741651358, 8.391469328807382, 13.946932859781393, 41.37686233523893, 43.91205889037829, 51.540067407669255, 60.88897249718663, 62.46227029632699, 60.22310720597984, 56.6842323133523, 49.436265687000926, 40.57049396607304, 38.05350792900857, 27.34805347445681, 24.249078744969715, 85.38194843527552, 73.90781695299279, 68.96401497051357, 64.98731161391646, 61.16750105679954, 57.927532406459335, 59.68410522029358, 74.65201471274051, 80.55280206848457, 85.51570817413442, 89.48070885067426, 90.4316531296987, 82.12106878259324, 73.16379970659361, 68.1284371801377, 64.0937346137475, 60.748517586308296, 73.34841292915418, 77.82665345132243, 82.69293519773318, 99.40617787717366, 105.15076358297142, 109.94091253105796, 111.45881437164216, 120.33304581950023, 128.52071675194853, 126.03924556683434, 112.95423997387145, 106.8410526710557, 103.37146903302904, 87.43080358253638, 77.10354822467167, 66.99035283795632, 55.07346840655509, 49.65336959628088], [64.69641235174987, 71.96799778707009, 79.36730364393978, 86.42680320239401, 79.74313950361656, 72.34372000396824, 65.03749281509423, 23.772777476659535, 17.836323370510133, 8.58286406076206, 0.0, 12.154985791635507, 7.361169361005425, 11.225785084038664, 17.8233321170411, 58.28260309836431, 67.61383985507986, 75.6322267251164, 85.4075505855567, 93.15643589999574, 93.73670292580033, 83.14237615185057, 74.55269994168037, 66.08868922396046, 59.91964455830249, 25.80615695714061, 19.539937042504615, 16.730656828699253, 17.628468800419224, 24.131879445912812, 17.51568357734077, 13.137570248028553, 13.067236469113197, 14.49470838430018, 21.869856678224732, 49.90455890100431, 51.91509490394216, 58.604966036815945, 67.45856069353395, 68.41637815687517, 65.36498574003265, 61.00406564720664, 52.883798552161416, 43.83286960406496, 43.54523297525619, 34.806410205558976, 32.67967595112242, 90.57561508165549, 79.18710998117785, 73.78231440842168, 68.9962069579744, 64.32271530790288, 59.99499704867716, 59.47979037562776, 75.46593459852413, 82.31517350276773, 88.0513439103858, 92.91703300557226, 94.70914722560255, 87.14506910823003, 77.77241801933837, 71.81972564081428, 66.79794936450071, 61.00200843385596, 75.19089690150214, 80.67674306662084, 86.34848504054298, 106.8901339121029, 112.03350303876637, 116.20212062213028, 117.0980796173668, 125.3410082515261, 132.3286114116684, 129.01090143197678, 114.44212829787082, 105.92068871455446, 100.63338836192088, 83.36857960245581, 72.42794346459215, 61.35150256477377, 48.81367690941075, 43.98887361824475], [72.65877752825295, 80.16064241892744, 87.26880615425493, 93.44370371923095, 87.05347754539679, 79.81274415280492, 72.4469269646224, 31.399303219196025, 26.513752127558803, 19.604554915671255, 12.154985791635507, 0.0, 10.94320111948291, 18.585462990076625, 25.35348955117571, 68.48626786791819, 77.498683131148, 85.01714974564705, 94.1276344846847, 101.04713190567965, 101.3630248083581, 91.8193279288519, 83.53467544986407, 75.20816612197751, 69.29212307328838, 37.59163446853374, 31.43181973685852, 26.686663672116524, 21.747325556316735, 20.439764889005893, 14.737224997995451, 18.76377546521739, 23.780141385664066, 26.482421304117057, 33.47248424340222, 59.58293310301888, 60.82435010716636, 66.55330687068499, 73.24185671685554, 73.39669904757821, 70.38003675569637, 65.3995596939418, 56.022190883206385, 47.23465244102565, 50.72986540530718, 43.581260827109546, 42.884088641455186, 92.86620013085981, 82.64711659028181, 77.30251962986071, 71.94443004833995, 66.42127928040372, 60.66935500544933, 56.120807617191126, 73.39759474561649, 81.52991693020635, 88.02857671012738, 93.69205745598362, 96.0006841265784, 89.38166396479143, 80.44622797501718, 73.95451503564416, 67.80639298071137, 58.23981206429205, 74.3727809897847, 81.01473766132538, 87.33121979656693, 113.2734908501038, 116.23361032165326, 118.85101694335648, 118.60690512377674, 125.90471318592039, 131.13248585281627, 127.04845269112559, 112.1492933513755, 100.01228909606078, 91.98185114384901, 73.17045035968658, 61.44373223678202, 49.59842659583619, 37.842399489264956, 38.389526720490814], [65.11263024856572, 72.56164338467593, 79.80360756239342, 86.35958681032875, 79.39814015912012, 71.97040743157217, 64.73510552451579, 22.94806521319708, 18.47521343153137, 12.010769084764473, 7.361169361005425, 10.94320111948291, 0.0, 8.545209741657601, 16.70375735928429, 60.2192059362663, 69.61669772627378, 77.51890038441475, 87.24786414271384, 94.66916648799453, 94.90984469463167, 84.48846734185368, 75.85543001522821, 67.32865762923294, 61.164649634573564, 29.655626980426664, 25.00539988060709, 23.829548164984832, 24.410297043307338, 28.576369945227018, 21.928418804240177, 19.921098496801477, 19.932243285165995, 19.38150059406673, 25.390318741633276, 50.657713274183905, 51.04080102146639, 56.275354170507114, 64.07539765611922, 64.37534344504512, 60.827785881027324, 55.98496970529766, 47.24786373384122, 38.2359079575887, 40.15568825318069, 33.45200070620101, 33.58129789875844, 85.92185761733239, 74.46012795637509, 68.73744646262823, 63.472460013183415, 58.34688795812785, 53.489699514402886, 52.29155780931608, 68.4276201473487, 75.55558471427385, 81.58215027837991, 86.88143495339632, 89.25464409936883, 82.31602256845798, 72.53115872812043, 66.03384475909569, 60.510692157250396, 53.889185594958576, 68.4810349444249, 74.3775889170511, 80.47234177448263, 108.61895775642411, 111.95967214840404, 114.51526782426546, 114.36888441390357, 121.48664416820843, 127.46005362945436, 123.2999053466747, 107.57691603436291, 98.8313216814048, 94.0887332742028, 77.54478091406845, 67.44707007820354, 57.6841912167369, 48.31685486388792, 47.853837571068276], [56.883574470995796, 64.30474923365621, 71.56452789090943, 78.24555369653304, 71.12365319746407, 63.652578725821414, 56.466031709903696, 14.709115580832385, 10.890712478645877, 8.396170294035372, 11.225785084038664, 18.585462990076625, 8.545209741657601, 0.0, 8.585136220888053, 52.16616617273202, 61.57998054769931, 69.48333603073611, 79.33061672703218, 86.84482761800963, 87.02182709149143, 76.35944677951035, 67.65282971603024, 59.09421468144338, 52.90522626840902, 23.72812331752383, 21.66995475342533, 24.161023834147176, 28.281967770192704, 34.48209091572659, 28.21478491516528, 23.91941540325812, 20.28953807814444, 15.73755220531138, 19.290907641200352, 42.25308607044996, 42.557111421444866, 48.31618513263398, 56.44760506305982, 57.234415399407595, 54.38124040049969, 50.267505230673635, 42.26023764359085, 33.29280839765974, 33.29023823591916, 25.08309294996335, 25.366523829808887, 79.65570617503876, 67.98224712283582, 62.62438322833238, 58.08646824943904, 53.768334015599194, 50.00600340843416, 51.356909121728364, 66.38930973960692, 72.52381924163113, 77.77636421891307, 82.20392387118349, 83.80983425068214, 76.16828104957061, 66.64853936877398, 60.97645982520745, 56.41089137386301, 52.436300355699416, 65.34267359881122, 70.22459129065221, 75.55950847129165, 101.51712215909963, 105.07586210750272, 107.92173801377287, 108.19737370470249, 115.75067437447407, 122.79896140655833, 119.34780691560049, 104.9380134403108, 98.7815994380371, 96.10597024460816, 81.11720105943975, 71.8016453335563, 63.200514240867584, 54.60199104469042, 53.57612550950524], [48.43946020132811, 55.908581554085316, 63.121975280172805, 69.73852916906654, 62.74188569057644, 55.30966055332794, 48.06116894128675, 6.254627948645227, 4.33164868546019, 11.28389534071058, 17.8233321170411, 25.35348955117571, 16.70375735928429, 8.585136220888053, 0.0, 44.751360885191175, 53.882680586457845, 61.48881836190003, 71.09172823819192, 78.40268478204405, 78.51219719261941, 68.06425446094579, 59.46935092357827, 50.98008151341198, 44.934608932101234, 20.685197210388544, 21.89013538037718, 26.959855248244637, 32.728944515300135, 39.39419309528786, 33.917086986537896, 29.05833784496591, 23.767039661706143, 16.593560139440754, 16.37816147415851, 34.70490152321208, 35.654204822871826, 42.789227175607564, 50.42503695959859, 51.94175668062055, 50.76334769011795, 47.82109172349294, 40.64258855563933, 32.212236288594724, 30.438242499028586, 19.159210135633906, 18.794315702769016, 74.15958375551033, 63.09607217630434, 58.681342972511025, 55.32083100909367, 52.05967056819993, 49.40943569936751, 52.32998952295831, 66.35590947027151, 71.60091876831154, 75.93892022376505, 79.21313444853892, 79.52361035633962, 70.96502934331775, 62.56082230481396, 58.29757655669173, 54.853458887180416, 52.96525400605475, 64.23512244489197, 68.00457130031182, 72.2472780624087, 93.13675595590502, 96.7558380454878, 100.10432699235076, 101.0013335302669, 109.3902044968629, 117.68737686819135, 115.41337014507617, 103.60655526778889, 99.32678767365609, 97.86438557608638, 83.9728632306526, 75.00680306680837, 67.14831005092643, 58.78460467538671, 57.49755448327083], [19.499882289855346, 21.958288499195152, 29.004502775483623, 39.19697119533604, 33.22291489945244, 27.659881622601407, 24.071429625521645, 39.34071104310146, 42.31811468525168, 49.72859299505898, 58.28260309836431, 68.48626786791819, 60.2192059362663, 52.16616617273202, 44.751360885191175, 0.0, 10.102082945219866, 19.340568563619147, 31.193340103003734, 41.45917850973993, 42.70456992734679, 28.507498047454742, 19.52926959753229, 12.277202201285808, 7.7666473910167335, 35.11221649929672, 44.45493318587994, 54.297381722219164, 65.04830898054648, 75.45221918375312, 71.66177417613497, 63.23776499377909, 54.07723320573876, 45.89932409418507, 37.52867288960307, 12.698688501756823, 23.24096351662904, 36.148275405928096, 45.83771654473511, 52.098797053556034, 56.70813714044372, 59.94224890779746, 60.838480552484164, 57.291207556882725, 44.596523447839616, 33.03775337041751, 27.34548704438824, 74.29554048639277, 65.01859485955865, 64.79889789350764, 67.31145009835433, 69.67562960296743, 73.0852348965018, 84.40776937909193, 91.77676290308449, 91.81056170988302, 91.64782896977349, 89.57540095585614, 84.90947993310182, 73.01940481086959, 69.25742664317653, 71.470618757397, 74.19000410190286, 83.34106984180332, 85.65383590310884, 83.69916689265825, 82.7265626411984, 61.78908938731104, 74.26877339246573, 84.98432301737982, 91.80756653264466, 104.93003001888246, 120.78891607316191, 124.09096487390752, 121.2049582624771, 127.90473963981547, 132.67225219270134, 122.99661417289116, 115.39114677227917, 108.80840001074212, 98.63959168862499, 90.71398917390168], [18.34239380562052, 17.165036974609286, 22.67207295505925, 33.066429836263254, 28.75755296159923, 25.182043760881857, 23.936227232087287, 48.28683970806196, 51.43290329776683, 59.08802055066088, 67.61383985507986, 77.498683131148, 69.61669772627378, 61.57998054769931, 53.882680586457845, 10.102082945219866, 0.0, 9.462773898628722, 21.533052429789997, 32.289379047416396, 33.896601210329706, 19.36009241994185, 11.37937302142947, 8.542071957784655, 10.692831088821194, 44.686758791890746, 53.80777229042821, 63.289044687679784, 73.71207611026907, 83.73505264443999, 80.37883122041805, 72.24129873543191, 63.3216380330139, 55.38071597814838, 47.11933981279335, 21.44647019206221, 30.495200937508383, 42.25769931603201, 49.69329043984691, 56.40487387195466, 62.575982272329654, 66.74791440013946, 68.38372832153628, 65.57647265635177, 53.243485425282344, 42.366562232093436, 37.12640363497872, 75.9026957968088, 68.37328844159117, 69.48037113796008, 73.13422942679863, 76.30527182113431, 80.29574812037333, 91.80407774611436, 98.30709614606303, 97.67534492659709, 96.6972231652828, 93.51779923245158, 87.54455515114434, 75.24958128213157, 73.39783920200578, 77.05043563856754, 80.61239629583744, 90.56460260031814, 91.69549663182727, 88.86180146790896, 86.7723521254681, 53.389404101203496, 67.81202796064903, 80.40505236863211, 88.72874213415712, 103.07025786551284, 120.48191021505063, 125.36745113863383, 125.54432399239181, 133.58305071603493, 138.9271567630452, 129.9346181349817, 122.491197613053, 116.22356971980315, 106.05911553910018, 97.95970796210736], [19.45026101695823, 14.836542430100248, 17.363515079173744, 27.03027269042815, 25.06462801555335, 23.97615748438406, 24.98195156890786, 55.716196916041206, 59.12515261847723, 67.15627867333552, 75.6322267251164, 85.01714974564705, 77.51890038441475, 69.48333603073611, 61.48881836190003, 19.340568563619147, 9.462773898628722, 0.0, 12.15842217914117, 23.08993909274258, 24.93144132331611, 10.571038883717385, 6.425038823438344, 11.79587725789201, 17.423771709876767, 53.482111061509436, 62.44455998194279, 71.60143146488839, 81.54830313082279, 90.9532743247937, 87.96003365928576, 80.30716008256528, 71.71754218970966, 63.85831374861106, 55.71798579112841, 29.475175873613004, 37.41535320371386, 48.20010166795204, 53.09349803542789, 59.99968620225464, 67.64103530455286, 72.52708313486896, 74.55529609162345, 72.37202022592543, 60.79379106443993, 50.32632218493423, 45.598120999336736, 76.33248645031148, 70.78111142488771, 73.16917546207175, 77.79208656480249, 81.58386544892741, 85.94219774089048, 97.28400603879946, 103.05199086095226, 101.91829153786514, 100.23536839398923, 96.06976163010694, 88.84480065673038, 76.28524193981545, 76.40119266332432, 81.3507706838879, 85.54959948810992, 95.90799484204207, 96.06686291954796, 92.51804644226038, 89.42028074708173, 44.83079228383817, 60.429632715997116, 74.55820944460123, 84.1894859840763, 99.62301118378461, 118.3430640489245, 124.74993626008036, 128.08666112437535, 137.08049326872592, 142.8436260747177, 134.58959754131112, 127.3934765143385, 121.6065075264189, 111.82723854387955, 104.21460317318761], [25.977829221335814, 19.62638582853871, 17.36812144039654, 23.247426643457853, 25.644416821434913, 27.79129803552676, 30.67217556296739, 65.25013990518507, 68.77368242644138, 77.07439049365888, 85.4075505855567, 94.1276344846847, 87.24786414271384, 79.33061672703218, 71.09172823819192, 31.193340103003734, 21.533052429789997, 12.15842217914117, 0.0, 11.403297168306285, 14.182486845954562, 6.8582518710815075, 14.002665130383502, 21.904130376343222, 28.204843940573436, 64.32577206034634, 72.99017855663641, 81.63666573021511, 90.888644726004, 99.44113341976835, 96.96998490572084, 89.9810593900419, 81.88606539261036, 74.23728211944749, 66.33266633558132, 40.49671193650312, 47.76846879539273, 57.76311353196727, 59.91586973453889, 66.80811440546601, 75.9094601569615, 81.3530054092177, 83.48912556080792, 81.79680465504704, 71.26264955368886, 60.88384872106686, 56.4229894015738, 78.95598170212763, 76.02536187481158, 79.81076728608303, 85.33391178475465, 89.61661141208468, 94.14489473381335, 104.84359645016937, 110.0374970804904, 108.54184529242566, 106.18170445930792, 101.00119680178491, 92.34723804852695, 79.63907979576858, 82.13970934912918, 88.39941563038116, 93.08736807391122, 103.38670247430392, 102.7819693872298, 98.61321318690284, 94.46879745403912, 33.46610739106711, 51.25296362758588, 67.91140415532736, 79.41948642835594, 96.4062730558642, 116.65711781790478, 125.07878599277873, 132.53597672005756, 142.10113752943985, 147.91881884817096, 140.323759030445, 133.27907290911503, 127.92643718229567, 118.43546951693332, 111.31974822762211], [32.03699422288993, 25.570997160866625, 20.5171645096717, 20.898026234761744, 27.097256193672344, 31.505765350651583, 35.47202857440662, 72.49123131345246, 76.30800927526109, 85.00046477925434, 93.15643589999574, 101.04713190567965, 94.66916648799453, 86.84482761800963, 78.40268478204405, 41.45917850973993, 32.289379047416396, 23.08993909274258, 11.403297168306285, 0.0, 4.496533510800739, 14.408745249202138, 23.082584068354095, 30.899870594000777, 37.31796489743059, 73.60088522758157, 82.073934136027, 90.35455052585756, 98.89017492021652, 106.45348097293228, 104.31640507796381, 98.11661325626989, 90.52433504392367, 82.89097070692571, 75.21667271756056, 49.40346641819688, 55.73465831846839, 64.8647925078171, 64.22972912979667, 70.90570145363394, 81.30676889175926, 87.17350348845054, 89.29450949759742, 88.15482759030407, 78.94759962390705, 68.9092935416636, 65.10864451495252, 78.72715413809254, 78.41995840813765, 83.48042118521224, 89.7567991645199, 94.4247337129711, 99.0322994734949, 108.96184176821608, 113.47728527869428, 111.6699518655981, 108.70252931573916, 102.6373387943488, 92.72078017598028, 80.07277878742929, 84.83938048773439, 92.2527605228646, 97.31331978998396, 107.41832958141894, 106.03176251111519, 101.3374241392394, 96.25947461770039, 23.399120699332745, 41.0202160780988, 59.35324670270067, 72.27888754741925, 90.43158680733914, 111.79592795578677, 121.96499181709873, 133.3064338684033, 143.28872909720218, 149.27680575793687, 142.63485379839693, 136.02265201315925, 131.47018323157155, 122.9714791969678, 117.28066739489283], [31.42779304017648, 24.892956922970587, 18.909594431932224, 17.35615292727153, 24.46083376924254, 29.611776149333092, 34.1315898708626, 72.51537334560442, 76.63759550952959, 85.59927262646877, 93.73670292580033, 101.3630248083581, 94.90984469463167, 87.02182709149143, 78.51219719261941, 42.70456992734679, 33.896601210329706, 24.93144132331611, 14.182486845954562, 4.496533510800739, 0.0, 15.244990734802933, 23.772539879555158, 31.464479482943084, 37.90118365255983, 74.76660885649412, 83.33360973359457, 91.71403671078666, 100.16176161604038, 107.48768171149598, 105.22796711393646, 99.23440333289936, 91.69276504948655, 83.85686472746819, 76.1807336759835, 49.713307519776755, 55.21998193497609, 63.702405780417656, 61.956432791852826, 68.52403065498883, 79.34210053345568, 85.40740545812, 87.68080024737174, 86.91482884303356, 78.2033735175827, 68.72430176763217, 65.561094212308, 75.0823612985187, 75.43590333626824, 80.89116785472713, 87.45175975544817, 92.3215069774474, 97.07019559186901, 107.01411645853258, 111.01794898706464, 108.9710997430533, 105.75077716020576, 99.39422932513033, 89.17434866245274, 76.59298883177799, 81.9584323673405, 89.76388706251991, 95.0373460562259, 105.38268664180153, 103.4551195407831, 98.50099100710638, 93.10952128739233, 23.728775846659474, 37.994479492428646, 55.36198004526414, 68.0992198770346, 86.10283317969541, 107.56080124262022, 117.87839930416611, 129.8757753940403, 140.350259996196, 146.84784428423868, 140.86377713999394, 134.6912334835187, 130.72076355318896, 123.11185885412141, 118.48131986295829], [21.2331265167556, 14.089727617920582, 11.293373427153156, 18.52416283841759, 19.470118479424695, 21.645673767630957, 25.280319970795563, 62.050953778107235, 66.06371215405154, 74.72402651098024, 83.14237615185057, 91.8193279288519, 84.48846734185368, 76.35944677951035, 68.06425446094579, 28.507498047454742, 19.36009241994185, 10.571038883717385, 6.8582518710815075, 14.408745249202138, 15.244990734802933, 0.0, 9.33289864414154, 17.88535574314788, 24.481757036342202, 62.33040916600109, 71.32106430463462, 80.38521632779079, 89.85864558706449, 98.48063507179931, 95.59660110835559, 88.57732106597679, 80.29632669817852, 72.21356510845386, 64.14869372414887, 36.54233395527969, 42.573507459906075, 51.7835299576362, 53.42150076587376, 60.32740031933889, 69.55921808085844, 75.23412305428266, 77.77278940760051, 76.53410769774577, 66.09935050010891, 56.67695633900294, 53.18783181762964, 72.7610642538244, 69.47453885395868, 73.29823592321034, 79.0027686797746, 83.5224593782796, 88.35256132488618, 99.63433943452168, 104.18729324414666, 102.35798833753381, 99.8192041181786, 94.54253583743112, 86.01605667306569, 73.3696440786612, 75.67101558823597, 82.07545038772763, 87.03163854232153, 98.04066801777316, 96.76686813044216, 92.34387983735682, 88.09630825397788, 37.41432755493935, 51.46076333805874, 65.78935770794708, 76.19703623256164, 92.2123064009132, 112.01225451964542, 119.77048799901142, 126.32189641473889, 136.6977650488005, 143.43439373296084, 136.57637807836497, 130.1250704042322, 125.43868222699312, 117.08307908890309, 111.20530318583917], [14.288775677749756, 8.676871552774134, 11.72301296474051, 21.961020691138835, 18.892418390975465, 17.592029515060393, 19.21492584714378, 53.475188148575164, 57.48082950955142, 66.06544611343219, 74.55269994168037, 83.53467544986407, 75.85543001522821, 67.65282971603024, 59.46935092357827, 19.52926959753229, 11.37937302142947, 6.425038823438344, 14.002665130383502, 23.082584068354095, 23.772539879555158, 9.33289864414154, 0.0, 8.678637435348127, 15.237030713095642, 53.453166242111884, 62.60581199140962, 71.94588435612403, 81.72861707450234, 90.73709966646206, 87.51426833041302, 80.20813049997355, 71.70425271579809, 63.44527983023223, 55.276268232112535, 27.27076909115729, 33.81388182077327, 43.94328998264145, 47.42979908370989, 54.34788436900764, 62.61812536232635, 67.79190559928182, 69.9881004274935, 68.28728469974598, 57.36073582802447, 47.62794624758285, 44.052571813604956, 69.94014317445193, 64.73263537157182, 67.49371530740041, 72.44668530616842, 76.48680369840035, 81.03762843712346, 92.49842263780765, 97.70011048065211, 96.31793960758195, 94.39761193429027, 89.98482456133353, 82.53491300237872, 69.95053043673683, 70.46964347783445, 75.82872879729132, 80.2770949800539, 91.00129162451704, 90.54707722114696, 86.72916089183308, 83.35602907283982, 45.1153416357411, 57.561133666221245, 69.96134500816594, 78.83975948480204, 93.73029960425683, 112.20075700566437, 118.41415595294099, 121.96013282521905, 131.43974771830167, 137.8433333436972, 130.37728903762775, 123.75815643328765, 118.75967546368501, 110.28474557237935, 104.34647988385537], [9.898866039067157, 9.825633006837727, 16.783729441627745, 26.965437043490947, 21.61487715570833, 17.105361387168234, 15.421140859771757, 45.01392876164615, 49.00589466666035, 57.57536169365623, 66.08868922396046, 75.20816612197751, 67.32865762923294, 59.09421468144338, 50.98008151341198, 12.277202201285808, 8.542071957784655, 11.79587725789201, 21.904130376343222, 30.899870594000777, 31.464479482943084, 17.88535574314788, 8.678637435348127, 0.0, 6.612663040153039, 45.130492491502665, 54.36323867320031, 63.85401733174691, 73.74296495990474, 82.9070747022034, 79.42316084731227, 72.01950753349483, 63.43717645650673, 55.01966701493577, 46.82401399619266, 18.728234887199758, 26.31068124170872, 37.8009028606623, 42.9540330622757, 49.70213115211368, 57.001339161573824, 61.49356661236956, 63.003258264171016, 60.683532665825226, 49.60631047731692, 39.14109208595888, 35.3791765874288, 67.85839130627116, 61.111421946314245, 62.8304754423057, 66.90946072934369, 70.30697684723758, 74.36402312611628, 85.5766982026599, 91.64028846354734, 90.88194083327122, 89.66509203992993, 86.1737023739008, 79.73997034763602, 67.30770600457072, 66.24618014805678, 70.48814920867285, 74.24228441538821, 84.22794742523756, 84.858649610952, 81.79123789899323, 79.34210776130395, 51.70461434589457, 62.615025497651644, 73.40937065923131, 80.94635926819417, 94.89813099815987, 112.03801069358298, 116.91692384662221, 117.9584393861811, 126.1143122195206, 131.87260864521687, 123.71102945942252, 116.86047689255814, 111.54365029368829, 102.98087158674997, 97.19300042628508], [11.800850136670878, 15.12612607893313, 22.61086636038535, 32.40415375877173, 26.098256982811247, 20.183369936340164, 16.364649702373406, 39.04654104099924, 42.93960527575917, 51.37120629613279, 59.91964455830249, 69.29212307328838, 61.164649634573564, 52.90522626840902, 44.934608932101234, 7.7666473910167335, 10.692831088821194, 17.423771709876767, 28.204843940573436, 37.31796489743059, 37.90118365255983, 24.481757036342202, 15.237030713095642, 6.612663040153039, 0.0, 38.792453772051566, 48.12611623637379, 57.807286777314495, 67.90300943346092, 77.34981178432406, 73.60697144331706, 65.98996796347662, 57.257283386255104, 48.71611994155209, 40.459525403560455, 12.293956484983994, 21.27411003921238, 33.919204137709436, 40.90698015498455, 47.38391405746361, 53.545607417976875, 57.37869274328813, 58.35951636719939, 55.464029587023944, 44.03486615490273, 32.93190218504375, 28.84916306265764, 67.70889693378375, 59.60839330517724, 60.330134765812694, 63.58048897980419, 66.39968323733527, 70.04762850575521, 81.15936155035826, 87.91670078031385, 87.65100497464337, 87.03224339149452, 84.34494801173463, 78.86186518168212, 66.6947014948511, 64.18619580054606, 67.37020023188335, 70.5187736085889, 79.94056368853747, 81.47550315392455, 79.04937315129979, 77.42029956488071, 57.50969451930878, 67.71925686739284, 77.47724607221184, 84.06098074559216, 97.21480524219287, 113.29529942113986, 117.0821220945534, 115.92629313599433, 123.10467787064123, 128.38655404534782, 119.63066610326555, 112.57739413789923, 106.92862377928812, 98.17617285973766, 92.28417902561624], [46.766133889761846, 52.95587718732452, 60.649377847381615, 69.4192962068786, 62.64556034887032, 55.395172736851414, 48.721729578949265, 20.295743650012387, 17.259249887269693, 18.23282924213272, 25.80615695714061, 37.59163446853374, 29.655626980426664, 23.72812331752383, 20.685197210388544, 35.11221649929672, 44.686758791890746, 53.482111061509436, 64.32577206034634, 73.60088522758157, 74.76660885649412, 62.33040916600109, 53.453166242111884, 45.130492491502665, 38.792453772051566, 0.0, 9.651388740650592, 20.22503883543352, 31.837530978238387, 43.79371334958008, 38.94908038195483, 29.224857090287813, 19.429205704972322, 11.622931359759336, 4.538428856279451, 29.419980446826983, 34.91210697420855, 45.041898686961694, 57.54775669523087, 60.780008860725545, 59.46446673072091, 57.75992272098164, 53.55092284333262, 45.827037181947176, 36.655611663663095, 23.236977089558124, 14.724899