{
	"dissimilarities": [[0.0, 7.377275957330929, 14.673437692369228, 22.014869997359646, 15.562417091337222, 8.463371440623765, 4.221701436184822, 40.91922351470351, 47.06642362298955, 56.50732033932769, 64.75500693742588, 72.70283067949335, 64.88348779374245, 56.64609296799515, 48.291146756105235, 20.356240533775704, 19.45011419627024, 20.55962702406252, 26.710450535924245, 31.925328932428265, 31.238344106254043, 21.87886527694583, 15.007623503124373, 10.504000160058503, 12.38089350969287, 47.3239552855322, 56.2402294915815, 65.11582152321036, 74.05275360332976, 82.28438035166856, 78.60521310889811, 72.1169244351488, 64.1664550774326, 55.690301827428335, 47.607902425580214, 18.417262741662917, 27.258993641386013, 37.20708258706987, 37.107342603338076, 43.2112528447306, 51.187453809942966, 55.75356214822771, 57.319678072745475, 55.40057386628573, 46.519355311510125, 36.949508501934595, 35.248130172136925, 55.051892883342504, 52.6491729360915, 55.32897815025292, 59.80839104428673, 62.553401043850506, 67.22642092319494, 75.71363835928005, 81.22752050240439, 79.47792575979898, 77.9195650303006, 73.90900222633431, 67.51491956566213, 55.9254528111517, 57.71568396782356, 62.72564882732178, 66.0258517287595, 75.09475444226389, 73.36208625054654, 70.03680117389143, 66.91779935386081, 49.830707770474575, 54.93985628228021, 63.69167492259662, 72.14731804868708, 84.87060116122969, 96.70106878333146, 106.63503547109974, 108.37291861913675, 117.76979252870163, 121.58733356773558, 115.56458800554971, 107.11509411287923, 103.88268110816618, 99.31865853499843, 96.17434129683069], [7.377275957330929, 0.0, 7.521548668996632, 15.616726531682785, 9.155417549375558, 4.224700349753221, 8.527348207751455, 48.12574075908864, 54.28839218744236, 63.68775142202443, 72.0049277742667, 80.04896863365342, 72.11689414095768, 63.81715100694691, 55.48353644608968, 23.699576298851376, 19.857508148494713, 18.042956013359593, 22.158538016070487, 26.509692013243313, 25.431679474883012, 16.413944846265657, 11.49752736108621, 11.701895189890484, 16.31764896081767, 53.84498571876922, 62.94405245565208, 72.01491845955081, 81.1729722222454, 89.56467604564956, 85.91937781946847, 79.27356185446038, 71.15757581353803, 62.6294099202612, 54.45102774352355, 23.779836344196106, 31.325117161308654, 39.92348053173183, 38.8239068391025, 45.21486793834545, 54.012560096396186, 59.37202366055951, 61.930897237349086, 60.83687694491644, 51.65084405901913, 43.30743297671574, 41.91338503189646, 55.173745839596116, 53.80926084574625, 57.39468749184709, 62.77835122532132, 66.32292863587168, 71.66616758544862, 81.02552741546465, 85.34543952830279, 82.78211430296008, 80.4327969749917, 75.48825880356439, 68.25089355917483, 56.2948124811753, 59.54579883901648, 65.62518805279696, 69.69063775658753, 80.16301709331307, 77.0732885839899, 72.84058967249666, 68.78700042845709, 45.74481126378416, 51.16547676853558, 60.643838977956264, 69.95490012452406, 83.18747662535503, 96.1122561901502, 106.9616181180456, 110.4314278490051, 121.59983669688009, 126.50525879524248, 121.4455984306974, 113.48921743083426, 110.70389368709606, 106.47303965935487, 103.29105500832154], [14.673437692369228, 7.521548668996632, 0.0, 8.650156919152392, 4.220659802858434, 8.040025114530053, 14.970515718615005, 55.45323670316526, 61.67079514689353, 71.10842311511652, 79.37486518297166, 87.23061658262688, 79.4368510858989, 71.15819064880421, 62.79963295530671, 30.118344161854232, 24.57754806292074, 20.118977307790573, 20.479343241132174, 22.295966722232098, 20.295952481391428, 14.256431909850585, 13.863451069566374, 17.80737363640183, 23.272075783980014, 61.320960608695884, 70.43547087716864, 79.49154226911784, 88.57336959392723, 96.73177211961917, 93.20411673184917, 86.7194943404773, 78.65967389555843, 70.1476540433589, 61.971928703369606, 31.029534001405516, 37.46268740401106, 44.61817438396603, 41.75625916709126, 48.071989851076, 57.71591131206258, 63.699728924040066, 66.93528068817177, 66.5664520375418, 57.766342131014255, 50.375051455874974, 49.38810546303411, 55.10624485391175, 55.39501157933375, 60.021648430835505, 66.24232519513636, 70.47825795011074, 76.24752868606616, 85.99454546200734, 89.17866290912694, 85.96599119274711, 82.86902507291605, 76.97926748302712, 68.7254187594866, 56.513235017018005, 61.650010818510886, 68.81944369050079, 73.50411105194891, 84.88510711589154, 80.63166428734078, 75.62028408905523, 70.61623190965621, 41.571472667165274, 46.10394292980943, 55.987742084034394, 66.11895157995669, 79.94687078960865, 94.07664901845764, 105.9418125843731, 111.81816070040554, 124.32386720320459, 130.17826421067232, 126.14821018344219, 118.73823165460968, 116.51396090202174, 112.83328493184713, 110.1089196219915], [22.014869997359646, 15.616726531682785, 8.650156919152392, 0.0, 8.520771360231482, 15.181663324149891, 21.751022609290143, 62.33832114858259, 68.61274623159878, 78.15394604941446, 86.19516210341538, 93.4634377874593, 86.18559009251601, 78.06614039842884, 69.65242637064006, 38.537046232050464, 32.43638963359484, 26.586485191094365, 23.270301982855443, 20.815773075485836, 17.28175655874214, 18.024007493166607, 21.072689636278543, 26.016969873829872, 31.640973794706905, 69.21000876488681, 78.13894624661742, 86.89896724032536, 95.49629950069233, 102.87147418620316, 99.6189970694158, 93.73315348034338, 86.03574448931485, 77.65281196272441, 69.60676131984484, 39.36667968217662, 45.3079447975958, 51.39779886142886, 46.08781324886266, 51.92577545453967, 62.42889241961589, 68.75492206929749, 72.15435557236341, 72.29151582647611, 64.69263332842843, 57.76125325759865, 57.175105828218726, 54.83030068466152, 57.59699610437079, 63.3658416231198, 70.24983610781568, 74.95052466304931, 80.75264483942959, 90.11590233097479, 92.37903205783245, 88.84830067101709, 85.1530099868192, 78.39209557787265, 68.90329167229596, 56.56817950254147, 64.1050735068105, 72.30257705801507, 77.32951527366627, 88.77886500404843, 83.78004503033141, 78.26571735335637, 72.37368737278544, 36.92779637939975, 38.37386245213688, 48.40913698178992, 59.47973784260513, 74.27504310800727, 89.86153684442135, 102.91285102197689, 112.23285015833993, 125.15894553283117, 131.59457334928098, 128.57604366820965, 121.72362494116628, 120.15405798887032, 117.2207030302242, 115.55204390875278], [15.562417091337222, 9.155417549375558, 4.220659802858434, 8.520771360231482, 0.0, 7.499713072297295, 14.67513890067872, 55.46929985675613, 61.83049938662602, 71.31562475356384, 79.49933059457274, 87.17210142691208, 79.39436714361635, 71.11602454032241, 62.74607124778644, 32.3228865345156, 27.701666504158442, 23.99500824889212, 24.62549744891658, 25.77448908162632, 23.300611475549267, 18.367058916335978, 17.59355967457052, 20.42327469004405, 25.170504903971988, 62.435983909113865, 71.52931391038963, 80.56566205580883, 89.52763115841336, 97.45083100407238, 93.76818293838619, 87.49474123548609, 79.5233099915108, 70.93088061408417, 62.78788300705333, 31.95130207556405, 36.875019256448304, 42.96198178889644, 38.67087789281676, 44.82875854462362, 54.84852077496502, 61.04384886001076, 64.51950378439528, 64.60069515698524, 56.39904156096195, 49.90848704651702, 49.88412573654651, 50.98641619185633, 51.65537659514758, 56.62427914042303, 63.122309257492994, 67.61566650938276, 73.52852222694186, 83.48059315726195, 86.05488096027888, 82.58866545950879, 79.25314389155847, 73.11996690204889, 64.66396813949787, 52.428742319578234, 58.00900526640569, 65.53391037898054, 70.42681081155797, 82.22898566723165, 77.40520468687339, 72.1236199143959, 66.84484821782603, 44.09473653526714, 46.0229153356032, 53.892976987446794, 63.25741502858274, 76.46660306677423, 90.2356033014511, 101.97715187868903, 107.90172304551832, 120.96024426005607, 127.38801375023833, 124.01432219831902, 117.10439988808531, 115.45380172549056, 112.72665963187227, 111.05103958583429], [8.463371440623765, 4.224700349753221, 8.040025114530053, 15.181663324149891, 7.499713072297295, 0.0, 7.366105128174114, 48.053109922115986, 54.390128675923556, 63.85575453731151, 72.08173000758693, 79.91728328311352, 72.01018181532297, 63.70639539899739, 55.34566422086633, 26.328916977536412, 23.47140551571995, 22.106496770584208, 25.85494406927514, 29.299440309028178, 27.673928057396925, 19.858295421547286, 15.529761217027293, 15.128147904410014, 18.72869607498752, 55.05675533085205, 64.11600670007356, 73.14799224673384, 82.1553980298682, 90.26932750571935, 86.46521822869518, 80.06554701185067, 72.05976214596525, 63.450150198148954, 55.315905076890374, 24.840956343113103, 30.552002440845826, 38.03215084977454, 35.40714036923461, 41.682829121779704, 50.900303304495964, 56.48065088530575, 59.26849237833804, 58.629418939584404, 50.08165547053205, 42.6935732876952, 42.41968050076051, 50.962708726678656, 49.887140080627454, 53.78562328279244, 59.43939878899924, 63.236100213617526, 68.72474546642833, 78.29406337932456, 82.02682522053868, 79.22731066094157, 76.66018813351558, 71.49962560787917, 64.08866144762219, 52.10204571418997, 55.7103046150231, 62.128023947650625, 66.39292668412614, 77.28591733376969, 73.64052426675877, 69.15443814597846, 64.85262678940873, 47.8706924106717, 50.89150555578708, 58.53432821587124, 67.09481571951243, 79.71621930061924, 92.2463021895794, 102.94281002512253, 106.41509434033607, 118.0864412179515, 123.5491530104778, 119.14100140582336, 111.68701552358104, 109.49566013163796, 106.26721152287399, 104.21419468701471], [4.221701436184822, 8.527348207751455, 14.970515718615005, 21.751022609290143, 14.67513890067872, 7.366105128174114, 0.0, 40.83060564815007, 47.17990221285891, 56.68913946884798, 64.83722218612857, 72.56595881199142, 64.76121385502681, 56.5140467449473, 48.12796452795416, 23.319691714448542, 23.09338468794161, 24.18946933427955, 29.85867673473245, 34.308518474562995, 33.126517155612355, 24.575316778627553, 18.27240583295013, 14.201491697392779, 15.385415165433072, 48.67427800735417, 57.530528783604645, 66.3566423091061, 75.12946846051803, 83.06717708096159, 79.21130627141385, 72.98449001183937, 65.15492824112948, 56.59728793446404, 48.577072177588605, 19.720801575741135, 26.29761855340985, 35.09892570393825, 33.47684549581722, 39.46835958144824, 47.850136906358216, 52.624927007779156, 54.404239325471785, 52.943570038133906, 44.723611089108694, 36.19595894970166, 35.82208216751539, 50.8378870292669, 48.61347810402274, 51.54584755486107, 56.2625208642603, 59.24181981907747, 64.06106026147823, 72.78246124770392, 77.72767703621847, 75.75572611792407, 74.00533482158123, 69.81922465174983, 63.305003090117815, 51.70707124533226, 53.73129357530522, 59.033146302235885, 62.51531624773623, 72.01488653297254, 69.73774730860286, 66.18161840859443, 62.856567797890285, 51.85148811142726, 54.76696712237746, 61.7636349972115, 69.4489055598966, 81.52860658781503, 92.90609184966931, 102.6414535009897, 104.28193285457665, 114.16434837636294, 118.54415393293623, 113.17774410401522, 105.24357669340084, 102.63364233809912, 99.13745832017192, 97.19411075683738], [40.91922351470351, 48.12574075908864, 55.45323670316526, 62.33832114858259, 55.46929985675613, 48.053109922115986, 40.83060564815007, 0.0, 6.601578017638283, 16.06783504671348, 24.077282458247048, 32.75306143064461, 24.00108958448397, 15.75586508422692, 7.386886201499927, 37.4393432582948, 46.444367862717826, 53.96494696748603, 63.4672961661504, 70.57304798541236, 70.78139662951293, 60.48886997455655, 51.876857644397795, 43.353451326509955, 37.33430105614832, 19.20120231700041, 23.509469850738764, 29.9225287437946, 37.32699861408325, 45.633797377428024, 40.33946110128846, 34.124566510005856, 27.317047826411567, 19.54618982290986, 14.604325828723795, 29.27124485447358, 31.08558273696258, 39.715256736866614, 46.406136129638135, 48.54953988354474, 47.93734990832093, 45.93938937469069, 40.67332123032329, 32.77385187820787, 28.117301664848032, 14.120428078986837, 12.505852470743767, 68.0542965353965, 59.54169173162176, 55.95808275280275, 53.63404446832696, 50.51295179348212, 49.9635069547625, 52.24817403725817, 65.23472098621636, 68.53277692264454, 72.07288261690847, 74.37306010942198, 74.51350906533773, 67.40067218154127, 59.779328545246244, 56.78776201303628, 54.64165511713093, 53.65311244593814, 61.11632259567388, 63.92325777084188, 67.19148113036083, 85.30458702675935, 89.14463848650487, 93.62080875815008, 97.36208781515877, 105.61902127476444, 110.40307976345991, 114.19682900428532, 103.26296447765787, 103.3177589032908, 101.03992600585495, 89.14805752927936, 78.02401874876053, 71.79987352047654, 65.6018415299655, 62.756178972683315], [47.06642362298955, 54.28839218744236, 61.67079514689353, 68.61274623159878, 61.83049938662602, 54.390128675923556, 47.17990221285891, 6.601578017638283, 0.0, 9.606309027033276, 17.74213483271193, 27.04126074374148, 18.00962572944835, 10.005267532747038, 3.3312525810374995, 42.121440939243676, 51.32699768658032, 59.09706537118331, 68.72277264362354, 76.05195451485339, 76.46020146126168, 66.07493350835429, 57.445437047819375, 48.91170548749124, 42.79407331774963, 17.392137441784747, 19.025069933024106, 24.08855419056422, 31.01811184357684, 39.666014888540616, 34.09179616729661, 27.63787741450736, 21.183502820872377, 14.181533913388918, 11.836915548794883, 34.72023098496202, 36.541935415578784, 44.79000773474367, 52.25710506684316, 54.0617809631198, 52.485530074060456, 49.686906503850025, 43.6474722168913, 35.09207249093956, 31.37237600554349, 18.829614058594537, 16.25642938632986, 73.78875804521405, 64.91477266263381, 60.75831234075985, 57.65269006386891, 53.77769820178675, 52.35555309973232, 53.20802280723318, 67.3342613958869, 71.42308445009432, 75.65523587780046, 78.74436938276723, 79.6098861859253, 73.02803999762976, 64.67197017996834, 60.766551600686064, 57.89442453273381, 55.026817593543726, 64.01664566676958, 67.68432408393592, 71.7029941658862, 90.38938858433569, 94.83195054037948, 99.5628300256966, 103.17794696696117, 111.2646572115979, 115.51463028140279, 118.69759668977237, 106.41220770447937, 104.78357451125635, 101.15613519451738, 87.91825422411684, 76.0436331669253, 68.7517110197717, 61.24942336887772, 57.325755588589345], [56.50732033932769, 63.68775142202443, 71.10842311511652, 78.15394604941446, 71.31562475356384, 63.85575453731151, 56.68913946884798, 16.06783504671348, 9.606309027033276, 0.0, 8.846875075328068, 19.82826558787846, 9.686412154958562, 4.207781308595182, 9.458108312058814, 50.10365787387534, 59.55504571016755, 67.64033833808305, 77.49013475029554, 85.10381023145324, 85.68126318559085, 75.07389434247155, 66.3767541341791, 57.82509853545741, 51.56635284408601, 19.62220113184273, 16.488631689915845, 18.06588501739613, 23.668839509011907, 32.917676986409276, 26.502146312958896, 19.564161930303914, 14.27094427793806, 10.586717114622504, 14.328526500115812, 43.27039896525254, 44.21231374665893, 51.41943029734208, 59.820302261524695, 61.06786164629862, 58.014114328512, 54.11304047949464, 47.213420311704866, 38.13842713427988, 35.79261781293056, 26.02705659412747, 23.86647424239873, 81.28699641342718, 71.66411883879707, 66.60609215938233, 62.37459764829008, 57.497659089697756, 54.95838766981997, 54.13320946227612, 69.4629902897353, 74.51299471287658, 79.68308580152525, 83.9357408165442, 86.01686646248487, 80.33234131102424, 70.69908210730163, 65.44306179804553, 61.61294989000033, 56.481813682452, 67.27468648868174, 72.0689987972657, 77.17594442374232, 99.27994971203002, 104.1216957415179, 108.69374449965913, 111.86572579598732, 119.3439217650266, 122.52970463171921, 124.62795932460526, 109.82741316456567, 106.25225761719192, 101.08223953244362, 86.29050520137015, 73.74643399295124, 65.28208256173657, 56.604722951535166, 51.6249501051468], [64.75500693742588, 72.0049277742667, 79.37486518297166, 86.19516210341538, 79.49933059457274, 72.08173000758693, 64.83722218612857, 24.077282458247048, 17.74213483271193, 8.846875075328068, 0.0, 11.730220207072499, 3.1592248405211683, 9.24949478045315, 17.012398097732987, 58.83774489425688, 68.20219122516932, 76.18113913266762, 85.83581609657797, 93.23374802683931, 93.77121193327638, 83.50687108378696, 74.90810521198478, 66.39648555973363, 60.22469037973257, 27.27854332003029, 21.70725696056266, 18.725864725886836, 19.54993165849983, 26.45374127550222, 19.447159549627546, 15.045941288973914, 14.804695819542733, 16.398544998804926, 22.431763115149334, 52.04732995152091, 52.64049029678878, 59.01187029895685, 66.7508668113031, 67.35991222332518, 63.602226261367505, 58.89072206638409, 51.04772733318941, 41.77646508086534, 42.02718503317263, 34.09055775430908, 32.707968994350644, 86.79956394765541, 77.29194363687212, 71.84122585032459, 66.82749172659938, 61.16501795932733, 57.37413152335915, 54.016902145267615, 70.42864809884857, 76.59657156380419, 82.59315788551875, 87.76094494536807, 90.58222306859116, 85.72280550302281, 75.6442882344385, 69.50848008705869, 64.7706570434896, 56.79742444092336, 69.45061130733409, 75.35193190447042, 81.27064931603061, 106.56813924191019, 110.75644209732862, 114.67983000108391, 117.18583170129195, 124.05227744990631, 126.20993228257967, 127.33382747806372, 111.21656823598656, 104.92395227555245, 97.89795075923443, 81.59541839050769, 68.37806366819129, 58.91543794608149, 49.63766927480267, 45.50680564558765], [72.70283067949335, 80.04896863365342, 87.23061658262688, 93.4634377874593, 87.17210142691208, 79.91728328311352, 72.56595881199142, 32.75306143064461, 27.04126074374148, 19.82826558787846, 11.730220207072499, 0.0, 11.431300874791548, 19.20348580336419, 25.97975596048071, 68.77203165578854, 77.76483764145702, 85.25996224776502, 94.29734537911175, 100.98472328787214, 101.30194012052036, 91.97741865028712, 83.67970247667712, 75.31506225524758, 69.45632046000436, 38.340652541526744, 32.31607671868286, 26.930047624753374, 21.879026450077752, 20.956723512479662, 14.858885904963197, 18.729080246309323, 23.81546723551428, 27.371828215348607, 33.395676066365034, 61.72587214835256, 62.4280089190075, 68.18312102217239, 73.91219927554745, 73.78562696462123, 70.031140011276, 64.78587106337433, 55.93528990941151, 46.79253349422594, 50.502306144672254, 43.585011767592064, 43.03993824037431, 91.03001113348276, 82.57890677016937, 77.24229529805861, 71.77494407086822, 65.53969911521337, 60.336561933974785, 53.326759632606304, 70.7121453707418, 78.2437145055663, 84.97845206551396, 90.83319010436352, 93.92363531816876, 89.90367681834775, 80.25825416163809, 73.70038415326125, 68.0820796487816, 56.447679837667565, 71.13535425199208, 78.17825989040531, 84.64478295947403, 112.64436845844016, 115.13119222026022, 117.89312199945005, 119.44763744126931, 125.64347107082429, 126.72697223678686, 126.91360351658098, 110.83968425289584, 100.55270548666748, 90.93634730725363, 72.80533556759345, 58.590381976520455, 47.935631468505456, 38.48213867716482, 38.52170350271343], [64.88348779374245, 72.11689414095768, 79.4368510858989, 86.18559009251601, 79.39436714361635, 72.01018181532297, 64.76121385502681, 24.00108958448397, 18.00962572944835, 9.686412154958562, 3.1592248405211683, 11.431300874791548, 0.0, 8.645366663009154, 16.70350967757905, 59.602347790322064, 69.01192881933014, 76.9608452880712, 86.62095051560058, 93.90405614195434, 94.29972629577068, 84.0741637710834, 75.44479388327602, 66.90075562623595, 60.71911876694604, 28.90107163123906, 24.005556958787814, 21.70017059728326, 22.499264136771895, 28.45659962626473, 21.42086249795717, 17.966579283580277, 17.69191896324206, 18.49811137906916, 23.86323937943996, 52.355344943140096, 52.169372586915195, 57.90572955249425, 65.24587767487598, 65.57047204942974, 61.5375012049833, 56.5977259207365, 48.52845609270641, 39.254265508345576, 40.39639452406317, 33.39661181993133, 33.10453946704465, 84.88417545065177, 75.26047887530513, 69.64841458009609, 64.41332146848185, 58.57513260310239, 54.54906107695426, 50.9535915034842, 67.41938468674034, 73.70400676749055, 79.83462428422176, 85.20749179080053, 88.29728296103805, 83.74270722935296, 73.38873878779211, 66.99713113958126, 62.069817168241165, 53.76846001468569, 66.59529760545865, 72.68188665002403, 78.80070145029417, 107.38941628743005, 110.83429849528278, 114.0373359911134, 116.1142899024833, 122.50549368963017, 124.19180441511139, 124.97813627597239, 108.28853285110357, 102.02791236011905, 95.25119825631498, 79.2774022944005, 66.43045630517283, 57.546440557303015, 49.68826427770039, 47.34845100139085], [56.64609296799515, 63.81715100694691, 71.15819064880421, 78.06614039842884, 71.11602454032241, 63.70639539899739, 56.5140467449473, 15.75586508422692, 10.005267532747038, 4.207781308595182, 9.24949478045315, 19.20348580336419, 8.645366663009154, 0.0, 8.424752485119726, 51.36891630326407, 60.832638424047474, 68.81949176301822, 78.61720724294422, 86.0097481098594, 86.37103568299335, 75.89169425380028, 67.17850962254404, 58.59600029960059, 52.35525577771401, 22.643112176728284, 20.401924045519475, 22.05095367001956, 26.764286885416322, 34.73824714865378, 28.154706786748854, 22.463199430460435, 18.121132102471247, 14.536721185012182, 17.211966263463392, 43.8291091483397, 43.6306280649834, 49.931713505368165, 57.64504997294594, 58.48596125444613, 55.1057243533673, 50.897125117387176, 43.632340466387156, 34.467448888987576, 33.43463511806074, 24.92636840983429, 24.67412046389433, 78.49187023809053, 68.76035040995622, 63.50904926672031, 58.994836788075354, 53.88587889125749, 51.04105560774687, 49.93543479658263, 65.33321721856453, 70.53390839605737, 75.86698451557614, 80.364629311586, 82.75495269893108, 77.45327860103308, 67.4920753272711, 61.921585371793874, 57.84059113054292, 52.30373994612818, 63.30284597144611, 68.33321402180088, 73.68670325735923, 100.28199032138556, 104.00069831595738, 107.54853474121971, 110.119271015683, 116.97079728730249, 119.54076374198584, 121.21449217036239, 105.79341196301023, 102.22211147226429, 97.366975614642, 83.02093615104687, 70.94355545038732, 63.20777326631161, 56.20395414886447, 53.419758529529005], [48.291146756105235, 55.48353644608968, 62.79963295530671, 69.65242637064006, 62.74607124778644, 55.34566422086633, 48.12796452795416, 7.386886201499927, 3.3312525810374995, 9.458108312058814, 17.012398097732987, 25.97975596048071, 16.70350967757905, 8.424752485119726, 0.0, 44.08993309549374, 53.33537964062803, 61.0685166745938, 70.6900055704424, 77.883262110647, 78.13285155978652, 67.80348906744105, 59.15072319141806, 50.59777916353565, 44.47608896519142, 19.990605347829916, 21.303876782046807, 25.8567581374281, 32.18482665776734, 40.243626728908254, 34.39120836628177, 28.49318539703585, 22.597707935459404, 16.110272374225367, 14.446605693290623, 36.14534416799259, 36.72182201836366, 44.04575672571356, 51.12132002551308, 52.53395333310842, 50.50133871100969, 47.33771126918924, 40.92845977486289, 32.21378326527904, 29.555902622616927, 18.31451190271294, 17.843175725194833, 72.27379278564969, 63.15467960563624, 58.71333037893745, 55.25578318256403, 51.09904265864943, 49.37379695220285, 49.98853242623704, 64.24448721996934, 68.50708653683415, 72.94962599786484, 76.34955177109853, 77.60713825082597, 71.41702600337715, 62.59336176786394, 58.28194085885798, 55.130924183066064, 51.854765514528154, 61.11301234871502, 65.05478835501142, 69.38504522734014, 92.32893528438126, 95.9064820908403, 99.76255317835754, 102.83151604730789, 110.3272468488571, 113.95781719858381, 116.68313712468681, 103.57802917492013, 101.85909369919231, 98.3875530236999, 85.384488162109, 73.83376827782078, 67.0029706447782, 60.629495539726, 58.115642628927446], [20.356240533775704, 23.699576298851376, 30.118344161854232, 38.537046232050464, 32.3228865345156, 26.328916977536412, 23.319691714448542, 37.4393432582948, 42.121440939243676, 50.10365787387534, 58.83774489425688, 68.77203165578854, 59.602347790322064, 51.36891630326407, 44.08993309549374, 0.0, 10.079529170742449, 19.2089241923363, 30.57977218223937, 40.27459208650956, 41.79485256508748, 28.435852585075775, 19.68501326463251, 12.660935228126709, 7.988281306471498, 35.12054674143536, 44.53499264884964, 54.37471070018847, 65.16827050788875, 76.3431217975131, 72.3191338733176, 63.46567845679447, 54.2071338780934, 45.859798335903015, 37.64989024389741, 10.825018494678611, 23.91018285326898, 36.97894719186079, 45.81539282485359, 52.10638659624163, 56.5312232740654, 59.717490937932375, 60.87180175878453, 57.39343349740806, 44.39195175090226, 33.072251240839236, 27.00811614311239, 70.26224978157605, 63.76426804439974, 63.77128101620732, 66.34351907296399, 67.7562425226861, 72.1277054306121, 81.21369700655971, 88.79770509681865, 87.69256548477284, 87.35448392211138, 85.120238355745, 81.258853951265, 70.62875508511418, 68.04936404822712, 70.44001930398825, 72.81698262689399, 81.29383666510289, 81.45969555644167, 79.29284290438135, 78.05975412594361, 60.20173378589413, 72.23787614327189, 83.63916605154188, 92.48916727544164, 104.81269591121925, 115.53691879444166, 124.14106859908489, 120.47543445689345, 129.29552881361207, 131.64503884775786, 123.0867955280335, 113.06003615973509, 107.55782764182514, 99.53819219017858, 91.23369064232627], [19.45011419627024, 19.857508148494713, 24.57754806292074, 32.43638963359484, 27.701666504158442, 23.47140551571995, 23.09338468794161, 46.444367862717826, 51.32699768658032, 59.55504571016755, 68.20219122516932, 77.76483764145702, 69.01192881933014, 60.832638424047474, 53.33537964062803, 10.079529170742449, 0.0, 9.33566580036255, 20.855211945958473, 31.001143381332025, 32.93700623860559, 19.325668370453034, 11.62283986994168, 8.970522769730868, 10.812844883641219, 44.60861449740529, 53.80553780062446, 63.357127134603935, 73.83328203473545, 84.53070831052008, 80.95557478929057, 72.43825193531416, 63.42206051532303, 55.293183007346585, 47.18131232403449, 19.157731034160648, 31.21301440756163, 43.07527772054997, 49.74367455140903, 56.429933372920985, 62.33508894966447, 66.45687608951552, 68.3766845707056, 65.60775874412805, 53.00465121977249, 42.350920899872015, 36.7454326615465, 71.95432651373388, 67.20962392283036, 68.51087690032952, 72.21500442381868, 74.49203135357956, 79.40773171102957, 88.83909788361255, 95.45743362854, 93.70754042438648, 92.54201372548616, 89.1711035273917, 83.97088893388417, 72.66499764057485, 72.27273987790443, 76.07912496337711, 79.21731760379996, 88.65720899209775, 87.68990007290128, 84.6376623388869, 82.26718798797617, 51.74198371623367, 65.77480039698527, 79.18841398188952, 89.45189020334988, 103.01854081083384, 115.47326694181916, 125.46441662622172, 124.9052323040773, 134.86112430035664, 137.8932417899742, 130.07412494533617, 120.26808521452027, 115.03651052194132, 106.93278053096965, 98.47553335010562], [20.55962702406252, 18.042956013359593, 20.118977307790573, 26.586485191094365, 23.99500824889212, 22.106496770584208, 24.18946933427955, 53.96494696748603, 59.09706537118331, 67.64033833808305, 76.18113913266762, 85.25996224776502, 76.9608452880712, 68.81949176301822, 61.0685166745938, 19.2089241923363, 9.33566580036255, 0.0, 11.57612267135944, 21.87190670711544, 24.084483199713855, 10.669025711583132, 6.6209978475650475, 11.847502841645028, 17.36255199882912, 53.33301935395686, 62.37311627567139, 71.63204179139207, 81.65981532999714, 91.64929929902469, 88.4438597892189, 80.45072066393465, 71.7540300260391, 63.73622377005602, 55.67230663760414, 26.984272094268338, 38.25399183650262, 49.03525693627745, 53.226305880296344, 60.018957997172414, 67.22957209350197, 72.05386746786087, 74.44381816576582, 72.25616275561393, 60.4188674983781, 50.19654522450248, 45.146119210702516, 72.59789690474915, 69.7559938075399, 72.26622286703305, 76.90912430851962, 79.87193262827645, 85.11477534924921, 94.58107413324082, 100.33798768356718, 98.11609346374118, 96.25207892012277, 91.88702326676744, 85.42357061274207, 73.62650170028944, 75.38934823698683, 80.43712094925357, 84.14755501315541, 94.15559803230015, 92.27539228526797, 88.52617429760365, 85.15714377405037, 43.30884131147142, 58.56212655798269, 73.6105556083794, 85.06624566196447, 99.72012965491437, 113.70913303556898, 124.94495975586601, 127.53112082015194, 138.23492776022695, 141.84822642097163, 134.8249300990616, 125.33957529832011, 120.53170494136744, 112.7179799153207, 104.753568963844], [26.710450535924245, 22.158538016070487, 20.479343241132174, 23.270301982855443, 24.62549744891658, 25.85494406927514, 29.85867673473245, 63.4672961661504, 68.72277264362354, 77.49013475029554, 85.83581609657797, 94.29734537911175, 86.62095051560058, 78.61720724294422, 70.6900055704424, 30.57977218223937, 20.855211945958473, 11.57612267135944, 0.0, 10.800823756010887, 13.994138807051504, 6.524565874734503, 13.338690765382447, 21.295766675224936, 27.67410454561757, 63.86906315780267, 72.64564759120086, 81.48326935802842, 90.9104818041182, 100.00713268721604, 97.29946615748182, 89.96241916915149, 81.70348554136099, 73.90235891841621, 65.97527330641117, 37.593700672613984, 48.423141208137444, 58.289772106195876, 59.93613552470103, 66.62150409700628, 75.03466508138513, 80.40789316341366, 83.05484576842342, 81.31363767815567, 70.45216757947225, 60.397226131758806, 55.64000225733422, 75.57827257672857, 75.06485259720566, 78.82195392932984, 84.3110905783016, 87.8490320434799, 93.2446337635072, 102.40226735538197, 107.40824472380896, 104.84747428986468, 102.33173244872137, 96.97701878479147, 89.13439167927328, 76.95950943407088, 81.15744678166243, 87.40583255719592, 91.5684295130069, 101.76001710718688, 99.1707519358236, 94.836889675247, 90.47975181862557, 32.70570299065989, 50.19884144110436, 67.80258414962191, 80.84980151234052, 96.9500269650357, 112.83368363735015, 125.54676806403187, 132.0466224784522, 143.11917003813676, 147.10345122813342, 140.8143683061565, 131.59348970732282, 127.1433564631054, 119.47383622133515, 111.96419155749838], [31.925328932428265, 26.509692013243313, 22.295966722232098, 20.815773075485836, 25.77448908162632, 29.299440309028178, 34.308518474562995, 70.57304798541236, 76.05195451485339, 85.10381023145324, 93.23374802683931, 100.98472328787214, 93.90405614195434, 86.0097481098594, 77.883262110647, 40.27459208650956, 31.001143381332025, 21.87190670711544, 10.800823756010887, 0.0, 4.6500875315441075, 12.944613208806944, 21.556607383694455, 29.517519268915578, 36.152289166352865, 72.78348504283449, 81.39691276137806, 89.88859607766872, 98.67470357172128, 106.72387531361518, 104.3367007964131, 97.79714668056344, 89.99577107490889, 82.26517300669714, 74.41822623882042, 46.00350033208893, 56.14401112646287, 65.06252146174198, 63.98992462527165, 70.36359347945455, 79.83576883624539, 85.62690056668174, 88.41286582519942, 87.17054625510853, 77.60071602932086, 67.93347330269998, 63.90901027976452, 75.59590754985713, 77.40307738454686, 82.30153757550526, 88.4984489021942, 92.52144060520274, 97.95961463145245, 106.6868192354307, 110.83680449158804, 108.00511766976174, 104.91190792761456, 98.69515729924508, 89.61111096727257, 77.28026419643412, 83.76885746349194, 91.07522903828679, 95.58218519881152, 105.80478038208734, 102.51638237666074, 97.70067384047168, 92.46796845378236, 23.367812965586356, 40.65600694023866, 59.881327726141606, 74.06639174355305, 91.24099886216347, 108.62418436049174, 122.55040585427412, 132.75930151706362, 144.03504340859945, 148.49885464248985, 143.21620715828294, 134.53990017630147, 130.79050182045282, 123.96617923798222, 117.84216125929157], [31.238344106254043, 25.431679474883012, 20.295952481391428, 17.28175655874214, 23.300611475549267, 27.673928057396925, 33.126517155612355, 70.78139662951293, 76.46020146126168, 85.68126318559085, 93.77121193327638, 101.30194012052036, 94.29972629577068, 86.37103568299335, 78.13285155978652, 41.79485256508748, 32.93700623860559, 24.084483199713855, 13.994138807051504, 4.6500875315441075, 0.0, 14.122496269987293, 22.505658912509137, 30.276265194682978, 36.93716799871173, 74.16143034531493, 82.83759257157945, 91.33882992022183, 99.98464471685352, 107.70747630316855, 105.23086495887357, 98.96160505302548, 91.25092840195143, 83.39382747312312, 75.4969171199021, 46.5630701553823, 55.946336344403406, 64.2252066770783, 61.91669983431021, 68.12804756825301, 77.99039264000302, 83.96911790458783, 86.90426542271247, 86.01144701171198, 77.02399151351115, 67.88452279725227, 64.56924508627029, 72.06348509823003, 74.59511797580387, 79.89891869563209, 86.37367766185444, 90.6273577825311, 96.14440882161095, 104.89265283623538, 108.50393902395624, 105.47771836138828, 102.13568297067783, 95.6142975624973, 86.16699531024985, 73.8307534945339, 81.04406121812583, 88.74403636228135, 93.42411253215758, 103.87593333773792, 100.11896514103863, 95.06385590941433, 89.50766795937399, 23.23188540782771, 37.13434616324217, 55.504549562040786, 69.59035582753626, 86.70274212988446, 104.21946256377986, 118.33140925819973, 129.35704262907626, 140.99991993766056, 145.94178466865156, 141.31394595218723, 133.09295759863022, 129.8956692214204, 123.95549762066209, 118.93840842480317], [21.87886527694583, 16.413944846265657, 14.256431909850585, 18.024007493166607, 18.367058916335978, 19.858295421547286, 24.575316778627553, 60.48886997455655, 66.07493350835429, 75.07389434247155, 83.50687108378696, 91.97741865028712, 84.0741637710834, 75.89169425380028, 67.80348906744105, 28.435852585075775, 19.325668370453034, 10.669025711583132, 6.524565874734503, 12.944613208806944, 14.122496269987293, 0.0, 9.13988476650603, 17.67589618649705, 24.345619685286323, 62.26639394868677, 71.30791723837197, 80.39282665806323, 89.92678189395075, 98.9862356934294, 95.92471363694199, 88.65061525324214, 80.28652977518978, 72.15812514985325, 64.04003761816978, 34.07159324790898, 43.71733337787711, 52.87770326014132, 53.72322653116051, 60.39886856477806, 69.04722057397608, 74.64291174099041, 77.60585406198994, 76.3056123641999, 65.69764955895614, 56.498983329000964, 52.8114971999412, 69.24380752897893, 68.65744811708103, 72.55967399488654, 78.25643021785486, 82.0343814604251, 87.65242637144489, 97.243438417715, 101.6585051530476, 98.80942343455514, 96.09651748735904, 90.5993240370259, 82.76172475414207, 70.60662432945024, 74.8311957253383, 81.294562482425, 85.66913274385924, 96.46394555978371, 93.27481255432632, 88.68208065422441, 84.15906424055116, 35.669726909066874, 49.3115514052255, 64.67638248647685, 76.87963946363023, 92.20547814569831, 107.49345544524219, 119.88820528317233, 125.82127499614518, 137.63296887963037, 142.31921404576207, 136.73078123142753, 128.06622037011627, 124.27540667697969, 117.8020444953133, 111.61364383364158], [15.007623503124373, 11.49752736108621, 13.863451069566374, 21.072689636278543, 17.59355967457052, 15.529761217027293, 18.27240583295013, 51.876857644397795, 57.445437047819375, 66.3767541341791, 74.90810521198478, 83.67970247667712, 75.44479388327602, 67.17850962254404, 59.15072319141806, 19.68501326463251, 11.62283986994168, 6.6209978475650475, 13.338690765382447, 21.556607383694455, 22.505658912509137, 9.13988476650603, 0.0, 8.642371868893516, 15.24817679506255, 53.53384282904675, 62.71568297967288, 72.00350123293401, 81.795210646498, 91.26366650933547, 87.87420442724577, 80.31738622809901, 71.7604486063377, 63.475501684907215, 55.27248910580515, 24.952815650973857, 35.17844904028084, 45.28922240808076, 47.768348621376546, 54.49256792057123, 62.29978173582007, 67.39301724858757, 69.94781835343825, 68.19794194744864, 57.142275476376035, 47.58209267841138, 43.806525067189774, 66.14075415818016, 63.82744791694753, 66.75682240814436, 71.73209660120654, 74.97022178527205, 80.32937470085332, 89.8808436986927, 95.04378450455357, 92.62178420363853, 90.51898034625945, 85.87519164760933, 79.09217727580578, 67.21709643323035, 69.56115523919158, 75.04341011962308, 78.95170394846663, 89.2830264803723, 86.85876360244455, 82.85736815207781, 79.17856584064774, 43.09056301813932, 55.03263074136139, 68.36237099291806, 79.20875544744504, 93.43295319641489, 107.15807684138125, 118.33921050229854, 121.3542493512402, 132.41245373874727, 136.59181214642203, 130.34589968537472, 121.4375730477918, 117.38442119080875, 110.88159162308888, 104.65160412408649], [10.504000160058503, 11.701895189890484, 17.80737363640183, 26.016969873829872, 20.42327469004405, 15.128147904410014, 14.201491697392779, 43.353451326509955, 48.91170548749124, 57.82509853545741, 66.39648555973363, 75.31506225524758, 66.90075562623595, 58.59600029960059, 50.59777916353565, 12.660935228126709, 8.970522769730868, 11.847502841645028, 21.295766675224936, 29.517519268915578, 30.276265194682978, 17.67589618649705, 8.642371868893516, 0.0, 6.718825296190846, 45.31334222205435, 54.55429740823206, 63.9188769249123, 73.78188908845647, 83.41945461192029, 79.77295118999774, 72.1219806071313, 63.50629709345413, 55.10052777006461, 46.85051605508163, 16.518767578391493, 28.04054734212244, 39.42158058725592, 43.327265172510835, 49.88292521917769, 56.75729013536853, 61.158825690952504, 63.01006744286912, 60.63487938457588, 49.4647808498645, 39.144790574956716, 35.186138918689615, 63.920092396467666, 60.15712013725893, 62.08831716581851, 66.19911886025253, 68.74094311909074, 73.62712928238614, 82.75822342754059, 88.84996966964985, 87.04239421512361, 85.65641994473022, 81.94794590136307, 76.18688329285995, 64.71224883734138, 65.29066536881803, 69.68422800525978, 72.95617111676205, 82.37272773334769, 80.98856957230076, 77.75254087802759, 75.00323257341743, 49.657945981659836, 59.97970543700189, 71.57390656502754, 81.16576872568393, 94.42532593413418, 106.68860178614408, 116.71317785105057, 117.23860748418686, 127.07688166981102, 130.52298449679458, 123.54008190297442, 114.34271137433899, 110.00859580707147, 103.48028971295042, 97.40806201930747], [12.38089350969287, 16.31764896081767, 23.272075783980014, 31.640973794706905, 25.170504903971988, 18.72869607498752, 15.385415165433072, 37.33430105614832, 42.79407331774963, 51.56635284408601, 60.22469037973257, 69.45632046000436, 60.71911876694604, 52.35525577771401, 44.47608896519142, 7.988281306471498, 10.812844883641219, 17.36255199882912, 27.67410454561757, 36.152289166352865, 36.93716799871173, 24.345619685286323, 15.24817679506255, 6.718825296190846, 0.0, 38.956292668157474, 48.31124374341928, 57.8547203890265, 67.9586161953113, 77.99902183190554, 74.05967601486527, 66.11860865158596, 57.320875055537336, 48.78716446898765, 40.47279008551771, 9.960021207766676, 22.887990520623166, 35.36623033290538, 41.1360850493454, 47.48314817229251, 53.24825497420958, 56.9969256541054, 58.331774813217066, 55.41405618759415, 43.78842015020293, 32.88541710075355, 28.611026159513152, 63.73726339719217, 58.5364110625996, 59.46689389268154, 62.752232088967396, 64.6738618690771, 69.21011073266406, 78.17545030832305, 85.02116226448915, 83.6648316922745, 82.88185257699553, 80.00808607396881, 75.26324804654672, 64.26672465149996, 63.125404168441506, 66.4627262145486, 69.20018953130369, 77.99113588157445, 77.43905960305482, 74.83515932015337, 72.93054013219864, 55.774608072905146, 65.42490583216943, 75.85668854530448, 84.51304730459181, 96.9083576596367, 107.95606216235183, 116.99228986029514, 115.17506681868804, 124.25295651653649, 127.17911056683471, 119.57109705252091, 110.13214298524713, 105.50269633571284, 98.84808601883267, 92.62138285060847], [47.3239552855322, 53.84498571876922, 61.320960608695884, 69.21000876488681, 62.435983909113865, 55.05675533085205, 48.67427800735417, 19.20120231700041, 17.392137441784747, 19.62220113184273, 27.27854332003029, 38.340652541526744, 28.90107163123906, 22.643112176728284, 19.990605347829916, 35.12054674143536, 44.60861449740529, 53.33301935395686, 63.86906315780267, 72.78348504283449, 74.16143034531493, 62.26639394868677, 53.53384282904675, 45.31334222205435, 38.956292668157474, 0.0, 9.670630213411377, 20.021900346332814, 31.73786106918778, 44.981814898218246, 39.94213361821287, 29.487767660760944, 19.563919962410882, 11.592869375191414, 5.709877841095811, 31.43131080027344, 36.02914331810775, 46.544225952107844, 58.352094825653985, 61.67485141534366, 60.283956689502816, 58.547616406806945, 54.6140860717196, 46.952326268660144, 37.42735118605662, 24.197054338907744, 14.803337257243921, 83.57922551370524, 73.7999