{
	"dissimilarities": [[0.0, 7.362503870228592, 14.816775064982123, 23.84695139685283, 16.87847731418054, 10.566224733531367, 6.864970580837548, 40.963260399646664, 46.87908210408016, 56.21672561001035, 64.5148374307186, 72.59612851384522, 64.93553434491751, 56.671055302969805, 48.29975511842615, 18.151093184422887, 16.606383288942627, 18.08308737969999, 25.401830802006458, 32.36893287563602, 31.870664309249232, 20.57430619852444, 13.177945640761388, 8.531636465133404, 10.65981665116999, 46.57445936476563, 55.433189574724224, 64.30214314814576, 73.34478647992464, 81.1496175836076, 77.83644622458779, 71.50806546389505, 63.5274852357192, 55.14483153631921, 47.16372002040267, 16.75965327029127, 23.640454739908577, 33.800104236508886, 37.109255416381785, 44.40194458703503, 53.89995586600777, 58.716791745145045, 59.14789980724988, 56.617450696615265, 47.13286187028691, 37.35566414036958, 35.13073244488382, 60.33042037308707, 58.16571726517487, 58.4235910126122, 62.78441607436435, 65.42308624125648, 70.16063749901244, 79.32922700650673, 83.62529746961916, 82.90448758515349, 80.5076581326316, 75.62847475139932, 68.64868870072218, 61.27408420236113, 62.26982408563361, 66.09425484540623, 69.37904188355398, 77.95518111232168, 76.75645154039418, 72.58553311207925, 68.6573788581927, 51.77825769277938, 57.95836174103631, 69.29123560601039, 78.34659706992511, 90.92695568451678, 99.83961272194331, 112.560028091074, 109.51382633467995, 117.1678821367635, 120.35536388519661, 114.29333252664355, 106.61802665701401, 103.44870242264601, 98.30321144457712, 95.24948734297706], [7.362503870228592, 0.0, 7.794291155111606, 18.094910363922946, 11.883350089065964, 8.649655805288033, 10.698121053870251, 48.3102678733503, 54.17876344574646, 63.495394826470154, 71.81759727122316, 79.93407354281254, 72.29206717403089, 64.02576786721394, 55.66088822391566, 21.96892739151186, 16.94143005363839, 14.655113653285873, 19.751115822154127, 26.210780015202392, 25.46139851635039, 14.056622348406252, 8.627318491766315, 9.952047434334755, 15.253824364188214, 53.219839056416866, 62.19019491858674, 71.15782629062069, 80.3115171767105, 88.19156571760684, 84.99891461480723, 78.5825019903475, 70.51805904741062, 62.153308066792206, 54.10827468295453, 23.001137437145104, 29.37308893393211, 38.165182731133584, 40.14579681065297, 47.58101290760785, 57.75893497219536, 63.23862796428225, 64.56042025636036, 62.74473269551602, 53.10831414014168, 44.21015644067884, 42.06813619723348, 61.43368324945828, 60.40576917244776, 61.59409485458902, 66.77406978167056, 70.10568068851373, 75.37239667465629, 85.12234837489028, 88.5063065010646, 87.08119374772424, 84.01038017396912, 78.2721736083403, 70.39889763445103, 62.62206895635609, 65.11551735994728, 69.96362148940393, 73.89427873109346, 83.57670920596308, 81.2571011464189, 76.3422463334268, 71.55924649478106, 46.78718494115486, 53.893528288905735, 66.40836519306445, 76.59812213048723, 89.6290326160786, 99.7509245819947, 113.45131786344389, 112.47549592608283, 121.58965082373346, 125.65272747434283, 120.39002156327969, 113.05181703283688, 110.24349935976105, 105.16890674617525, 101.91414227569115], [14.816775064982123, 7.794291155111606, 0.0, 11.180071045910621, 7.5415834636009285, 10.380865141349538, 15.912665674197422, 55.640847518044765, 61.64388639696625, 70.98312852144821, 79.24188639495397, 87.03956493456177, 79.56554678393911, 71.30775049762096, 62.89510875363394, 29.18246217936744, 22.646954724035922, 17.302505513647354, 17.35557468728155, 21.001341553271928, 19.340053340634636, 11.26776751112167, 11.862233067099888, 17.04414890118348, 22.86514168053522, 60.9976012682093, 69.92673281346677, 78.79454968858045, 87.76358763178489, 95.3512601478131, 92.29756110901022, 86.11102153803425, 78.17574000628599, 69.85682131200798, 61.8520971139409, 30.697195423717147, 36.031183532419384, 43.32841971594296, 43.005548756682096, 50.50417615513816, 61.73029823015255, 67.808363835777, 69.68818597593976, 68.53303239072896, 59.45526686608339, 51.422749021283046, 49.774832620270104, 61.196098470502676, 61.80235703477247, 64.19272556714937, 70.2238004466938, 74.22401387459051, 79.86825907287367, 89.79281816482289, 92.20808172982434, 90.16551514058472, 86.41279926256566, 79.72641712294627, 70.7448112992324, 62.62797120589491, 67.08151267668403, 73.12443755778295, 77.65076309331693, 88.10174956241963, 84.65653369974868, 79.0300733120801, 73.3204295272801, 41.70041848774636, 48.06758679175135, 61.21698734665322, 72.3778920084879, 85.82129066530993, 97.2363789535327, 111.90129223313774, 113.86250780124519, 124.1404353810532, 129.05517218437006, 124.80841689724423, 117.96523178875489, 115.80024952220609, 111.22976353848256, 108.5285710051818], [23.84695139685283, 18.094910363922946, 11.180071045910621, 0.0, 8.934835317599648, 15.968758887993175, 22.25167965746824, 62.866735336953276, 69.20118654422404, 78.54290395915733, 86.53282156672604, 93.34996621238174, 86.3693399514556, 78.2111641957212, 69.75063932160624, 40.022264020038726, 33.69544247507653, 27.572640506258335, 23.326656584762443, 20.886867157378607, 17.300381699631888, 19.0769618230463, 22.799227908893517, 27.893689051611133, 33.30206882214332, 70.288300171704, 78.92381489184203, 87.34647240348438, 95.60622064018727, 102.23574014105553, 99.38297749175558, 93.99741327963133, 86.57856759109531, 78.39485005280952, 70.63060009461829, 40.29464791120054, 43.939186441455114, 49.47475465369005, 45.166771512868756, 52.5990715619015, 65.56137764634302, 72.12306916277245, 73.98818344993906, 73.44758235602444, 66.17368870636217, 59.115163605827476, 58.56306547816052, 57.87987087322718, 61.20832219463681, 65.36160569576646, 72.31673126933333, 76.94986934732894, 82.68331899349845, 91.97594216133919, 93.26767745563795, 90.7725250737734, 86.31928877498896, 78.49533555466826, 67.91820051992592, 59.56109629691117, 66.99641280951401, 74.59395257504501, 79.62612905047342, 90.19128416129686, 85.57941764649512, 79.29592845284063, 72.49493756203006, 37.346990414956835, 38.17031231748242, 50.55587760532035, 62.41196399352393, 76.34884430959879, 89.3318270050724, 104.9733820695186, 111.76645269723677, 122.5515905547192, 128.25080620487296, 125.4735507413764, 119.46548187940122, 118.50277363668668, 115.25718235821762, 114.48362862503069], [16.87847731418054, 11.883350089065964, 7.5415834636009285, 8.934835317599648, 0.0, 7.602534793906112, 14.727976968816524, 55.632969223221345, 62.152978105223134, 71.55313254308868, 79.63449893277969, 86.8139457557558, 79.35574880077358, 71.08667150531271, 62.71584950459913, 33.313114875142254, 28.427475045993198, 24.418335782031704, 24.592276675133007, 26.215558993839768, 23.565576593084877, 18.628691205077452, 18.49230437632717, 21.593877894153355, 26.26316877279728, 63.12573913073962, 71.97565501231274, 80.73388057911465, 89.39036494802664, 96.45825961878285, 93.18690505210935, 87.46382249194347, 79.75540927965066, 71.32548496055455, 63.40590377770552, 32.48371410628714, 35.20845159252024, 40.67267357186086, 37.66569426329915, 45.170483021248614, 57.44990642018102, 63.86345746206988, 65.87647521389702, 65.358592726014, 57.49506631348865, 50.843152765717676, 50.81863268605733, 53.943445676714234, 55.327419101368626, 58.4613541904627, 64.98777413746582, 69.39848238517104, 75.22137691517796, 85.20623442205381, 86.76193683211851, 84.3439821346287, 80.2294123066788, 73.0872077673406, 63.62901544489787, 55.433461608881814, 60.82313753476724, 67.59023715780383, 72.44360177634496, 83.37101377664122, 79.03892717518468, 73.01064175066948, 66.82165425676601, 44.930345608323684, 46.20332082979615, 56.532217315585505, 66.28145755180242, 79.11596071310782, 89.93917777494154, 104.57004913923767, 107.03514423663498, 117.95149725237361, 123.72650285834825, 120.61787638373085, 114.52334061640751, 113.5117567604931, 110.5975178594584, 109.85374515285811], [10.566224733531367, 8.649655805288033, 10.380865141349538, 15.968758887993175, 7.602534793906112, 0.0, 7.402699175811143, 48.127207317611216, 54.68727101869409, 64.09323995392208, 72.19315448225883, 79.5253636154919, 71.9072522950915, 63.6111843545523, 55.270296127724166, 27.660069309996477, 24.713438424816992, 23.208993160510367, 26.80316781282522, 30.762517977334042, 28.866506448393174, 20.783512770626505, 16.99412017564269, 16.878910635183004, 20.22794587718933, 55.87106996336037, 64.70218849098387, 73.49479860856627, 82.22260522155803, 89.4288464048139, 85.98071170591813, 80.16335930819574, 72.40683307038852, 63.91946326089199, 56.003860011446655, 25.390153253845533, 28.006119189899945, 34.538099150537306, 33.264860233066315, 40.85930013746645, 52.410032925466815, 58.30704103101074, 59.73599848621638, 58.651282485088934, 50.501453988157664, 43.29931740133236, 43.32269701753279, 52.93930239813871, 52.62601051198812, 54.59124757322328, 60.335406790538876, 64.13407263817169, 69.61554105842211, 79.44689471136525, 81.88271483565197, 80.06158227126892, 76.6043316476535, 70.38332613172295, 62.020404346347036, 54.16397418341352, 57.558534480767165, 63.203857449045955, 67.50166292736314, 77.73117875917228, 74.41844315902541, 69.05948166643708, 63.764809559862364, 49.78103197668707, 51.65787902056812, 61.177204764093275, 69.74517167272393, 82.05482170751992, 91.41278131230739, 104.99325323634548, 104.46009295604267, 114.22078493589792, 119.23793298261363, 115.26366269510595, 108.7817794931488, 107.3352017619501, 104.24232248816831, 103.37772753885426], [6.864970580837548, 10.698121053870251, 15.912665674197422, 22.25167965746824, 14.727976968816524, 7.402699175811143, 0.0, 40.92695020739288, 47.44190702107941, 56.83938234306711, 64.90717189413586, 72.20405442641727, 64.67604154040804, 56.40610347462738, 48.01853312736534, 23.970654213937635, 23.353631089934645, 24.21364368760154, 29.817544999047065, 34.91925061506439, 33.61187697564052, 24.577147289919715, 18.6635599329723, 15.158170525738553, 16.378783157036608, 49.216476501366316, 57.83105434650271, 66.41388082556657, 74.95065993123346, 82.04775973478645, 78.59930742626528, 72.8937113059148, 65.28363353557663, 56.878677721813105, 49.09814760604878, 19.874422925947915, 23.15770208840137, 31.524843648792316, 31.958288055386415, 39.45502398740106, 50.22983107103279, 55.32886084594944, 55.624912326070714, 53.556742968453996, 45.53464741271026, 37.02219202678332, 36.69514299217206, 53.88737089644601, 52.38081926795001, 53.271691621741226, 58.04127257728623, 60.98510088872907, 65.79465394774012, 74.79060018481839, 78.46085038444141, 77.55398496309819, 74.91030312135571, 69.6716331807451, 62.24874062092711, 54.83662861219013, 56.60821769706153, 61.05902598943819, 64.56357408079442, 73.31512456179588, 71.4692188113919, 67.02324808524865, 62.7240751659838, 53.1642740878539, 55.4981002561327, 64.67957774634722, 72.57143977075093, 84.68655031111814, 93.10702994615467, 105.70564276054628, 103.377271609951, 111.21675783351414, 114.9803173567057, 109.85873048336933, 102.81821740949344, 100.71695605113555, 97.13776557911886, 96.1263289748112], [40.963260399646664, 48.3102678733503, 55.640847518044765, 62.866735336953276, 55.632969223221345, 48.127207317611216, 40.92695020739288, 0.0, 7.518715827444471, 16.447988939112314, 24.278467662396714, 32.543262894135765, 24.067988299007332, 15.74322197861146, 7.69776669945368, 37.07707629632592, 46.069213002588896, 53.703549892824526, 63.558506175330685, 71.28084105458444, 71.3841837322775, 60.36504589598328, 51.689501153513184, 43.20307201679391, 37.16450967814926, 19.244099117918875, 23.409594880294833, 29.774138264773022, 37.195677170181554, 44.38622214063943, 39.575518161617865, 33.9816522240923, 27.254472780535234, 19.571394490350603, 14.926688562093366, 28.684702998039423, 28.0063200192496, 35.983552615380056, 45.255988880869126, 48.05336925645144, 49.05982467613632, 47.66138071000416, 41.300327493995646, 32.928409139229515, 27.885887432236128, 14.292768249146803, 12.940482071600037, 70.49949488908261, 62.57029174220777, 57.164272273344984, 54.995682662812854, 52.0366967734883, 51.77983890012268, 55.22380343930638, 66.10919080910034, 70.35934639587263, 72.81486696512499, 74.16156338578574, 73.77383936586939, 70.02037949926319, 62.19826160461964, 58.45400057059698, 56.53767903086732, 55.43240637571216, 63.005718699532395, 64.68133897619295, 67.01666881693517, 86.90210702609224, 90.16394528130799, 96.35005742808372, 99.8980416456284, 109.22189071566183, 111.38433174017999, 117.9936191440251, 102.256602690191, 100.48573025733317, 97.65273977456859, 85.9129221857227, 75.88432899613484, 69.64329894639165, 63.91543461158234, 62.16648885453709], [46.87908210408016, 54.17876344574646, 61.64388639696625, 69.20118654422404, 62.152978105223134, 54.68727101869409, 47.44190702107941, 7.518715827444471, 0.0, 9.408051388247248, 17.703727629186204, 27.198564911839117, 18.879886651212868, 11.31988423283043, 5.958232864092339, 41.11538219434028, 50.301964837729095, 58.233163136758264, 68.22820539987883, 76.26544416709274, 76.68651134346474, 65.53839281619543, 56.85626080656371, 48.37231681536973, 42.23629286700662, 15.797882983160816, 17.18493760716849, 22.41734207266011, 29.760773185407885, 37.553327073782555, 32.659114821965844, 26.536691066104247, 19.839759167202207, 12.738878023970008, 10.62778396528519, 33.99063670614877, 34.52335346100823, 42.579356756558084, 52.58701789282281, 55.09743133479561, 55.03362430501792, 52.9042988475398, 46.071486010976216, 37.15918919801085, 32.56152408055755, 19.866398243243665, 16.221956275734133, 77.70392203432584, 69.50288756520675, 63.67190822693058, 60.83635424266903, 57.21642657512033, 56.189387676770046, 58.334234694475356, 70.29822044818074, 75.27616830264981, 78.37183094543252, 80.43291488295178, 80.6344028572509, 77.1555071933934, 68.78866234951549, 64.276429759702, 61.72291816056145, 58.921688700931874, 67.93573559014824, 70.40244369174744, 73.40283870681459, 91.3988322413831, 95.9164426432724, 102.72443468161461, 106.52699789658367, 115.95693516241653, 118.00821954691295, 124.11738829025758, 107.45241885115577, 104.00536925023879, 99.633883601051, 86.27287973303102, 75.35873492058651, 67.4445095581455, 59.71259299064241, 55.94979537945075], [56.21672561001035, 63.495394826470154, 70.98312852144821, 78.54290395915733, 71.55313254308868, 64.09323995392208, 56.83938234306711, 16.447988939112314, 9.408051388247248, 0.0, 8.527656706157327, 19.418819470163704, 11.374634978216179, 7.4755974892152945, 10.842727733762707, 49.58899514519386, 58.90155756137017, 67.00219090374338, 77.05224198069236, 85.17923630344448, 85.73124938615896, 74.60172232637726, 65.92154298641573, 57.446690887474624, 51.26011976686692, 19.075016248906188, 15.277160697662014, 16.28411495190635, 21.83926492723988, 29.567072309443912, 24.02879361324734, 17.96330957207808, 12.835064145968925, 9.665037816515927, 14.12882488439877, 43.0193104867776, 43.243267753203874, 50.290508609259916, 60.45707904996564, 62.25656588431306, 60.719206620717024, 57.491738031268774, 49.80220046962656, 40.39170538235107, 37.59481520159137, 27.33229733957111, 24.348788829696872, 84.80593523141182, 76.07514396670858, 69.5951198274155, 65.7016513173719, 61.107539600416125, 58.903809602889034, 59.153119052491505, 72.36154273862428, 78.34881401794065, 82.39939456724302, 85.61406214228157, 86.92344373595861, 84.08264583584493, 74.68643313341362, 68.9843194861682, 65.45524965120504, 60.22498225802805, 71.10351072780962, 74.7589889417419, 78.83545843981106, 99.79001054156494, 104.44923360177538, 110.92958237578105, 114.20557454893195, 123.20265156469135, 124.35118711286245, 129.3645287397303, 110.67473735324818, 104.96206564878587, 98.82723648635893, 83.76618998329214, 72.11509731774748, 62.69988640605106, 53.79220609363753, 49.20188589525265], [64.5148374307186, 71.81759727122316, 79.24188639495397, 86.53282156672604, 79.63449893277969, 72.19315448225883, 64.90717189413586, 24.278467662396714, 17.703727629186204, 8.527656706157327, 0.0, 12.058467923462622, 6.360908836122161, 10.425499542281896, 17.49814030724354, 58.08599239467293, 67.37652703268509, 75.43332682299386, 85.33454987612522, 93.28042785140819, 93.82324623468847, 82.9833519198622, 74.37144899804407, 65.92396639725582, 59.76653453703363, 26.38093622496353, 20.24546607755398, 16.638022683651982, 17.544762183830304, 23.275965189244914, 16.98518015012105, 13.107880145726462, 13.016490041551256, 15.323118921008117, 21.915960271903625, 51.511920018895616, 51.20559212156889, 57.33085153847376, 66.94100075731812, 68.15945535064917, 65.78889051495953, 61.741287958182326, 53.21985939787495, 43.589304296574326, 43.0082204749283, 34.70865243792429, 32.72147743791501, 90.05592518831652, 81.12918936229217, 74.2997630266859, 69.595073477137, 64.22479093745713, 60.91342623330156, 59.0365511101532, 73.24178664877594, 80.18711961832332, 85.06369841470546, 89.22680038090965, 91.3944788936234, 89.17062757651608, 79.14927389536001, 72.59489882037997, 68.22906029834756, 60.574509773560074, 73.05163271768382, 77.76196154448054, 82.71467629428305, 107.24838195180224, 111.30382531683915, 117.06318200222333, 119.61393759939713, 128.08608347383714, 128.31798379057554, 132.22532042780526, 112.1896479168923, 104.11578146307825, 96.2783496735521, 79.77753199953347, 67.57204090128604, 56.995098413884755, 47.605307418083655, 43.650264890554666], [72.59612851384522, 79.93407354281254, 87.03956493456177, 93.34996621238174, 86.8139457557558, 79.5253636154919, 72.20405442641727, 32.543262894135765, 27.198564911839117, 19.418819470163704, 12.058467923462622, 0.0, 10.234069856379232, 17.686633098342632, 24.906223755245957, 68.20434788660397, 77.14646423922052, 84.70209012604653, 93.8850969922223, 100.97848641554468, 101.28400628410502, 91.55579240340367, 83.26912341499104, 74.9838132398191, 69.08018848289757, 38.12986808882047, 31.98170660028973, 26.487135087433387, 21.729066580930642, 20.030185079325253, 14.680142329180226, 18.799435139058325, 23.63810306415077, 27.238706751349298, 33.46391286442604, 60.956989425722604, 59.82704475573777, 64.917942413578, 72.30505031575437, 73.01992406719008, 70.93353026511531, 66.34645274684826, 56.54799389058294, 46.85164092216141, 50.02660785503019, 43.41016818887208, 43.02025754799729, 92.53935907947587, 84.22999712566273, 77.631549592113, 72.3626573920159, 66.32269462061899, 61.590968150897346, 56.01972226927376, 71.324268238574, 79.59900231794339, 85.32096399146332, 90.25936136084349, 92.91053995137258, 91.46550556210387, 81.63253292138826, 74.69882383632125, 69.46134933842387, 58.21464645353264, 72.50845403951249, 78.40449505860067, 84.09124037945364, 113.4883543734935, 115.30740317383709, 119.3607149721969, 120.60811750847786, 128.26921999773495, 127.4139470914058, 129.83720117176262, 110.16762546202555, 98.33541036898227, 88.01716807074914, 69.84764707131644, 56.93549801777232, 45.28330554237919, 36.709003483725944, 38.15839479863003], [64.93553434491751, 72.29206717403089, 79.56554678393911, 86.3693399514556, 79.35574880077358, 71.9072522950915, 64.67604154040804, 24.067988299007332, 18.879886651212868, 11.374634978216179, 6.360908836122161, 10.234069856379232, 0.0, 8.388084284306458, 16.681994323331608, 59.84176404886046, 69.15242736644898, 77.06563485980563, 86.86172221149472, 94.4664918749044, 94.71478629302895, 84.11306362517057, 75.49372073832927, 67.00640117663907, 60.874813512648835, 30.034820073500356, 25.27356191036645, 22.890806654498544, 23.27974190384801, 26.80866194105506, 20.517473921894457, 18.9219434964924, 19.10443663201912, 19.855946302950958, 25.083473302683757, 52.32517100945412, 50.56116893241362, 55.4628864284248, 64.06048840869525, 64.78466308451404, 62.190466093156346, 57.802308463017454, 48.67448367359632, 38.96324982818643, 40.36098658384069, 33.712331511751316, 33.821787985278185, 86.02453284878239, 76.98101225756967, 70.03758784905276, 64.96533564272507, 59.27560344758172, 55.4737741385138, 52.83993428793535, 67.24893523845256, 74.49627116024679, 79.65050598545405, 84.19023665260887, 86.82264499637876, 85.02221584323237, 74.63981641196479, 67.74040316336209, 63.01662253623704, 54.47549904448541, 67.38588353693758, 72.49399671075444, 77.83130077933275, 108.50246440716013, 110.82291384846788, 115.2451902189143, 116.76628868957536, 124.54231046806333, 123.85565493175815, 127.16161682732697, 106.28188447434285, 97.84569747720003, 90.22867091812513, 74.20877121317365, 62.468413955981994, 53.08846317359347, 46.52176694578263, 46.490248441813954], [56.671055302969805, 64.02576786721394, 71.30775049762096, 78.2111641957212, 71.08667150531271, 63.6111843545523, 56.40610347462738, 15.74322197861146, 11.31988423283043, 7.4755974892152945, 10.425499542281896, 17.686633098342632, 8.388084284306458, 0.0, 8.522021607799466, 51.9335460983872, 61.2112041217358, 69.07346924537575, 78.92786199480364, 86.57301576520989, 86.74711813822826, 75.9852425237814, 67.32491270610936, 58.820241354650406, 52.69520801660379, 24.51945180061392, 22.270682607175758, 23.363483434647197, 27.14697652068123, 32.56106672443065, 26.74357661009309, 22.99873037290307, 19.63806674359294, 16.536725083089003, 19.188570497784923, 44.08980035475755, 42.32128874596054, 47.803082794895865, 56.64717142167164, 57.87079657198617, 56.16844453609201, 52.55696710272748, 44.05224266815579, 34.400425795775035, 34.04529976381224, 25.77818442414632, 25.964946514344007, 79.68180890552333, 70.82206692118724, 64.2157402558713, 59.91255432438458, 54.9578593750171, 52.22905107552419, 51.742961230721725, 65.14501206329008, 71.45204358172744, 75.78697207515768, 79.38901734697824, 81.18475095218497, 78.81826734987942, 69.0155051131711, 62.9438629607422, 59.02063147205998, 52.885039111601394, 64.18004849132525, 68.25057597228349, 72.7414040382005, 101.18492856006935, 103.63740985838945, 108.46235200213822, 110.49261426418555, 118.68177256242194, 118.77170760716172, 123.11420689915415, 103.5870937408377, 97.51860496539464, 91.70993478849847, 77.30257015498181, 66.22821856398143, 58.22146088657687, 52.29393918043886, 51.83354134885628], [48.29975511842615, 55.66088822391566, 62.89510875363394, 69.75063932160624, 62.71584950459913, 55.270296127724166, 48.01853312736534, 7.69776669945368, 5.958232864092339, 10.842727733762707, 17.49814030724354, 24.906223755245957, 16.681994323331608, 8.522021607799466, 0.0, 44.4936421133145, 53.47180666875541, 61.05330328720297, 70.6751772567696, 78.15148187747717, 78.26941891430342, 67.69247186045052, 59.14379284974633, 50.720771172289666, 44.74140665471145, 21.592983303897032, 22.473166013213667, 26.29480774679083, 31.873168097985, 37.94129133330111, 32.89512942682261, 28.414823198795712, 23.269778741061593, 17.424226627709476, 16.34823785852423, 36.36133440725555, 35.254157767094604, 42.01572387861207, 50.541275657594156, 52.63881020762893, 52.709621351246085, 50.27274994114735, 42.56744877505039, 33.33449747864566, 31.14790496083319, 20.086551399270533, 19.62359724279766, 74.33753917275295, 66.22131392430931, 60.393475374781154, 57.244071261124745, 53.29788539741952, 51.72881451889255, 52.86770369183793, 65.14320345768049, 70.53772031993181, 73.91385196785973, 76.27475587677134, 76.75643916382349, 73.66781236760089, 65.15413315862315, 60.412760504110494, 57.48551838993092, 53.576108498721425, 63.104045982334775, 65.98400261130784, 69.31649379133896, 92.886119293623, 95.47622696634214, 100.89678908829815, 103.69144401472201, 112.53054714449681, 113.80410466454428, 119.31135603524075, 102.44256823179227, 98.1952218662335, 93.6941693088901, 80.5757595876887, 69.9402444441828, 62.832412143424136, 56.91567118299119, 56.07348030973855], [18.151093184422887, 21.96892739151186, 29.18246217936744, 40.022264020038726, 33.313114875142254, 27.660069309996477, 23.970654213937635, 37.07707629632592, 41.11538219434028, 49.58899514519386, 58.08599239467293, 68.20434788660397, 59.84176404886046, 51.9335460983872, 44.4936421133145, 0.0, 10.194832455091062, 19.499586879265674, 31.744656673453235, 42.326626850801965, 43.40600183535344, 28.660467684156067, 19.560603143471553, 12.162787489493066, 7.614667856408054, 35.018331326943404, 44.37392716279816, 54.16107617098299, 64.76787777981423, 74.67686408193265, 71.10563262029686, 62.97793278158362, 53.92741107811234, 45.616841785903695, 37.40353433612651, 10.954882223398936, 23.000422029427828, 35.359837933846485, 46.02632200805823, 52.01105459207764, 56.924104940082074, 60.26502695443968, 60.76905371221442, 57.176232667963895, 44.3901326643149, 32.96831486776527, 26.834771390134737, 73.35963544784248, 68.02653809984571, 65.70213643172629, 68.17883088608488, 69.52370695727124, 73.77978580951694, 83.57192299274058, 89.50811847675055, 89.46097352805619, 88.2031440939676, 85.17300298273831, 80.66195253286588, 74.00152016123805, 71.12597030486248, 72.27405482571245, 74.51458591262636, 82.44057093863252, 83.21883829176333, 80.27406781087183, 78.14533952790855, 62.66659323069991, 74.38494962558403, 87.27902917521669, 96.41205666233225, 108.63308433207428, 116.27105292732786, 127.96256911960548, 118.96136758379829, 125.96390653025603, 127.92125314217148, 119.61721586396503, 110.69622992391473, 105.32861516205931, 97.51628144389855, 90.1872033535601], [16.606383288942627, 16.94143005363839, 22.646954724035922, 33.69544247507653, 28.427475045993198, 24.713438424816992, 23.353631089934645, 46.069213002588896, 50.301964837729095, 58.90155756137017, 67.37652703268509, 77.14646423922052, 69.15242736644898, 61.2112041217358, 53.47180666875541, 10.194832455091062, 0.0, 9.493573538238692, 21.972865660710458, 33.02545505532272, 34.43445840862646, 19.35365452390318, 11.225184390291725, 8.234082934050823, 10.54158170257794, 44.58267988768612, 53.68456339045426, 63.13234754178231, 73.39420485017656, 82.94434343067346, 79.8057103581418, 71.95988524774488, 63.16095650293692, 55.091402885050805, 47.02372397825728, 19.110864887032037, 30.19302036702663, 41.49042620660604, 49.68914109250966, 56.30839440853766, 62.93037617958218, 67.20962595819044, 68.41267141111094, 65.46765480241251, 53.11497199091895, 42.33307290130379, 36.69686324741628, 74.98164115505796, 71.347712602435, 70.37396091677631, 73.99633793985942, 76.19675263884027, 80.99249992015139, 91.01666388902709, 96.08773098662328, 95.39884160886749, 93.34048213060305, 89.13345278729093, 83.18953132259543, 75.91995457579574, 75.24557543059649, 77.8756664764899, 80.88684517594878, 89.73795182277867, 89.34626773072354, 85.52411214618687, 82.24825080033129, 54.0330563843306, 67.8435974058116, 82.58568491679809, 93.37241631980292, 106.45237292301756, 115.91710258647528, 128.87335231901972, 123.45063325255799, 131.5924530758832, 134.19704884797352, 126.62589853096857, 117.93126456380017, 112.85228509032868, 104.82405438240642, 97.2983667518184], [18.08308737969999, 14.655113653285873, 17.302505513647354, 27.572640506258335, 24.418335782031704, 23.208993160510367, 24.21364368760154, 53.703549892824526, 58.233163136758264, 67.00219090374338, 75.43332682299386, 84.70209012604653, 77.06563485980563, 69.07346924537575, 61.05330328720297, 19.499586879265674, 9.493573538238692, 0.0, 12.604463658735385, 23.842493391999028, 25.46012660294477, 10.53250382797358, 6.347586238747687, 11.795495282102781, 17.492466242817333, 53.458425327538805, 62.36462845399213, 71.47490777406233, 81.28081849945275, 90.27918133467169, 87.48088275541407, 80.0792179100978, 71.59510921443638, 63.661437032951106, 55.69669354986219, 26.95119408868531, 36.98242150445721, 47.28440989419641, 52.842178156309586, 59.90750502375839, 68.1527103755917, 73.15838505999878, 74.7238193610376, 72.27614991663407, 60.67235893543282, 50.35064653867301, 45.316761490651885, 75.58080055497145, 73.71591242542908, 74.05009511208554, 78.64176348220282, 81.53480520635068, 86.68218194866895, 96.65018681148638, 100.94956185988242, 99.77414075369934, 97.03760112480948, 91.78435776961227, 84.49921162931842, 76.77026615442635, 78.2565126858802, 82.23109630980173, 85.8504995452094, 95.26319812258693, 93.88348895790261, 89.34891491952568, 85.06676497089518, 45.450680160757315, 60.58848534063147, 76.81275326277806, 89.01878361755999, 102.82203062723609, 113.95520550460793, 127.98394317181958, 126.25122449326949, 135.16718106545397, 138.31601767264235, 131.5347851459678, 123.15607969719646, 118.5371273366298, 110.6719906163593, 103.58530951718916], [25.401830802006458, 19.751115822154127, 17.35557468728155, 23.326656584762443, 24.592276675133007, 26.80316781282522, 29.817544999047065, 63.558506175330685, 68.22820539987883, 77.05224198069236, 85.33454987612522, 93.8850969922223, 86.86172221149472, 78.92786199480364, 70.6751772567696, 31.744656673453235, 21.972865660710458, 12.604463658735385, 0.0, 11.676327130517121, 14.22179341602152, 7.165917842628741, 14.49673994552451, 22.39728212534766, 28.69167622482083, 64.5837022180981, 73.11838577620834, 81.66359600917764, 90.74526712160515, 98.91685849953872, 96.64094640510953, 89.90078601733077, 81.93171213481521, 74.28713748198909, 66.56584079910566, 38.1357383615703, 47.434018115930364, 56.924015724658375, 59.471193297875644, 66.8833856813743, 76.87400692015125, 82.4569092952323, 84.03276094377269, 81.87144046791609, 71.38356044896753, 61.175046030443696, 56.48141802406402, 78.50731561145606, 78.9718565451386, 80.81984290591316, 86.33050693375432, 89.80561316192144, 95.08977314124546, 104.47662785881326, 108.1480068201913, 106.66947116696872, 103.30620344299352, 96.95433602379504, 88.08624711703675, 79.95938339788762, 84.10485050817961, 89.50340957490135, 93.61278135182023, 103.06083235954449, 100.90373964306617, 95.7703928680683, 90.45929712456608, 33.49895519323078, 51.15388445856629, 69.7752219741248, 84.08172014720637, 98.93413423591798, 112.39852259195094, 127.64399357857067, 131.10294002989977, 140.23821213525125, 143.5958906474903, 137.51510636092274, 129.401092777265, 125.1474678542913, 117.25182004206343, 110.64198570351171], [32.36893287563602, 26.210780015202392, 21.001341553271928, 20.886867157378607, 26.215558993839768, 30.762517977334042, 34.91925061506439, 71.28084105458444, 76.26544416709274, 85.17923630344448, 93.28042785140819, 100.97848641554468, 94.4664918749044, 86.57301576520989, 78.15148187747717, 42.326626850801965, 33.02545505532272, 23.842493391999028, 11.676327130517121, 0.0, 4.43297914745208, 15.289064378879273, 24.015142013723054, 31.826925242108672, 38.19541379749408, 74.19990797995635, 82.48377623033893, 90.57863138319652, 98.94766742828313, 106.18927881940557, 104.23011821088264, 98.24759858495726, 90.77870399855391, 83.26863723416112, 75.72475016869885, 47.2916344517895, 55.490626327156754, 64.0318288374996, 63.64678449415648, 71.19389811762919, 82.73006483029248, 88.75820977955634, 90.23824117573463, 88.42420440191114, 79.27404072533446, 69.4791377414257, 65.5626272303948, 78.7396423602406, 81.40368307770603, 84.64244008290201, 90.91317901580456, 94.87969107162694, 100.21534208466265, 108.94989321534112, 111.89170371017102, 110.14657484709392, 106.23928095680876, 98.94377443773102, 88.71209255250629, 80.38906207401244, 86.95886754130554, 93.6168692281483, 98.11693318562955, 107.49696501542961, 104.55188446051922, 98.92296800708135, 92.72979577736099, 23.101188873495683, 40.856009435428845, 61.06312879607428, 76.93231663928061, 92.51380219787987, 107.87761789155967, 124.0431865605775, 132.3728671823695, 141.61039584446846, 145.31236928708975, 140.22034864711247, 132.6268622080611, 129.13691041423104, 121.94409011821041, 116.72062380268301], [31.870664309249232, 25.46139851635039, 19.340053340634636, 17.300381699631888, 23.565576593084877, 28.866506448393174, 33.61187697564052, 71.3841837322775, 76.68651134346474, 85.73124938615896, 93.82324623468847, 101.28400628410502, 94.71478629302895, 86.74711813822826, 78.26941891430342, 43.40600183535344, 34.43445840862646, 25.46012660294477, 14.22179341602152, 4.43297914745208, 0.0, 15.910172151731164, 24.532691351490378, 32.257248569834665, 38.65120471731281, 75.33344541124269, 83.71683590609592, 91.87725380669602, 100.19063591302894, 107.2371807505585, 105.13704400714555, 99.3281095081744, 91.88634317491235, 84.22439311550505, 76.61057558986415, 47.51065992312149, 54.814808382437405, 62.66717439340391, 61.21219148545827, 68.73449783545364, 80.72081933975512, 86.95408045232355, 88.5853576446478, 87.11079338768153, 78.41064006009539, 69.20654650328645, 65.99571351806513, 75.13694336325433, 78.3110071979444, 81.96186218381568, 88.51254213931932, 92.72224233901684, 98.18891184443551, 107.01493928106164, 109.46206145462051, 107.46737163887362, 103.32302194532626, 95.73347763097742, 85.19943099105055, 76.83838200203826, 84.00331472726717, 91.06896005647991, 95.77280844835218, 105.47754943142188, 102.0126175252135, 96.13236928227666, 89.6436543550672, 23.701467747640567, 37.899799037749716, 57.30411641930891, 72.9153292135113, 88.35884351484569, 103.73129871569901, 120.04378916833194, 129.0066893903629, 138.72779230448637, 142.9620756307467, 138.53657569141575, 131.35219458769635, 128.48724808269, 122.16245560747947, 117.96959189456335], [20.57430619852444, 14.056622348406252, 11.26776751112167, 19.0769618230463, 18.628691205077452, 20.783512770626505, 24.577147289919715, 60.36504589598328, 65.53839281619543, 74.60172232637726, 82.9833519198622, 91.55579240340367, 84.11306362517057, 75.9852425237814, 67.69247186045052, 28.660467684156067, 19.35365452390318, 10.53250382797358, 7.165917842628741, 15.289064378879273, 15.910172151731164, 0.0, 9.44701233003329, 18.044097816413128, 24.645855951150452, 62.44031281017477, 71.3406818362481, 80.27934935855627, 89.64430621164672, 97.93789860592796, 95.21940953370148, 88.40059933310549, 80.20125023575396, 72.16262990723952, 64.17651666962593, 33.96067717388799, 41.98294539813267, 50.637013722675164, 52.889343088647735, 60.231453857265485, 70.23776232868468, 76.04779269988084, 78.08167609993578, 76.4404838513339, 65.9488220673257, 56.73692984592617, 53.102306982894724, 72.21357348120075, 72.30720729856976, 74.13646198117117, 79.807126455327, 83.5295472958633, 89.11266138179012, 99.16677134718498, 102.25500364256787, 100.39184716581305, 96.84090192505573, 90.42767362284617, 81.76459275408412, 73.6564263034124, 77.5008504591322, 82.99504765328805, 87.3317400932689, 97.59000510666316, 94.8039915656598, 89.41329677251943, 84.00286334693477, 38.10921377247284, 51.717252612592524, 68.24853896046135, 81.24878618110489, 95.39038944732987, 107.83133892090447, 122.85186284207032, 124.78986829478198, 134.90817874872837, 139.13476968062335, 133.79664727973886, 126.17671178596429, 122.69777388960895, 116.0575965003891, 110.65069758088784], [13.177945640761388, 8.627318491766315, 11.862233067099888, 22.799227908893517, 18.49230437632717, 16.99412017564269, 18.6635599329723, 51.689501153513184, 56.85626080656371, 65.92154298641573, 74.37144899804407, 83.26912341499104, 75.49372073832927, 67.32491270610936, 59.14379284974633, 19.560603143471553, 11.225184390291725, 6.347586238747687, 14.49673994552451, 24.015142013723054, 24.532691351490378, 9.44701233003329, 0.0, 8.718214005146352, 15.294544237976202, 53.51331541602951, 62.598549607983806, 71.80676927141776, 81.48968892090664, 90.14443084982146, 87.0932329366355, 79.99711445826827, 71.56935449744175, 63.344671506548146, 55.23241596484085, 24.632764927443958, 33.16541812452513, 42.71801581774762, 47.032398982305345, 54.21125866833157, 63.141713079211414, 68.4486901094772, 70.16857073099975, 68.14912576008724, 57.122744914944946, 47.61083561696238, 43.88172115737122, 69.26121459832332, 67.64782556030376, 68.32658732957053, 73.23632985967518, 76.41707908526591, 81.75499119669156, 91.92321487668151, 95.66191413064448, 94.21891660486354, 91.2486142348296, 85.73414032685679, 78.23853462021982, 70.46937051782955, 72.31719512967528, 76.69695527154381, 80.55255808517008, 90.41765574992414, 88.43119156918738, 83.62045428966951, 79.06441777296561, 45.998945059280096, 57.81305243913247, 72.49993615050496, 83.85262431475874, 97.2529775433186, 107.91572138846793, 121.8749790785768, 120.20825999031348, 129.62649795655238, 133.41907176134046, 127.44193764648797, 119.58559339012035, 115.8345904936915, 109.27675710483503, 103.83395441466713], [8.531636465133404, 9.952047434334755, 17.04414890118348, 27.893689051611133, 21.593877894153355, 16.878910635183004, 15.158170525738553, 43.20307201679391, 48.37231681536973, 57.446690887474624, 65.92396639725582, 74.9838132398191, 67.00640117663907, 58.820241354650406, 50.720771172289666, 12.162787489493066, 8.234082934050823, 11.795495282102781, 22.39728212534766, 31.826925242108672, 32.257248569834665, 18.044097816413128, 8.718214005146352, 0.0, 6.615961427768531, 45.20233658964841, 54.37621623074641, 63.711881094540544, 73.52235744010036, 82.32949079982579, 79.0161102841805, 71.81638816811262, 63.295287149517115, 54.93058036190962, 46.751909163158906, 15.960107688385973, 25.48731781003662, 36.37008757196559, 42.602138705478666, 49.5359388653741, 57.44432907758978, 62.08265252884178, 63.12955767166328, 60.51411255089732, 49.26401755027746, 39.07717693816668, 35.178207547925844, 67.1629203634941, 64.09319944649724, 63.66616707517227, 67.69838888359212, 70.19474596376746, 75.09152376092696, 84.97607776715854, 89.535937331151, 88.70042092091327, 86.40892780320975, 81.8435155880597, 75.45275449219054, 68.11478024818051, 68.13444027373022, 71.35249666530369, 74.58313096633397, 83.60474413272485, 82.65210190244387, 78.56794722353155, 74.9382810361005, 52.72662899481298, 62.88652206436321, 75.979181610547, 85.89281044220277, 98.6527824857452, 107.77108736128875, 120.64517047170484, 116.08604761620828, 124.32813679427643, 127.43018276829964, 120.72635365872208, 112.597920506173, 108.54334614975221, 102.05067252493784, 96.76996042738467], [10.65981665116999, 15.253824364188214, 22.86514168053522, 33.30206882214332, 26.26316877279728, 20.22794587718933, 16.378783157036608, 37.16450967814926, 42.23629286700662, 51.26011976686692, 59.76653453703363, 69.08018848289757, 60.874813512648835, 52.69520801660379, 44.74140665471145, 7.614667856408054, 10.54158170257794, 17.492466242817333, 28.69167622482083, 38.19541379749408, 38.65120471731281, 24.645855951150452, 15.294544237976202, 6.615961427768531, 0.0, 38.89588010146429, 48.17563831583435, 57.67789845489797, 67.6863913693971, 76.73777477896157, 73.1789635758041, 65.788526536513, 57.124105464054715, 48.63593969798903, 40.38304006603204, 9.516777784646544, 20.461931005492392, 32.51294818455987, 40.713698790647236, 47.239383514942205, 53.94022067378799, 57.92149450223205, 58.446007572290284, 55.30822558554201, 43.68762135399631, 32.86826178735026, 28.63077372232336, 66.95191160595195, 62.626156194843105, 61.19675974533152, 64.40392522258573, 66.27770441232299, 70.7901874803018, 80.4990456309062, 85.75330101018325, 85.40547076445739, 83.69799263974024, 79.9777285253909, 74.60661051796751, 67.69028366053394, 66.09725583145462, 68.23704849680094, 70.90996152204754, 79.24285986911221, 79.18585579900628, 75.74029473388407, 72.94100243045312, 58.50438922459416, 67.8860672808298, 79.93826669313721, 88.82136767181187, 101.03969841702624, 108.95344156989631, 120.95914438710952, 113.91717214314392, 121.29080978923734, 123.84608064251101, 116.51008129546244, 108.13699000008512, 103.76052705517367, 97.22671721148173, 91.87430999162358], [46.57445936476563, 53.219839056416866, 60.9976012682093, 70.288300171704, 63.12573913073962, 55.87106996336037, 49.216476501366316, 19.244099117918875, 15.797882983160816, 19.075016248906188, 26.38093622496353, 38.12986808882047, 30.034820073500356, 24.51945180061392, 21.592983303897032, 35.018331326943404, 44.58267988768612, 53.458425327538805, 64.5837022180981, 74.19990797995635, 75.33344541124269, 62.44031281017477, 53.51331541602951, 45.20233658964841, 38.89588010146429, 0.0, 9.683223264365127, 20.12792968139732, 31.69288572603683, 43.10258789030002, 38.633385192958116, 29.194429309249582, 19.49986667903958, 11.522304677392457, 5.401066200988563, 31.478856728154884, 35.31903276236473, 45.04392197601138, 58.53813111445578, 61.54939890904914, 60.43294189022716, 58.91108085810128, 54.469409485915115, 46.75756356284658, 37.21436366880472, 24.10970868050074, 14.694901613404017, 86.33768864367