{
	"dissimilarities": [[0.0, 7.383709593763833, 14.7175091738479, 22.785930686831758, 16.526636625217364, 10.381985090398516, 6.468179765202109, 42.226911815487775, 47.01630924250535, 56.41256090024609, 64.68809247336732, 72.80302757521694, 65.22626557908167, 57.000640670653056, 48.57004934741975, 18.443514489748964, 17.09324528751059, 18.425091696662058, 25.26876943657736, 31.56624993420109, 31.182505838404474, 20.641779127464595, 13.337358660671537, 8.523802731405567, 10.675534414762666, 46.30564556873266, 55.315285305007734, 64.4873703351173, 73.54894467141528, 81.6584417790246, 78.21150717923048, 71.70435922466747, 63.69330969375423, 55.06022459871923, 47.19451291238176, 19.675206371840524, 25.57986063846029, 36.395035977312304, 38.39490783767767, 44.69653342920491, 52.974344148699274, 57.61907916590504, 58.75812049370698, 56.78347471103657, 47.67994247799743, 37.44663348898762, 35.096281485090834, 59.690635948694826, 55.25996241782408, 57.68199706639952, 62.111631827428496, 65.5024939681829, 69.37068643536102, 78.92817974141738, 85.65213452782892, 84.06586092583893, 82.68944763070401, 78.92531297106314, 71.8610533534611, 60.54183021836175, 60.37141641510331, 65.14738584810317, 68.42713792226536, 77.51812509665345, 77.8974996934993, 74.74494448820901, 71.92239706300413, 50.722518189328454, 57.368851423065415, 65.58849909391614, 72.82317414226709, 86.08402177812935, 103.34295287671675, 109.21058493952482, 111.82058650870023, 119.87293605994087, 125.49006931292305, 116.39450125313014, 109.52021702865868, 104.7891225102041, 99.00627326357507, 95.75598032383861], [7.383709593763833, 0.0, 7.616034790101276, 16.699806419183815, 11.410546449707654, 8.436497109016809, 10.499989327577532, 49.59157333258897, 54.34636855806149, 63.66267631613907, 71.99868716657475, 80.17241618491542, 72.59181858930803, 64.34437848763464, 55.93259940135025, 22.09216894068186, 17.28165154443808, 14.966911136360936, 19.574684244467033, 25.283490319643807, 24.674663218600752, 14.106015555748723, 8.7250937030401, 9.817265060758471, 15.16523304446424, 52.98167419099327, 62.090512770571166, 71.33026927536416, 80.53082225752112, 88.73100696298556, 85.399648180067, 78.78781633165389, 70.67287977116115, 62.09818674483471, 54.12429808595753, 25.748512608149507, 30.843254961565812, 40.35403532124966, 41.271642826470405, 47.8090357019345, 56.833876062031074, 62.16986446136778, 64.1810017599555, 62.87203477552393, 53.51887285177916, 44.248138144768554, 42.03479768979803, 60.81811872726274, 57.53659019584328, 60.83470802336695, 66.08579484080485, 70.15310563741953, 74.61810147327763, 84.77990732637431, 90.465104602537, 88.20290885774789, 86.12739829061783, 81.50069331868761, 73.6973124036327, 62.04030601967166, 63.25480354999343, 69.0345849925007, 72.98089917840528, 83.19748153997872, 82.36104224278931, 78.42624874317792, 74.7452219173601, 45.75796344418668, 53.248035659625174, 62.56818064365648, 70.9380922463006, 84.8440373918403, 103.30259823945586, 110.21888726064323, 114.71802915069577, 124.29999494541084, 130.78739546909162, 122.51754012630586, 115.99041500006271, 111.62559277627909, 105.93879887371212, 102.48555924071434], [14.7175091738479, 7.616034790101276, 0.0, 9.820121097037351, 7.398329046005523, 10.471022130141927, 15.942303754784785, 56.80376502685133, 61.70778920744882, 71.12683383310721, 79.38329892918134, 87.29661808233928, 79.82000728619117, 71.58718519309897, 63.140484296533955, 28.964479257752405, 22.60987496959225, 17.373345333838788, 17.375654562335054, 20.354008044506934, 18.826699203738237, 11.28357454606562, 11.606896734165813, 16.636241885090097, 22.51141739542251, 60.59602397063254, 69.69745301971963, 78.88640851243657, 87.96108347681633, 95.89987030436568, 92.6838837321655, 86.26843699954047, 78.24201601010272, 69.67697379701306, 61.728083765636015, 33.10059900737848, 37.09721418125566, 45.11241585556338, 44.08566712997623, 50.55905198301812, 60.500016394725954, 66.45424749513063, 69.0969524096731, 68.50671945494095, 59.590184232365324, 51.264732586714345, 49.53239754653301, 60.55869121880317, 58.959187686728356, 63.32780848276269, 69.42244029147157, 74.10033233016556, 79.02804463360567, 89.44862876677688, 94.0369465823265, 91.15625492199855, 88.35596516948983, 82.80773588294558, 74.1414759577131, 62.164469140593106, 65.19072715699872, 72.07874261511395, 76.6269636600375, 87.6980582559733, 85.63928935663623, 80.94906471406777, 76.33483315937939, 41.104456311779835, 47.87227095591578, 57.652326646356514, 66.955331877053, 81.4258614924607, 100.98539880023152, 109.03318186597787, 115.87867175347313, 126.8570094850491, 134.21509655801844, 127.02366703273903, 121.0131427091153, 117.30648798598915, 112.17948225643613, 109.22437565145637], [22.785930686831758, 16.699806419183815, 9.820121097037351, 0.0, 9.066900147330676, 15.9060462589531, 22.055134317189978, 63.50929726805768, 68.7275966332662, 78.43380234139265, 86.36358629944054, 93.47267700091625, 86.38659102014763, 78.2981655284493, 69.78520234723392, 38.63101953568999, 32.29164113535641, 26.16025857060186, 22.277829547343813, 19.859169505416357, 16.396346268189813, 17.49987751652982, 21.067587932829547, 26.248274436373453, 31.85656998301583, 69.06633732653708, 77.9764460563708, 86.8761125612847, 95.36518522038621, 102.43456063980072, 99.41075381929048, 93.70356041349895, 86.10734782378759, 77.55163509010957, 69.84764517281496, 41.77328267445882, 44.57437362241046, 51.08301368649886, 46.88676190402282, 52.82819029820451, 63.997819075129634, 70.41432606914137, 73.21788815464889, 73.38144941968274, 65.98776367102369, 58.48108703954383, 57.55710649236395, 57.87708361003741, 59.07145640966854, 64.87645832975738, 71.82986003731817, 76.96026272914635, 82.0585083853937, 91.99031021437816, 95.47814201377278, 92.15432258267134, 88.62623364836905, 82.07378292359651, 72.26381447459649, 59.90275662691243, 65.64222332144723, 73.82002412384891, 78.81232249375674, 90.10499949289343, 86.92495029680981, 81.58021832213942, 75.91092197022144, 36.914718417721474, 39.36241280847193, 48.47206542686664, 58.54066992344359, 73.75827847090859, 94.36319010414627, 103.8233010375535, 114.05410642045707, 125.95481718494459, 133.9886245536711, 128.2408346462761, 122.96107449637216, 120.35064159115848, 116.42821589263029, 115.01826240172599], [16.526636625217364, 11.410546449707654, 7.398329046005523, 9.066900147330676, 0.0, 7.550772768604081, 14.694981138507869, 56.50426721072844, 61.940797302804505, 71.6742486770276, 79.66703175639017, 87.06187138450284, 79.41951267541958, 71.15394706439082, 62.752415652246675, 32.59557086648706, 27.903789881984327, 24.102663118526152, 24.618479081315197, 26.08165507722311, 23.592282746286102, 18.438920310539036, 17.876576599596078, 20.782296633891285, 25.465954640911423, 62.29755717123487, 71.3921044365528, 80.65548666786438, 89.516335912402, 97.0376774036227, 93.55138702984891, 87.51225986618535, 79.64026108639037, 70.81249885013656, 63.01552098675367, 34.130354448365374, 35.803789704839154, 42.02383182759008, 38.615609047619515, 44.84180307700492, 55.52283413304808, 61.84536777501152, 64.83418123142678, 65.01458070219361, 57.14555635525114, 50.29741587858948, 50.07049398967226, 53.31452793567415, 52.3224929813739, 57.29579906067323, 63.88238891272546, 68.92376918218294, 74.14904639567655, 84.84365935405316, 88.41395509303288, 85.12384372380257, 81.93169949368658, 75.98400442131016, 67.03012483214317, 55.003011319314105, 58.73473256751525, 66.24347915271707, 71.14531911245386, 82.9160571440659, 79.83309513572414, 74.6992116597446, 69.63473517043568, 45.089069966509044, 47.30972935873819, 53.81509144778786, 61.6163918267491, 75.10486227305815, 94.29358254772762, 102.01418025437472, 108.96508515453486, 120.84907763524369, 129.22159309286184, 123.14722561834908, 118.02967830575513, 115.37506312302708, 111.90840087160046, 110.73841890422163], [10.381985090398516, 8.436497109016809, 10.471022130141927, 15.9060462589531, 7.550772768604081, 0.0, 7.46026809451906, 49.07779046243445, 54.53702392517507, 64.26090169107903, 72.26992401674649, 79.81155181433603, 72.00335337969443, 63.69508290434483, 55.32266706266332, 27.00935051383771, 24.304274174521034, 23.02684580710663, 26.82045371106106, 30.551838568410428, 28.81708815845789, 20.745722357401537, 16.586085989616148, 16.160269110313852, 19.469273986858195, 55.06047268733407, 64.14172077499268, 73.46275786486312, 82.39041117691234, 90.07593223064609, 86.40898128444977, 80.26022894762194, 72.34090303512792, 63.44139215447325, 55.669813256642364, 26.98913076480777, 28.796939989129978, 36.134334597037736, 34.25586276104955, 40.61663784708342, 50.55556725527287, 56.345674998852985, 58.764847665553916, 58.36692356206393, 50.229058657253425, 42.79990256844898, 42.59625350053501, 52.41621456607511, 49.548380156263335, 53.448142157122305, 59.24673854295146, 63.73621165478546, 68.56677251429302, 79.1234507444629, 83.67259838505093, 80.9532004827797, 78.46499895566748, 73.44140357896133, 65.38174588007935, 53.677433715796525, 55.4569283527104, 61.895414897426214, 66.24503140196347, 77.32632820448312, 75.33024781598354, 70.90865207478127, 66.77444059202313, 49.80280260030511, 52.6431671369471, 58.51663716096943, 65.16443085220365, 77.88799246170106, 95.80267100295569, 102.24470999803913, 106.66205380677653, 117.24278024202196, 124.90245375932946, 117.89673351319139, 112.40921186558538, 109.2821146794099, 105.58610563064377, 104.28850092635471], [6.468179765202109, 10.499989327577532, 15.942303754784785, 22.055134317189978, 14.694981138507869, 7.46026809451906, 0.0, 41.84262816204925, 47.25429091558394, 57.02487735775207, 64.97487517312179, 72.45303868411429, 64.79073460147588, 56.54628797986978, 48.111863960957386, 23.420493218080402, 23.103063460525853, 24.15247677733087, 29.850558314812908, 34.65717704152611, 33.46602002364854, 24.57453004728532, 18.38427137663699, 14.471049109827353, 15.588023275209403, 48.38052737345919, 57.27064896727395, 66.39770466840767, 75.1006375860868, 82.64081377198133, 78.98328253165216, 72.9772926168408, 65.22875728037684, 56.37819134460466, 48.759886152053724, 21.493447323546633, 24.451799711427746, 33.62562020125673, 33.22434454560568, 39.32827689168304, 48.41276620900141, 53.358299955278945, 54.63842173967774, 53.32378684625377, 45.42868859590255, 36.54866406311856, 35.946962781017454, 53.27327504210747, 49.275317082804705, 52.17806076998413, 56.99521734631987, 60.642708024968066, 64.69787587898456, 74.36567285452199, 80.34658285157285, 78.50251373912121, 76.85888138811224, 72.82410617128265, 65.52720674627237, 54.126684761493074, 54.46654718512087, 59.73680526556867, 63.25396118365623, 72.80603316161485, 72.42998507905808, 68.97820955902195, 65.83778062104392, 52.95908798690274, 56.201204818567085, 61.99957053077456, 67.99441939440672, 80.46693296044583, 97.27806762630624, 102.84388624955027, 105.5763811438678, 114.1655145025535, 120.53940739572162, 112.39037920631927, 106.28570371637771, 102.54649661815836, 98.3590521956217, 96.94673884150977], [42.226911815487775, 49.59157333258897, 56.80376502685133, 63.50929726805768, 56.50426721072844, 49.07779046243445, 41.84262816204925, 0.0, 6.707665369540359, 16.531882457265564, 23.52249466037905, 31.38984503264995, 23.026537257341168, 14.862183573850679, 6.345530065226152, 38.893569913974275, 47.85246337097695, 55.33343096047266, 64.85635965903111, 72.10058901958827, 72.22620981091963, 61.77308240977209, 53.1871213351122, 44.70162823539234, 38.711007908743596, 19.32833802320321, 23.242284682028185, 30.01932502454006, 36.9596707493574, 44.25456762789804, 39.19963074148414, 33.67864418073075, 27.324776496577112, 18.99811433945688, 15.725463296146984, 28.763288337794677, 30.593819466239665, 38.9354585659204, 46.41250096021188, 48.39661435732104, 48.12506255512839, 46.16124181683234, 40.15250836880159, 32.362025649314894, 28.82872241029479, 15.170172007882213, 13.931092784507147, 69.91341305319735, 60.0062486807217, 56.26673607991797, 53.887856617955016, 51.48315563656208, 49.86525921866857, 53.266365980268866, 67.30025941639062, 70.70613552697408, 74.31620185493813, 76.72178032047795, 75.51361218034138, 68.63936803542752, 60.16127799362803, 56.966143144074984, 54.72889714329623, 53.532336879833395, 63.314604998895426, 66.18044853560139, 69.56381893348393, 87.25739386462284, 90.94783193237242, 94.29457485204927, 96.02669203148054, 104.71204629706901, 114.41957901696237, 113.8542314246041, 104.18156079444957, 102.09184684349688, 101.66749736033887, 86.76460070500335, 77.54494501114539, 69.77041920507345, 63.443158468488036, 61.90212905026686], [47.01630924250535, 54.34636855806149, 61.70778920744882, 68.7275966332662, 61.940797302804505, 54.53702392517507, 47.25429091558394, 6.707665369540359, 0.0, 10.129987100214391, 17.746156883630718, 26.821931201482787, 18.8123862870773, 11.403116523598362, 5.359951038816119, 41.86005947395452, 51.011813723203964, 58.78812795187588, 68.47107413912349, 76.0558663615021, 76.49139613780463, 65.86159864677379, 57.25265204198811, 48.75612325552847, 42.654099584606286, 16.021120656276075, 17.59888493992665, 23.43819592055946, 30.330940787482376, 38.298481470343624, 33.175951297861374, 27.081670424482052, 20.73369603101044, 12.854052573504049, 11.70128334707202, 32.8642845516719, 35.77705544340822, 44.35737040913714, 52.8165595128464, 54.76170747045361, 53.76959606657981, 51.268744577958934, 44.882916423827325, 36.56101478320595, 33.02004638244789, 19.89010095459422, 16.535869245133867, 76.51125497775939, 66.42878351782699, 62.31343557341034, 59.41273590125812, 56.50020267234324, 54.289542586954646, 56.58265166139928, 71.53996630522957, 75.53623344475179, 79.64717644929127, 82.58730094558081, 81.80439675361838, 75.18246341166521, 66.34610100941302, 62.5426416168193, 59.81552443661814, 57.184541443237684, 68.16513322190009, 71.63756752276801, 75.5194789989593, 90.82979617770471, 95.74736472572678, 99.95890362417005, 102.04327802822819, 110.97830969026934, 120.48037023956708, 119.72483037865622, 109.2832410066066, 105.73333993543093, 103.88738625097281, 87.60801134893684, 77.40403175537573, 68.20290228200822, 59.89846812414649, 56.42655282931464], [56.41256090024609, 63.66267631613907, 71.12683383310721, 78.43380234139265, 71.6742486770276, 64.26090169107903, 57.02487735775207, 16.531882457265564, 10.129987100214391, 0.0, 8.953541502310802, 20.36017984792202, 12.911387824838197, 9.462733181713304, 12.06656054357968, 49.378466252658285, 58.76469991301043, 66.90668678288964, 76.85632266129903, 84.8413408219753, 85.54567477544265, 74.60494697624193, 65.92944489331907, 57.43555753374916, 51.20128334605916, 17.218671727068905, 12.98477434707531, 15.226146037632308, 21.443979880366378, 30.583794051812536, 24.788522350899616, 17.567577725414566, 11.721693992248904, 7.062969638746585, 13.021767976399095, 41.244520267641015, 44.14766640052131, 51.95834515929188, 61.50076291058329, 63.059772207753035, 60.58786714863566, 57.08251495312445, 50.1076962813656, 41.23692364449359, 38.378707826191466, 27.518706069773447, 24.03591050720014, 85.38868590005231, 74.65223369883785, 69.68278510366841, 65.75624862751893, 61.96011259045737, 58.83063721463621, 59.697236044583875, 75.68301367911363, 80.53708599985134, 85.49665970751462, 89.47230545967642, 89.71385177029005, 83.86593387269781, 73.97498109146127, 68.94196657262506, 65.37809210242065, 60.75262317636565, 73.32409703212818, 77.7939317254639, 82.64594958997972, 99.40340560087067, 105.2569845576737, 109.80349505119133, 111.75446949794328, 120.37625838058474, 129.03695689907184, 127.42958535799605, 114.82229838767437, 109.27035126600805, 105.74364866859456, 87.77386192954499, 76.64322133818325, 65.78946224449882, 55.593601290635746, 50.016715926274735], [64.68809247336732, 71.99868716657475, 79.38329892918134, 86.36358629944054, 79.66703175639017, 72.26992401674649, 64.97487517312179, 23.52249466037905, 17.746156883630718, 8.953541502310802, 0.0, 12.174409255341875, 7.363798822388484, 11.272989809277927, 17.825565616166404, 58.2957558829242, 67.62720204570917, 75.65549203029454, 85.4029001035949, 93.10330739245208, 93.7189611985669, 83.16409946645162, 74.57172116224274, 66.0967277873718, 59.921880324853205, 25.713309055217728, 19.488851473961954, 16.723930517368697, 17.619024282487665, 24.27043412497704, 17.705774826302292, 13.14242806546317, 13.012697698450157, 14.421724886656591, 21.769535144555775, 49.92485690758404, 52.09326642094337, 58.81853148474284, 67.59190909711039, 68.42420800546736, 65.16781993455862, 60.79100200923891, 52.79130552770216, 43.71502401798126, 43.542918721327446, 34.78262724132693, 32.64648610197095, 89.84097729684407, 79.20457898255687, 73.79098523618826, 69.02297288993522, 64.30332853193936, 59.97904521496554, 58.39347008673957, 75.46028303529869, 81.36560967075893, 87.14160021921614, 92.05853447607036, 93.12057146070542, 88.0886584120279, 77.78605737848346, 71.80820454199203, 67.30633082852665, 59.935783417245034, 74.22384410529018, 79.7794321826653, 85.47517657955812, 106.88528015875717, 111.80592092952813, 115.5204916749658, 116.66812719219519, 124.56447923406222, 131.85250540018927, 129.30038264007663, 115.15808128006957, 107.08048485977902, 101.7348593766485, 82.48337959487846, 70.74585416148129, 58.99857242427969, 48.639736746148316, 44.304084224933725], [72.80302757521694, 80.17241618491542, 87.29661808233928, 93.47267700091625, 87.06187138450284, 79.81155181433603, 72.45303868411429, 31.38984503264995, 26.821931201482787, 20.36017984792202, 12.174409255341875, 0.0, 10.953388109906173, 18.75576365905334, 25.470664537060863, 68.50821620951368, 77.5165016910702, 85.0553661031512, 94.16280893890166, 101.03916276558229, 101.3694309269104, 91.84850643211156, 83.54697815907781, 75.1978267289082, 69.28517447687427, 37.495940665911554, 31.3896144123262, 26.68816555615874, 21.778840022844236, 20.50715208524719, 14.763190566052243, 18.72663212207283, 23.723429711335033, 26.41176503531519, 33.35836137143485, 59.617399723903084, 61.06919862626751, 66.82444605181156, 73.47074574849958, 73.4036626992885, 70.11778186617198, 65.11957563160058, 55.87796870906686, 47.04566312211819, 50.74050547137166, 43.55860868813381, 42.84724788532333, 92.25422746576145, 82.655756020378, 77.30937336046665, 71.98486292739018, 66.38396748754457, 60.62074727991809, 55.1450975914622, 73.44576103431547, 80.6719011423451, 87.21806650434407, 92.9287762184656, 94.51807249936383, 90.28722054464147, 80.43922161683427, 73.91636931232543, 68.42707632103644, 57.29666371304873, 73.55025797852025, 80.28397699402338, 86.62581985984144, 113.2746872667943, 116.04688673849147, 118.27751121915124, 118.25065501236479, 125.24162744457607, 130.71204677029712, 127.29511410527792, 112.59372003476176, 100.97079806089191, 92.9875163651134, 72.31517022643554, 59.71859199164788, 47.17308471203462, 37.76210545651634, 38.6430295688279], [65.22626557908167, 72.59181858930803, 79.82000728619117, 86.38659102014763, 79.41951267541958, 72.00335337969443, 64.79073460147588, 23.026537257341168, 18.8123862870773, 12.911387824838197, 7.363798822388484, 10.953388109906173, 0.0, 8.619722488648113, 16.712085423985062, 60.235973230382804, 69.6328852624119, 77.54416731549583, 87.2452023080064, 94.61758389483414, 94.89228834471345, 84.51111175719514, 75.87548963475265, 67.3376984254857, 61.16873826921218, 29.58072099361721, 24.972945935719657, 23.83128873248432, 24.405949367044627, 28.687421373960817, 22.073662544733846, 19.926402877589673, 19.902617647275044, 19.332672339981247, 25.308265387061297, 50.68160615989444, 51.2300895083148, 56.50641070568345, 64.22350777607164, 64.38332555296743, 60.61077706044252, 55.747539521601894, 47.13985582829481, 38.09498994270572, 40.158372147610294, 33.43055962637045, 33.552718662592426, 85.2385879274423, 74.47621533580742, 68.74575984484161, 63.50225214204136, 58.323037468243214, 53.4670883561065, 51.20509914434368, 68.4223778713547, 74.62327999498228, 80.69560494230166, 86.05223953486333, 87.66265196660994, 83.30168785301038, 72.54191563610314, 66.0173595560548, 61.06992778276704, 52.827601313061805, 67.53613539559441, 73.51418606001266, 79.63745191030931, 108.61167468445316, 111.72825710919797, 113.8231722136453, 113.85995680060867, 120.68863917160816, 126.96468249591061, 123.59053013111088, 108.29959101557988, 100.0372202583578, 95.23814930955133, 76.59328313878308, 65.75865099473046, 55.326585628228784, 48.29543646325235, 48.13575346240436], [57.000640670653056, 64.34437848763464, 71.58718519309897, 78.2981655284493, 71.15394706439082, 63.69508290434483, 56.54628797986978, 14.862183573850679, 11.403116523598362, 9.462733181713304, 11.272989809277927, 18.75576365905334, 8.619722488648113, 0.0, 8.577191862436212, 52.11838191188748, 61.5511971904021, 69.48310958558062, 79.32197861919471, 86.80967284814622, 87.0317271235453, 76.37783676178162, 67.6586916101067, 59.08514644023675, 52.87642197489873, 23.52577232954476, 21.526865412837907, 24.117313541128997, 28.31914146641127, 34.728992179828914, 28.469690204694604, 23.955830732164017, 20.211118242851235, 15.593287956276637, 19.095828653349216, 42.20558860179583, 42.653705972277415, 48.42997710456994, 56.52937866869932, 57.188597889983456, 54.05604328485218, 49.91128124435317, 42.0693470211302, 33.06498858262821, 33.11494670493462, 24.934069616168273, 25.232479326266414, 78.93719955344882, 67.9765285491754, 62.57869179988487, 58.04566168774756, 53.68074523632162, 49.94590121708973, 50.27391425763529, 66.37673392016599, 71.52850825485793, 76.82009354624324, 81.31084923310883, 82.20850522665998, 77.16781032470988, 66.64043748662866, 60.918977516983766, 56.81833663727467, 51.35830870725392, 64.32854860255658, 69.27335223657357, 74.64374949018041, 101.59464535876536, 104.94481853839676, 107.29697360151323, 107.76580173010579, 115.00763715977958, 122.39543358469481, 119.76139030427933, 105.77743064908164, 100.14917394611076, 97.43335074861291, 80.35511850401208, 70.3930948136162, 61.20433868708758, 54.82165210411356, 54.028120487717146], [48.57004934741975, 55.93259940135025, 63.140484296533955, 69.78520234723392, 62.752415652246675, 55.32266706266332, 48.111863960957386, 6.345530065226152, 5.359951038816119, 12.06656054357968, 17.825565616166404, 25.470664537060863, 16.712085423985062, 8.577191862436212, 0.0, 44.670412776739475, 53.82844855249655, 61.47712338391527, 71.08575870877061, 78.37359275979036, 78.52637558056628, 68.0746791158499, 59.456249118295396, 50.94148736612704, 44.87214397969185, 20.383779792815215, 21.69785674956886, 26.89195183634282, 32.75369202861198, 39.603674226236, 34.108776664926026, 29.064559109032082, 23.659915674050616, 16.391609184493937, 16.06272426654815, 34.61930797561924, 35.770605770761335, 42.91088856584749, 50.53204269921135, 51.86761589689202, 50.356634504637114, 47.38737555306209, 40.39608948853316, 31.915582453438603, 30.199834361349566, 18.90003805199746, 18.54711571659815, 73.38143026713058, 63.071267697452434, 58.61098483843251, 55.25918418390372, 51.94066919314664, 49.319956844676796, 51.25763605922135, 66.34789696711303, 70.5740879834108, 74.94306754277846, 78.2699887708351, 77.95856974988766, 71.8756641944675, 62.53021004352697, 58.210252676337845, 55.10052109952525, 51.888353130121196, 63.19622515125734, 67.01997372711324, 71.29138109136724, 93.22787653819165, 96.63707446821954, 99.47737156260189, 100.60457105538259, 108.65226476822532, 117.29777261474632, 115.83763782624042, 104.38613924873171, 100.64204820179151, 99.15114372382864, 83.28031254294642, 73.69116307663042, 65.32906627530546, 58.99143980646525, 57.91984407913779], [18.443514489748964, 22.09216894068186, 28.964479257752405, 38.63101953568999, 32.59557086648706, 27.00935051383771, 23.420493218080402, 38.893569913974275, 41.86005947395452, 49.378466252658285, 58.2957558829242, 68.50821620951368, 60.235973230382804, 52.11838191188748, 44.670412776739475, 0.0, 10.113140070550342, 19.306958072065445, 31.005453612321276, 41.18618851583048, 42.56295639281784, 28.49800226307622, 19.59076731355937, 12.420126846432327, 7.868304893642213, 35.12692847653216, 44.47344709667391, 54.315681946146825, 65.04248328159524, 75.54848060222291, 71.78874149808107, 63.27811704691648, 54.10768500386267, 45.92967541311767, 37.5629580495788, 12.699175799442024, 23.341510018365604, 36.31643379022188, 45.81857535501214, 52.116849847136805, 56.63434378957621, 59.8727998397782, 60.854058607922184, 57.31919186801375, 44.60658244573296, 33.047950318913365, 27.36170692946048, 73.15222413876013, 65.05428939458761, 64.82003342778202, 67.33096380585708, 69.69908093082871, 73.12758102525108, 83.43264662365571, 91.7158929738592, 90.7955978566938, 90.59970736659287, 88.51091939304865, 83.5267962576899, 73.49864767260188, 69.30769041514868, 71.50870668787269, 73.87207529387828, 82.34409021547705, 84.571158097731, 82.56765605495659, 81.53378940746998, 61.722981693182454, 73.82450646956464, 83.86725170093143, 91.1891609350129, 103.820189090503, 120.16301079722271, 124.43505416791841, 122.25561695420247, 129.18842250617465, 133.72513288979977, 122.23800518086195, 114.076166592057, 107.08570821453976, 98.4264044455042, 90.94304336047306], [17.09324528751059, 17.28165154443808, 22.60987496959225, 32.29164113535641, 27.903789881984327, 24.304274174521034, 23.103063460525853, 47.85246337097695, 51.011813723203964, 58.76469991301043, 67.62720204570917, 77.5165016910702, 69.6328852624119, 61.5511971904021, 53.82844855249655, 10.113140070550342, 0.0, 9.399176426862839, 21.28713787989323, 31.953956985390487, 33.71288680277828, 19.329148368805033, 11.432756035690828, 8.657161797523829, 10.725680431184072, 44.695250509437855, 53.82547139327965, 63.307946628186976, 73.7098818898767, 83.81376060346685, 80.48273344274253, 72.27557216240082, 63.34820272399907, 55.40512829209354, 47.140607679084006, 21.45918928275318, 30.62903582690459, 42.446447964946955, 49.721048351037304, 56.422718375467966, 62.49188345569314, 66.67262448939114, 68.39150442711137, 65.59206709449536, 53.26398075828988, 42.37757539750886, 37.13719175348999, 74.74841065519675, 68.40379177967168, 69.50229162904262, 73.1603398948618, 76.32743771737277, 80.33230096908474, 90.88181864482654, 98.26075112801708, 96.69625428870445, 95.6795486320709, 92.47034179849409, 86.30836355010211, 75.54503225202188, 73.43955576043196, 77.08219992014169, 80.20345883698415, 89.62214357022472, 90.66493821167846, 87.78140993475986, 85.62122606614018, 53.287878529359034, 67.31797781813638, 79.24788813267676, 88.15937126327422, 101.96666320921275, 119.85977602372631, 125.68500252995482, 126.49856041651437, 134.767420604735, 139.90102542263767, 129.2254405877052, 121.23231324293856, 114.60534252661182, 105.81944402630135, 98.15609060198628], [18.425091696662058, 14.966911136360936, 17.373345333838788, 26.16025857060186, 24.102663118526152, 23.02684580710663, 24.15247677733087, 55.33343096047266, 58.78812795187588, 66.90668678288964, 75.65549203029454, 85.0553661031512, 77.54416731549583, 69.48310958558062, 61.47712338391527, 19.306958072065445, 9.399176426862839, 0.0, 11.969386222314036, 22.817908765920404, 24.826613562702303, 10.60556744538971, 6.480915087382721, 11.804366500200002, 17.400531142221638, 53.4595080150431, 62.4452959037733, 71.61793032457965, 81.56534267388737, 91.04770091364392, 88.06317208030045, 80.34261179895437, 71.73472912558493, 63.86837755396055, 55.71104966429919, 29.469728966980494, 37.560145062697636, 48.370166921383785, 53.17710804114663, 59.99849575320346, 67.4853494230134, 72.3869283873245, 74.52253514147408, 72.34568230230596, 60.7762674125844, 50.312898094908, 45.58373737044479, 75.22220052464094, 70.80101980862857, 73.17230276400123, 77.8035867838091, 81.58063606879232, 85.95728816887113, 96.43875345186665, 103.03284525985218, 100.98069870438626, 99.25653483501938, 95.05410487801633, 87.7898940175403, 76.41716396916084, 76.42624700430518, 81.35688646096891, 85.0568023205158, 95.04261781780232, 95.10587168328856, 91.51011141616013, 88.34266001423589, 44.83685492656916, 60.03668454361166, 73.50561324988116, 83.79531790975477, 98.63820872270304, 117.81782378377342, 125.09986729602885, 128.91889279271055, 138.18505783566974, 143.79143197448968, 134.00004379970613, 126.27250196118527, 120.18055289586287, 111.65119339188661, 104.43258074357787], [25.26876943657736, 19.574684244467033, 17.375654562335054, 22.277829547343813, 24.618479081315197, 26.82045371106106, 29.850558314812908, 64.85635965903111, 68.47107413912349, 76.85632266129903, 85.4029001035949, 94.16280893890166, 87.2452023080064, 79.32197861919471, 71.08575870877061, 31.005453612321276, 21.28713787989323, 11.969386222314036, 0.0, 11.340268485763026, 14.287739462404852, 6.730858326763014, 13.7717486444237, 21.688806056274586, 28.020357773054794, 64.19976312627352, 72.91241684102413, 81.60231779797843, 90.89488388543128, 99.53406941821822, 97.0438822984489, 89.97886271488584, 81.84293530420591, 74.17584885584964, 66.23046223761385, 40.37750773534105, 47.83871067976799, 57.82778126748438, 60.00839515255249, 66.72025102682292, 75.59168564492673, 81.06186007114529, 83.34666359651656, 81.6600906343448, 71.1279066348478, 60.77255538857431, 56.30836905806477, 77.9062709835034, 75.98167085977288, 79.7345199811118, 85.27284165070641, 89.52804134693643, 94.08529765765218, 104.06447488607897, 110.02712546782067, 107.62364044888363, 105.22286925555025, 100.00264682078591, 91.50700937115275, 79.53609830399647, 82.09503607012944, 88.32156000253958, 92.47520283045891, 102.58706979736569, 101.88047735361141, 97.67303792597488, 93.47078894366416, 33.74844208701477, 51.12000056676766, 67.12402198118848, 79.37742719076515, 95.66312925785535, 116.31400428908688, 125.48023326302248, 133.15410890820297, 143.0751016392016, 148.83175337741633, 139.9107924155192, 132.34786235840176, 126.7594406968522, 118.3411324529658, 111.56172769303306], [31.56624993420109, 25.283490319643807, 20.354008044506934, 19.859169505416357, 26.08165507722311, 30.551838568410428, 34.65717704152611, 72.10058901958827, 76.0558663615021, 84.8413408219753, 93.10330739245208, 101.03916276558229, 94.61758389483414, 86.80967284814622, 78.37359275979036, 41.18618851583048, 31.953956985390487, 22.817908765920404, 11.340268485763026, 0.0, 4.55823967634579, 14.05840012586429, 22.686874119049854, 30.52189234907592, 37.00787668935193, 73.39201155027536, 81.92922190977939, 90.26541965389497, 98.85864092183105, 106.49217556541007, 104.32135685498861, 98.0581801559354, 90.41843245949785, 82.75920457332381, 75.02831187285379, 49.204704284340764, 55.78357038965113, 64.89935548540164, 64.34833232606152, 70.7367854249557, 80.85299852765411, 86.75887753792644, 89.05510981481113, 87.91666894109902, 78.74436009498721, 68.72015370891691, 64.9105399736067, 77.70510718314522, 78.29814153448828, 83.33213488461729, 89.63958011501565, 94.26153020434552, 98.89770170524783, 108.23108284896374, 113.45976608856344, 110.77206448166083, 107.76521252212473, 101.65149928572845, 92.06395041669764, 79.6946402099088, 84.71141899647323, 92.09166498375629, 96.59002830466365, 106.66892206218705, 105.18640391812963, 100.46746088223209, 95.33784668503989, 23.764248807624153, 40.95818428887828, 58.66794251979128, 72.42130025378907, 89.81030070823881, 111.52084987628892, 122.32354545893944, 133.65403400062, 144.06502064377312, 150.0706099901656, 142.3040106749042, 135.19926925169023, 130.48323970706204, 122.89360400860629, 117.46424681036314], [31.182505838404474, 24.674663218600752, 18.826699203738237, 16.396346268189813, 23.592282746286102, 28.81708815845789, 33.46602002364854, 72.22620981091963, 76.49139613780463, 85.54567477544265, 93.7189611985669, 101.3694309269104, 94.89228834471345, 87.0317271235453, 78.52637558056628, 42.56295639281784, 33.71288680277828, 24.826613562702303, 14.287739462404852, 4.55823967634579, 0.0, 15.069114691137298, 23.5166110795331, 31.196859948499338, 37.69821787728238, 74.63259317471825, 83.2543193760804, 91.67508169068712, 100.15881807409325, 107.52480919408454, 105.24214996288143, 99.20941622161675, 91.63697428618998, 83.78108541279052, 76.05662729915787, 49.62057668509662, 55.3957601086914, 63.8724303546966, 62.1830561965192, 68.42483684958368, 78.95910008234301, 85.06398201176422, 87.5016945965816, 86.73300180173023, 78.09846299067867, 68.61449861118521, 65.44082457187791, 74.08847736747849, 75.36090464567252, 80.80662132271792, 87.40450716180744, 92.21790436946212, 96.98274950174367, 106.33619216970516, 111.03437729818164, 108.1345066179721, 104.87405801620564, 98.46102370982175, 88.59424634820306, 76.17450485836058, 81.87271080256458, 89.65361252431671, 94.33746566868923, 104.68908458590614, 102.67487195049864, 97.70290247144881, 92.25290420711407, 23.86670280576781, 37.71716255483179, 54.492393770501614, 68.0829888649875, 85.3785477638653, 107.19893655911739, 118.17872846710314, 130.1904268306381, 141.0814739241063, 147.58145611157997, 140.48876085567588, 133.84873202950538, 129.73149740478215, 123.02162126925342, 118.62869993966932], [20.641779127464595, 14.106015555748723, 11.28357454606562, 17.49987751652982, 18.438920310539036, 20.745722357401537, 24.57453004728532, 61.77308240977209, 65.86159864677379, 74.60494697624193, 83.16409946645162, 91.84850643211156, 84.51111175719514, 76.37783676178162, 68.0746791158499, 28.49800226307622, 19.329148368805033, 10.60556744538971, 6.730858326763014, 14.05840012586429, 15.069114691137298, 0.0, 9.269866027243165, 17.813234705705028, 24.433844207627157, 62.30429417006665, 71.32335804723616, 80.40319403499272, 89.87751149918233, 98.5500288844766, 95.67037621566419, 88.60461377519853, 80.30977928730977, 72.21839403579538, 64.13056944961345, 36.55436482494107, 42.787847044542296, 52.01905313889066, 53.59567571278298, 60.325052402575636, 69.36560595112707, 75.06460359326044, 77.72172788329961, 76.48450617541052, 66.09971367269635, 56.66681997518472, 53.17183205343405, 71.67719724409847, 69.48368625965965, 73.30127956014614, 79.02594770020006, 83.51412556361853, 88.35586836824505, 98.8727948205947, 104.18830687817788, 101.48164320693219, 98.89790788568547, 93.57019941075168, 85.15001138943109, 73.28905127953725, 75.67913227798837, 82.06752431948298, 86.44874013947766, 97.2610334489169, 95.89230103638872, 91.4292807664203, 87.10530401137132, 37.36073770348933, 50.98371015244372, 64.65802154175945, 75.78169927496809, 91.21496912397392, 111.4734169514097, 120.077896465784, 127.00092750959924, 137.67776780932377, 144.28959113875283, 136.02188394206067, 129.08555588102257, 124.15318306528562, 116.93413047376518, 111.37667176475368], [13.337358660671537, 8.7250937030401, 11.606896734165813, 21.067587932829547, 17.876576599596078, 16.586085989616148, 18.38427137663699, 53.1871213351122, 57.25265204198811, 65.92944489331907, 74.57172116224274, 83.54697815907781, 75.87548963475265, 67.6586916101067, 59.456249118295396, 19.59076731355937, 11.432756035690828, 6.480915087382721, 13.7717486444237, 22.686874119049854, 23.5166110795331, 9.269866027243165, 0.0, 8.665003363601256, 15.237334919563793, 53.46301576639784, 62.63321171958275, 71.97464780779134, 81.73638487003234, 90.78931458249087, 87.58585412738941, 80.23849218959326, 71.73301228540225, 63.470111490755606, 55.28855767114477, 27.329499353046778, 34.08393657698621, 44.24997656274682, 47.592473925957144, 54.37587196120954, 62.49068522703219, 67.68379843495923, 69.9790452266355, 68.27849889991754, 57.41580521288153, 47.653519107666476, 44.07029434732426, 68.79425807217842, 64.7585289876562, 67.52521711801229, 72.49729202892485, 76.51045288003127, 81.06603771011207, 91.67113757687267, 97.68287321829982, 95.4049082118623, 93.44027486637272, 88.97838065872465, 81.48607465313525, 70.02711419257248, 70.49843956389181, 75.85072807418231, 79.76762597838555, 90.15576716235086, 89.61194967390422, 85.75077041101447, 82.29445131987559, 44.933242978657816, 56.95556392999962, 68.69178396289874, 78.21076591045878, 92.58829590079438, 111.54663999904939, 118.67926289493955, 122.74160198732172, 132.48408110281378, 138.71150289913325, 129.70133246231057, 122.58441194853633, 117.29873091030326, 110.07900351468341, 104.48880202169772], [8.523802731405567, 9.817265060758471, 16.636241885090097, 26.248274436373453, 20.782296633891285, 16.160269110313852, 14.471049109827353, 44.70162823539234, 48.75612325552847, 57.43555753374916, 66.0967277873718, 75.1978267289082, 67.3376984254857, 59.08514644023675, 50.94148736612704, 12.420126846432327, 8.657161797523829, 11.804366500200002, 21.688806056274586, 30.52189234907592, 31.196859948499338, 17.813234705705028, 8.665003363601256, 0.0, 6.642709641126051, 45.1563607339833, 54.40107935559843, 63.8829386707315, 73.73460142948973, 82.93573591714821, 79.48134926110663, 72.04254201786345, 63.46806740079274, 55.04930273494046, 46.84641338059768, 18.833551028168344, 26.665781575118718, 38.18473133409575, 43.121221569823376, 49.7438942568366, 56.9014600162963, 61.41095396375235, 63.01132872620496, 60.689403302083086, 49.701224436922196, 39.18675537062195, 35.4131872450329, 66.67634963280601, 61.13995122958949, 62.875191176922314, 66.9757701760768, 70.34512654104981, 74.40060652715657, 84.68516104747903, 91.6081227131737, 89.93213380116266, 88.6751714467344, 85.13923373038192, 78.53729520991834, 67.51480054792819, 66.27930231549227, 70.52134033059079, 73.8099623831619, 83.31869331652699, 83.87131680739925, 80.76482509971167, 78.23297538399328, 51.46103191915165, 61.951685729727124, 72.08431853451987, 80.19472709491332, 93.67961419622523, 111.3111895942204, 117.14379950634871, 118.77735349694906, 127.18431809051188, 132.7396526790358, 122.93999400238403, 115.57401973425152, 109.94029323334884, 102.72700223009463, 97.30376300092814], [10.675534414762666, 15.16523304446424, 22.51141739542251, 31.85656998301583, 25.465954640911423, 19.469273986858195, 15.588023275209403, 38.711007908743596, 42.654099584606286, 51.20128334605916, 59.921880324853205, 69.28517447687427, 61.16873826921218, 52.87642197489873, 44.87214397969185, 7.868304893642213, 10.725680431184072, 17.400531142221638, 28.020357773054794, 37.00787668935193, 37.69821787728238, 24.433844207627157, 15.237334919563793, 6.642709641126051, 0.0, 38.80226439092257, 48.14916048669637, 57.82571128044692, 67.88897695896367, 77.3949607083287, 73.68162023923834, 66.0115004934468, 57.28006389818331, 48.736637436242994, 40.472994371595526, 12.36903994513697, 21.592605897165726, 34.25555573360801, 41.01496150355346, 47.409216446180736, 53.431492553267205, 57.27896321079895, 58.35722628866642, 55.4633563874267, 44.096413339782885, 32.95559707658539, 28.864410317992604, 66.53719023657231, 59.63244266989495, 60.35972775869355, 63.62574265528149, 66.42468469154232, 70.07809426612394, 80.22355487394024, 87.8701901987761, 86.66459321816922, 86.00967153194753, 83.28972443360831, 77.54790937763775, 67.04478461181937, 64.21798721484461, 67.3967385144755, 70.14198709573292, 78.9848811745994, 80.44003888671509, 77.97362042688954, 76.27085317601765, 57.34122798484799, 67.15166594802805, 76.23874235124846, 83.32937859061545, 96.02955428775346, 112.59771095569529, 117.35066312796003, 116.82410943896764, 124.26007644346168, 129.32984104626348, 118.84452248320315, 111.26638228631367, 105.26437393049314, 97.95188101035163, 92.43133724398409], [46.30564556873266, 52.98167419099327, 60.59602397063254, 69.06633732653708, 62.29755717123487, 55.06047268733407, 48.38052737345919, 19.32833802320321, 16.021120656276075, 17.218671727068905, 25.713309055217728, 37.495940665911554, 29.58072099361721, 23.52577232954476, 20.383779792815215, 35.12692847653216, 44.695250509437855, 53.4595080150431, 64.19976312627352, 73.39201155027536, 74.63259317471825, 62.30429417006665, 53.46301576639784, 45.1563607339833, 38.80226439092257, 0.0, 9.636733894914448, 20.17511662971409, 31.706941143526127, 43.80085753466489, 39.02982926961656, 29.19372678370622, 19.408880578841377, 11.601201045402581, 4.563413757860776, 29.425841078632093, 35.01095053812195, 45.234921793996314, 57.53697112534961, 60.80325482129181, 59.43024969770552, 57.72106424845524, 53.572936880761254, 45.85258229567552, 36.722539797612775, 23.24913269557525, 14.723657019795862, 85.20423033311353