{
	"dissimilarities": [[0.0, 7.302256385296402, 14.74459418597925, 23.03434283031515, 15.763638531514419, 9.005703880092497, 5.333264979614926, 41.799132268779275, 47.91357072025799, 56.2753898039706, 64.55438780154503, 72.2621922017181, 64.73165481361332, 56.4834659848212, 48.076328830176784, 21.838948461570602, 20.942065854740143, 21.907966756788042, 28.27605678398539, 34.37512791096708, 33.21502346267011, 23.034399038434604, 16.637880735264392, 13.182026588476484, 14.787045759893653, 48.11130545253007, 56.810534706714506, 65.49253548471032, 74.28562613471188, 81.76696481553162, 78.25638857895049, 72.25797273286474, 64.48882594606972, 56.13324496251739, 48.32209809376035, 18.787763417425154, 22.71120075641805, 32.26187867567656, 33.51227494960039, 41.62892568200767, 52.89521928771275, 57.33389652282486, 57.10513461240981, 54.2070700673899, 45.58256517365557, 36.71336428769139, 35.92902892490056, 59.83145700538322, 57.611196440693824, 59.39320148721498, 63.504222690077434, 66.13650989274427, 70.95374655770794, 76.27035345617696, 79.25742935085526, 77.72885332994981, 75.08937919902729, 70.11312551482271, 66.47780499222186, 61.05426811163012, 62.65378232359513, 66.23230919381126, 69.50980809463577, 74.99045475537314, 71.96455707094358, 67.82028640035443, 64.12531263985078, 52.3260370747165, 63.84544339828249, 78.09556538034161, 94.71708447015075, 84.93284351575025, 92.95722147726505, 107.66957146972719, 104.95171623292266, 114.24347202990107, 113.82438003841371, 108.49893104901071, 112.5405221209356, 108.37992483447604, 99.59949096603002, 95.83222925968762], [7.302256385296402, 0.0, 7.731743477480032, 16.93335108425219, 9.572685457221079, 5.364365288140899, 9.09325893882941, 49.019400670456214, 55.158358001402455, 63.489305968625935, 71.79948502974877, 79.55007784387423, 71.96249740753214, 63.684722499966, 55.30645967995625, 25.222965346481427, 21.580827073528226, 19.777794220556903, 24.10878140235931, 29.37834831484428, 27.74227186438007, 18.019929597474817, 13.731864365234822, 14.285185116734784, 18.358674760887098, 54.605870794046176, 63.49837361889207, 72.36691841001934, 81.34090676573962, 88.93737337466828, 85.48160632302451, 79.36239710503418, 71.45114027032307, 63.0380577204059, 55.09795248787608, 24.280164120948218, 27.909947852619467, 35.8008215210746, 35.66667246965649, 43.827736568573876, 55.71315701825935, 60.91818914961578, 61.76735458629019, 59.80855560781543, 50.98741161639541, 43.202459894744486, 42.551205603064375, 60.271690483028955, 58.88403640912825, 61.55209398659287, 66.41203012616626, 69.7943300576978, 75.32455423033556, 81.1823628432958, 83.41961681115767, 81.09419464953957, 77.70436468630936, 71.88644870721375, 67.62224320798703, 62.06673958063886, 64.73209039211044, 69.14975294558124, 73.12857099444415, 79.37678411990103, 75.68166448024344, 70.68492039061515, 66.05936114192579, 48.19682957624879, 60.21648750967374, 75.30355061854085, 92.71978927914579, 82.99422967622817, 92.09791697613521, 107.83464504120364, 107.09129246217175, 117.9793427942913, 118.72490650872147, 114.38997873158745, 118.59834677466233, 114.9634578523904, 106.57380656238146, 102.77990731089423], [14.74459418597925, 7.731743477480032, 0.0, 9.81174689067558, 4.3120834455843955, 8.512036337855003, 15.217137641693656, 56.41567348489425, 62.59135002886643, 70.9869898646473, 79.2119403371766, 86.75055781529038, 79.31129190763531, 71.0622904339416, 62.654593330995084, 31.864283632291816, 26.50988287695904, 22.069114026141627, 22.482187558187416, 25.13029203307914, 22.6272885894155, 16.379505176576796, 16.3887541078607, 20.281996705246996, 25.35393222012574, 62.27739676956721, 71.15163489989489, 79.94284784709127, 88.76201683253248, 96.11037425758286, 92.80955018018697, 86.87670867780685, 79.07591827506864, 70.71769847342757, 62.80550864202083, 31.869272449291625, 34.95384031850946, 41.363238033837796, 38.99632588359374, 47.1894281523183, 59.980527001316375, 65.75365439982853, 67.20466863003554, 65.89068192445822, 57.59492910216153, 50.626461960304084, 50.277283504678834, 60.60471950605886, 60.550942919607834, 64.33499182823158, 69.92219916110938, 73.97323700457882, 79.91440236726662, 85.94517899935485, 87.52804935132731, 84.59684691666969, 80.49982788543782, 73.85780589423528, 68.77483247426933, 63.12034709282738, 67.21686808455934, 72.53371355841534, 77.08907719422102, 83.74901267012172, 79.62679512702144, 73.92860633240424, 68.29684829100984, 43.64067216256873, 54.751573739646574, 70.31983186766553, 88.44699305417093, 79.18467880366956, 89.675780366725, 106.36798346445083, 108.61608977598927, 120.67431405251507, 122.54965808076605, 119.25325201139124, 123.32138949116464, 120.38577249175624, 112.71623832433527, 109.44250473706613], [23.03434283031515, 16.93335108425219, 9.81174689067558, 0.0, 8.681995059456382, 15.850265293945649, 22.33833967071715, 63.630259766054934, 69.82711926181308, 78.3617043524866, 86.30234361876532, 93.2485359206268, 86.25653592036386, 78.1501408357086, 69.69766437714868, 41.421514771346374, 35.57971469881356, 29.760692146445468, 26.17319081387405, 24.062226441043624, 20.346733352935285, 21.695471577582406, 24.890724489190283, 29.757334457608764, 34.915916621097516, 71.0169927091315, 79.6174253814339, 87.9889217125598, 96.18671862369645, 102.7561619803547, 99.73926154426498, 94.43829412996935, 87.10096542654975, 78.94707125286112, 71.26702955979981, 41.18267147835676, 43.45145410782367, 48.67322874258178, 43.117098263595764, 51.391975862023294, 65.5114535111438, 71.5629315311259, 72.94496641773048, 71.9083775715788, 65.08591415754516, 58.703403104243016, 58.929707926242, 60.0973385898054, 62.08953151083244, 67.27485578954933, 73.52574559684511, 78.10565551305599, 84.01148304864567, 89.67732016374029, 90.73374120054011, 87.49537183253061, 82.7836528802785, 75.38722422868985, 69.22841529502595, 63.526650836989674, 69.5464072016706, 75.81456177404368, 80.74324126058602, 87.28285804438693, 83.09613462289194, 76.94325074204032, 70.23469561851385, 39.25524418854675, 46.120971743677, 61.31158875839126, 79.99739801295014, 71.79762489464841, 84.1517553167888, 101.64503931848768, 108.42012292309593, 120.92803062231121, 123.88818636397968, 121.75600789346005, 125.25927460229587, 123.35414138422871, 117.0198054501218, 115.16557877656857], [15.763638531514419, 9.572685457221079, 4.3120834455843955, 8.681995059456382, 0.0, 7.619196125303178, 14.720853706627782, 56.51737042125951, 62.82382587035631, 71.28633121222063, 79.35167120389899, 86.70589249875381, 79.28068880143806, 71.04112731260967, 62.669023337796204, 34.571397185264274, 30.059382718333005, 26.228952470452228, 26.634774566025335, 28.314621816946772, 25.41247808600212, 20.628823369915526, 20.388789674712765, 23.348577835882956, 27.78419657756432, 63.73106298858821, 72.53090098619565, 81.23459324168743, 89.85472424077163, 96.8950772921406, 93.48123349613334, 87.82147305769062, 80.17049455181933, 71.77757679348618, 63.942414758279796, 33.36729441794484, 34.930112219189766, 40.21284307339388, 36.15437486416762, 44.41515905639938, 57.849736373144424, 63.757619268705355, 65.25003154108714, 64.26380519127495, 56.72758146659582, 50.60492629412304, 51.188041584263026, 56.57808877442697, 56.95546968441999, 61.15360954542702, 66.98244519024841, 71.26338103735019, 77.28256327054561, 83.33361591038576, 84.5991957620473, 81.47138742087269, 77.1499631000597, 70.28256091665777, 64.94047351616383, 59.265901339694, 63.850878273369744, 69.48800892773532, 74.21443402737752, 80.95458234084124, 76.70539146061604, 70.79728467322343, 64.82094952856752, 45.787240539197526, 54.065900960092485, 67.94728756934255, 85.4115789681395, 75.342997394198, 85.46734408282262, 102.17981921507891, 104.72960613770945, 117.16526594881418, 119.58208905641298, 116.97027302811794, 121.42410495517534, 119.13941131357336, 112.51770898276034, 110.33502723757307], [9.005703880092497, 5.364365288140899, 8.512036337855003, 15.850265293945649, 7.619196125303178, 0.0, 7.299171375185677, 49.042049080973804, 55.377115445430576, 63.80720556216211, 71.90443327893423, 79.41553532016955, 71.83333022828594, 63.556634582144724, 55.21714970553124, 29.10994317488002, 26.525788642835597, 25.100490286228293, 28.727603648437103, 32.65647557085162, 30.45763399553644, 22.581993056652326, 18.984253130759843, 18.94287323538153, 22.035854985011994, 56.5367168779592, 65.31035159270091, 74.049848024701, 82.74946292233567, 89.93199954774259, 86.32172520748921, 80.56994856624695, 72.86486802228474, 64.40992574102691, 56.58573264732835, 26.42859728438212, 27.6308662794876, 33.91597320304067, 31.513818202794198, 39.879975932155965, 52.6803654872693, 58.075957585858724, 58.971033139520515, 57.43815561957582, 49.610174120329404, 43.012799357796105, 43.730781201496804, 55.072062003698136, 54.10730420021827, 57.24426246524964, 62.404278850544486, 66.07535367169935, 71.72136898328584, 77.63042256577705, 79.47886773019701, 76.91011131323624, 73.2510017124918, 67.169731433332, 62.61935245679453, 57.02670567504469, 60.22131033651528, 65.0240100656039, 69.21903849341477, 75.5875741733439, 71.72369405370118, 66.46245841161897, 61.42970970136207, 50.56005004768113, 59.41371833282839, 72.52593214600276, 89.09926925128845, 78.38307501822446, 86.93351144393972, 102.63730067251596, 102.09457774961143, 113.44406667138739, 114.85282660442162, 111.37430361125517, 116.1078061241129, 113.30587517522092, 106.2785956829552, 103.92094885338366], [5.333264979614926, 9.09325893882941, 15.217137641693656, 22.33833967071715, 14.720853706627782, 7.299171375185677, 0.0, 41.8134395255133, 48.154044050262065, 56.61598920238329, 64.65891476112667, 72.11833707387775, 64.57651986212714, 56.32347979800105, 47.9638812802469, 26.149397917676076, 25.947514889221317, 26.785854591810594, 32.331068064871054, 37.28338543388058, 35.5871421204502, 26.762155161321775, 21.153904583169908, 18.06763511917301, 19.08498137573212, 50.23937340968158, 58.78741384207675, 67.32202464637791, 75.81970618106261, 82.86290872895952, 79.17749703940412, 73.56923614377726, 66.02381974280888, 57.632921851435185, 49.966628420892576, 21.405016928576817, 22.25875673236174, 30.039103145841374, 29.001802100768927, 37.38313566468764, 49.59132840713832, 54.21082825834903, 54.00012440510171, 51.530355848703636, 43.94727296139774, 36.42255155040944, 37.25698627450092, 54.59251091895944, 52.68787931267424, 54.864911571378904, 59.244770120762134, 62.145346280154925, 67.07874796496304, 72.46341715991487, 75.07629478142584, 73.31932706865207, 70.43691644580376, 65.23797606364258, 61.36827962656409, 55.91284375751426, 57.942074765494105, 61.86402412182782, 65.34047212041054, 70.94401160543643, 67.75227442948098, 63.36381860334783, 59.31161858158114, 54.61839997270847, 63.24073882860677, 75.5728459461342, 91.32091770188445, 80.54345978303553, 87.92507801486104, 102.54463418523466, 99.85519509232198, 109.59004411772274, 109.82205765472293, 105.36035145787665, 109.98784938683251, 106.69038700834291, 99.34582247031747, 97.09626986311788], [41.799132268779275, 49.019400670456214, 56.41567348489425, 63.630259766054934, 56.51737042125951, 49.042049080973804, 41.8134395255133, 0.0, 6.584137553952607, 14.965033695035203, 22.879190092169043, 31.105089390889784, 22.959312637516852, 14.712464945928094, 6.3691690709675, 39.26730508110069, 48.0810685323545, 55.50060121269661, 65.21513863543898, 72.83632992189344, 72.73531036585395, 61.88236690427125, 53.30832459306731, 44.96355349644756, 39.12651083736824, 21.5831253016653, 25.019805405502474, 30.63849133447972, 37.46457123422915, 44.1881376084537, 39.16925412904082, 34.097110580349614, 27.94084439657975, 20.884869557859556, 17.21787188928286, 30.69598752658969, 28.98440108297615, 36.603009364797984, 44.84455150104355, 47.89398296160856, 50.066542083181155, 48.080960550095725, 40.64615020259472, 31.152759222439432, 27.371803826434764, 14.857828178805036, 15.452727202507198, 70.34647674024944, 63.61244054018445, 59.52931202969781, 57.87381305300985, 54.91226487994495, 54.017398205800696, 55.04931433452586, 62.84579834996109, 66.68333597747086, 69.33696283264915, 70.45256751851156, 71.51647065116966, 68.08353011141294, 62.696599565337976, 60.05048970752673, 58.07082914021138, 57.65648601082586, 59.516224562955685, 61.73980451809546, 64.79718634486116, 87.63546920894174, 96.4602218598183, 105.64650293381924, 117.11351321943202, 106.3206582281033, 107.48264553205053, 115.69239653407013, 99.47063963719721, 99.13805507408263, 91.24620019658899, 79.37303418009165, 83.75653102854463, 75.90775340622153, 64.84509254146084, 61.70830147398861], [47.91357072025799, 55.158358001402455, 62.59135002886643, 69.82711926181308, 62.82382587035631, 55.377115445430576, 48.154044050262065, 6.584137553952607, 0.0, 8.605513998621696, 16.653406819481564, 25.169872992627536, 17.145215856734673, 9.375952996128019, 3.17946582642871, 43.91601582574368, 52.919908330323416, 60.5576374121481, 70.33863854488185, 78.10491058774315, 78.20863187589458, 67.35951874531793, 58.77837135434801, 50.40308277381594, 44.46367727709283, 20.408039488732225, 21.240640232201713, 25.20916333322286, 31.25126377899308, 37.914227851344215, 32.686410106415124, 27.73261026047078, 22.261233076866766, 16.395524353473903, 15.403893124778879, 36.10093605111771, 35.049126699457155, 42.360517794003016, 51.005045730765445, 53.5948572413363, 54.63847360976895, 51.89857182013067, 43.82585786985389, 33.79312496226181, 31.084139965784896, 19.764889776705612, 18.985262370179164, 75.81636354062664, 68.86114604528912, 64.28223643624885, 61.96846450935984, 58.30451130423398, 56.47351703303071, 56.56329814937508, 65.05895463887774, 69.71531094499952, 73.08328339900805, 74.9453831632576, 76.48145707076937, 73.30864034155829, 67.3533208211083, 64.00530982664529, 61.31934877308613, 59.878832574891845, 62.55026206480092, 65.65722366186961, 69.46754954784394, 92.42893512213782, 101.61767091552564, 110.85093090492914, 122.03883300064024, 111.70519999612206, 112.50452639321298, 119.95585326186874, 102.60510278800177, 100.52942669763493, 91.17082664445054, 77.77143618391314, 81.53221626096318, 72.47453034613308, 59.98722947083551, 55.980742996327315], [56.2753898039706, 63.489305968625935, 70.9869898646473, 78.3617043524866, 71.28633121222063, 63.80720556216211, 56.61598920238329, 14.965033695035203, 8.605513998621696, 0.0, 8.799978163355236, 18.518747961690792, 10.087614299051582, 5.297722280896574, 9.624975737922979, 50.671964566185075, 59.989309667765745, 67.98721171908106, 78.05507723339576, 86.1175633540349, 86.37404442636428, 75.23561433946558, 66.52725698900966, 58.042701553131394, 51.9186771729865, 21.800407703561465, 18.965495592083855, 20.110256230829336, 24.918535187965702, 31.68999396827285, 25.679971487939248, 20.693592290888333, 16.4489779039582, 13.378097231117062, 16.748992033015664, 43.43265108503142, 42.31683421655186, 48.69417351839164, 58.08169085093994, 59.83780079975162, 59.05332115460807, 55.33520380928684, 46.76470978164796, 36.558789745789646, 34.92513008258114, 25.844625305777566, 24.84462530218705, 82.1152113047629, 74.5866114423626, 69.18491583660368, 65.96361727004454, 61.42986414287138, 58.61569913908291, 57.86692295290814, 66.97933360881677, 72.46929594234884, 76.7295467476936, 79.60348691569051, 81.93509691630197, 79.16660583133418, 72.20619875832392, 67.86227576108824, 64.33223001546564, 61.872123545704014, 65.34430796331145, 69.4984334417123, 74.37976307444431, 100.31576933387437, 109.84845044520041, 118.85459453918793, 129.52485363893527, 119.1292284549679, 119.03890978392754, 125.51656127415953, 105.76416012019551, 102.00585477537115, 91.10137109564123, 76.16675343637553, 79.93316137843041, 69.64915287468907, 55.92686317354709, 50.98646045046594], [64.55438780154503, 71.79948502974877, 79.2119403371766, 86.30234361876532, 79.35167120389899, 71.90443327893423, 64.65891476112667, 22.879190092169043, 16.653406819481564, 8.799978163355236, 0.0, 10.32329133348904, 3.1574212030473534, 8.961288915740026, 16.76157533073652, 59.4620380133852, 68.7478187330892, 76.66854307179827, 86.5436782642135, 94.3497496647319, 94.5777244051313, 83.81032665901127, 75.19070559084345, 66.75305876761938, 60.672715357181254, 29.34180559272781, 24.341596867273296, 21.72938834633122, 22.364993245276555, 26.555442889601462, 20.01337100641034, 17.8855523335457, 17.99119735121562, 19.108008223313988, 24.60316898605627, 52.175486459319266, 50.49528747569258, 55.83126783033082, 64.44240987831179, 65.58397439486164, 63.941271409544804, 59.36482722526892, 49.892654494025955, 39.46581739852554, 40.50521947697064, 33.640368905415784, 33.552906848171624, 86.56895832526267, 78.99529629720587, 73.15921225797891, 69.16237577325589, 63.81683258703784, 59.62440314848709, 57.35308967757117, 67.16659949176714, 73.75281352633844, 78.90569108401338, 82.76427637484609, 85.63962599225098, 83.30825480856697, 75.8348131416064, 70.71605735650246, 66.27154190728706, 62.25005363656669, 66.87728342086228, 72.19150285868847, 77.92178995849883, 107.93419207088097, 116.3492509766813, 124.2299782518563, 133.82892699938262, 123.54641665374096, 122.43014648622578, 127.56675309855103, 106.2640540230087, 100.04519685583034, 87.42030846441298, 70.9377580333901, 74.39527480690164, 63.26680594938512, 49.5182779044957, 46.097956135758935], [72.2621922017181, 79.55007784387423, 86.75055781529038, 93.2485359206268, 86.70589249875381, 79.41553532016955, 72.11833707387775, 31.105089390889784, 25.169872992627536, 18.518747961690792, 10.32329133348904, 0.0, 9.960580617123131, 17.67180711755951, 24.848746897947855, 68.62944441928825, 77.57701971677326, 85.0772663983017, 94.31419098289145, 101.45843508211128, 101.63805935442244, 91.83397424083256, 83.54391952443616, 75.33591820366927, 69.4983857616996, 38.939740078511164, 33.06055024386223, 27.873323430745266, 23.540961791231428, 22.214621018414178, 16.661910787358394, 20.3475686559086, 24.90955109660529, 28.302888406207323, 34.34179788622659, 61.250554098132056, 59.44231462670865, 64.40126219345599, 71.35648343189456, 72.39560450350025, 71.09777973296377, 66.089907778555, 55.70727511646114, 45.09276566318306, 48.86838293262224, 42.89708882401599, 43.262176556987214, 91.11020836482332, 84.15679220899078, 78.46959867319707, 74.09481819405693, 68.2490490767411, 62.638599574216094, 58.36007905901289, 68.83875483406602, 76.57883721020109, 82.38869206563595, 86.90509363242757, 89.84236314815537, 87.83100647495276, 80.60362870342587, 75.19780710104114, 70.03272309012137, 64.2213961189547, 70.13511673425995, 76.40627393044464, 82.4699855789454, 113.7789973067015, 120.4141109612792, 126.97219313966069, 135.37560090886294, 125.96104831328265, 124.27753032797598, 127.97734902849, 106.97123837055975, 97.47817493875966, 82.81037845966735, 64.36458303628095, 66.1247264321011, 53.82674856155603, 39.953423442060995, 39.925425010001504], [64.73165481361332, 71.96249740753214, 79.31129190763531, 86.25653592036386, 79.28068880143806, 71.83333022828594, 64.57651986212714, 22.959312637516852, 17.145215856734673, 10.087614299051582, 3.1574212030473534, 9.960580617123131, 0.0, 8.440361074492133, 16.659087634819198, 60.47989777362995, 69.76257034622478, 77.60869820328026, 87.43245871820825, 95.07455080629754, 95.15998203504229, 84.50369403866901, 75.88795879690663, 67.44696450863064, 61.38980596912537, 31.347754820229373, 26.949599863093514, 24.831928499143075, 25.313144266803462, 28.650724848592784, 22.188634686251135, 20.870011567974633, 21.029876529599335, 21.5685779045651, 26.451731395669473, 52.767430387937786, 50.35061335864624, 55.032833891849386, 63.124210244493725, 64.01611628105614, 62.25845946233155, 57.493216903741335, 47.71409235858879, 37.218715646237605, 39.31973686135964, 33.410145382618914, 34.37550835085636, 84.5050593831696, 76.9123595916736, 70.98811569980019, 66.82615552878227, 61.32790892849647, 56.853011772026235, 54.332864318214455, 64.22628849480908, 70.98210481217829, 76.28128417054435, 80.33850030999385, 83.34249974425617, 81.14104575471275, 73.54694395239301, 68.2785700770463, 63.65401180398536, 59.34240307494892, 64.16905626296248, 69.70322959570802, 75.60049427330308, 108.71577695665124, 116.29695090615043, 123.45304767596224, 132.57805136483742, 121.90592976271996, 120.29677052174998, 125.13451430321982, 103.31848663834933, 96.9660772846537, 84.41018645894775, 68.18434892298228, 72.27338984443888, 61.737967461695796, 49.43832890184609, 47.819194076755835], [56.4834659848212, 63.684722499966, 71.0622904339416, 78.1501408357086, 71.04112731260967, 63.556634582144724, 56.32347979800105, 14.712464945928094, 9.375952996128019, 5.297722280896574, 8.961288915740026, 17.67180711755951, 8.440361074492133, 0.0, 8.532727498759936, 52.58866184611899, 61.85177571932111, 69.66741425130313, 79.58883685378852, 87.31037665863867, 87.3067781695897, 76.42981988281008, 67.75451896445676, 59.28539935566096, 53.229616065737545, 25.93535437766351, 23.995691274840574, 25.199710820783842, 28.975015550577105, 34.27030476641406, 28.170697121645766, 24.64696976295482, 21.414042785811116, 18.37560826436453, 20.75354993660328, 44.53107133142427, 41.97113994385882, 47.15105109364467, 55.54587861569587, 56.90207902349994, 56.02003780856472, 51.98552641324981, 42.79841391306126, 32.308409010388644, 32.591230596707604, 25.2313049976978, 26.53454098422449, 78.36321844783815, 70.8154795696705, 65.28361932960554, 61.806925054945374, 57.0323740392673, 53.780011105468155, 52.676292958365586, 61.91519124493615, 67.66238762876442, 72.1359488282607, 75.30722818615763, 77.82130883757989, 75.24764039349411, 68.11079958752202, 63.54408851741675, 59.733559183405724, 56.832970662453434, 60.60806570474828, 65.09907952553546, 70.22978570700145, 101.54235457409669, 109.53434706378813, 117.25992032965557, 127.11665066077279, 116.08031217203369, 115.1838303894535, 121.18284235154351, 100.69802261571061, 96.76254236539754, 86.03822232726613, 71.60167850496217, 76.29427671326292, 66.97167761981726, 55.42904860266316, 53.24701244448643], [48.076328830176784, 55.30645967995625, 62.654593330995084, 69.69766437714868, 62.669023337796204, 55.21714970553124, 47.9638812802469, 6.3691690709675, 3.17946582642871, 9.624975737922979, 16.76157533073652, 24.848746897947855, 16.659087634819198, 8.532727498759936, 0.0, 45.25837027995119, 54.200932803857434, 61.7032429805479, 71.37444892581856, 78.9091885859544, 78.84109736957508, 68.17199542950904, 59.62410633563185, 51.27505596940548, 45.39625127881756, 23.15413729086752, 24.129270960179092, 27.850165107557547, 33.31850753854501, 39.27521319018322, 33.93280107692969, 29.64330393872945, 24.698990672546014, 19.117814646589917, 18.13001164195175, 36.908901808417696, 34.80935977824453, 41.3025215415392, 49.288354571950535, 51.64421587732448, 52.68345634341766, 49.77366863728636, 41.325484839250926, 31.09800465901017, 29.52941378605735, 19.30747136821272, 20.33785559906808, 73.4012048880296, 66.43240613281894, 61.78648413656802, 59.342074950423346, 55.56070907858262, 53.51319231727924, 53.44355843552432, 61.98181528629001, 66.75614133778106, 70.22175677987367, 72.23401884458232, 73.86255347130543, 70.79384328592184, 64.74516858872934, 61.2890538847235, 58.46375376717192, 56.809761413319784, 59.62371820532991, 62.89495156223311, 66.82809074761495, 93.246587688344, 101.43464871660939, 109.8478747326999, 120.53048441099025, 109.77795829249949, 110.08317555125147, 117.26510312898091, 99.50479443537989, 97.38201850871825, 88.18723389395004, 75.14686213747412, 79.44267532932365, 70.97751390195383, 59.74747959014138, 57.26490215704494], [21.838948461570602, 25.222965346481427, 31.864283632291816, 41.421514771346374, 34.571397185264274, 29.10994317488002, 26.149397917676076, 39.26730508110069, 43.91601582574368, 50.671964566185075, 59.4620380133852, 68.62944441928825, 60.47989777362995, 52.58866184611899, 45.25837027995119, 0.0, 10.207898425503949, 19.672828703739707, 32.130951424027344, 43.05329159257281, 43.88828407555024, 28.76417852719514, 19.55065924412006, 11.81627569076695, 7.139970111323578, 34.976736754750476, 44.330007577776236, 54.16167307578174, 64.91564942731269, 74.95099355288693, 71.21952817680523, 63.05461909625339, 53.90171205335799, 45.552821401892565, 37.34016078205991, 10.847081298601298, 22.958143283515525, 35.39007716824603, 45.97860235005491, 51.88668093001274, 57.502996120760756, 60.64676853319229, 60.7869646282927, 57.132500399707745, 44.24856423420788, 32.9315635421609, 26.803876925078097, 76.04376983660967, 70.82638841370775, 69.80765175750226, 72.1430271376878, 73.34954085437094, 77.88711591331511, 83.62804099450443, 87.73644362869227, 86.9363732161449, 85.67101256422445, 82.36112506897808, 80.82287442779565, 75.9041170177243, 74.04004912062219, 75.38410368947608, 77.61761719140131, 82.99650264838168, 80.33078693962821, 77.43589452698664, 76.1388704603802, 62.224603791714095, 81.57510135594777, 98.88958780347421, 116.25854040888217, 106.65525264073337, 113.59033606933669, 127.52929307584671, 118.78174254887334, 127.0699756141034, 124.27845613696515, 116.06742661440107, 120.23589632631564, 113.08855175698756, 99.71880207344525, 90.27543382321636], [20.942065854740143, 21.580827073528226, 26.50988287695904, 35.57971469881356, 30.059382718333005, 26.525788642835597, 25.947514889221317, 48.0810685323545, 52.919908330323416, 59.989309667765745, 68.7478187330892, 77.57701971677326, 69.76257034622478, 61.85177571932111, 54.200932803857434, 10.207898425503949, 0.0, 9.685693021037316, 22.390956071880737, 33.80007027282767, 34.92845232272774, 19.44303822916305, 11.184380373450335, 7.9184917361411715, 10.411612168009524, 44.533386326911305, 53.624782103661076, 63.09298493456534, 73.46569387075883, 83.12518935589463, 79.85399148317546, 71.97569529254578, 63.106068362315476, 55.02433892870195, 46.97201154169767, 19.10542537289369, 30.12338012678579, 41.550894091860634, 49.63246052286432, 56.29292808966019, 63.602275042056306, 67.64815596358268, 68.48069945619221, 65.38672833602153, 52.973280130485335, 42.26461552365195, 36.65940575256176, 78.258092254357, 74.34392322784761, 74.58922466415828, 77.88380418550484, 79.91890738885054, 85.00702139077272, 90.95107560258941, 94.50303998279655, 93.07060654243536, 90.98389343353061, 86.64793275276556, 84.12079865333978, 78.91121602710274, 78.62816620796461, 81.07858394774881, 84.03737834206858, 89.93644914712827, 86.79159098892816, 83.02615635025992, 80.51381428139437, 53.50374277316312, 74.96935411635057, 94.17725634526266, 112.85814594651043, 104.46924022269084, 113.30359242565132, 128.41359033599048, 123.24024923383068, 132.62956981781338, 130.80918052617542, 123.34928915344008, 126.84070410681166, 120.09208246136329, 106.8272100450778, 97.32334773908164], [21.907966756788042, 19.777794220556903, 22.069114026141627, 29.760692146445468, 26.228952470452228, 25.100490286228293, 26.785854591810594, 55.50060121269661, 60.5576374121481, 67.98721171908106, 76.66854307179827, 85.0772663983017, 77.60869820328026, 69.66741425130313, 61.7032429805479, 19.672828703739707, 9.685693021037316, 0.0, 12.81388457443089, 24.40262274426513, 25.716022401583917, 10.43713485421066, 6.287586469219966, 11.902589130876486, 17.722815266671912, 53.47146592632919, 62.341679736758316, 71.4210795384846, 81.26789833977632, 90.3269137887343, 87.44298785903125, 80.03851785725098, 71.54138401030445, 63.637831665247376, 55.71621562250771, 27.112733566346296, 36.976968203869795, 47.50432007377354, 52.817336576132064, 60.11659654125518, 69.11747512762435, 73.82299302912368, 74.95134687685837, 72.1988574958106, 60.61826336356223, 50.31631104903353, 45.34592120780745, 79.3957484536896, 76.91263541659099, 78.39952999254311, 82.51838424255318, 85.23143415055985, 90.62446981276989, 96.54225877173259, 99.63596541364551, 97.75422926189498, 94.97179615967087, 89.75382183474801, 86.2538281406446, 80.81994516148075, 82.13143287927282, 85.5855580603801, 89.10464398295323, 95.25367987168471, 91.82429807105765, 87.3858738282135, 83.766235001357, 44.56803465137221, 67.32704621158081, 88.0247418285825, 107.7618205087698, 100.69546567920037, 111.33143940501787, 127.38198626235072, 125.9531935110123, 136.0736030915284, 135.14945233565504, 128.4806425715469, 131.28811876095708, 125.11829477202234, 112.38252322621895, 103.4662842363509], [28.27605678398539, 24.10878140235931, 22.482187558187416, 26.17319081387405, 26.634774566025335, 28.727603648437103, 32.331068064871054, 65.21513863543898, 70.33863854488185, 78.05507723339576, 86.5436782642135, 94.31419098289145, 87.43245871820825, 79.58883685378852, 71.37444892581856, 32.130951424027344, 22.390956071880737, 12.81388457443089, 0.0, 12.024651371770164, 14.251986469949935, 7.410561308046035, 14.898256495477847, 22.99023026653393, 29.324051240175407, 64.72198470602521, 73.194268899884, 81.65550924020366, 90.70456549131242, 98.89401528562887, 96.58342386215793, 89.86011198979429, 81.94207613393003, 74.38194138055009, 66.737899770683, 38.56127362091389, 47.55809828029289, 57.3577742990498, 59.57071076450126, 67.46428286325838, 78.24226757583133, 83.4302131977804, 84.50639427252607, 81.83379656362798, 71.44080852861902, 61.23161672650001, 56.65300707692861, 83.05613506962227, 82.44621951314988, 85.33901015071709, 90.2411319793623, 93.53918710786577, 98.97842284273428, 104.54393688743144, 107.29960549801532, 105.15333270089477, 101.72961852772005, 95.6529178301415, 91.0197269907091, 85.39767570711854, 88.6028175264536, 93.08259242037288, 97.04188114622, 103.12881221421387, 99.63696703029208, 94.6723634544445, 89.90667787995571, 32.282388004251544, 57.28487975734803, 80.31508061178208, 101.46255818197443, 96.86036507612923, 110.01032115825616, 126.99591511760758, 130.68515539936573, 141.0628109282466, 140.91267224067946, 134.93820242453793, 136.52210017432358, 130.92105528918867, 118.69252315942094, 110.46620100057274], [34.37512791096708, 29.37834831484428, 25.13029203307914, 24.062226441043624, 28.314621816946772, 32.65647557085162, 37.28338543388058, 72.83632992189344, 78.10491058774315, 86.1175633540349, 94.3497496647319, 101.45843508211128, 95.07455080629754, 87.31037665863867, 78.9091885859544, 43.05329159257281, 33.80007027282767, 24.40262274426513, 12.024651371770164, 0.0, 4.38194355527841, 16.067426930057874, 24.859724412277174, 32.906544140697925, 39.29069398385807, 74.5685362992528, 82.75716404708903, 90.70944639239013, 98.96545136887715, 106.17031214717112, 104.22995127420647, 98.29416041640751, 90.94516456009335, 83.57634998748297, 76.14773093832315, 48.09307526971361, 55.88259864531956, 64.81600568180122, 64.0023328923162, 72.27775241947386, 84.65718254340037, 90.17976539113002, 91.0727787545763, 88.5289394935166, 79.55709504162382, 69.74561627282677, 65.99033275436892, 83.99063684821346, 85.20344835768033, 89.38319958445841, 94.93309475875635, 98.72239897470463, 104.09608391081802, 109.24002783718747, 111.60855246129981, 109.25776000184152, 105.28161410636108, 98.5018306849658, 92.8482984747617, 87.14459751794641, 92.11042695399443, 97.49200180078682, 101.78874573572857, 107.69837527862742, 104.2116440020259, 98.84259450894808, 93.0669471752779, 21.45921631836293, 46.32765770618327, 70.81952248924, 92.90154055714626, 90.48998188990086, 105.7457922766083, 123.35723576402083, 131.88192575084682, 142.3844745164763, 143.121216599345, 138.12315208682818, 138.81193573504848, 134.1609359778396, 123.19535901135096, 116.53812271541258], [33.21502346267011, 27.74227186438007, 22.6272885894155, 20.346733352935285, 25.41247808600212, 30.45763399553644, 35.5871421204502, 72.73531036585395, 78.20863187589458, 86.37404442636428, 94.5777244051313, 101.63805935442244, 95.15998203504229, 87.3067781695897, 78.84109736957508, 43.88828407555024, 34.92845232272774, 25.716022401583917, 14.251986469949935, 4.38194355527841, 0.0, 16.367331943438828, 25.106834605262126, 33.11452349967912, 39.53828673024137, 75.551335961983, 83.86101140321294, 91.90853353780834, 100.14594901654336, 107.19659540616476, 105.09649902120198, 99.30022350249334, 91.95122348958289, 84.41576808431518, 76.9015786010572, 48.12449988227402, 55.016800193149486, 63.26901880828709, 61.44796215228848, 69.73429006510027, 82.53741026100788, 88.24365151018432, 89.30443986827392, 87.08867956630488, 78.51605330645334, 69.31864516532225, 66.26828976894197, 80.43307447663709, 82.02563589779447, 86.55231826208313, 92.33322022687597, 96.36039208273296, 101.88415796239883, 107.13086589033307, 109.17988591918827, 106.58672489816249, 102.36826634555796, 95.34771798070904, 89.46572500953548, 83.7607951302638, 89.14949361212734, 94.82475278030867, 99.31808313386946, 105.38922270701909, 101.72434398343522, 96.11330972999245, 90.01638674265926, 22.5002337380821, 44.04209907756402, 67.58633609089922, 89.44404562673981, 86.45617036963455, 101.68108264424882, 119.4631942830557, 128.49393475616645, 139.51537878784615, 140.83704683422786, 136.51266758889204, 137.59997252973824, 133.5547473212135, 123.52230832286082, 117.82697498949832], [23.034399038434604, 18.019929597474817, 16.379505176576796, 21.695471577582406, 20.628823369915526, 22.581993056652326, 26.762155161321775, 61.88236690427125, 67.35951874531793, 75.23561433946558, 83.81032665901127, 91.83397424083256, 84.50369403866901, 76.42981988281008, 68.17199542950904, 28.76417852719514, 19.44303822916305, 10.43713485421066, 7.410561308046035, 16.067426930057874, 16.367331943438828, 0.0, 9.557908099986573, 18.335539085929053, 24.985367338119243, 62.42322305160894, 71.29225913588458, 80.19854018843354, 89.59706249519651, 97.96405475182067, 95.17170454655408, 88.32967669283015, 80.12814467621378, 72.13692610620038, 64.19959143895838, 34.152093546745355, 41.91858238719383, 50.84634900697641, 52.87297095096617, 60.6102172176377, 71.36174643457346, 76.7917424015195, 78.36944596680209, 76.30565539596525, 65.82472974820652, 56.65275405577675, 53.11127115933037, 76.5862913416981, 75.64386895415032, 78.48684563261413, 83.51025227960777, 87.03365258378955, 92.85451219187067, 98.89359960887909, 101.23002480970132, 98.69545554732211, 95.08090213889083, 88.89781775477834, 84.39017356294241, 78.80078702194382, 81.82638340927525, 86.39815247474995, 90.589018177708, 97.14052936643856, 93.26385907741114, 88.01062857440702, 83.16041105108869, 37.36301383617972, 58.789334477346436, 79.70179272380983, 99.96388837594041, 93.3992393825926, 105.39578047757382, 122.34783499714084, 124.47368558137585, 135.80579401100454, 136.30633328625626, 131.0961437190311, 133.8557921130517, 128.90021288683906, 117.77252981289072, 110.57417283089113], [16.637880735264392, 13.731864365234822, 16.3887541078607, 24.890724489190283, 20.388789674712765, 18.984253130759843, 21.153904583169908, 53.30832459306731, 58.77837135434801, 66.52725698900966, 75.19070559084345, 83.54391952443616, 75.88795879690663, 67.75451896445676, 59.62410633563185, 19.55065924412006, 11.184380373450335, 6.287586469219966, 14.898256495477847, 24.859724412277174, 25.106834605262126, 9.557908099986573, 0.0, 8.85630284141035, 15.498506512814744, 53.44291255923945, 62.513836609418256, 71.72372921275061, 81.48938426155676, 90.25379124652174, 87.09478770740505, 79.95391789092582, 71.48403361833543, 63.27906177227796, 55.19832485174986, 24.722938509864743, 33.028711357426864, 42.81522057892714, 46.9768215780877, 54.421888036009975, 64.09084557868476, 69.05204189936559, 70.34567383170736, 67.99984542761047, 56.9231621104342, 47.48504846831032, 43.83290101000255, 73.15688137469216, 70.85864923568892, 72.63652168146201, 77.00673383127929, 79.98814468788068, 85.58308366610312, 91.670943416792, 94.4062164161469, 92.256904775802, 89.23003167299083, 83.78840732837004, 80.11688639118151, 74.65891080258257, 76.27398053389041, 80.02289367532981, 83.76389042951787, 90.13186241975997, 86.48148188218576, 81.77171036107397, 77.84433296577156, 45.51499785885382, 65.23869558246557, 84.33492543203947, 103.42258420030576, 95.32006336628193, 105.41712883209597, 121.45875361346745, 119.9501642510939, 130.6237946507314, 130.3497392206925, 124.50252306965065, 127.95726591073552, 122.59959248057714, 111.22382439658679, 103.84550371257997], [13.182026588476484, 14.285185116734784, 20.281996705246996, 29.757334457608764, 23.348577835882956, 18.94287323538153, 18.06763511917301, 44.96355349644756, 50.40308277381594, 58.042701553131394, 66.75305876761938, 75.33591820366927, 67.44696450863064, 59.28539935566096, 51.27505596940548, 11.81627569076695, 7.9184917361411715, 11.902589130876486, 22.99023026653393, 32.906544140697925, 33.11452349967912, 18.335539085929053, 8.85630284141035, 0.0, 6.664677939560768, 45.02809208668156, 54.22696456437469, 63.62833225189072, 73.60777471458158, 82.60657488188882, 79.13307709859514, 71.82584674515245, 63.19832947142528, 54.820365398682824, 46.646643841960454, 15.892427938970622, 25.156111141787814, 36.23226441287107, 42.5144520284119, 49.60466516278275, 58.17403526435544, 62.479302543074404, 63.16713899945826, 60.302541273584026, 48.85977444037466, 38.84219006445523, 35.02456920544203, 70.67169370407457, 67.18133203700654, 67.8937559563702, 71.50820939154069, 73.82210235376276, 78.97996942073509, 84.89642300592995, 88.15256102422704, 86.55750333194938, 84.21742699977966, 79.6154931351026, 76.7595096712085, 71.47912389131213, 71.73889830160881, 74.591767699716, 77.74732712018061, 83.69088341010534, 80.4467300881048, 76.44385159940687, 73.51207245623947, 52.74321622693122, 70.80777396907699, 88.26874200530897, 106.21850171307804, 97.06684887720122, 105.48426829472646, 120.50823841324103, 115.8740432108852, 125.52816337879136, 124.3512056487571, 117.78071929637315, 121.70886979333783, 115.95461822334961, 104.3909549780901, 97.01810642143153], [14.787045759893653, 18.358674760887098, 25.35393222012574, 34.915916621097516, 27.78419657756432, 22.035854985011994, 19.08498137573212, 39.12651083736824, 44.46367727709283, 51.9186771729865, 60.672715357181254, 69.4983857616996, 61.38980596912537, 53.229616065737545, 45.39625127881756, 7.139970111323578, 10.411612168009524, 17.722815266671912, 29.324051240175407, 39.29069398385807, 39.53828673024137, 24.985367338119243, 15.498506512814744, 6.664677939560768, 0.0, 38.72465234359605, 48.044996903210986, 57.643258721563804, 67.8621811828833, 77.13533494687158, 73.38919477994466, 65.87147440156456, 57.0676440217277, 48.54646533633159, 40.28632711082949, 9.425758997625287, 20.118048898722286, 32.319148550818525, 40.66145645332824, 47.23385045325706, 54.56762243556179, 58.242515071676394, 58.43792109206539, 55.125990416862756, 43.24403950042869, 32.64762917128846, 28.485114764544903, 70.07586910389091, 65.60026209803142, 65.36899025293691, 68.28891308329979, 70.00062525217575, 74.77580022160525, 80.55697185963244, 84.25178156312367, 83.12167342330544, 81.37939628334094, 77.51599525570386, 75.38356149481564, 70.30112008100754, 69.38314286526081, 71.42594847049438, 74.06018214576049, 79.64154034127445, 76.74285188285862, 73.3662345645965, 71.3245226233173, 58.63581068917097, 75.860569599436, 92.26819217656141, 109.39672370122666, 99.54595609225734, 106.69730166525497, 120.91051296275597, 113.75147618230832, 122.59278158317522, 120.65588967460495, 113.44828892489757, 117.76552926800495, 111.61840535692944, 99.78472101426355, 92.2420166142449], [48.11130545253007, 54.605870794046176, 62.27739676956721, 71.0169927091315, 63.73106298858821, 56.5367168779592, 50.23937340968158, 21.5831253016653, 20.408039488732225, 21.800407703561465, 29.34180559272781, 38.939740078511164, 31.347754820229373, 25.93535437766351, 23.15413729086752, 34.976736754750476, 44.533386326911305, 53.47146592632919, 64.72198470602521, 74.5685362992528, 75.551335961983, 62.42322305160894, 53.44291255923945, 45.02809208668156, 38.72465234359605, 0.0, 9.68988792724054, 20.237582988304354, 32.050265305888544, 43.603869099641905, 38.891048689329125, 29.43205796652461, 19.547358840891345, 11.438714560863646, 5.211243783367266, 31.38655764909865, 35.28092652163509, 45.05238648058062, 58.46953432624794, 61.38449235598784, 60.9427072289257, 59.30170302863595, 54.50429346800788, 46.73488938422799, 37.08994937311026, 24.092486213788106, 14.671673077493956, 87.28496047617391, 79.4943067595931, 74.7461824829421