{
	"dissimilarities": [[0.0, 7.366321316473849, 14.702147413593261, 22.784663800460127, 15.044097391644144, 7.969578515806907, 3.156682956410732, 41.76067130367693, 46.92565682259165, 56.39265041610001, 64.60615937074138, 72.21073888509345, 64.68563818429135, 56.45278903978465, 48.026892778974094, 23.695444656132747, 23.07620229611331, 23.9897797888406, 29.827136469783788, 35.21126865873826, 33.87471287312607, 24.496237421085016, 18.46723158518269, 15.059914021030933, 16.402330584125355, 49.041895238578725, 57.64471713510912, 66.27062391554148, 74.91415603319608, 82.196068496552, 78.62454890268774, 72.81037394500812, 65.13701048406526, 56.74430810496077, 48.99177711939663, 19.749097196990324, 22.56079932246759, 30.70786492660074, 31.506633508249497, 39.42480193611766, 50.63362146879629, 55.581821642933306, 55.639663487151516, 53.08385295250465, 44.819378242318464, 36.470390710369216, 36.48484019382489, 57.77998013270086, 55.578793387726556, 56.31854685460197, 60.48610985449365, 64.12959885355323, 68.4927755423052, 75.44826498084096, 80.1669812207062, 78.49329202924814, 75.87262359906737, 70.7283336050968, 64.2536943624497, 58.9475603559102, 61.34960134491069, 64.70459519181216, 68.16368599207641, 74.36207905638233, 71.55841553987675, 68.99829395454965, 63.81951578522551, 53.247837132170474, 54.98316640327302, 64.76405197366653, 73.22464939584607, 84.40631082900224, 92.46887120891604, 105.94952050720991, 104.56742119099306, 110.8386380680929, 114.16774023842063, 110.28782237971353, 104.28209086007412, 101.55346091655815, 97.51476144662455, 96.2907890012956], [7.366321316473849, 0.0, 7.789038321914076, 16.887244735218626, 8.424458406203398, 3.180315328871966, 7.996137851622931, 48.9568281995589, 54.1495070595181, 63.55075377096792, 71.8243837388803, 79.53761206393544, 71.89115416570898, 63.61049826773479, 55.231166404115136, 26.547770655623584, 23.38276928920298, 21.876669812906123, 25.92086975700339, 30.52200292649233, 28.723004987904282, 19.787152329038634, 15.682515258832622, 15.76383463147368, 19.40267394667397, 55.274892420893565, 64.13158429614796, 73.00463733808493, 81.90712212069324, 89.38947061750333, 85.84341138859757, 79.83731825363395, 71.965583404543, 63.48740536738547, 55.563067460403644, 24.768486205294213, 27.48612262563268, 34.10058333843321, 33.6584559271527, 41.5813468963074, 53.31840433415545, 59.02734990942467, 60.24609512091972, 58.67154389700849, 50.069296646506075, 42.82462827471241, 42.84851321533694, 58.23047044939232, 56.815066710993236, 58.46658334503558, 63.40599580890429, 67.78246932227535, 72.93202368454519, 80.61002226302546, 84.26049736634138, 81.78423910789623, 78.41489357176182, 72.34928555543321, 65.21585609028628, 59.8541355995082, 63.409609871486836, 67.6230032588471, 71.79907954326734, 79.07984079629814, 75.27801893518492, 71.80452472656386, 65.73538078361773, 49.52637653565572, 51.436850446059374, 61.99981377035871, 71.38647330274537, 82.79821158437973, 91.87274807253822, 106.36524675188213, 106.6514251643821, 114.77975466970209, 119.26073750736307, 116.34311866101211, 110.8402057329626, 108.51685753674171, 104.72387874343323, 103.34327220144621], [14.702147413593261, 7.789038321914076, 0.0, 9.69288552692649, 3.1584518731487754, 8.276856687530117, 15.052999740432902, 56.46089869565026, 61.61864953805996, 71.09276094803272, 79.29857308483398, 86.78712079447416, 79.36563696006651, 71.13681310496966, 62.71300044654749, 32.64232256137288, 27.500780372621758, 23.27947049305353, 23.52993071794562, 25.60484426861652, 23.028097484043837, 17.50312055439992, 17.44825987033945, 20.95648311514647, 25.881839661648414, 62.73759186119754, 71.56510532303349, 80.34121607282468, 89.08950865423529, 96.34409744171379, 93.02155316718874, 87.17707701037335, 79.41457441059677, 71.02739340604708, 63.135044302506664, 32.22224415289624, 35.01815811771404, 40.554715807797976, 38.085707853036276, 46.01183413395975, 58.592393008059275, 64.80704858480802, 66.53060140353716, 65.46126298655383, 57.31242593915715, 50.563809762187205, 50.564617324522914, 59.64681245596972, 59.56950621070756, 62.36210138100673, 67.9834044340879, 72.90978761081783, 78.45897593157278, 86.25501981424901, 89.10444561456598, 86.0816699252865, 82.056329687116, 75.1003994229092, 67.12025971084681, 61.834488212290914, 66.84461045877445, 71.90120300680924, 76.60482373606143, 84.43568884040607, 79.97722460476223, 75.72516080407159, 68.84289226586363, 44.229717945004026, 45.42666865949406, 56.91818084850377, 67.48006261917162, 79.51402438274205, 90.14934463364057, 105.66646903678563, 109.11645514319086, 118.39435942303918, 123.60346378973185, 121.44317786438461, 116.27652772667, 114.40407505673217, 110.84139389059698, 109.67313214346065], [22.784663800460127, 16.887244735218626, 9.69288552692649, 0.0, 9.470618333747696, 16.544664095101023, 22.7643917962818, 63.833345075880146, 68.86825418254347, 78.50820844076831, 86.46744974172962, 93.39294849324253, 86.46979712736481, 78.4105011110205, 69.93177928978034, 41.83194183104648, 35.98749973220642, 30.241630367592734, 26.49012681591921, 23.953010763189187, 20.213869615789182, 22.05110087908869, 25.25732732516018, 29.961370015860393, 35.13352483879419, 71.32601541056196, 79.86230788547101, 88.21088890195311, 96.34864512175618, 102.84486820370971, 99.86229367194882, 94.62223789632982, 87.31004527978122, 79.15132966770199, 71.49775801636301, 41.45274611009525, 43.84472287566938, 48.43098062015848, 43.04598450069072, 50.99173243555803, 64.83385708171419, 71.32423399524491, 72.92524162068352, 72.04555970623768, 65.26946751248333, 58.858118958317796, 59.22259673351206, 60.244182287141435, 62.07208361621521, 66.23534394167412, 72.44810169936463, 77.75933956373143, 83.34816465694617, 90.68734288043706, 92.85091381622384, 89.50595405128283, 84.90605355522312, 77.11085814310854, 68.1193720160624, 63.07796232953396, 69.82973346168008, 75.71989156133422, 80.7744505883362, 88.67329014008374, 83.82360707755238, 78.8950600532255, 71.2906146086077, 39.07918656249219, 36.42948118619194, 48.117846917429674, 59.82787702986321, 72.75655124092424, 85.34007751057584, 101.79412814283353, 109.91416443234715, 119.6503167308532, 125.31931189632243, 123.98117212894553, 119.2440899421657, 118.1179585113659, 115.23588163894223, 115.16002159567331], [15.044097391644144, 8.424458406203398, 3.1584518731487754, 9.470618333747696, 0.0, 7.671362095978591, 14.726360223915822, 56.555199239372236, 61.70456144645987, 71.21629953291422, 79.36643990350115, 86.84426318586944, 79.30850946061484, 71.07420427539044, 62.692386290762215, 34.38658737589461, 29.880141049398365, 26.172122156971323, 26.644065279063668, 28.25721214855742, 25.42338447784388, 20.5630177521641, 20.19524867441669, 23.010633101704222, 27.454222780283732, 63.66357741509999, 72.46871466797936, 81.227995485269, 89.88985319180524, 96.98085094074976, 93.53923906707836, 87.84438588049413, 80.14739987528422, 71.70856764944979, 63.84926716035333, 33.10571691622559, 34.722020570410905, 39.32605300985578, 35.74119014072164, 43.6578385097482, 56.627421998120624, 62.9877520771799, 64.83948568315067, 64.08529757427728, 56.396090206745235, 50.35783695442998, 51.06965618708297, 56.59647254143984, 56.72379968917987, 59.779122888085496, 65.57821198321902, 70.67188258230377, 76.37206315606078, 84.29725286264575, 86.76551683664788, 83.55155940574092, 79.35647293450964, 72.22413441916738, 64.1209116676163, 58.85034217323955, 64.12001830536674, 69.38361700600906, 74.24380738381936, 82.31990948086256, 77.5832397209708, 73.10283674726645, 66.04179603442591, 46.257856765201375, 45.48168424896194, 55.54148128076019, 65.47543709501004, 77.06380391904236, 87.30918618000773, 102.8055413569439, 106.19310089860103, 115.88389223965576, 121.53583183500974, 119.90336403419676, 115.17150326702433, 113.7085870480078, 110.86861298890634, 110.47719129376183], [7.969578515806907, 3.180315328871966, 8.276856687530117, 16.544664095101023, 7.671362095978591, 0.0, 7.309671584467048, 49.08567415787691, 54.261989891750936, 63.71839035723255, 71.91706938645102, 79.58466373284612, 71.84729728075274, 63.56875102949893, 55.225991297067445, 28.832383298869082, 26.28135091418837, 25.01279225552633, 28.743674247467617, 32.649227111516254, 30.531903766655464, 22.549343208627185, 18.782284710779624, 18.540496704438613, 21.608469803977258, 56.419488667670635, 65.21207462193297, 74.02308172005229, 82.78294707122343, 90.04076250190843, 86.39054855545025, 80.58510928194221, 72.8210562149361, 64.31212394036996, 56.45313428247519, 26.06384264492939, 27.30114440940088, 32.84899691729285, 31.0811652582584, 39.0864117365993, 51.3404614312349, 57.20199098179173, 58.49835101236192, 57.221248332388505, 49.181153655744396, 42.69788772542049, 43.55281305821624, 55.10591600400869, 53.88840336986475, 55.80241186164145, 60.92328999935503, 65.46506221711438, 70.74941519768859, 78.52701211345143, 81.81705086087455, 79.1690555982356, 75.63880642199872, 69.40465337540506, 62.13883759996881, 56.78602067069389, 60.59527655300504, 65.01516118957196, 69.34052133156686, 76.84257016369831, 72.77857478311691, 69.0853872197514, 62.84259872883181, 51.122566145218755, 51.179596573334926, 60.44206926720228, 69.22110927413436, 80.220900850831, 88.9167962986776, 103.36197068305765, 103.65209986758592, 112.12156276023987, 117.01484826314531, 114.61906084581626, 109.55086378527437, 107.66233392911649, 104.63188052978273, 104.11067945619988], [3.156682956410732, 7.996137851622931, 15.052999740432902, 22.7643917962818, 14.726360223915822, 7.309671584467048, 0.0, 41.866654353035734, 47.02163879014565, 56.52357139441168, 64.67322878437882, 72.28438395690539, 64.59877851011792, 56.3504288646666, 47.98145378459517, 25.923137894254968, 25.76488262825777, 26.74404649435685, 32.34035062465582, 37.23428807987924, 35.60238608252525, 26.744742890149944, 21.013215474378523, 17.7035974478071, 18.662531828191213, 50.15113339578228, 58.70857433031618, 67.30861514829508, 75.85407456718323, 82.95713100198265, 79.23927207240986, 73.5897309884565, 65.99197491986227, 57.547073105420004, 49.84924610719449, 21.03190480851986, 21.949616126290046, 28.918946008820203, 28.562231874902285, 36.57230113557933, 48.23195052101174, 53.34132071690047, 53.52812152415347, 51.31956613115736, 43.53323483824626, 36.09833934583045, 37.09883632298762, 54.62465868004307, 52.48117209624668, 53.386853467344274, 57.70931657904022, 61.517060650540486, 66.05238106941864, 73.19390063152382, 77.541124069179, 75.6818108077246, 72.91557625178929, 67.64272769288334, 61.10787206248208, 55.79943022356406, 58.332902228326354, 61.85199504086764, 65.46131421056111, 71.93658243165783, 68.84511591571308, 66.08123605910454, 60.76212666380979, 55.050298688556616, 55.18212405465525, 63.71345559067644, 71.53033573225045, 82.22844081039213, 89.80030094208655, 103.19130205836156, 101.52111825992415, 108.19558783970666, 111.9884439549742, 108.66008345747777, 103.12609976262699, 100.84101225418543, 97.61543688191139, 97.2517917069885], [41.76067130367693, 48.9568281995589, 56.46089869565026, 63.833345075880146, 56.555199239372236, 49.08567415787691, 41.866654353035734, 0.0, 5.25315581587373, 14.68919232092837, 22.87283233015426, 31.21051831495629, 23.082420212189973, 14.95386551998051, 6.586517530143529, 38.84971825878422, 47.67913449705669, 55.14818838813275, 64.83266296694902, 72.42667515082975, 72.43083211307017, 61.63147560375232, 53.0478890977281, 44.65987356628111, 38.781030091463535, 20.80926463775107, 24.21185746590802, 29.936021784643668, 36.86738617338068, 43.75913057118887, 38.79270242344841, 33.58559683110905, 27.303829494279313, 20.126633043802258, 16.363436602005002, 30.398478667741337, 29.181060750219313, 36.57831902500892, 45.42914276698324, 48.317180594615174, 49.92403247716572, 48.303534169835245, 41.246766664058875, 32.01059908331656, 27.80564098891223, 14.8928784511452, 14.996530720705977, 71.24422717108652, 64.47084854316537, 59.2853382578753, 57.48834635551508, 55.45848025098023, 53.88862276588637, 55.53728320501206, 67.03040629409946, 70.60298417583289, 73.17660449183188, 74.57643016034507, 73.62465566473615, 69.62390895543936, 64.31257367324439, 61.40179895683335, 59.56860513182972, 57.8422614497985, 62.17181352750585, 66.07319625814743, 67.44726362434764, 87.45866721267166, 89.70423370373042, 95.88515403500463, 99.69948059668633, 108.10788191717417, 109.7702804512025, 116.97145402346617, 102.58762636042977, 98.3996665578429, 94.64030332066316, 84.31084184807912, 75.12642030909342, 68.69132598726658, 62.5494136212989, 61.237935667812124], [46.92565682259165, 54.1495070595181, 61.61864953805996, 68.86825418254347, 61.70456144645987, 54.261989891750936, 47.02163879014565, 5.25315581587373, 0.0, 9.74383134209583, 17.68050396667284, 25.98732202368851, 17.96186846030368, 10.116013439976939, 2.3916519000155527, 43.55964409657664, 52.489255959467755, 60.03932663992829, 69.6893876100524, 77.24968205003921, 77.32125443082491, 66.66219649594419, 58.10810808878606, 49.72386182910654, 43.812919189750325, 21.385366290729863, 22.606850501056577, 26.773183746538702, 32.69872052207329, 39.12024245921444, 33.93978795207259, 29.223074423191925, 23.81388876004818, 17.77367020238434, 16.331604101907104, 35.43603242632805, 34.13820561090535, 40.85159830590233, 49.56275251209672, 51.96660481444829, 52.708405704048886, 50.353832415104584, 42.51198776389147, 32.683180982110954, 30.06178035008472, 18.75161523274166, 18.818993153655327, 74.39722510635522, 67.45274244350945, 61.876322709737764, 59.45975194041126, 56.74651584283392, 54.27385892415304, 54.79769332963604, 67.1169841998496, 71.40868366138743, 74.60699226692424, 76.7391150291504, 76.33676309988918, 72.56686292052717, 66.66663654636803, 63.12565349107377, 60.62666425285265, 57.63460478781765, 62.983505742756705, 67.64219238700889, 69.74889536435992, 91.82705226306919, 93.97603540216915, 99.81005932484211, 103.19291204110819, 111.34467808904658, 112.43942544076774, 118.89207260951785, 103.47417099093656, 97.73024102031586, 92.82075206200976, 81.46885945244935, 71.73672609368658, 64.66813180323935, 58.126567449719246, 56.98881756880176], [56.39265041610001, 63.55075377096792, 71.09276094803272, 78.50820844076831, 71.21629953291422, 63.71839035723255, 56.52357139441168, 14.68919232092837, 9.74383134209583, 0.0, 8.645378514779154, 18.325151432132422, 9.499372164542509, 4.197767290665481, 9.11690995089197, 51.00938095072393, 60.34256424786401, 68.32991272134718, 78.34840671415209, 86.28452906414536, 86.53376020279045, 75.4980829910859, 66.77813090017256, 58.26393543411197, 52.11869012483043, 22.532742856930714, 19.858595199544077, 21.105670951912355, 25.718997334060052, 32.2606215002815, 26.179784194769155, 21.45781682348232, 17.369864557989793, 14.19177938178592, 17.346771305153762, 43.557796556479374, 42.16223949199334, 47.9291688658124, 57.50711619143345, 58.98337839968516, 57.60295954362361, 54.04000352903161, 45.605810818529314, 35.53884634143503, 34.10215265054869, 25.408688060273324, 25.02639412768002, 81.41637208892121, 73.82187095339027, 67.37163650302342, 63.91070259460027, 60.15026073199313, 56.52599037179879, 55.811661607739914, 69.10038144439686, 74.34831804053475, 78.545857251966, 81.92277060932634, 82.63265858279946, 79.18497518865068, 72.06875653463047, 67.43724436907057, 63.96361205592047, 59.375114957556356, 66.08027786397695, 71.90321395054565, 75.2053994047185, 100.7849749921757, 103.50705117195452, 109.17703166505109, 112.08431352618084, 119.75065742656997, 119.81446397820204, 125.16570827254479, 106.90710667031037, 99.25650326947617, 92.80183159052926, 79.91613934063864, 69.48032498247116, 61.12317768318059, 53.585116462029234, 51.530129106454304], [64.60615937074138, 71.8243837388803, 79.29857308483398, 86.46744974172962, 79.36643990350115, 71.91706938645102, 64.67322878437882, 22.87283233015426, 17.68050396667284, 8.645378514779154, 0.0, 10.369240599249682, 3.1534354405895177, 9.076539365211723, 16.765400920745975, 59.52124739984025, 68.80805476470891, 76.73406493501274, 86.56464111829418, 94.292676080698, 94.55768644734299, 83.87039062373452, 75.2486708468117, 66.78817338175202, 60.69196777786546, 29.418488623494632, 24.364939994539654, 21.77708501847954, 22.355315254208808, 26.52995153942521, 19.977236015292856, 17.90295725598109, 18.00748069223352, 19.07385688153838, 24.595278380757616, 52.19133948589052, 50.54502795473286, 55.537110191301174, 64.42232702092254, 65.38034250141902, 63.25319005527966, 58.89681951459774, 49.6378634965066, 39.38455789996827, 40.36533041526778, 33.54175495156956, 33.587167185662445, 86.63137018599659, 79.01031831691809, 72.23869188662863, 68.05367528242141, 63.451967713099435, 58.568431582060605, 55.963196254237815, 70.16386735758674, 76.42950777216907, 81.46684855908953, 85.82123614261255, 87.23443594560024, 84.16212236500677, 76.44111190007351, 71.07117105310613, 66.72474549352373, 60.26855435414767, 68.37131399377522, 75.1534567548674, 79.40848349994957, 108.09059295578173, 110.2853092451142, 115.23143498495936, 117.40531922305097, 124.61038948078978, 123.80506420545554, 127.96542108365931, 108.4617601784929, 98.3063675573578, 89.96713664737634, 75.48653210080062, 64.27220675774693, 54.90851707457212, 47.02991651437499, 46.04981845186478], [72.21073888509345, 79.53761206393544, 86.78712079447416, 93.39294849324253, 86.84426318586944, 79.58466373284612, 72.28438395690539, 31.21051831495629, 25.98732202368851, 18.325151432132422, 10.369240599249682, 0.0, 10.995717851585587, 18.41848103397199, 25.20838970182391, 68.26850799069045, 77.16929041283908, 84.68828547561307, 93.86610182968131, 100.9917458199892, 101.27943018085915, 91.53811077482878, 83.27044510051806, 75.04665796026129, 69.21140638815439, 38.26005933962271, 32.01224790771098, 26.42363493219519, 21.617807139183405, 20.212852808797923, 14.677879603801703, 18.646134193357558, 23.594742177516984, 27.365869642429796, 33.68421639698764, 61.08338978477985, 59.77905391870756, 64.73489700489695, 72.1712371386329, 73.16283348466742, 71.56358441730335, 66.9410833713346, 56.89741721209456, 46.45537408220936, 49.66795789150794, 43.14152767908444, 43.11040643525208, 92.5139563357, 85.49350206908717, 78.97464408159802, 74.50885699665047, 69.41357451279978, 63.3945122869148, 58.45898633400307, 73.46527216708033, 80.70631128491254, 86.3137505519844, 91.21635396928919, 92.77231599542887, 90.04010409820168, 82.44887587265961, 76.81115054530451, 71.83620449953489, 63.47491010923043, 72.8711828408371, 80.27654295187224, 85.0741639393524, 113.31888975375085, 114.77329938200177, 119.09071311325367, 120.67551387169647, 127.78575896656733, 126.7067029848995, 129.76843100170547, 111.21446336060745, 97.84664915725098, 86.87303793527565, 70.11177007816028, 57.28341366812546, 46.37128158559906, 37.010518830564656, 38.16804758826621], [64.68563818429135, 71.89115416570898, 79.36563696006651, 86.46979712736481, 79.30850946061484, 71.84729728075274, 64.59877851011792, 23.082420212189973, 17.96186846030368, 9.499372164542509, 3.1534354405895177, 10.995717851585587, 0.0, 8.466116729811255, 16.664192563174613, 60.42253853095764, 69.73990393261153, 77.62884444117016, 87.45992823163695, 95.07205051303414, 95.19648002989614, 84.54926266190715, 75.90479218911214, 67.42281133894355, 61.32788457816105, 31.204826831825248, 26.762305356064562, 24.75271266840804, 25.355816641736254, 28.863101080418236, 22.33209532128018, 20.870264532922864, 20.884169355958043, 21.327099442413097, 26.24005396502349, 52.67377225816508, 50.255198029879395, 54.543117934887675, 63.02925913558583, 63.690174399623345, 61.31938651011236, 56.75695209411662, 47.23978016770084, 36.962980215980245, 38.898872419177394, 33.116166712979705, 34.231309910196394, 84.56632709028355, 76.86059241845952, 69.96863866158392, 65.58792671240282, 60.80144784841441, 55.69439451329678, 52.904158465998435, 67.15757226318877, 73.54187548666364, 78.7214366815735, 83.29828488014968, 84.95039739992687, 81.99297281453445, 74.04014064251389, 68.4807215807087, 63.960907011766224, 57.26287069959491, 65.53032663785902, 72.48647851257358, 76.97458214243446, 109.00939095356401, 110.41605056451097, 114.68177830740736, 116.39747892606923, 123.18475122232334, 121.86115988074093, 125.73212741359177, 105.54319212469392, 95.35472753587094, 87.24102710537326, 73.15873146253489, 62.463435764351885, 53.67026743958023, 47.33366387941476, 48.094938843998335], [56.45278903978465, 63.61049826773479, 71.13681310496966, 78.4105011110205, 71.07420427539044, 63.56875102949893, 56.3504288646666, 14.95386551998051, 10.116013439976939, 4.197767290665481, 9.076539365211723, 18.41848103397199, 8.466116729811255, 0.0, 8.557065967881398, 52.49951552677779, 61.81041364659412, 69.67938339904394, 79.61853918497802, 87.31763716550734, 87.35944992499942, 76.47980292753584, 67.76884571753357, 59.25559550171189, 53.151690622386774, 25.72501423827651, 23.766458235950054, 25.12503634695381, 29.048555309479283, 34.52507946283059, 28.34996091602728, 24.677205142141442, 21.27986769333308, 18.0924716809691, 20.46700266309713, 44.40666395313025, 41.828461056711305, 46.56768254006306, 55.44827179920487, 56.55101989037094, 54.97233241474503, 51.15064373757242, 42.26288857444484, 32.013107238435964, 32.04157375523203, 24.83018685646085, 26.319718606685182, 78.43528314792746, 70.76735658768386, 64.18645176749233, 60.485755466276906, 56.49450848961668, 52.577282823551165, 51.62775096203618, 64.99695319584987, 70.39583262748152, 74.75819617845313, 78.39628298148055, 79.3749482426259, 76.07409222325981, 68.6888529434144, 63.830875315103725, 60.13915526427854, 55.24339582352143, 62.15167728051242, 68.18558534562382, 71.77146063481175, 101.89663061248683, 103.42747174457286, 108.11301862967134, 110.37262809636954, 117.4939071365926, 116.89096026061395, 121.85917781362613, 102.88832846758119, 95.15700679951567, 88.98018771391105, 76.61209162350848, 66.80571923633758, 59.1744994760355, 53.441260808100566, 53.58382440292859], [48.026892778974094, 55.231166404115136, 62.71300044654749, 69.93177928978034, 62.692386290762215, 55.225991297067445, 47.98145378459517, 6.586517530143529, 2.3916519000155527, 9.11690995089197, 16.765400920745975, 25.20838970182391, 16.664192563174613, 8.557065967881398, 0.0, 45.15776002577834, 54.14937831221054, 61.71161579168009, 71.39717197566809, 78.89989071765561, 78.87523330614964, 68.20904980238105, 59.622723714899266, 51.213998826646666, 45.282331807004375, 22.939944365304576, 23.906923486682473, 27.777175157721782, 33.35702638033614, 39.443046791377924, 34.03788164249503, 29.648486290588902, 24.571876449779023, 18.83032434895833, 17.79463957648227, 36.74455165500068, 34.643407729731585, 40.6020183258757, 49.130833857262694, 51.1946927931223, 51.52571262290226, 48.889796547456214, 40.752600167055775, 30.77186762745601, 28.935684958740136, 18.750278141188122, 20.06079318686014, 73.4586490048759, 66.34583935684303, 60.561031828212776, 57.8928361097333, 54.950659589002726, 52.24486432556236, 52.62010926459281, 65.05284363113678, 69.49444691384818, 72.87824494611426, 75.28457737213418, 75.16692613764175, 71.4994626519845, 65.27661470949441, 61.48418677057679, 58.77873263720804, 55.53033473567403, 61.083334175662884, 65.97000219406421, 68.35746362394565, 93.57140151790628, 95.14839644419429, 100.41616564637256, 103.3857507766308, 111.16516244321805, 111.75392613978545, 117.8942945704716, 101.66692097178225, 95.77200861750212, 90.91843024212484, 79.73017141941773, 70.2901045809295, 63.47273432147061, 57.73555795706588, 57.51057690244583], [23.695444656132747, 26.547770655623584, 32.64232256137288, 41.83194183104648, 34.38658737589461, 28.832383298869082, 25.923137894254968, 38.84971825878422, 43.55964409657664, 51.00938095072393, 59.52124739984025, 68.26850799069045, 60.42253853095764, 52.49951552677779, 45.15776002577834, 0.0, 10.216730250983284, 19.598096795894108, 31.918369701719197, 42.69926426387796, 43.66510917026661, 28.771342506838117, 19.601510019303184, 12.015992200970087, 7.331725794710545, 35.00163613765478, 44.36460782881181, 54.19331454262413, 64.92669930645226, 74.9986403741602, 71.25256472845162, 63.08074033381252, 53.94856112505271, 45.602464301959046, 37.375883994363484, 10.897840089312972, 22.97348976813819, 35.21831221651182, 46.13985722229224, 51.96708668489401, 57.122751164370726, 60.42486378514435, 60.76981564545074, 57.19308882328685, 44.210427831342095, 32.96297192267397, 26.824756250842878, 76.10120087747976, 70.98794160734565, 68.86414210308065, 71.17549808693539, 73.40100927000901, 77.0886722053678, 84.31254097446259, 90.93908407144131, 90.25064360539028, 89.06842018956786, 85.85489243832578, 81.56499587279018, 76.26966788900671, 75.37992313607457, 76.61675731682556, 78.88441113505264, 84.08915706859288, 82.79259645237397, 82.04746530718816, 78.72462458791978, 62.48064598674551, 73.53237714863137, 87.15511955867656, 96.71131507955248, 108.08662750046932, 115.373903873009, 128.02150996719942, 120.41302352828653, 125.36322180677476, 126.78509679414942, 119.98163465055612, 111.91167750927566, 106.23425397425946, 97.84493331533656, 90.31513418665871], [23.07620229611331, 23.38276928920298, 27.500780372621758, 35.98749973220642, 29.880141049398365, 26.28135091418837, 25.76488262825777, 47.67913449705669, 52.489255959467755, 60.34256424786401, 68.80805476470891, 77.16929041283908, 69.73990393261153, 61.81041364659412, 54.14937831221054, 10.216730250983284, 0.0, 9.578570797359387, 22.129027464130164, 33.38969876506966, 34.66817218230307, 19.439237146168185, 11.231401533998955, 8.07240584335457, 10.453901656155034, 44.568700893072815, 53.662606843798365, 63.1335946889904, 73.49067056913485, 83.17826257854055, 79.89570815558795, 72.01287844399728, 63.1553835417085, 55.0692544704529, 47.00504911705947, 19.110981845639063, 30.142062647689574, 41.336713941458775, 49.73226148616162, 56.289055926865295, 63.18148710596342, 67.40963038138412, 68.44103765353658, 65.43192871549124, 52.93284467468708, 42.27370080091148, 36.68355572736744, 78.31574175130434, 74.46509370916529, 73.6082365761192, 76.88638663146597, 79.90778732438893, 84.20982373126125, 91.70000451536089, 97.54582626870588, 96.20581984464094, 94.2169584667078, 89.87945580968793, 84.50025425871104, 79.09726627518512, 79.83428608360576, 82.14333787142648, 85.13820187700816, 91.13057655385037, 89.01909744439192, 87.3113468829427, 82.91637347264265, 53.76629823882694, 66.88750624402113, 82.46291423223018, 93.54001023630374, 105.86434144102455, 115.01138998132127, 128.8858521282593, 124.82375281172692, 131.01348689011112, 133.1132983433803, 126.91589197101351, 118.95284728077584, 113.6209534939871, 105.06938456207212, 97.3689059680226], [23.9897797888406, 21.876669812906123, 23.27947049305353, 30.241630367592734, 26.172122156971323, 25.01279225552633, 26.74404649435685, 55.14818838813275, 60.03932663992829, 68.32991272134718, 76.73406493501274, 84.68828547561307, 77.62884444117016, 69.67938339904394, 61.71161579168009, 19.598096795894108, 9.578570797359387, 0.0, 12.664757350441462, 24.11318412239483, 25.588467327497796, 10.531932402222916, 6.323248370668039, 11.83503100964121, 17.616456706670014, 53.47690061850131, 62.352409694201725, 71.4597509571075, 81.3195307685296, 90.42106502173137, 87.51628674920829, 80.0903783614408, 71.57851053518924, 63.653815889636014, 55.71517228772523, 27.038809743928336, 36.941601069741374, 47.13819458405743, 52.81285016743006, 59.94871177994801, 68.52470806339197, 73.45923701497297, 74.81963790937043, 72.19018381864579, 60.49723326504823, 50.25589883661672, 45.332889224134576, 79.4667355501854, 76.9565565181223, 77.32367050438233, 81.41986237830262, 85.0793622019721, 89.78694076900409, 97.3096406524721, 102.47545713149115, 100.63038049964518, 97.95066893389242, 92.63459937762453, 86.24237746972913, 80.82138732119252, 83.11063340289068, 86.3667363381182, 89.9384948917626, 96.45707228691538, 93.70860695227651, 91.18044165068298, 85.87285733605806, 45.022954148115, 59.46223632611607, 76.62537722528543, 88.99622107444387, 102.15569538068787, 113.02366639668236, 127.91980568139522, 127.52410140541605, 134.61111671185355, 137.27897942272136, 131.730960281589, 123.98107293410767, 119.14797421490307, 110.81421505930763, 103.58485686024179], [29.827136469783788, 25.92086975700339, 23.52993071794562, 26.49012681591921, 26.644065279063668, 28.743674247467617, 32.34035062465582, 64.83266296694902, 69.6893876100524, 78.34840671415209, 86.56464111829418, 93.86610182968131, 87.45992823163695, 79.61853918497802, 71.39717197566809, 31.918369701719197, 22.129027464130164, 12.664757350441462, 0.0, 11.892324607346584, 14.282784005740165, 7.206871140434663, 14.622688199087504, 22.647170371350455, 29.011181380793268, 64.6497308035892, 73.12875907420725, 81.64633449329646, 90.73966457484654, 98.98343873749047, 96.64404241946376, 89.88312195897073, 81.91874445793488, 74.31545619133378, 66.64773393285967, 38.3361861480922, 47.40919597567502, 56.76890843711291, 59.36024940523421, 67.02315427890312, 77.39587590128754, 82.87881932215431, 84.22018472585899, 81.71479714788197, 71.19027323797249, 61.03847874276097, 56.54583119309884, 83.09306513796217, 82.33085764084345, 84.0924991546264, 88.96015611036857, 93.15190372418448, 98.03453328242931, 105.20523086946959, 109.83093867998457, 107.62704266118655, 104.29582170331282, 97.99265601636438, 90.4477405225923, 85.11514506424568, 89.19772845499153, 93.41045988227025, 97.45198433471921, 104.16883596507455, 100.98709917832241, 97.70256091736977, 91.51054469664072, 32.963474196905246, 49.96056958620228, 69.67114186515298, 83.86163070282137, 98.28396999921853, 111.55056252307169, 127.55158209694102, 132.2393299306218, 139.77897921050962, 142.70703843009423, 137.64822313560776, 129.96071770476598, 125.61228271265138, 117.3337704678289, 110.61585599196432], [35.21126865873826, 30.52200292649233, 25.60484426861652, 23.953010763189187, 28.25721214855742, 32.649227111516254, 37.23428807987924, 72.42667515082975, 77.24968205003921, 86.28452906414536, 94.292676080698, 100.9917458199892, 95.07205051303414, 87.31763716550734, 78.89989071765561, 42.69926426387796, 33.38969876506966, 24.11318412239483, 11.892324607346584, 0.0, 4.40483498847596, 15.58708360367574, 24.37691996169832, 32.338564078545154, 38.780180222783926, 74.39830047515032, 82.5935549732063, 90.62429441946593, 98.94838626719424, 106.21350003227491, 104.23999448874402, 98.25593127643863, 90.83489873840118, 83.40355860461514, 75.94585215861785, 47.70255035352194, 55.596614253612906, 63.98077152559562, 63.544072044892005, 71.52375456662062, 83.52062753305256, 89.41393263934, 90.60592458822383, 88.27247108312085, 79.15893593087736, 69.39794827671768, 65.76606927681163, 83.94819227133124, 84.88576320355529, 87.93797579122281, 93.44117365219932, 98.06276553486306, 103.024662233474, 109.76707229710995, 113.76853819762805, 111.26040073623155, 107.36095090340586, 100.22872831023498, 91.69389034932344, 86.549716935378, 92.25759400637692, 97.30335793571213, 101.71782388857902, 108.53140209015297, 104.95785810726117, 101.00273235793448, 94.0856258652439, 22.30234343998305, 39.447884602334, 60.90905647430636, 76.44696725435874, 91.81365766055374, 107.07491621141496, 123.88319481067577, 133.39062477543922, 141.2493400304518, 144.55107581850203, 140.27663727014203, 132.98830229448356, 129.44863380873784, 121.95281173203195, 116.66937655094303], [33.87471287312607, 28.723004987904282, 23.028097484043837, 20.213869615789182, 25.42338447784388, 30.531903766655464, 35.60238608252525, 72.43083211307017, 77.32125443082491, 86.53376020279045, 94.55768644734299, 101.27943018085915, 95.19648002989614, 87.35944992499942, 78.87523330614964, 43.66510917026661, 34.66817218230307, 25.588467327497796, 14.282784005740165, 4.40483498847596, 0.0, 16.057592928287885, 24.76870365279778, 32.6678791736815, 39.14271892805957, 75.46214308680776, 83.76656737053591, 91.8763252853392, 100.16108633037925, 107.24917522544864, 105.12729898074113, 99.30082653534609, 91.89497927719422, 84.30560856212614, 76.77138482822807, 47.83637663199296, 54.82876626233105, 62.512362914195954, 61.031857592917255, 69.01617027137036, 81.45837839265134, 87.54994183787859, 88.89963115608776, 86.88914343106804, 78.20364305997529, 69.04669613368625, 66.12733453145854, 80.41780215025435, 81.7412019287359, 85.16499873753074, 90.90119950674648, 95.73587573438441, 100.8780364755219, 107.74679982000076, 111.2936579494881, 108.5437594756839, 104.4052893776484, 97.00250832515815, 88.24919833734968, 83.15352520368606, 89.28321089009556, 94.61430989018008, 99.22932941932204, 106.32599131501811, 102.41842602390317, 98.16050144080299, 90.9891962708561, 23.112601114349395, 36.579572548436886, 57.20738273846569, 72.56273104294704, 87.72550271625344, 102.97396448479469, 119.93594914028363, 129.98645564342047, 138.3848932592206, 142.23439125055273, 138.62333096573147, 131.8434838005221, 128.8258182258271, 122.20346309233136, 117.93731128186708], [24.496237421085016, 19.787152329038634, 17.50312055439992, 22.05110087908869, 20.5630177521641, 22.549343208627185, 26.744742890149944, 61.63147560375232, 66.66219649594419, 75.4980829910859, 83.87039062373452, 91.53811077482878, 84.54926266190715, 76.47980292753584, 68.20904980238105, 28.771342506838117, 19.439237146168185, 10.531932402222916, 7.206871140434663, 15.58708360367574, 16.057592928287885, 0.0, 9.514598309204908, 18.212632584135935, 24.878514917357222, 62.470388498848706, 71.32886733605224, 80.25401291653839, 89.65157448851332, 98.03331638844377, 95.23343263328434, 88.38842312123553, 80.17753030745683, 72.1650850126718, 64.21916302233271, 34.10109431674433, 41.92920660630789, 50.452818310777666, 52.78943156818032, 60.33044089711489, 70.70826507184128, 76.42065132937009, 78.22610040426387, 76.2936561729595, 65.73727309318978, 56.59818639052033, 53.131602122853344, 76.64145394777421, 75.62917076188306, 77.38432136492743, 82.3872179544746, 86.79555668943554, 92.03719474782864, 99.74369055475009, 103.81892956436556, 101.28569906065721, 97.78035269630364, 91.3833194483709, 83.95845406378545, 78.59547097890884, 82.58317902557785, 86.91117074064535, 91.1706035343292, 98.44334209401703, 94.79185362546276, 91.26181802224565, 84.94791200980758, 37.66510593914864, 50.52919360844134, 68.05614869699883, 81.20625792693947, 94.73251750039087, 106.9372863463219, 122.78894860997138, 125.9689921518037, 134.412254963793, 138.18977664884946, 133.9688468244553, 127.0185307665971, 123.23206911594168, 116.17554179471199, 110.64373494724869], [18.46723158518269, 15.682515258832622, 17.44825987033945, 25.25732732516018, 20.19524867441669, 18.782284710779624, 21.013215474378523, 53.0478890977281, 58.10810808878606, 66.77813090017256, 75.2486708468117, 83.27044510051806, 75.90479218911214, 67.76884571753357, 59.622723714899266, 19.601510019303184, 11.231401533998955, 6.323248370668039, 14.622688199087504, 24.37691996169832, 24.76870365279778, 9.514598309204908, 0.0, 8.794082901621582, 15.439237076158234, 53.50486631320839, 62.564251231525574, 71.779481403934, 81.5283503933459, 90.30197123274303, 87.13934954122696, 80.0038013700201, 71.53992626565483, 63.32306009524428, 55.23580002270931, 24.70820587331533, 33.06914487932497, 42.48793359451698, 46.969566493167775, 54.24976251231227, 63.521324225269254, 68.74236830249396, 70.25317375572814, 68.01913200135121, 56.875078532610495, 47.466514088351154, 43.872516557389424, 73.20546443239614, 70.90337366582804, 71.57823165339438, 75.93100400033306, 79.84106037296647, 84.78066537215771, 92.51261763515036, 97.17785659818135, 95.07464189879487, 92.16083920592494, 86.6055287427333, 80.04421262248654, 74.62603471074678, 77.21954109688532, 80.75369773006001, 84.54939238672914, 91.42844084959422, 88.28845608699353, 85.44892420016782, 79.89817729553974, 45.71339580937169, 56.79383884227931, 72.34732169427778, 84.00486128645292, 96.6579352721011, 107.02992547221338, 121.878890028134, 121.477557278998, 129.10167737113647, 132.42053305018214, 127.69241720170604, 120.62251454867837, 116.50137633672053, 109.47544535430184, 103.87750452203008], [15.059914021030933, 15.76383463147368, 20.95648311514647, 29.961370015860393, 23.010633101704222, 18.540496704438613, 17.7035974478071, 44.65987356628111, 49.72386182910654, 58.26393543411197, 66.78817338175202, 75.04665796026129, 67.42281133894355, 59.25559550171189, 51.213998826646666, 12.015992200970087, 8.07240584335457, 11.83503100964121, 22.647170371350455, 32.338564078545154, 32.6678791736815, 18.212632584135935, 8.794082901621582, 0.0, 6.6799816207072, 45.12949620940977, 54.30197826273605, 63.68145608042278, 73.61008161590601, 82.5905840227216, 79.12853076090161, 71.85233876454957, 63.25773430871905, 54.881392469025904, 46.71056039832624, 15.944615499557804, 25.27249037679275, 35.99712747564983, 42.55407473834704, 49.51552507437467, 57.702797742442726, 62.25962987924185, 63.136577386317306, 60.35576985414138, 48.88991072663616, 38.87056511623592, 35.10464527004641, 70.68921868840316, 67.26212162983126, 66.86902508737985, 70.46598499232155, 73.74541582930405, 78.17641029025714, 85.65608803807088, 91.07081423758163, 89.54867415333987, 87.31524231926204, 82.68498694400319, 76.97866632280449, 71.5829474330441, 72.8070065321761, 75.46948877550557, 78.67170615604358, 84.87625935104776, 82.44622610403106, 80.41596558523482, 75.7331373364684, 52.73147397980773, 62.21362285698368, 76.05637482135798, 86.35106971954076, 98.26847525041599, 107.03149116819195, 120.81705387438215, 117.43524165186366, 123.85672980355692, 126.4898245202889, 121.1379723886814, 113.87333702915406, 109.42305638711102, 102.42830615626384, 96.94672746411906], [16.402330584125355, 19.40267394667397, 25.881839661648414, 35.13352483879419, 27.454222780283732, 21.608469803977258, 18.662531828191213, 38.781030091463535, 43.812919189750325, 52.11869012483043, 60.69196777786546, 69.21140638815439, 61.32788457816105, 53.151690622386774, 45.282331807004375, 7.331725794710545, 10.453901656155034, 17.616456706670014, 29.011181380793268, 38.780180222783926, 39.14271892805957, 24.878514917357222, 15.439237076158234, 6.6799816207072, 0.0, 38.80353747580971, 48.10211416025689, 57.67571886308876, 67.84174094322906, 77.10368769347815, 73.36607271756604, 65.87688974360604, 57.110420103205065, 48.59373150648258, 40.33356880049314, 9.458242346938727, 20.210178695020435, 32.091881446023166, 40.73194548793855, 47.19533396771436, 54.11523850774036, 58.02349052512595, 58.41088648862873, 55.17597548451843, 43.2618454743516, 32.6692356312463, 28.542820738929816, 70.0847056424067, 65.70150303572052, 64.35731344337982, 67.25426398916488, 69.96043491893987, 73.95583898860946, 81.2554791957824, 87.29067056305992, 86.24873241994571, 84.60299873990378, 80.78360001514322, 75.86402759330394, 70.5292176205202, 70.54902985777328, 72.42685670328521, 75.10424250517136, 80.74076202216514, 78.91710345937331, 77.59419246823889, 73.6855749918961, 58.65061350843626, 67.3978701492508, 80.1346468515426, 89.46264517579807, 100.7781248626156, 108.29892317925531, 121.23725383382893, 115.34434010670158, 120.85098772963148, 122.93304542223336, 117.04340078779097, 109.60129722062156, 104.81196807456115, 97.74367099385971, 92.15830748577467], [49.041895238578725, 55.274892420893565, 62.73759186119754, 71.32601541056196, 63.66357741509999, 56.419488667670635, 50.15113339578228, 20.80926463775107, 21.385366290729863, 22.532742856930714, 29.418488623494632, 38.26005933962271, 31.204826831825248, 25.72501423827651, 22.939944365304576, 35.00163613765478, 44.568700893072815, 53.47690061850131, 64.6497308035892, 74.39830047515032, 75.46214308680776, 62.470388498848706, 53.50486631320839, 45.12949620940977, 38.80353747580971, 0.0, 9.721600604889762, 20.253219906056643, 32.03038358292398, 43.65679843175903, 38.91532201904701, 29.436908627750928, 19.600464348125122, 11.531440381210407, 5.308041299204823, 31.434814856312293, 35.30486808476849, 44.94761361789187, 58.63636916449729, 61.49579261830253, 60.605220016927866, 59.072811890302006, 54.47579587580581, 46.79521917463721, 37.026618494239855, 24.129724346009716, 14.69176235479961, 87.35785294742382, 79.66789570880822, 73.8932471452896, 