{
	"dissimilarities": [[0.0, 8.556843578566749, 17.850740160834285, 24.788712049007508, 18.70976428209223, 10.39349056548689, 4.232395083101766, 40.53203483085322, 47.6694400539621, 55.96911964097607, 64.26376511082017, 72.45752351226196, 64.37521679299981, 56.09105745565838, 47.754372697694244, 22.677692426704088, 22.828834238280983, 23.890888985629, 27.34651610393871, 31.867747994577044, 29.719671742952045, 23.971249223917244, 18.419123881761532, 16.49344231988987, 16.930025048393283, 46.302061864689996, 55.174050413587565, 61.271459444294386, 70.16249089932786, 75.936651931551, 73.82624425300598, 67.71685844814027, 60.787333022918226, 53.94660616857318, 48.42380842623384, 19.928534902955963, 22.276830434913673, 31.578126855805202, 35.22124948747468, 45.75728636027916, 52.23245292031827, 56.847263655264186, 57.132491545871424, 53.26639512620422, 43.23278501412511, 35.609806618384894, 35.01749352240071, 62.59930541970563, 59.408869769333435, 60.21278822405455, 64.03492007374597, 65.93455412633637, 69.6108611905253, 76.97122784959606, 79.82510268714861, 78.01399640164831, 75.03667535697977, 71.67311688781112, 68.2478746081862, 61.66271203275545, 62.52248143892353, 66.43143786809388, 70.22946335457654, 75.37343420805755, 71.02951277201832, 67.1932881905756, 63.41159752447483, 54.81328031585187, 57.463875477825646, 63.682849777767956, 72.22837738720325, 84.99426114690341, 98.02461796988469, 102.17249007201504, 104.55938399507426, 112.09648308349168, 115.31855365737164, 113.23297832970204, 102.41632393819779, 98.89858259441363, 93.37644729368648, 93.53719690391213], [8.556843578566749, 0.0, 10.544033243427727, 18.643288885609888, 12.420135349838386, 7.4848144553487765, 10.117192935515018, 48.81331886189141, 55.90037010939292, 64.13763465871114, 72.55659131964134, 80.93510740991023, 72.6951425151552, 64.32613750743668, 56.03361672947766, 23.738913562573224, 21.343283118435103, 19.979673421142145, 21.447653585795628, 25.265642711465663, 22.689475377762463, 17.15260713075473, 14.098794284265054, 15.121082659305879, 18.45686961145023, 52.933098661363275, 62.08419867042683, 68.53443726106187, 77.76798227387025, 83.85585763490778, 81.81153850061749, 75.46807942181631, 68.35348383600676, 61.337517248897846, 55.58005187997631, 25.472398200160832, 27.692090246307135, 35.44262433648474, 38.345753819055, 48.955137371987405, 55.72026154961024, 61.06908469983258, 62.74937971213243, 59.9732552054366, 49.189855049915586, 42.480760940993584, 41.97003939967846, 64.1307973328586, 61.652003245690786, 63.26060572088624, 67.88318495716311, 70.53099608286085, 74.9249499691797, 82.9846993387328, 84.97372081355938, 82.41683834190346, 78.74255411882133, 74.50271422971154, 70.45946449536207, 63.52057351546988, 65.28113069205713, 70.24228481157694, 75.06363899566281, 81.05661344980649, 75.84409949396739, 71.00387470774238, 66.1713336237259, 50.148052586255325, 53.78246275494555, 61.05392579689855, 71.0513913262355, 84.33602066212976, 98.66176179296343, 103.72235237284924, 108.00444055354907, 117.80202939838203, 122.15910907412676, 120.68245634366981, 110.42521552017895, 107.33563754737582, 101.78423926124805, 101.46801292205042], [17.850740160834285, 10.544033243427727, 0.0, 8.533594000974265, 4.270380290904078, 11.066819819271524, 18.017893886261675, 58.222400785254365, 65.43682849651269, 73.75870414028806, 81.96642501107137, 89.81924752439126, 82.02165130002237, 73.78793581145112, 65.45092508116414, 32.940967814229474, 28.860170475729173, 24.700957439618108, 21.585331902144592, 20.757202375567935, 17.027114521192427, 16.949239028201504, 20.01275066102044, 23.634940091812755, 28.23117426227981, 63.36862958210646, 72.4072721678244, 78.71983837153333, 87.61565184433273, 93.36402759730132, 91.44918259531364, 85.41832200721714, 78.47794398252235, 71.57783184618754, 65.91726981259553, 35.990777136754794, 37.09778955052074, 42.872212046903265, 42.904686788955, 53.24875649763268, 60.96101774184205, 67.22562772715763, 69.29324618345672, 67.50704829447314, 58.038202065891745, 52.25664846075405, 52.38504400413192, 64.1764692776215, 63.51057075106183, 66.73369518451254, 72.25306468884307, 75.61943038525331, 80.30738421931443, 88.4352862983077, 89.47173126950835, 86.21758407966374, 81.78062803371843, 76.62695826993223, 71.5795375581779, 64.2429109468755, 67.8190692933736, 74.29625196951298, 79.92746349194164, 86.22573875284826, 80.60341663689167, 74.9396158830961, 68.60003049027823, 43.89049954780271, 45.30739669511358, 52.63948344924029, 64.03108618746947, 78.15295283557731, 94.19212332858544, 100.65687896143886, 109.00204067687778, 120.56642434968703, 126.14827558141481, 125.38135850831318, 116.08738005253993, 114.25032584251132, 109.41145505595594, 109.86940602999523], [24.788712049007508, 18.643288885609888, 8.533594000974265, 0.0, 7.929659431435752, 17.536727936505972, 24.383631636248566, 64.24737460464159, 71.51236879644108, 79.89193954671526, 87.79231185541788, 94.98588516504775, 87.77273742304921, 79.76959981238356, 71.41675702779507, 41.03827663653417, 36.57265284962404, 31.474052263237805, 26.19875325907874, 21.625144746947406, 17.582905181937313, 22.32570439350537, 27.60469366671563, 31.714510514582404, 36.43513914045064, 70.80032402339305, 79.58601103699434, 85.60418319510403, 93.96868811075367, 99.22433496564834, 97.45643772020563, 91.87318178064844, 85.21773887315426, 78.53196959209143, 73.0715837018646, 43.91291130447108, 44.48233676057149, 49.409553627160015, 47.34580347709205, 57.31691168014183, 65.73127215170597, 72.44902768584622, 74.14713192619176, 72.72366064516466, 64.80255382116125, 59.34597216264478, 59.788161839784856, 64.6705883509647, 65.5674706420516, 69.98327727076226, 75.92871468046745, 79.5795819739258, 84.1326804560397, 91.87610482549586, 92.43798811079192, 88.9144815918797, 84.10862780102157, 78.53287002256307, 72.79756367749391, 65.290597301816, 70.26049094903541, 77.66263688599533, 83.50461900475267, 89.58484066456174, 84.08169856570215, 78.18171096764372, 70.92026935558408, 39.69952972455359, 37.53560076559843, 44.57874481694417, 57.0861997136536, 72.1445556258352, 89.54023510558554, 97.15516572181951, 109.11435364825556, 121.10476184818408, 127.2427821996933, 126.80878353434377, 118.16990629439559, 117.31482910932522, 113.10365217058485, 114.454338845839], [18.70976428209223, 12.420135349838386, 4.270380290904078, 7.929659431435752, 0.0, 10.082144537482641, 17.88656407457648, 58.303812770933064, 65.65245313493057, 73.97176890679653, 82.07554594733608, 89.74329837004116, 82.02094992175648, 73.81386107652426, 65.52629509606915, 35.77037092046452, 32.26827815462873, 28.64981501714653, 25.84411099828905, 24.570296794942564, 20.678511439342675, 21.14477810087779, 23.634669590981424, 26.667104500495473, 30.72005809822719, 64.77265634461439, 73.80240608854486, 79.97797640780612, 88.7875230021331, 94.31799422807217, 92.25678023652613, 86.3376273845954, 79.45378320679443, 72.60426589313667, 67.04442939012274, 37.193054561550035, 36.92221663503797, 41.59714540386311, 40.29289750364505, 50.468161962589214, 58.53051794284956, 65.07721796722907, 67.13233321800033, 65.81350420276426, 57.21698445022734, 52.15492259732192, 53.31292313796547, 60.24812131372779, 59.976260265395986, 63.621803523950135, 69.34889799820988, 72.89809818184798, 77.63524717388341, 85.77478017868708, 86.47029665348175, 83.02294857457711, 78.40595672227013, 73.0768004416505, 67.82880838267249, 60.43822943833231, 64.41978763765378, 71.27095206414253, 77.08647780284014, 83.46063950358649, 77.72354514044885, 71.86904586599191, 65.16373612492849, 46.29046579505998, 45.07742958396507, 50.34937038741526, 60.778069750758306, 74.36828876825784, 90.12957569155957, 96.51211468099255, 105.12536532022358, 117.24828303138474, 123.38132551728455, 123.07146835650998, 114.40423997485279, 113.38473237828005, 109.4028559786164, 110.8197776851913], [10.39349056548689, 7.4848144553487765, 11.066819819271524, 17.536727936505972, 10.082144537482641, 0.0, 8.598012088368156, 48.77776732425167, 56.1626117835307, 64.41370012961666, 72.6291931519419, 80.63988459340055, 72.5506249492236, 64.22459799537901, 56.00779737463042, 29.79913967187994, 28.348474466574757, 27.386590193883283, 28.17452119327727, 30.309964000015277, 27.08937507031724, 23.554792937234538, 21.395582889214705, 21.87501819253015, 24.10233920799558, 55.68484134960358, 64.76594671241362, 70.91115476475207, 79.93024407000206, 85.56805426908198, 83.25132727925491, 77.15004541785687, 70.16871587950956, 63.275952933026815, 57.74568349231129, 28.050395243096396, 27.006151285801923, 32.48585407231155, 32.79700100236851, 43.34784484663192, 50.855889379309765, 56.769274358820475, 58.38349970081547, 56.44927822568264, 47.3500599931999, 42.087342637084205, 43.782955585265285, 56.93152153283565, 54.9871465670937, 57.274869937510644, 62.26754656381287, 65.23524874340005, 69.72652013390217, 77.84159471288973, 79.25761713515395, 76.37289110900737, 72.39486675693368, 67.87811807616247, 63.52142401265996, 56.474336775535306, 58.839323418293766, 64.43357938840593, 69.57809477944588, 75.7210625602533, 70.29530894305233, 65.12148715714426, 59.67540425240091, 53.50285243340221, 53.12004124378194, 57.2744390645958, 65.5971393731267, 77.90351383240085, 91.604156691017, 96.42670472314707, 100.96301312968518, 111.66568736919919, 116.97613077245573, 116.3018069001732, 107.14769152389931, 105.55832333744456, 101.60347736946126, 103.10853915919608], [4.232395083101766, 10.117192935515018, 18.017893886261675, 24.383631636248566, 17.88656407457648, 8.598012088368156, 0.0, 40.46286748102723, 47.80287949580981, 56.10426200436585, 64.28242229391074, 72.27467255220643, 64.25489132011964, 55.98259588042254, 47.6974404770691, 26.26438973908954, 26.673124264002034, 27.657413433620523, 30.584089885000324, 34.302995293168216, 31.76974964157039, 26.828694613560774, 21.932244120252676, 20.185670479597306, 20.38482941161824, 47.99656807134531, 56.81737470495611, 62.727389739405936, 71.50129816152437, 77.00983607080535, 74.71889545360598, 68.74429266636696, 61.89203741749384, 55.12935960221307, 49.75406493824684, 21.60663338046504, 21.55542251744243, 29.486095294788388, 31.720008338269647, 42.27486242076358, 49.16257279716525, 54.08609758021509, 54.316823736545516, 50.92912221990654, 41.87081368507645, 35.18560843011985, 36.129838761102604, 58.45295924741421, 55.46890997821172, 56.58058461679577, 60.5807224270598, 62.642381340039975, 66.37661948987335, 73.79455600188841, 76.34155207127598, 74.35765803909688, 71.22942327281372, 67.74498791228739, 64.18872555402478, 57.56550538909329, 58.673813360972005, 62.88182766331225, 66.84433816307455, 72.08425114894129, 67.61293050145328, 63.60680590567342, 59.5374317753525, 56.72236465059341, 57.29538029691625, 61.82812479520326, 69.39253645623623, 81.55479987761713, 94.15028329869385, 98.1029785203709, 100.46530923560425, 108.5045329844056, 112.27978721946934, 110.66985574513816, 100.49898441676585, 97.88009871901612, 93.34046855839946, 94.60802841350491], [40.53203483085322, 48.81331886189141, 58.222400785254365, 64.24737460464159, 58.303812770933064, 48.77776732425167, 40.46286748102723, 0.0, 7.5471898021998225, 15.756239971707494, 23.88279800208313, 32.929413134815064, 23.907901980816906, 15.576131365939778, 7.244118433920997, 43.22359397565949, 49.755794421913805, 55.957710775073586, 63.276852540722544, 69.91844735988386, 68.7735275554084, 61.58307602645641, 52.716391589100944, 46.88828382988716, 41.25751185051172, 22.570966530971482, 26.20845478061515, 28.61080313293519, 35.3608526448843, 39.67292118051509, 36.307641911262635, 30.962631091055616, 25.38529541975153, 20.812410341909008, 19.069567254076087, 29.213297340831023, 29.488247269641835, 36.877443148691164, 44.39060107517954, 49.23138564534443, 50.298866104032776, 48.694966494943046, 42.074289435089085, 31.53078104713267, 27.459733887316204, 17.818448129098616, 16.772731227136113, 71.83289528036047, 64.68899458008865, 60.10740302188323, 58.471909025608056, 55.653773611962244, 54.933282671308824, 57.75823822287492, 65.66735317078368, 68.37228296915265, 69.87351236002051, 71.69860176640724, 72.57890945872953, 69.2098937253719, 64.27357931527091, 60.957115453220496, 58.432474952690214, 58.465362788189225, 59.34438205710839, 61.74919959272631, 65.10522303635159, 89.12878362757533, 90.8592018363684, 93.74895563136415, 96.57356664849166, 105.41008706993856, 111.38088580387384, 110.42227339902504, 99.78290595830872, 95.93991765838574, 92.47748446072697, 86.92225832767109, 72.63406907809426, 64.74825374339385, 58.74179111419683, 60.3545959752691], [47.6694400539621, 55.90037010939292, 65.43682849651269, 71.51236879644108, 65.65245313493057, 56.1626117835307, 47.80287949580981, 7.5471898021998225, 0.0, 8.395541048094756, 16.710331633939553, 26.479830992970363, 17.010004216711938, 8.859522232793255, 2.158261068810953, 48.47147790962811, 55.267421000586, 61.76754625102928, 69.39287129310219, 76.32490768158638, 75.3934971531678, 68.0007080899734, 58.944896598279634, 52.97710764121335, 47.15213943078861, 21.591128270955778, 22.329808593923413, 22.987462186233497, 28.65533334835758, 32.654710648905315, 29.017731779565434, 23.86167433614073, 19.022962134341828, 16.054627269749304, 16.62033988159899, 35.22268233006271, 36.145013741338516, 43.091937115265424, 50.98085975550622, 55.01947142902456, 55.167843136444304, 52.57134811541299, 45.300107343954096, 34.17692079908056, 31.298124537183263, 22.732617200578137, 20.29762053907556, 77.76488566668027, 70.26924410214248, 65.03755344942245, 62.61406764865114, 59.097177572799225, 57.60968965011716, 59.36599574121698, 68.09440403988786, 71.58369311175369, 73.82610268420424, 76.40300331140459, 77.88238664846969, 74.99414756600464, 69.39643435057991, 65.05569108353588, 61.53530581304044, 60.571679337394215, 62.441896373037416, 65.83941434213519, 70.20532188786967, 95.0455777180405, 97.4261285744762, 100.6001754188343, 103.21126526861018, 111.8315205175092, 117.10892126933302, 115.59038146287827, 103.24059242960462, 97.18799618581, 92.08516645514193, 85.52440089410285, 70.19609577511233, 60.486530106076856, 53.405773464668876, 54.25243380471055], [55.96911964097607, 64.13763465871114, 73.75870414028806, 79.89193954671526, 73.97176890679653, 64.41370012961666, 56.10426200436585, 15.756239971707494, 8.395541048094756, 0.0, 9.036562115058857, 20.182353736022414, 9.624008391333724, 3.248139419644114, 8.763476815576393, 55.5656415985937, 62.59236677907639, 69.36716746052096, 77.25999802179705, 84.43069658598168, 83.58931420524652, 75.98632668983254, 66.74813140415112, 60.65537778773063, 54.6669187107183, 24.42806842723579, 21.963585393205456, 20.0797857100933, 23.738929325462387, 26.92885946084509, 22.58848729635577, 17.955450430389348, 14.961947284340065, 15.248564772317362, 18.654315910459275, 42.6301117367039, 43.32680855370649, 49.26326216521778, 57.27676513503835, 60.243610614323195, 59.319130548228514, 55.639175381797635, 47.777013832374415, 36.459595949627605, 35.23803712063782, 28.555480238814074, 26.478917535542987, 83.0583857096744, 75.10386841189653, 69.10645568140636, 65.78595594968374, 61.52551026618104, 59.23656748135251, 59.881036375068504, 69.34705350311744, 73.64773387494164, 76.70987991548435, 80.13775394997353, 82.3561369444609, 80.09265417021007, 73.67187353833697, 68.15289472252596, 63.567190223202914, 61.59138920530864, 64.45986896902491, 68.92199144313936, 74.45094013405523, 103.00355779651393, 105.55237398784175, 108.47595920304009, 110.48564394065511, 118.48623703972079, 122.6788753198449, 120.3336322037109, 105.55033479582774, 97.42344129043346, 90.83609515937466, 83.5201601270514, 67.5707997396054, 56.377502543387976, 48.9772351221267, 49.671421000456185], [64.26376511082017, 72.55659131964134, 81.96642501107137, 87.79231185541788, 82.07554594733608, 72.6291931519419, 64.28242229391074, 23.88279800208313, 16.710331633939553, 9.036562115058857, 0.0, 11.736993058727984, 2.1119621465876217, 8.92286787432264, 16.657196750142504, 64.35839093112243, 71.30639438634503, 77.9581889642012, 85.67787503745289, 92.59804209530064, 91.7838520313322, 84.5005053932369, 75.42450966535051, 69.41127704442324, 63.49744455497746, 32.143091512374184, 27.57502492050524, 23.22508765708716, 22.316674730008256, 22.389851237381748, 17.779031542275213, 16.669163790612476, 17.947601721263876, 21.50044564180215, 26.278374607742485, 51.59248029843816, 52.025810290068925, 57.270069571404235, 64.39065891331248, 66.54695972265367, 65.26972468087203, 60.993838916058166, 52.020558768778685, 40.67235576424145, 42.4547488394183, 37.098418737481445, 35.46526218273579, 88.2074475857111, 80.38581497738497, 74.19231089153226, 70.18432062396123, 65.26576993446909, 61.88296433268785, 60.76223728031656, 70.97017936814193, 76.16994263976851, 80.01033564973567, 84.25686111821544, 86.94575869962826, 85.2255065646269, 78.55429040391986, 72.2911333155841, 66.56271309601138, 63.06686956877395, 67.37023165775081, 72.96368201335649, 79.24326016133278, 110.07028232387613, 111.96669949068243, 114.33322884016391, 115.51183831543088, 122.96218050364853, 126.06235968901953, 123.03520897606118, 107.00577591327983, 95.72396871102843, 87.09009825158377, 78.59406512264471, 61.722674031078824, 48.95828027348406, 41.53130884877493, 43.689832698945104], [72.45752351226196, 80.93510740991023, 89.81924752439126, 94.98588516504775, 89.74329837004116, 80.63988459340055, 72.27467255220643, 32.929413134815064, 26.479830992970363, 20.182353736022414, 11.736993058727984, 0.0, 11.310694746193533, 19.402606194093767, 26.093712256047986, 74.32615131567265, 80.93860394229247, 87.12442996002929, 94.27043114269829, 100.4861879852183, 99.64796704531882, 93.17211699879019, 84.58583391053483, 78.84233926229471, 73.21061850889546, 43.06768561613405, 37.777512303718275, 32.270074275619336, 27.170729003509457, 22.633256730033793, 19.444481232326872, 23.445931298262458, 27.58706533648298, 32.25324436411131, 37.249409700514605, 61.65502414778151, 61.83518394801266, 66.69298776834424, 72.17217627124249, 73.8168991068413, 72.88067104083595, 68.55257276524931, 58.20983281224815, 47.044542415178555, 52.24375515199742, 47.52901654309898, 46.27641021317859, 93.15954420424592, 86.08328680134592, 80.29530467584185, 75.90801393448614, 70.53062935525895, 65.9368294518078, 62.59995015949875, 73.38180946091512, 79.43685562415628, 83.90278343753278, 88.82677037255905, 91.6541435248253, 90.356613774775, 84.05800786538518, 77.59664098518357, 70.82896985381448, 65.50063861501147, 71.48446940119554, 78.10003283876335, 84.6036071121084, 115.9181905936025, 116.37973709228497, 117.89260321614506, 118.02573633790061, 124.98173765367237, 127.01436006266265, 123.51038388799678, 107.71596339541723, 92.24651636797923, 80.95208139320489, 70.71636616647905, 52.406078524581076, 37.674961703157464, 30.599937526815147, 37.207931948051], [64.37521679299981, 72.6951425151552, 82.02165130002237, 87.77273742304921, 82.02094992175648, 72.5506249492236, 64.25489132011964, 23.907901980816906, 17.010004216711938, 9.624008391333724, 2.1119621465876217, 11.310694746193533, 0.0, 8.773440781684, 16.688569626021305, 65.07153717503147, 72.0042176526187, 78.61190210147355, 86.25702845339069, 93.06641666389423, 92.16127660426592, 84.96279813994592, 75.92760132657543, 69.93296323681751, 64.03973490141955, 33.4122147138874, 29.24835326133767, 25.152328218209085, 24.40991512551877, 24.216979244333963, 19.63142474620398, 18.73190294992906, 19.821339951366074, 23.020303519580406, 27.552725205394, 51.97059891185375, 51.91461220391672, 56.74560191080368, 63.51054679611447, 65.4183599809323, 64.09605318140008, 59.75365008728437, 50.525474887642225, 39.19299585087919, 41.80714272245656, 36.945266940482554, 36.07044098734683, 86.80419507490964, 78.99574178573043, 72.77762806632025, 68.66210530368082, 63.652557288917684, 60.110293957681975, 58.79016183699727, 69.0550088344756, 74.34579742893953, 78.2781889928614, 82.64339719649365, 85.41502030048659, 83.81102410376747, 77.08473760274553, 70.71385159653865, 64.82542646614685, 61.1448332783502, 65.61769623933523, 71.36616712095038, 77.75518163599025, 110.58836136169325, 111.96174802574724, 113.86144173256575, 114.67735931626824, 121.82754269367211, 124.61034927220679, 121.39938760266136, 105.05095829587681, 93.65888501946725, 85.1102073025398, 76.77828880651437, 60.16494470905404, 47.96765876421394, 41.539940529750545, 44.868439374243515], [56.09105745565838, 64.32613750743668, 73.78793581145112, 79.76959981238356, 73.81386107652426, 64.22459799537901, 55.98259588042254, 15.576131365939778, 8.859522232793255, 3.248139419644114, 8.92286787432264, 19.402606194093767, 8.773440781684, 0.0, 8.413429960399087, 56.836396044907296, 63.801388512086966, 70.46211146832358, 78.18925925812937, 85.13487087878637, 84.14478204809758, 76.7295934709772, 67.59378070465976, 61.55430378458057, 55.626559720662236, 26.938996913775053, 25.053386407209903, 23.300898598147178, 26.529745247236846, 28.991179217331503, 24.583287443907782, 20.6787583893618, 18.131384652464494, 18.28944888299869, 21.276355262747003, 43.34467091064725, 43.17643040207003, 48.43524408732036, 55.80559275404853, 58.40652314590295, 57.46972754241637, 53.71377153469262, 45.36663362712801, 33.96013007994807, 34.20440133769584, 28.34022044652365, 27.725179284092395, 80.7805336460868, 72.87083967922001, 66.8645638849248, 63.39342640601855, 58.99533814877763, 56.45834206234161, 56.81948612580774, 66.37446548267607, 70.80396126229302, 73.99023862562368, 77.58911410525405, 79.90945450877157, 77.80425550147879, 71.32959300552274, 65.67463173613342, 60.847000695523725, 58.59308967850296, 61.71670464465255, 66.410597204483, 72.07892235797279, 103.68134603875355, 105.3443950876457, 107.52073462012179, 108.95582603361676, 116.51588658060219, 120.24237620936601, 117.64013202422366, 102.49142150044857, 94.18784028052299, 87.74111495280609, 80.66257733861443, 65.08770267618577, 54.713914954613664, 48.596028994717415, 50.91988134712222], [47.754372697694244, 56.03361672947766, 65.45092508116414, 71.41675702779507, 65.52629509606915, 56.00779737463042, 47.6974404770691, 7.244118433920997, 2.158261068810953, 8.763476815576393, 16.657196750142504, 26.093712256047986, 16.688569626021305, 8.413429960399087, 0.0, 49.42416035946643, 56.16481901107307, 62.57511708839639, 70.07378187555165, 76.83888076274233, 75.79836472488147, 68.54440107040031, 59.57000925473706, 53.64778177174258, 47.8758251228681, 23.46301169914069, 24.372883118115936, 24.908726479040837, 30.23486820554869, 33.81220921210977, 30.07604829474911, 25.274523292084027, 20.75456868612465, 18.013383497307633, 18.563758007049138, 35.77453838036836, 35.99764015529109, 42.43334882720923, 49.861835101033904, 53.66228075701429, 53.822027014201474, 51.19141971756757, 43.59374721043633, 32.39057893829073, 30.485555250086424, 22.51096375033437, 21.340227216288326, 76.13863404858003, 68.66944677178563, 63.437449246648896, 60.927086064605604, 57.332006836005796, 55.702516637751245, 57.31439653474374, 66.07870253055226, 69.63195944900718, 71.93889777433849, 74.61537846219431, 76.15275102733028, 73.35935941605018, 67.73004136992581, 63.31561956050593, 59.657536106520155, 58.54354657872591, 60.550204348476086, 64.07833973586371, 68.52032433710623, 95.53984243996814, 97.28432181697262, 99.92307306983712, 102.13106239632515, 110.45101549705264, 115.41977179420763, 113.7333945211572, 101.16216739368097, 95.04473025278948, 90.07446192271888, 83.692042062725, 68.63357486768274, 59.48017722758177, 53.19495433140448, 55.0347724130247], [22.677692426704088, 23.738913562573224, 32.940967814229474, 41.03827663653417, 35.77037092046452, 29.79913967187994, 26.26438973908954, 43.22359397565949, 48.47147790962811, 55.5656415985937, 64.35839093112243, 74.32615131567265, 65.07153717503147, 56.836396044907296, 49.42416035946643, 0.0, 7.766938649795943, 16.002578791012436, 25.856269902304838, 35.92677057258129, 36.008624381234306, 25.25590306639208, 15.170041447000399, 9.450192811824211, 5.954810476290239, 36.879118928296045, 46.081576684647224, 53.496028303643975, 63.96257979371172, 71.78041626842057, 69.98699252173664, 62.45353021147211, 54.83130626062331, 47.56913672595577, 41.34555307911723, 16.17065672671874, 26.789236683635014, 38.48208523677663, 48.81765161277261, 58.31505566741279, 61.741128913263395, 64.44436660751126, 66.27633148764417, 61.33250256440011, 45.823393192011885, 36.332413782834756, 29.919044527417917, 80.13856146941089, 74.64173996536869, 72.98929804211, 75.66450129117825, 76.847088271612, 80.76352239290364, 88.6838754807057, 92.56045743698425, 91.34621147392778, 89.17595492886477, 86.55386992978028, 84.45238891962106, 78.4889359017924, 76.89996799020209, 78.67444656279793, 81.94096537356968, 87.42439468040448, 82.94619713385381, 79.7014300886652, 77.98762159373918, 61.45015038439318, 73.04080633587083, 83.72976826223696, 94.17660340555928, 107.31533061516629, 120.26540845926536, 123.80524465713492, 121.83203605544709, 128.6616859445548, 130.18026940609028, 126.75181701554976, 113.77673679460761, 106.36873861454035, 97.08657417145233, 91.72930812290124], [22.828834238280983, 21.343283118435103, 28.860170475729173, 36.57265284962404, 32.26827815462873, 28.348474466574757, 26.673124264002034, 49.755794421913805, 55.267421000586, 62.59236677907639, 71.30639438634503, 80.93860394229247, 72.0042176526187, 63.801388512086966, 56.16481901107307, 7.766938649795943, 0.0, 8.377238496265758, 18.40423451502944, 28.817459402343033, 29.22353631145395, 18.28763228745315, 9.155562020967361, 6.651800542141653, 9.51857201773638, 44.29285679448714, 53.28348065307793, 60.57576069356618, 70.69565737913223, 78.31468815625837, 76.75670700410892, 69.47432634846119, 62.01152500637375, 54.85829000012516, 48.71009870257344, 22.64991863682283, 32.06588691277561, 43.00093951417192, 51.90044453450065, 61.82957357946351, 66.03691544530433, 69.49927465756215, 71.7294944423077, 67.3168067060036, 52.299492951903495, 43.242060734887126, 37.34398581686093, 81.86628027882526, 77.27099777457207, 76.55784855023296, 79.90959830380743, 81.61466391770372, 85.84070288723234, 93.96814528304616, 97.32758812062431, 95.64649663261869, 92.9461289785832, 89.67913928438824, 86.92108200139194, 80.56872257959178, 80.01978180702824, 82.80745349491575, 86.70608892911963, 92.51239276385581, 87.66915885462802, 83.79052849443028, 81.07534636407453, 54.85359067483115, 67.80268930170452, 79.85283205338982, 91.62231496903306, 105.58819809413818, 119.81623139218033, 124.3177111044766, 124.88345246771584, 132.7741829435929, 134.8958591836793, 131.69971601029727, 118.97349654637765, 111.98976181608255, 102.65557983466744, 97.24968973246058], [23.890888985629, 19.979673421142145, 24.700957439618108, 31.474052263237805, 28.64981501714653, 27.386590193883283, 27.657413433620523, 55.957710775073586, 61.76754625102928, 69.36716746052096, 77.9581889642012, 87.12442996002929, 78.61190210147355, 70.46211146832358, 62.57511708839639, 16.002578791012436, 8.377238496265758, 0.0, 10.076000556466342, 20.687486673458668, 21.4691641962044, 10.826358737347565, 6.31108833459436, 10.373211229898724, 16.11193818519476, 51.99103297495868, 60.791787696610186, 67.87328234268004, 77.53349799610235, 84.79492549896123, 83.45253737163632, 76.52811430429072, 69.27039980254808, 62.244180131878586, 56.20328708139183, 29.481157074514037, 37.75737402247329, 47.95546470680792, 55.062126561209105, 65.33677257971524, 70.43629722992014, 74.64513484826584, 76.97469179357978, 72.99912605396948, 58.871828463957954, 50.12676006796005, 44.77360495279835, 83.12879271541581, 79.63418193875812, 79.98361772361535, 83.98210532910882, 86.15566817706221, 90.5587862592262, 98.7199954055584, 101.5936598169549, 99.50036280976931, 96.29771098836015, 92.42891452104706, 88.96751318140876, 82.24264480395948, 82.87733157082145, 86.71170521323494, 91.1340086137001, 97.09829802787125, 92.03840714939633, 87.62602594461055, 83.87699470753797, 47.129505560958485, 61.11215379860362, 74.52495351708707, 87.63557513994807, 102.49097016346464, 118.0434294914808, 123.58872552726702, 127.11387086341159, 135.8339013521166, 138.52150066929906, 135.55534728200675, 123.1560658237451, 116.77560467189925, 107.59093444789134, 102.51129654600012], [27.34651610393871, 21.447653585795628, 21.585331902144592, 26.19875325907874, 25.84411099828905, 28.17452119327727, 30.584089885000324, 63.276852540722544, 69.39287129310219, 77.25999802179705, 85.67787503745289, 94.27043114269829, 86.25702845339069, 78.18925925812937, 70.07378187555165, 25.856269902304838, 18.40423451502944, 10.076000556466342, 0.0, 10.812170658931072, 12.28131449384686, 5.317577871278802, 12.50578691587399, 18.68511524664242, 24.97598618781255, 61.173810959624504, 69.80374333861374, 76.62578088437515, 85.76748656511447, 92.5602359309218, 91.40688438502669, 84.90927519855181, 77.88671560218901, 71.00370156073018, 65.09629900941519, 37.87011984094507, 44.859156007818015, 54.11503154248137, 59.06729004189405, 69.53668037207892, 75.6051573740916, 80.59690766500977, 82.9230994858282, 79.45287348427006, 66.51614799605362, 58.178834420335974, 53.5378966764222, 84.4280336950394, 82.2992737312439, 83.89029082256857, 88.57145180859271, 91.23815343499594, 95.77190383379225, 103.87931537806308, 106.18209737109504, 103.64391367028142, 99.89640080958287, 95.38398509143317, 91.12906583885618, 84.04437964578699, 86.07322052986453, 91.07114353161059, 96.01943769243225, 102.08172260555912, 96.84607736162543, 91.89227152996973, 86.99194103457164, 37.993452808987826, 52.7766338342565, 67.71613123386348, 82.36167896584566, 98.1950426282922, 115.24736192721686, 122.02016846364906, 129.11999584559243, 138.73189884658746, 142.10928372736186, 139.47340611478577, 127.59164582020723, 122.08309648348983, 113.30033624385125, 108.89138656735888], [31.867747994577044, 25.265642711465663, 20.757202375567935, 21.625144746947406, 24.570296794942564, 30.309964000015277, 34.302995293168216, 69.91844735988386, 76.32490768158638, 84.43069658598168, 92.59804209530064, 100.4861879852183, 93.06641666389423, 85.13487087878637, 76.83888076274233, 35.92677057258129, 28.817459402343033, 20.687486673458668, 10.812170658931072, 0.0, 4.196638188194092, 11.833322184660485, 21.660865005014667, 27.90595065813729, 34.166023948245794, 70.14281755445994, 78.60393075723276, 85.09107443439103, 93.64182458438253, 99.82787652916315, 98.80924697208425, 92.82281129577831, 86.07980853136296, 79.3726055377958, 73.6474341287513, 46.17365495570732, 51.84162182150182, 60.13821398432794, 62.74044757227682, 73.21513389418234, 80.25890598700946, 85.95379987033932, 88.00211984642677, 84.99102119662774, 73.63547866419799, 65.72730776996256, 61.932696109628466, 84.78191466328886, 84.17422679953421, 87.05514169984909, 92.32690606305674, 95.40035767872165, 99.91256224343417, 107.76791282631699, 109.52179371561431, 106.61609568015177, 102.39139882338726, 97.33498002760449, 92.30200710941729, 84.94092363035035, 88.42785911873617, 94.5363675771038, 99.8585342626592, 105.83217149165205, 100.58925875608968, 95.23874931574736, 89.23900647700204, 28.747261140472162, 42.909785322600605, 59.19083162539935, 75.28359990486508, 92.07484640230236, 110.5585068229373, 118.57434809091988, 129.53444447217927, 139.76214025202742, 143.8098933130925, 141.5530994372793, 130.36467884925122, 125.99183448543164, 117.94360853466209, 114.68247654841805], [29.719671742952045, 22.689475377762463, 17.027114521192427, 17.582905181937313, 20.678511439342675, 27.08937507031724, 31.76974964157039, 68.7735275554084, 75.3934971531678, 83.58931420524652, 91.7838520313322, 99.64796704531882, 92.16127660426592, 84.14478204809758, 75.79836472488147, 36.008624381234306, 29.22353631145395, 21.4691641962044, 12.28131449384686, 4.196638188194092, 0.0, 11.40551018069332, 21.211808015920752, 27.395974672539904, 33.61863148967337, 70.05946309361089, 78.69595903399096, 85.17870225032817, 93.8203863777129, 99.91307704240035, 98.71544589913051, 92.71889105941453, 85.91484472310255, 79.1376242677416, 73.39327272191171, 45.10036062088331, 49.85581535227441, 57.54506881621635, 59.453808993520624, 69.86919651313684, 77.12117213115691, 83.03660783268359, 85.18823462186383, 82.54017779756305, 71.59463073677524, 64.17233129001211, 61.206740185650645, 80.81235567785427, 80.41312281494244, 83.54266912795134, 88.97679470154009, 92.20671248280243, 96.81347549169996, 104.7615232275467, 106.24260020405575, 103.16623628522404, 98.79489732522514, 93.59200602066905, 88.43402270371644, 81.04006585209045, 84.75770053244949, 91.1218037894533, 96.6255169966671, 102.72998554277225, 97.33470651217773, 91.801271260338, 85.55119553273163, 30.47448440052038, 41.57243977879059, 56.40090086429848, 71.97308060907244, 88.41390917584971, 106.71965895805242, 114.66088609399405, 125.69045896484242, 136.48179261545263, 141.02289409824934, 139.1698758153637, 128.4860676727559, 124.7800848746835, 117.45994987333896, 115.04380432855542], [23.971249223917244, 17.15260713075473, 16.949239028201504, 22.32570439350537, 21.14477810087779, 23.554792937234538, 26.828694613560774, 61.58307602645641, 68.0007080899734, 75.98632668983254, 84.5005053932369, 93.17211699879019, 84.96279813994592, 76.7295934709772, 68.54440107040031, 25.25590306639208, 18.28763228745315, 10.826358737347565, 5.317577871278802, 11.833322184660485, 11.40551018069332, 0.0, 10.374172274536942, 16.889303852028092, 23.349493028244467, 60.71353001032018, 69.65253660422289, 76.52847944182271, 85.89416214794355, 92.638746524357, 91.2130583525133, 84.6232840123851, 77.46142713927452, 70.43554071175065, 64.45650300917856, 35.740613553200525, 41.50607405963196, 50.00469926666424, 54.374465057101986, 64.8070321429454, 71.03970311180301, 76.29622149017717, 78.91537385141649, 75.95194730593329, 63.26396831573189, 55.60861812785076, 52.13873003147231, 79.34959876388157, 77.2820482427428, 79.04819136083495, 83.9210846789023, 86.79791444372268, 91.5278580422888, 99.86980227512595, 101.82190509903704, 99.04914361005109, 95.12212482260816, 90.43183883882047, 86.09213213076795, 78.9850491883227, 81.13682477771545, 86.38197514378547, 91.60359731892632, 97.93346702854946, 92.41593851253124, 87.19252077135225, 82.05115933525404, 40.253733620128244, 52.158146297040375, 65.31955686753953, 79.15521176742637, 94.37456086913814, 111.03452312057647, 117.58296264210203, 124.33221307443044, 134.7822505613424, 138.81866619746796, 136.72359698643473, 125.47339776241375, 120.76836232840907, 112.90644948523838, 109.52435650018958], [18.419123881761532, 14.098794284265054, 20.01275066102044, 27.60469366671563, 23.634669590981424, 21.395582889214705, 21.932244120252676, 52.716391589100944, 58.944896598279634, 66.74813140415112, 75.42450966535051, 84.58583391053483, 75.92760132657543, 67.59378070465976, 59.57000925473706, 15.170041447000399, 9.155562020967361, 6.31108833459436, 12.50578691587399, 21.660865005014667, 21.211808015920752, 10.374172274536942, 0.0, 6.558997198720547, 13.048596025573096, 50.758093276585186, 59.898971468258075, 66.95414226954028, 76.75225560600323, 83.82986581775991, 82.17785616669924, 75.2439653086895, 67.87625805386571, 60.71229303771377, 54.624145452095135, 25.829121092796594, 32.71992887617358, 42.39122342397044, 48.90493581690962, 59.23023162053561, 64.58067824168589, 69.05000544590673, 71.45776946299269, 67.89747504528522, 54.22289675290957, 46.09591264164105, 42.19109356604721, 76.8259509454415, 73.3523834150203, 73.84448073996255, 77.978819457223, 80.2965418626367, 84.80743622373804, 93.11033139135002, 95.70790323298247, 93.45306007575303, 90.13065952367366, 86.17275021635676, 82.6626157263789, 75.93157962394693, 76.64063672926909, 80.66122978798484, 85.25244363269137, 91.3756702186361, 86.13957931054766, 81.55817658366365, 77.63207118243628, 48.948048003005226, 59.87687527559789, 71.34316813193077, 83.40391399848284, 97.58183161991644, 112.56670003683857, 117.78719902847867, 120.87891465023327, 130.14895374442943, 133.41394806914954, 130.96626048673764, 119.22472024445133, 113.77486288553675, 105.70003334970187, 101.99942891378772], [16.49344231988987, 15.121082659305879, 23.634940091812755, 31.714510514582404, 26.667104500495473, 21.87501819253015, 20.185670479597306, 46.88828382988716, 52.97710764121335, 60.65537778773063, 69.41127704442324, 78.84233926229471, 69.93296323681751, 61.55430378458057, 53.64778177174258, 9.450192811824211, 6.651800542141653, 10.373211229898724, 18.68511524664242, 27.90595065813729, 27.395974672539904, 16.889303852028092, 6.558997198720547, 0.0, 6.490571394358589, 44.40409360430898, 53.672097546299774, 60.801834033508335, 70.83460274673338, 78.06694136350691, 76.25676147130675, 69.14039857348163, 61.66166839000941, 54.42253499375997, 48.283381690365545, 19.503715318383676, 27.40825045523092, 38.01868582419129, 45.91922334406358, 56.05251651066179, 60.79783775697906, 64.67150295184433, 66.7570137868884, 62.71050860893405, 48.540316091109865, 39.98724371779124, 35.74915262158506, 75.45180444591523, 71.13275498266651, 70.79416442121521, 74.3735558277594, 76.25622604023208, 80.52697825091647, 88.68842798084812, 91.75826141246822, 89.90359267633546, 87.02843827654809, 83.61590385202926, 80.66634308953003, 74.23071052383527, 74.0132578902552, 77.17506946677784, 81.24703065623366, 87.11824036640404, 82.17632728476764, 78.11715309801207, 75.04189834868232, 54.40155979190736, 64.53261090282216, 74.95262888071052, 85.88818967976563, 99.40528140512453, 113.30169757788545, 117.68689035803186, 118.55275077198067, 126.86416440509849, 129.56028326472506, 126.85649774556904, 114.81113400580519, 108.91662176222975, 100.77300909149668, 97.00151486263246], [16.930025048393283, 18.45686961145023, 28.23117426227981, 36.43513914045064, 30.72005809822719, 24.10233920799558, 20.38482941161824, 41.25751185051172, 47.15213943078861, 54.6669187107183, 63.49744455497746, 73.21061850889546, 64.03973490141955, 55.626559720662236, 47.8758251228681, 5.954810476290239, 9.51857201773638, 16.11193818519476, 24.97598618781255, 34.166023948245794, 33.61863148967337, 23.349493028244467, 13.048596025573096, 6.490571394358589, 0.0, 38.156966540665834, 47.56310016633661, 54.762005603062214, 65.03927504209837, 72.42441629298727, 70.44031575092835, 63.13396206079833, 55.54059013077208, 48.22441429073218, 42.03484051473392, 13.436641676605431, 22.791525163299628, 34.39883523032584, 43.727632208424914, 53.51324007853653, 57.559831809001395, 60.73986355868311, 62.41899731840711, 57.81864389973066, 43.164340479160586, 34.08531375459157, 29.389007338589032, 74.61282055591118, 69.46680240842691, 68.26146794523287, 71.21787531138028, 72.61070262869848, 76.58618971180566, 84.54659866073962, 88.1259805861078, 86.7141966405719, 84.33019374591916, 81.51334994430893, 79.15955459153658, 73.06970010838575, 71.89943438863608, 74.12872593943464, 77.60760914921896, 83.16489509017528, 78.57759729621051, 75.11246101241856, 72.95885232867657, 59.94314562508983, 69.34923280281723, 78.80782287127123, 88.6644795333089, 101.51490805129104, 114.31929780662206, 117.87625578772304, 116.52757979711036, 123.79466830191285, 125.87682793278597, 122.89805880057104, 110.54468197408654, 104.18349536096954, 95.97894591647751, 92.14991151149584], [46.302061864689996, 52.933098661363275, 63.36862958210646, 70.80032402339305, 64.77265634461439, 55.68484134960358, 47.99656807134531, 22.570966530971482, 21.591128270955778, 24.42806842723579, 32.143091512374184, 43.06768561613405, 33.4122147138874, 26.938996913775053, 23.46301169914069, 36.879118928296045, 44.29285679448714, 51.99103297495868, 61.173810959624504, 70.14281755445994, 70.05946309361089, 60.71353001032018, 50.758093276585186, 44.40409360430898, 38.156966540665834, 0.0, 9.878655608327382, 17.45152755759555, 29.14429860680661, 37.82129812304517, 35.23784798826069, 26.702502462469294, 18.721756061743704, 11.570575181893336, 5.865450286521572, 28.635212378454366, 34.9593801799259, 44.739842815606245, 56.97744665512377, 62.59530977037877, 62.13494318024775, 60.01625764661526, 57.00689627341754, 47.74933975971653, 35.69827015980569, 24.878159779081912, 13.236103099844305, 88.24336123022157, 80.0344