{
	"dissimilarities": [[0.0, 8.733040369286918, 17.87649980857836, 25.39546643550933, 19.668294177727923, 11.802893014879956, 7.57200065415145, 40.748039853879675, 47.65890576484169, 55.985032296679705, 64.21252243877636, 72.89182099467394, 64.99298687930366, 56.70833289747176, 48.38906751654147, 19.183817799854882, 17.979169424119956, 19.31662215450284, 24.361723641880413, 30.397056899533514, 28.522029041234305, 21.51084130923868, 15.421460433495302, 11.517600519055609, 12.988009544568174, 45.11245548260034, 53.490995538571255, 60.1473810479589, 68.87609886536733, 75.44022077540615, 73.16225685672211, 66.70480285827354, 60.088365868306944, 52.99655272041829, 47.257633925247035, 17.653020417220336, 22.488528274197336, 32.89953106698574, 37.415087236221105, 48.392602398469094, 54.14477002430078, 58.14432634935806, 58.44301509968296, 54.8072393534093, 44.25942990702166, 35.45282585468091, 33.745040663345684, 66.77241923776639, 65.16177933980997, 65.49609075908653, 68.8346741204096, 70.45582356631712, 74.5979034205478, 80.52993506171133, 83.92288066917438, 83.3869084965558, 81.11317740249339, 77.77612258238845, 73.52557166104725, 67.87391814521342, 67.48716515472711, 71.59475032018108, 74.25768637821653, 78.25723026322873, 75.18937285246969, 72.54457843700764, 68.50226470953096, 54.79808761371344, 59.08332558250645, 68.12179225896543, 77.72007034473278, 90.2389924924176, 98.38710462641417, 100.03972290721451, 105.42659773903053, 114.29581940053103, 119.04818372955432, 116.36572468602245, 105.19216448551538, 100.72649570929521, 94.52575545162676, 93.0995861149046], [8.733040369286918, 0.0, 10.847925980513928, 19.943547466660537, 14.756840729111671, 10.772370036141208, 13.086983591567806, 49.24839062449392, 55.96556327886989, 64.1090612532477, 72.50685882832538, 81.50511640663385, 73.52021568094123, 65.18219761601381, 56.909517721256655, 20.207236133113156, 15.804674911052647, 13.808072075091767, 17.104958470303515, 23.228138632544816, 21.068754764557067, 13.309319086290406, 9.59356164211947, 9.823282092946377, 15.083068779740447, 51.826485032168044, 60.54879771018329, 67.4649836879159, 76.56840901020364, 83.39903057309199, 81.24721683755327, 74.59899998854722, 67.69370206151949, 60.540231360873015, 54.624059003498225, 23.621949707991863, 28.6103290029665, 37.65409434351971, 41.52087715884809, 52.449506472539035, 58.39470014103706, 63.12976410143562, 64.76904584720066, 62.157225427570566, 50.813604059648696, 42.88556943582594, 41.182921583585696, 69.31023889726704, 68.27317227914831, 69.44659331267103, 73.38762168348777, 75.68993765076641, 80.55328069693586, 87.11808437060616, 89.63192993637652, 88.39283220047207, 85.52830689829756, 81.4499982451181, 76.60658510369862, 70.7092412120064, 71.12286236524103, 76.07879546555237, 79.68486121524342, 84.50822716997814, 80.57521264701761, 77.00131833904271, 72.11293805701251, 49.83272531653168, 55.636391409923434, 66.04767421386923, 77.3932732362555, 90.49975828004564, 99.96403801744279, 102.51612135652162, 109.8193860477239, 120.68083494987127, 126.43982543595322, 124.2584998037461, 113.50851830393674, 109.33937184318904, 102.96505133617563, 100.93511422906268], [17.87649980857836, 10.847925980513928, 0.0, 9.632518463060578, 6.573166976347853, 12.022897445358417, 18.75047827792502, 58.29600807141518, 65.42435993365586, 73.82978562501421, 81.96430857889729, 90.10517192198594, 82.41823912442888, 74.16014000858466, 65.80319475609784, 30.522247373279335, 24.950734907155866, 19.966101831258403, 17.099787736608693, 17.663097396988046, 14.063958110727611, 12.720261369435654, 17.089467542456816, 20.058138000514106, 25.81101868154231, 62.480721187679464, 71.06923892820889, 77.78569445548914, 86.50053671174557, 92.85954685139721, 90.82705157319423, 84.54330592046443, 77.91396580261132, 70.81061515333546, 64.99826774598444, 34.14705765091224, 37.09977345483925, 43.69081284801095, 44.56447602593179, 55.50122772007002, 62.66574609524757, 68.34807997518813, 70.36434623668949, 68.62636000856911, 58.72810158446808, 52.04389108119416, 51.40493919267967, 68.2013736025782, 68.5088490073344, 71.41301098986963, 76.21184285866208, 79.27999371046238, 84.58574922773282, 91.26863126186332, 92.95938710848515, 90.89949774368782, 87.41144338971701, 82.33904040884076, 76.66586959986037, 70.12708442509602, 72.38190899083108, 78.66032797321999, 83.25010204912151, 88.5421067320783, 84.07438575309847, 79.5121358395961, 73.31892208103719, 43.42161245288383, 46.98096306907355, 57.20626848443867, 69.80595262264023, 83.55631494212454, 94.78554779940497, 98.85336038948752, 109.8354267821262, 122.39393342305134, 129.46437713451408, 128.11332012504673, 118.42653130286898, 115.72563654878905, 110.27298336978475, 109.39841966307739], [25.39546643550933, 19.943547466660537, 9.632518463060578, 0.0, 7.530683682605781, 17.335583490943154, 24.268918552947284, 64.16518999864435, 71.6416755436715, 80.30263524860814, 88.03388934310945, 95.07083308058978, 87.85983402462941, 79.80785730696032, 71.43325023695505, 39.96445553602713, 34.43835928393397, 28.965720823279142, 23.739016233827762, 19.27991503479559, 15.285185193068418, 20.375903869896668, 26.59907262377021, 29.506996504495316, 35.02251151359498, 70.50191616248887, 78.75525073344525, 85.0969396724314, 93.18355147416999, 98.87694950932219, 96.97403460756162, 91.22795376806647, 85.05490727778736, 78.09081750167228, 72.49376761489215, 42.500357352653246, 44.01314058245869, 49.01153158145705, 47.24469495561577, 58.02548438334678, 66.28112830499198, 72.45997369276621, 74.05838882883808, 72.62864910544768, 64.69863380283576, 58.7397364713196, 58.89161640635329, 66.69354125315614, 68.25308890011189, 72.60148823990195, 77.93950852012419, 81.39971283085707, 86.68508978138564, 93.01916535837789, 94.36264929434643, 91.84913683570838, 88.06189349456982, 82.36120652515159, 76.14671857549746, 69.04668403410247, 72.94952080566638, 80.13716279533314, 85.18371583345325, 90.41320100966293, 85.95447384206705, 80.91945420821646, 73.83271643164363, 39.61851807434785, 38.75227052841712, 47.84766131780593, 61.144090223115256, 75.5686873509644, 88.34576547703158, 93.81879472374376, 108.1113769531022, 121.17134860391305, 128.9929404821286, 128.2068621387266, 119.42815098762429, 118.10947116041766, 113.66014574115975, 114.24345881919548], [19.668294177727923, 14.756840729111671, 6.573166976347853, 7.530683682605781, 0.0, 10.157596887223967, 17.871119865400434, 58.345199907254226, 65.91740097857088, 74.52341516794102, 82.36963134415889, 89.81444068422398, 82.12170690138167, 73.8899954688667, 65.5563582196411, 34.76143568760362, 30.043858980563435, 26.012083292095042, 23.646501127643578, 22.83083861875564, 18.89968751756655, 19.23199052033468, 22.514030211962783, 24.344204415216815, 29.394799345070723, 64.52846158133048, 72.99925931746463, 79.62350513637506, 88.01869992331285, 94.050854542912, 91.771705737726, 85.6379340715568, 79.28226681327233, 72.15824855669943, 66.48697534386416, 36.100003652053694, 36.75529564996888, 41.60686448582218, 40.5762150129753, 51.44796876743021, 59.32102996936062, 65.36098959331208, 67.23855301672688, 65.99297308164357, 57.41862254378562, 51.82541248346442, 52.601764680605974, 62.35603656606451, 63.11845113623425, 66.67589006320793, 71.76588450790959, 75.08197604978794, 80.46603528854752, 87.11580888234094, 88.45598405774042, 86.10661982017884, 82.44827701969544, 77.0868472255228, 71.19307027863123, 64.42756242254957, 67.3519630541715, 74.08630371532664, 78.97325300013692, 84.3632605600453, 79.76577154280517, 74.90343041603512, 68.2670285105943, 46.098163081173745, 45.71247356366528, 53.223586640610954, 64.38020348714313, 77.46395034454605, 88.29164899921587, 92.33945442878169, 104.00762099719658, 117.19968612002909, 125.03005139694099, 124.31749830376123, 115.52757668956993, 114.05518050971659, 109.86981163990454, 110.51157762361727], [11.802893014879956, 10.772370036141208, 12.022897445358417, 17.335583490943154, 10.157596887223967, 0.0, 8.437035130747057, 48.820132301245906, 56.44508620818066, 64.9888100141644, 72.89043884476295, 80.69725404645057, 72.60988069190302, 64.25157359924849, 55.970304685816416, 28.35569607716913, 25.576363264120953, 24.41772699580282, 26.20957317386586, 29.11745617131603, 25.855507784198764, 21.72647334282361, 19.80103111246106, 18.844548222708706, 22.27607415668766, 55.225301148271534, 63.732105891935895, 70.49686442556505, 79.03985421951339, 85.3110258341791, 82.67929095941132, 76.25777542481458, 69.83059532193079, 62.61807309209444, 56.95766012261281, 26.91310689381971, 26.7023483259166, 32.482410744045126, 33.181479882241135, 44.34013555255632, 51.55178847477355, 56.96328454276156, 58.42831162639799, 56.69906626678805, 47.516145302087686, 41.67435656627429, 42.89972243474328, 59.03893597818566, 58.525400454379245, 60.592267177528335, 65.00449344083331, 67.71718298516474, 72.77716931841952, 79.39776227579405, 81.3361497449369, 79.6335353539159, 76.49360362299527, 71.98519752681186, 66.82745981010746, 60.604697294733604, 61.87578952302095, 67.5320676853121, 71.63634076913283, 76.69622006299726, 72.48535447311092, 68.41226694551952, 62.84634690277536, 53.562512563674, 53.86055054268884, 60.32066667539605, 69.21379110831654, 81.04970466508848, 89.53766243633419, 91.80236266190697, 99.746593119647, 111.70198580208718, 118.75433593748333, 117.65614928289467, 108.39818100572738, 106.32034629945494, 102.16700280483704, 102.79897865941263], [7.57200065415145, 13.086983591567806, 18.75047827792502, 24.268918552947284, 17.871119865400434, 8.437035130747057, 0.0, 40.53568214232155, 48.181031892177266, 56.802049901281116, 64.60812649572613, 72.32790624956559, 64.3604029711189, 56.06623446291262, 47.74107032945067, 25.70476439708695, 24.936046580501408, 25.924153743005807, 29.72752919225762, 33.9513629364752, 31.364002892814987, 26.144368637201953, 21.51380114655081, 18.125457623588925, 19.282178401837797, 48.00915604452473, 56.14883818376054, 62.64289840301537, 70.88975671271243, 76.9916813981293, 74.35304742966649, 68.0984874596965, 61.88676911113949, 54.78812612168426, 49.293404706557496, 21.044138735212947, 21.133439644986257, 29.045780779161607, 31.266829868521068, 42.506693676189315, 49.2009004796806, 53.64895324932569, 53.690695248562555, 50.62155518744612, 41.79894641477267, 34.63567506821481, 35.41254737162301, 59.5641444546258, 58.25722044539336, 59.14130077226058, 62.77076172887527, 64.63324290944985, 68.86976098483971, 74.80925318503567, 77.86234632750077, 77.04462936703709, 74.6178053074586, 71.033185077961, 66.612033408553, 60.74909054692478, 60.88691429699775, 65.4259597230416, 68.37422683020816, 72.48933012502671, 69.28242343778075, 66.35018673553954, 61.89283775879168, 57.28924222212874, 57.97820118161565, 64.33742413441256, 72.14624393651712, 83.73880649384314, 91.11252269304408, 92.50139624812226, 98.21476293019278, 107.73894104827744, 113.38501660269354, 111.46789721693298, 101.36288442313565, 98.45867258909031, 93.9443790076334, 94.5544278471906], [40.748039853879675, 49.24839062449392, 58.29600807141518, 64.16518999864435, 58.345199907254226, 48.820132301245906, 40.53568214232155, 0.0, 8.46831093572768, 17.189655296989407, 24.187019626192328, 32.88445758763582, 24.27709087158402, 16.104305372338914, 7.899181848425126, 42.573154238978596, 48.59123872796463, 54.86198397570518, 62.63349651620092, 69.58682142144383, 68.44952237148317, 61.0972173545264, 52.30653916462959, 45.93154659997458, 40.56106477413573, 21.95198335893768, 24.080861567742794, 27.67122598660952, 33.448833092407845, 38.99504090377185, 35.054022991475854, 29.063164554632603, 24.7751140077972, 19.3559927467171, 17.29753631759254, 30.063405328719035, 29.572854160608898, 37.33989820387385, 44.92133412260541, 50.3145291356847, 51.19106979303817, 49.1487020928112, 42.27115150913665, 32.146986358841566, 28.285499879220694, 17.349807900461638, 15.055564173218684, 73.62002953311445, 68.75708640945969, 63.627076152433105, 62.52543112127866, 59.72215403244396, 59.04284383238686, 60.81810062803036, 69.06229899252851, 72.9061657142414, 74.32000404817236, 75.81905372321724, 75.61710190108366, 72.84355631747322, 67.29100839027143, 65.30156992013073, 61.91757414214507, 60.68368151270166, 62.94922467048982, 66.26041639484279, 68.2304810656361, 89.20345120243475, 91.19466033366476, 96.09984481853529, 99.02246171860244, 107.7026395887527, 108.95398640652417, 105.57726700629041, 98.45555231491517, 96.37141612745141, 94.51780814914461, 88.48389053169137, 74.17433537290151, 65.67843640572386, 59.37720960141499, 59.59346461010711], [47.65890576484169, 55.96556327886989, 65.42435993365586, 71.6416755436715, 65.91740097857088, 56.44508620818066, 48.181031892177266, 8.46831093572768, 0.0, 8.92801335062, 16.562009061164833, 27.258433980879058, 18.839651575649402, 11.762667015946722, 7.437943187211367, 47.08053434373015, 53.54929276774514, 60.198051603845954, 68.3247533418449, 75.74901511343117, 74.92147024828849, 67.19746083268619, 58.109157577423034, 51.748222660811464, 46.028708154015135, 19.178231787621353, 17.937773221595958, 19.918941344012566, 25.134620316065945, 31.148120596622853, 26.978503714202184, 20.62538265267508, 16.718791989816786, 12.591660621819427, 13.015627336078813, 35.63247335400962, 36.50972972894083, 44.346716414529375, 52.67960644450611, 57.35477069276485, 57.18324750119829, 54.24159857737164, 47.111721189964406, 36.652165039641474, 33.02934566013334, 22.85128547971825, 18.32796994992525, 81.12403050079297, 75.89921118820196, 70.06444841827846, 68.33060637498642, 64.94147164152199, 63.57098140285605, 64.63033606113028, 73.49374640808122, 78.00921606284055, 79.9543647497829, 82.14011720621252, 82.47441175635063, 80.15073281519861, 73.93338641267327, 71.07159983630483, 66.86709518104746, 64.86523299959745, 67.88251232287462, 72.01356108675058, 74.84422841628017, 94.91812855832558, 98.15519278824246, 103.79369207775858, 106.91027095849188, 115.65036983130645, 116.58090970671711, 112.8139608279536, 104.03330575603077, 99.9766430085949, 96.36769256008814, 89.2182743523252, 73.69888505025409, 62.90702520407008, 54.81840300108019, 53.0390062004691], [55.985032296679705, 64.1090612532477, 73.82978562501421, 80.30263524860814, 74.52341516794102, 64.9888100141644, 56.802049901281116, 17.189655296989407, 8.92801335062, 0.0, 9.10880270451199, 22.642664856164327, 14.564617202100987, 10.871799494484616, 13.144839357655647, 53.631723408723204, 60.45628343156725, 67.44389110508385, 75.92073024890067, 83.74925304744977, 83.07493223110006, 74.97324805706613, 65.59631903167022, 59.246717212999684, 53.28135165550042, 20.624475792435288, 15.268979888079102, 14.293493171899796, 17.9714247486943, 24.591151107027173, 19.48495511127213, 12.071136961604612, 9.516393058519654, 9.466820640274591, 13.99431366220484, 42.87417422790713, 43.942435654140276, 51.11545761090793, 59.946920043639516, 63.618615854002364, 62.28359264001842, 58.37908642514307, 51.06671538139438, 40.64571688251816, 37.644848867949115, 29.16377104590497, 24.67851168913948, 87.79188971763021, 82.09790686582411, 75.43262815735503, 72.97977349731542, 68.97909223407878, 66.91669506430502, 67.32307193512678, 76.63422774662814, 81.81333919552078, 84.32270919577435, 87.29000609173995, 88.27719117548178, 86.55396287618198, 79.51773822893642, 75.6537832012932, 70.59685079795901, 67.87415494531966, 71.58155933063374, 76.56759087247946, 80.38719723536038, 102.84324424800474, 106.77819391282179, 112.58592140603726, 115.42212114951175, 123.79064169602631, 123.92197946052762, 119.44106691152504, 108.40340241256482, 102.6443495192465, 97.5445793804603, 89.59016535067914, 73.3654432054252, 60.7225279366922, 51.60454881161021, 48.22107484673659], [64.21252243877636, 72.50685882832538, 81.96430857889729, 88.03388934310945, 82.36963134415889, 72.89043884476295, 64.60812649572613, 24.187019626192328, 16.562009061164833, 9.10880270451199, 0.0, 14.56405903769667, 8.780838613270891, 11.75930439581802, 18.12406828740308, 62.65911077134357, 69.39654130972457, 76.24387276490019, 84.48074493108157, 91.96150088909003, 91.2753285561823, 83.55998774201409, 74.37375221481912, 68.0293161327952, 62.15766008221067, 29.28601295993403, 22.458216935067863, 18.34753358905624, 15.960594554074136, 19.341257680517494, 13.164253374942119, 9.376674698820791, 13.663802228939275, 17.47145417886771, 22.824561226285905, 51.71398850481909, 51.99597992910812, 58.05939581259441, 65.9572789568337, 68.76090223095255, 67.12409166226917, 62.52544774228935, 53.96950629876559, 43.15622311908347, 43.44740739382842, 36.74062369274858, 33.593877192721784, 91.82790646915961, 86.05008691297446, 79.03194679697725, 75.95540922705695, 71.27682265799986, 68.04886315016073, 66.99051836465148, 77.17375938338456, 83.14441694449593, 86.36207091917846, 90.1014196478005, 91.71548996837022, 90.3984162383462, 83.09705022352033, 78.43010453936778, 72.33180987097063, 68.25050659582719, 73.27220509366822, 79.28474845138147, 83.90846484447601, 110.05273984425186, 113.09436769385064, 118.05663140286649, 119.78397918957072, 127.49724848518454, 126.62621366817281, 121.53935935823277, 108.85737457599306, 100.14967977634745, 93.11425475488747, 84.17899792624112, 67.26748629610067, 53.3562527329006, 44.39030028881109, 42.3954815191193], [72.89182099467394, 81.50511640663385, 90.10517192198594, 95.07083308058978, 89.81444068422398, 80.69725404645057, 72.32790624956559, 32.88445758763582, 27.258433980879058, 22.642664856164327, 14.56405903769667, 0.0, 11.202979388972693, 19.229761564339665, 25.990967076646346, 74.18118110083168, 80.41249918986094, 86.63858746461207, 94.01220802564795, 100.36665705254137, 99.55720766463111, 93.04171824050783, 84.58469356591324, 78.32219156673064, 72.8899454495726, 43.21721662109084, 36.67232300539374, 31.613611277489973, 24.94410490945516, 21.291368615969688, 17.243481475658246, 21.39529430997316, 27.90011952212703, 31.75149745341265, 36.620156009404795, 62.59427845376844, 61.618599882591134, 66.32380755698254, 71.86442499916406, 74.0046756989784, 73.0569000473581, 68.22408258991597, 57.595575486351215, 46.277031550411024, 51.97118796596188, 46.84312251712119, 45.42234813313223, 93.97058061041609, 88.66780507895207, 82.00061974629659, 78.51497013686559, 73.2049913116299, 68.34649160945851, 64.7947900698823, 76.26558654931281, 83.08573315235735, 87.11551013071198, 91.51507726862144, 93.65165897380237, 92.47745971746527, 85.70887590345968, 80.61336507530974, 73.40659299547448, 67.26927721636982, 74.27444998390064, 81.36458335410546, 86.43670595324262, 116.23128571011091, 116.80862307933657, 119.90699069211199, 119.67795031775204, 126.45271602283299, 124.47607611496227, 119.05344803778388, 105.77884895161895, 92.27190378163829, 82.36855256288159, 71.88989009006872, 53.8364777499633, 38.83904821154608, 31.763149040436115, 36.7492313881394], [64.99298687930366, 73.52021568094123, 82.41823912442888, 87.85983402462941, 82.12170690138167, 72.60988069190302, 64.3604029711189, 24.27709087158402, 18.839651575649402, 14.564617202100987, 8.780838613270891, 11.202979388972693, 0.0, 8.749847459662599, 16.718318553934097, 65.63298212213348, 72.13756182656444, 78.73927953697249, 86.66130303657064, 93.56391277162416, 92.53306576688335, 85.31045960335858, 76.38049181542314, 69.96949764620462, 64.33954365464665, 34.69980508333713, 29.507362182522044, 26.7229734015501, 24.38391914455332, 25.557031793607724, 19.67814107755898, 18.0140990921808, 21.573851433337467, 23.602766871609376, 27.91750657252673, 53.5367550810404, 51.760973479716576, 56.083676431715936, 62.52635148323152, 64.51528976326912, 63.03783195919055, 58.19401218484648, 48.407351952488604, 37.28136025382022, 41.11381289604123, 36.37688479329951, 36.00955495861539, 86.19395837131744, 80.4503151599121, 73.38682511019782, 70.01217435711725, 64.98617460223716, 61.047771650556896, 59.14309026782701, 69.77801324378412, 76.07829446620045, 79.64513800480191, 83.74830889709816, 85.71283347457066, 84.63636569730822, 77.33359892689806, 72.31486107615716, 65.66792085499314, 60.78808932538914, 66.58178765039403, 73.12286424650534, 78.09934345927331, 111.56615880898075, 112.46390156192274, 115.60838354505972, 115.71161137124463, 122.31188104183349, 120.24840695591483, 114.54498833447403, 100.95891979066263, 91.42411836113186, 84.51716068701803, 76.03605957460479, 59.938768456850816, 48.01300293456502, 42.69432106300069, 45.782682386928805], [56.70833289747176, 65.18219761601381, 74.16014000858466, 79.80785730696032, 73.8899954688667, 64.25157359924849, 56.06623446291262, 16.104305372338914, 11.762667015946722, 10.871799494484616, 11.75930439581802, 19.229761564339665, 8.749847459662599, 0.0, 8.399600112191829, 57.45386591865151, 63.94001899457414, 70.58384526468195, 78.63323608206231, 85.68720707289674, 84.5398005802859, 77.08789009253142, 68.05197968192701, 61.6058362262125, 55.9800343663542, 28.421976232404408, 25.342472161749175, 25.09931879430153, 26.56817234644013, 30.273117493679834, 24.655717958713957, 19.949731663274598, 19.815183337410858, 18.89722844889898, 21.693995543002607, 45.03724194897592, 43.02053067065448, 47.74652513377422, 54.73294121808877, 57.36796831389437, 56.225167551595014, 51.970674676829894, 42.993180982210255, 31.89452729398882, 33.45212378153509, 27.722250567066176, 27.767729786809976, 80.073063996468, 74.36229626757115, 67.57841260532474, 64.75696317505638, 60.32672160403668, 57.477664413270226, 57.05758992044559, 66.86806489854422, 72.4070156229526, 75.30634293968649, 78.69911615358183, 80.1043129231472, 78.66438330553994, 71.55869367340212, 67.25625230456272, 61.549112197754724, 57.975977521373665, 62.515362336701344, 68.12466909941982, 72.38132861092298, 104.71099280128614, 105.82959520366634, 109.27383125443617, 110.03321485235855, 117.00018149839401, 115.63011756075495, 110.36079789356918, 98.21905708711012, 91.7982187589133, 87.13548072537657, 79.90177384987828, 64.83734877053662, 54.71171242143727, 49.58644833636086, 51.696029223368065], [48.38906751654147, 56.909517721256655, 65.80319475609784, 71.43325023695505, 65.5563582196411, 55.970304685816416, 47.74107032945067, 7.899181848425126, 7.437943187211367, 13.144839357655647, 18.12406828740308, 25.990967076646346, 16.718318553934097, 8.399600112191829, 0.0, 50.053931301105315, 56.265627444096225, 62.67245519429065, 70.51212711078608, 77.39853047415943, 76.20016934351793, 68.90362669070802, 60.05117448068709, 53.63948923483807, 48.19053508076741, 25.0497972409575, 24.590888295344698, 26.43196542819041, 30.25553560622986, 34.89142373503501, 30.158619456885702, 24.732387481783842, 22.2061867013673, 18.586878562224747, 18.9579308848095, 37.40700063302945, 35.644028116883725, 41.47618186384678, 48.525333610692535, 52.440175994255455, 52.38017609422713, 49.206024247391426, 40.97565661490037, 30.02411238302476, 29.432229150476605, 21.429942082999897, 21.16267268336556, 75.37812397739765, 70.08847994551216, 64.12856416697021, 62.157149567508604, 58.50963628047046, 56.710168706130666, 57.38466971358164, 66.47692234820062, 71.17065279832559, 73.33411659247187, 75.7824787714512, 76.39321774310557, 74.27323117023406, 67.949651128193, 64.79921251836097, 60.216978073196074, 57.77875870674411, 61.224953724153956, 65.71627092368003, 68.83317609401364, 96.65332568499402, 97.8404353552965, 101.71628058937053, 103.3068394146943, 110.99616055320355, 110.80704119857725, 106.43156096750812, 96.82703221471385, 92.64018984139896, 89.5666275926626, 83.06533028705675, 68.5138517373303, 59.59993385431414, 54.21206032862711, 55.83922946508657], [19.183817799854882, 20.207236133113156, 30.522247373279335, 39.96445553602713, 34.76143568760362, 28.35569607716913, 25.70476439708695, 42.573154238978596, 47.08053434373015, 53.631723408723204, 62.65911077134357, 74.18118110083168, 65.63298212213348, 57.45386591865151, 50.053931301105315, 0.0, 7.681906126852954, 15.973144280647093, 26.47651545906058, 37.14011635832073, 36.73648113301782, 25.41696194457945, 14.96039105630311, 10.489456943997675, 6.434049186629288, 36.90931782894851, 46.11062366893887, 53.735536586487896, 64.22956835901451, 72.5896816428766, 70.3592628954552, 62.62147208378547, 54.733477425992646, 47.68344285627104, 41.5125308118575, 14.113532255653118, 25.889449985364426, 38.33977431561611, 48.01010887873473, 57.3296604385097, 59.950254809218634, 62.62079629948937, 64.50655220382136, 60.810608782313594, 45.696714752993536, 35.69135808946785, 30.100100163137416, 80.05791627082942, 76.92122878815341, 75.12820773282729, 77.46960315974626, 78.52200917623748, 82.77295560472768, 89.35104709707335, 92.84848000600044, 92.862764441705, 90.95085244944762, 88.52029470868091, 85.10676737662861, 80.60880094344193, 77.93286573309166, 80.48473910077823, 82.5405546122194, 86.81504227720592, 83.49882798470458, 81.488209486861, 78.9514386770492, 63.275605895208635, 73.87397438235327, 85.75592193136742, 96.59263124389413, 109.00813989167189, 116.41289713476556, 116.91848259046421, 118.43406520188726, 127.20870371293182, 130.80867667000166, 127.18727565452528, 114.50651441273077, 107.03728454444246, 98.14370218792493, 92.2555907445193], [17.979169424119956, 15.804674911052647, 24.950734907155866, 34.43835928393397, 30.043858980563435, 25.576363264120953, 24.936046580501408, 48.59123872796463, 53.54929276774514, 60.45628343156725, 69.39654130972457, 80.41249918986094, 72.13756182656444, 63.94001899457414, 56.265627444096225, 7.681906126852954, 0.0, 8.349373692925596, 18.97686864193619, 29.88607630655423, 29.61152103696389, 18.066729809171918, 8.1975805372436, 6.937621157100033, 8.821678194589733, 44.31189495862443, 53.33572058914163, 60.71431403847295, 70.90694223388407, 78.92426196579956, 76.97117247175589, 69.56868564451881, 61.86479514823943, 54.87476634328774, 48.75037539576971, 19.97774957153017, 30.35980247773139, 41.89616869791067, 50.01360104032923, 59.90115168729062, 63.46719474732825, 66.93922914412471, 69.19497995436723, 65.95451274563587, 51.46353618834992, 41.98563475852074, 37.04437406774729, 80.73882994047291, 78.3603719400125, 77.6330717976512, 80.61279977502721, 82.21628099401573, 86.86421761589969, 93.62565381095155, 96.66986605537112, 96.14730591779515, 93.78406064458323, 90.65098708905333, 86.62595455957253, 81.63336138955883, 80.05298291088948, 83.54229620531899, 86.31501198147693, 90.98235304617724, 87.24946033918042, 84.52231928175097, 81.0623120106807, 56.65005609341229, 68.06567074169635, 80.93665551782645, 93.07822876198307, 106.23390785789401, 115.00064123100027, 116.55612226166333, 120.49174877604683, 130.31637579489512, 134.6044469225023, 131.306232589296, 118.960258543835, 112.08861068065043, 103.2969840425941, 97.66656668719618], [19.31662215450284, 13.808072075091767, 19.966101831258403, 28.965720823279142, 26.012083292095042, 24.41772699580282, 25.924153743005807, 54.86198397570518, 60.198051603845954, 67.44389110508385, 76.24387276490019, 86.63858746461207, 78.73927953697249, 70.58384526468195, 62.67245519429065, 15.973144280647093, 8.349373692925596, 0.0, 10.685245876276548, 21.81000943225844, 21.80758249629429, 10.381562863352949, 5.329214769791229, 10.282387180380631, 15.497558814813836, 52.06959486187893, 60.85475510721321, 67.9181207554147, 77.70520919909414, 85.28064459615855, 83.64197088451141, 76.6634164577755, 69.21282183275103, 62.31548263389022, 56.272595754649714, 27.005672069791853, 36.184534644748815, 46.796097207987145, 53.139355370429676, 63.505519965004474, 68.06658730944886, 72.23445129022514, 74.57730604559316, 71.61344233448528, 58.03817466615753, 48.89553152253074, 44.38417516494226, 82.05906347669388, 80.5480222018574, 80.95663186813591, 84.53671078054252, 86.61847644842172, 91.52358578730974, 98.29687568763033, 101.00780630086133, 100.01564687287424, 97.2620043848174, 93.46125860658475, 88.84128239905196, 83.31980399637698, 82.95347814346336, 87.35495371151305, 90.73463585099444, 95.63006246306497, 91.64429327472793, 88.30519478354128, 83.94739394928487, 49.053936355838204, 61.354263884538305, 75.4189300948677, 89.04567241448672, 103.08954276080715, 113.421782525026, 116.1956537257247, 122.8334351523547, 133.403348905492, 138.2397251478885, 135.19025647848903, 123.1471385637808, 116.87507822404402, 108.18391994582635, 102.909798409511], [24.361723641880413, 17.104958470303515, 17.099787736608693, 23.739016233827762, 23.646501127643578, 26.20957317386586, 29.72752919225762, 62.63349651620092, 68.3247533418449, 75.92073024890067, 84.48074493108157, 94.01220802564795, 86.66130303657064, 78.63323608206231, 70.51212711078608, 26.47651545906058, 18.97686864193619, 10.685245876276548, 0.0, 11.431469995478318, 12.305778698073278, 5.5747194192725065, 13.385447282741278, 19.200635907765054, 25.130107078964247, 61.65608635338563, 70.09551642090918, 76.72178395672547, 85.91945715195581, 92.86818935427313, 91.62302213252693, 85.23221439789717, 78.1574334320304, 71.41178430975027, 65.51171754294867, 36.29457469323244, 44.346994573350806, 53.979440032368046, 58.192450012552115, 68.95828239110752, 74.65943977511975, 79.48965345363595, 81.6478168773762, 78.83342894811526, 66.5837885947573, 57.686448714713656, 53.53585216461504, 84.48260130671311, 84.0739474872535, 85.83046831396891, 90.03571470522687, 92.57505407017173, 97.6160535239876, 104.21091259839928, 106.66362173723508, 105.21172047126606, 102.08736067881676, 97.57851305623102, 92.31773822624933, 86.17663897172855, 87.30716331455415, 92.6963001302134, 96.63759461442662, 101.60993527925386, 97.51666043994847, 93.60452127563774, 88.27478462978884, 39.03770733954735, 52.47677795231569, 68.24747544754857, 83.8381373826778, 99.0813772965417, 111.46567068970367, 115.84781912045948, 125.91186828751835, 136.97760588275622, 142.29199086306988, 139.46104286180062, 127.7677363459895, 122.22665601531969, 113.69483377441186, 108.98338114581239], [30.397056899533514, 23.228138632544816, 17.663097396988046, 19.27991503479559, 22.83083861875564, 29.11745617131603, 33.9513629364752, 69.58682142144383, 75.74901511343117, 83.74925304744977, 91.96150088909003, 100.36665705254137, 93.56391277162416, 85.68720707289674, 77.39853047415943, 37.14011635832073, 29.88607630655423, 21.81000943225844, 11.431469995478318, 0.0, 4.295762751104977, 13.178558354871862, 23.3489746550186, 28.704760121948794, 34.80260833334896, 71.07661166361684, 79.18995414884908, 85.38925308838573, 93.889839217261, 100.08428091796256, 99.09541853822219, 93.33240751534332, 86.72960091800458, 80.09759074819978, 74.37185893983417, 45.240239469896466, 51.828332889983145, 60.28384131015005, 62.13133074664203, 73.11009269526731, 80.00449043446436, 85.42877511200517, 87.17663800879495, 84.52596845991577, 74.02200477503196, 65.56639094768134, 62.15259957305089, 85.11531747974234, 85.90097001041615, 89.06409859602122, 93.84980606776729, 96.79452323277292, 101.85136467750127, 108.11884289581265, 110.32501727464953, 108.43784234048225, 104.99911619996637, 99.83064823082918, 93.9850198436109, 87.23860040855084, 89.96652824546375, 96.3054564756294, 100.72360918307632, 105.64436223447042, 101.56310956459623, 97.15858252959542, 90.8954421274942, 29.071505209126585, 41.83340630976126, 58.86355409928725, 76.17954249004075, 92.50833434368218, 106.88367338289763, 112.9155695989173, 126.56544136655481, 137.95895408402745, 143.8381306125464, 141.38332707539163, 130.34732870753749, 125.9744688891558, 118.13122650852331, 114.69426663456167], [28.522029041234305, 21.068754764557067, 14.063958110727611, 15.285185193068418, 18.89968751756655, 25.855507784198764, 31.364002892814987, 68.44952237148317, 74.92147024828849, 83.07493223110006, 91.2753285561823, 99.55720766463111, 92.53306576688335, 84.5398005802859, 76.20016934351793, 36.73648113301782, 29.61152103696389, 21.80758249629429, 12.305778698073278, 4.295762751104977, 0.0, 12.128244764509578, 22.366886871937005, 27.581587324253636, 33.82908937799483, 70.70933298963445, 78.99448696135255, 85.35232477576137, 93.91950227443628, 100.13882831853068, 98.88908177990947, 92.99874461192903, 86.37892334862603, 79.5979841174837, 73.82437305745583, 43.97778671020688, 49.57280064609961, 57.32483885150242, 58.622811472781706, 69.53643807696515, 76.61628622618339, 82.24644771891825, 84.19182014131972, 81.92683165682959, 71.65745927516443, 63.787181838460164, 61.1651656992065, 81.04123934667626, 81.92732594977333, 85.29201414597061, 90.21453801365037, 93.32377362051746, 98.53926692815581, 104.9639834319325, 106.87498634183206, 104.7934527211238, 101.22607613655659, 95.9108763668558, 89.97266988182714, 83.20033574585288, 86.09816032641585, 92.62860904008771, 97.26784325131776, 102.39042969498699, 98.09138732670218, 93.46884994578949, 87.01741089607329, 31.45964635545481, 41.31264739357975, 56.82106485698714, 73.40035012954615, 89.2455246841257, 103.22796598541287, 109.07392900112428, 122.71868629594304, 134.77835238894485, 141.21076311038732, 139.18776784814713, 128.66834914510557, 124.9380823321032, 117.82205151453222, 115.16871338167486], [21.51084130923868, 13.309319086290406, 12.720261369435654, 20.375903869896668, 19.23199052033468, 21.72647334282361, 26.144368637201953, 61.0972173545264, 67.19746083268619, 74.97324805706613, 83.55998774201409, 93.04171824050783, 85.31045960335858, 77.08789009253142, 68.90362669070802, 25.41696194457945, 18.066729809171918, 10.381562863352949, 5.5747194192725065, 13.178558354871862, 12.128244764509578, 0.0, 10.773755480555238, 16.796228307755314, 23.174364962735122, 60.949928197714364, 69.6923345129311, 76.60053920658795, 85.96569597807371, 93.02194338000038, 91.38646115037183, 84.74686218292038, 77.59147781430579, 70.6114335462155, 64.61366624167334, 34.11594628106131, 40.816711025895586, 49.57498220507272, 53.38132229196972, 64.04622977316326, 69.85129521989583, 74.94455747789536, 77.52182279520065, 75.28448330782217, 63.0586920870904, 54.99300081669778, 51.97498404581559, 79.36001493813592, 78.93715183677519, 80.8061599303451, 85.15531517219337, 87.90835909951807, 93.21588273149378, 100.11505308386577, 102.14456185082251, 100.441371667339, 97.14703053593648, 92.48501902521208, 87.14846379446982, 81.05201398592712, 82.21899468498755, 87.78691562452403, 92.0267891303007, 97.33871699764728, 92.88789956978596, 88.68459159182142, 83.178168806917, 42.03671811773157, 52.768534736478955, 66.76734587649673, 81.3120769095468, 95.79269389875736, 107.47794689879765, 111.45961856046853, 121.16695402601553, 133.19884791347414, 139.25023971796844, 136.98961221766888, 125.95220098453554, 121.1899836851301, 113.5887501081388, 109.82943966263377], [15.421460433495302, 9.59356164211947, 17.089467542456816, 26.59907262377021, 22.514030211962783, 19.80103111246106, 21.51380114655081, 52.30653916462959, 58.109157577423034, 65.59631903167022, 74.37375221481912, 84.58469356591324, 76.38049181542314, 68.05197968192701, 60.05117448068709, 14.96039105630311, 8.1975805372436, 5.329214769791229, 13.385447282741278, 23.3489746550186, 22.366886871937005, 10.773755480555238, 0.0, 6.523909533324708, 12.72293432830568, 50.79250340169481, 59.80871925139371, 67.06906350129115, 76.89183848459446, 84.45506410839558, 82.4537074118653, 75.32455532136474, 67.88048306239483, 60.76745162724738, 54.66049691947587, 23.973367926573374, 31.797798787794765, 41.838709619736804, 47.899171994667114, 58.25866385784602, 62.96342957680002, 67.31232169798811, 69.82678372315014, 67.25132568233509, 53.84281172490932, 45.366300919496474, 42.03070844660008, 76.8253915913097, 75.24509458756471, 75.67357240640945, 79.32386204267854, 81.51580230611067, 86.56285009242238, 93.5092859112859, 95.96889399175355, 94.84022565816343, 92.01021005604116, 88.15662190110785, 83.5325585917027, 78.05287239204968, 77.6476769589991, 82.12673695218595, 85.65688228273075, 90.73821808482086, 86.55736079644679, 83.07232377891408, 78.63989688856554, 51.29620984767901, 61.233833546561364, 73.69338111331643, 86.21147219997957, 99.55665222687416, 109.15012656903606, 111.49961148144166, 117.68090356668529, 128.79749260635376, 134.16245288327835, 131.56600311576523, 120.08818383182269, 114.55898004011709, 106.79630571340907, 102.60079590754764], [11.517600519055609, 9.823282092946377, 20.058138000514106, 29.506996504495316, 24.344204415216815, 18.844548222708706, 18.125457623588925, 45.93154659997458, 51.748222660811464, 59.246717212999684, 68.0293161327952, 78.32219156673064, 69.96949764620462, 61.6058362262125, 53.63948923483807, 10.489456943997675, 6.937621157100033, 10.282387180380631, 19.200635907765054, 28.704760121948794, 27.581587324253636, 16.796228307755314, 6.523909533324708, 0.0, 6.464079561753092, 44.740063412676, 53.79747025191624, 61.12083506036123, 70.96135536878043, 78.5763975506719, 76.3646321216488, 69.13332548212401, 61.69776162393558, 54.5128543480726, 48.400765766699244, 17.484209071363797, 25.936333299757603, 36.97424159898291, 43.98616373393403, 54.2486599168537, 58.56905665580914, 62.418986402696326, 64.39319071007857, 61.36219203720074, 47.87676340065057, 38.948942250608106, 35.56882391741119, 74.28418430990953, 72.1633583096266, 71.86511263258782, 75.08130090603085, 76.84912226778475, 81.54092676286905, 88.2568715880755, 91.15979430048634, 90.46157913556092, 87.99471017395425, 84.660454102646, 80.47288904134176, 75.26472244710948, 74.11469880908867, 77.95492792369856, 80.9163533155298, 85.61450969723637, 81.84268441331105, 78.92338397098511, 75.12474545146524, 55.739061768856004, 64.4090396817939, 75.73518501037505, 86.92758909810533, 99.67229766235809, 108.1215303214724, 109.64568340360702, 114.08548369825182, 124.193523024405, 129.02562574637557, 126.19795427565755, 114.52113336927765, 108.76456271290262, 101.15711768921895, 97.23270596253639], [12.988009544568174, 15.083068779740447, 25.81101868154231, 35.02251151359498, 29.394799345070723, 22.27607415668766, 19.282178401837797, 40.56106477413573, 46.028708154015135, 53.28135165550042, 62.15766008221067, 72.8899454495726, 64.33954365464665, 55.9800343663542, 48.19053508076741, 6.434049186629288, 8.821678194589733, 15.497558814813836, 25.130107078964247, 34.80260833334896, 33.82908937799483, 23.174364962735122, 12.72293432830568, 6.464079561753092, 0.0, 38.36052205020048, 47.52151837774363, 55.00041467534584, 65.0551880188242, 72.93340646311229, 70.53998168135706, 63.06574984275279, 55.49309691895612, 48.265933703922116, 42.112442262669695, 11.54060940531608, 21.929360673824785, 34.2374384384083, 42.79711601351195, 52.6162653478519, 56.10226363010479, 59.213272842075014, 60.766069304942654, 57.200300253775474, 43.13181833648067, 33.485513886991264, 29.417539916455148, 74.45101291749002, 71.644601716814, 70.36997728178224, 72.99975069511353, 74.24331516091029, 78.54442549193155, 85.05611398931859, 88.44521466675407, 88.26601596015091, 86.2256086474628, 83.53754974575479, 79.90281272087451, 75.12305542377868, 72.98004305975124, 75.96153191221063, 78.23868164930313, 82.5355818972755, 79.1918577524026, 76.9549997735114, 74.00211814193884, 61.06646715354153, 69.53447422808209, 80.27919427483793, 90.4743323002433, 102.67517930313736, 110.01758573424709, 110.6659614121533, 113.00647412550177, 122.02834653919362, 126.13315379257669, 122.92092676479247, 110.82245578043768, 104.41186395469504, 96.56282204932103, 92.2884392133276], [45.11245548260034, 51.826485032168044, 62.480721187679464, 70.50191616248887, 64.52846158133048, 55.225301148271534, 48.00915604452473, 21.95198335893768, 19.178231787621353, 20.624475792435288, 29.28601295993403, 43.21721662109084, 34.69980508333713, 28.421976232404408, 25.0497972409575, 36.90931782894851, 44.31189495862443, 52.06959486187893, 61.65608635338563, 71.07661166361684, 70.70933298963445, 60.949928197714364, 50.79250340169481, 44.740063412676, 38.36052205020048, 0.0, 9.823965919360724, 18.4188693636682, 29.883883628101973, 39.61347061743216, 36.1713767959034, 27.130772871266053, 18.594875272061767, 12.006911763079218, 6.80337130988527, 29.13154757238223, 34.399302118294635, 44.61386517931135, 56.421551871819425, 61.707269316287004, 60.30155650799155, 57.982126813975334, 54.99601005086441, 47.19510898122282, 35.424361336762715, 24.06497954119384, 13.84618759538874, 88.26146256856032, 82.64282869442397, 76.59550030202517, 75.420623070