{
	"dissimilarities": [[0.0, 8.3623030776679, 17.738585698175743, 24.607880225517615, 19.51461735795573, 11.78095150047287, 6.510820875280396, 40.59723238030324, 47.64192217098036, 55.924108974793455, 64.24545341793753, 72.72684285650581, 64.67866138758194, 56.247888020399344, 48.03574587822482, 20.683932470181055, 19.87167587738913, 21.15260766963059, 25.82294719086435, 30.738992586794932, 28.79254638055837, 22.683085797322597, 16.60282028876721, 14.551386360533696, 15.189885530871328, 45.376123807369986, 54.28870077942941, 60.53188127812601, 69.84112938072884, 75.5895611642627, 73.5261696980257, 67.24358166066703, 60.24315792960248, 53.33255803337663, 47.7117215963984, 19.468367054782533, 23.779191544753665, 33.2866831527969, 37.428374270342346, 47.57195237616116, 53.736489331859964, 57.67821669008903, 58.25883620179256, 54.285762210967356, 43.41040864445082, 35.47484442835844, 34.338831405883546, 64.66797603309472, 62.296897645913035, 61.09047900413464, 66.56465703530378, 67.51270032934788, 71.99654630652115, 80.27019705077085, 81.54093047933857, 80.69784869423249, 77.79438085849766, 74.51694469295083, 71.26770604465489, 64.7166325721069, 65.2567670142165, 68.8638418645534, 72.63001393945659, 77.85855077401831, 73.48229198053967, 69.67787198792311, 66.20389647494984, 53.59316694367537, 56.381210529873925, 63.19029549080163, 72.00768107040989, 85.27660246833973, 99.23352535756732, 102.83269132942075, 106.50134730082121, 114.12081137087442, 117.36792767515514, 114.26020242844608, 104.0266320648999, 100.37961627915104, 96.41088980027625, 93.43748403507497], [8.3623030776679, 0.0, 9.719324333413871, 17.672906331733923, 13.321328166954114, 9.457338877900167, 11.277973982406994, 48.929331332956295, 55.88887257168465, 64.14484937636198, 72.55459664490499, 81.07468957818563, 73.02763368543391, 64.57658307609245, 56.369494719262434, 22.823819153025507, 19.216401618825387, 17.437930910939205, 19.72222210165642, 23.581146844322053, 21.187225233002955, 15.712322419316566, 12.670714917831667, 14.111067015003295, 17.89989031395472, 52.583423280601224, 61.65957691140592, 68.13919013997187, 77.57942157840768, 83.53191700870156, 81.58116177801412, 75.19916720989504, 68.10648588563937, 61.10202053085425, 55.32864901740626, 25.863978588272104, 29.62436947957762, 37.72641348416564, 40.796046246260595, 51.095844779505356, 57.715568936533046, 62.467614240468706, 64.16824999830708, 61.18341000643858, 50.009359297133514, 42.93667357753917, 41.90322918048219, 66.21951509016202, 64.70992922506866, 64.46852768822276, 70.67890237291209, 72.37149647247027, 77.42249738383873, 86.21097808859918, 86.74167873222046, 85.17331594762466, 81.59976228364614, 77.47851615646113, 73.55138945543912, 66.63801275158801, 68.2089701275709, 72.91859287483722, 77.61377687892734, 83.53732511469896, 78.43017445305905, 73.71058745426296, 69.13582523345069, 47.98160267191862, 51.48785811597715, 59.469328449296526, 69.83211609740914, 83.8162665733564, 99.19535680098652, 103.8047317235236, 109.77744647951376, 119.39544389395537, 123.68342211134576, 121.15185343695491, 111.42722759470156, 108.26968585470446, 104.2800895301248, 101.07260495441493], [17.738585698175743, 9.719324333413871, 0.0, 9.002907830968947, 7.5910975632556585, 12.615894664968831, 18.71897840020855, 58.232599460976026, 65.3702736860836, 73.6524789467377, 81.91607794318483, 90.0718738640738, 82.24351752251648, 73.86614132721994, 65.62309096756275, 30.683368063767073, 25.442660157342434, 20.750529148333403, 18.317038955045163, 18.019931822812065, 14.475814504487754, 13.695477308374361, 17.129381917116945, 21.3349599070672, 26.428804657213483, 62.24788989912221, 71.30518847474649, 77.76964292202466, 87.02879477715348, 92.83478428563677, 90.98689076895577, 84.77424052261134, 77.75960742527766, 70.7931683937718, 65.03596857995632, 35.3469858867503, 38.025819819293375, 44.36683694889546, 45.3340918412163, 55.40714884117501, 62.72996177313304, 68.3089185740155, 70.65472777196626, 68.65343812740288, 58.23216098811746, 52.070161629288044, 51.6026068636908, 67.10612108138375, 66.98596874035168, 68.21101004962053, 75.11339451641376, 77.5826540755875, 82.96471558245446, 91.90410974679048, 91.69183729316865, 89.35890850352347, 85.05091087261394, 80.06468730492429, 75.30699861951351, 68.0119570220974, 71.06767871309546, 77.1057377519339, 82.64955858253688, 89.02171388243474, 83.39214224919621, 77.81718149805761, 71.92662834203095, 42.01559711933136, 44.42861117228074, 53.01464700646785, 64.89645554963842, 79.66214746346122, 96.62915764520747, 102.5310934009169, 111.83777206525801, 123.32572813406728, 128.7808760422963, 126.98408380539864, 118.02098320509715, 115.8296011638788, 112.2443684965566, 109.60101691067966], [24.607880225517615, 17.672906331733923, 9.002907830968947, 0.0, 7.308451724201916, 16.901149239016473, 23.83078289132235, 63.94797375973494, 71.46424891428833, 79.78155264600896, 87.61307511554664, 94.9725069882752, 87.59835352472258, 79.43517611549534, 71.17518006717691, 39.57504420094286, 34.3364393215637, 29.13086757987352, 24.686874170478248, 20.419679231611376, 16.376635265504937, 20.71896982192882, 25.95777979879414, 30.26915146679568, 35.18607075734517, 69.89122933036138, 78.74816614933597, 84.89841592945845, 93.65270735852233, 98.89649516740673, 97.09203874876178, 91.343227471986, 84.60256344705412, 77.8298794751055, 72.286143908225, 43.17623387305161, 44.62621562284215, 49.54112883185341, 47.98723211818179, 57.54225090360876, 65.67406621646366, 71.77359502100222, 73.8546651837124, 72.48271174233533, 63.87606247159887, 58.42175224973847, 58.882299431114554, 65.35388409916612, 66.76830842508663, 69.52997527452519, 76.7725405066676, 79.72548843792832, 84.96141877569139, 93.4591996614122, 92.81879407735286, 90.00438099534892, 85.19541912208315, 79.71182922113539, 74.2683093929774, 66.69570060209269, 71.24351058571342, 78.35778559753626, 84.26355578093747, 90.53416516930352, 84.9098885580658, 78.94030081937791, 71.99891471253275, 39.18797449981636, 36.97844462415569, 44.3575627155638, 56.864581743551284, 72.26743182966317, 90.34179410410891, 97.34061278893255, 109.98202954901656, 122.23642475297059, 128.52735341299334, 127.39518781098876, 119.2845046678325, 118.3888144948556, 115.70245261104459, 114.56021673132531], [19.51461735795573, 13.321328166954114, 7.5910975632556585, 7.308451724201916, 0.0, 10.01128500130753, 17.82467043257979, 58.335847050943286, 65.99272295639223, 74.33492745677044, 82.17862191223915, 89.77412227787633, 82.01282595351994, 73.76586556661239, 65.4895683627292, 35.714514136129715, 31.431720278532676, 27.775211249613566, 25.89928794109556, 24.53231321152314, 20.631810465334592, 21.214544144668984, 23.59501946453266, 26.670115567345807, 30.770691006408374, 64.68929520346128, 73.72066143969032, 79.92391061109133, 89.05652664157952, 94.36613037112753, 92.2748917230104, 86.2992035077926, 79.40421327953774, 72.533906037782, 66.96157746458478, 37.38606088790229, 37.74279229376866, 42.251025879350934, 40.9120886282037, 50.6260078131886, 58.57938444065212, 64.5831086348445, 66.84254563963623, 65.61515757473853, 56.77932080369037, 51.81530990214846, 53.160109221261926, 60.233837839903096, 60.79962680259555, 62.90766205119776, 70.03949586962534, 72.86982113434485, 78.23437975334932, 87.06170467377615, 86.41965551993037, 83.71675432083892, 79.08981696972965, 73.82422867758814, 68.73984305557843, 61.31146125986038, 65.08900275791315, 71.77251053285342, 77.61563115331064, 84.07639916076067, 78.29591442605788, 72.40519268363113, 65.89335984546445, 45.749123587116856, 43.320460191416394, 48.32681695042952, 58.730615106414604, 72.62628793820029, 89.23001834911192, 95.04070722973168, 105.01877471768627, 117.36324833410774, 123.73460187663326, 122.71126266455587, 114.8078080222623, 114.03904283803291, 111.90705187900392, 111.04005029832169], [11.78095150047287, 9.457338877900167, 12.615894664968831, 16.901149239016473, 10.01128500130753, 0.0, 8.630768295156173, 48.861829697173164, 56.56690243155704, 64.90250826319371, 72.77797947194634, 80.67053360110414, 72.5598720712256, 64.23428938163674, 55.96533455269436, 29.846069537328194, 27.467548005144707, 26.487900798351554, 28.215315499495397, 30.178274653244276, 26.925053548855555, 23.61905152223929, 21.443127638902727, 21.97250402153127, 24.253681242306907, 55.66504098170198, 64.7389394497269, 70.90095718402277, 80.29574478932979, 85.64820260960886, 83.30706853914019, 77.14875405962552, 70.16031112503367, 63.254771048115906, 57.71833359619629, 28.349383338514965, 28.035101196470933, 33.32500248019653, 33.46553121641826, 43.56875664676837, 50.99645655093979, 56.362626264963225, 58.169516449395154, 56.31938164028139, 46.98635528271987, 41.81882635747065, 43.69899645991571, 56.93908011307019, 55.930739843939605, 56.54095943441319, 63.09192446836382, 65.26404912697514, 70.44096695136524, 79.33080800242567, 79.25093616500098, 77.190108334615, 73.22108950619169, 68.75680943794687, 64.52050188236258, 57.47351804406777, 59.65508393255218, 65.08574746850353, 70.24404484325024, 76.46334358933727, 70.99873330114974, 65.80539219154285, 60.539800747460816, 52.85903039775138, 51.327869692433076, 55.1817067264859, 63.4658923868317, 75.98654697162353, 90.55025705792158, 94.7512260630253, 100.81167471904512, 111.74325500004846, 117.30653715098518, 115.82677354609618, 107.52814009078125, 106.23922273811411, 104.2451454877669, 103.32417593059097], [6.510820875280396, 11.277973982406994, 18.71897840020855, 23.83078289132235, 17.82467043257979, 8.630768295156173, 0.0, 40.52571737355469, 48.202704724771586, 56.54553540036781, 64.39738302103852, 72.28154384640622, 64.2919494019457, 55.98541106298007, 47.70754447770279, 26.47450766953299, 25.95536865098398, 26.950963835564174, 30.671070799185443, 34.18400204058216, 31.630601312321115, 26.949156448401666, 22.093008521431276, 20.444069887960396, 20.7416773622169, 48.0591374054174, 56.84966662919425, 62.761101488694486, 71.87539511622538, 77.07615985071048, 74.76715871449825, 68.76112316352591, 61.92211654255523, 55.15757480974599, 49.78830456011156, 22.192205326084583, 23.108809326452864, 30.638088097442857, 32.57970459636904, 42.617571152191125, 49.43980957337189, 53.7627006625638, 54.14174511134404, 50.82152736746911, 41.57019369820969, 34.95336032255653, 36.1169969132486, 58.47307276643694, 56.48918662898992, 55.893117537547056, 61.541412526110385, 62.749478071200855, 67.20366206256045, 75.4022738928675, 76.3544559374979, 75.24471929357026, 72.11313753234097, 68.68160063091678, 65.23603164854329, 58.5900486174479, 59.56810479700454, 63.63337065550473, 67.60425885770718, 72.89511623204575, 68.410994345832, 64.38655755046362, 60.48029016929411, 56.007977705856504, 55.48480100248389, 59.74124403478758, 67.19071339188393, 79.60639516678611, 93.01536062795569, 96.38374209670114, 100.3032237626045, 108.51254631924273, 112.52681622699609, 110.08689107253474, 100.78696156194297, 98.49212081535512, 95.9548950215633, 94.76690413049396], [40.59723238030324, 48.929331332956295, 58.232599460976026, 63.94797375973494, 58.335847050943286, 48.861829697173164, 40.52571737355469, 0.0, 8.545132638289589, 16.520130424985087, 23.933068808620614, 33.02525685793384, 24.142433442168375, 15.657377525701612, 7.538609970420608, 42.797318321139095, 48.90265230484892, 55.17843239558913, 62.91391515780568, 69.5299865331444, 68.4309903671558, 61.30664044580665, 52.41925865613357, 46.597990512604746, 40.9877372800192, 21.714362391332077, 25.312212470450426, 27.82084972561144, 35.35768163941669, 39.261567678885434, 35.92089895976801, 30.38051495243833, 24.71402164395625, 20.013967572883594, 18.190932067749056, 29.243160992458666, 30.563204314316618, 38.07616403543619, 45.51057555217138, 50.222773094729696, 51.269881449377216, 49.106595816067326, 42.766531912804126, 32.30058852996906, 27.4969972397634, 17.5394841423734, 16.06282032119665, 72.70971215022259, 66.44598626901, 60.25360634926054, 60.36637115617625, 56.672468752389626, 56.919504133261924, 60.887999003299356, 66.69885668971023, 70.36993921685715, 71.80573434998477, 73.56760114553558, 74.43913327971485, 70.9886563379038, 66.02446163485126, 62.69439953648725, 60.30632179170849, 60.517443238377815, 61.258292171369916, 63.521876164182245, 66.90037541310825, 88.3456861373723, 89.68600235930825, 92.61956052608886, 95.46014725560013, 104.515649518423, 111.2304544509525, 109.74916780327278, 100.64471005749992, 96.98977005936221, 93.72615987034892, 87.02551709598855, 73.72108452107064, 66.06912727483449, 62.151155979619084, 60.192830932900186], [47.64192217098036, 55.88887257168465, 65.3702736860836, 71.46424891428833, 65.99272295639223, 56.56690243155704, 48.202704724771586, 8.545132638289589, 0.0, 8.342943240425047, 16.962284236557615, 27.67377665823011, 18.576981702993464, 10.509822226932954, 6.543048537903643, 47.067685524892234, 53.64783892106838, 60.345510030990084, 68.46574546689014, 75.6069117391626, 74.82773637540645, 67.28492516844437, 58.094554870257596, 52.062647802063296, 46.173776105959476, 18.460099077731382, 18.898810289600508, 19.934429169253182, 27.196389082904844, 31.44463851247972, 27.900946352459123, 21.884875982818933, 16.35193803346154, 12.769465792694932, 13.307406155843408, 34.64775500425767, 37.02726170118274, 44.55895503988579, 52.96902990248816, 57.14659180182161, 57.184747744192855, 54.122735957351466, 47.55707696022376, 36.64822776434982, 31.947287541839447, 22.712487065718143, 18.61005105441933, 80.2564684876732, 73.50597068996909, 66.59199089105945, 65.9809815712655, 61.68001623981326, 61.38294494316785, 64.61163839987391, 71.09939184497858, 75.46436895240561, 77.57747396769881, 79.97030888491844, 81.39270115193025, 78.3661411411184, 72.6968622169801, 68.3875526421128, 65.17886322640253, 64.65074367454304, 66.13974493314497, 69.23454174326145, 73.56665588453303, 94.14542418530115, 96.8900593505814, 100.64571513759999, 103.65297510989457, 112.7429524882559, 119.01301679343952, 117.09928479014248, 106.24834706779431, 100.6725277373521, 95.7657370424985, 87.96226026224879, 73.4968716056468, 63.597159964609396, 58.01293147001729, 53.915767287941655], [55.924108974793455, 64.14484937636198, 73.6524789467377, 79.78155264600896, 74.33492745677044, 64.90250826319371, 56.54553540036781, 16.520130424985087, 8.342943240425047, 0.0, 9.553201275210371, 21.574904047767955, 12.66902953390835, 7.632830786605059, 11.294035532103882, 54.318638576043064, 61.09724819841565, 67.96815466190449, 76.22286468001761, 83.53160646040483, 82.87786071189026, 75.22308184494958, 65.9371640826678, 59.83460837632328, 53.84448975805478, 21.737317021852096, 18.23101372138779, 16.03767597881395, 21.13707182120821, 24.593309237678383, 20.4537904499989, 14.698194723182059, 11.063437906341228, 11.70484968309999, 15.842758365820169, 42.36620527120533, 44.5712631736576, 51.34370230731442, 59.80283203119756, 63.1225164812482, 62.293083678400144, 58.33764808509019, 51.121074881150825, 39.96273137249586, 36.98133534781206, 29.399129916297962, 25.541340485975635, 86.20122875637541, 79.07272513509497, 71.60936528500146, 70.12641274063131, 65.17490967327636, 64.06711844761358, 66.17590661701952, 73.39272321831109, 78.5228096675028, 81.39498333855161, 84.56446190558098, 86.6059185683246, 84.12171081314631, 77.79215470956699, 72.46740926872913, 68.25371883230095, 66.70461087768271, 69.19190978499103, 73.29056732388771, 78.62459042909248, 101.6376736182236, 104.65911506835174, 108.33662455894026, 110.87074227453027, 119.50890774190758, 124.837830915836, 122.24097944577197, 109.38231574356787, 101.56558916134483, 95.03996305171363, 86.29076260981951, 71.0465339717031, 59.46757814068189, 53.17068830086853, 48.27072355978582], [64.24545341793753, 72.55459664490499, 81.91607794318483, 87.61307511554664, 82.17862191223915, 72.77797947194634, 64.39738302103852, 23.933068808620614, 16.962284236557615, 9.553201275210371, 0.0, 12.604108738247103, 5.34221394571174, 9.374310469216871, 17.1201868966664, 63.737521418092506, 70.41729720370228, 77.13050968217055, 85.15741837703878, 92.11633092750655, 91.38471294135842, 84.10454453593448, 74.99824558267355, 68.98648149876094, 63.08293876325951, 30.92631546545828, 25.877578050795425, 21.264177263425992, 21.169624927595883, 20.79684994913999, 16.088008367381995, 14.504552740613892, 16.04566305538668, 19.990623852083882, 25.03935434448652, 51.463617043535265, 52.74739156578407, 58.332956585903375, 65.64039124280268, 67.86245091452136, 66.60236508341761, 61.91849987211875, 53.31798030783083, 42.01334531455216, 42.79539473284551, 37.06456495760053, 34.87102956703236, 89.65077170733595, 82.5341999025681, 74.99953603355509, 72.54768936584388, 66.93847388285447, 64.55574600777211, 64.74323372660099, 72.88347613657939, 78.89145705684331, 82.58238537272427, 86.68043122756698, 89.3032191874868, 87.42248577804898, 80.75257389873605, 74.56122540023436, 69.09054941238314, 65.9434875426757, 69.94874810412878, 75.28032362223098, 81.4946375517793, 109.2466060553155, 111.10196437489158, 113.72974706692328, 115.07294873583452, 122.84417449044253, 126.7348468012207, 123.32795316543383, 108.82161124148587, 97.86790066958426, 89.47230993778714, 79.75895813668254, 63.88840395792134, 51.29058828224721, 45.694034003359384, 43.010171024255115], [72.72684285650581, 81.07468957818563, 90.0718738640738, 94.9725069882752, 89.77412227787633, 80.67053360110414, 72.28154384640622, 33.02525685793384, 27.67377665823011, 21.574904047767955, 12.604108738247103, 0.0, 11.077047400734187, 18.946252132419755, 26.137684679517594, 74.41080750526282, 80.71481899581315, 86.93327109127236, 94.34505947083308, 100.51332652350436, 99.67744704377667, 93.25072710693019, 84.65067626606097, 78.93601070331975, 73.34460142289471, 43.0947554033495, 37.75168911112434, 32.258716407993575, 27.790504503797088, 22.53236705329338, 19.22220747012507, 23.309870570078314, 27.564432311576127, 32.220406397107936, 37.23219011231594, 61.93904753975206, 62.603526555068576, 67.34614476205827, 72.73213745751522, 74.07527352683621, 73.08495154698133, 68.15747539887334, 57.89074767765402, 46.75419091076627, 51.84070599292766, 47.206284735687284, 46.20110671111697, 93.18702980207519, 86.73006568450725, 79.85741373771762, 76.66050661241606, 70.62531705471069, 66.71374449300235, 64.18805838784021, 73.33392921358983, 80.15881432701141, 84.52121165991205, 89.46275709731236, 92.38356180189203, 90.95884783107603, 84.61339323974806, 78.09344958050923, 71.4168939135938, 66.21665181915043, 72.12991977817974, 78.62789573410268, 85.21808250934698, 115.66371514356399, 115.64191007116303, 116.9693615701239, 116.89112402106228, 123.89147633160489, 126.31390715623373, 122.3709490914476, 107.65529813537027, 92.2806740559006, 81.24956041164573, 70.044277045413, 52.87386146135829, 38.86364302460933, 34.52828242926226, 37.474518340824474], [64.67866138758194, 73.02763368543391, 82.24351752251648, 87.59835352472258, 82.01282595351994, 72.5598720712256, 64.2919494019457, 24.142433442168375, 18.576981702993464, 12.66902953390835, 5.34221394571174, 11.077047400734187, 0.0, 8.7114967745473, 16.75843677741647, 65.5745220985453, 72.13390303145277, 78.72437812062505, 86.60755703608571, 93.2666247853762, 92.30838330731282, 85.26536002298226, 76.27536932783889, 70.32056814693335, 64.47988964532475, 34.208900714984466, 30.194239553007854, 26.216247018052332, 26.435884386085178, 25.21979703458212, 20.607777910657813, 19.77215886554372, 20.865038632810773, 23.899915985901416, 28.32086491899873, 52.466347272516565, 52.57064840638395, 57.14978081211375, 63.53026015908912, 65.12397637852598, 63.78627367657389, 58.909377524113765, 49.63058289503756, 38.34496612918127, 41.2721669908269, 36.74034682524788, 36.44470434885005, 86.14476693880056, 79.05540533687845, 71.58835668667136, 68.78964878235979, 62.99542644820655, 60.157120471266126, 59.77446446441438, 68.12027887937208, 74.33545189214973, 78.24243570310473, 82.64085496535898, 85.46606096332538, 83.85043223953102, 77.07403157438846, 70.63135217306305, 64.76009348507827, 61.128506022456456, 65.58329091876885, 71.29857297015867, 77.77302042872624, 110.45639802905222, 110.96922971018513, 112.41590241839617, 112.877132509963, 119.86761151159124, 122.96755993810791, 119.11320488534558, 103.91159022891637, 92.59116885518964, 84.36534489349312, 74.98177971884067, 59.745682877888505, 48.526956136358216, 45.29134959671921, 45.67642050171635], [56.247888020399344, 64.57658307609245, 73.86614132721994, 79.43517611549534, 73.76586556661239, 64.23428938163674, 55.98541106298007, 15.657377525701612, 10.509822226932954, 7.632830786605059, 9.374310469216871, 18.946252132419755, 8.7114967745473, 0.0, 8.277879054763785, 57.097563174461776, 63.63785720770171, 70.26137198314206, 78.2342074680016, 85.0197912026625, 84.01737439477029, 76.79350941301766, 67.72716097122125, 61.7390072341546, 55.87820508927653, 27.363292984737505, 25.407446505846664, 23.58523731817846, 27.500353373479516, 28.963060132265802, 24.573860006339256, 20.77652744606054, 18.425802640157578, 18.656825480665084, 21.659024724615392, 43.7739449784874, 44.050532827932734, 49.312168231435905, 56.32043248635349, 58.78095051986265, 57.93957266534067, 53.73049948199593, 45.393294350208414, 34.0002545392629, 34.26857574871436, 28.424629332507223, 27.992069333602796, 80.81289848390303, 73.75128967074231, 66.4165685594483, 64.4846824922752, 59.27365689500965, 57.55242236315165, 58.95530140818749, 66.44584671361679, 71.83486407702313, 74.96439918820937, 78.52748025155589, 80.81131915698509, 78.64609809553183, 72.21043521158958, 66.5838985677081, 61.83428526656727, 59.65647087622545, 62.72980980081299, 67.3352405662885, 72.98561213521313, 103.0599498940416, 103.99705014974147, 105.92704845327442, 107.17411778858157, 114.75754420634709, 119.01957171131342, 115.84757542073838, 102.23179801649759, 93.94450333689517, 87.70877468350604, 79.42912744935121, 65.02065170286737, 55.2469065198304, 51.75165110000303, 50.79136025666114], [48.03574587822482, 56.369494719262434, 65.62309096756275, 71.17518006717691, 65.4895683627292, 55.96533455269436, 47.70754447770279, 7.538609970420608, 6.543048537903643, 11.294035532103882, 17.1201868966664, 26.137684679517594, 16.75843677741647, 8.277879054763785, 0.0, 49.87233150246053, 56.17891825402269, 62.60607408212859, 70.42700519541297, 77.05484193997448, 75.94872304148183, 68.83276643503795, 59.885619549774134, 53.99373514038055, 48.2676368781611, 24.187314427958636, 25.16699713143952, 25.7246473063747, 31.8340840268944, 34.614086030100864, 30.7592242121382, 25.925116567233292, 21.483512240099316, 18.7562725771114, 19.27870906585169, 36.20932946659854, 36.57895998682687, 42.62127658298024, 49.65243813104833, 53.0881382401071, 53.17620407400672, 49.93170672421648, 42.36417791165249, 31.181429122434302, 29.356689491949346, 21.785202482482116, 21.58682358085805, 75.33766204354234, 68.64516319299396, 61.857551972575806, 60.90106980137001, 56.40532083135978, 55.638512730282244, 58.37403908504636, 65.0341856948818, 69.56753972817447, 71.8533440925371, 74.54892474344605, 76.15342201893085, 73.37166401758407, 67.62667299820772, 63.1034548285298, 59.491630319327875, 58.51061358418588, 60.4195517696214, 63.89070277271716, 68.45038523211433, 95.4944128922489, 96.30967960635509, 98.45410023086879, 100.29629155999947, 108.45744738111023, 113.81676273808691, 111.41772287795757, 99.99175192562564, 94.15835747171046, 89.61850693072196, 82.29126488515747, 68.61738667660417, 60.32571196065647, 56.987736799077254, 55.95126001250083], [20.683932470181055, 22.823819153025507, 30.683368063767073, 39.57504420094286, 35.714514136129715, 29.846069537328194, 26.47450766953299, 42.797318321139095, 47.067685524892234, 54.318638576043064, 63.737521418092506, 74.41080750526282, 65.5745220985453, 57.097563174461776, 49.87233150246053, 0.0, 7.568153480546294, 15.760537697122677, 25.69043035864528, 35.54364036619792, 35.56304270545075, 25.11601879825965, 15.157502826737591, 9.394203921431876, 5.857741662950322, 36.881383047089884, 46.09783247957551, 53.52699564990004, 64.25451137931995, 72.03055145327042, 70.21398384656402, 62.541857838579695, 54.87030866957041, 47.601686124341185, 41.368082372048484, 16.1159362950348, 26.823233908630666, 38.64677045520928, 48.69557074509766, 58.304654715546825, 61.765881749448035, 64.3098523119394, 66.31308094803843, 61.436099478207574, 45.71243971440203, 36.33926784285347, 29.948759419432182, 80.17298779503666, 75.71680790471544, 71.96975790964012, 76.66149237641396, 76.84996698352312, 81.74393676944736, 90.88973011167141, 92.65139760042075, 92.4752291428343, 90.37939286780666, 87.71632955978293, 85.54327113145814, 79.71970976963229, 78.01614319079471, 79.717683647623, 82.9921432795722, 88.5759011878637, 83.99486327289927, 80.75845761602793, 79.09121775272406, 60.68448490289471, 71.35750540173606, 81.89832257207253, 92.16568057371319, 105.53938265138845, 119.25991265857901, 122.08343947483064, 121.59988990310893, 128.78550579432135, 130.60649082962195, 126.22897713865271, 114.28341509971882, 107.29838559912025, 100.30807226502341, 92.10297725094169], [19.87167587738913, 19.216401618825387, 25.442660157342434, 34.3364393215637, 31.431720278532676, 27.467548005144707, 25.95536865098398, 48.90265230484892, 53.64783892106838, 61.09724819841565, 70.41729720370228, 80.71481899581315, 72.13390303145277, 63.63785720770171, 56.17891825402269, 7.568153480546294, 0.0, 8.270061110534673, 18.28543918101149, 28.355656031188893, 28.54800231107267, 17.908878915115963, 8.58086033394234, 5.636904524177165, 8.743947217256803, 44.205097765153326, 53.279357095216724, 60.58654496596071, 70.93862883310362, 78.5134473427574, 76.87707637061574, 69.47027657953772, 61.94236520876216, 54.7500448361255, 48.57700286601045, 22.018362732602007, 31.356040944962565, 42.28600545868034, 50.848203375985015, 60.84251749518767, 65.11332961167648, 68.43944226539206, 70.86358306153518, 66.59374841792985, 51.426818569222156, 42.57706552221048, 36.98859389101128, 80.86644475960621, 77.30375123762938, 74.57411041347095, 79.90892553888938, 80.68355575285396, 85.87057004952774, 95.18346218894912, 96.47780047033442, 95.76308092527199, 93.10255699384146, 89.78682511290639, 86.97187745002118, 80.7395969824886, 80.08188196726012, 82.82293244476962, 86.76583471037227, 92.70259863002146, 87.72837034974054, 83.81887719292247, 81.1308672537253, 54.1887732165573, 65.77158826238659, 77.42429540707836, 88.85407469376999, 103.0053478665532, 117.92577861336835, 121.69937611503698, 123.66994737942788, 132.01434962201708, 134.53582913291362, 130.5399486864983, 118.90075628965725, 112.47400405386166, 105.53931825709478, 97.65090242230991], [21.15260766963059, 17.437930910939205, 20.750529148333403, 29.13086757987352, 27.775211249613566, 26.487900798351554, 26.950963835564174, 55.17843239558913, 60.345510030990084, 67.96815466190449, 77.13050968217055, 86.93327109127236, 78.72437812062505, 70.26137198314206, 62.60607408212859, 15.760537697122677, 8.270061110534673, 0.0, 10.033724974366702, 20.27732655624575, 20.79405730374335, 10.306514391695625, 5.298519527028941, 9.663398333600915, 15.609071295840408, 51.851508542399166, 60.732953984238726, 67.84450529675546, 77.69337152847223, 84.96132663965501, 83.53678665042027, 76.49421974799307, 69.1740862941292, 62.10292191086005, 56.033289872377416, 29.00196287757035, 37.26922565850515, 47.3413468666836, 54.15838399615164, 64.3926180514349, 69.51779817988792, 73.53348475085156, 76.07638742708659, 72.25580515318931, 57.96541366728978, 49.431879724311806, 44.39449281261703, 82.13546765623444, 79.63834123430546, 78.05148416398481, 83.94406345841607, 85.23325671507054, 90.55317397108969, 99.81304936278683, 100.74301923066508, 99.5615126488932, 96.37917304887775, 92.47646587898468, 89.00203622065077, 82.36547510119338, 82.87711460221594, 86.65093742313731, 91.12757132320277, 97.22699362992923, 92.03948914490037, 87.58170192398083, 83.88286720811752, 46.60631553219774, 59.17015800453709, 72.2057177666418, 84.94583554933011, 100.05151100501642, 116.27487682069471, 121.13747159016596, 125.96232302837828, 135.13288077244758, 138.21149395930308, 134.52549803271347, 123.13768221151959, 117.2639179890507, 110.36242939880506, 102.92594636109035], [25.82294719086435, 19.72222210165642, 18.317038955045163, 24.686874170478248, 25.89928794109556, 28.215315499495397, 30.671070799185443, 62.91391515780568, 68.46574546689014, 76.22286468001761, 85.15741837703878, 94.34505947083308, 86.60755703608571, 78.2342074680016, 70.42700519541297, 25.69043035864528, 18.28543918101149, 10.033724974366702, 0.0, 10.571499972980229, 11.998815980312143, 5.309537303412699, 12.363403046694263, 18.58831254211982, 24.91988987467455, 61.06096298411241, 69.70812070794416, 76.56803286521641, 85.81436127478017, 92.68143199587914, 91.49273882970951, 84.8974371272831, 77.8403735346669, 70.93251147197705, 65.00524308388034, 37.91371658844829, 45.221451497243, 54.38453133533934, 59.244699529519025, 69.55065963747074, 75.55859977421314, 80.23299415998979, 82.74945691090406, 79.35560034893514, 66.17564190875126, 57.93082934967145, 53.3950872841741, 84.43679860293986, 83.22799687354527, 82.95826795688302, 89.37493619582162, 91.17726783389114, 96.53988634252725, 105.59996882462723, 106.17617366503504, 104.52244558496886, 100.80222203994009, 96.30690470802998, 92.11461176433001, 85.07808321078618, 86.9384798146057, 91.81106965690044, 96.77901843082833, 102.93820990352616, 97.62676143418336, 92.65600490241177, 87.8815083067142, 37.39860210606795, 51.24768857903095, 66.15542110064234, 80.51739748896512, 96.78578394365888, 114.52804579073782, 120.71565158347738, 128.99796110261235, 138.9028845870962, 142.53561568723168, 139.17946096209985, 128.09046862898586, 122.86620769516203, 116.03798186296522, 109.22022543249025], [30.738992586794932, 23.581146844322053, 18.019931822812065, 20.419679231611376, 24.53231321152314, 30.178274653244276, 34.18400204058216, 69.5299865331444, 75.6069117391626, 83.53160646040483, 92.11633092750655, 100.51332652350436, 93.2666247853762, 85.0197912026625, 77.05484193997448, 35.54364036619792, 28.355656031188893, 20.27732655624575, 10.571499972980229, 0.0, 4.19767643012286, 11.557732481973012, 21.257424091464465, 27.58995029565682, 33.9215743249698, 69.87934785097865, 78.36918865395268, 84.91408478817601, 93.56365760486614, 99.84229222965315, 98.7778574212884, 92.6987097509382, 85.91839716204932, 79.17060557705729, 73.41437669336933, 46.10184892088071, 52.21464503298619, 60.34777027198114, 62.97378121634445, 73.14931255095875, 80.07833899249752, 85.36045417541074, 87.63174712669344, 84.71294569871297, 73.06771339243835, 65.25600419874411, 61.61115820301895, 84.71216738797638, 84.92814180980484, 86.09599999327985, 92.94341129648895, 95.22717127012646, 100.50092456152078, 109.18224933735588, 109.4037992659764, 107.29370146667118, 103.06149037801734, 98.04515131120242, 93.14923353929643, 85.77288489626525, 89.06405887239825, 95.02666868180992, 100.3894747713415, 106.47476696627062, 101.15563778111499, 95.76000737357182, 89.92259538117665, 28.4393448821797, 41.646278331920826, 57.91715079665097, 73.6501201028621, 90.93722535639688, 110.03219293920318, 117.52324306716207, 129.4439683333849, 139.95094655384, 144.24099494918372, 141.3757991305207, 130.87076770780456, 126.71430258892148, 120.46146436299775, 114.97558970251312], [28.79254638055837, 21.187225233002955, 14.475814504487754, 16.376635265504937, 20.631810465334592, 26.925053548855555, 31.630601312321115, 68.4309903671558, 74.82773637540645, 82.87786071189026, 91.38471294135842, 99.67744704377667, 92.30838330731282, 84.01737439477029, 75.94872304148183, 35.56304270545075, 28.54800231107267, 20.79405730374335, 11.998815980312143, 4.19767643012286, 0.0, 11.032940295454567, 20.729897360660644, 27.010873513558703, 33.311764796086706, 69.76042745128541, 78.43214522381558, 84.97868371889244, 93.77825647417639, 99.92489785588049, 98.67789095104452, 92.57952350109849, 85.73204412381271, 78.90975127810346, 73.13019829267704, 44.97931602355889, 50.19524238766428, 57.71363691524035, 59.66810620844676, 69.76742639186058, 76.89131088532945, 82.37796025892786, 84.77611470897885, 82.23036071049714, 70.96680769164158, 63.65262852489013, 60.84654086849695, 80.73026245503983, 81.12689280432313, 82.56503593208238, 89.5379179302861, 91.99903301741793, 97.35407884320809, 106.1200136333792, 106.10612417270657, 103.80617127336022, 99.42593999094882, 94.26419266687341, 89.25467026983608, 81.84444898758206, 85.34630762962018, 91.55461833447197, 97.10575576208693, 103.33485446156985, 97.85287180753078, 92.26780576235487, 86.19096664393042, 30.27755123470215, 40.37550945221552, 55.153011784449454, 70.40610132666812, 87.29310949056917, 106.22667396897253, 113.61940499729724, 125.60349573365424, 136.69648207363548, 141.4892670127932, 139.02240338172174, 129.03204883214758, 125.53872001024821, 120.01895955341368, 115.35547165793248], [22.683085797322597, 15.712322419316566, 13.695477308374361, 20.71896982192882, 21.214544144668984, 23.61905152223929, 26.949156448401666, 61.30664044580665, 67.28492516844437, 75.22308184494958, 84.10454453593448, 93.25072710693019, 85.26536002298226, 76.79350941301766, 68.83276643503795, 25.11601879825965, 17.908878915115963, 10.306514391695625, 5.309537303412699, 11.557732481973012, 11.032940295454567, 0.0, 10.250519212560404, 16.810597461182216, 23.308621329809707, 60.616602555845944, 69.5720072410149, 76.48294244659087, 86.0215783544975, 92.7710935721878, 91.31178550928026, 84.62312777664998, 77.42655563814654, 70.37777166922844, 64.38016267759944, 35.79162621701685, 41.87768399446934, 50.293636241641636, 54.5542935896471, 64.82863542156612, 71.0037176690929, 75.93900751600732, 78.75491905695553, 75.87041781583764, 62.93601443205698, 55.379102805368454, 52.014120103779895, 79.36588418391588, 78.21379149500218, 78.1352796228713, 84.71847740830334, 86.74519801910685, 92.28520185649685, 101.57177732496532, 101.82631532950012, 99.92880091801817, 96.03490985514529, 91.36197112304316, 87.08199933626906, 80.03198993301767, 82.00636270487908, 87.12012836779965, 92.35892070802946, 98.78700945396054, 93.1921327796058, 87.955209023375, 82.94428502863784, 39.644528808295306, 50.5463597706259, 63.64679601405661, 77.27149488397073, 92.87254279364153, 110.26712146398444, 116.20408822717249, 124.20317916005588, 134.95518459809895, 139.25263331488443, 136.41106713848882, 125.97800164295319, 121.56473955392497, 115.68039283729904, 109.85379952457366], [16.60282028876721, 12.670714917831667, 17.129381917116945, 25.95777979879414, 23.59501946453266, 21.443127638902727, 22.093008521431276, 52.41925865613357, 58.094554870257596, 65.9371640826678, 74.99824558267355, 84.65067626606097, 76.27536932783889, 67.72716097122125, 59.885619549774134, 15.157502826737591, 8.58086033394234, 5.298519527028941, 12.363403046694263, 21.257424091464465, 20.729897360660644, 10.250519212560404, 0.0, 6.585680043473263, 13.101784249798424, 50.732698446088676, 59.8810625301762, 66.95570607730113, 76.96467115009659, 83.99449355822799, 82.31764069792762, 75.28347635309444, 67.88434822745673, 60.70829935046965, 54.609442253976894, 25.92575152153831, 33.08211411882536, 42.72681080573495, 49.01495557305767, 59.2786306949468, 64.62012408570581, 68.81694028150366, 71.39513286865369, 67.90111002077916, 54.012796015240525, 45.97741274914262, 42.149413890196314, 76.85061333945156, 74.37042540044926, 72.91632543553952, 78.89034093022197, 80.29607974252224, 85.66970565080214, 95.00690075544635, 95.75598894994549, 94.4457488493038, 91.17523389486439, 87.21667496726772, 83.71198399020886, 77.07130919879353, 77.63545762202178, 81.54594992719078, 86.141833883711, 92.35084168620449, 87.04074793114088, 82.46233814108572, 78.63566841525912, 48.154308849290096, 58.08919711240576, 69.45486481110927, 81.34765928296741, 95.84940978574392, 111.61494400324553, 116.18469503419708, 120.69440303094723, 130.26701235479115, 133.80272223802731, 130.51588328262937, 119.67848565175424, 114.57487356836735, 108.60275749842822, 102.30542723931643], [14.551386360533696, 14.111067015003295, 21.3349599070672, 30.26915146679568, 26.670115567345807, 21.97250402153127, 20.444069887960396, 46.597990512604746, 52.062647802063296, 59.83460837632328, 68.98648149876094, 78.93601070331975, 70.32056814693335, 61.7390072341546, 53.99373514038055, 9.394203921431876, 5.636904524177165, 9.663398333600915, 18.58831254211982, 27.58995029565682, 27.010873513558703, 16.810597461182216, 6.585680043473263, 0.0, 6.516953868897189, 44.372526615931726, 53.65500234174799, 60.809419369688165, 71.11132089844496, 78.27501591299793, 76.43659594905908, 69.19914053303097, 61.678585897029286, 54.425208362308815, 48.271933162953, 19.56620809275272, 27.704033676715994, 38.306236530787324, 45.95884970352728, 56.07605419349478, 60.81396984605227, 64.43172001871882, 66.71059143509551, 62.74009869371314, 48.320323138428066, 39.87986002788067, 35.71385512298864, 75.4897564282322, 72.17588355770626, 69.81974781309033, 75.30810058995064, 76.24660569413167, 81.42759857772101, 90.69853343225742, 91.82148607689598, 90.94485900387993, 88.1292625915216, 84.70305443636526, 81.73943192167218, 75.41492172260791, 75.05010812932595, 78.10488668732417, 82.18660121152536, 88.1581022583063, 83.12454567493342, 79.06640606437351, 76.0820372842722, 53.71123168978158, 62.877587080082755, 73.15183481676158, 83.92121942221372, 97.69620282893924, 112.36911570432729, 116.06499443114915, 118.36531607434623, 127.01580103662086, 130.0029252440707, 126.4159359591135, 115.33294393993559, 109.81224629844891, 103.84757165726101, 97.36627175230845], [15.189885530871328, 17.89989031395472, 26.428804657213483, 35.18607075734517, 30.770691006408374, 24.253681242306907, 20.7416773622169, 40.9877372800192, 46.173776105959476, 53.84448975805478, 63.08293876325951, 73.34460142289471, 64.47988964532475, 55.87820508927653, 48.2676368781611, 5.857741662950322, 8.743947217256803, 15.609071295840408, 24.91988987467455, 33.9215743249698, 33.311764796086706, 23.308621329809707, 13.101784249798424, 6.516953868897189, 0.0, 38.12472278888864, 47.5531970718324, 54.78296678455739, 65.39550067664928, 72.68770753263186, 70.67158578481785, 63.22105748436067, 55.57443153546312, 48.24202541993302, 42.03481080111674, 13.462696966633839, 23.008760402432593, 34.63441379532295, 43.70171129383849, 53.51626878362542, 57.554318368380684, 60.494778970146704, 62.393598707031906, 57.881998301592496, 42.93576885070004, 33.99845305820575, 29.371940411458617, 74.66933195218527, 70.53223089806914, 67.2496789251689, 72.1753687827042, 72.5950696251526, 77.52879723212038, 86.67572200419956, 88.20875238372719, 87.80555759834047, 85.48707969186107, 82.64212361403541, 80.25488383327456, 74.29442232407042, 72.97604705158005, 75.10356479298862, 78.59976194328834, 84.27413614487473, 79.57524992992063, 76.10677933563898, 74.03356066452011, 59.35191841264048, 67.82866720431143, 77.10756211291464, 86.80126029507376, 99.84630667656819, 113.41799509315409, 116.2507055567257, 116.34342111387456, 123.98713433683362, 126.3816429593577, 122.47725975915588, 111.14585973411654, 105.1878022378669, 99.23957970457566, 92.5856266223235], [45.376123807369986, 52.583423280601224, 62.24788989912221, 69.89122933036138, 64.68929520346128, 55.66504098170198, 48.0591374054174, 21.714362391332077, 18.460099077731382, 21.737317021852096, 30.92631546545828, 43.0947554033495, 34.208900714984466, 27.363292984737505, 24.187314427958636, 36.881383047089884, 44.205097765153326, 51.851508542399166, 61.06096298411241, 69.87934785097865, 69.76042745128541, 60.616602555845944, 50.732698446088676, 44.372526615931726, 38.12472278888864, 0.0, 9.8977234585889, 17.474048892649325, 29.72976022222246, 38.163500438680195, 35.56305033100391, 26.81365135630897, 18.7526412283513, 11.610227014878262, 5.903775000141518, 28.58108754583431, 34.9580217896011, 44.88869306436305, 56.843390040747586, 62.584469198395524, 62.1857331357853, 59.91099877667474, 57.05039413704029, 47.859859178434895, 35.59231813039197, 24.893235353890926, 13.274418200820895, 88.25197691311858, 81.00767495773464, 73.58376252558699, 74.