{
	"dissimilarities": [[0.0, 8.335804746598372, 18.147450976776017, 26.813027264105745, 20.944411746453223, 13.475291859125019, 8.974799556794792, 41.00429369206219, 47.59480660036121, 55.796612029129065, 64.12334524698305, 73.02933966446378, 64.96350366426921, 55.598368302663204, 48.34651540584377, 18.055632093852985, 18.075910050438317, 19.67915958419261, 24.99599583354082, 30.312713555125757, 28.906347662400865, 21.364447040395635, 14.556741956773463, 11.851902549166777, 12.264975953275163, 44.359739894765944, 53.13510780907943, 59.78142288782207, 68.95690905237586, 74.87776272661982, 73.00848330339447, 66.6417584750093, 59.72799393523564, 52.499732292346685, 46.98196095134219, 17.76655042401023, 22.384358249304448, 32.67900615178836, 38.190109829995336, 48.75188815977701, 54.72148205718158, 59.13683159564276, 59.71155727664053, 55.45393581083321, 44.056755574322054, 35.634897611475836, 33.69606259710988, 66.6995268531469, 64.09230572489575, 64.31388453697777, 67.03105880884115, 68.85619886655086, 73.48021991339502, 80.97936281518744, 83.2045040506329, 82.41435893455399, 79.6132340916438, 76.33106013776396, 72.16662033232805, 66.69792431614768, 67.07655426837718, 70.50226847941964, 73.4017079802333, 78.59054907774316, 75.12388152521267, 71.36933152308349, 68.04148516964005, 54.22629829785375, 60.37025364161828, 67.06871480083647, 74.17350383548794, 88.88648869690029, 103.40149102866089, 107.50253463771087, 109.19974771698747, 116.48870591008496, 118.88731722491002, 117.2292072795746, 106.82931103159801, 103.05843959964174, 96.56903681464244, 92.99579986625226], [8.335804746598372, 0.0, 10.460174955894999, 20.596775601287447, 15.35661065810174, 11.657641250051958, 12.945869298573966, 49.329996707594, 55.90513112178207, 64.06725168029887, 72.41468544972079, 81.30746100980456, 73.2950457457436, 63.92658396151801, 56.67327332149535, 20.90221161571488, 17.74345302964361, 15.937034482838644, 18.75121580440026, 23.01845148114106, 21.291118350685107, 14.02778763827732, 10.42223908486449, 11.893051274449718, 15.98049751568724, 51.87919974611494, 60.79402488182781, 67.56669986158366, 76.82531088984572, 82.88165080982037, 81.12817726679907, 74.72446699160551, 67.73153736991974, 60.50721100950035, 54.835016739490165, 24.94093437911647, 28.860717569774874, 37.514759529107806, 41.700426996606474, 52.37638960149583, 58.85279730253948, 64.02355546071401, 65.61501433838893, 62.319483956545675, 50.79529245067342, 43.26601230799652, 41.56310701918522, 68.24438137222083, 66.53915063708803, 67.71406939823186, 71.2489933260888, 73.76144554060603, 78.89617761421638, 86.88359112334788, 88.35571775684893, 86.86748445262603, 83.400518389377, 79.30319941807807, 74.46944032097376, 68.61474938866716, 70.05277723716793, 74.58714686465649, 78.41287895257268, 84.2439327036537, 80.05758855805082, 75.42340561158277, 70.99335295193318, 48.44460426848081, 55.47659339667274, 63.24517087214183, 71.75231771246673, 87.25260891761766, 103.1650856750056, 108.27781054457957, 112.3807671005259, 121.54931171516988, 124.9729674375071, 123.80607577310693, 113.95013665239806, 110.67670422916936, 104.25216362617377, 100.5446669415944], [18.147450976776017, 10.460174955894999, 0.0, 11.205168028015867, 8.617748551231985, 13.431854814579328, 19.11582631896819, 58.44367865008767, 65.38571001114495, 73.68648685408546, 81.88649778933443, 90.04052590521015, 82.34279452281262, 73.0649229669625, 65.74095641570797, 30.480447283709783, 25.768151976420544, 20.940556547485098, 18.201679193101363, 17.233820734551177, 14.537254349160884, 12.873550062832981, 16.916140304334025, 21.068999838023664, 26.103997442876693, 62.24954367972785, 71.0681353176311, 77.69993522835762, 86.62383805554317, 92.36193773190048, 90.68733248136223, 84.58374649534028, 77.77737546502284, 70.60324692668212, 65.06713685237638, 35.18352494637527, 37.534686158599875, 44.19099564420066, 45.56393013865467, 56.14169344063389, 63.596646151473195, 69.71260391702197, 71.71961601264755, 69.39430781884252, 59.13363848151544, 52.5850963458841, 51.76861295171171, 68.12791631473044, 68.03075922100193, 70.70854415813257, 75.21706588773537, 78.45394835593679, 83.82973372237711, 91.91467552325504, 92.58894741307645, 90.26783207253264, 86.08378790727667, 81.05029708046682, 75.40688674746879, 69.04542834953766, 72.20880831615942, 78.18697348130111, 82.93612399779366, 89.11649361870724, 84.40136634477767, 78.92746972271975, 73.06902399561766, 41.77266143291359, 47.14127498272256, 55.108446693502586, 64.93702600663444, 81.32575396287184, 98.83088682562136, 105.27290131904624, 113.18921567824941, 124.15956993238525, 128.84799143845262, 128.32013097712706, 119.43265403312655, 117.34388458157412, 111.64590049117338, 108.94581605594844], [26.813027264105745, 20.596775601287447, 11.205168028015867, 0.0, 7.960098860118887, 17.87548662279606, 24.495716246128712, 64.32775299739201, 71.83817698478774, 80.32648711587353, 88.17612340238163, 94.9722115915257, 87.79251024052476, 78.75680767860163, 71.4241394621809, 41.323887455043746, 36.88938910767687, 31.78336988740379, 27.04152969804234, 21.64276494211114, 18.706147871543568, 22.66440421517517, 28.099982606027268, 32.01168823326861, 36.573696934659836, 70.9912014370833, 79.50231992515913, 85.75999980164977, 94.03044084232512, 99.03532045252958, 97.33310567288231, 91.79863086860003, 85.42127050190288, 78.3567804072507, 73.23645934831222, 44.03386565783188, 44.44293607520964, 49.26434975641663, 47.23431216988775, 57.406632899824345, 65.9696927073887, 72.8490236823493, 74.42213957358128, 72.82047929126175, 64.99196032297672, 59.38266716162688, 59.928099093279656, 64.75134069140218, 66.50626479879438, 70.74651129502726, 76.00088577482161, 79.70673629340777, 84.87801083880518, 92.51801359423507, 92.6168280255266, 89.62746968858434, 84.97044930561226, 79.26090926628795, 72.99631935281124, 66.20714220411986, 71.2203251597596, 78.44037418020056, 83.72254393643064, 89.73967266910725, 84.94303082538832, 79.03820028513616, 71.9575415412373, 39.46163552647167, 38.53813505514087, 44.210776109583435, 54.29332522343081, 71.28306137939889, 89.87887133902244, 97.42914989327197, 109.27434733270137, 121.21341986958492, 127.02252324008897, 127.1548524048582, 119.54149623721744, 119.16141230791978, 114.88648490333382, 114.30364421643617], [20.944411746453223, 15.35661065810174, 8.617748551231985, 7.960098860118887, 0.0, 10.308544806913577, 17.93155474301846, 58.33955500123149, 66.0032056909073, 74.51467929473945, 82.48312977477231, 89.68429636999826, 82.02507206292935, 72.7733021797222, 65.5034335443227, 35.9994384659648, 32.51361724124231, 28.863865001614045, 26.809549767241712, 24.570730212175725, 21.610746587200637, 21.333745568800293, 24.007794888515296, 26.896693848796772, 30.819216431219047, 64.91987139173389, 73.6234316461973, 80.08593880462763, 88.8151691100561, 94.02092846556208, 92.04818210073874, 86.17802575260356, 79.59242964671793, 72.37447296460867, 67.16588260644116, 37.28048635395131, 36.864433819623436, 41.43389185916536, 40.182233307047206, 50.53026357734835, 58.731152443088, 65.43076657064555, 67.35269741812684, 65.88011077676573, 57.373058058891026, 52.171210646484774, 53.41657830713992, 60.28035053666001, 60.93303387127057, 64.41745545026819, 69.39780656089808, 72.9935382262245, 78.38138843924216, 86.44611124528724, 86.5753814781732, 83.78852868216231, 79.28638082208957, 73.88172782147902, 67.94654804381581, 61.39758618079809, 65.38505139477559, 72.07071566426696, 77.24904175581342, 83.54843745051869, 78.57335380476292, 72.73479423820663, 66.18796138668438, 46.05486549547942, 46.11567279534936, 50.11855475901189, 58.1035627378392, 73.44597039743785, 90.52610626285629, 96.83928726290755, 105.3677614314044, 117.38308226280307, 123.1325569016739, 123.47714862232667, 115.89312028965965, 115.40731557802539, 111.31785428588535, 110.63016660993549], [13.475291859125019, 11.657641250051958, 13.431854814579328, 17.87548662279606, 10.308544806913577, 0.0, 8.634157287348954, 48.75938586304838, 56.523143702133446, 65.0262263369437, 73.04952959428904, 80.59121815993664, 72.5417159421277, 63.142205201168615, 55.9476491027595, 29.72373541766299, 28.298110751372576, 27.354764929397234, 29.08309303343413, 30.405756174545335, 27.882323644464943, 23.539664058285133, 21.44577592876868, 21.803688978223597, 23.907661711652253, 55.648584721153455, 64.37332290076723, 70.8966064294919, 79.90069524318261, 85.18683671452978, 82.96206274987964, 76.865647876007, 70.18331855587257, 62.88279216868302, 57.71364824927043, 27.867452672646007, 26.626172197106914, 31.95695914750323, 32.493000702089205, 43.200524196030294, 50.78726543437098, 56.85004153605413, 58.41957714211914, 56.38468900360626, 47.23578043536406, 41.881479543951876, 43.69544778402732, 56.91140815509163, 55.888447049807525, 57.976437659662786, 62.139590605616014, 65.1624169457979, 70.41637739401062, 78.53887725619518, 79.25338233595551, 77.14395895902577, 73.24762602244128, 68.69124466404503, 63.52191091024165, 57.4486162819885, 59.7303170320332, 65.1500674205409, 69.59281207141251, 75.70904154106213, 71.0762912295038, 65.9028497591579, 60.61751722546226, 53.592182304963636, 54.57124310115973, 57.583850356110176, 63.51040502578121, 77.31801115628251, 92.33571559138544, 97.04066385484145, 101.32911793569816, 111.97655150272787, 116.88371720822751, 116.9750381697292, 108.94004037866178, 107.93425815726015, 103.83113308932946, 103.00830753092919], [8.974799556794792, 12.945869298573966, 19.11582631896819, 24.495716246128712, 17.93155474301846, 8.634157287348954, 0.0, 40.46493662615212, 48.13899667590837, 56.65946823742049, 64.64386577254207, 72.20350463312889, 64.27249948639954, 54.940111708433975, 47.67438776141392, 26.36176513076084, 26.775719412833578, 27.73010345777116, 31.361120853667686, 34.33404861809683, 32.338992196534754, 26.868000516232055, 22.120223705978677, 20.273299817987454, 20.331062126553206, 48.068820686774465, 56.50078308532053, 62.78312580489182, 71.49711343507754, 76.63219248067143, 74.44578608589967, 68.503408677958, 61.98333346908093, 54.77837837084549, 49.81089288349421, 21.55149257287713, 21.26644189472927, 29.085523881912412, 31.49566567090047, 42.23122108796479, 49.24059845399557, 54.33337310821844, 54.46295257289809, 50.93008278886514, 41.908386565923735, 35.07100933083498, 36.14524694138619, 58.44705934968796, 56.45523975545219, 57.41039718669211, 60.54027352084222, 62.655452551572544, 67.19396382756482, 74.57110538806221, 76.38809211802284, 75.20393624337308, 72.16598471110957, 68.61695792755626, 64.23391884987628, 58.57314391306884, 59.66953705713214, 63.725225569738555, 66.93686686638401, 72.11880990486794, 68.5232260898973, 64.51586114683191, 60.58489233144647, 56.64745153334004, 58.355437426622245, 61.837742884780276, 67.14583168207498, 80.82075037732034, 94.69350686973898, 98.56286109869961, 100.7814439207187, 108.73055302223702, 112.08528448136964, 111.23924687357311, 102.13466139283459, 100.15704873914683, 95.51040799421394, 94.43548037455723], [41.00429369206219, 49.329996707594, 58.44367865008767, 64.32775299739201, 58.33955500123149, 48.75938586304838, 40.46493662615212, 0.0, 8.986906219007128, 17.280243379455076, 24.594911896197942, 32.83936192843307, 24.046673687221716, 14.62858312396997, 7.355900988253309, 43.20806818331513, 49.748274869235715, 55.94757304859958, 63.653234033967614, 69.95256226396604, 69.01780566434957, 61.56752619949956, 52.73340939051085, 46.87242308388237, 41.182024155382315, 22.601507319686046, 25.463779795388366, 28.672823215066245, 35.351900890339884, 38.99330709961117, 35.793302796028605, 30.440014576241268, 25.540742160946888, 19.86092886219791, 19.103203937447585, 29.101568929665373, 29.222575331791734, 36.5003779013091, 44.21814082638555, 49.14407394664698, 50.28574185398585, 48.85461901199067, 42.1796326802984, 31.479537911412372, 27.37745794029756, 17.471033254089495, 16.67376591255005, 71.81203029689274, 65.52717917669575, 60.87285472987175, 58.38061772206887, 55.61378395379265, 55.90264138296508, 58.772006910665304, 65.68363534085226, 69.30994450082989, 70.82660619014196, 72.55264845694533, 72.5729043199646, 70.07153505461133, 65.16216720170638, 61.80760133835063, 58.483423986265535, 58.47545053613669, 60.354029020289126, 62.65999933545002, 66.03363091675263, 89.1287561692368, 91.6551078713548, 93.84714927973596, 94.97829412417985, 104.88004995573642, 111.94814411575587, 110.92729384933139, 100.16021259525405, 96.26888036123007, 92.32795516406962, 87.7541177100637, 74.40599234505615, 67.59842830359855, 61.54964759430839, 60.178408969714326], [47.59480660036121, 55.90513112178207, 65.38571001114495, 71.83817698478774, 66.0032056909073, 56.523143702133446, 48.13899667590837, 8.986906219007128, 0.0, 8.601040110775322, 16.610495305832575, 27.19781844464769, 18.475101343575414, 10.303020674093885, 6.524394089399336, 47.21517068268171, 54.07517973196807, 60.68535829588608, 68.77205595397272, 75.6912627068496, 75.03845836595919, 67.29526171799961, 58.16891011254532, 52.13036117395303, 46.20377946651767, 19.029078772892106, 18.66290373919975, 20.334135200275888, 26.437263373499857, 30.383685225102994, 27.170200695194318, 21.496218359067345, 16.880256063059797, 12.278736991858283, 13.971289051433587, 34.58806942627007, 36.45527560753151, 44.01952524646949, 52.6773825750972, 57.10599472271052, 57.31218216962179, 54.921871599524806, 48.04271590876096, 36.918535939320485, 32.757781675916476, 23.27003122279444, 19.08677339823117, 80.22652604910571, 73.55874250739281, 68.29375584741773, 65.14945349987194, 61.785334547264846, 61.49196928768003, 63.49679059344018, 71.1367039794882, 75.49467359070533, 77.63864578455761, 79.99688612542198, 80.4998941756353, 78.34693652280171, 72.82926022490106, 68.58871469444351, 64.44033318593323, 63.628469721601775, 66.32378340225085, 69.4479677340769, 73.69186486133992, 94.34899235247435, 98.37170199720244, 101.67212960885796, 103.22530615142092, 113.37732923289038, 120.15559564778863, 118.82769877506372, 106.72858117449532, 100.67981445500851, 94.89916256049034, 89.06125126973241, 74.13921059182408, 64.82969560732964, 56.750766824080756, 52.94919124262955], [55.796612029129065, 64.06725168029887, 73.68648685408546, 80.32648711587353, 74.51467929473945, 65.0262263369437, 56.65946823742049, 17.280243379455076, 8.601040110775322, 0.0, 8.655607138975409, 21.701225425695622, 13.44431263735324, 9.635102762861122, 12.127574082230499, 54.036773469662585, 61.07466260251498, 67.93426118227954, 76.24759247985298, 83.48675428744674, 82.96497474075844, 75.0525938055391, 65.76586231247828, 59.641896479228556, 53.60104842901864, 21.308547041833027, 16.844925253023654, 15.28034931111292, 19.33437777027239, 22.838374213054262, 19.13213560120678, 13.37208599629325, 10.587545360486398, 10.143245751752398, 15.475412206874426, 42.15082279262427, 44.2355992890539, 51.17813031934546, 60.096480463844884, 63.69375665695529, 62.96311431865945, 59.60653921955588, 52.295930296661226, 41.002618146319335, 37.96610904468738, 29.95163716846313, 25.54576722307046, 86.95718056939619, 79.86554363864073, 73.95418995206589, 70.07634114537306, 66.06111805671426, 65.05507685759832, 66.07482760715031, 74.37790283559707, 79.48427367428518, 82.33177177036234, 85.43828361507857, 86.55783812425234, 84.88847646765926, 78.67160952820221, 73.43675137766017, 68.37320712965463, 66.65263849769939, 70.22976502628583, 74.28068962286463, 79.50597321528673, 101.77947098477513, 106.33612670198826, 109.83470679836014, 111.16693421475053, 120.96118408614107, 126.93076023094952, 124.97733409641316, 110.93846078452934, 102.7780084960068, 95.36814536204798, 88.59962858558993, 72.68079208211444, 61.515830927392, 52.34417366782945, 47.10714182728904], [64.12334524698305, 72.41468544972079, 81.88649778933443, 88.17612340238163, 82.48312977477231, 73.04952959428904, 64.64386577254207, 24.594911896197942, 16.610495305832575, 8.655607138975409, 0.0, 14.542459517935884, 8.737126140961113, 12.504124357806111, 18.102591371762692, 62.64224642255122, 69.64501104020046, 76.43643180271644, 84.60603591856636, 91.6719011779094, 91.16961113026699, 83.49066592103334, 74.31203051042412, 68.22786223476152, 62.22155680431249, 29.031360744970208, 22.73008682531455, 18.299667754812955, 17.020693272232624, 17.236710454895736, 12.753368898787878, 10.46189733698845, 13.434320622748182, 17.0511073285321, 23.262870865901956, 50.749306046784305, 52.30402397126802, 58.3926154798228, 66.57274195411898, 69.3237731614349, 68.11863970117206, 64.09083055284788, 55.784821262211906, 44.36690387257247, 44.042084265126114, 37.51772959946412, 34.13302291668822, 91.77483371053032, 84.60354686880684, 78.36566547344201, 73.84475824860688, 69.18300907822119, 67.15284226809544, 66.66659388752244, 75.73007031450999, 81.57185309906076, 85.18157815243723, 89.05685228001484, 90.78507952846454, 89.57266045076115, 82.99043817277334, 76.9371736273055, 70.87681202566473, 67.84903219012996, 72.61360586526395, 77.71300899247436, 83.75896397007908, 109.11957983303454, 113.0176904818363, 115.97585758211221, 116.59019914621855, 125.71571604910106, 130.52898682873635, 127.86747010174197, 112.32332203572695, 101.44280549209611, 92.25367383352682, 84.4798460835013, 67.71448906898651, 55.18471036447151, 45.83841586377057, 41.34771116042964], [73.02933966446378, 81.30746100980456, 90.04052590521015, 94.9722115915257, 89.68429636999826, 80.59121815993664, 72.20350463312889, 32.83936192843307, 27.19781844464769, 21.701225425695622, 14.542459517935884, 0.0, 10.630334199796074, 19.75578564484511, 25.738771453501453, 74.21608623564914, 80.84942217416798, 87.0502917692701, 94.42017737720715, 100.44082596156012, 99.79394040986789, 93.11095269168199, 84.5514359077295, 78.74882954280393, 73.04386867837165, 42.94612363076641, 37.11723338857634, 32.247597653128416, 27.066365342747833, 21.72269338851285, 18.540015163065483, 22.681640663543412, 27.774202158097523, 31.281836410836455, 37.13165307093259, 61.45494560504399, 61.507151936322856, 66.25390514350384, 71.87736816767989, 73.62423332639055, 72.74916874026395, 68.57897623631169, 58.23307922802979, 46.86354440529993, 52.02285641856174, 47.16859663238929, 46.07870073391752, 93.10110210050166, 86.60384642441795, 80.69792282807215, 75.69849676378098, 70.38312800190656, 66.61785711670387, 63.339054515678775, 73.44310934319142, 80.03250398690498, 84.57421685854604, 89.29790656090472, 91.65254542357307, 90.88866986102248, 84.64175676420834, 78.10476009357005, 70.83929479149239, 65.54279932137024, 72.24414979640314, 78.69557658096866, 85.2575611528238, 115.93358741574457, 116.96453827002954, 117.99405337710392, 116.8947234017503, 124.65710512307653, 127.4943876877648, 123.93401707496027, 107.8803153585087, 92.55288766786526, 80.91664219734913, 71.65168845331158, 53.87517104575948, 40.84525922010923, 33.97358710324192, 37.15159905991555], [64.96350366426921, 73.2950457457436, 82.34279452281262, 87.79251024052476, 82.02507206292935, 72.5417159421277, 64.27249948639954, 24.046673687221716, 18.475101343575414, 13.44431263735324, 8.737126140961113, 10.630334199796074, 0.0, 9.773741647135862, 16.707002124128586, 65.58557400977362, 72.48562439042148, 79.03010473957487, 86.89165856932864, 93.32617836643325, 92.56093578431393, 85.24535177936461, 76.2953847326876, 70.30486472980901, 64.40277598769838, 34.38084414539636, 29.688833747301462, 26.472584929381966, 25.544216117438623, 24.001618671959232, 19.60514519860631, 19.06682137443402, 21.31358058362126, 23.13908947173754, 28.533694937307192, 52.277078742272266, 51.89759600568445, 56.45579414210842, 63.07045391727612, 64.94558093552813, 63.736213315315005, 59.558984606554986, 50.0954770762833, 38.603672165285566, 41.77526980238875, 36.98212164315712, 36.58929386122052, 86.12313688892206, 79.06127317600436, 72.82243657170297, 67.98942147934075, 62.986440140427334, 60.21975870279802, 58.80543718224356, 68.21826319537593, 74.33476687717419, 78.32541202772833, 82.61875185826305, 84.72233913607042, 83.83919102333556, 77.18484398896926, 70.7793513990773, 64.15884092999273, 60.2956613907294, 65.7716598029605, 71.47681826012531, 77.88412013680974, 110.72542434114884, 112.42887031523807, 113.51707555337877, 112.74046345211742, 120.5998141009547, 124.17796275150347, 120.8438165499699, 104.34814324475529, 92.75434744513743, 83.69836104765518, 76.43156387522303, 60.629406071772635, 50.19631005964066, 44.2375302604354, 44.95740845600605], [55.598368302663204, 63.92658396151801, 73.0649229669625, 78.75680767860163, 72.7733021797222, 63.142205201168615, 54.940111708433975, 14.62858312396997, 10.303020674093885, 9.635102762861122, 12.504124357806111, 19.75578564484511, 9.773741647135862, 0.0, 7.391010719741988, 56.45447032451522, 63.361610269958554, 69.93096279499112, 77.90486967115066, 84.4128509768396, 83.55446848614909, 76.01146157532604, 66.97357005611374, 60.95787079133609, 55.042909652323196, 27.50904558541152, 25.25264475855648, 24.69390555852462, 27.935432352364785, 29.31048547577061, 25.145593042623553, 21.360560521461185, 19.729063093465466, 18.17337628439749, 21.948644307895783, 42.695496461570166, 42.14631287705452, 47.17802200839646, 54.413557344374155, 57.07828574575789, 56.355206450296976, 52.87536698297402, 44.340334360360856, 32.7479769720949, 33.380833604085936, 27.438864483801115, 27.458137436738042, 79.30299450566228, 72.23668111538403, 66.28311001070146, 62.1158894506712, 57.80488041060469, 56.22776137749844, 56.695114165402956, 65.19829022236753, 70.46239757824304, 73.58299628050428, 77.0342665091999, 78.49197775990699, 77.13192389960935, 70.78568696393639, 65.22957541933707, 59.71187178604017, 57.42365632308014, 61.48052788821249, 66.00985352463513, 71.56237281564518, 102.88106884664731, 104.92693130390288, 106.24720353076036, 106.02780436719098, 114.42452384126912, 119.16305264012867, 116.52697956977798, 101.497386990938, 93.30659742525066, 86.57696306844441, 80.71817037111725, 66.2118685143226, 57.64139256968258, 51.90902271259225, 51.571224338185594], [48.34651540584377, 56.67327332149535, 65.74095641570797, 71.4241394621809, 65.5034335443227, 55.9476491027595, 47.67438776141392, 7.355900988253309, 6.524394089399336, 12.127574082230499, 18.102591371762692, 25.738771453501453, 16.707002124128586, 7.391010719741988, 0.0, 50.01264861901439, 56.707399024269996, 63.04066839849105, 70.8029306284259, 77.1291535626152, 76.2408793152318, 68.84758530499802, 59.97324095018492, 54.06144330252392, 48.28403945719613, 24.64713031571558, 24.770410480971464, 26.086119069406585, 31.068991788281927, 33.58619338980702, 29.995445552659373, 25.42679144280971, 21.980646810193416, 18.072676598988263, 19.789445770735796, 36.116453049574105, 35.87709926960279, 41.95419189130624, 49.24129908475059, 53.01196487350939, 53.296363489935366, 50.8457008926982, 42.982400514255545, 31.567958153529613, 30.28306246094995, 22.411613219080525, 22.034390039880613, 75.32457281851481, 68.71158943377213, 63.448266827668974, 60.10000886374501, 56.51651303779996, 55.77695826728371, 57.32426304777973, 65.13416069256364, 69.61109314300158, 71.96429537241688, 74.57860936686033, 75.32242519376913, 73.37568716207322, 67.80379178711131, 63.34784230462027, 58.85438478457576, 57.5841437060193, 60.66747424606832, 64.15675828861296, 68.62239949634737, 95.70621005282109, 97.84218061203353, 99.55130211207555, 99.95296880824867, 109.11837706925496, 114.99044663689124, 113.17442723708052, 100.45196489247246, 94.18812538754457, 88.76590480941256, 83.45345000898936, 69.41328096579296, 61.73859718245306, 55.80795887281056, 55.108777492233166], [18.055632093852985, 20.90221161571488, 30.480447283709783, 41.323887455043746, 35.9994384659648, 29.72373541766299, 26.36176513076084, 43.20806818331513, 47.21517068268171, 54.036773469662585, 62.64224642255122, 74.21608623564914, 65.58557400977362, 56.45447032451522, 50.01264861901439, 0.0, 7.753338127470839, 15.974173054806247, 26.334062954209024, 36.153293856724716, 35.92016178727159, 25.209028720423166, 15.041723212239779, 9.45046109529318, 6.07691474186515, 36.86953536345916, 46.05028125895548, 53.456253672317224, 63.937156698019976, 71.51333965519883, 69.91702547840592, 62.44310079085989, 54.745255533605395, 47.73250217701101, 41.32907662741129, 16.198181941162286, 26.79659749518655, 38.39664839968511, 48.87937303568003, 58.308303125012074, 61.72649776910419, 64.47900171193386, 66.25122946053645, 61.330047385030724, 45.80015500733283, 36.322862110271956, 29.919080565222604, 80.10705719755974, 75.68169634676812, 73.99945410768039, 75.64636158101254, 76.82869615589047, 81.69422685554056, 89.69301122131925, 92.42785001295576, 92.4386299618418, 90.20670900772883, 87.71323078972286, 84.33857209170337, 79.61569830526803, 77.9120839516424, 79.66581461641907, 81.89323176170065, 87.30761941689063, 83.87898444833965, 80.68801959506764, 78.97389613471394, 61.47056970286488, 73.96837426149322, 83.67326996821015, 91.89872725543002, 106.66845133250567, 120.91351606277411, 124.37512022784315, 122.38271201944274, 128.9947547645599, 130.02055385255343, 127.485133214286, 115.40801887607451, 108.78560290804552, 99.64794588370019, 91.53979856239793], [18.075910050438317, 17.74345302964361, 25.768151976420544, 36.88938910767687, 32.51361724124231, 28.298110751372576, 26.775719412833578, 49.748274869235715, 54.07517973196807, 61.07466260251498, 69.64501104020046, 80.84942217416798, 72.48562439042148, 63.361610269958554, 56.707399024269996, 7.753338127470839, 0.0, 8.365299602758347, 18.900062000850816, 29.095822575648448, 29.069144365134946, 18.2582779270271, 9.035989344289533, 6.667061453196377, 9.540820164973816, 44.2810969895355, 53.29725042718931, 60.54484691205451, 70.67499491869512, 78.1197682072025, 76.73302512010619, 69.50323093317577, 61.94926352418072, 55.01992509597749, 48.69483550670715, 22.642997348730333, 32.03057766618312, 42.880066805401114, 51.92739975171094, 61.810066300636166, 66.01425544497171, 69.53007241098058, 71.71039529033172, 67.3079855133461, 52.26480277345734, 43.20894846939818, 37.33305899970071, 81.84039484118048, 78.29663244942518, 77.53092327614502, 79.87972071753447, 81.58973344872217, 86.73532794485916, 94.93050942473272, 97.21452807034728, 96.69125660490897, 93.94953350078896, 90.79334349460721, 86.82498505537816, 81.68037537177543, 81.01596680959793, 83.76109801464568, 86.6656436906496, 92.41313072417286, 88.57610319324105, 84.7466070474414, 82.05455365011575, 54.90988775532744, 68.75586819027107, 79.77977512633127, 89.2891953914295, 104.97539903531757, 120.46738403250038, 124.8845765971718, 125.39752211306251, 133.09745289916805, 134.75737111506118, 132.4042441736496, 120.56290901493935, 114.3034447290126, 105.12486444267032, 97.08935853351385], [19.67915958419261, 15.937034482838644, 20.940556547485098, 31.78336988740379, 28.863865001614045, 27.354764929397234, 27.73010345777116, 55.94757304859958, 60.68535829588608, 67.93426118227954, 76.43643180271644, 87.0502917692701, 79.03010473957487, 69.93096279499112, 63.04066839849105, 15.974173054806247, 8.365299602758347, 0.0, 10.58109484205836, 20.998237336058878, 21.216799912762813, 10.809937939198822, 6.305778274880984, 10.35908582230044, 16.04238709943648, 51.97618678128445, 60.823616628757165, 67.85168722577457, 77.51155749439906, 84.65990282323295, 83.45778012848415, 76.57754023005553, 69.23802845919093, 62.36674035294489, 56.186703709639616, 29.428729787649853, 37.655377076172215, 47.77303743793502, 55.02477488325932, 65.29419419506287, 70.40675293565236, 74.68337667804221, 76.96856470276091, 72.97717783752468, 58.824084700644924, 50.05563805388083, 44.744010262617394, 83.10411279667287, 80.62732238277017, 80.89611173483512, 83.93305983818574, 86.1212153602545, 91.40746654050037, 99.6155884213782, 101.51092841428132, 100.47080736183354, 97.25853527035325, 93.46176368818524, 88.89810573737664, 83.31249253527085, 83.84539104271323, 87.6098994553121, 91.10705194860905, 97.02412987396141, 92.9153334685532, 88.5394508610956, 84.84375626508746, 47.206775649441944, 62.066313456089986, 74.40931873548152, 85.24088943987834, 101.91043279356735, 118.67202777673403, 124.1282044652942, 127.5580381624501, 136.12921753729643, 138.39612676833863, 136.20651632371826, 124.67531882556915, 118.95000858068933, 109.92570431111064, 102.3724456433285], [24.99599583354082, 18.75121580440026, 18.201679193101363, 27.04152969804234, 26.809549767241712, 29.08309303343413, 31.361120853667686, 63.653234033967614, 68.77205595397272, 76.24759247985298, 84.60603591856636, 94.42017737720715, 86.89165856932864, 77.90486967115066, 70.8029306284259, 26.334062954209024, 18.900062000850816, 10.58109484205836, 0.0, 10.865557545008587, 11.852365198825677, 6.521223549092302, 13.50808249962418, 19.39866314006535, 25.509822542233533, 61.43430417460337, 70.03446149198246, 76.75406606678492, 85.7782306084723, 92.49462197699359, 91.51631487932572, 85.11438412536091, 78.08402790730827, 71.31876913443101, 65.35863417926477, 38.43546425409794, 45.55798488418378, 54.89064682713342, 59.992471214355085, 70.53302581620783, 76.65569916409892, 81.69810653804494, 83.85995525491518, 80.2139567099794, 67.30983103433343, 58.758906747344255, 53.95042010135481, 85.4331535273262, 84.31212892355653, 85.79893381820864, 89.54828798450862, 92.19596069301127, 97.49835991661432, 105.53235980722738, 107.0680025459926, 105.49229487087244, 101.81444941831968, 97.34992588854627, 92.14782549446599, 86.08485476172552, 88.06692011879693, 92.9389982042389, 96.98678497161892, 102.92391879069923, 98.65820325595642, 93.78942870312744, 89.00262379921061, 37.233780390530704, 53.404629444093715, 67.64366380022813, 80.22396984701975, 98.16530908732656, 116.44957288103194, 123.21330846348968, 130.38318580786063, 139.66781317626172, 142.5242245102777, 140.4440552742847, 129.26752814557946, 124.18476924114816, 115.39136661155757, 108.55317915154731], [30.312713555125757, 23.01845148114106, 17.233820734551177, 21.64276494211114, 24.570730212175725, 30.405756174545335, 34.33404861809683, 69.95256226396604, 75.6912627068496, 83.48675428744674, 91.6719011779094, 100.44082596156012, 93.32617836643325, 84.4128509768396, 77.1291535626152, 36.153293856724716, 29.095822575648448, 20.998237336058878, 10.865557545008587, 0.0, 3.1847975637828223, 12.212293256455684, 22.097660514896052, 28.129231260972972, 34.24528374978635, 70.27751896124605, 78.73975104219038, 85.19554411789606, 93.67087780237503, 99.8029798603994, 98.86607964130974, 92.9372136425949, 86.2148327457236, 79.4557548043418, 73.75795510610915, 46.23613854128224, 51.786360497473474, 60.00944980864294, 62.66051863629027, 73.25256473705429, 80.39784976353249, 86.21409529530206, 88.16671229863357, 85.03996847787202, 73.74915903611964, 65.73110426191514, 62.01805789257041, 84.80647347964832, 85.1374574694332, 87.90398853605497, 92.35846952412149, 95.46842606034406, 100.72745349435688, 108.52588193496203, 109.60022507881018, 107.43774745709447, 103.29768942899192, 98.18548895024396, 92.38699539742493, 85.90648501612232, 89.39766264398015, 95.38606962510073, 99.97969550353571, 105.89861419037943, 101.47873210443962, 96.13728964221083, 90.25147422866897, 28.42308022547275, 43.424463339836684, 58.5937627480476, 72.49417463453263, 91.35730139884326, 110.90199672570205, 118.85964665617496, 129.74828101801293, 139.88888441240175, 143.60528474521695, 141.9232299870831, 131.56685372734435, 127.69563794641401, 119.79216187606903, 114.51369793812071], [28.906347662400865, 21.291118350685107, 14.537254349160884, 18.706147871543568, 21.610746587200637, 27.882323644464943, 32.338992196534754, 69.01780566434957, 75.03845836595919, 82.96497474075844, 91.16961113026699, 99.79394040986789, 92.56093578431393, 83.55446848614909, 76.2408793152318, 35.92016178727159, 29.069144365134946, 21.216799912762813, 11.852365198825677, 3.1847975637828223, 0.0, 11.41877317387354, 21.408599049792425, 27.441283698724487, 33.56184873643581, 70.0503763262337, 78.62679377019288, 85.14542173903496, 93.73281062712418, 99.79192362564172, 98.70907076822506, 92.73874815937083, 85.9817001175598, 79.11690064772476, 73.42587265407641, 45.21696553427789, 50.0923434871439, 57.85061539136725, 60.0537889557279, 70.60155849663339, 77.8719293853973, 83.8488253121747, 85.92941092995513, 83.09207055797035, 72.02927537260572, 64.39310784718286, 61.30621629605431, 81.78084198132966, 82.21495212805154, 85.13089643207886, 89.71649896077602, 92.9506668878821, 98.29089547490995, 106.19621860927633, 107.0708037657189, 104.76272265646669, 100.51178417814864, 95.2876962508533, 89.41825728027744, 82.91382948875504, 86.53569566464392, 92.69567339535858, 97.45376616767778, 103.50273104876295, 98.92768846253988, 93.43550522122759, 87.38146397735194, 30.04926194107491, 42.88204588541467, 56.844617041359555, 70.270031113213, 88.79240544019245, 108.19972184216856, 116.06446375241315, 126.87585683821207, 137.4968103945374, 141.59780368779357, 140.2446712959312, 130.30503981266904, 126.92174257537462, 119.52468903627069, 114.83172170693892], [21.364447040395635, 14.02778763827732, 12.873550062832981, 22.66440421517517, 21.333745568800293, 23.539664058285133, 26.868000516232055, 61.56752619949956, 67.29526171799961, 75.0525938055391, 83.49066592103334, 93.11095269168199, 85.24535177936461, 76.01146157532604, 68.84758530499802, 25.209028720423166, 18.2582779270271, 10.809937939198822, 6.521223549092302, 12.212293256455684, 11.41877317387354, 0.0, 10.458974422795814, 16.84758501179282, 23.224784399204445, 60.69020754821019, 69.60002440123797, 76.51066337497036, 85.86775610823564, 92.48635798694073, 91.16992719246326, 84.60985061060735, 77.45174527867901, 70.42615656051063, 64.43365473399963, 35.64554555134142, 41.332109837086975, 49.74224947568216, 54.25927006802871, 64.73339465504486, 70.99837053292877, 76.34251917617229, 78.92159406500492, 75.91352543567947, 63.19710663302866, 55.49576762579711, 52.08772750973298, 79.3256809988117, 78.21636129683787, 79.86346769370648, 83.84612115742507, 86.74990301837968, 92.29519076638105, 100.66327660842974, 101.77145840689096, 99.91447262406938, 96.01516871507394, 91.35279996366128, 86.05224306977578, 79.99009690228847, 82.05108190675648, 87.19076969705618, 91.5905863594736, 97.88504533257714, 93.23288221190585, 88.0328176984061, 82.98341505848803, 40.3603376087189, 53.27223105875793, 65.24938291382266, 76.74614059191357, 93.81546704806597, 111.66396018735733, 118.11297081283455, 124.70881942255387, 135.05610988120912, 138.70812623883967, 137.33104359613557, 126.9994743256369, 122.87680663785231, 115.10981067938766, 109.40727978864832], [14.556741956773463, 10.42223908486449, 16.916140304334025, 28.099982606027268, 24.007794888515296, 21.44577592876868, 22.120223705978677, 52.73340939051085, 58.16891011254532, 65.76586231247828, 74.31203051042412, 84.5514359077295, 76.2953847326876, 66.97357005611374, 59.97324095018492, 15.041723212239779, 9.035989344289533, 6.305778274880984, 13.50808249962418, 22.097660514896052, 21.408599049792425, 10.458974422795814, 0.0, 6.473414922733982, 12.898972258840352, 50.70718488461614, 59.79889572087839, 66.9199582794714, 76.74036623841138, 83.6439699678061, 82.12497141206697, 75.21188446317761, 67.83623067942465, 60.71691306132096, 54.585348234137825, 25.72715124893195, 32.55532940772102, 42.11946916205957, 48.84322194646354, 59.15512826694277, 64.49628465944255, 69.0338177424212, 71.4273380133562, 67.86211375391983, 54.11231415816283, 45.979273090277765, 42.130085380561596, 76.81854040173498, 74.33512828465749, 74.71687947219493, 77.89473404358182, 80.23243506816785, 85.62447132467295, 93.99366607111928, 95.6246603663658, 94.40722001083908, 91.07874721757571, 87.19299876019016, 82.59630838151784, 77.01266304997971, 77.59114642676106, 81.52134365119718, 85.2101727365765, 91.30297529057358, 86.98925395330461, 82.43885015306924, 78.58506633025495, 49.199754011431885, 61.15411361437911, 71.49287898760646, 81.22031917980769, 97.11134233225062, 113.33573934681411, 118.44635166435043, 121.36907860336727, 130.52089819783157, 133.36527944421067, 131.72525055218966, 120.92671754284466, 116.13411015359286, 108.14888159531965, 101.93129398075396], [11.851902549166777, 11.893051274449718, 21.068999838023664, 32.01168823326861, 26.896693848796772, 21.803688978223597, 20.273299817987454, 46.87242308388237, 52.13036117395303, 59.641896479228556, 68.22786223476152, 78.74882954280393, 70.30486472980901, 60.95787079133609, 54.06144330252392, 9.45046109529318, 6.667061453196377, 10.35908582230044, 19.39866314006535, 28.129231260972972, 27.441283698724487, 16.84758501179282, 6.473414922733982, 0.0, 6.426087695896001, 44.40033271497513, 53.57603252160378, 60.78013945085744, 70.81020398985312, 77.80465623969523, 76.15406633191562, 69.08354612997428, 61.620114812461075, 54.4458391421221, 48.27338188476401, 19.46685856711354, 27.320403226042437, 37.842250469450924, 45.907944216299974, 56.02363238745709, 60.78580155105386, 64.73390446343721, 66.75834821711818, 62.6976475162197, 48.510205344151984, 39.931152201544876, 35.73226122323916, 75.4236275230788, 72.15028283739763, 71.7420173443912, 74.33789147254402, 76.23320777303994, 81.40025980221907, 89.61188999762504, 91.66516466023728, 90.91236509390149, 88.01686117697358, 84.69156372585131, 80.58559044007623, 75.32608988815007, 75.00606226434019, 78.1065241156825, 81.22304469991916, 87.03447891311392, 83.0758174347393, 79.06079274231136, 76.02757183757218, 54.4201651835275, 65.543356168802, 74.90864819336223, 83.56557748332672, 98.75713005718248, 113.93921266284478, 118.23933611186685, 119.03829386037076, 127.17075389028851, 129.4068993391621, 127.53857706495847, 116.43548417771156, 111.25294346478395, 103.19561219105985, 96.8317621331829], [12.264975953275163, 15.98049751568724, 26.103997442876693, 36.573696934659836, 30.819216431219047, 23.907661711652253, 20.331062126553206, 41.182024155382315, 46.20377946651767, 53.60104842901864, 62.22155680431249, 73.04386867837165, 64.40277598769838, 55.042909652323196, 48.28403945719613, 6.07691474186515, 9.540820164973816, 16.04238709943648, 25.509822542233533, 34.24528374978635, 33.56184873643581, 23.224784399204445, 12.898972258840352, 6.426087695896001, 0.0, 38.179918492219244, 47.44457691474704, 54.733849212634205, 64.9861499959798, 72.06695436930531, 70.26968106806699, 63.03197801961915, 55.4775182592777, 48.24457416235944, 42.03230769300249, 13.436109156615316, 22.75775554250766, 34.296773230282305, 43.74482142962678, 53.51049754570695, 57.59941423587124, 60.860964579465886, 62.434469615690254, 57.81087213273633, 43.19639203570536, 34.069687903012145, 29.392412764626332, 74.55434124998062, 70.49706203836726, 69.26214132541011, 71.21354889730542, 72.61236919399197, 77.5007031432712, 85.49855319338775, 88.01124071554389, 87.76271610894845, 85.34293730881171, 82.62583502292534, 79.05349685470686, 74.15986315259971, 72.91360687520526, 75.11223588481536, 77.58710959003403, 83.05762646136307, 79.51115510547201, 76.10016421249257, 73.95701085327738, 59.78740626927003, 70.14665441438194, 78.60954474741644, 86.24246661652563, 100.71667944194611, 114.8392120766497, 118.33113848217987, 117.00264212418428, 124.03622690550509, 125.62067241333425, 123.50572911269411, 112.09061052423924, 106.49654227976633, 98.37369808557695, 91.87226888083343], [44.359739894765944, 51.87919974611494, 62.24954367972785, 70.9912014370833, 64.91987139173389, 55.648584721153455, 48.068820686774465, 22.601507319686046, 19.029078772892106, 21.308547041833027, 29.031360744970208, 42.94612363076641, 34.38084414539636, 27.50904558541152, 24.64713031571558, 36.86953536345916, 44.2810969895355, 51.97618678128445, 61.43430417460337, 70.27751896124605, 70.0503763262337, 60.69020754821019, 50.70718488461614, 44.40033271497513, 38.179918492219244, 0.0, 9.583485866578037, 17.39545533001151, 29.149429483950108, 37.33956870798763, 35.109551767612224, 26.66452855801739, 18.547163926466656, 12.107583890968334, 5.8601862689912005, 28.658308754504848, 34.97511961480116, 44.669169602860585, 57.04282849594418, 62.58943453792623, 62.110041180997854, 60.039785796891, 56.98065931652962, 47.75984381965229, 35.66130568389304, 24.87511016132216, 13.263754614534076, 88.2193347563