{
	"dissimilarities": [[0.0, 8.346953067384172, 17.861364980584746, 25.548779040279207, 20.65246865966154, 12.693893461002972, 8.88553013628838, 40.699481791484594, 47.57515091001283, 55.84367775020179, 64.26525792823641, 73.02166854140509, 64.86747305849534, 56.48135111219962, 48.32968398845631, 17.343845903351685, 17.312227420681744, 19.01126266282642, 24.33674187402383, 31.176253065090375, 28.53045711013362, 21.41145236472393, 14.487413951517397, 11.961423477362551, 12.70781982672614, 44.303155911494606, 53.348848486775616, 60.00622453355209, 69.56046365052946, 75.28755839829108, 73.29552989983934, 66.96988601632118, 59.881692668869924, 52.67102731521774, 46.92041001011398, 17.35631082476195, 24.398422752164183, 32.8368195838755, 38.071377504797326, 48.38597548039938, 54.66637897328453, 58.12755770480708, 58.802066628793085, 54.7210606062958, 44.08473588371315, 35.541341763347496, 33.626199253050004, 66.75416803480353, 64.12656006494139, 62.739492014685176, 66.92203010055096, 68.63900542150436, 73.47424056454476, 81.93713977220456, 81.84779464694788, 80.24753334664669, 77.74631105073583, 75.44048292493618, 71.1852694095539, 66.73934592333912, 66.1250356608159, 70.1197141533556, 72.94104781234259, 79.53344012950937, 73.78411779770444, 70.98342085479176, 67.06478935757514, 55.589006304801934, 56.65227132547521, 62.19865069518239, 72.27083661112508, 86.52819295472582, 99.5686034888962, 100.25710912112616, 106.91931938734562, 116.48883929006224, 119.09628721928394, 115.98450628806046, 104.92673292616357, 101.30125746096897, 95.13359286027753, 93.54804117325969], [8.346953067384172, 0.0, 9.76680066191816, 18.664894397682243, 14.863101310154958, 10.592036494805898, 12.828629822476406, 49.04274025289825, 55.86407267614339, 64.11298090260152, 72.57377321709738, 81.25787490647295, 73.20052504867833, 64.82550554372281, 56.665709491325494, 20.515509791154717, 17.19663411062959, 15.293490871865782, 17.94798098389022, 23.69225315761692, 20.70948134681576, 14.133533177263708, 10.479170659192308, 12.186802021918384, 16.494359692936857, 51.91469306627808, 61.0309844768725, 67.80094495582843, 77.36328485309379, 83.24282447483117, 81.38494886253284, 75.0196511589118, 67.89818377867375, 60.691278604166804, 54.84968376136958, 24.391410288254775, 30.581382721669552, 37.56176619599635, 41.453182935227865, 51.94553356082687, 58.89035226228685, 63.05640290948016, 64.84286240488886, 61.70333040245671, 50.77050615985624, 43.283787172711065, 41.59163553805925, 68.17632424018292, 66.61050849602714, 66.25604555985315, 71.09711351693353, 73.50917531997752, 78.93761145625339, 87.8097147904262, 86.99973916762971, 84.7185495909149, 81.62753524478963, 78.4653311103772, 73.52848912811221, 68.66788893244295, 69.17357120170004, 74.17121055066605, 77.92502119887492, 85.16736299424065, 78.72876761497831, 75.00230215871493, 70.0868408350126, 49.59676139767873, 51.202208281884886, 57.851858708188104, 69.64599235224959, 84.70753071364386, 99.20646788503352, 100.98866121911044, 110.12863023592574, 121.4839314417805, 125.09492743546676, 122.52079831813654, 111.9738925089565, 108.86144906159689, 102.73412851556643, 101.0022144857938], [17.861364980584746, 9.76680066191816, 0.0, 10.275582267225394, 9.681317241784456, 13.28242958568819, 19.51458340115889, 58.293518937743514, 65.36400293751988, 73.62780368602296, 81.91013767809217, 90.19037690030778, 82.35463551618223, 74.04928689614472, 65.83326816169372, 28.908702485341298, 23.88310397913626, 18.872571414847343, 16.239945480941063, 17.16827761303113, 13.635669964053873, 11.591285334151733, 15.401920478499234, 19.992492882527156, 25.423108291763324, 61.65980439457533, 70.74071444891521, 77.45780161168874, 86.79494343349229, 92.52477733063078, 90.76156819069165, 84.59654946385258, 77.57042484235708, 70.40323649254782, 64.59515797050607, 33.96504516745877, 38.8203156018343, 43.94734702145454, 45.55475056357661, 55.93089954127852, 63.90964517180775, 68.80649462744513, 71.2880732205608, 69.10784267886154, 58.8228131053612, 52.33494303175302, 51.31303737955575, 68.84827860690287, 68.79371200104455, 69.9166673624876, 75.4161708575256, 78.54414617594195, 84.35189345718067, 93.37065732574615, 91.83019172890995, 88.8802283756927, 85.14214973236149, 81.05204376298386, 75.31723106131817, 69.97216302870139, 72.0193301456598, 78.15835268378822, 82.85436103149206, 90.51122404226005, 83.57864373007767, 78.91149202146086, 72.8593533756565, 43.25545814996619, 43.93265042908754, 51.16078395715325, 64.6585128676681, 80.51942378475445, 96.63770435864416, 99.8513479580844, 112.2491208743336, 125.26517332085903, 130.0623423316193, 128.18995543805403, 118.4472421692248, 116.29475271843162, 110.66454301901965, 109.4478173806648], [25.548779040279207, 18.664894397682243, 10.275582267225394, 0.0, 8.294612813060295, 17.16893998007093, 24.174033997570557, 64.07415500163879, 71.75843388094847, 80.02175013634067, 87.71717432874986, 95.01485828767608, 87.66095237716013, 79.59631548065296, 71.33555138482846, 38.831232386617465, 34.061651475752306, 28.763474184565922, 24.16748610836988, 19.52586113730119, 16.65571544921226, 20.241809749027976, 25.61421601775118, 30.020515952028838, 35.06458738026219, 69.78441588684467, 78.6392939433202, 85.0045583747138, 93.70553359229048, 98.74259610166189, 96.99323746709804, 91.45692764106015, 84.77393418779366, 77.7406281751545, 72.1979758018163, 42.37979712098109, 45.612215960631964, 48.87189792387969, 47.27983098772768, 57.25551573680538, 66.75034497890636, 72.16294698889065, 74.18581704733005, 72.64705403204512, 64.59638622246484, 58.75008290486482, 58.9078893459652, 66.06342913019458, 67.79058173702235, 70.69296964767632, 76.58792878599459, 80.16018460925943, 85.71284351314725, 94.22265153996473, 92.28383436183421, 89.01913582461732, 84.80451996256932, 80.07364932803463, 73.6185161504478, 67.79246080145145, 71.61166406157977, 78.70634337498655, 83.93981085064638, 91.29424516267757, 84.53400351474619, 79.32148247148878, 72.31648022445081, 39.815469963192214, 35.46258917935681, 41.05595575506214, 55.22780111870634, 71.76171474128779, 89.12434038460422, 93.83403764886913, 109.69262990131138, 123.09589959141319, 128.8591968280422, 127.67899566114133, 118.99424599488378, 118.33562788231292, 113.9334868829613, 114.3690851533443], [20.65246865966154, 14.863101310154958, 9.681317241784456, 8.294612813060295, 0.0, 9.862487101359473, 17.815375212369034, 58.39091089054659, 66.2929288990219, 74.60354190569143, 82.33057725368428, 89.90751477794456, 82.02126572740156, 73.76154775625204, 65.48169266479651, 34.81930861562832, 31.26036772552561, 27.681281460620536, 25.904378646793656, 25.014758461127084, 21.578868067012415, 21.127477240103325, 23.387044444951247, 26.433589167079337, 30.569367912507417, 64.54496294229534, 73.63143765029061, 80.15170097224951, 89.34911622026705, 94.37793785850363, 92.28370207209493, 86.5096880236754, 79.62432089603416, 72.42199896710683, 66.83049606419087, 36.47252877125606, 38.08606684634166, 40.66763921464185, 39.259041144719596, 49.34264424564788, 58.54878951936466, 63.93599814772278, 66.31242925836402, 65.12238331722672, 56.74493980850403, 51.69135883631744, 53.012309054261735, 59.91804972119227, 60.712402714720064, 62.952650776854924, 68.77011471137668, 72.30152255957331, 78.10868533990141, 87.04897341556962, 84.96663276934049, 81.6476226363789, 77.54555159708524, 73.02301661244653, 66.8901089272673, 61.30391492745235, 64.29575153865521, 71.09443193290446, 76.296495787482, 84.03412621171483, 76.93228955940468, 71.75921870236968, 65.05860593099429, 47.72011403200485, 42.80325678976004, 45.438304729782125, 56.627451231648614, 71.56650913521788, 87.18009175362386, 90.25645563494021, 103.57536298408817, 117.63419080220133, 123.61825023629903, 122.78819863823003, 114.48809874490482, 114.07744165532884, 110.34796391375798, 111.24612664266381], [12.693893461002972, 10.592036494805898, 13.28242958568819, 17.16893998007093, 9.862487101359473, 0.0, 8.412307258742457, 48.87002868957298, 56.76865956529858, 65.0848234243825, 72.89525225537622, 80.80248850114491, 72.59176152239094, 64.21604487004792, 55.94348627139231, 28.164155368278614, 26.543243817082512, 25.53244664753431, 27.2896321951619, 30.19618274815141, 26.830620721416306, 22.71134253192228, 20.431379739652066, 21.00596236743306, 23.447369007476297, 55.22979620932109, 64.34601553762406, 70.88369172305795, 80.32185109668981, 85.37674659290327, 83.09391074092693, 77.16052108389725, 70.18734994529994, 62.928420586636584, 57.354075903995785, 27.33235235651321, 28.687632226600595, 32.40957568332319, 32.95237921971181, 43.41140423757985, 51.76906281515883, 56.534995991833895, 58.28803245258967, 56.328202977502436, 47.46358714086886, 41.86022861361026, 43.381830760338424, 57.843273596287986, 56.901329749343574, 57.56455333434927, 62.7721190054124, 65.6352559805985, 71.15746304734965, 80.0913315509176, 78.6528591491718, 75.94778453880645, 72.4706237114987, 68.88433904706767, 63.58257972670519, 58.50836137545808, 59.79385791334647, 65.46103750970337, 69.78333464078631, 77.2417484361593, 70.50475191302634, 66.21366693738291, 60.64540250051028, 54.122229620923044, 50.444165932310355, 52.60905148177789, 61.709322952492634, 75.51902964858269, 89.15621351377202, 90.51053676089579, 100.16184645434397, 112.77766489048935, 117.7358033685145, 116.36159944392557, 107.45318102366724, 106.33884515626613, 102.44971161402435, 103.18354309685662], [8.88553013628838, 12.828629822476406, 19.51458340115889, 24.174033997570557, 17.815375212369034, 8.412307258742457, 0.0, 40.59025012780445, 48.561700896987006, 56.8657737061946, 64.57225238051089, 72.42608122230196, 64.3026819833906, 55.985979874867404, 47.706164284821085, 25.382690545675846, 25.811229785634275, 26.89615964514914, 30.68152956932222, 35.15236362510353, 32.18843830971352, 26.91480254659946, 21.942349066785486, 20.221850803202187, 20.52606395916497, 47.907464162217444, 56.764989160968895, 63.0598688147671, 72.24394379392118, 77.09672296999025, 74.78962817297794, 69.02400266743307, 62.203414733522436, 55.04474219188986, 49.65140653603019, 21.535502051759693, 23.663904222146055, 29.190300086412762, 31.273244637093818, 41.64457469505483, 49.361575129048035, 53.284564007388, 53.48254870901848, 50.189523056607435, 41.91330575088215, 34.82013939886037, 35.95140425389052, 58.47914971845507, 56.42592606873303, 55.96052197109475, 60.3848449072198, 62.3873788587358, 67.09184444309112, 75.40232538140404, 74.94190565539975, 73.12310209507496, 70.35047464401758, 67.78760216364302, 63.23497323516724, 58.589004334586896, 58.679551318812116, 63.18461775243347, 66.34150554917356, 72.8722651351021, 67.10432841538368, 63.96871225716818, 59.55406097018628, 58.039037070070506, 54.97428805601446, 57.22515478696415, 65.18675567165083, 78.54746031173067, 90.91411017669775, 91.39729718215695, 98.69946370473365, 108.80098358971908, 112.37680158827325, 110.1534876972085, 100.384613898917, 98.50842011350734, 94.28616112333377, 95.00259003373986], [40.699481791484594, 49.04274025289825, 58.293518937743514, 64.07415500163879, 58.39091089054659, 48.87002868957298, 40.59025012780445, 0.0, 9.256674727030868, 16.91807389038575, 24.07730474082602, 33.227704059310966, 24.21291402273093, 15.830448996953024, 7.890392323204596, 41.80108926119693, 48.440620206825706, 54.78081955411253, 62.558573131283374, 70.38988791831527, 68.3847786352972, 61.027858735423614, 52.081736457643395, 46.218593837319915, 40.58005021878887, 20.641952246502896, 24.353050043951967, 27.689840476396775, 35.372074115281514, 38.78426747711091, 35.53118260777692, 30.363350453447143, 24.713559016054344, 19.060334425566225, 17.109132191377387, 29.913934120451977, 31.1695848867111, 38.6469379967453, 46.36310398307316, 51.156380491854186, 51.916522141824956, 50.16991449909894, 42.85708239301557, 32.2557067578464, 29.966133894172167, 17.733458683472467, 15.31534911074485, 74.16349644790651, 67.3108329044573, 61.22531613848138, 60.78719098170517, 57.97138748121457, 57.843881926760915, 61.93522503344361, 66.71889667016626, 69.61374233459128, 70.92348014758561, 73.63930959699054, 73.53120050079737, 71.87682136591336, 66.10136522285303, 63.894688487179764, 60.54732154733396, 61.55448137778248, 61.45619758249124, 64.74560608750951, 66.95330571094958, 89.88580605853343, 89.2299210987294, 91.04719523668632, 94.35661210061508, 104.24088162787561, 110.10723598743282, 105.94767559518598, 99.95357657251336, 98.2798869474424, 94.38854325689738, 87.80397808069883, 73.63879797243332, 66.32119743685068, 60.12438608958316, 60.07793009428184], [47.57515091001283, 55.86407267614339, 65.36400293751988, 71.75843388094847, 66.2929288990219, 56.76865956529858, 48.561700896987006, 9.256674727030868, 0.0, 8.32430903447896, 17.19544036024885, 28.339485205378274, 19.32931432760107, 11.948270402820778, 8.718673177858086, 45.92494912353812, 52.912283288929295, 59.72019443876442, 67.93389737250088, 76.45593491719902, 74.66207509817939, 66.90518776853054, 57.627372938747364, 51.54089324128977, 45.60174580200405, 16.35019846171067, 16.643762429518183, 18.7512256309049, 26.61864072847141, 30.7138183791113, 27.351989643423185, 21.304642561625506, 15.478411341320951, 10.532597457929025, 11.032655252068288, 35.215842108310305, 37.66705358847693, 45.663202063323766, 54.599270778786796, 58.90301720454697, 58.264830636958045, 55.721102799654155, 48.427152389364885, 37.499441701878524, 34.61648097852845, 23.27128354667918, 17.807987676948706, 82.5672788031102, 75.15992130790686, 68.2639581985738, 67.23293532150286, 63.84830051082617, 63.26144195133104, 66.72485699361118, 72.20796915992713, 75.68150567642144, 77.56639284083123, 80.88130357560266, 81.34600566251488, 80.07139853491229, 73.56017546948834, 70.49979381812074, 66.38266969233662, 66.73763479313749, 67.32087646560201, 71.37613173118378, 74.42488437261392, 95.73760106425239, 96.7369454699186, 99.63500748053231, 103.39987903139932, 113.37287770685653, 118.93273748811842, 114.38901135563779, 106.5578770222496, 103.18420718974171, 97.64837802866788, 89.91389036941507, 74.43805138074063, 64.71309439547592, 56.43380597890496, 53.86066273207897], [55.84367775020179, 64.11298090260152, 73.62780368602296, 80.02175013634067, 74.60354190569143, 65.0848234243825, 56.8657737061946, 16.91807389038575, 8.32430903447896, 0.0, 9.841574748782584, 22.20463831965002, 13.710408895140947, 9.668135995828928, 12.785872162101185, 53.48733345063357, 60.55837817516201, 67.48657409800197, 75.78155714835269, 84.41335987181128, 82.712711723443, 74.92741297379642, 65.59998340770653, 59.474895386182276, 53.47023135894758, 20.32507797783, 16.271115624088008, 14.806745561529752, 20.42014720183194, 23.609669720847744, 19.70645320687599, 13.949942900655792, 10.059351136784768, 9.764856186960511, 14.399825608355332, 43.15828754376621, 45.264941603980766, 52.65496982547365, 61.5154991261634, 64.97412457527449, 63.42080015982329, 60.11585811261546, 52.039958196969806, 40.83992290096437, 39.73860743050327, 30.061231770750396, 25.207985717070553, 88.47899140840504, 80.6797410757248, 73.27444636087883, 71.52065604546867, 67.46930210572243, 65.95953995068184, 68.27091606956817, 74.61537407732698, 78.86054537325117, 81.40405828247245, 85.46541044853173, 86.5751243744403, 85.7445379696992, 78.6548971832586, 74.67496623526198, 69.59227061707888, 68.7746232408211, 70.50600065678512, 75.52073727465061, 79.48150100874254, 103.12645755488914, 104.36469373715333, 107.2152509966646, 110.46515479004235, 119.95665411948433, 124.60630678358046, 119.47338507967756, 109.63640044977386, 103.94774304104011, 96.77966330684826, 88.07861861752903, 71.75845054742251, 60.39484427318863, 51.31533828497145, 48.00808323612386], [64.26525792823641, 72.57377321709738, 81.91013767809217, 87.71717432874986, 82.33057725368428, 72.89525225537622, 64.57225238051089, 24.07730474082602, 17.19544036024885, 9.841574748782584, 0.0, 12.841088065265536, 6.400558919217834, 10.569141720224781, 17.78643225944048, 63.01506257822469, 69.97543373768727, 76.70309134929956, 84.728231410894, 92.87123380835611, 91.19969535840714, 83.80139698224087, 74.68376648782144, 68.67006617174317, 62.77985403355004, 30.00154789686427, 24.558817933546432, 20.40062906085462, 20.119232854796678, 18.98820166629236, 14.374523220687843, 13.62554872546783, 15.49035920435359, 18.797704554602564, 24.113455272040568, 52.35235130424198, 53.48592575377988, 59.68097216927508, 67.22634640031535, 69.67070394331158, 67.94665574787564, 64.05937046372851, 54.347431188002496, 42.90521613041371, 45.75205169232743, 37.65156592147357, 34.63450324966255, 91.88036003048036, 84.07246283120773, 76.6860208674499, 74.17065669292012, 69.41560312821845, 66.41513580000488, 66.78526079375877, 74.26329883538031, 79.52113952738597, 82.76399450340921, 87.65427125049116, 89.36716332235753, 88.95452151487237, 81.68059477792822, 76.8642408339586, 70.66145552414612, 67.93971813904211, 71.47623467281207, 77.60607819551373, 82.40519465002079, 110.40859696316589, 110.58288897369042, 112.49112180821193, 114.44130942173128, 123.03691773902507, 126.33772438191416, 120.66801446955182, 109.16793292305036, 100.01440478155271, 90.94198722327472, 81.17704267561103, 64.12516136029741, 51.69865390888529, 43.17014142560126, 42.00453857683012], [73.02166854140509, 81.25787490647295, 90.19037690030778, 95.01485828767608, 89.90751477794456, 80.80248850114491, 72.42608122230196, 33.227704059310966, 28.339485205378274, 22.20463831965002, 12.841088065265536, 0.0, 11.339974778699556, 19.593989162057255, 26.553982295558267, 73.72639881937967, 80.33930819278473, 86.56377123504556, 93.97394676424898, 101.15182683263278, 99.57597667874465, 92.96999666592716, 84.35798708925999, 78.64620976806346, 73.08403886563151, 42.410474124559585, 36.83944805015907, 31.74541008062742, 26.801064889494317, 20.591791238964348, 17.41783509483257, 22.87865023211651, 27.440005069224114, 31.373219960708226, 36.53898166738731, 62.83387592570813, 63.40712582508885, 68.52674009821398, 73.99130118307053, 75.65998312588778, 74.65809964415635, 70.60509144443832, 59.02423740533107, 47.650342707103334, 54.920486856204384, 47.6865465169906, 45.99506610704008, 95.39801865188649, 88.19068320472871, 81.53970752923537, 78.48238281312803, 73.22772212407978, 68.45830325652692, 66.19672343204034, 74.9191854380615, 81.24758154597657, 85.04406941729772, 90.59840525401886, 92.64366686341894, 92.45345493756207, 85.65962503249622, 80.41359304747398, 73.25681801155861, 68.10825621418769, 73.89650394676839, 80.98500086989795, 86.22871188581811, 116.5635988597153, 115.14268895105452, 115.93017836665075, 116.40059441246389, 124.1063744067236, 126.10601177523961, 120.3896611459308, 108.41209759076266, 94.36206500779565, 82.74455120672393, 71.31097758062513, 52.890104672045545, 39.04440739142516, 31.610746686583234, 35.82280226971699], [64.86747305849534, 73.20052504867833, 82.35463551618223, 87.66095237716013, 82.02126572740156, 72.59176152239094, 64.3026819833906, 24.21291402273093, 19.32931432760107, 13.710408895140947, 6.400558919217834, 11.339974778699556, 0.0, 8.89892257472617, 16.828529532072075, 64.97480026398236, 71.89998542935771, 78.49542875046892, 86.36535813794113, 94.12587192609982, 92.2867044024009, 85.08244970968724, 76.08616396112306, 70.12787180034992, 64.2997575056288, 33.697182767237884, 29.54520940317257, 26.28335276827743, 26.42214370505529, 24.215905464492444, 19.657535680319164, 19.9009484380893, 21.144234656152136, 23.20072132598193, 27.75833007266471, 53.454069309967984, 53.10396826892123, 58.07934699881827, 64.53439318199776, 66.2644165047282, 64.59421179427953, 60.52952776605965, 49.91674120530568, 38.468739093087336, 43.871577638895886, 36.9877521537043, 36.23945076086359, 87.65039133970747, 79.82843991616063, 72.53256776260797, 69.69822986557563, 64.69238948770473, 61.07746274331057, 60.80967267341698, 68.58233409275152, 74.15406136254819, 77.62008294354642, 82.82021460157415, 84.79963927742942, 84.61558946735187, 77.26573491885954, 72.12615384807876, 65.52163238886207, 62.12857614454085, 66.28563906311348, 72.81172067527831, 77.93484568949744, 111.74891720873407, 110.42897228917008, 110.98569295400709, 111.71353687917144, 119.42724878846954, 121.78710387900645, 115.61499312376301, 103.32074804653695, 93.6957645868756, 84.80733536434043, 75.48581857240164, 59.23340428660737, 48.37465283809538, 42.704569126530956, 45.06755294405776], [56.48135111219962, 64.82550554372281, 74.04928689614472, 79.59631548065296, 73.76154775625204, 64.21604487004792, 55.985979874867404, 15.830448996953024, 11.948270402820778, 9.668135995828928, 10.569141720224781, 19.593989162057255, 8.89892257472617, 0.0, 8.280813241238384, 56.58977098737257, 63.56404767134991, 70.22746502018424, 78.22162243461109, 86.17246733847469, 84.20557368565082, 76.78013540374758, 67.67915046719672, 61.6639497754395, 55.78641649094056, 27.0531473660363, 25.16972674457667, 24.33880135413579, 28.469753611761274, 29.06042656406585, 24.67788392318057, 21.618694089094884, 19.30040398769824, 18.293341801844026, 21.311627860758477, 44.74371048757707, 44.23797545493146, 49.616028018612155, 56.72173540358564, 59.12287865457712, 57.73791847486182, 54.16403915973155, 44.548552600141676, 33.023936837151815, 36.07264639552586, 28.21410335019913, 27.751809993876687, 81.53900971909535, 73.70080492709582, 66.4237086893029, 64.21497897007833, 59.789696694570296, 57.42077267076402, 58.96410295687941, 65.68301698030527, 70.35059457059484, 73.18669269483651, 77.68793578309732, 79.15818409090828, 78.63508395241784, 71.42879664053245, 66.99436181231816, 61.336793502243296, 59.64407394381376, 62.18540272175863, 67.7633565583065, 72.1783028354393, 104.91422343645084, 103.72996820649628, 104.44877597503063, 105.80684062612923, 114.00003450568522, 117.28179934588651, 111.4306005781473, 100.56098572023772, 94.34114835319882, 87.59014227518946, 79.6109775676091, 64.50441389417381, 55.39049897117971, 49.94141646513673, 51.313467247802556], [48.32968398845631, 56.665709491325494, 65.83326816169372, 71.33555138482846, 65.48169266479651, 55.94348627139231, 47.706164284821085, 7.890392323204596, 8.718673177858086, 12.785872162101185, 17.78643225944048, 26.553982295558267, 16.828529532072075, 8.280813241238384, 0.0, 49.32266073510606, 56.121957058369205, 62.58607123060174, 70.42272766394301, 78.19669098499328, 76.15821225470876, 68.82613423063056, 59.84650132672323, 53.92848784627244, 48.18966118360423, 23.903287376282577, 24.984064584652575, 26.454902256126577, 32.67141152154358, 34.669989989151496, 30.82453457773809, 26.61946949927818, 22.27960279664885, 18.44939090248659, 18.951411030256985, 37.184080744745984, 36.87167841915425, 42.818352392725224, 49.93897122700501, 53.32356139540649, 53.02653420247589, 50.308187920718055, 41.50222840225837, 30.14787144819352, 31.2868123015397, 21.584596819441103, 21.33621557536615, 76.00485503757187, 68.60602391595683, 61.90250660628179, 60.51690761528474, 56.84018670354056, 55.521710205993706, 58.38309156228013, 64.13424012312564, 67.93654848394979, 70.02461924038725, 73.68779854034605, 74.41412696895108, 73.36713699345081, 66.81811239666133, 63.430257994915486, 58.861170536335145, 58.50072124049583, 59.739862711583946, 64.23608343541545, 67.6129611671065, 97.3447829267193, 95.97963066366627, 96.83250380529248, 98.80883065964066, 107.61849796744737, 111.97611631621913, 106.83742617680089, 98.29277886077406, 94.50701828154436, 89.44174130430257, 82.39276569797963, 68.04032686310089, 60.36768797024327, 55.09619255023987, 56.35978900129131], [17.343845903351685, 20.515509791154717, 28.908702485341298, 38.831232386617465, 34.81930861562832, 28.164155368278614, 25.382690545675846, 41.80108926119693, 45.92494912353812, 53.48733345063357, 63.01506257822469, 73.72639881937967, 64.97480026398236, 56.58977098737257, 49.32266073510606, 0.0, 7.727153352537398, 15.813909317014657, 25.587018150812447, 36.95885706626183, 34.981740008692604, 24.938327641367156, 14.939547309779638, 8.958561897378454, 4.907290671807918, 36.85172667005774, 46.144053668677465, 53.626929063895595, 64.54765749025024, 72.01231629482363, 70.20139182764974, 62.44648262035243, 54.71495921628714, 47.5324433330062, 41.27432262506055, 13.912582259185244, 25.977343735326787, 37.31007168734219, 47.772801792380704, 57.2115306523419, 60.049229188091765, 62.37574071123916, 64.49166541973082, 59.775016183542924, 44.66598255070529, 35.654891884837205, 29.581715926647256, 79.21118130822812, 74.70763016817357, 70.97567846856629, 74.44418545573178, 75.55226286412392, 80.86106925736175, 90.00956100039123, 90.29119315246284, 88.97193401417199, 87.11889233489244, 85.53067748189495, 82.29276926421039, 78.62893323310583, 75.90041823836727, 78.49523323961397, 80.63808867974448, 87.74544139037789, 81.6513689668915, 79.53121129055607, 76.98268325725653, 63.1047863689124, 69.88466459036225, 78.16863017615066, 89.29271966032641, 103.40298481012242, 115.92568620356695, 115.44188234623837, 118.3963279774616, 128.102712508232, 129.48272415495398, 125.42987211993507, 112.89872290808269, 106.58950834985863, 97.87697886040526, 92.36562338791275], [17.312227420681744, 17.19663411062959, 23.88310397913626, 34.061651475752306, 31.26036772552561, 26.543243817082512, 25.811229785634275, 48.440620206825706, 52.912283288929295, 60.55837817516201, 69.97543373768727, 80.33930819278473, 71.89998542935771, 63.56404767134991, 56.121957058369205, 7.727153352537398, 0.0, 8.212550702415482, 18.09309604917069, 29.846549872820916, 28.015851298886695, 17.868708134403313, 8.626550716510629, 5.689742768214131, 8.748811496242729, 44.20688872215067, 53.29117165912228, 60.621541577877196, 71.12504352929518, 78.52297669648793, 76.93687586705902, 69.41952244180692, 61.854796280283985, 54.78127916399683, 48.595724052853555, 20.571696696532104, 31.48944430103729, 41.717289594432124, 50.717093104827654, 60.59781778436219, 64.42643167168637, 67.40818426243108, 70.00624223082507, 65.82007176587003, 51.13143567203836, 42.58490194172082, 36.9978227833312, 80.85783220368269, 77.3299549399331, 74.60018629337812, 78.63919690033143, 80.28973315454107, 85.91762769320904, 95.22067982975116, 95.05662841367308, 93.28115398118922, 90.94315981287585, 88.67597305930511, 84.80107890430898, 80.70529198487515, 79.03234765346618, 82.51774483242426, 85.36324155373356, 92.79598521698425, 86.33321669523791, 83.51499100543482, 80.08481726648287, 56.60084843353442, 64.57025048401621, 74.19022623880969, 86.82340618131694, 101.78008681282545, 115.62333624877083, 116.23641035219087, 121.6000301432439, 132.25948094925496, 134.26653203624866, 130.46283049000084, 118.13596611683882, 112.21051431453124, 103.4068223974126, 97.87534335491964], [19.01126266282642, 15.293490871865782, 18.872571414847343, 28.763474184565922, 27.681281460620536, 25.53244664753431, 26.89615964514914, 54.78081955411253, 59.72019443876442, 67.48657409800197, 76.70309134929956, 86.56377123504556, 78.49542875046892, 70.22746502018424, 62.58607123060174, 15.813909317014657, 8.212550702415482, 0.0, 9.895812449525351, 21.854656124868107, 20.212090066954335, 10.322730809765895, 5.317408554988699, 9.623875155453856, 15.570004524094331, 51.82414416798006, 60.72858707044205, 67.84685646531986, 77.83253102961025, 84.98990285869286, 83.59887998768964, 76.44229958146373, 69.09128332826427, 62.10809708546936, 56.02402036872668, 27.541405316745966, 37.4547270029254, 46.55253529315934, 53.722173889831325, 63.93520211922185, 68.92493268754781, 72.5216005766148, 75.27663019423643, 71.52566775017732, 57.69451107998557, 49.421655632978315, 44.37725762218358, 82.04246585094904, 79.65414059346752, 78.08529539772452, 82.64963465533798, 84.79311050231821, 90.57324948735496, 99.85088454292583, 99.31270461268332, 97.15400990057836, 94.34914617767116, 91.4345280611028, 86.90159500591204, 82.35190796613473, 81.88199347902388, 86.25971280967963, 89.73135762659577, 97.30073883504329, 90.64112655876929, 87.19797178909151, 82.88347472849256, 49.14421857209242, 57.99584293126566, 68.94859005048885, 83.10488947040687, 98.93646735492152, 114.13887977042008, 116.00171610042348, 124.06625646513788, 135.39402077027802, 138.00694683250964, 134.46152564042868, 122.41735287616999, 117.04693462796348, 108.35613608129053, 103.16585393355142], [24.33674187402383, 17.94798098389022, 16.239945480941063, 24.16748610836988, 25.904378646793656, 27.2896321951619, 30.68152956932222, 62.558573131283374, 67.93389737250088, 75.78155714835269, 84.728231410894, 93.97394676424898, 86.36535813794113, 78.22162243461109, 70.42272766394301, 25.587018150812447, 18.09309604917069, 9.895812449525351, 0.0, 12.315985041948453, 11.294651128368113, 5.261485904130409, 12.17466521939137, 18.397932640646797, 24.763642625917797, 60.95748936817645, 69.64737287516124, 76.50676765043973, 85.88277139765373, 92.71720089515512, 91.53983818043817, 84.82266389394738, 77.73578269507375, 70.87383356168462, 64.92628873117734, 36.39989308316789, 45.39752771506301, 53.330748596827135, 58.43127747221415, 68.81942664122045, 75.03851811186979, 79.22231805687476, 81.9833426704373, 78.6426892994946, 65.90670401754726, 57.85466447367228, 53.30347779066891, 84.23267104316204, 83.20184550761631, 82.96630746726805, 88.03732595311266, 90.66462892763198, 96.4985823888795, 105.61975673894354, 104.72667664779769, 102.20505747988584, 98.92082844194734, 95.33524119399509, 90.0995024579247, 85.0702250527161, 85.99103868461386, 91.29893532700504, 95.37992651271108, 102.96634093181544, 96.21393940163318, 92.1597667487605, 86.92058303182917, 40.172825305030074, 50.19618845060976, 62.967624215932226, 79.01337582696286, 95.86534577637475, 112.65894598094464, 116.07074967034683, 127.32814673936866, 139.18962944826936, 142.42375504401605, 139.14443349405246, 127.43968282669468, 122.71893404422642, 114.20423577736071, 109.48277545744942], [31.176253065090375, 23.69225315761692, 17.16827761303113, 19.52586113730119, 25.014758461127084, 30.19618274815141, 35.15236362510353, 70.38988791831527, 76.45593491719902, 84.41335987181128, 92.87123380835611, 101.15182683263278, 94.12587192609982, 86.17246733847469, 78.19669098499328, 36.95885706626183, 29.846549872820916, 21.854656124868107, 12.315985041948453, 0.0, 3.8472326831379706, 13.076755642972952, 22.670617055775875, 28.97079465900728, 35.32410844617257, 71.1672063401445, 79.65512123402046, 86.15347799778924, 94.75524924157726, 100.9414543766295, 99.91044074516562, 93.8638097021869, 87.13659464249793, 80.390096721048, 74.65566213600887, 46.125331865778655, 53.879981817824564, 60.38082450486722, 62.72222273203399, 73.08842479088486, 80.88368830937432, 85.67210842299089, 88.04107584895489, 85.15378480771285, 74.29861349133358, 66.50904586274898, 62.88242550263197, 84.83645829918537, 85.54966341029925, 87.0268881311434, 92.58062554143244, 95.68474442407232, 101.33961034790461, 110.01300987215508, 108.78156190209367, 105.94447605236621, 102.15307521524059, 97.87692603892985, 91.85740240925611, 86.29503849722825, 88.96745562018666, 95.2955507435694, 99.95497702237927, 107.28912351014021, 100.67400490713862, 96.03554069218958, 89.78072203382929, 29.47653073040769, 38.966125837668514, 53.49695132443515, 71.51783491917631, 89.4487141070458, 107.96348983273792, 113.29307158446076, 128.49427056330805, 140.57153986599607, 144.57185457635163, 141.7271130203319, 130.7133899433229, 127.1712978839167, 119.4022254145618, 115.97117741361788], [28.53045711013362, 20.70948134681576, 13.635669964053873, 16.65571544921226, 21.578868067012415, 26.830620721416306, 32.18843830971352, 68.3847786352972, 74.66207509817939, 82.712711723443, 91.19969535840714, 99.57597667874465, 92.2867044024009, 84.20557368565082, 76.15821225470876, 34.981740008692604, 28.015851298886695, 20.212090066954335, 11.294651128368113, 3.8472326831379706, 0.0, 10.545258678167169, 20.302119409019372, 26.64455171281735, 33.0320546544048, 69.51365478077237, 78.21239717211218, 84.83628107658117, 93.72346620007599, 99.88684532125686, 98.67098996657343, 92.51200428570765, 85.6513829665136, 78.7654330310916, 72.959655713158, 43.64841519404022, 50.76676741620058, 56.89687179328344, 59.12650291686335, 69.46305596737496, 77.23468638459524, 82.10262723607053, 84.72362265189119, 82.11992789203282, 71.17338808323457, 63.80725638291709, 60.76421026856869, 81.35027547420928, 81.93619676172123, 83.36370172730169, 88.96617625436095, 92.15398847617489, 97.96447277158127, 106.83383050661828, 105.42115918333879, 102.45749332876747, 98.61792593179322, 94.29046002489703, 88.29395600674417, 82.77169497886479, 85.34710709200506, 91.70857898468452, 96.48978166935669, 104.04014931198634, 97.21234219263432, 92.45490318054478, 86.16929240098186, 32.66997118620078, 39.932937889912616, 52.827158906994725, 70.01681168508851, 87.49453896522293, 105.58224171612282, 110.46778420152748, 125.14488842339462, 137.8084375530459, 142.1491762423176, 139.6238317929867, 128.97272073751637, 125.7796216821087, 118.50083551460244, 115.50468070545021], [21.41145236472393, 14.133533177263708, 11.591285334151733, 20.241809749027976, 21.127477240103325, 22.71134253192228, 26.91480254659946, 61.027858735423614, 66.90518776853054, 74.92741297379642, 83.80139698224087, 92.96999666592716, 85.08244970968724, 76.78013540374758, 68.82613423063056, 24.938327641367156, 17.868708134403313, 10.322730809765895, 5.261485904130409, 13.076755642972952, 10.545258678167169, 0.0, 10.180424609355988, 16.733854079431012, 23.25981651502062, 60.57929574486427, 69.56264779227565, 76.52946706274786, 86.16450555907218, 92.79217247688157, 91.35494629234974, 84.6276019532258, 77.41896062433784, 70.3616307774812, 64.35241635571359, 34.44140385159671, 42.148533987561436, 49.27552201583346, 53.75463348094047, 64.11874276651147, 70.60050566216732, 75.01879124766822, 78.06522582050637, 75.23046596838134, 62.71891647151552, 55.366580387374306, 51.98297146494402, 79.15011254957716, 78.21755119835919, 78.19884153752825, 83.42465766627622, 86.25630377581726, 92.27933201413876, 101.5994469865765, 100.38472404909132, 97.628942282446, 94.18814764730347, 90.4174001370083, 85.08644928998945, 80.02955512742265, 81.0987403229257, 86.62777082048373, 90.98339205517101, 98.83159321021012, 91.80152752231075, 87.47623791425526, 82.02108106894731, 42.10025292364659, 49.32613866734191, 60.266784281803425, 75.41291625654672, 91.75553750042724, 108.1865344096633, 111.29545508914559, 122.48334766901576, 135.18672400075644, 139.05563351373445, 136.33086382037484, 125.31139180158594, 121.37249684090439, 113.78333409615242, 110.05103090323585], [14.487413951517397, 10.479170659192308, 15.401920478499234, 25.61421601775118, 23.387044444951247, 20.431379739652066, 21.942349066785486, 52.081736457643395, 57.627372938747364, 65.59998340770653, 74.68376648782144, 84.35798708925999, 76.08616396112306, 67.67915046719672, 59.84650132672323, 14.939547309779638, 8.626550716510629, 5.317408554988699, 12.17466521939137, 22.670617055775875, 20.302119409019372, 10.180424609355988, 0.0, 6.575131246558424, 13.112532761839299, 50.73410655972466, 59.89758692449807, 67.04684922303241, 77.15816069992562, 83.99559528837386, 82.35807629011052, 75.29858071608399, 67.88734698891396, 60.72272912854096, 54.615584813478996, 24.57828770667273, 33.363688570099406, 41.92034767933559, 48.53906930187567, 58.80350010523473, 64.13839713938293, 67.90460618732425, 70.64595186356223, 67.21217946885814, 53.82525152657519, 45.997505376004185, 42.153742085805185, 76.74809857851109, 74.39207306551205, 72.9865560968055, 77.63067083149653, 79.87696221337967, 85.69761024204529, 95.0359615254637, 94.3222649197277, 92.05906777500391, 89.17274544135643, 86.19196052622839, 81.61508736472547, 77.0491755250665, 76.66251500965006, 81.16265913332911, 84.76312656601748, 92.41831411299293, 85.65585736225924, 82.08600964899146, 77.65466040741111, 50.46031867889881, 56.820491263784, 66.09497057272472, 79.24309554831918, 94.58368250612695, 109.32174127245348, 110.87244169393189, 118.77418716594379, 130.4723846678351, 133.52249837957797, 130.4037113772642, 118.93916919845856, 114.31666239712585, 106.5506751622083, 102.47726238377277], [11.961423477362551, 12.186802021918384, 19.992492882527156, 30.020515952028838, 26.433589167079337, 21.00596236743306, 20.221850803202187, 46.218593837319915, 51.54089324128977, 59.474895386182276, 68.67006617174317, 78.64620976806346, 70.12787180034992, 61.6639497754395, 53.92848784627244, 8.958561897378454, 5.689742768214131, 9.623875155453856, 18.397932640646797, 28.97079465900728, 26.64455171281735, 16.733854079431012, 6.575131246558424, 0.0, 6.537495319136681, 44.379975867081946, 53.67293840742731, 60.92753884271076, 71.34101249619204, 78.26381757746945, 76.47355682808569, 69.22172993042709, 61.68664807770924, 54.44619882111629, 48.28454864596007, 18.189458299035216, 27.971868216435368, 37.63573285802829, 45.687999083736166, 55.743744437240544, 60.269963023315796, 63.52427096710874, 65.90944219094195, 62.00591131076838, 48.15688931346768, 39.90170606708938, 35.72271538609702, 75.46443930243395, 72.19852675004681, 69.88014240489561, 74.07050591906547, 75.86990873467575, 81.46461311282059, 90.72437129999966, 90.39510152691244, 88.51378395212481, 86.03388426262104, 83.6291610679192, 79.58900445200024, 75.37820024862278, 74.03412374936909, 77.78705943684307, 80.80810596682817, 88.2331914936174, 81.74498100807192, 78.75240352856291, 75.06248140594269, 55.964452287963056, 61.65076329880288, 69.88324247726209, 81.73678937783403, 96.38649786242539, 109.99270297434838, 110.56743192840543, 116.33914896137698, 127.21782256071356, 129.68888566409987, 126.30291486992209, 114.5709905993167, 109.5338797050555, 101.72310434534333, 97.53550624754693], [12.70781982672614, 16.494359692936857, 25.423108291763324, 35.06458738026219, 30.569367912507417, 23.447369007476297, 20.52606395916497, 40.58005021878887, 45.60174580200405, 53.47023135894758, 62.77985403355004, 73.08403886563151, 64.2997575056288, 55.78641649094056, 48.18966118360423, 4.907290671807918, 8.748811496242729, 15.570004524094331, 24.763642625917797, 35.32410844617257, 33.0320546544048, 23.25981651502062, 13.112532761839299, 6.537495319136681, 0.0, 38.12655472715763, 47.56537157891723, 54.932719573118845, 65.67847620740034, 72.68254699297559, 70.72071412014725, 63.25989092588543, 55.59064279161408, 48.269119623870935, 42.05016517760507, 12.028517430940067, 23.22582976874766, 34.111719735935246, 43.65370679597138, 53.33273860576779, 56.923398095702126, 59.57524985416697, 61.52975476665199, 57.09805759210958, 42.78089221770799, 34.00933576363142, 29.378614171346495, 74.73446716593357, 70.55550466720891, 67.28794583723383, 70.95791460958749, 72.25679684521636, 77.57191538898999, 86.70584556626132, 86.79864711339658, 85.33892893451343, 83.3052295008284, 81.52362198385327, 78.06757121489098, 74.25186928369676, 71.91985650065334, 74.85041676601007, 77.22461023140218, 84.3623357377424, 78.20497085162431, 75.85515460453426, 72.97906185050148, 61.623158962643835, 66.72208728145037, 74.01101104206039, 84.62447259964465, 98.55878412358398, 111.0208221462312, 110.6335279896219, 114.23118551177038, 124.2185671767716, 126.07314867446853, 122.40759308484878, 110.40983047050706, 104.93575326184238, 97.09103936072924, 92.79137143022943], [44.303155911494606, 51.91469306627808, 61.65980439457533, 69.78441588684467, 64.54496294229534, 55.22979620932109, 47.907464162217444, 20.641952246502896, 16.35019846171067, 20.32507797783, 30.00154789686427, 42.410474124559585, 33.697182767237884, 27.0531473660363, 23.903287376282577, 36.85172667005774, 44.20688872215067, 51.82414416798006, 60.95748936817645, 71.1672063401445, 69.51365478077237, 60.57929574486427, 50.73410655972466, 44.379975867081946, 38.12655472715763, 0.0, 9.88014719148055, 17.6921318076725, 30.175228979393953, 38.053150846642815, 35.57204384070644, 26.694662618188882, 18.51817496556032, 11.663048401803062, 5.946214948342516, 29.214217101864104, 35.020177999682, 45.44580924687712, 57.62617171624723, 63.13662652755938, 61.48318250170843, 59.51068090004948, 56.020234283219864, 46.81750908948845, 36.32654596771135, 24.898303452948777, 13.273948887603305, 88.73763728346503, 81.03019788953011,