{
	"dissimilarities": [[0.0, 9.032537918551904, 17.78933294167381, 24.623281221348016, 20.86730515670912, 11.873413964784389, 6.986423335102733, 39.6865310813839, 47.6185105898805, 56.01360312400677, 64.22842382599627, 72.89073050407247, 64.80280570330893, 56.5109250293636, 47.16817581004898, 17.74429406917528, 18.64433153807682, 20.073670610315094, 25.07359981311058, 31.41816961093492, 28.35393044160793, 22.065678610463443, 14.74676759519658, 12.245539484396144, 13.021087008532929, 44.397366570211645, 53.48292917215741, 60.10987764308886, 69.90206428495438, 76.68849641221665, 73.38472114096317, 67.20287216541192, 59.94760242718697, 52.72904672477857, 46.96771049409918, 17.08406066472866, 22.729388314093296, 34.158223394273435, 36.94465734198182, 47.37660476625163, 53.62961455951688, 57.5803841427507, 57.89159827228294, 54.282427959088096, 44.60388265261524, 34.86635612799144, 32.968817255045884, 65.71400274451, 62.21810183818386, 62.08275965088312, 66.3005549254324, 67.14821224661631, 72.7740748578855, 81.09693453834315, 80.1062595309114, 79.42750061399734, 76.99656212860185, 74.60080403590746, 71.1774884762422, 65.74741233976704, 65.40862707114178, 68.66461386335745, 72.21525745962482, 78.14943153743963, 73.00870747066519, 69.43880232309071, 66.2989909682644, 54.93619093022298, 58.87847565015546, 64.86775722225954, 72.73768441755543, 87.47009377771697, 97.25699749785316, 98.45732210271404, 105.32216947816582, 113.51169736951063, 117.53549399010369, 112.64951762025953, 101.22540826497635, 99.184820836113, 93.13527995712904, 93.50511781455698], [9.032537918551904, 0.0, 10.719875652460388, 18.94831836180641, 16.54582646519892, 11.969771619691704, 13.453135310952536, 48.34031710952095, 55.90824291446074, 64.05518050989095, 72.58131139195247, 81.57641153177528, 73.47613551882067, 65.15521104895247, 55.86569020002394, 18.577571529170786, 15.680537856974613, 13.770821970679817, 17.043218455918034, 23.49340851572468, 20.15570733231342, 13.326355066656223, 7.92257518383524, 9.869085824543276, 14.77995457509992, 51.13490273116751, 60.34965630993448, 67.23605407278679, 77.20835217118045, 84.53672994947716, 81.36971890795353, 74.84535821708877, 67.5018334856945, 60.265699202485905, 54.31235763924842, 22.823374315917686, 28.903281357470558, 39.10813731169843, 41.64415892157176, 52.20297983055719, 58.63253970269411, 63.09626211013558, 64.87602571768626, 62.13183997497049, 51.15294750717149, 42.49409995543883, 40.3372456512055, 69.19319799520053, 66.32132793584809, 66.96955347973802, 71.78371631269826, 73.30712591847173, 79.64975068874158, 88.56171266548964, 86.95983817985471, 85.51962148160318, 82.52361318264724, 79.36155773958022, 75.27980779770103, 69.64319465594134, 70.07782397781725, 74.16638089068158, 78.63747800743432, 85.33018517175121, 79.43515894886433, 74.95579785594684, 70.9798394735083, 49.34462213891737, 55.29839575965653, 63.071980226525895, 72.78858609696081, 88.37031833274054, 99.64107629145563, 101.76907845358517, 110.53115206891754, 120.73592895249493, 125.65985268860236, 121.1779556372207, 110.05196865035167, 108.064026198774, 101.62136932555813, 101.13650133966252], [17.78933294167381, 10.719875652460388, 0.0, 8.63676861012792, 8.096555471967447, 12.566353962401344, 18.736552218117957, 57.29523205562705, 65.37089650046276, 73.7689107872408, 81.90670620124072, 90.15772806088171, 82.31946031475991, 74.08292614198564, 64.70900508385517, 28.918160436176436, 24.66305289577138, 19.770717393165604, 17.277549001775167, 17.88584393292835, 13.549945281910622, 12.750199945406386, 15.42864680785937, 19.925181615320252, 25.354694149991403, 61.608870474036735, 70.75758540753844, 77.48451104741537, 87.06661248903703, 93.87341524548181, 90.85092432670157, 84.7594425171977, 77.56855692197453, 70.37586722443703, 64.53730315035126, 33.11464926101628, 37.00959451782637, 44.81565523715598, 44.071605106560725, 54.614939996475854, 62.53415036893087, 67.9171214308574, 70.222112724607, 68.47183191515174, 58.77816858745379, 51.433920782567895, 50.43120369815393, 67.86500283920921, 66.72725625575092, 69.22059028399696, 74.75993362781351, 77.14679709103147, 83.69517309089561, 92.65197104257312, 90.22732562990352, 88.09396808421616, 84.44276789157196, 80.23605264865009, 75.04224444232666, 69.0472119583981, 71.32159746418345, 76.80861242818705, 82.151088817472, 89.09402712740182, 82.82796869959158, 77.47593102039582, 72.11430207389337, 42.856569900824084, 46.68019836645937, 54.301887334314806, 65.24269651687312, 81.59803989003385, 94.62294464783837, 98.32893142193808, 110.6442928966089, 122.55078827979622, 128.8297457526041, 125.28423417141724, 115.2928684282759, 114.51760165995817, 108.99415372797658, 109.55671902711366], [24.623281221348016, 18.94831836180641, 8.63676861012792, 0.0, 6.573077654864042, 16.993326025514925, 23.75547264755601, 62.984402101155695, 71.41228864849762, 80.00968290799321, 87.65783992730236, 95.05866912462706, 87.62762346970054, 79.61378937533001, 70.22522914712026, 37.3941075179334, 33.072409882737276, 27.5536709229374, 22.83354516339644, 18.447325230381153, 14.534886624908879, 19.132167609694783, 23.852244018869467, 28.43828035604676, 33.710517117357945, 68.92569518314475, 77.8851091166396, 84.32682335527716, 93.33797031500677, 99.48012675895633, 96.64995954705203, 91.11962135262542, 84.18547748828514, 77.1138727373009, 71.47548825613427, 40.87838309781786, 43.64288657311626, 50.17658078052606, 46.778531557839656, 57.08240525749685, 66.2081772677766, 72.10561873417569, 74.10549707966244, 72.74999891175072, 64.78541054616306, 57.899427261455514, 57.5236701398308, 67.0029213989113, 67.42778338026912, 71.34879370211296, 77.22532493272084, 80.04768794403823, 86.32758482003254, 94.88360369007853, 92.0512828174459, 89.71080618312871, 85.75372652602334, 80.94093508169398, 74.97567925827953, 68.7499654965675, 72.53448947731327, 78.92060684787144, 84.5486422044637, 91.21196601375988, 85.09873125697148, 79.45254903876054, 73.19961291468887, 38.574284713826934, 38.931071880891665, 46.032067520536195, 57.96170969987139, 75.12841244310663, 89.62493486947753, 94.80378134829459, 110.07283148527537, 122.30453704616895, 129.23922779022755, 126.29424631802704, 117.09933345503501, 117.24541395118048, 112.49937601297056, 114.13271931129786], [20.86730515670912, 16.54582646519892, 8.096555471967447, 6.573077654864042, 0.0, 11.237627720680464, 18.921435192746323, 58.44725140929039, 67.1789086080188, 75.89188635172201, 83.48420297171594, 90.91813985878373, 83.15624629295911, 74.94731257896551, 65.60227788577689, 34.857659411366306, 31.724963390657415, 27.63885377950097, 25.207061905024155, 23.572334907870285, 19.281512544808663, 20.735293404744553, 22.74017407171658, 26.1881044457118, 30.69232543195654, 65.14657308736801, 74.25402072896169, 80.76434484014041, 90.14938135195617, 96.16651344571834, 93.01461209575895, 87.43530168052756, 80.33597612265152, 73.148077434391, 67.51152950782023, 36.71801393237834, 38.01458648726872, 43.86018481548328, 40.22477746187988, 50.56007607352574, 59.650344144456156, 65.5579738574352, 67.64669772101821, 66.5542550909697, 58.71118225368937, 52.49273476567619, 53.11275693200409, 61.38500755523064, 61.275466817177296, 64.88902144181614, 70.71722530478358, 73.51742597023357, 79.9092199589405, 88.67667100988368, 85.77791858776527, 83.3737448838283, 79.45301079882374, 74.78716242652712, 69.06428396901305, 62.90804414883811, 66.245729025635, 72.46071615791129, 78.09964669608424, 84.95078630391559, 78.67023622810153, 73.01470334072637, 66.9401151975725, 44.8868454788443, 43.757700983708965, 48.05962473893974, 57.67024943883843, 73.59414941327172, 86.60168450820179, 90.64377748300787, 104.3794326467052, 116.96070422265842, 124.2046449331983, 121.46053984764713, 112.65607484716213, 113.24815092435185, 109.23356255353774, 111.58764360914272], [11.873413964784389, 11.969771619691704, 12.566353962401344, 16.993326025514925, 11.237627720680464, 0.0, 8.68979518648518, 47.787146179468024, 56.61370203467654, 65.34183579438896, 73.02446761651146, 80.82830821071903, 72.65815079018431, 64.23818098563213, 54.93610506877165, 27.440335214352174, 26.71859423165697, 25.610339231687284, 27.31769744435043, 30.103005056628444, 26.00192686036825, 22.820779389492746, 19.5222136946154, 20.100363810805415, 22.67287229204593, 54.820722275243575, 64.00791001529086, 70.5703300631503, 80.37755095881326, 86.45396339422467, 82.95697538475014, 77.19034379545546, 69.91702252692983, 62.63538433120666, 57.003815749499815, 26.58404000388312, 27.06145135911369, 34.05600978111943, 32.36399975047036, 43.037194232783605, 51.19972620860952, 56.471373817712305, 57.9556477203101, 56.221784536687984, 47.92843974195091, 41.259645846018714, 42.32092996587885, 57.86456333351206, 55.89269388686978, 57.777903671334386, 62.9878374848738, 65.04743108066847, 71.28080868838954, 80.11100892601712, 77.8416766579319, 76.03054486665116, 72.69740178794281, 69.02981391484269, 64.41142376350776, 58.576548180488594, 60.060505345166035, 65.01654221859809, 69.89929706077824, 76.60172036578251, 70.57241236676438, 65.6750532840817, 60.86133748938856, 53.13333010055719, 52.90768680110549, 55.9933201234601, 63.07671563306419, 77.43736752600525, 87.86110321260735, 89.80381212652453, 99.54074230594361, 110.7439067558689, 117.09242537047348, 113.76212240966517, 104.39524228797313, 104.52416414487024, 100.54386419093935, 102.97471367932226], [6.986423335102733, 13.453135310952536, 18.736552218117957, 23.75547264755601, 18.921435192746323, 8.68979518648518, 0.0, 39.53879241325919, 48.296297902850334, 57.05621141450011, 64.62223740138812, 72.37444056300694, 64.3723795891918, 56.103481271750944, 46.74322990257388, 24.20554661493396, 25.449025447687106, 26.317066564672896, 29.996406350371956, 34.38890940552507, 30.948436382459143, 26.44148007731042, 20.600568324073585, 18.83445758961561, 19.30867139043712, 47.25988484878018, 56.1693432707482, 62.470728590122924, 71.94210300128996, 77.82494716431718, 74.40128057332123, 68.82614793028924, 61.72617518233795, 54.56632938996844, 49.1026506185349, 20.929949789741137, 22.624972694755613, 32.100717318799546, 32.070463895126224, 42.60612949276271, 50.033648907878444, 54.4382114826735, 54.233144024716076, 51.04612819305097, 43.46237210882727, 34.78475635310309, 34.94450197431938, 59.5966176829877, 56.70704652950434, 57.32405522861638, 61.71478128291537, 62.79718911848008, 68.18596476820852, 76.29173533138557, 74.99569490295511, 74.24438877589208, 71.68506980888584, 69.0591656521508, 65.33532642088497, 59.77803316661583, 60.1035107406395, 63.830679695740756, 67.47856242861317, 73.22179850856034, 68.1832377183259, 64.50984836494537, 60.9183410701979, 56.30539212441968, 56.887882024226684, 60.44840026642291, 66.8961017454364, 81.03915677464423, 90.4089787293398, 91.62789012450037, 99.2064580359466, 107.55270512622211, 112.2429424727025, 107.95809174668548, 97.4846030082533, 96.69794365421494, 92.11186143048452, 94.32229142071867], [39.6865310813839, 48.34031710952095, 57.29523205562705, 62.984402101155695, 58.44725140929039, 47.787146179468024, 39.53879241325919, 0.0, 9.89930200006046, 18.823605865988934, 25.441450406159884, 34.320048473798224, 25.27209356394294, 16.84705887444681, 7.5639222506614265, 40.801438577085456, 47.92738847064369, 54.199979905007815, 61.951825868751484, 69.67841351275389, 67.3765742656955, 60.31890408172044, 51.06778782874024, 45.16774992530477, 39.50732793386175, 20.251986759979527, 24.589371165921058, 28.22823699148753, 36.88591894933064, 41.27237322521593, 36.64202701546098, 31.726010816713057, 25.28741234298917, 19.324567999061042, 16.918192299760456, 30.0231551586284, 30.0562662262562, 38.60990930057892, 45.5209228901136, 50.29242628681918, 50.84953176122097, 49.67464620170514, 42.26145247880708, 32.5286208286774, 31.069385020911405, 17.746366967601734, 15.288798501867472, 72.7123518576403, 65.63402940046672, 59.966295826689944, 59.620120759930046, 55.92040728332511, 56.8377038559816, 61.016868423756044, 64.60901421615932, 68.47165770583952, 69.81522543254461, 72.36880360734843, 73.53990767050576, 70.45465307449855, 64.87169835212417, 61.97157417087367, 59.44228963991295, 60.52381824067128, 60.30498683028026, 62.73902861456521, 65.68891840164495, 88.90626169698064, 90.7138004261451, 92.90895688332617, 94.8376806458203, 105.08146740448109, 107.78986586039981, 104.02324351178157, 98.61211092690962, 95.7682861503522, 93.27472869509418, 84.98390106226873, 70.25808615409655, 65.05473857323659, 59.00894749842683, 61.18671857316743], [47.6185105898805, 55.90824291446074, 65.37089650046276, 71.41228864849762, 67.1789086080188, 56.61370203467654, 48.296297902850334, 9.89930200006046, 0.0, 9.025092274677306, 16.8454493824432, 27.85222169079725, 18.92322010544667, 11.827350229305546, 7.675423638974334, 46.08746706805157, 53.36322193194195, 60.080581426552406, 68.22311043634767, 76.5589789423232, 74.6007191021149, 67.11862087327621, 57.713087752934356, 51.631964050067914, 45.709431729598755, 16.505963643914434, 16.920985203178066, 18.920511214197465, 27.359207206796107, 32.35033537849075, 27.43119699442089, 21.858451507516513, 15.5371142991683, 10.594218846313257, 11.067626815456375, 36.43819901306454, 37.98677630601773, 46.53824022490011, 54.74516425002791, 58.90462115377659, 58.13072900294799, 55.97125772611698, 48.26316573370212, 38.07082475123388, 36.51345461418962, 24.213427406484588, 19.163679545346454, 81.71077874616472, 74.15745120412625, 67.63966740710094, 66.58774832633044, 62.21027164187084, 62.40740898561134, 65.6412889618803, 70.2190929905848, 74.78688649511835, 76.76588368828158, 80.07151058459844, 81.92819784834353, 79.21422815258501, 72.87721673578389, 68.99602586149174, 65.55379902077655, 65.78909909533523, 66.44590649656219, 69.7912539933579, 73.70175790381415, 95.36426029486054, 98.71037952489765, 101.96274055407798, 104.25821250151336, 114.55856260372968, 116.89033100417393, 112.69983673904092, 105.36935515949375, 100.266732583421, 95.69689003221241, 86.14275464653046, 69.8364632504409, 62.12429096176061, 53.8777008705495, 53.68563304246412], [56.01360312400677, 64.05518050989095, 73.7689107872408, 80.00968290799321, 75.89188635172201, 65.34183579438896, 57.05621141450011, 18.823605865988934, 9.025092274677306, 0.0, 10.153221756775334, 23.302657774515446, 15.215230269028238, 11.913080022546227, 14.528286463063221, 52.89784096393373, 60.22362604163581, 67.21254803079428, 75.5968423042398, 84.31703846150178, 82.54523830028415, 74.78478573416099, 65.30017130437446, 59.13261004056108, 53.08030932653978, 18.650968391447158, 13.996392935770091, 12.437133786014362, 19.95291867963853, 25.240991558064398, 19.69679233513533, 13.286941604765296, 7.640116544985685, 7.467230898005695, 12.720798032345963, 43.951764451642006, 45.84502618488716, 53.847353510592754, 62.80598818735546, 66.26985530270456, 64.37075598763845, 61.37940845931324, 53.424812412233976, 43.13766704684603, 41.98731808723054, 31.278166915499426, 25.991198240999775, 89.25686084284827, 81.26705296432966, 74.00841139164439, 72.30203096368496, 67.35740255492416, 66.88949977680733, 69.26887634304593, 74.64121235996137, 79.78325872001115, 82.33034183385763, 86.3241439451418, 88.84144591527502, 86.51805655426246, 79.484719817961, 74.71980560684072, 70.47352727316074, 69.9689235384775, 71.37904636186008, 75.52708250412137, 80.30565288850815, 102.8756085940455, 107.0683469704648, 110.73702267933879, 112.96791682141648, 123.00504709735057, 124.6956041948837, 119.92021939250436, 110.5977612971962, 103.63732970480773, 97.39948006642359, 86.91772400160546, 69.63173602427565, 59.983025755067565, 50.27793202794837, 48.13840001387005], [64.22842382599627, 72.58131139195247, 81.90670620124072, 87.65783992730236, 83.48420297171594, 73.02446761651146, 64.62223740138812, 25.441450406159884, 16.8454493824432, 10.153221756775334, 0.0, 13.575585825387021, 7.692216989144354, 11.891358681226547, 19.088904768160848, 62.49681893388676, 69.72060018733048, 76.4545822895117, 84.51434997931926, 92.69925103562177, 90.93751786413668, 83.65239406837014, 74.35573269245874, 68.30830240212832, 62.392317973715585, 28.774744993670144, 22.96308174920925, 18.440356494426563, 19.06081075761165, 19.083220981171443, 13.066939393872994, 12.363453395034373, 13.448065238089974, 17.295607828386803, 22.872906008614663, 53.19338285867622, 54.08412652972706, 60.917992019487784, 68.5047838204351, 71.0411257101348, 69.07567259288568, 65.61237347878644, 56.00781040573364, 45.34286037354955, 48.17801171783964, 39.00695812633775, 35.412802953364285, 92.6116610064208, 84.85264135084458, 77.48552910697624, 75.03401496876405, 69.46075107514015, 67.38637492948885, 67.79458128025946, 74.21192420756513, 80.45794535130501, 83.77577984936222, 88.54402416337167, 91.6263838129117, 89.71720543822005, 82.56983009788831, 77.1050159093917, 71.58056132523966, 69.2596275111523, 72.36062065697365, 77.78332260103012, 83.27347317866167, 109.92108172530237, 112.80478114827251, 115.48110824595634, 116.58670480814547, 125.75207980035205, 126.29020107791096, 121.0568432512953, 110.25773394112913, 99.70708492781026, 91.30633574140413, 79.85019393961244, 61.674086536542575, 50.83886641735721, 41.40422612240982, 41.381909273617474], [72.89073050407247, 81.57641153177528, 90.15772806088171, 95.05866912462706, 90.91813985878373, 80.82830821071903, 72.37444056300694, 34.320048473798224, 27.85222169079725, 23.302657774515446, 13.575585825387021, 0.0, 10.89858543086606, 19.884330287934894, 27.433711208437455, 73.49887365327601, 80.43878051640553, 86.61990425633888, 94.01766627203449, 101.19531024646425, 99.45621693722855, 93.06211022848034, 84.2035380515758, 78.45045925686561, 72.87285690477522, 41.806681197650285, 36.224764557484455, 31.009741931734112, 26.54746403136211, 19.29368148223312, 16.138772693324267, 22.636512666515618, 26.555506988796523, 30.62013593819854, 35.8479722556151, 63.81984076574082, 63.77600942301289, 69.58779411418156, 74.79694585525776, 76.54550746742004, 75.31028931160154, 71.81341625404113, 60.31613241068354, 49.56800663786165, 57.129583200242564, 49.02687922712774, 46.90004678891752, 95.4992723737614, 88.58637374293752, 81.75205376494756, 78.71959867593077, 72.72199574615496, 68.66662652709151, 66.3875005890711, 73.84072598090738, 81.36517851322282, 85.42847542082139, 90.80618555064225, 94.18795272730958, 92.61871684634622, 85.98278962337116, 80.22149671540609, 73.41598922751086, 68.70628498500994, 73.968281195239, 80.68059855815105, 86.4987109504162, 116.220025047263, 116.9641263215007, 118.24013596806795, 117.9405077045631, 126.09198834434078, 125.50488922713798, 120.21831980282725, 108.87427277778046, 93.37648930178044, 82.08347564776123, 69.33873066359509, 49.78144639002363, 37.44235072781544, 29.114607319636345, 35.158094720849206], [64.80280570330893, 73.47613551882067, 82.31946031475991, 87.62762346970054, 83.15624629295911, 72.65815079018431, 64.3723795891918, 25.27209356394294, 18.92322010544667, 15.215230269028238, 7.692216989144354, 10.89858543086606, 0.0, 9.308904071492467, 17.939396227824755, 64.85455199027659, 72.11788365138796, 78.64310722139498, 86.46231813376005, 94.13091531296261, 92.1069593482059, 85.2021025498112, 75.98218960048426, 70.01433036207071, 64.19302057925489, 33.27096885822188, 29.056138134479777, 25.624614210194796, 26.44097343849793, 24.190271566512784, 18.747711684644102, 19.9851251954646, 20.377041866404188, 22.585286163374022, 27.23519268745588, 54.63807026784878, 53.828101752362485, 59.29522132150426, 65.5209025569361, 67.2939436097487, 65.50780966920681, 61.96360998700335, 51.25967247644449, 40.486114293812356, 46.416785308748025, 38.587353712821745, 37.292280642789805, 87.72714403768751, 80.1597193585868, 72.87909235658012, 70.07915423876453, 64.27062894263217, 61.3615694901158, 60.91724089840643, 67.64769217681105, 74.34621278702524, 77.97194091818801, 83.05726281600735, 86.39534552378562, 84.74164911488879, 77.61419521461669, 71.89677682527068, 65.78754047331181, 62.62129509126736, 66.48142608617631, 72.4818734552963, 78.23645620247966, 111.19859909626972, 112.2076585105933, 113.26094023890526, 113.04236318108082, 121.18195547264091, 120.6932748597855, 114.98281644046855, 103.50351321487643, 92.06519629151889, 83.72762485703377, 72.54239859861367, 55.02409271845522, 45.83892989668499, 39.66652719545322, 44.18914017361696], [56.5109250293636, 65.15521104895247, 74.08292614198564, 79.61378937533001, 74.94731257896551, 64.23818098563213, 56.103481271750944, 16.84705887444681, 11.827350229305546, 11.913080022546227, 11.891358681226547, 19.884330287934894, 9.308904071492467, 0.0, 9.399487421455383, 56.54337008084619, 63.94423868768498, 70.57848186577682, 78.56549816373746, 86.43377771964376, 84.20240401463964, 77.0567766479846, 67.67650501530903, 61.630430178695164, 55.72702908648517, 26.764706668363303, 25.01370690192057, 24.232415066705546, 29.484416598098765, 30.60029730934508, 24.9001684576304, 22.462468306522346, 19.065537215518948, 17.96038699820427, 20.948559186622905, 45.8970894324945, 44.57707797942759, 50.17691960807688, 57.01887901271137, 59.24583873246757, 57.56100306789641, 54.38754101660319, 44.56917183721824, 33.8057482891426, 37.73812802389513, 29.28508784063208, 28.670044145836016, 80.78798305593605, 72.9659480028577, 65.72307067577461, 63.469266649567054, 58.120585594026124, 56.51287847092064, 57.91792428051905, 63.66186037983442, 69.41411685892525, 72.39645128593752, 76.87929167801961, 79.81346235234301, 77.86888945494526, 70.75097444509082, 65.54731477687932, 60.437433006512194, 58.86747585502911, 61.236391796890466, 66.22984866846318, 71.46150848313751, 104.8297173306319, 105.95912736196783, 106.97384968184821, 107.0724515077308, 115.49932826468323, 115.5741063304383, 109.9922738226483, 99.57956519759891, 91.74072066767363, 85.96978082837855, 76.11654787731987, 60.1268904163266, 53.11875602981422, 47.80670961588728, 51.62055977151048], [47.16817581004898, 55.86569020002394, 64.70900508385517, 70.22522914712026, 65.60227788577689, 54.93610506877165, 46.74322990257388, 7.5639222506614265, 7.675423638974334, 14.528286463063221, 19.088904768160848, 27.433711208437455, 17.939396227824755, 9.399487421455383, 0.0, 48.071176466353954, 55.310653920673154, 61.69828718997069, 69.49200998103214, 77.17209950957962, 74.88571339868662, 67.88279952758799, 58.614102594892444, 52.676226964267414, 46.934067337314346, 22.739668784412782, 24.274408722721898, 26.028506222443617, 33.3407685237885, 36.26173246766941, 31.20607355828115, 27.343043460799617, 21.9489788963491, 17.696750989028608, 17.808351644111507, 37.26376382231092, 36.35846808896857, 43.2804693732617, 49.912207413885376, 53.4151481036471, 53.02651250734401, 50.93146538328428, 42.0859332514312, 31.57372147167049, 33.237326253614164, 22.26261751062828, 21.18226774764747, 75.35590638629435, 67.96770494294644, 61.594887628844724, 60.3437550231993, 55.83963533806071, 55.51247490017884, 58.397885429936764, 62.98815851059884, 67.78627112218034, 69.90249003028637, 73.3657589013756, 75.3489754594239, 72.78389737714646, 66.51568222761283, 62.54534827856044, 58.75752146168738, 58.54584959849846, 59.583404367932125, 63.262736710888895, 67.27454893304015, 95.8592236167393, 97.07716925337229, 98.52364698581012, 99.44366730080243, 108.77107911833444, 110.19633948222739, 105.5950226603196, 97.96907443957662, 92.75925961548876, 88.84803398983618, 79.89694750318435, 64.64236815367344, 58.8702816271003, 53.338518256517226, 56.59204890519891], [17.74429406917528, 18.577571529170786, 28.918160436176436, 37.3941075179334, 34.857659411366306, 27.440335214352174, 24.20554661493396, 40.801438577085456, 46.08746706805157, 52.89784096393373, 62.49681893388676, 73.49887365327601, 64.85455199027659, 56.54337008084619, 48.071176466353954, 0.0, 7.995888579565186, 15.99790223937917, 25.744117160748594, 36.75725192199969, 34.73774413948177, 24.712403020952877, 14.928651279664246, 9.029037023497024, 4.987658231353067, 36.87215268932243, 46.168883569232435, 53.65858950648693, 64.83928183612448, 73.9023446820611, 70.44684477277188, 62.53188945695258, 54.79390879994569, 47.607259061200246, 41.33828158565398, 12.467302089303285, 24.540443723658704, 37.59344876960864, 46.758630961499435, 56.08659145835359, 58.82829496663292, 61.30124974321781, 63.1059897973277, 59.052186475367364, 44.45747961327258, 34.22112424397704, 28.613476471262526, 78.05344412699947, 72.49592548721961, 69.99665303580835, 73.4921706611786, 73.65830079271355, 79.90489160845118, 88.94167647139018, 88.60343388081306, 87.9871075821794, 85.98724725230097, 84.44962689313478, 82.23151031956645, 77.419968358289, 74.81476843216872, 76.47637730266419, 79.68122906180382, 86.27121771311595, 80.71040222051855, 77.49863327791742, 75.89868587860306, 62.694356284936404, 72.53244252395702, 81.25909021835862, 90.07560442559095, 104.59137162383404, 113.62925216942617, 113.45715591331485, 116.57471582248239, 125.02848164309123, 127.96049608069755, 122.01484441005786, 109.06130785339788, 104.60624716547065, 96.06278696537693, 92.50532936093376], [18.64433153807682, 15.680537856974613, 24.66305289577138, 33.072409882737276, 31.724963390657415, 26.71859423165697, 25.449025447687106, 47.92738847064369, 53.36322193194195, 60.22362604163581, 69.72060018733048, 80.43878051640553, 72.11788365138796, 63.94423868768498, 55.310653920673154, 7.995888579565186, 0.0, 8.28670637931151, 18.208718929266308, 29.720032841722244, 28.051498602876407, 17.777052485005324, 9.304635215335527, 6.818521935503983, 9.546194031678855, 44.2820625468236, 53.31699501160958, 60.652357927973775, 71.3278048291412, 80.38510600285218, 77.26950036189709, 69.53028738699986, 62.01148897296058, 54.97400200526522, 48.782691008749175, 19.76366760927255, 30.737355846464684, 42.92100812940303, 50.578358661233445, 60.37738760085145, 64.03011186240184, 67.13859332397709, 69.48273900829757, 65.88411063466079, 51.5499895484553, 41.80888933247995, 36.408551825946184, 80.77802584401725, 76.10244605460329, 74.62451279720385, 78.667308863012, 79.37870129160649, 85.91168396257464, 95.10508195080276, 94.32881937789656, 93.29056319710497, 90.85490507776889, 88.64247067548634, 85.70638333077063, 80.5815759134495, 78.99967478853065, 81.54436908597921, 85.37307730315759, 92.23113463075133, 86.357218002067, 82.5264423976481, 80.05248056590848, 56.23038798894683, 67.71845980130887, 78.05524457370406, 88.445571181192, 103.9291807539063, 114.4540131426903, 115.42270985471991, 120.82250022159513, 130.22344327310418, 133.66554773532863, 127.96674803915649, 115.14301139008259, 110.82016739024166, 101.97832801438403, 98.05559030206109], [20.073670610315094, 13.770821970679817, 19.770717393165604, 27.5536709229374, 27.63885377950097, 25.610339231687284, 26.317066564672896, 54.199979905007815, 60.080581426552406, 67.21254803079428, 76.4545822895117, 86.61990425633888, 78.64310722139498, 70.57848186577682, 61.69828718997069, 15.99790223937917, 8.28670637931151, 0.0, 9.933656002644092, 21.620292364771267, 20.258027795015014, 10.171684145896977, 6.347379028781566, 10.290980233221957, 16.02235118648587, 51.88738030767129, 60.76323918543252, 67.8794427364124, 77.96696675147837, 86.67661425377828, 83.86032726580034, 76.51162181278504, 69.21742163187369, 62.261299680767074, 56.16710450422562, 26.659274391728918, 36.48104753853153, 47.820039241642924, 53.40741856657798, 63.61774927358623, 68.45961410782938, 72.25279361258401, 74.77245102783787, 71.56323584837668, 58.10443081563071, 48.672983581554504, 43.76520566091419, 81.9799091665632, 78.41605514838432, 78.14660041108039, 82.71604874557528, 83.95471860058788, 90.59352510821955, 99.76735112663613, 98.55426647414517, 97.1766976682586, 94.33071763856356, 91.43784142389984, 87.72370888172988, 82.26901770382226, 81.90972061056056, 85.40196518876648, 89.76213510587723, 96.70277744173231, 90.6716169682824, 86.30997026476626, 82.90104117252213, 48.6356365535225, 61.06215592534162, 72.74239019394888, 84.59039716386484, 101.00630435027678, 113.04347389368067, 115.30113980134168, 123.31263998032014, 133.41113897724367, 137.407688303397, 132.0642457101932, 119.56560504046341, 115.6823690026861, 106.9356538219012, 103.28325980564365], [25.07359981311058, 17.043218455918034, 17.277549001775167, 22.83354516339644, 25.207061905024155, 27.31769744435043, 29.996406350371956, 61.951825868751484, 68.22311043634767, 75.5968423042398, 84.51434997931926, 94.01766627203449, 86.46231813376005, 78.56549816373746, 69.49200998103214, 25.744117160748594, 18.208718929266308, 9.933656002644092, 0.0, 12.010918618958994, 11.588901353963365, 5.337857290154825, 12.722742010470977, 18.7589467780203, 25.056414041807145, 61.00720663629678, 69.69206405185501, 76.54766697219948, 85.96490617794736, 94.22806271609798, 91.74533031336037, 84.86407306637851, 77.83804241298559, 70.99365828484267, 65.03051156649205, 35.504852277321845, 44.24432044767529, 54.64590948964596, 57.950859921335486, 68.41372029420808, 74.49571959417753, 78.95327599427708, 81.5186238383725, 78.67584315135356, 66.31459074254873, 57.153068630881556, 52.68959598140419, 84.21646168990594, 81.98959133539864, 83.069051011994, 88.14518694006962, 89.9112751039659, 96.55623591762003, 105.59235889206727, 103.94144486195911, 102.25026902429478, 98.99669976490665, 95.39240375879946, 90.83785838368019, 85.06000246117543, 86.0997845026417, 90.5871629197738, 95.439087777207, 102.3552028612644, 96.25608833139255, 91.40060727118525, 87.00722055687156, 39.57555732565687, 53.23371312041474, 66.72180091489639, 80.39917453841585, 97.89952092574067, 111.7409123462326, 115.57737867323914, 126.63928411617765, 137.33010439907065, 141.87926110810054, 136.9338237195354, 124.8279519897187, 121.44882542661955, 112.8564152257745, 109.57582491136878], [31.41816961093492, 23.49340851572468, 17.88584393292835, 18.447325230381153, 23.572334907870285, 30.103005056628444, 34.38890940552507, 69.67841351275389, 76.5589789423232, 84.31703846150178, 92.69925103562177, 101.19531024646425, 94.13091531296261, 86.43377771964376, 77.17209950957962, 36.75725192199969, 29.720032841722244, 21.620292364771267, 12.010918618958994, 0.0, 4.72921459493709, 13.06628015715609, 22.602529121091624, 28.833444368793646, 35.200026707901884, 71.00286003480296, 79.54223916712459, 86.06538027839929, 94.7300119029896, 102.17743669621147, 99.98654348869584, 93.80710859598972, 87.07906228233992, 80.32276452034492, 74.5467708691139, 45.04382618797282, 52.31701715101694, 61.56436117518867, 61.93850980807103, 72.47063730365278, 80.0720429689348, 85.24856506641274, 87.53686825023597, 85.09886014089957, 74.54449215298601, 65.73077911849136, 62.09137423709033, 84.8501740968821, 84.33989226979605, 87.05348910509484, 92.61385086484339, 94.9249749298654, 101.36109575509158, 110.02339958064964, 107.89040068144189, 105.93969104226953, 102.28781945723806, 97.93039045858656, 92.43707459173676, 86.34106075806238, 89.09661284074696, 94.6893006705989, 99.95459326199821, 106.62533657649566, 100.63560551059369, 95.3601904689353, 89.87415949721682, 29.104183225059817, 42.370208814518875, 57.484725808356195, 73.0506801829667, 91.65459768831428, 107.47251311183103, 113.2052194148227, 127.91818214730509, 138.97827504410583, 144.21389507009422, 139.88266089213167, 128.53499357169227, 126.11066410397578, 118.22314063709126, 116.08996096812707], [28.35393044160793, 20.15570733231342, 13.549945281910622, 14.534886624908879, 19.281512544808663, 26.00192686036825, 30.948436382459143, 67.3765742656955, 74.6007191021149, 82.54523830028415, 90.93751786413668, 99.45621693722855, 92.1069593482059, 84.20240401463964, 74.88571339868662, 34.73774413948177, 28.051498602876407, 20.258027795015014, 11.588901353963365, 4.72921459493709, 0.0, 10.611862773487653, 20.048773603481116, 26.33415481917375, 32.740053998130975, 69.32400013388059, 78.11345141694927, 84.77294211749589, 93.8116446070092, 101.17734109287487, 98.7237168142032, 92.48234707629938, 85.56191605133947, 78.6372101716064, 72.7859782268938, 42.34821309058863, 48.74124097620979, 57.427648495142286, 57.51938884734751, 68.00207063605423, 75.66071286301585, 80.95952092383797, 83.51154765902972, 81.4203879452445, 70.87490405213661, 62.643433994728525, 59.75336592081124, 80.36772032470597, 79.7747553770007, 82.535008091982, 88.17483609556362, 90.62006996763665, 97.21852034579672, 106.0840964478921, 103.75296265910761, 101.60388413005826, 97.85474630119647, 93.41385260385009, 87.91117943061356, 81.83562463534354, 84.56235008008802, 90.24643900030678, 95.69163245064695, 102.58735361839545, 96.37360042382832, 90.9198482442086, 85.34578649204668, 32.596271731493665, 43.009086045969504, 56.148255663994, 70.69937919826674, 88.74123876985776, 103.98334973297294, 109.26309011395041, 123.57268472579567, 135.32034207023787, 141.07236276933784, 137.0710978043161, 126.20859800633481, 124.31769390886221, 117.11453283229382, 115.6931252066787], [22.065678610463443, 13.326355066656223, 12.750199945406386, 19.132167609694783, 20.735293404744553, 22.820779389492746, 26.44148007731042, 60.31890408172044, 67.11862087327621, 74.78478573416099, 83.65239406837014, 93.06211022848034, 85.2021025498112, 77.0567766479846, 67.88279952758799, 24.712403020952877, 17.777052485005324, 10.171684145896977, 5.337857290154825, 13.06628015715609, 10.611862773487653, 0.0, 10.16461992255431, 16.67724673779965, 23.20891299593777, 60.46517084227781, 69.46793692433161, 76.45941069425898, 86.25786869662112, 94.30467079303551, 91.527531602144, 84.65832545817688, 77.42154158374346, 70.36656059388827, 64.32370775302644, 33.37853875741521, 40.800482745795655, 50.417711247150244, 53.17789087403834, 63.60712553482382, 69.89341267614225, 74.5863685194896, 77.4881086802409, 75.13122409697596, 62.898377294483694, 54.52742406733201, 51.16507832174929, 79.12696717513798, 76.94077200522035, 78.21802225568462, 83.44818225778404, 85.44133445144286, 92.2876152886284, 101.55550550338297, 99.60332044951991, 97.6321147808565, 94.21314710608209, 90.4288934457745, 85.7757161460514, 79.99743500717159, 81.14864593101184, 85.85666225197119, 90.98638033906414, 98.1742709950396, 91.79286584092137, 86.66179396189212, 82.05330382718252, 41.738013479068286, 52.70916059181092, 64.33749929139233, 77.05128598726664, 93.96446591831985, 107.31883201698521, 110.81600048538662, 121.76827797523087, 133.34880472823983, 138.60801718026372, 134.13851835356235, 122.71793945659077, 120.11056631756912, 112.45137054330739, 110.20224347137838], [14.74676759519658, 7.92257518383524, 15.42864680785937, 23.852244018869467, 22.74017407171658, 19.5222136946154, 20.600568324073585, 51.06778782874024, 57.713087752934356, 65.30017130437446, 74.35573269245874, 84.2035380515758, 75.98218960048426, 67.67650501530903, 58.614102594892444, 14.928651279664246, 9.304635215335527, 6.347379028781566, 12.722742010470977, 22.602529121091624, 20.048773603481116, 10.16461992255431, 0.0, 6.526689321910534, 13.061795988105043, 50.714501540513105, 59.915578384581934, 67.0752438971463, 77.39807054783249, 85.63081832688958, 82.53046514206578, 75.38318216096913, 67.92631207266743, 60.74569370737295, 54.616149099084915, 23.308507444060698, 31.605708412043114, 42.432592666250514, 47.226219124778595, 57.516614620777986, 62.78043632452031, 66.83527965905061, 69.34983629490813, 66.4941856479304, 53.60679241154582, 44.758464546664754, 41.20133089983753, 75.64881980002296, 72.15939070462484, 72.10990193194607, 76.79126133358244, 78.18508500766578, 84.86774228287835, 94.12266936651174, 92.67714115103006, 91.15678281158287, 88.21336021976572, 85.21166263526457, 81.41965723479944, 75.94294837779609, 75.72148813515487, 79.40583087304591, 83.91090781373465, 90.94550648450583, 84.79440564844886, 80.28793979568279, 76.69696670495703, 50.04512899627857, 59.5469437123618, 69.2381139893691, 79.92254573230093, 95.7270264040083, 107.17092512618832, 109.10005799736764, 117.0177830532779, 127.56806709974907, 132.14976750107925, 127.26183708278026, 115.46801936462462, 112.47912919896538, 104.8524185255345, 102.61442236590122], [12.245539484396144, 9.869085824543276, 19.925181615320252, 28.43828035604676, 26.1881044457118, 20.100363810805415, 18.83445758961561, 45.16774992530477, 51.631964050067914, 59.13261004056108, 68.30830240212832, 78.45045925686561, 70.01433036207071, 61.630430178695164, 52.676226964267414, 9.029037023497024, 6.818521935503983, 10.290980233221957, 18.7589467780203, 28.833444368793646, 26.33415481917375, 16.67724673779965, 6.526689321910534, 0.0, 6.535475016746067, 44.38772677792819, 53.704890315434305, 60.95960528981445, 71.60707621414218, 79.95011725781391, 76.6456942224214, 69.32382623526021, 61.73582373136594, 54.48521681634204, 48.307805059613656, 16.904512909286737, 26.278808991128876, 38.16864626951244, 44.48359441730497, 54.531309968272474, 58.99910853357959, 62.51657799038819, 64.6093757843712, 61.29449126633675, 48.02627156342848, 38.640803564149245, 34.77244323078904, 74.32527315217781, 69.98490126462897, 68.98623939936802, 73.21272988779825, 74.1223526680228, 80.5960947758585, 89.7469078733409, 88.71803607180004, 87.58300366407293, 85.02099814153428, 82.61527363921958, 79.454226738884, 74.22196973308168, 73.05075691106373, 75.9542276404676, 79.92647384162854, 86.75161562530633, 80.85909094645014, 76.8830564610679, 74.0657046143309, 55.44623494807056, 64.22362703574503, 72.89458558158626, 82.37738780314814, 97.47145097565311, 107.6997603055544, 108.65329283779552, 114.55034050106843, 124.19340785608985, 128.19969376688803, 122.97544535741673, 110.87035162919663, 107.55102293337346, 99.88997041152584, 97.61631912935911], [13.021087008532929, 14.77995457509992, 25.354694149991403, 33.710517117357945, 30.69232543195654, 22.67287229204593, 19.30867139043712, 39.50732793386175, 45.709431729598755, 53.08030932653978, 62.392317973715585, 72.87285690477522, 64.19302057925489, 55.72702908648517, 46.934067337314346, 4.987658231353067, 9.546194031678855, 16.02235118648587, 25.056414041807145, 35.200026707901884, 32.740053998130975, 23.20891299593777, 13.061795988105043, 6.535475016746067, 0.0, 38.13877493522385, 47.59305450551815, 54.95880255995094, 65.98600854750454, 74.44971319321554, 70.91015709235641, 63.385094821213485, 55.64508201344991, 48.316528478155895, 42.08464541895491, 10.656348581442051, 21.612714604259317, 34.59718431621415, 42.579374578243936, 52.19582497848277, 55.7125638522604, 58.59041383642524, 60.20734084510888, 56.38532910473596, 42.697995415792846, 32.687030740906295, 28.40251060405157, 73.57221410327665, 68.37028988478801, 66.35525938771771, 70.05747347720528, 70.43053900618811, 76.65245988220342, 85.66579438067473, 85.09213514137261, 84.37213349267431, 82.22973304109918, 80.47080870065439, 77.99515618311472, 73.05656827354444, 70.88433236820619, 72.92447166142209, 76.29950186288302, 82.87820762424826, 77.28299483949782, 73.90013642022099, 71.93542617404805, 61.11992060880322, 69.26381109430888, 76.99210465346894, 85.3191894915866, 99.66263877062416, 108.66096067825356, 108.63008399740171, 112.42484120590045, 121.11772818805187, 124.51744426573923, 118.94787048362421, 106.53442889695673, 102.86224733052336, 95.17936507954565, 92.86388697496301], [44.397366570211645, 51.13490273116751, 61.608870474036735, 68.92569518314475, 65.14657308736801, 54.820722275243575, 47.25988484878018, 20.251986759979527, 16.505963643914434, 18.650968391447158, 28.774744993670144, 41.806681197650285, 33.27096885822188, 26.764706668363303, 22.739668784412782, 36.87215268932243, 44.2820625468236, 51.88738030767129, 61.00720663629678, 71.00286003480296, 69.32400013388059, 60.46517084227781, 50.714501540513105, 44.38772677792819, 38.13877493522385, 0.0, 9.843035852701036, 17.625278202603017, 30.60392868393627, 40.26906783129606, 35.814766779765506, 26.739033967991926, 18.555019084011988, 11.721986681461894, 6.040988381356482, 29.879886751136137, 35.13843806941081, 45.71758231394439, 57.467236172256385, 62.748177924972936, 60.98923165227326, 59.10987301323072, 55.13802188144086, 46.68333490324395, 37.17912209185139, 24.440506073023403, 13.917157442457027, 87.67798972414057, 79.48458426967345, 72.6965565565248, 72.49748395141158, 68.97970335353733, 71.43113266