{
	"dissimilarities": [[0.0, 8.366414981283501, 18.01011167480996, 25.51639401314839, 21.017516804278163, 11.907999756967541, 6.847249682054394, 40.89627281094882, 47.695437567354915, 55.92994250682834, 64.22127645038528, 72.84838534728118, 65.00401875594444, 56.71304749745639, 48.39436479144216, 19.36382838440728, 19.164113238349305, 19.882702180751313, 25.043318055314035, 30.89133533724253, 28.99758235450476, 21.95049484752553, 15.43842943997261, 12.975554739224524, 13.39126532523178, 45.05172574807867, 53.612126263655924, 60.418991580132285, 69.09706675308585, 75.24223620813589, 73.26050891695769, 66.8057448293198, 60.13101417786894, 52.94626344024889, 47.233802136616674, 17.454172789138163, 22.706274775690662, 32.72189574532101, 37.32448490236966, 48.39660266908066, 54.01155868175494, 58.09378347221655, 58.481504130765224, 54.79202541868248, 44.36997532668379, 35.6735766745224, 33.82779579351617, 67.8156503578405, 67.13728198865076, 66.3968301025234, 69.73416053637409, 71.32730364630662, 75.47212063016163, 79.92140016116781, 85.70105376030304, 84.36273499126573, 82.11776668615634, 79.70235504535054, 75.54329712212544, 67.87071550057651, 68.42345577229571, 72.53100203896348, 75.20664141126825, 79.14086016326995, 76.16316182947502, 73.49881804233944, 69.44630264273285, 55.17436569298101, 63.94785852303687, 70.68810849023322, 79.63187002661263, 91.98215833954464, 99.28012379526069, 99.70439257767937, 105.00791295661561, 114.20007286551179, 119.3523291662033, 117.2826164459961, 106.05447851182389, 100.62746175696265, 94.18936780159306, 93.03075560172675], [8.366414981283501, 0.0, 10.357443594603978, 19.00490502160308, 14.920888517125846, 9.668577341105053, 11.523762900789354, 49.24237000365304, 56.0100620717412, 64.18051755969775, 72.51374346537031, 81.2042126488108, 73.35860065695279, 65.04370139421209, 56.7343014447109, 21.70598400388598, 18.512763394081556, 15.971260152713812, 18.778139527013877, 23.857402965704672, 21.54750419323595, 14.74432209864814, 11.232699060909896, 12.611990376633223, 16.51639773047931, 52.33322343279937, 61.115691038659, 68.06086904671675, 76.95996179663277, 83.25414638557864, 81.37573059411918, 74.86147981353125, 68.02573315905539, 60.814607593780366, 54.97175151240034, 24.085870647499586, 28.86528061819405, 37.35174175345635, 40.78858831061641, 51.89361163773489, 57.96657487537348, 62.842920999642644, 64.363896107572, 61.677770817799264, 50.89499217124528, 43.13722442924908, 41.56459030788338, 69.33992523337216, 69.3614803784766, 69.63830361776691, 73.63066301945936, 75.91937259847225, 80.72736745713814, 85.68083783420317, 90.61242549716631, 88.57716257037606, 85.74025787424208, 82.53338757754196, 77.73392896030028, 69.74581901287034, 71.28218183750529, 76.32961175128008, 79.94465138198797, 84.63001750111289, 80.85488155754885, 77.26290325057538, 72.27782601997052, 49.80330315822184, 59.58158050839499, 67.28512983573187, 77.74816650146515, 90.68792922660388, 99.3382337603559, 100.75637009893443, 108.29792922923453, 119.40467842566188, 125.60204083205451, 124.06601432369402, 113.43244076152371, 108.52155136008265, 102.14148616554237, 100.7286189833301], [18.01011167480996, 10.357443594603978, 0.0, 9.32827016155069, 6.931177267713831, 12.002651613925025, 18.435135762233436, 58.43036438487795, 65.47105716876455, 73.81647356194571, 82.01543087075666, 90.04383418386105, 82.45484332064056, 74.2102474931453, 65.84947032261934, 31.01004754080492, 26.224791688117964, 20.833312655465885, 18.24108286163631, 18.36732231886088, 14.782572208262875, 13.58777862303515, 17.366609001129067, 21.448560325810544, 26.407854570550807, 62.64554355963315, 71.33634462344688, 78.14225927393903, 86.7553998985725, 92.72584268280336, 90.9521318619591, 84.70999336529175, 78.07095254595563, 70.91241657042525, 65.15348455312427, 34.33582329121714, 37.59026837148703, 43.87998308183905, 44.67212252387559, 55.7499079053008, 62.85672610688137, 68.61692887443655, 70.60511504449487, 68.7436076403405, 59.12224415482383, 52.47127484984159, 51.687449554267445, 69.26146597477978, 70.42797352673205, 72.39372257648621, 77.19883175230818, 80.21740507654292, 85.47968365157415, 90.63385813157349, 94.6250020704436, 91.92239531985354, 88.48499470290547, 84.22646548842046, 78.6766487347579, 70.20007630856618, 73.38359861366055, 79.68337460309007, 84.2572089892416, 89.42393519909255, 85.11166160456436, 80.55539392353639, 74.33156715526825, 43.337928173087526, 51.61403451998312, 59.4348346861139, 71.26459264569803, 84.8875913515655, 95.33302592600609, 98.3247816339877, 109.48190518393882, 122.15372379261878, 129.52776478314217, 128.682800023325, 119.09728542154278, 115.42951526709503, 109.79120442547335, 109.20085494033832], [25.51639401314839, 19.00490502160308, 9.32827016155069, 0.0, 6.013878999400305, 17.034781036173374, 24.0573199124601, 64.21170234450325, 71.54980659322258, 80.10421079562224, 88.04055221510447, 95.06797125715956, 87.88460283997789, 79.81612397972943, 71.45623197763318, 40.197517394709664, 35.36748938891088, 29.4911539994204, 24.723312015449732, 20.341887158431245, 16.28642911799947, 20.819956283225142, 26.506348866500307, 30.675755282169582, 35.432605461476186, 70.5313841886238, 78.93422041678835, 85.44017054469165, 93.47844024954982, 98.87175134916855, 97.16657231669575, 91.36489346050156, 85.135256728468, 78.09443244111782, 72.55860723412812, 42.504146851877735, 44.36816579869108, 48.994435639291794, 47.216211442685506, 58.16461434248863, 66.28251934806839, 72.55641467957116, 74.21902802293945, 72.68326062324329, 64.95616037139192, 59.093307220975525, 59.09379635070315, 67.6928569601756, 69.89937413556966, 73.38770823090285, 78.74558585543845, 82.16537313836196, 87.45323311243719, 92.4115370168776, 95.80139814444591, 92.78868488257703, 89.04407101008786, 84.00171782969234, 77.9741690545261, 69.08987161379983, 73.77535495831458, 81.00057061564205, 86.07526093985491, 91.22492214146746, 86.88853956702471, 81.81274790543476, 74.67608091692745, 39.804622008774444, 43.793009027338464, 50.496938823289774, 62.90437202104943, 77.09419098851735, 89.0176291953729, 93.47927469817431, 107.95784663556061, 121.05199816901376, 129.1561170964814, 128.83162432809138, 120.27459080452321, 117.97062011499384, 113.36965814197097, 114.1626396066864], [21.017516804278163, 14.920888517125846, 6.931177267713831, 6.013878999400305, 0.0, 11.354987143238162, 19.06495659480643, 59.514921634687234, 66.98972132097981, 75.54275697278287, 83.54335364570916, 90.80708463655002, 83.2693499173869, 75.07227724453764, 66.73787674922308, 36.447791687362866, 32.43362370995002, 27.60344876498011, 24.984583124968104, 23.310032523252342, 19.33533836042475, 20.4004838839278, 23.780659283706875, 27.08675673365822, 31.299458188362237, 65.9832708958784, 74.52633523938248, 81.21386227663986, 89.45533333222573, 95.00610498554389, 93.06612937860804, 87.01195382908281, 80.67608755564774, 73.51998995853154, 67.93123421952647, 37.555530972222556, 38.60234012240954, 43.013337103329455, 41.658147874078054, 52.66142177430479, 60.54805543613222, 66.73228770464746, 68.57685284349428, 67.21655993490431, 59.0959059430937, 53.568503059889565, 54.148531206604204, 63.81940225633088, 65.51781419354818, 68.37961870811256, 73.55446356085153, 76.87239049860615, 82.2265600060102, 87.36388548901807, 90.83983863192397, 87.88134866769215, 84.23102487018079, 79.50680326094448, 73.6936549257191, 64.98439444557073, 69.00244583569584, 75.89115407862528, 80.84126906922671, 86.10573162484845, 81.66504019176618, 76.72522507112558, 69.92452672683487, 45.12258186363395, 49.136324759957056, 54.43911254466511, 65.07780624585179, 78.18534753565655, 88.50768255861082, 91.7315808848109, 104.14746637876347, 117.46191429312978, 125.65577011870054, 125.47474884571574, 116.97778604829543, 114.54950165384753, 110.22251833109986, 111.19544367701204], [11.907999756967541, 9.668577341105053, 12.002651613925025, 17.034781036173374, 11.354987143238162, 0.0, 8.619845519531603, 48.80142717577692, 56.36398968096797, 64.87624091619001, 72.94193334642789, 80.58857898346614, 72.63367518380998, 64.30051643157105, 56.007664641027645, 29.23526933082338, 27.46652767880862, 25.49454706409577, 27.23225907587854, 29.731609193539896, 26.49105886724562, 22.644740536258702, 20.559409845951368, 21.068206970059773, 23.34640994435136, 55.603659234898934, 64.18028901073455, 71.00116511672142, 79.39950745049411, 85.11657012979707, 82.88495909528707, 76.54843626486367, 70.13913099287646, 62.88957619192092, 57.303336173211044, 27.20416460266744, 27.40147611561007, 32.808066808371414, 33.354461216012375, 44.68036580930311, 51.848669957875956, 57.34535105267399, 58.737539921995754, 56.84511315150171, 48.044007880436475, 42.215416307960744, 43.2475886769733, 60.1187775994144, 60.53409499521524, 61.65055837272075, 66.07190779265703, 68.72574078568096, 73.71917317617878, 78.76407616897698, 83.06522162767405, 80.70814432962976, 77.6269952328229, 73.95574679233479, 68.91546236271826, 60.68015406888395, 62.9460677728324, 68.63354246770396, 72.71064150283702, 77.6076369127158, 73.59173931630089, 69.53422449900927, 63.92712477337579, 53.389311187618624, 58.13895709795531, 62.36805297425195, 70.58653373158177, 82.338462395251, 90.0353334138627, 91.13872893309072, 99.30163210908388, 111.37055061058123, 118.74851736424698, 118.20032965601808, 109.10742457263892, 105.91446320519397, 101.56018109021734, 102.52701394566382], [6.847249682054394, 11.523762900789354, 18.435135762233436, 24.0573199124601, 19.06495659480643, 8.619845519531603, 0.0, 40.53141675137628, 47.98642764246187, 56.525464322187325, 64.56166957236928, 72.23660346585021, 64.42977350521541, 56.16178791999548, 47.818156602856796, 25.752052620172105, 25.84692151885723, 25.982489538906798, 29.798109530067677, 33.836612915479606, 31.321105644739557, 26.132475111456113, 21.261865785495708, 19.458812362263583, 19.623542017088887, 47.968130193805386, 56.22393584582019, 62.81073820167035, 70.94998750780144, 76.53922032075698, 74.35078184060386, 68.15537821021172, 61.90781710673477, 54.76355016623777, 49.329438076249616, 20.92190512536975, 22.200858733267637, 29.978990731241822, 32.35506882175173, 43.74330345501031, 50.26200498878004, 54.73986900133228, 54.72912320147482, 51.37567820783793, 42.77415885594688, 35.40890590212921, 35.588214786589056, 61.70151953062441, 61.31311990890845, 61.18460395086705, 64.79494303878174, 66.56895905603984, 70.72091827608648, 75.09795185997638, 80.5694688854995, 79.10506272814406, 76.75563649053245, 74.04137657440072, 69.7510605041591, 61.864307422082256, 62.9647824017401, 67.49658653746422, 70.38969263459732, 74.31316168533434, 71.33542043227345, 68.4451088476194, 63.98216400524891, 56.641725778418596, 62.05691197233956, 66.6166877136735, 74.10743208594934, 85.79335374337418, 92.56182008234858, 92.89580662534247, 98.8230405167332, 108.29686451982683, 114.11939055807686, 112.64071612842842, 102.42098556111985, 98.26400365474228, 93.29195287101753, 93.98187222881542], [40.89627281094882, 49.24237000365304, 58.43036438487795, 64.21170234450325, 59.514921634687234, 48.80142717577692, 40.53141675137628, 0.0, 8.39449410353876, 16.946766738236857, 24.38619556394217, 32.72395412061304, 24.129884594157218, 15.855255138126793, 7.549099477403712, 43.288647258743595, 49.74637633380348, 55.59068518881454, 63.365742780991575, 70.17833868445369, 68.97467728420538, 61.65855409509066, 52.77411850388625, 46.909284847017176, 41.213038622027014, 22.901130460658177, 25.39926355879164, 29.261879264300436, 34.736207018699915, 39.19843908530996, 35.8742358865862, 29.95837238064428, 25.70243145473307, 20.171312034488707, 18.32716544950817, 30.260097844414233, 29.59192138560033, 36.69686649160619, 44.17723175163384, 49.5439373888542, 50.28864911031818, 48.30355128443958, 41.40628720830978, 31.136925456526036, 27.881129183295155, 17.574406435685187, 15.788671037942047, 73.62385986150863, 69.58502115039283, 63.55983772125594, 62.49248654879844, 59.69361169114044, 59.05048038386698, 59.70300680205239, 70.02117630904712, 72.94891466672705, 74.3655496162965, 76.69183491390993, 76.51864592518301, 71.95434662459955, 67.23716484409405, 65.29992841960154, 61.99009164466516, 60.719930221671305, 63.05092876531917, 66.27697846586823, 68.18395927188925, 89.75138021005458, 94.97656930550104, 97.72858979083428, 100.07506743036657, 108.54961620615126, 108.95356274101044, 104.34042028940031, 96.9941443914509, 95.24991599199551, 93.97625969562061, 88.83791222526858, 74.28932448809417, 65.16640633416695, 58.87120950828895, 59.92156552073564], [47.695437567354915, 56.0100620717412, 65.47105716876455, 71.54980659322258, 66.98972132097981, 56.36398968096797, 47.98642764246187, 8.39449410353876, 0.0, 8.764691991897948, 16.59623003606451, 26.62720610448689, 18.31697240468372, 11.043370890988813, 6.324868742565811, 47.75209536039375, 54.514322682009215, 60.81617993270368, 68.8891268238142, 76.12296464509794, 75.24256595100202, 67.62909547136512, 58.49967226773105, 52.47618441926877, 46.567796815105304, 20.32754116586738, 19.63873290132645, 21.891417557052876, 26.489443932472913, 31.06400632663417, 27.61998377447587, 21.58905303509547, 17.90895380688741, 13.686649265241146, 14.279180575965873, 35.88422799524237, 36.622666707190085, 43.96560748549778, 52.0879455172668, 56.771585017669, 56.57558018268356, 53.701995955723525, 46.44070025104903, 35.78156047271801, 32.922849725509636, 23.16492915879179, 19.039356155919062, 81.15055270697418, 76.79532756215266, 70.14480931447962, 68.4579979716612, 65.06985939060912, 63.685311507670754, 63.636549607588684, 74.54501128138826, 78.13667934095291, 80.09467436814751, 83.10355598638651, 83.43390559857133, 79.32766773236017, 74.0013528368254, 71.21568378871608, 67.06018377393754, 64.95909855091517, 68.10038693618161, 72.17109111835495, 74.91777221719838, 95.18135391084111, 101.49478847895153, 104.99926027276697, 107.55925258078757, 116.15044288016831, 116.32371283425371, 111.42008584117832, 102.52261625299931, 98.63661604320097, 95.50217624142908, 89.18323666090947, 73.12552929844927, 61.8613190501675, 53.71013523854062, 52.965319249795755], [55.92994250682834, 64.18051755969775, 73.81647356194571, 80.10421079562224, 75.54275697278287, 64.87624091619001, 56.525464322187325, 16.946766738236857, 8.764691991897948, 0.0, 8.641355021920461, 21.268769126611346, 13.374053669737721, 9.616271810328731, 12.098712690286765, 54.28964529855694, 61.314866370077596, 67.99302436006504, 76.35869813862833, 83.95704457860481, 83.25158984126175, 75.3319277690292, 65.97120124414666, 59.820203477717754, 53.751831489158434, 21.879011482435054, 17.30887251600086, 16.742796238267577, 19.395137323997115, 23.90855066994049, 19.812364757412833, 13.337866918880282, 11.436424331322225, 10.962207855735537, 15.250596408296332, 43.14857407489995, 44.0892572794792, 50.91894621350963, 59.464441634397055, 63.166194053921515, 61.90384270304696, 58.075546896860104, 50.52304502035103, 39.856956897165844, 37.72749102121982, 29.46424820066139, 25.23963356395764, 87.81151601538988, 83.02297895063761, 75.61039907527042, 73.21236448620888, 69.20808282740401, 67.0843277801534, 66.40071782760074, 77.73838830312455, 81.97877872750462, 84.51143633229695, 88.3072102478213, 89.25154636753373, 85.7757680149024, 79.66410144305766, 75.89063292464104, 70.85255050084692, 67.9704726091547, 71.85662616476472, 76.81317603640242, 80.53749787573778, 102.86163922084381, 109.76784049715549, 113.4611511614644, 115.75401062209603, 124.02022771242878, 123.45863577672036, 117.89286873879549, 106.79588991982145, 101.07860719901201, 96.36099589336987, 89.1886470197436, 72.16263887979315, 59.082518115396375, 49.7804973325121, 47.618113939926566], [64.22127645038528, 72.51374346537031, 82.01543087075666, 88.04055221510447, 83.54335364570916, 72.94193334642789, 64.56166957236928, 24.38619556394217, 16.59623003606451, 8.641355021920461, 0.0, 14.032777968126695, 8.704769596652458, 11.76433427625911, 18.119900160047408, 62.86544824835317, 69.85358059995055, 76.48194603177342, 84.71553305968541, 92.11239754689488, 91.42975915168306, 83.74865421197288, 74.49837825152294, 68.38890896790217, 62.35517706159506, 29.463943186416355, 23.028533663016713, 19.481681119912853, 17.005095080407692, 18.53765281324348, 13.716843386330035, 10.272763112949649, 14.144174175478929, 17.60448467823645, 23.04401445323798, 51.76364013270004, 52.20742777115273, 58.11183908774872, 65.98915516647507, 68.87151836433378, 67.19286516239379, 62.675683114276495, 54.14474246339688, 43.2243402211389, 43.776572075976524, 37.12325719326129, 33.830651880514196, 92.59915329774708, 87.60203730467717, 79.86412162838597, 76.86535340557303, 72.22970091012353, 69.06841854994445, 67.28746565802881, 79.13017469419242, 84.17746379578152, 87.36578770754184, 91.82260413218168, 93.37821972665628, 90.42743886389596, 83.92922742412294, 79.37307378163887, 73.38427082719544, 69.30043105945194, 74.35003121076075, 80.24458211290994, 84.7502931278086, 110.13359693163649, 116.31511368872933, 119.47634798404532, 120.90801682761465, 128.62824856232984, 127.20328357169312, 121.127073419269, 108.40747792660169, 99.89406859085025, 93.26912402458842, 85.11700431059604, 67.22392138672677, 52.81221046318893, 43.2988768358055, 41.934652289150094], [72.84838534728118, 81.2042126488108, 90.04383418386105, 95.06797125715956, 90.80708463655002, 80.58857898346614, 72.23660346585021, 32.72395412061304, 26.62720610448689, 21.268769126611346, 14.032777968126695, 0.0, 10.874765962988858, 18.86385129473541, 25.806989072318025, 74.16420823207358, 80.73199540710311, 86.7406230806325, 94.22063662414475, 100.57419382756532, 99.72516133578188, 93.11234673204913, 84.49693203218138, 78.6852807450644, 72.96136484029253, 42.945972039964225, 36.72310722023502, 32.27771006510224, 25.892421639460878, 21.46484604543065, 18.24406679718362, 21.57501733619384, 27.724303535917706, 31.37087202449919, 36.42715601659412, 62.40442985236884, 61.65611023243475, 66.08282423874475, 71.69557075824105, 73.92300304087345, 72.80041597344498, 68.03530297637094, 57.56179827520976, 46.136314188958444, 51.97569367965343, 47.016245084546576, 45.428122260528276, 94.58382097018217, 89.79122957180347, 82.50443307403832, 79.09856774742637, 73.82876344708225, 69.11352930591825, 65.36191550287901, 77.82011782826342, 83.95588958606771, 87.9372956701323, 92.82199526357329, 94.98662373234218, 92.42000006147022, 86.24268706192817, 81.26395278294729, 74.2323808337463, 68.1906170199958, 75.14980530478216, 82.04746777956187, 86.98826937195619, 116.41344356713843, 119.80306862281668, 121.2922264191257, 120.86587915796869, 127.62923275649409, 125.13546838022829, 118.86870815589849, 105.61918597621545, 92.24383394781871, 82.79111216489699, 73.13656711380345, 54.073525219498265, 38.85470464337451, 31.296740105641483, 36.76745189470264], [65.00401875594444, 73.35860065695279, 82.45484332064056, 87.88460283997789, 83.2693499173869, 72.63367518380998, 64.42977350521541, 24.129884594157218, 18.31697240468372, 13.374053669737721, 8.704769596652458, 10.874765962988858, 0.0, 8.689829911837053, 16.71774861178565, 65.88238869252496, 72.75233217658288, 79.0357701831266, 86.98219142927422, 93.82460564872048, 92.78675114394308, 85.56121525937122, 76.54586365066446, 70.53811479615918, 64.61547132230042, 34.93141398206563, 30.0935229341876, 27.78446184873772, 25.471715620331718, 25.203624621145607, 20.599483256926106, 18.860078902901385, 22.097593569909687, 23.866798822632138, 28.250558035526765, 53.52068401894816, 51.93118262271979, 56.04580642523668, 62.50605619288125, 64.57682660863033, 63.00201223501457, 58.240388926089025, 48.540754912831055, 37.30872790541566, 41.36274480788088, 36.722294390609676, 36.18320054110971, 86.90388392473486, 81.82977410802958, 74.09972377664141, 70.81038683081364, 65.83322158190634, 62.00186936693543, 59.53853851164001, 71.62307618615615, 77.07260805245123, 80.59851923703026, 85.32229494242212, 87.2485854647777, 84.65068783807764, 78.0589576804896, 73.16163790364077, 66.66082651687375, 61.82043560528496, 67.61006738668638, 73.99325724650689, 78.83800995487123, 111.70818322275896, 115.69365753776866, 117.09539956806812, 116.93297255776788, 123.53502228252775, 120.90675851979339, 114.20547361148003, 100.58419626171676, 91.24998798712934, 84.80216176426761, 77.17192578633356, 60.31699061640203, 47.662712278310245, 41.86312692857032, 45.54757065338342], [56.71304749745639, 65.04370139421209, 74.2102474931453, 79.81612397972943, 75.07227724453764, 64.30051643157105, 56.16178791999548, 15.855255138126793, 11.043370890988813, 9.616271810328731, 11.76433427625911, 18.86385129473541, 8.689829911837053, 0.0, 8.384366239173776, 57.806429054620324, 64.68565046294268, 70.94995922179815, 78.9899152336096, 85.95235433730237, 84.80881067234928, 77.39430254362199, 68.29835427460631, 62.26776049441229, 56.335298543006616, 28.87243916452079, 26.15316278083829, 26.249140030406327, 27.521805260449774, 29.76333971165485, 25.307882992560025, 20.80361460986609, 20.556447276559535, 19.44282170699667, 22.282738617426407, 45.07177599249716, 43.25141709981288, 47.77791601162794, 54.75053074605142, 57.477246772355734, 56.270842595376784, 52.1121805052551, 43.18532144277764, 31.96323567405095, 33.83451398868069, 28.191253015151016, 28.022688000753714, 80.83979049299705, 75.90180738455341, 68.40037694524078, 65.66708851609907, 61.28563779366973, 58.51613658256099, 57.25693684172512, 68.84515712313086, 73.46083044452759, 76.3285617064801, 80.42508388155231, 81.77409644064461, 78.68724358331471, 72.38307386012991, 68.20577676922284, 62.62758234810159, 59.05177437441456, 63.62363374773039, 69.09419801263473, 73.21707342997082, 104.81095921573105, 109.18276796554468, 110.81233835469992, 111.26573584705052, 118.23546838224351, 116.26808242009726, 109.92855819280051, 97.7429972648588, 91.5409796145883, 87.32965892693983, 80.92512088077564, 65.25718313960886, 54.231721070723665, 48.66026360735982, 51.35633635569681], [48.39436479144216, 56.7343014447109, 65.84947032261934, 71.45623197763318, 66.73787674922308, 56.007664641027645, 47.818156602856796, 7.549099477403712, 6.324868742565811, 12.098712690286765, 18.119900160047408, 25.806989072318025, 16.71774861178565, 8.384366239173776, 0.0, 50.37356878790539, 57.02355625551172, 63.03231873801653, 70.88609171831267, 77.69036574586488, 76.48825054508006, 69.2028282852017, 60.25979878104623, 54.333416760246145, 48.538494232047185, 25.391633827858833, 25.289893338158823, 27.450705767931016, 31.073191958654235, 34.524511183833404, 30.693852622221833, 25.34958315248503, 22.737877319790453, 18.960521480466248, 19.45256948667078, 37.391135710902525, 35.87551543295258, 41.43684257216862, 48.50543185681593, 52.515020770006025, 52.35018930294097, 49.27069793383644, 41.12640644922117, 30.058642999523016, 29.77049759492424, 21.96771442743177, 21.432693865766687, 76.19997335909679, 71.71445629150125, 64.96843041579906, 63.07761400404821, 59.47278630616095, 57.753588870646006, 57.44887417399712, 68.46585444325804, 72.2385518999211, 74.37576462582277, 77.5639610590929, 78.14503666794837, 74.28695291500063, 68.79731020573125, 65.76134643310951, 61.30698718704996, 58.86679303113747, 62.3461951423846, 66.69960686962871, 69.69221484611379, 96.80549379748933, 101.3674157864796, 103.40118253399714, 104.66965404573725, 112.34151878863555, 111.5192093348659, 106.04444659151171, 96.38684197346393, 92.44889780079852, 89.8353693059543, 84.13806346741518, 69.11055320495821, 59.28440953932948, 53.5011328056165, 55.618450901692434], [19.36382838440728, 21.70598400388598, 31.01004754080492, 40.197517394709664, 36.447791687362866, 29.23526933082338, 25.752052620172105, 43.288647258743595, 47.75209536039375, 54.28964529855694, 62.86544824835317, 74.16420823207358, 65.88238869252496, 57.806429054620324, 50.37356878790539, 0.0, 7.896532155617809, 15.954161385871275, 26.210917534793683, 36.73959114164027, 36.571802639283575, 25.539399284333957, 15.246538834714453, 9.594530737138788, 6.181726931720132, 36.92801797658089, 46.132915577083466, 53.65789147517492, 64.03119393253931, 71.90187863526667, 70.10752682271116, 62.63450006779447, 54.78749808273585, 47.74635507597942, 41.540485490283565, 14.822358523272806, 26.822241759503754, 39.38565526988538, 49.02500377400376, 58.37338701293781, 61.02450095846057, 63.69243457906013, 65.43809156968199, 61.59952897141992, 46.648579491377895, 36.37861291338478, 30.419824337049565, 82.04154221598347, 80.12607618284265, 77.20380040283005, 79.51150667808726, 80.5075069660181, 84.65225681160285, 89.48610978237133, 95.82135942725691, 94.80722290464136, 92.95008545139068, 91.69450341605953, 88.22993791568979, 81.57843662915603, 80.01722044415425, 82.52543779994079, 84.4767976106061, 88.5810078208968, 85.4329361084986, 83.52774116513847, 81.03329461124319, 63.022256975092105, 78.43361928530396, 88.25226170682608, 98.64830603318268, 111.13913397956502, 117.9122730818504, 117.19753760882385, 118.60431469047927, 127.72880331006874, 131.62689768722885, 128.56514043107128, 115.41199261061942, 106.93206261468498, 97.51129475547083, 91.75148184924355], [19.164113238349305, 18.512763394081556, 26.224791688117964, 35.36748938891088, 32.43362370995002, 27.46652767880862, 25.84692151885723, 49.74637633380348, 54.514322682009215, 61.314866370077596, 69.85358059995055, 80.73199540710311, 72.75233217658288, 64.68565046294268, 57.02355625551172, 7.896532155617809, 0.0, 8.250005216605258, 18.57941598881184, 29.453104053094677, 29.585242855914647, 18.394423228089806, 9.046382745696201, 6.61765051129621, 9.537352386882432, 44.4075235061428, 53.398467237146285, 60.675700869385686, 70.75738959169556, 78.39310951956755, 76.8543801185815, 69.69234464621081, 62.009496724668, 55.069726086595765, 48.94540171332822, 21.235569656775965, 32.148164512584806, 43.85570613845622, 52.03980543295375, 61.953489072588596, 65.47659703485557, 68.89315531962457, 70.98748191871545, 67.5190564163662, 53.14090417401904, 43.313627796109095, 37.7900443363222, 83.78326869665734, 82.56753951490028, 80.6910133591545, 83.60599045625676, 85.11402442016433, 89.62555592895227, 94.62711433443457, 100.50073166139401, 99.05254767289613, 96.77258160737105, 94.80033865008426, 90.7726106751264, 83.65541077744622, 83.13944876631227, 86.5453726868785, 89.17302149840044, 93.63185513547346, 90.11217703282063, 87.52874157641759, 84.14869921835943, 56.22797585931127, 72.94978547339933, 83.99875212501937, 95.84074148352803, 109.1682196029198, 117.40864185280766, 117.847595025952, 121.73755779058611, 131.72650186902658, 136.16559256953244, 133.28976734228374, 120.38808482809452, 112.39070743870909, 102.91714233289925, 97.16082079930005], [19.882702180751313, 15.971260152713812, 20.833312655465885, 29.4911539994204, 27.60344876498011, 25.49454706409577, 25.982489538906798, 55.59068518881454, 60.81617993270368, 67.99302436006504, 76.48194603177342, 86.7406230806325, 79.0357701831266, 70.94995922179815, 63.03231873801653, 15.954161385871275, 8.250005216605258, 0.0, 10.39001038551324, 21.37389193209655, 21.652022220611194, 10.528846960369968, 5.2957129950062445, 9.686308999559381, 15.584452881406843, 52.056183800649286, 60.890775810629776, 67.94376473436452, 77.63665982145811, 84.89811482417977, 83.52548912252551, 76.70045179200717, 69.2525546237309, 62.34108827339106, 56.29814752154064, 27.563272864250102, 37.11040093490968, 47.75107711433666, 54.14460748062959, 64.55980569150454, 69.07860312101565, 73.2426359045003, 75.49373907132518, 72.37942963062946, 58.93120978806131, 49.61700128278818, 44.798163503696095, 84.10561660979087, 83.66809495205322, 82.96636931450854, 86.50379759813183, 88.51493690057222, 93.33042462137335, 98.42707473826668, 103.80649221924784, 101.94080017268287, 99.25139986285491, 96.5238962751053, 91.93584732936569, 84.34113157077068, 84.99188492401943, 89.33830852632214, 92.62449420770542, 97.36505438430896, 93.54409035307535, 90.29577050415344, 85.98834786097478, 48.831389022411614, 66.13855554133454, 78.08749260071397, 91.19798404483308, 105.26879531409202, 114.95466329034205, 116.61122641485463, 123.20522149528685, 133.9897570565573, 139.06734510411084, 136.49509956875508, 124.08466425896658, 116.88255488546271, 107.74803365453619, 102.56443847391813], [25.043318055314035, 18.778139527013877, 18.24108286163631, 24.723312015449732, 24.984583124968104, 27.23225907587854, 29.798109530067677, 63.365742780991575, 68.8891268238142, 76.35869813862833, 84.71553305968541, 94.22063662414475, 86.98219142927422, 78.9899152336096, 70.88609171831267, 26.210917534793683, 18.57941598881184, 10.39001038551324, 0.0, 11.32063851349256, 12.458942049332196, 5.349794532047842, 12.771021383185412, 18.877860988509106, 25.10064231336754, 61.496712588542145, 70.04429391216615, 76.75145340407053, 85.91329502600077, 92.69776510516131, 91.59135575400744, 85.24149474113983, 78.11630025518109, 71.32909284840738, 65.43959348823758, 36.66426138033245, 45.14112196651235, 54.721603165145346, 59.08822675985944, 69.90903781509463, 75.47847560100892, 80.31186030449582, 82.47495329297382, 79.53803749401554, 67.32458316545282, 58.34410853920228, 53.91259325632617, 86.52796358353046, 87.03133951734961, 87.69370396338894, 91.85541957236363, 94.32786429810156, 99.32107777357437, 104.3553948219436, 109.29010671049369, 107.0709925315045, 104.00576740294373, 100.47155624520575, 95.30561390692465, 87.19601856800422, 89.22137344955735, 94.54995354228626, 98.43039571524534, 103.29471639229338, 99.32887391565221, 95.4729447563695, 90.19607992819411, 39.21506597852721, 57.736953977910346, 71.31225916062378, 86.29824516561477, 101.48049738467894, 113.16672641974716, 116.49234872503037, 126.47557813750231, 137.7046681138508, 143.24167976993562, 140.84267497142486, 128.84527784533108, 122.43801084118124, 113.51629173926298, 108.83112733381371], [30.89133533724253, 23.857402965704672, 18.36732231886088, 20.341887158431245, 23.310032523252342, 29.731609193539896, 33.836612915479606, 70.17833868445369, 76.12296464509794, 83.95704457860481, 92.11239754689488, 100.57419382756532, 93.82460564872048, 85.95235433730237, 77.69036574586488, 36.73959114164027, 29.453104053094677, 21.37389193209655, 11.32063851349256, 0.0, 4.23398545529729, 12.443672489059896, 22.45629524502357, 28.552740869605024, 34.68264590292151, 70.79554026912278, 79.05931417339107, 85.41373244946108, 93.90717645996911, 100.03478429095878, 99.09719138189571, 93.28244607796393, 86.59314451104188, 79.89694341748745, 74.20323628442439, 45.40544800147342, 52.50073522427901, 60.83344842016292, 62.870840890579515, 73.96002923567114, 80.67366058119572, 86.12114416559515, 87.92539878985141, 85.13825588766124, 74.65606170146292, 66.16482580784454, 62.45772832181178, 87.08981344299319, 88.61061832203133, 90.75886786407968, 95.51606696836704, 98.39631290598089, 103.4350657032735, 108.26468549928975, 112.73020329693666, 110.22286777731823, 106.84101484985544, 102.49906410018868, 96.81084002469862, 88.21149319931226, 91.72483566542381, 98.0251893575306, 102.41733437298288, 107.25433627956744, 103.2898354228898, 98.90275598799647, 92.66755554989244, 29.23837421990506, 47.2568763755364, 62.02567243671881, 78.67538820880395, 94.88922399782099, 108.56632077791231, 113.67137755595566, 127.3059578694315, 138.71845883618812, 144.76842901148947, 142.67330031566587, 131.41801639884454, 126.22272841716368, 118.03731493643332, 114.5774299570211], [28.99758235450476, 21.54750419323595, 14.782572208262875, 16.28642911799947, 19.33533836042475, 26.49105886724562, 31.321105644739557, 68.97467728420538, 75.24256595100202, 83.25158984126175, 91.42975915168306, 99.72516133578188, 92.78675114394308, 84.80881067234928, 76.48825054508006, 36.571802639283575, 29.585242855914647, 21.652022220611194, 12.458942049332196, 4.23398545529729, 0.0, 11.698719327432087, 21.740095918371587, 27.802708094127556, 33.9150495722025, 70.56824222578997, 78.97705574699002, 85.4589576670061, 93.98308209156777, 100.05160697847215, 98.92048167914426, 93.01522111154257, 86.3343578352674, 79.50205552244768, 73.77085222059736, 44.22127011806785, 50.348249685587184, 57.99912219196131, 59.449418784515245, 70.49539084916846, 77.42189909099012, 83.0744115249408, 85.02573016966284, 82.58797290365389, 72.4044754294534, 64.46272495875992, 61.525185388307214, 83.05648752204995, 84.68875140184971, 87.06564641482711, 91.96055448514524, 94.9949359807256, 100.1688912597882, 105.1187891656719, 109.30679112687841, 106.63368897513344, 103.13348915566776, 98.63469298328411, 92.85498442067356, 84.22654900212459, 87.9294132336697, 94.4268629158215, 99.02411023230334, 104.02999078263173, 99.88202380264465, 95.29183134056089, 88.8629768625927, 31.158564333886343, 46.43248604498675, 59.75410111575115, 75.69991808688692, 91.48006817317906, 104.79685166089476, 109.72853305526787, 123.4480701752329, 135.46393493066392, 142.04487935885777, 140.3724820484476, 129.69266472088836, 125.06414384002531, 117.6012780479747, 114.95769526966401], [21.95049484752553, 14.74432209864814, 13.58777862303515, 20.819956283225142, 20.4004838839278, 22.644740536258702, 26.132475111456113, 61.65855409509066, 67.62909547136512, 75.3319277690292, 83.74865421197288, 93.11234673204913, 85.56121525937122, 77.39430254362199, 69.2028282852017, 25.539399284333957, 18.394423228089806, 10.528846960369968, 5.349794532047842, 12.443672489059896, 11.698719327432087, 0.0, 10.580751499307882, 17.027695449037868, 23.427470825249102, 60.99303797033735, 69.78816126108326, 76.7106398946841, 85.96730722946087, 92.71620116825137, 91.3301322858581, 84.81030616113469, 77.65697617629365, 70.65914027144987, 64.68849633703063, 34.57425304448613, 41.7483302574379, 50.521359441669595, 54.37446712729008, 65.14542328404065, 70.90178525408065, 75.9989191827627, 78.4632522623715, 76.02797263706177, 63.98021313691596, 55.74112617203696, 52.39512106166139, 81.40788839177296, 81.95814436680902, 82.78378719344518, 87.09541099456654, 89.76416684018646, 94.97438563471515, 100.22446401225909, 104.80628635253419, 102.36287158291539, 99.14494041043088, 95.45680408150596, 90.20022992393987, 82.09653398796108, 84.229902231995, 89.75501769251012, 93.90167951615882, 99.03887756098602, 94.783040185758, 90.66651920172635, 85.19644894294997, 41.41429679840272, 57.35640755536433, 69.26556108022274, 83.27978229807091, 97.80455341068735, 108.87446980859944, 111.83446725107495, 121.63449157018404, 133.7233678203451, 139.9568964082815, 138.1099412659653, 126.83264980985427, 121.10429563780605, 113.10085939918508, 109.43407344348103], [15.43842943997261, 11.232699060909896, 17.366609001129067, 26.506348866500307, 23.780659283706875, 20.559409845951368, 21.261865785495708, 52.77411850388625, 58.49967226773105, 65.97120124414666, 74.49837825152294, 84.49693203218138, 76.54586365066446, 68.29835427460631, 60.25979878104623, 15.246538834714453, 9.046382745696201, 5.2957129950062445, 12.771021383185412, 22.45629524502357, 21.740095918371587, 10.580751499307882, 0.0, 6.528442831101533, 12.982250531281776, 50.90007923822384, 59.92185781617224, 67.12027901616904, 76.7813327854014, 83.89933935707195, 82.26491585889234, 75.35295645296199, 67.95564869630118, 60.844403862942976, 54.75566332068977, 24.494602906017843, 32.811584707774706, 42.943155563080666, 48.93252275008115, 59.4099832588068, 64.15867239123904, 68.51112138174045, 70.81595301376056, 68.00409491893562, 54.877833890254244, 46.12795569360248, 42.40807230294677, 78.82671689540562, 78.3756635653435, 77.75220388484647, 81.3717766254843, 83.4779864351419, 88.38959494354361, 93.5849790429873, 98.767141071983, 96.79812113349239, 94.04728686198094, 91.2523767187207, 86.6479431826753, 79.049144312764, 79.73594963783594, 84.18691959220568, 87.59870903165837, 92.46048339401322, 88.51190415717238, 85.13995584999749, 80.73180526782457, 50.401316096952044, 65.37502646967751, 75.7931483630362, 87.86216957850188, 101.32754066124396, 110.35514286675178, 111.63336197934727, 117.94786021420168, 129.16018512515373, 134.7227776686803, 132.57974204269686, 120.78474605097502, 114.2379748762166, 106.01803331581215, 101.97153561456258], [12.975554739224524, 12.611990376633223, 21.448560325810544, 30.675755282169582, 27.08675673365822, 21.068206970059773, 19.458812362263583, 46.909284847017176, 52.47618441926877, 59.820203477717754, 68.38890896790217, 78.6852807450644, 70.53811479615918, 62.26776049441229, 54.333416760246145, 9.594530737138788, 6.61765051129621, 9.686308999559381, 18.877860988509106, 28.552740869605024, 27.802708094127556, 17.027695449037868, 6.528442831101533, 0.0, 6.455312671623195, 44.545234328855095, 53.67006513450473, 60.99875866238384, 70.82339360719709, 78.08941744011716, 76.29849916031593, 69.19715766318822, 61.70646748767905, 54.531308592003334, 48.39666461909322, 18.150670076397592, 27.51049110926197, 38.69290527335524, 45.994624866526706, 56.216239048607136, 60.337057351139634, 64.11410103538344, 66.06743812851464, 62.85476230003053, 49.274420073255385, 40.0363729911976, 35.997171337341626, 77.41085642728154, 76.35405180483832, 74.83725128935062, 77.96528491355691, 79.63547063389524, 84.23323852403807, 89.26942507113401, 94.91197311541059, 93.3320915643805, 90.94476827664941, 88.75190433808028, 84.61018925126461, 77.34403523477538, 77.14756220745743, 80.86412549674176, 83.69862484937892, 88.23931247000618, 84.63443166906809, 81.84078881081408, 78.15855496032185, 55.68472114342206, 69.82858946332875, 79.35004996916699, 90.23253293516447, 103.0810337626718, 110.90784867613895, 111.23127399636233, 115.48271941594969, 125.83109262584497, 130.84707442962866, 128.46184683873554, 116.33512116445239, 109.3182465745966, 101.02496838549577, 96.89688958538657], [13.39126532523178, 16.51639773047931, 26.407854570550807, 35.432605461476186, 31.299458188362237, 23.34640994435136, 19.623542017088887, 41.213038622027014, 46.567796815105304, 53.751831489158434, 62.35517706159506, 72.96136484029253, 64.61547132230042, 56.335298543006616, 48.538494232047185, 6.181726931720132, 9.537352386882432, 15.584452881406843, 25.10064231336754, 34.68264590292151, 33.9150495722025, 23.427470825249102, 12.982250531281776, 6.455312671623195, 0.0, 38.29338394107851, 47.523333818966464, 54.98649201437053, 64.96943043013447, 72.3787507224379, 70.41728386388846, 63.11955956684467, 55.5380684397487, 48.29596716741146, 42.11646994940346, 12.040075143283614, 22.897147256448278, 35.198141645609844, 43.84108584905422, 53.65730263507, 57.06770696476946, 60.171314934297435, 61.6778266222814, 57.9936288528551, 43.99137810283208, 34.14904923018857, 29.665776244130694, 76.51029338080336, 74.84676287866453, 72.41576240052869, 75.00148358008306, 76.1866258843884, 80.40958512542824, 85.23740564730977, 91.37109777186276, 90.22178784900905, 88.234515234641, 86.6807387102276, 83.0400965111921, 76.15117206564808, 75.05266160706296, 77.97379368050056, 80.16523250928863, 84.32177431991211, 81.12247365539253, 78.97089408637416, 76.07373287943875, 61.04703245989626, 74.4090261243009, 83.10006723329606, 92.84826657117938, 105.08016160105105, 111.73687598192853, 111.1361705306635, 113.32059761924238, 122.70324767524716, 127.11872502715096, 124.46957592972451, 112.00183191017678, 104.49564587927259, 96.13502248182648, 91.94087236381876], [45.05172574807867, 52.33322343279937, 62.64554355963315, 70.5313841886238, 65.9832708958784, 55.603659234898934, 47.968130193805386, 22.901130460658177, 20.32754116586738, 21.879011482435054, 29.463943186416355, 42.945972039964225, 34.93141398206563, 28.87243916452079, 25.391633827858833, 36.92801797658089, 44.4075235061428, 52.056183800649286, 61.496712588542145, 70.79554026912278, 70.56824222578997, 60.99303797033735, 50.90007923822384, 44.545234328855095, 38.29338394107851, 0.0, 9.732640760596736, 18.008899424904513, 29.275024255154037, 38.103879679081615, 35.500429479297416, 26.98834977783955, 18.581486546170787, 12.050525780531448, 6.692406195992739, 29.372544978756626, 35.00272288913001, 45.480126779915764, 57.228749952409856, 62.6360942874042, 61.36797200779539, 59.13642664046771, 56.02779679500429, 48.10180525036719, 36.58905878184203, 24.9137968041539, 14.221786438832641, 89.98155096537053, 85.5543965609