{
	"dissimilarities": [[0.0, 8.998907771142177, 17.843462695505796, 25.212511514569012, 20.85341931208966, 11.786538349560104, 6.434421841432142, 40.93721624699982, 47.72081204885367, 56.069515345312894, 64.27986149425182, 72.52643632109789, 64.91758861614677, 56.776321993402945, 47.41558375396793, 20.806202274668223, 22.212076738525894, 23.685751947407162, 27.27306369756812, 33.173287782789174, 29.609461414404876, 23.85217529986743, 18.218636252931944, 15.862638453787506, 16.228820421237707, 45.770275692228694, 54.807029345906685, 61.45293725038745, 69.96610844324907, 75.71953946335903, 73.44064484550354, 67.57580985292662, 61.120163895529934, 53.75433240510068, 48.167914636332554, 16.73279869232314, 24.532263974453095, 34.85170727174665, 38.89932979873588, 48.38335678515738, 54.52370991736125, 58.51559648029138, 59.317132332329535, 55.17777468731885, 45.848705709049455, 36.908100871906505, 33.90003983320181, 67.92499472240927, 64.35902026029446, 62.45864745377154, 66.78430290310841, 68.53661119844054, 74.85253971290255, 82.92042370723534, 82.1865943208773, 80.71358211523962, 78.18209397657357, 75.82671363502857, 72.3435184894026, 68.02138296376597, 66.61968608347499, 69.9876039154996, 74.34272950063615, 80.08580118790084, 75.17998065378235, 70.76109525163365, 67.51556102405591, 54.30153656648832, 58.960514743911475, 66.2748350356521, 74.43337990544602, 88.57239394070854, 99.23240121574388, 99.57318409870011, 105.5777718960064, 112.81978833171058, 118.67947961498993, 115.23038314377622, 104.71202337611516, 100.83611607337748, 96.12025123373058, 92.87271916172111], [8.998907771142177, 0.0, 10.33958298548428, 19.637625057274317, 16.365068687348092, 11.624122573865437, 12.88861531266412, 49.60679674781178, 56.10031098717737, 64.20589994431096, 72.5890021294836, 81.17021148430678, 73.58778187711557, 65.4281997391256, 56.12706541107742, 21.050465974773527, 19.22990934772278, 17.947595713801913, 19.685991128630608, 25.546574992195612, 21.57561731908721, 15.50500967132626, 12.22765225022338, 13.195077946435974, 17.003293287608404, 52.17966200719987, 61.39116646106958, 68.2869396357943, 77.23772732009597, 83.38664223561526, 81.32459317180933, 75.12206275934105, 68.33879196936459, 60.988570261868134, 55.16703087481968, 23.341367057127652, 30.809726732461197, 40.06028327587229, 43.83807451434963, 53.46035228460813, 59.8035108323785, 64.4591475316215, 66.42715191611795, 63.11339835231212, 52.72407347823902, 44.480520267661724, 41.418717365963595, 71.39315708461326, 68.48633463441065, 67.37572208949145, 72.2799894019256, 74.66669676251223, 81.65063881744025, 90.29983703177598, 88.89329027093463, 86.75388879666227, 83.7108687897697, 80.58697418966669, 76.47006010463853, 72.01064704048554, 71.30210648723536, 75.48040695330317, 80.70883122919928, 87.15395084651882, 81.53387713197651, 76.2635416652438, 72.20414928511525, 48.687587461222286, 55.44122757851283, 64.57831599902107, 74.48212921300815, 89.4561446940673, 101.62232758919092, 102.92298257203961, 110.82844713730636, 119.96573688254567, 126.70006220895127, 123.65962282216411, 113.43463012176284, 109.6398897082176, 104.53805759193303, 100.50131641377723], [17.843462695505796, 10.33958298548428, 0.0, 10.16345143041733, 9.03238037294605, 13.457100549506345, 19.151596703297297, 58.681019614553364, 65.51735615076433, 73.8385310125444, 82.04871309322908, 90.03688932538134, 82.61342231058728, 74.50628400416217, 65.11135353924195, 30.384162511245524, 26.760698566717128, 22.583764317831275, 19.1295931883545, 19.57965886597195, 14.818257838367506, 14.53560634675296, 18.16548507693458, 21.832103067164304, 26.773215529637095, 62.46633757952846, 71.60609613068962, 78.34879563899044, 86.9844932780795, 92.82317876341575, 90.87868052327242, 84.99263366400854, 78.39772439452373, 71.101285458282, 65.3595117010671, 33.37332132223546, 39.02330375600536, 46.328628814661045, 47.42997494990549, 57.036983715633504, 64.31560600675934, 69.87757257830273, 72.33668859230144, 70.03887806456778, 60.74223393313087, 53.52393622163845, 51.41056334345079, 71.03908366190832, 69.68817697115666, 70.46152287604875, 76.06819182974674, 79.19783333840563, 86.34456424144676, 95.07381502777338, 93.00299919028, 90.18493449670903, 86.45531534173564, 82.35356927447408, 77.1318580949831, 72.49270232173848, 73.38436973624252, 78.89498344207358, 84.88986415748856, 91.66238649392486, 85.62587830628192, 79.57423478129087, 74.19263267159596, 41.89330335740076, 47.24580729745215, 56.799662063046895, 68.04885837217144, 83.82311282323901, 97.71626748795276, 100.59151554674285, 112.07568269504212, 122.85782156246736, 130.63569539842555, 128.39630951546835, 119.1488678633594, 116.42889263982933, 111.99503107744509, 108.9181403987882], [25.212511514569012, 19.637625057274317, 10.16345143041733, 0.0, 7.432347158789679, 18.372575470815626, 24.703552668086104, 64.5422939948707, 71.73791860589992, 80.34414787725895, 88.18240338169244, 95.14349919063216, 88.08396662593489, 80.20338890457806, 70.76458408000715, 40.186386765907855, 36.520620517875486, 31.705774741296217, 25.835606011821806, 20.482559601863585, 16.491383024643387, 22.27601500988274, 27.96713176924622, 31.72733160363086, 36.48480296285259, 70.72769980575478, 79.61112505788931, 85.93842160684827, 93.83085728443503, 99.00053112165423, 97.17014958086054, 91.9454954270912, 85.82968916003324, 78.6754914763364, 73.20040545144163, 41.638768866150166, 46.0903237359745, 52.066928573983056, 50.222918038060136, 59.583592055902685, 67.82431523698617, 73.92338615782677, 75.99122917502828, 74.23921142551185, 67.08273278375158, 60.435819019902276, 59.02588129826843, 69.35580903554822, 69.70450205771431, 72.38296675014404, 78.37488049586837, 81.89726853903267, 88.59438875480382, 96.79420772683153, 94.4995718033179, 91.40932611946286, 87.23142638238696, 82.50176976193772, 76.30334579539046, 71.55324312234987, 74.11237626127034, 80.68314628485338, 86.86654683740106, 93.35632949775565, 87.48808091674542, 81.2071082066023, 74.77572368730999, 37.08672563204271, 37.93063260271291, 46.891641974198386, 59.02804774783772, 75.69707355492007, 91.08099210193099, 95.66587332084279, 110.82812129756984, 121.90269014966505, 130.07513555147415, 128.43570226467767, 120.08374626885002, 118.55320595651372, 115.03961992644317, 113.58276237960087], [20.85341931208966, 16.365068687348092, 9.03238037294605, 7.432347158789679, 0.0, 11.755067317985423, 19.209281084808485, 59.608860323656984, 67.15733978189287, 75.86056586043897, 83.69625180936927, 90.83609984777094, 83.30928183183691, 75.16897241543195, 65.77516298850074, 37.31210462287601, 34.81745636785619, 31.405608701341457, 27.97112648711035, 25.868806429955075, 21.286199944225952, 23.470673183724195, 26.51612767654851, 29.223904569227606, 33.184310858744105, 66.5547988237553, 75.63866195164267, 82.21446073502118, 90.34999714015537, 95.58009460605189, 93.32749846980846, 87.95540515774282, 81.75897687499234, 74.38259574729827, 68.87072914111978, 36.59736823179313, 39.49438612121957, 44.799996425982116, 42.96873025306917, 52.365066799292656, 60.47714408155714, 66.60052068279403, 68.98430852448352, 67.58750455765563, 60.21132129239539, 54.241760854179816, 54.02390213224614, 63.49745535136816, 63.134638460805675, 65.27789920320957, 71.23290957677641, 74.76537858797629, 81.71629264111422, 90.28553950514657, 87.8013963657663, 84.6316494050683, 80.51768950599758, 75.92909468271445, 70.08197817212861, 65.3683096196068, 67.32722810480237, 73.66232001053535, 79.94424212370807, 86.72624120431762, 80.59314762086939, 74.22842140032465, 68.03939477628121, 44.35792033621128, 43.96000968048497, 49.940664672717176, 59.89506121833701, 75.0278194209454, 88.78677666133305, 91.89577336522727, 104.920772781159, 116.53044716700477, 125.29427104316427, 123.95477162230824, 116.08822547232073, 114.88849762502119, 112.12088555401175, 111.1452373190517], [11.786538349560104, 11.624122573865437, 13.457100549506345, 18.372575470815626, 11.755067317985423, 0.0, 8.652051985681549, 48.796517238031825, 56.48170587133504, 65.15673498719589, 73.05828338562111, 80.65656132258898, 72.67470941575232, 64.29580743960703, 54.971255838207696, 30.04019571830739, 29.927335333263667, 29.34266084040425, 30.093533906265826, 32.68986372898043, 28.156023701178402, 25.372632844572372, 23.338078217890455, 23.44588633003293, 25.42850217698858, 56.052828627254115, 65.24283171477593, 72.0191726431276, 80.41915815984581, 85.80941294558096, 83.15289722398605, 77.54171363913517, 71.24491341073927, 63.69569595758346, 58.17746933156997, 25.697854255904016, 27.832980733652764, 34.134733554585324, 34.4117908231611, 44.0870748803238, 51.45691603013458, 56.8785897542755, 58.97693816786922, 56.95702438327917, 48.729717541573116, 42.5079086379606, 42.856231972838515, 59.996306479847256, 57.67679463034243, 57.73301848891409, 63.06663479622664, 65.95398391561382, 72.92782732173912, 81.67597451197729, 79.66270635469492, 77.05467849395137, 73.58901090415777, 69.98911702054242, 65.38078930458782, 60.84341220250945, 60.9158433031138, 65.91424471001595, 71.57842363348436, 78.26010992385311, 72.32539004281543, 66.59972992972729, 61.74810291260055, 53.282445291517746, 53.92372709636918, 58.490850610590684, 66.06297821278088, 79.52402456094104, 90.66391191939573, 91.4465993510678, 99.90786867532564, 110.30932830429778, 118.53259845285179, 116.70881192812624, 108.36298759584743, 106.58055976636464, 103.8844036226739, 102.6841478053071], [6.434421841432142, 12.88861531266412, 19.151596703297297, 24.703552668086104, 19.209281084808485, 8.652051985681549, 0.0, 40.53552115012468, 48.08438690592378, 56.78429482862998, 64.65814087548678, 72.2320145748669, 64.4220552147793, 56.17087145451147, 46.7830019193501, 26.56893161963247, 28.308546362736255, 29.543870769598236, 32.215755881706876, 36.46361194951233, 32.555218140375835, 28.319296098938914, 23.772163899235952, 21.80220945205896, 21.881776217226538, 48.451543493163165, 57.383209937717176, 63.884665652063696, 71.97776230933819, 77.21879309371442, 74.61013291830712, 69.16280419784398, 63.058644766057526, 55.625846228964626, 50.28016390416798, 19.028001277440676, 23.035422941302162, 31.677787109169813, 33.62400128081984, 43.18368146998814, 49.96083032114559, 54.35044344733156, 55.06378167127809, 51.57791865727249, 43.72732260398813, 35.959942584874646, 35.150604524668275, 61.70363370781595, 58.44783343583533, 57.17427607317795, 61.70148385440769, 63.683837318047615, 69.91490229607717, 77.97044744624253, 76.96183158299205, 75.28716858106179, 72.55011774704408, 69.98720850125552, 66.255236202854, 61.89242184451822, 60.908877914000314, 64.69382663066882, 69.21142313525482, 75.00859128337028, 70.00348952258487, 65.40643325710022, 61.76081373568662, 56.431962534444274, 57.91742574425355, 62.84670439632853, 69.70313808194194, 83.03083376412381, 93.09053198923174, 93.16520133052256, 99.49384669759196, 107.247857929796, 113.86384259609464, 111.06899887408548, 101.58946690422293, 98.89532784964608, 95.59932615715924, 94.08850563657553], [40.93721624699982, 49.60679674781178, 58.681019614553364, 64.5422939948707, 59.608860323656984, 48.796517238031825, 40.53552115012468, 0.0, 8.948486432018491, 17.791720704488984, 24.63789575499087, 32.679707968176274, 24.114585907618004, 15.86048212936697, 6.5750200713000115, 43.893613881165685, 51.11281704830052, 57.3587125307794, 64.60242841442113, 72.21497798542298, 69.56671256316405, 62.642627200428855, 53.84951243031741, 47.97457260430356, 42.36863760488187, 23.980505674930814, 27.878406895496987, 31.518182948225693, 36.804845253577426, 40.50142295953866, 36.396811718074936, 32.177232560740855, 28.36539745722501, 22.40588520591697, 20.756422004273784, 29.218736820721954, 30.17703203801031, 37.94135549743907, 45.06665408426764, 49.15263803083173, 50.12547943421092, 47.99393131364634, 41.923226561965215, 31.415934787932333, 29.225607025185603, 18.595685661209966, 14.962706011241046, 74.27068034544023, 67.02133050253839, 59.60697473711028, 59.215539221965344, 56.386059925223336, 58.081098836677896, 61.982204894267305, 65.8623469969798, 68.82238714348196, 70.11440374875743, 72.81402615882239, 74.08009335189199, 71.43850059040307, 65.34689877812738, 62.41540094229748, 60.7114117955389, 61.63284330016863, 61.63040014173393, 63.18743839326761, 66.17269409409163, 89.64087574119505, 91.63287702388891, 94.47238129048577, 96.5839798953859, 106.14518280175179, 109.36279032741362, 104.5069880400176, 97.58632357069253, 93.95507176863448, 93.62375524532783, 86.78604765300757, 73.09185172062192, 66.07713562405382, 61.73384471049875, 60.060424504027495], [47.72081204885367, 56.10031098717737, 65.51735615076433, 71.73791860589992, 67.15733978189287, 56.48170587133504, 48.08438690592378, 8.948486432018491, 0.0, 9.068397306812766, 16.610018383509573, 26.288523330277545, 18.42513455405279, 11.765486796600216, 7.4393349687579615, 47.83946439543418, 55.20715442774508, 61.832076707583326, 69.53922984934434, 77.7504716102462, 75.46147796763938, 68.10512602042508, 59.019834233209714, 52.96063533993531, 47.09254467387823, 20.560688842870658, 21.43825327524593, 23.496404175536775, 27.95946553161369, 31.8143608944314, 27.662796836399064, 23.269204410637357, 20.060549178684116, 15.359544770177985, 15.90926615166878, 35.17591361344535, 37.59186617292244, 45.59620197225586, 53.63788452818636, 57.30594384601427, 57.4568054562609, 54.51109313862854, 48.0548407244293, 37.05279687927228, 34.847242386516854, 24.709473690985504, 18.38824431760917, 82.70255829036573, 75.17869615896967, 67.16126382933346, 66.18087593562753, 62.765091053567104, 63.776518121271536, 66.7615322603679, 71.47725816904351, 75.12259466111347, 76.99347524442203, 80.30472326565533, 82.10990581458057, 79.66510736221498, 73.11827925810701, 69.39773964442723, 66.88720453552277, 66.97020591505498, 67.80848780371356, 70.18068304428327, 73.93972567463751, 94.78675890655771, 98.24868069115324, 102.1338766115817, 104.5893814918938, 114.39628701789351, 117.42026098107596, 112.40815689228356, 104.0999664254882, 98.32094508719015, 95.98459958103976, 87.84096046551626, 72.43482930408096, 63.1413985119268, 56.65346037811842, 52.64428553160832], [56.069515345312894, 64.20589994431096, 73.8385310125444, 80.34414787725895, 75.86056586043897, 65.15673498719589, 56.78429482862998, 17.791720704488984, 9.068397306812766, 0.0, 8.890011081928806, 21.024334138986802, 14.33459605559965, 11.609948445561031, 14.280666074224762, 54.117683894937386, 61.589511627333536, 68.53362636648029, 76.66850742744587, 85.39306284095893, 83.29034432746153, 75.52848198499396, 66.1788925996216, 60.00106960832861, 53.94603957118679, 21.511213293393958, 18.251979290003536, 17.613401189866337, 20.386049952266994, 24.22875546130133, 19.406921898871573, 14.736660104045418, 13.212486025069657, 11.868527203059482, 15.939931678015592, 42.79744018101416, 45.272394855601654, 52.780505076816915, 61.500796370512155, 64.4855863101286, 63.65352423593244, 59.82795094481836, 53.08072849622808, 41.941837082003104, 40.03121698613209, 31.236887314466113, 24.955248456558092, 90.21822531028201, 82.25834897193833, 73.49097786390234, 71.82741335423265, 67.80394158402859, 68.15652812887058, 70.33225244253859, 75.74965468485634, 80.03647913698636, 82.53062992238587, 86.52760913962943, 89.03790782704188, 86.87192841171753, 79.69523162640102, 75.04820984997764, 71.71624646638685, 71.04788499569645, 72.63826720449173, 75.84406154290429, 80.51294033242387, 102.33319729725788, 106.68615887025904, 110.95602863638754, 113.31311422275445, 122.87726216950244, 125.24783042442093, 119.65977708160705, 109.2598116429355, 101.67365358619409, 97.73814089043884, 88.61024275569498, 72.11631997016605, 60.96854379521854, 53.03125388987496, 46.957285960445525], [64.27986149425182, 72.5890021294836, 82.04871309322908, 88.18240338169244, 83.69625180936927, 73.05828338562111, 64.65814087548678, 24.63789575499087, 16.610018383509573, 8.890011081928806, 0.0, 13.121322770843987, 8.815593256728897, 12.552321606569278, 19.500600707440498, 62.98543369344471, 70.4195427636437, 77.28826266755259, 85.24489341538914, 93.65106628122132, 91.59971237186902, 84.13218687266014, 74.9169262427909, 68.77786115045643, 62.76855821881573, 29.704166108279622, 24.61680205457372, 21.2489462568421, 19.062590654956637, 19.594519691324663, 13.722910387720095, 13.263057977792188, 16.70684474722663, 18.950008928941376, 24.11821613669987, 51.38814537665186, 53.00601351189396, 59.44880317019111, 67.2944995923095, 69.3950398967021, 68.06278781278041, 63.506133013993804, 55.64262106068194, 44.363568404513245, 45.386532944576466, 38.264523283445236, 33.58681367047967, 94.18080714688273, 86.19039426644197, 77.2512280513079, 74.86187956589927, 70.17754343342203, 69.19753610609385, 69.81938450996961, 76.23433732515318, 81.38816891508702, 84.53923403456652, 89.29942787967308, 92.40394281724737, 90.572797385382, 83.18505240153468, 77.77645571214052, 73.27694674916282, 71.24176060453084, 74.13253464953132, 78.48989901875542, 83.92251953165065, 109.76294762478503, 113.24751434985654, 116.72122439918986, 118.14765391737602, 126.94312498583399, 128.14932358395512, 121.99667953614374, 109.9138722157181, 99.5584664265635, 93.69600559128436, 83.64198123415493, 66.36720942351913, 54.14997703976006, 46.31003832875627, 41.3887773529565], [72.52643632109789, 81.17021148430678, 90.03688932538134, 95.14349919063216, 90.83609984777094, 80.65656132258898, 72.2320145748669, 32.679707968176274, 26.288523330277545, 21.024334138986802, 13.121322770843987, 0.0, 10.454779269201282, 19.162440261471, 26.7954023369665, 73.73060470734625, 80.89919040301527, 87.28109628069897, 94.42339220053759, 101.69170621505928, 99.73821982731319, 93.2981490478619, 84.69596588230158, 78.79232230241416, 73.09620310221267, 42.32539511627369, 37.209097456273106, 32.616280477067896, 26.22122442573933, 21.294937003497733, 17.037609312222326, 22.90483305453017, 28.792755084042007, 31.799666628519816, 36.78798602496919, 61.263380434865006, 62.1905825346305, 67.63379313154229, 73.18180934438418, 74.51723275236631, 73.47432499826061, 68.63354235051887, 59.04117052781485, 47.82719710760191, 53.62555907275412, 47.74739066996032, 44.49501654496086, 96.61970163525713, 89.32061410665689, 81.15900523186008, 78.2183094489316, 73.00507707003044, 70.01850412864425, 68.09438202983924, 75.8530919277966, 82.05268302933891, 85.75874019093638, 91.17266933325872, 94.48813653022209, 92.96903715834203, 86.14237971600744, 80.46429069911505, 74.60113942515146, 70.48242460725545, 75.29888586616241, 80.97854008021743, 86.7084063827064, 115.79232934237612, 117.11969336351119, 119.14551988275876, 119.15193258118038, 127.01419717509847, 126.94366511323264, 120.74307508757917, 108.36514801504545, 93.6448404171148, 84.70593409267077, 73.24621532014477, 54.56551022909583, 41.21883558408611, 34.40728036809027, 35.11747534609836], [64.91758861614677, 73.58778187711557, 82.61342231058728, 88.08396662593489, 83.30928183183691, 72.67470941575232, 64.4220552147793, 24.114585907618004, 18.42513455405279, 14.33459605559965, 8.815593256728897, 10.454779269201282, 0.0, 9.067588329191286, 17.796451032455124, 66.18811428518511, 73.611120078001, 80.21195246489275, 87.71218620980542, 95.37061503270638, 93.05189267140292, 86.17951810727249, 77.25097642235579, 71.22854546595518, 65.37096769543626, 35.519231772056216, 32.080810021100916, 29.770780003745553, 27.49631554470969, 26.228593428027324, 20.604616508491684, 22.013676483464025, 25.079484297604328, 25.792671301669355, 29.937326174251005, 52.83287984433949, 52.58916705531364, 57.56029672213626, 63.74835848730328, 65.04573635086027, 63.71103831778115, 58.90409924859779, 49.92295610845184, 38.60955751757813, 43.20391462339945, 37.67474766334526, 35.79920431180252, 88.46446886292736, 80.65046871693318, 71.9779493655635, 69.21025786289906, 64.21052447046176, 62.25155928102341, 61.92700417613308, 68.82103398507961, 74.409063615589, 77.82842285710255, 82.96254805843718, 86.31440469849906, 84.71556156764487, 77.43415448608268, 71.7692750375169, 66.56639421751886, 63.668506567759465, 67.35221668395631, 72.38176238137608, 78.08350357359726, 111.09782626841765, 112.34652513840963, 113.96793460533544, 114.01437183530783, 121.64855307966035, 121.66824872771149, 114.9573461298028, 102.16613084877213, 90.82217103246127, 84.99829095785694, 75.30372785770471, 58.940536136363455, 48.463535754585195, 44.12034388299233, 44.404269741336684], [56.776321993402945, 65.4281997391256, 74.50628400416217, 80.20338890457806, 75.16897241543195, 64.29580743960703, 56.17087145451147, 15.86048212936697, 11.765486796600216, 11.609948445561031, 12.552321606569278, 19.162440261471, 9.067588329191286, 0.0, 9.444243348360047, 58.390091655811865, 65.89081609448982, 72.52061613320099, 80.12918925826071, 87.94035425077371, 85.38278766397192, 78.31214528653591, 69.27014134102336, 63.231979922763166, 57.35208015489472, 29.946058592786695, 28.87586943067188, 29.070373270605828, 30.43084458779595, 31.69010586865001, 26.17939619173525, 24.417067825281332, 24.32012593576164, 22.16290305182536, 24.684553842568835, 44.353193710711835, 43.540812810560325, 48.66175604742723, 55.38320199698737, 57.15255484333257, 56.080293507652726, 51.769696644619366, 43.607253005635485, 32.195843450318144, 34.86938113825439, 28.669924713945953, 27.57975016160926, 81.65013225303848, 73.66531134088525, 64.93947935399339, 62.71883642225841, 58.2432125743852, 57.578082257662324, 58.9884214232219, 64.80968944334037, 69.54858206831271, 72.39055040890291, 76.90348763331365, 79.86675408662599, 78.02058180018668, 70.71853329431444, 65.58272428304133, 61.41801617450763, 59.94900498431306, 62.28085117859288, 66.28088999263228, 71.44747137484056, 104.71925254622134, 106.02790237280068, 107.65059055696811, 108.08602626480618, 115.96226383333321, 116.64179500151373, 110.05633396948757, 98.27339880622709, 90.15456558298774, 86.93992791930933, 78.66060446847325, 63.882374372215615, 55.310858036122546, 51.75967926388958, 51.49461425544201], [47.41558375396793, 56.12706541107742, 65.11135353924195, 70.76458408000715, 65.77516298850074, 54.971255838207696, 46.7830019193501, 6.5750200713000115, 7.4393349687579615, 14.280666074224762, 19.500600707440498, 26.7954023369665, 17.796451032455124, 9.444243348360047, 0.0, 50.18214603300558, 57.49863208283003, 63.84905170381144, 71.14703945287836, 78.69588157569517, 76.07303436816508, 69.21645960870741, 60.39439257113019, 54.48248437683815, 48.798751919113116, 26.44689498183356, 28.261588057132105, 30.49918119217762, 34.17418395697397, 36.81801893153515, 32.17535738531463, 28.975200486528234, 26.595214244753603, 21.967866546743245, 22.120144254838554, 35.60776994477418, 35.482337661434784, 41.858802763484604, 48.51792754404752, 51.530575295693396, 51.69873658973753, 48.620084955258896, 41.382301113091835, 30.20684749467506, 30.736190677622172, 22.149021398325075, 20.210024153380843, 76.2777934506952, 68.75202531183517, 60.83494232159815, 59.648543500960436, 56.087029366208554, 56.69466698542382, 59.50093771640202, 64.24479309354794, 67.9938397127367, 69.94000828868771, 73.43063107366973, 75.40115912634609, 73.09663747661007, 66.53069767288345, 62.672548470452256, 59.8602439506361, 59.703069001094164, 60.751948547691214, 63.40100695793152, 67.30542913052615, 95.67799833200723, 97.05857997059229, 99.14965173240134, 100.37726301395001, 109.13235308891666, 111.18587905007693, 105.593973890523, 96.72715428805945, 91.12507777305375, 89.6407933201842, 82.25858343836127, 68.18481185247329, 60.7686594446648, 56.984385291126216, 56.303392155616166], [20.806202274668223, 21.050465974773527, 30.384162511245524, 40.186386765907855, 37.31210462287601, 30.04019571830739, 26.56893161963247, 43.893613881165685, 47.83946439543418, 54.117683894937386, 62.98543369344471, 73.73060470734625, 66.18811428518511, 58.390091655811865, 50.18214603300558, 0.0, 7.991830511921655, 15.88023258974493, 26.166361720931878, 38.28290849758483, 35.973237981903516, 24.991170203401776, 14.519065613386111, 8.740884681515306, 4.7365710498210625, 36.98706722727289, 46.16103416820499, 53.691971314914376, 64.1689756678163, 71.8903307604508, 70.0289124166728, 62.38349192053046, 54.61966037337477, 47.56487015096543, 41.37492037768955, 17.49496287569099, 29.811370404657787, 41.884275299570376, 51.96344288935267, 60.50708047349786, 63.97442687674858, 66.4893259618015, 68.2844318460967, 63.11675648128984, 48.843592925131716, 38.6655555752737, 31.34588841092484, 84.32275482109893, 78.87331707706225, 74.21518834287183, 77.65895240332891, 78.67210550715055, 85.60495692562381, 94.28185579775817, 93.9598316988258, 92.91592433471352, 91.15719099420707, 89.6867541676977, 87.62699205087658, 83.65438924064374, 80.07258238495018, 81.62674286490011, 85.5860912482117, 91.6417986333321, 86.58934574465414, 82.64147331386013, 81.15039303713482, 61.99294187443656, 74.171712895848, 85.11886505387749, 94.71790365064265, 109.10542571561098, 119.501039869592, 118.71929591040164, 120.64110790578322, 127.55101010696765, 132.25778170233298, 127.47602337161261, 114.8822410711335, 107.95004543958284, 100.03203694528318, 91.54994019832952], [22.212076738525894, 19.22990934772278, 26.760698566717128, 36.520620517875486, 34.81745636785619, 29.927335333263667, 28.308546362736255, 51.11281704830052, 55.20715442774508, 61.589511627333536, 70.4195427636437, 80.89919040301527, 73.611120078001, 65.89081609448982, 57.49863208283003, 7.991830511921655, 0.0, 8.14616044634778, 18.872321005899067, 31.66057629135671, 29.693088266642597, 18.30288382136785, 8.85815997008211, 6.619930421077929, 9.52884435543917, 44.513142144133404, 53.42990883502687, 60.71994781463593, 70.97066540689387, 78.62183379083055, 77.09502871799394, 69.60229255760946, 61.933310437727656, 55.07982807662869, 48.96788220424886, 24.157919497882094, 35.79844042298539, 47.164930247408925, 56.049215638623586, 64.97920023231673, 69.10686136713107, 72.29197591082314, 74.5424328938711, 69.86982425985953, 55.8602276343728, 46.1007193094694, 39.121893470775234, 87.10126833090216, 82.44670324690493, 78.78541447013838, 82.7621466788524, 84.28032907199028, 91.49291665962384, 100.36073579123267, 99.64817348840585, 98.165500339243, 95.95673406696801, 93.84540417155375, 91.08599591200128, 86.92984140309976, 84.21077703376201, 86.61073273287329, 91.15763096050209, 97.53337692478706, 92.12825235077253, 87.59143046681972, 85.26247976068899, 55.89729024215892, 69.90134818240215, 82.42551582495076, 93.39259647741069, 108.67784464841603, 120.45310514776884, 120.77620840577013, 124.95973744055884, 132.86292303357186, 137.99498397983498, 133.44511083239695, 120.97773539130512, 114.25080733910526, 106.06947476801218, 97.39634233917491], [23.685751947407162, 17.947595713801913, 22.583764317831275, 31.705774741296217, 31.405608701341457, 29.34266084040425, 29.543870769598236, 57.3587125307794, 61.832076707583326, 68.53362636648029, 77.28826266755259, 87.28109628069897, 80.21195246489275, 72.52061613320099, 63.84905170381144, 15.88023258974493, 8.14616044634778, 0.0, 10.88749430111199, 24.022319856101685, 22.379108312100573, 11.061718939479158, 6.3186278118400026, 10.332675692520116, 16.069080052582162, 52.17434125546588, 60.953115094828405, 67.9742372281079, 77.82055735421456, 85.18335526508358, 83.89579865049662, 76.72977870997231, 69.27070967457713, 62.50602623616436, 56.48151708348862, 30.23673257765609, 41.17954017223392, 51.8393751028201, 59.07631484051585, 68.34587842335642, 73.28961065158833, 77.1575003164695, 79.61842979473013, 75.41445322088605, 62.16516423954128, 52.73713623640428, 46.25264308367262, 88.32994146136983, 84.64959261636007, 82.19366811906575, 86.69570580064891, 88.70098372464699, 96.03053410067297, 104.93458933646482, 103.87639759898465, 101.99564581920832, 99.32660556994007, 96.5729002303093, 93.0387885071632, 88.70067152295152, 87.02000470597486, 90.33806072279728, 95.38850237253227, 101.94927072346051, 96.30917944943273, 91.2568416049433, 88.0210005113118, 48.685779702975296, 63.88686456744945, 77.7338764550234, 89.94082945749082, 106.07453358466674, 119.21461885014176, 120.76642367250776, 127.54831522409081, 136.26400151291557, 141.82237377685087, 137.5960083421716, 125.4391985860592, 119.20589416662911, 111.11915987298859, 102.87924898525509], [27.27306369756812, 19.685991128630608, 19.1295931883545, 25.835606011821806, 27.97112648711035, 30.093533906265826, 32.215755881706876, 64.60242841442113, 69.53922984934434, 76.66850742744587, 85.24489341538914, 94.42339220053759, 87.71218620980542, 80.12918925826071, 71.14703945287836, 26.166361720931878, 18.872321005899067, 10.88749430111199, 0.0, 13.380619732084648, 12.625846919553037, 5.551732987552806, 13.256102809370407, 19.109861544680175, 25.40124213623716, 61.6511047252001, 70.24282515582428, 76.85152040108163, 86.01553119749624, 92.8417382901841, 91.83625322830993, 85.23512045169555, 78.15559113152813, 71.50389826796018, 65.64487249940987, 38.208995107906766, 48.35917766006653, 58.199659398448595, 63.07721917974442, 72.63351091498986, 78.64556355266618, 83.25207342921581, 85.62713371648589, 81.86591689328291, 70.05542021408267, 60.892104835666785, 54.91311589396097, 89.50376311786569, 87.2182559375759, 86.40819020700484, 91.4707483011505, 93.97917145281845, 101.19723853932479, 109.88304500180628, 108.5401590708957, 106.29264966209082, 103.10764803160124, 99.63418150026855, 95.11422268956458, 90.57521929841195, 90.3327787255074, 94.76585608335196, 100.24349292458193, 106.78985929364958, 101.08446739904981, 95.57790123792341, 91.24125060353637, 38.3752222692391, 54.76142534039429, 70.36531439443051, 84.14852333454093, 101.42342811489806, 116.3227249771353, 119.621997488625, 129.97834548722912, 139.2392717054246, 145.1088025887972, 141.25540150486273, 129.5243406880149, 124.03180013842655, 116.22759905532811, 108.92157270635597], [33.173287782789174, 25.546574992195612, 19.57965886597195, 20.482559601863585, 25.868806429955075, 32.68986372898043, 36.46361194951233, 72.21497798542298, 77.7504716102462, 85.39306284095893, 93.65106628122132, 101.69170621505928, 95.37061503270638, 87.94035425077371, 78.69588157569517, 38.28290849758483, 31.66057629135671, 24.022319856101685, 13.380619732084648, 0.0, 5.129901180079205, 14.651002019735346, 24.747923755790325, 30.461725424172045, 36.639736925818056, 72.38442272791804, 80.80487574975368, 86.9537867841453, 95.24098729845913, 101.2823344451785, 100.4623303327302, 94.63095620699012, 88.07868319682358, 81.5062827560413, 75.88127651145005, 47.4153181264546, 56.33072617502603, 65.05331359954079, 66.96751784394208, 76.59490282944972, 83.79438747702069, 89.1414041695424, 91.20147662323981, 87.98596664408748, 78.25937476499146, 69.54089444740833, 64.41531729962256, 89.34113336515509, 88.81897178876224, 90.02190266039432, 95.62018592270711, 98.6310042254617, 105.50333664590998, 113.72780732909031, 112.11414456331181, 109.51933276517092, 105.78887039905108, 101.56108911384513, 95.92851528227922, 91.22417249169015, 92.74921689318451, 98.41578853842367, 104.22257990618058, 110.56718551520116, 104.95074035230122, 99.07521965753966, 93.51998655985065, 26.267706545533237, 42.43224739023812, 59.799332806849925, 75.2538815384216, 93.73075190766289, 110.56017621595784, 115.9755447079969, 130.63177328236148, 140.2676203226856, 146.49488862313157, 143.2138755419223, 132.28682421103295, 128.0020225288262, 121.00808938710362, 115.44263496645478], [29.609461414404876, 21.57561731908721, 14.818257838367506, 16.491383024643387, 21.286199944225952, 28.156023701178402, 32.555218140375835, 69.56671256316405, 75.46147796763938, 83.29034432746153, 91.59971237186902, 99.73821982731319, 93.05189267140292, 85.38278766397192, 76.07303436816508, 35.973237981903516, 29.693088266642597, 22.379108312100573, 12.625846919553037, 5.129901180079205, 0.0, 11.864878609609836, 21.944545706898214, 27.697408715657737, 33.90392337314638, 70.40883384735722, 79.11158035612877, 85.51788831322023, 94.03658840101478, 100.12109297031101, 98.97918929611338, 93.03485603446141, 86.38015458785331, 79.56252353165354, 73.8376534191866, 44.1642430913543, 52.245829703132074, 60.49044847446702, 62.24127318459267, 71.83573218406939, 79.02933399046137, 84.51139320136694, 86.88118228016364, 84.03936695854601, 74.20125362867732, 65.972008340741, 61.66392690201497, 84.69729909633489, 84.02806270119419, 85.19636514853103, 90.86897530946996, 94.00488242711411, 101.07513657986887, 109.5595043693496, 107.69838487885126, 104.92859712619624, 101.1240907855455, 96.81702012971007, 91.22466165359592, 86.53339603230847, 87.95953669061157, 93.68029386349252, 99.67804630597888, 106.27250427947766, 100.40852540720745, 94.3497799799482, 88.74308130481421, 30.20779753123266, 43.249312730270894, 58.67889349139771, 73.27644473690793, 91.08984502875526, 107.32760507324004, 112.14971169718312, 126.14958238748707, 136.49297921544672, 143.3554950846072, 140.45767273597906, 130.0735858415585, 126.25088828886402, 119.95201798911667, 114.96825065084474], [23.85217529986743, 15.50500967132626, 14.53560634675296, 22.27601500988274, 23.470673183724195, 25.372632844572372, 28.319296098938914, 62.642627200428855, 68.10512602042508, 75.52848198499396, 84.13218687266014, 93.2981490478619, 86.17951810727249, 78.31214528653591, 69.21645960870741, 24.991170203401776, 18.30288382136785, 11.061718939479158, 5.551732987552806, 14.651002019735346, 11.864878609609836, 0.0, 10.696870226056493, 16.956444160881723, 23.442787454655594, 60.90052800682431, 69.84172160184018, 76.72316505320458, 86.06361023669734, 92.83870531460215, 91.45709951303895, 84.81151797412713, 77.66850908135137, 70.71262097390188, 64.74969157951084, 35.48147510642567, 44.4572337771172, 53.64283793886662, 58.1490305384611, 67.6787860294904, 73.77733717584864, 78.62435858408185, 81.37378352476756, 78.12840836420573, 66.32039512610537, 57.81046982808952, 52.98764229835301, 84.35827058617649, 82.04358766082039, 81.35328471558475, 86.55752363279997, 89.26909521649364, 96.70927415985267, 105.67455088029784, 104.00117014459357, 101.50445854109807, 98.17734647705956, 94.53802565814952, 89.97210114712001, 85.44066345873968, 85.22578364851395, 89.83209572762314, 95.58034683977108, 102.41914042516568, 96.41429344605893, 90.64392889653452, 86.1384061605798, 40.6696338008978, 54.334942864466846, 68.19151952054492, 81.18997215956783, 97.79730654811902, 112.20127301435866, 115.04216069365891, 125.06041119125365, 135.2034516361776, 141.86220622076576, 138.52887960146597, 127.53929632652736, 122.74232838347933, 115.87069714143844, 109.49207776253242], [18.218636252931944, 12.22765225022338, 18.16548507693458, 27.96713176924622, 26.51612767654851, 23.338078217890455, 23.772163899235952, 53.84951243031741, 59.019834233209714, 66.1788925996216, 74.9169262427909, 84.69596588230158, 77.25097642235579, 69.27014134102336, 60.39439257113019, 14.519065613386111, 8.85815997008211, 6.3186278118400026, 13.256102809370407, 24.747923755790325, 21.944545706898214, 10.696870226056493, 0.0, 6.421172929756842, 12.92968152661047, 50.785764541451755, 59.93206707523189, 67.13899850693863, 76.9622331316334, 84.0855007659458, 82.40241128899855, 75.36133643383648, 67.96205831587226, 60.85774471778416, 54.769861490141835, 25.93446903930769, 35.859900390339696, 46.1281686313428, 52.8621560951164, 62.17785506469603, 67.33207522585892, 71.41590607061522, 73.9941944748949, 70.18215864246626, 57.282972621164404, 48.35148884775827, 43.1260204040452, 82.03248669334393, 78.33993662148661, 76.0274915463556, 80.63108564615092, 82.76921582035433, 90.16952769117837, 99.19951415578547, 97.92783997722813, 95.90169703934457, 93.13419487856308, 90.29354203242451, 86.72088264529575, 82.38332997497899, 80.75411966165807, 84.21791799465639, 89.40718563458498, 96.10536108945058, 90.31446101880631, 85.12209041664508, 81.74855038324827, 49.92988230346834, 62.31062985119476, 74.35813533906763, 85.61957153876786, 101.09580602588203, 113.64073716792012, 114.76674139119989, 121.2812578211887, 130.47411489042264, 136.6427448365951, 132.89021959015136, 121.46815523502397, 116.03504758413123, 109.02821575668962, 102.09800362863018], [15.862638453787506, 13.195077946435974, 21.832103067164304, 31.72733160363086, 29.223904569227606, 23.44588633003293, 21.80220945205896, 47.97457260430356, 52.96063533993531, 60.00106960832861, 68.77786115045643, 78.79232230241416, 71.22854546595518, 63.231979922763166, 54.48248437683815, 8.740884681515306, 6.619930421077929, 10.332675692520116, 19.109861544680175, 30.461725424172045, 27.697408715657737, 16.956444160881723, 6.421172929756842, 0.0, 6.515843355780889, 44.480150850115336, 53.71942076338637, 61.03795405041628, 71.00591059884344, 78.219122390644, 76.37095963324848, 69.20739166646085, 61.743250963850556, 54.56244589328373, 48.44247574105569, 20.04481653439654, 30.980111829902793, 42.13200576121512, 50.04837524534271, 59.160793414239365, 63.782414537353205, 67.29968326828883, 69.4692910266482, 65.13703109695027, 51.93622796429769, 42.51163717140734, 36.826516143329016, 80.70683260125142, 76.28784478225616, 73.06552598307779, 77.22329947122385, 78.91488580140434, 86.08826810686097, 94.95093130719992, 94.06411362241315, 92.44431910461772, 90.07421583679051, 87.79821771101345, 84.82560975067668, 80.62060055345935, 78.21566548824164, 80.94214116748267, 85.619847052977, 92.03222728884633, 86.56140019886305, 81.8824898075848, 79.24011127157074, 54.86496506671222, 66.30072700077595, 77.35132210967521, 87.58933552146004, 102.46110645046345, 113.92299388196085, 114.16003335445092, 118.76097283015163, 126.96360669120928, 132.60993745609338, 128.52655882195924, 116.78521589064829, 110.97957884075919, 103.91855495759121, 96.84306072744417], [16.228820421237707, 17.003293287608404, 26.773215529637095, 36.48480296285259, 33.184310858744105, 25.42850217698858, 21.881776217226538, 42.36863760488187, 47.09254467387823, 53.94603957118679, 62.76855821881573, 73.09620310221267, 65.37096769543626, 57.35208015489472, 48.798751919113116, 4.7365710498210625, 9.52884435543917, 16.069080052582162, 25.40124213623716, 36.639736925818056, 33.90392337314638, 23.442787454655594, 12.92968152661047, 6.515843355780889, 0.0, 38.1764485973544, 47.54536534051215, 55.02989745489515, 65.20874528339648, 72.55184367737344, 70.49244473077326, 63.151730463480874, 55.58693641975076, 48.30589191742462, 42.134614212876016, 14.647276031590481, 26.686281875610046, 38.68168292832428, 47.92944357615268, 56.68377154875136, 60.62337084185491, 63.47515142224284, 65.23718958592988, 60.36139542199899, 46.74821236233247, 36.81047102926481, 30.582113587486315, 79.92425496706029, 74.73660311726792, 70.51805291014044, 74.1635132680666, 75.3637384148101, 82.29758687900026, 90.99250428801986, 90.50125312715048, 89.30839258256404, 87.37489318573846, 85.70959430165925, 83.40660977902772, 79.37206128956466, 76.12235313023848, 78.02187307495066, 82.14438923633199, 88.26109139536057, 83.12260241764471, 79.00214995510082, 77.17707398683822, 60.39136165177673, 70.98778883344318, 81.05288576416278, 90.2623090995133, 104.44666552288929, 114.76917999223853, 114.06197716227062, 116.5824467868759, 123.80988576769177, 128.94324229139053, 124.53325239189684, 112.49013147171884, 106.28595372743182, 99.18754057842146, 91.92632420381277], [45.770275692228694, 52.17966200719987, 62.46633757952846, 70.72769980575478, 66.5547988237553, 56.052828627254115, 48.451543493163165, 23.980505674930814, 20.560688842870658, 21.511213293393958, 29.704166108279622, 42.32539511627369, 35.519231772056216, 29.946058592786695, 26.44689498183356, 36.98706722727289, 44.513142144133404, 52.17434125546588, 61.6511047252001, 72.38442272791804, 70.40883384735722, 60.90052800682431, 50.785764541451755, 44.480150850115336, 38.1764485973544, 0.0, 9.830939000050044, 18.169343052962816, 29.692135016990676, 38.181872295621986, 35.35520017824716, 26.56628836328441, 18.243781622326715, 11.362934566576453, 5.628882722925926, 30.722125185327627, 37.0943504392507, 47.416053678010584, 59.63441238685392, 64.56642770618232, 64.15653360891876, 61.95876567859148, 59.17923886052666, 49.91366321391523, 39.05443602934894, 27.796030757017288, 15.84946394