{
	"dissimilarities": [[0.0, 8.997421650986354, 17.92764113210082, 25.40891389775978, 20.87748459316778, 11.79383344782374, 6.462277253027217, 40.94868306782862, 47.73291282353087, 56.15740335427654, 64.31987255493952, 72.6087805198844, 64.91619409969535, 56.62661249410709, 47.257598879067835, 19.184687403567615, 20.195253415853465, 21.697064041776272, 26.52555868259753, 33.17332397555442, 29.601496045618138, 23.16938840944821, 16.132129078000432, 13.617208489906401, 14.253115190677649, 45.02456908167377, 54.0357088815966, 60.62734184883036, 70.28408143419631, 76.91717594073147, 73.62286016272658, 67.5743579337454, 60.368362007320705, 53.11763391765446, 47.430940258276024, 17.16211661135103, 24.646074411971206, 35.40684480087535, 38.45186874094566, 48.43471855644002, 54.408497949168286, 58.4553671525448, 59.4034747736074, 55.4240536980168, 46.27327879517307, 37.34389201912028, 34.10198609566536, 66.89932144216267, 63.32801984975545, 61.60373784966197, 65.96720425771134, 67.73858201011429, 73.2678841271476, 82.08905386639404, 81.329547615789, 79.80202343948521, 77.2357529208428, 73.87968238669761, 71.32502676707475, 66.93621567324479, 65.58555551880471, 69.00081928453136, 72.68850540829159, 79.23793231848222, 74.3250494953523, 69.76633716165755, 66.48875146507721, 54.98064425409839, 60.01406630685048, 67.04091893793066, 75.0215121055737, 88.10887537480119, 100.0238073036393, 100.83647477461102, 105.71100457726142, 113.13873569151278, 118.77614465882766, 114.91108497730187, 104.76274504927547, 99.88748596441253, 93.79082019349009, 93.07142499912028], [8.997421650986354, 0.0, 10.539911794132296, 19.904969643247142, 16.38946019036088, 11.649625215642864, 12.913838873519019, 49.615093258879625, 56.032951640732115, 64.21863066483411, 72.6585165521482, 81.25647856442887, 73.58137306165867, 65.26160234922865, 55.94855535289098, 19.80916442362085, 17.30184189155481, 15.734531473609023, 18.81771249508598, 25.531421540437957, 21.54753712185572, 14.720518183102422, 9.755397461918248, 11.158226584593672, 15.647989747450241, 51.68438142785171, 60.846664646464234, 67.68784803830785, 77.50020404140365, 84.61158919661065, 81.45501273726143, 75.13892044077414, 67.85617864635901, 60.59810809348107, 54.70463047867027, 23.613194590408238, 30.904327496880917, 40.51809992792996, 43.30656991438943, 53.51017097326, 59.7196324471691, 64.42132865233017, 66.5030851788489, 63.293211720195416, 53.07724439020324, 44.813832609671245, 41.56769690967174, 70.37518997564892, 67.48205932217067, 66.535287296524, 71.48062577703503, 73.89287825653494, 80.100450976911, 89.5002235056179, 88.05909911951399, 85.8722176619043, 82.79224187496847, 78.66959169086374, 75.47013048153455, 70.85045387835515, 70.30673842830208, 74.53891856157318, 79.0905504669745, 86.33574839494321, 80.70610251458805, 75.31509355382936, 71.2139056589328, 49.45140059058424, 56.51157804551275, 65.32830365839679, 75.22860522899859, 88.97106287342548, 102.41123790173936, 104.19689952891203, 110.97810595130697, 120.28314540091951, 126.79081717694048, 123.34366289927235, 113.46386167675553, 108.71818136089801, 102.24342315834937, 100.69329680166325], [17.92764113210082, 10.539911794132296, 0.0, 10.126567367367139, 8.890288668017083, 13.526067228468632, 19.186194820996114, 58.746470138665146, 65.58511620673215, 73.97204980266967, 82.104875972744, 90.08873181477477, 82.65019691834901, 74.42397854696367, 65.01807834116802, 29.63772208785468, 25.42889753173652, 20.735140477992235, 18.17820151764695, 19.40545184764452, 14.674499495570982, 13.504660086721918, 16.28905731020595, 20.522413000336538, 25.90472096895153, 62.09726569902589, 71.15878528815317, 77.85159867609872, 87.26451050802451, 93.98532536605836, 91.04198973464841, 85.05261055445958, 77.9258613160306, 70.72304660995036, 64.9413348531708, 33.84820474967213, 39.3554699858637, 47.06338054990688, 47.296742238938286, 57.25044293840468, 64.41364745333753, 70.02969955548473, 72.55754880067883, 70.38716655420444, 61.32570410152907, 54.06098873687218, 51.72503394386276, 70.07718230520288, 68.81106425325626, 69.86291045076626, 75.50992265611417, 78.6565407967129, 85.0818767233159, 94.39463837432825, 92.32460517579472, 89.45835799777443, 85.68663558907143, 80.6476181050419, 76.22370596706793, 71.22031576828124, 72.53659936810728, 78.13830898739567, 83.55796019742178, 90.98496788935414, 84.98058046634407, 78.8000997363759, 73.34433097478065, 42.31610113304138, 47.97926235907496, 57.17687344752576, 68.61556890124649, 83.08553576741568, 98.26392994333325, 101.62515442395994, 112.19702900746624, 123.06469350984183, 130.59836774023032, 127.98052798742438, 118.92577545777391, 115.49613747221349, 109.72776748893243, 108.988504965542], [25.40891389775978, 19.904969643247142, 10.126567367367139, 0.0, 7.676869225408366, 18.53991838827928, 24.83727295405897, 64.67251768914021, 71.98128628923652, 80.61867522558752, 88.18752036548786, 95.20363039831753, 88.18695707747882, 80.19930229420409, 70.7628960007998, 39.43982482098708, 35.27176521884343, 30.01189935580254, 25.052929654787143, 20.51640765359338, 16.618993505230094, 21.31695055867478, 26.171634837505376, 30.38806693562796, 35.51982412615223, 70.25209007072127, 79.05264168291157, 85.39273301782022, 94.1387522558091, 100.09471540137784, 97.3994488797714, 92.00039566151618, 85.16979556058139, 78.09883124441167, 72.59298040169365, 42.21637188065693, 46.457290602918015, 52.89958894407226, 50.499919127610745, 59.8498619572095, 67.91091454465082, 74.07571193304454, 76.26834663414768, 74.74713149295575, 67.73803502444571, 61.07723906654408, 59.42466755660822, 68.47186507587097, 68.90141400249969, 71.92672245035689, 77.95062693781033, 81.4811167846905, 87.58452154807519, 96.22191248350069, 93.94750592155779, 90.77899437306796, 86.55845182001664, 80.98409787913847, 75.47070658096776, 70.16610671408253, 73.32777351418973, 79.99673326056416, 85.77709423265772, 92.79535823797994, 86.9610512849731, 80.49831751361934, 73.9932914888403, 37.48528814562936, 38.8251114722486, 47.29573624283776, 59.73372985681932, 75.04049922003048, 91.59477078771415, 96.52903002275042, 110.9004128604392, 122.08511822782094, 130.0689612568922, 128.1102175380142, 119.82359149986829, 117.82244024586448, 113.02920832826297, 113.66447478214879], [20.87748459316778, 16.38946019036088, 8.890288668017083, 7.676869225408366, 0.0, 11.714926375531261, 19.205535598069922, 59.64558229194972, 67.346493009477, 76.0814446499656, 83.68676338883488, 90.8905826859952, 83.33927079900776, 75.1575143055372, 65.77494468771422, 36.026707000855765, 33.05789873710912, 29.29068847739788, 26.943801007558587, 25.862177685475814, 21.286045365251997, 22.282695662436197, 24.23449216780316, 27.346917834234358, 31.69408016432854, 65.79874677967962, 74.85113159113688, 81.35638036677449, 90.67466678802059, 96.68999192247101, 93.56272396487391, 87.95016169587183, 80.86671353162352, 73.63449029561309, 68.05625137453708, 36.932458146257055, 39.631321737692645, 45.38869410501128, 42.995370458518295, 52.456455378770656, 60.376653792720745, 66.56670442862185, 69.10902626465494, 67.91566896597693, 60.645572869026296, 54.666356175701495, 54.23589270916688, 62.521117050651256, 62.198370014853104, 64.63161025770455, 70.62732498013439, 74.18248382406627, 80.54405356891256, 89.63220111005272, 87.13149026861164, 83.87790047256908, 79.71738254126915, 74.24207292059366, 69.14238094750392, 63.96282592605628, 66.40588632705322, 72.82880446421353, 78.68345647844203, 86.06509693874104, 79.92961855710168, 73.37936053049776, 67.12404799231872, 45.002442109592444, 45.284764656633804, 50.84664036484711, 60.721278558179726, 74.5047151523186, 89.52995002761473, 93.02427687847238, 104.99700906440573, 116.78744696030667, 125.36618053312965, 123.67366579480252, 115.78646001986084, 114.12817508887855, 110.0526686440129, 111.29081748535843], [11.79383344782374, 11.649625215642864, 13.526067228468632, 18.53991838827928, 11.714926375531261, 0.0, 8.64823440486513, 48.81749220946498, 56.658592637391955, 65.38272046988487, 73.10816525371897, 80.72394806699606, 72.67803872308038, 64.3130481668306, 55.00429438474628, 28.41870688434736, 27.918172177640013, 27.17537814320767, 29.12673500968897, 32.64675441503111, 28.113072231131344, 24.38936411386515, 20.983841009269987, 21.25166305424084, 23.566646355498992, 55.18678278399361, 64.3741094651722, 70.97944334742353, 80.81904427275718, 86.97291131529995, 83.42597745278044, 77.56313573081167, 70.26722491287141, 62.92640823532079, 57.3147275759427, 26.0537948426283, 28.030371266031885, 34.8102780411028, 34.2372155598036, 44.19821855880199, 51.40260285259603, 56.88605784908557, 59.10976796722589, 57.23524448046198, 49.2146430076928, 42.957212008198276, 43.06708218819187, 58.980877052709864, 56.69985468406024, 57.01291854697763, 62.39298302067156, 65.30688874899533, 71.57975945657299, 80.95072001016773, 78.9110359680861, 76.24011300297053, 72.72826068083039, 68.1593458755913, 64.3982766333937, 59.625732951576005, 59.95687227038006, 65.03827390756639, 70.1456500637147, 77.52186854103944, 71.59048629590754, 65.71012763489028, 60.79337129265602, 53.86819282842004, 55.08931203776651, 59.35713731077405, 66.59143922474696, 78.91317479809791, 91.43032460112504, 92.73061485455705, 100.03620247089378, 110.59649859423537, 118.57798466740849, 116.33908471940131, 108.01832404826617, 105.62573547820168, 101.58184843056036, 102.83216945039247], [6.462277253027217, 12.913838873519019, 19.186194820996114, 24.83727295405897, 19.205535598069922, 8.64823440486513, 0.0, 40.56125684648242, 48.26395165319064, 57.014873583603666, 64.68058884780383, 72.29777309503682, 64.43060629280548, 56.13749174530416, 46.76154411058755, 24.859966459185596, 26.294018672933923, 27.502137994564457, 31.38181314915561, 36.44358033497489, 32.53615054464761, 27.49304902038255, 21.576714628812006, 19.557823059262343, 19.828755317109817, 47.4974766649135, 56.427456294616775, 62.80903654308535, 72.37618119993907, 78.36778121732597, 74.8784768826251, 69.16583146939055, 62.00820358292404, 54.75593634164612, 49.30079292570669, 19.52951616740983, 23.25154744060904, 32.41152894620704, 33.43002063627929, 43.28672956885588, 49.875031295492725, 54.33144895610456, 55.199973735393584, 51.91252110452427, 44.2667801637442, 36.50531114054798, 35.413601879200606, 60.68134087880856, 57.43512849535862, 56.40134982482844, 60.96938209431041, 62.97010211514034, 68.45582735026561, 77.18228319356749, 76.1573388701299, 74.41819483474907, 71.64097450802737, 68.09564757271285, 65.24860537952961, 60.77929490926679, 59.89733829608622, 63.74833219409237, 67.67244666562934, 74.20917293728859, 69.20843181399994, 64.44807283127722, 60.756042609095495, 56.999400195681645, 58.9856391778519, 63.63620308031813, 70.14165615763473, 82.48790542874104, 93.84776546597229, 94.40765057064414, 99.6100772269997, 107.53941564628491, 113.92325289595244, 110.70857812106237, 101.41531790911897, 97.9223541710293, 93.26421846064558, 94.24898226787158], [40.94868306782862, 49.615093258879625, 58.746470138665146, 64.67251768914021, 59.64558229194972, 48.81749220946498, 40.56125684648242, 0.0, 9.635871746132468, 18.36983202254735, 24.688700585277147, 32.862440160281295, 24.094976015207777, 15.680982600384647, 6.365612063923312, 42.82012540669476, 50.01044023876314, 56.36224914084862, 64.20449386101112, 72.24432916468618, 69.58630349939943, 62.31589192919151, 52.98380811020561, 47.032581900754934, 41.345445894380994, 21.84815453481346, 25.74738916523745, 29.152982192157648, 37.55056277443655, 41.67608149564694, 36.92249173117819, 32.121962934231696, 25.882859912778358, 20.10599178816347, 18.197419517866756, 29.393135801582126, 30.194757004323716, 38.348505969563064, 44.74178544620764, 49.15976603015577, 49.942965626335464, 47.84787088942046, 41.984435666848505, 31.778399762677036, 29.753496459916704, 19.286291507813573, 15.275637909758661, 73.42496853817299, 66.1166594989396, 58.77106586688254, 58.348836826507025, 55.47390979193406, 56.2128168661698, 60.95486528156988, 64.86292958114508, 67.81599370844711, 69.12417928846277, 70.93871794437182, 73.16716960171291, 71.10425987066832, 64.37173169246337, 61.37384193289066, 58.850253534670905, 60.6112130630057, 60.65332010344998, 62.14021632536387, 65.20412703749484, 90.15600647905224, 92.51666920775664, 95.21539185640584, 96.61036013781955, 105.81102800006836, 110.16979589320383, 105.80090184628688, 97.73356095289401, 94.35940827028824, 93.79187267672701, 86.43032832898875, 73.5686277677868, 64.73493714700282, 58.91777978998249, 60.406064707508875], [47.73291282353087, 56.032951640732115, 65.58511620673215, 71.98128628923652, 67.346493009477, 56.658592637391955, 48.26395165319064, 9.635871746132468, 0.0, 9.04455298396665, 16.73345391782181, 26.927788841637945, 18.93124417359044, 11.788418166373551, 7.614704342171271, 46.63700822570425, 53.959908161841504, 60.724831881046235, 68.95366873183873, 77.60752588275709, 75.3430146717297, 67.6610529419636, 58.1640213194513, 52.034262210696646, 46.08661807875431, 17.569603504573916, 18.009882943314235, 19.97648178220502, 28.020697106750465, 32.70669454452252, 27.783816053627298, 22.535085021099725, 16.469624968529583, 11.593413894193592, 12.158287983963039, 35.11892758200781, 37.723937202825134, 46.22590324100839, 53.79342087473266, 57.97846027840875, 57.93500973712317, 55.030388858060746, 48.9171147446766, 38.18401007149493, 35.60997863702322, 25.36956675110259, 18.241545763535665, 82.71683174191915, 75.1056708848421, 67.07266912658535, 66.08970679494408, 62.658681933350614, 62.8019535355354, 66.75032056864907, 71.44753175664461, 75.05646870968592, 76.93061584211925, 79.33361170977679, 82.08973342214016, 80.25575296407062, 72.99477899044913, 69.21219782070308, 65.91294590657748, 66.94264389925863, 67.74348514783442, 70.00506309003798, 73.83268924714767, 95.22377342554653, 99.30304528692618, 103.31419500033176, 105.33342292914783, 114.92659806290833, 119.17011805469556, 114.67609463204373, 105.28590881306799, 99.86987677680261, 97.29267047967357, 88.58018576348971, 74.26571081494211, 62.50870783042292, 54.14868080902401, 52.943496413552374], [56.15740335427654, 64.21863066483411, 73.97204980266967, 80.61867522558752, 76.0814446499656, 65.38272046988487, 57.014873583603666, 18.36983202254735, 9.04455298396665, 0.0, 9.784767182796639, 22.009449229636555, 15.211083605584387, 11.777164906920426, 14.481108588643139, 53.29353306146776, 60.69320554769901, 67.73888998646636, 76.2454416258521, 85.30491915706675, 83.22786916108069, 75.25678378013427, 65.64428145399857, 59.42476069395336, 53.3279618660823, 19.378146596033478, 15.013310335309294, 13.6397306074097, 20.56669864530742, 25.286170501743026, 19.6301930120481, 13.956658288874205, 8.83694887730833, 8.339259566953231, 13.36553266708005, 42.838106906495874, 45.500794996334406, 53.40352580350595, 61.606478481557964, 65.1652801905481, 64.1966612142064, 60.41661362678769, 53.95398091058443, 42.997548381309905, 40.81172839534565, 31.87846909039181, 25.013106530939694, 90.24583481301248, 82.2225696176623, 73.43743786811068, 71.7727032478953, 67.73776063178929, 67.19570098806726, 70.33319306277653, 75.73111096213583, 79.99745786713002, 82.49438277017703, 85.59986048862692, 89.0393518337042, 87.55765295255881, 79.62084517256794, 74.92126670474379, 70.76686648094176, 71.03430410275196, 72.59961770224591, 75.7257310556409, 80.45096600956049, 102.77729021240081, 107.6614400479858, 112.0503730087638, 113.96075620636434, 123.35177980222494, 126.92207444631067, 121.87417592567374, 110.4512593487582, 103.21092952133633, 99.03017868878767, 89.32672062915563, 74.1812811799228, 60.256007112975986, 50.42878969134676, 47.344338253273555], [64.31987255493952, 72.6585165521482, 82.104875972744, 88.18752036548786, 83.68676338883488, 73.10816525371897, 64.68058884780383, 24.688700585277147, 16.73345391782181, 9.784767182796639, 0.0, 12.656654694145091, 8.484165900601544, 11.876684785307473, 19.093402004274722, 62.734818611835436, 70.04390881907499, 76.88523613275837, 85.07744880697426, 93.60354369102768, 91.5773484177004, 84.05125526515779, 74.63750004649727, 68.51101711804876, 62.53367383792405, 29.05807592685355, 23.379278437668237, 19.196534982431622, 20.115513954932496, 20.237595325647685, 14.367830476948912, 13.458085592315834, 14.17496383392215, 17.55054515212827, 23.099022179115508, 51.75191731293948, 53.39423763193557, 60.156975808482144, 67.21766843152903, 69.67712012453107, 68.34068952441682, 63.867091497426266, 56.0250505563124, 44.9280755460557, 46.35931441592971, 39.13254316055278, 34.14881168007988, 93.49563261975248, 85.57676025512347, 76.83252172416663, 74.4278280156356, 69.69839250203553, 67.68745579702721, 68.88495572430953, 75.43994747802877, 80.6532766587079, 83.82582190430672, 87.80207911801772, 91.70500764971035, 90.59767554606881, 82.55211650740452, 77.14312558538604, 71.81313638049356, 70.38679646787992, 73.46550525301761, 77.8328964997746, 83.27959536305227, 109.87411752285944, 113.48025644079875, 116.83255740201217, 117.54717273404982, 126.24052669421323, 128.46834829257804, 122.86094820460302, 110.04852879394626, 99.64571865402392, 93.34617060709618, 82.64769145254508, 66.8023689528475, 51.623854996804084, 42.076599628613536, 41.00958507071391], [72.6087805198844, 81.25647856442887, 90.08873181477477, 95.20363039831753, 90.8905826859952, 80.72394806699606, 72.29777309503682, 32.862440160281295, 26.927788841637945, 22.009449229636555, 12.656654694145091, 0.0, 10.956558877714983, 19.04455245767222, 26.75878443627096, 73.27672149713965, 80.32456511707952, 86.69020905643131, 94.22368771696549, 101.73283397842415, 99.7901503563762, 93.11394677908541, 84.15513262384316, 78.26871998818125, 72.59855288011202, 41.34886389139514, 35.75512009593666, 30.81847811673195, 27.17336594214506, 21.351953830245186, 18.131246919145326, 22.87617512275105, 26.28320595549135, 30.028377395125233, 35.334752672839315, 61.6227813172502, 62.44325647030421, 68.231447490036, 73.33637053931514, 74.71632608021561, 73.5417444873172, 68.7673941918758, 59.35121007139801, 48.553408231060494, 54.383699041323894, 48.49375164836322, 44.96567949726108, 96.02139306617866, 88.7273100284996, 80.75703727393972, 77.79174655793882, 72.53197641084597, 68.75677140407088, 67.26489573085058, 75.15635027345344, 81.34845572019812, 85.07954211165551, 89.83001398390734, 93.84427191440284, 93.03267988347643, 85.49560869080678, 79.78730263475323, 73.3488783974178, 69.72821508733618, 74.68062303678279, 80.28014963950243, 86.0609404351408, 116.0262316233652, 117.56046759625121, 119.46099501313944, 118.68987303023093, 126.62929905269381, 127.39981769149674, 121.54802941328177, 108.43980315184925, 93.83972036170614, 84.6464880005002, 72.6521627059947, 55.72907776831695, 39.161099224122516, 30.698427662502944, 35.18593478569876], [64.91619409969535, 73.58137306165867, 82.65019691834901, 88.18695707747882, 83.33927079900776, 72.67803872308038, 64.43060629280548, 24.094976015207777, 18.93124417359044, 15.211083605584387, 8.484165900601544, 10.956558877714983, 0.0, 8.789907241268592, 17.760332260755877, 65.36451842052648, 72.74147700518115, 79.40682377747747, 87.38319175067373, 95.40347205579506, 93.07276973363288, 85.89401557204616, 76.54114763133782, 70.48034677466605, 64.58456905179197, 33.84478569910973, 29.91961796067799, 26.95378957378448, 28.476881467769008, 26.958194972001092, 21.583113809243883, 21.78900851360339, 21.653184704703257, 23.32608319492999, 27.824590527631454, 52.910144816203356, 52.54202745254647, 57.7866526415363, 63.56232590837747, 65.00664939312128, 63.48439144031574, 58.69372989857821, 49.924000863288775, 38.93151355997131, 43.49831310825203, 37.98858479003034, 35.89611253445808, 87.76919391195194, 79.89223904770563, 71.27250971368836, 68.45231644693263, 63.391572165607116, 60.579166201576676, 60.92148489591964, 67.88205943711516, 73.47405323950927, 76.93326441952867, 81.35502870718899, 85.53611704989957, 84.7121653397634, 76.59382465577272, 70.83397340145241, 64.92558177526818, 62.6981646090394, 66.45658004454393, 71.43936733094075, 77.24826332986645, 111.55294241351127, 113.1436862713619, 114.65977080563172, 113.85673765829806, 121.43010079977068, 122.43514297981564, 116.1265449238751, 102.27640048733043, 91.2467845315013, 85.24941887689592, 75.02037165578895, 60.03302132725269, 46.91575846992409, 41.12568883636806, 44.92354036712562], [56.62661249410709, 65.26160234922865, 74.42397854696367, 80.19930229420409, 75.1575143055372, 64.3130481668306, 56.13749174530416, 15.680982600384647, 11.788418166373551, 11.777164906920426, 11.876684785307473, 19.04455245767222, 8.789907241268592, 0.0, 9.447279366709974, 57.17549638151731, 64.62283424526511, 71.3275677163853, 79.42374139944843, 87.6272447379821, 85.11585904264578, 77.74595634941376, 68.2748282214913, 62.18174916686671, 56.251023497367534, 27.497444877292832, 25.85954852268239, 25.250929023791954, 30.456812005642448, 31.785255538538195, 26.166106260644433, 23.473332369158175, 20.10791684970417, 18.80475247022946, 21.712847332794976, 44.3202302952131, 43.785778235360695, 49.48142146212167, 55.740062496797634, 57.90931660389839, 56.7776751322994, 52.574120675710454, 44.662160323261624, 33.52025776327274, 36.001054873560776, 29.454073379148188, 27.527521941487468, 81.67838827420881, 73.70813575587967, 65.11001032071897, 62.91238788862901, 58.42716800748395, 56.85694460282475, 59.01223838249399, 64.89409841501123, 69.62914017598348, 72.46443389622692, 76.13765854596032, 79.90805584127752, 78.7691866041125, 70.7503934721219, 65.61851492505998, 60.71296563919425, 60.00148445167364, 62.39934671518859, 66.31017628905792, 71.4844924933673, 104.7419900900095, 106.61013256725542, 108.35663813601944, 108.12017046138298, 116.01770171830616, 117.95878157821255, 112.01050566595545, 99.40634036701783, 91.4551637333011, 87.81614145362818, 78.8262811264945, 64.87179258044483, 53.705233360266206, 48.23752860492721, 51.052801639332074], [47.257598879067835, 55.94855535289098, 65.01807834116802, 70.7628960007998, 65.77494468771422, 55.00429438474628, 46.76154411058755, 6.365612063923312, 7.614704342171271, 14.481108588643139, 19.093402004274722, 26.75878443627096, 17.760332260755877, 9.447279366709974, 0.0, 48.818350862012984, 56.0775959511169, 62.515102965390824, 70.3748354737488, 78.3578672612563, 75.78635703242388, 68.5853750516028, 59.2621326400381, 53.28452253092829, 47.53741598055727, 23.741758189414067, 25.261719194799333, 27.060471640147057, 34.19368047095413, 37.17175651384983, 32.17570425023813, 28.2168134841865, 22.94261687342987, 18.650656152834223, 18.825903341988614, 35.62164093793537, 35.81496137914715, 42.859186284330555, 48.972853605480154, 52.39131120944114, 52.463345170840554, 49.490098158850586, 42.52864096527291, 31.704717894672363, 32.076717291302586, 23.25332553642326, 20.229591707340266, 76.30716556475221, 68.79218529846582, 61.0224236052999, 59.85831905605815, 56.284084268357105, 55.967280245858674, 59.53434732034567, 64.34207002442146, 68.08023202283358, 70.01941707096223, 72.62246574577532, 75.44347397123163, 73.74415826580726, 66.55649981285147, 62.70337821955456, 59.1385263191796, 59.76615403779123, 60.880867687664384, 63.42448194692455, 67.33780237864573, 95.69476140754661, 97.67076480458523, 99.89005005041982, 100.53255264349521, 109.2186535134499, 112.56041097712261, 107.59860330163308, 97.87838800923835, 92.42222990978868, 90.51442803526392, 82.45348070487638, 69.06544583861299, 59.37911756375298, 53.7089641642004, 55.92749321204642], [19.184687403567615, 19.80916442362085, 29.63772208785468, 39.43982482098708, 36.026707000855765, 28.41870688434736, 24.859966459185596, 42.82012540669476, 46.63700822570425, 53.29353306146776, 62.734818611835436, 73.27672149713965, 65.36451842052648, 57.17549638151731, 48.818350862012984, 0.0, 8.079200284437134, 16.126499391839786, 26.346349864628255, 38.29238739580897, 35.73292374527901, 25.209405415494214, 15.017673814441606, 9.1796218753252, 5.04325295814854, 36.99470816699921, 46.20002581903743, 53.61487490116431, 64.49721592524057, 73.3035927248554, 69.88002461122203, 62.39095117908405, 54.8107932695125, 47.72042914458692, 41.46767994746634, 15.666407892003356, 27.924170410633973, 40.1228715804736, 48.799253347829676, 58.47925008441269, 61.99191511920962, 64.60355723831255, 66.46716969504347, 61.34412820355006, 47.426739032536425, 37.30230202685949, 30.404672139454718, 81.25339222436102, 75.80877516246235, 71.2050298594211, 74.71700761163707, 75.8046662528442, 81.78881413719398, 91.51893856763188, 91.05398557008607, 89.96275070320125, 88.14212137601852, 85.55649323097403, 84.55062542128901, 80.75363035693539, 77.0290271382397, 78.64775013694403, 81.69313590305076, 88.80390994538952, 83.67898542162003, 79.66070410276788, 78.10532086260221, 62.934265984192955, 74.4287438246649, 84.63557062728236, 93.89618908148462, 106.92855408536421, 118.48211069758436, 118.20673865285276, 118.85600337972035, 126.09569163642188, 130.7403672521951, 125.65141693348397, 114.03134707282334, 105.91358327289663, 96.95664016421634, 91.86859641732156], [20.195253415853465, 17.30184189155481, 25.42889753173652, 35.27176521884343, 33.05789873710912, 27.918172177640013, 26.294018672933923, 50.01044023876314, 53.959908161841504, 60.69320554769901, 70.04390881907499, 80.32456511707952, 72.74147700518115, 64.62283424526511, 56.0775959511169, 8.079200284437134, 0.0, 8.292343816747346, 18.741611636582856, 31.23237473717947, 28.965714437624165, 18.18418943892677, 9.250292250370363, 6.823507677812489, 9.552292351496211, 44.54154074369185, 53.46779990070084, 60.7177953293238, 71.08441089784147, 79.84273134308808, 76.78548544090712, 69.49034920714016, 62.12769416083821, 55.17816590060581, 49.01987055584248, 22.64084628503904, 34.12557549957819, 45.59382898565995, 53.01705283485758, 63.0279003063394, 67.24409450266123, 70.54661511295669, 72.8330492128253, 68.22065056887102, 54.62994026147211, 44.913757648548724, 38.24773498052782, 83.982369592826, 79.3952069251158, 75.88145319702738, 79.9445941155388, 81.54507131433833, 87.82278939549896, 97.65894420545905, 96.82426252454931, 95.29087244060644, 93.0074114856564, 89.78054131435944, 88.00492338513045, 83.8942905377791, 81.21281760871445, 83.72519070380159, 87.40523582646642, 94.76907254574415, 89.3160380665355, 84.69708675926863, 82.25896061842542, 56.495041585122195, 69.69218180502483, 81.50035836183122, 92.36027399463357, 106.24435234848737, 119.1999441559077, 120.05418777615027, 123.14505139405075, 131.32046665587038, 136.36844597375904, 131.52325735853879, 119.99526765712699, 112.14387098343954, 102.91350239743554, 97.48891955935726], [21.697064041776272, 15.734531473609023, 20.735140477992235, 30.01189935580254, 29.29068847739788, 27.17537814320767, 27.502137994564457, 56.36224914084862, 60.724831881046235, 67.73888998646636, 76.88523613275837, 86.69020905643131, 79.40682377747747, 71.3275677163853, 62.515102965390824, 16.126499391839786, 8.292343816747346, 0.0, 10.500277156363733, 23.23295565278603, 21.20710002069413, 10.549130438248072, 6.350470774490502, 10.31583805745641, 16.093527316338236, 52.24897226977121, 61.010492169497034, 68.05722492393274, 77.87669691058483, 86.31495155291786, 83.57384507057019, 76.61051753254615, 69.44716528567501, 62.55665437001731, 56.50405990745452, 29.1603005758129, 39.81409442280091, 50.565648400895924, 56.326314132187356, 66.53533473328413, 71.5826834281421, 75.5859001632334, 78.07045502010115, 73.97644651483046, 61.1965674742793, 51.83057566155578, 45.597024092754154, 85.21794584079313, 81.6632086722402, 79.4577819998334, 84.05801676853915, 86.14949323492951, 92.5789156292789, 102.3456092464735, 101.18601788175314, 99.24311260809024, 96.48798549852766, 92.63545122064906, 90.00242708717089, 85.56666238469313, 84.11219936615073, 87.58522287436564, 91.84603678009873, 99.31043775334946, 93.64476960432192, 88.487254298221, 85.10411494104915, 49.02577240159378, 63.29131771666843, 76.4274306651276, 88.75076947814372, 103.44685742348896, 117.7646366389608, 119.84556307593141, 125.72118127127246, 134.6709049103695, 140.1440272596739, 135.6505053274578, 124.37867092257116, 117.14239191445337, 108.01955465759751, 102.86071506106012], [26.52555868259753, 18.81771249508598, 18.17820151764695, 25.052929654787143, 26.943801007558587, 29.12673500968897, 31.38181314915561, 64.20449386101112, 68.95366873183873, 76.2454416258521, 85.07744880697426, 94.22368771696549, 87.38319175067373, 79.42374139944843, 70.3748354737488, 26.346349864628255, 18.741611636582856, 10.500277156363733, 0.0, 13.050178618560441, 11.927140915581445, 5.390871171875841, 13.189798178372783, 19.15925130389448, 25.52039849152476, 61.693229529783665, 70.2166538862999, 76.97179550108831, 86.06218697193809, 94.0166922791023, 91.67768878314017, 85.18106344406075, 78.30133179990442, 71.51683422068224, 65.6341371193244, 37.92409758969853, 47.78193207241848, 57.78318470514401, 61.54729152022944, 71.78386790651564, 77.75451330780615, 82.44695182619387, 84.92551111249979, 81.31602745693189, 69.7343613516297, 60.637789830474375, 54.71502119951347, 87.48515925390731, 85.26260575102324, 84.6579022264503, 89.78562525085879, 92.35082850330639, 98.77907762256064, 108.25461604010849, 106.84033767750796, 104.52216423997064, 101.27609142203387, 96.78278406935341, 93.14041794722237, 88.3497079989748, 88.41732972461085, 92.95089467294946, 97.74303098856421, 105.12644487020584, 99.38841710328887, 93.75204385622646, 89.32543104623268, 39.273030382286365, 54.97856335017911, 70.00664407494102, 84.25247997702623, 100.0244879965372, 116.0142898204461, 119.71639330618834, 129.1420031075925, 138.64365900404246, 144.41774652384228, 140.28557919897884, 129.29367752024515, 122.79157212539371, 113.82242143699409, 109.0817818912866], [33.17332397555442, 25.531421540437957, 19.40545184764452, 20.51640765359338, 25.862177685475814, 32.64675441503111, 36.44358033497489, 72.24432916468618, 77.60752588275709, 85.30491915706675, 93.60354369102768, 101.73283397842415, 95.40347205579506, 87.6272447379821, 78.3578672612563, 38.29238739580897, 31.23237473717947, 23.23295565278603, 13.050178618560441, 0.0, 5.151636333371468, 14.268016902434276, 24.171643233836505, 30.19125851955964, 36.56726238670304, 72.3276922073715, 80.63046779553828, 87.00660335421695, 95.25810903116003, 102.37527108008265, 100.42079459609761, 94.59824065392877, 88.04655552334876, 81.35561685494439, 75.7190897175693, 47.69235510415822, 56.40397557113212, 65.46583254067768, 66.65709034933057, 76.64443063135984, 83.68849306111747, 89.08659865344566, 91.28869286021292, 88.2628538669885, 78.59146537081651, 69.88677613975067, 64.59823947202668, 88.36378104967946, 87.8567292585321, 89.26521630212652, 94.89717451646911, 97.92462985510163, 104.12602604591982, 112.98896405727221, 111.366929811118, 108.70185335009138, 104.93657069336801, 99.80519113898552, 94.97472848879184, 89.81973561682666, 91.79168706571527, 97.51782937704172, 102.77759085292047, 109.82176310725508, 104.19716324144136, 98.16698922600071, 92.56937637967438, 27.26682159157785, 43.16821792348043, 60.108419255592025, 76.42423539438751, 93.38261383475009, 111.1763822557541, 116.86015005706439, 130.69051913231053, 140.49490909556815, 146.5838654713592, 143.00877566065296, 132.59719196909228, 127.38622403417406, 119.1142471876577, 115.5853231075982], [29.601496045618138, 21.54753712185572, 14.674499495570982, 16.618993505230094, 21.286045365251997, 28.113072231131344, 32.53615054464761, 69.58630349939943, 75.3430146717297, 83.22786916108069, 91.5773484177004, 99.7901503563762, 93.07276973363288, 85.11585904264578, 75.78635703242388, 35.73292374527901, 28.965714437624165, 21.20710002069413, 11.927140915581445, 5.151636333371468, 0.0, 11.143733349280799, 21.03492732330485, 27.164754401640028, 33.611128081313936, 70.23821777553795, 78.84303454208465, 85.40015579439262, 94.1111335290079, 101.24807945097605, 98.98166440618901, 93.00952658211162, 86.22743594794333, 79.34718927954047, 73.59756164231028, 44.40416160922272, 52.29877344046116, 60.87534893070399, 61.89390423811729, 71.87020575378563, 78.91203824793261, 84.44336652997733, 86.95160769269008, 84.27740536426371, 74.50516980575328, 66.2825905136621, 61.81716802492607, 83.71513828747494, 83.06154313543496, 84.42568526928119, 90.13393311545362, 93.29042238963417, 99.68961527246395, 108.82230592316151, 106.94280924065505, 104.10547100770118, 100.26463876304018, 95.04491902153273, 90.26568445113463, 85.14242968197809, 86.9999054648348, 92.78017968101608, 98.22293874275479, 105.52452650203509, 99.64792573343087, 93.44045955144165, 87.79004714599539, 31.21290525846367, 44.19836447403847, 59.17182806747094, 74.43753569301201, 90.72540334096973, 108.00790855625792, 113.13932883409262, 126.2267783370837, 136.74577557236307, 143.45550445489766, 140.2425144394353, 130.27781721871747, 125.58969491341483, 117.99163291228942, 115.1293837214131], [23.16938840944821, 14.720518183102422, 13.504660086721918, 21.31695055867478, 22.282695662436197, 24.38936411386515, 27.49304902038255, 62.31589192919151, 67.6610529419636, 75.25678378013427, 84.05125526515779, 93.11394677908541, 85.89401557204616, 77.74595634941376, 68.5853750516028, 25.209405415494214, 18.18418943892677, 10.549130438248072, 5.390871171875841, 14.268016902434276, 11.143733349280799, 0.0, 10.544535794910743, 16.991896835752094, 23.5877979952652, 60.99029938995788, 69.85463373688522, 76.75916252329459, 86.25258993602338, 94.05936408667705, 91.41069682296545, 84.86260945412785, 77.76247138863204, 70.76096785692737, 64.78312646039814, 35.42427111032753, 44.11661067345518, 53.46666323702193, 56.73640404289198, 66.95129978672132, 73.06322873574489, 78.0063208490149, 80.79461747211647, 77.6697815279824, 66.23068898688477, 57.75475541299038, 52.971028659620295, 82.34716720657221, 80.15742500292822, 79.74044341016412, 85.01829129824749, 87.78774148548396, 94.40879048751637, 104.1036799425909, 102.37450310932485, 99.82107887222696, 96.42579308873816, 91.76078578944583, 88.03616393445928, 83.24234627805845, 83.40367836619833, 88.14298664373531, 93.19855115796352, 100.82347697093124, 94.82035240269528, 88.93700485180435, 84.30958639534683, 41.207135115395324, 54.30840690047229, 67.60948398151443, 80.95078439981371, 96.10882607749942, 111.72043691973974, 115.06838886025375, 124.2374339920381, 134.54353788837494, 141.04853888436807, 137.40966880998738, 127.0223727932293, 121.33923209936495, 113.28951524579702, 109.57342706335763], [16.132129078000432, 9.755397461918248, 16.28905731020595, 26.171634837505376, 24.23449216780316, 20.983841009269987, 21.576714628812006, 52.98380811020561, 58.1640213194513, 65.64428145399857, 74.63750004649727, 84.15513262384316, 76.54114763133782, 68.2748282214913, 59.2621326400381, 15.017673814441606, 9.250292250370363, 6.350470774490502, 13.189798178372783, 24.171643233836505, 21.03492732330485, 10.544535794910743, 0.0, 6.507538129834667, 13.104745646011336, 50.948948299597475, 60.05253777742888, 67.16073624225068, 77.24301045750357, 85.29859652857974, 82.26964899333409, 75.41011404621028, 68.06895712661418, 60.93994061759217, 54.84113140920837, 25.277671778288603, 34.797963852146424, 45.16221156888765, 50.23536159380594, 60.46782726133708, 65.78939423607092, 70.03298459747197, 72.57352938261559, 68.87362359877594, 56.63074436721341, 47.75713548206813, 42.79719683903656, 78.88254032105327, 75.37892048056271, 73.41364021758557, 78.12987763383732, 80.3579794666735, 86.83486908366697, 96.6500172639014, 95.29501218339637, 93.21271544882588, 90.34760015480538, 86.40220516601636, 83.68063678100789, 79.22895735457344, 77.89861608218725, 81.56189677821503, 85.97712041035805, 93.51642211276688, 87.7356126648701, 82.44007159621829, 78.87770459918455, 50.08989323626831, 61.55919576243053, 72.85037233282657, 84.06839041612153, 98.17785496321576, 111.98002847214187, 113.71155702705842, 119.42388309096714, 128.78077924433586, 134.821539515489, 130.7883004932585, 120.11929378330875, 113.83926455460225, 105.80555717106185, 102.03801146217958], [13.617208489906401, 11.158226584593672, 20.522413000336538, 30.38806693562796, 27.346917834234358, 21.25166305424084, 19.557823059262343, 47.032581900754934, 52.034262210696646, 59.42476069395336, 68.51101711804876, 78.26871998818125, 70.48034677466605, 62.18174916686671, 53.28452253092829, 9.1796218753252, 6.823507677812489, 10.31583805745641, 19.15925130389448, 30.19125851955964, 27.164754401640028, 16.991896835752094, 6.507538129834667, 0.0, 6.602772645490752, 44.57857779481975, 53.79186227467499, 60.98136623550685, 71.35028908570864, 79.50104668884113, 76.26914035890151, 69.26743698308394, 61.814843477503324, 54.628349403530976, 48.48243401050422, 19.093181584471562, 29.650292818067157, 40.93300830482363, 47.20501548384049, 57.31682991008996, 62.08165134057938, 65.74905060955679, 67.90533065924296, 63.67168343879176, 51.087377549854374, 41.72775739352052, 36.37801401878564, 77.54400583590069, 73.2543091105942, 70.29932819687093, 74.56014624533358, 76.33748132204123, 82.57088200125408, 92.29744326618186, 91.31279305234376, 89.63998817168546, 87.18172682196989, 83.79278222955085, 81.73614989550856, 77.52690995439434, 75.26203667897367, 78.15167767304565, 82.01142810912687, 89.32897063775381, 83.8474276523737, 79.07227684204578, 76.27540531597808, 55.295906079968475, 65.91985520590562, 76.19771766586592, 86.21047198828005, 99.75153624203988, 112.43746387984058, 113.25027204585885, 116.89607166576859, 125.30507953538054, 130.83836133147076, 126.46072473113472, 115.52615737932543, 108.78334782766203, 100.6948133723721, 96.88953667583536], [14.253115190677649, 15.647989747450241, 25.90472096895153, 35.51982412615223, 31.69408016432854, 23.566646355498992, 19.828755317109817, 41.345445894380994, 46.08661807875431, 53.3279618660823, 62.53367383792405, 72.59855288011202, 64.58456905179197, 56.251023497367534, 47.53741598055727, 5.04325295814854, 9.552292351496211, 16.093527316338236, 25.52039849152476, 36.56726238670304, 33.611128081313936, 23.5877979952652, 13.104745646011336, 6.602772645490752, 0.0, 38.225717405137026, 47.58863358601174, 54.89293074932641, 65.63910153206308, 73.92070271715824, 70.43431110803621, 63.240738237146836, 55.64237764021535, 48.38674709629508, 42.17372781427348, 13.219524077970775, 25.06115533169734, 37.247379503335715, 44.89441476243592, 54.73000637926951, 58.786301553232825, 61.77087429203252, 63.53482648334575, 58.727237980163736, 45.687715992579385, 35.80122558569081, 29.98818720790368, 76.77701690177085, 71.66212600418909, 67.62210203248539, 71.35515375743748, 72.63240482961645, 78.60161523432146, 88.24194345153023, 87.64016315227249, 86.40306412462546, 84.39408428816432, 81.61377371797327, 80.29373282920515, 76.37612266689848, 73.09921918569059, 75.11860473536125, 78.36626548540859, 85.45158677434378, 80.28547975943478, 76.08560549746572, 74.1464173042903, 61.02193193804846, 70.91086099454316, 80.21235482050695, 89.03369116730214, 101.92995384413226, 113.45286548055903, 113.30457531646748, 114.7237050268651, 122.19173428424601, 127.21991642497467, 122.49774737757754, 111.3141443359041, 104.0753792883024, 95.94824936385983, 92.08404160719586], [45.02456908167377, 51.68438142785171, 62.09726569902589, 70.25209007072127, 65.79874677967962, 55.18678278399361, 47.4974766649135, 21.84815453481346, 17.569603504573916, 19.378146596033478, 29.05807592685355, 41.34886389139514, 33.84478569910973, 27.497444877292832, 23.741758189414067, 36.99470816699921, 44.54154074369185, 52.24897226977121, 61.693229529783665, 72.3276922073715, 70.23821777553795, 60.99029938995788, 50.948948299597475, 44.57857779481975, 38.225717405137026, 0.0, 9.881901334992623, 17.62391033110351, 30.360227916698747, 39.64722651963392, 34.99307566600224, 26.53278958986727, 18.50148950838621, 11.79557565771442, 6.0651633318844755, 29.77454978116964, 35.73266570059164, 46.007563874180754, 56.958954371717006, 62.74684468648257, 62.31804485206265, 60.08058464856866, 57.14828620875612, 47.687271529080064, 37.46878162880167, 26.024516950229717, 14.045644645052004, 89.74375986674035, 81.60324023700781, 72.80617308872591, 72.62572775418394, 70.11443095124899, 72.43794908