{
	"dissimilarities": [[0.0, 8.463735384393413, 17.804328931911506, 24.48399936894894, 19.045175662064423, 11.052873850117942, 5.356789929644525, 40.61504463452293, 47.66883235511459, 55.97867408425188, 64.24597383269577, 72.53821318511127, 64.54851169564755, 56.160090027151, 47.927991329420664, 21.71765659555934, 21.80557355742584, 22.95193981570423, 26.583171284554144, 31.28984398962595, 29.237928854909423, 23.322462700605143, 17.52440800546569, 15.52158617103017, 16.105187470426884, 45.89055725777866, 54.757494231571165, 60.91416243821416, 69.8609289316898, 75.73726208096659, 73.66250023677156, 67.48537744238538, 60.52367785454842, 53.664587952829955, 48.09502764799249, 19.713384801316437, 22.930413769859037, 32.49197387287864, 36.3402917323894, 46.678049398856786, 53.02377547860512, 57.30978686766917, 57.707075269472405, 53.82013072386367, 43.45249971111107, 35.63282421648737, 34.77625006091607, 63.63816764551696, 61.34043067082126, 60.25582352951978, 65.76418761291586, 66.76919677003525, 71.21539098720999, 79.45016717169477, 81.57742911267769, 79.80463605269944, 77.80614719296688, 74.50700739578072, 70.27626379742073, 63.70531127112487, 64.36405595708675, 68.04851071375072, 71.854934839823, 77.03574608694989, 72.69248411973128, 68.85382761247527, 65.29406662000129, 54.172896327197705, 57.01826648096138, 63.657344520962525, 71.12649747736778, 85.09237474845857, 98.21282660441683, 102.41275088616665, 105.51130177479035, 112.95210272381381, 116.19377876642781, 113.93057638917432, 103.43238285264201, 99.4263551250477, 93.7684450880187, 93.48017660900803], [8.463735384393413, 0.0, 10.23452301952631, 17.8959702763305, 12.828868906363567, 8.491118734711817, 10.703280500508434, 48.92215152025693, 55.86713969255901, 64.12166886156191, 72.53451821167813, 80.97327164062492, 72.88633057314756, 64.4474699384847, 56.23777986169427, 23.174346956437436, 20.5884866386759, 19.103714704343027, 20.561498834159657, 24.454537292768595, 21.963925695804743, 16.3857308139967, 13.27754627922377, 14.460888497097612, 18.06666363301775, 52.739216521788464, 61.84769450854081, 68.3154020164506, 77.54110633034149, 83.67983087645007, 81.68721719535796, 75.3221086870043, 68.20982098067658, 61.2025545497396, 55.430189337895584, 25.571270511262146, 28.466757844914163, 36.51842726642676, 39.51088172827461, 49.97559785648602, 56.672506463050155, 61.733622767868404, 63.42649168434895, 60.58113716241057, 49.62598281591294, 42.71242418843839, 41.947937589261336, 65.17500322710703, 63.63701611537676, 63.4179630658489, 69.67711473546917, 71.44206339678558, 76.53731839187378, 85.40074626391761, 86.70579433170107, 84.21915669812653, 81.53466961921724, 77.38502105738007, 72.50364242765994, 65.59119823169786, 67.1838515103959, 71.93791831097138, 76.71902551729495, 82.69252823573412, 77.52826675522988, 72.7327080955394, 68.10375162743077, 49.16215778317319, 52.9106739017793, 60.653166710438235, 69.5470995144102, 84.14217147158502, 98.59863455210755, 103.74504710294076, 108.88517953027868, 118.49729134074926, 122.84378302071003, 121.17090733955175, 111.27440863028617, 107.67718238999512, 102.01201362086985, 101.3205662895931], [17.804328931911506, 10.23452301952631, 0.0, 8.132948199325568, 5.379074234014439, 11.446352812971387, 18.160291383454894, 58.21989258331028, 65.43641338531528, 73.76601924081349, 81.9320692176941, 89.87644429089326, 82.10297334170362, 73.7741356397127, 65.50589430748518, 32.064473196523984, 27.825215705692454, 23.582222032311922, 20.463027137086563, 19.843010917143143, 16.16354434246542, 15.806958904786807, 18.924497563677903, 22.71685184976928, 27.52566223728646, 62.94612121286098, 71.98645448430399, 78.35740540458714, 87.32189161057072, 93.17367795821822, 91.27794572488574, 85.1729214390155, 78.19433992620885, 71.27238992685973, 65.56903407741474, 35.70066300316179, 37.33812466695183, 43.381339329515974, 43.72606338280949, 53.91668911425405, 61.488219147484024, 67.44750754303013, 69.64523950959432, 67.84632845606298, 58.03287999187311, 52.118945993852435, 52.092146675171584, 65.14010752206453, 65.20185809709214, 66.68539636973553, 73.66022851162933, 76.24546657242136, 81.59817712516165, 90.49442471959847, 90.95651458506721, 87.74137196626278, 84.18153468169614, 79.12701033026269, 73.43016945301422, 66.09952675592537, 69.39174080277806, 75.60459692304407, 81.2445019890873, 87.59639529008906, 81.96347406520823, 76.29721986602665, 70.22413359706151, 43.2667815579147, 45.02564577696632, 52.87220419990787, 63.07997268846417, 78.46448152430159, 94.55772165964085, 101.04333725648564, 109.92599538529751, 121.41696734932779, 127.01616300410562, 126.09229584277979, 117.23916549497548, 114.7723211307955, 109.80248315203717, 109.85401587204437], [24.48399936894894, 17.8959702763305, 8.132948199325568, 0.0, 7.65925763077878, 17.138450553470957, 24.015245608332155, 64.04936294403818, 71.47825576380761, 79.86287231401901, 87.68010257662115, 94.96711249684313, 87.6811869350023, 79.5423138832374, 71.2568581236629, 39.866551429669286, 35.263296540547046, 30.112949706730973, 24.835246159962015, 20.447243501843346, 16.39855953082444, 20.912151944935697, 26.253925107187417, 30.50725372880481, 35.42506157398927, 70.13996682830967, 78.95344280676179, 85.055721454052, 93.53629913046942, 98.92605701195114, 97.15517980193862, 91.46932600022494, 84.74873151130514, 78.02140321293942, 72.49788662927574, 43.29852202039407, 44.34965643696457, 49.500464064060736, 47.8402785943767, 57.6369118408028, 65.88365346417393, 72.27458807863512, 74.17176582289365, 72.78341875042504, 64.42390124356186, 58.869496495109125, 59.22397905965863, 65.44813640038846, 66.8954579597556, 69.72393091614236, 76.96460058533374, 79.93090413917491, 85.1018218575709, 93.54096998654023, 93.64531615067033, 90.11986604452049, 86.04420796217588, 80.55751530276004, 74.37661182533829, 66.81242502975124, 71.44919295771308, 78.56433896754388, 84.47202502420524, 90.6557629918539, 85.10669919472909, 79.1461509805258, 72.18332905358986, 39.21769689899536, 37.66654718729552, 45.29146892965886, 56.54501645754991, 72.82063178904721, 90.20561985977456, 97.79289309586595, 110.01636293786856, 122.00728878309351, 128.17205089007305, 127.60742889868466, 119.43286250630325, 117.86861798852408, 113.4995729731019, 114.42651129778108], [19.045175662064423, 12.828868906363567, 5.379074234014439, 7.65925763077878, 0.0, 9.980991204376146, 17.82960045073108, 58.28492007945624, 65.8624836297691, 74.24540279196458, 82.11767214988112, 89.7412655159872, 82.00777506288807, 73.77210775592543, 65.4843526734076, 35.66458954009858, 32.16465172279634, 28.59820924137464, 25.83575059483759, 24.560803544291545, 20.66349370740616, 21.12477650319901, 23.534123422098666, 26.56397143290325, 30.676097999306823, 64.7202684456962, 73.74215063516505, 79.93208305710138, 88.77114525270399, 94.33423947986347, 92.26023401458733, 86.31061861808969, 79.41082356249328, 72.55787368244809, 66.98499218146263, 37.22044995440277, 37.1554765623054, 41.857810875581386, 40.527055077553676, 50.4821512558744, 58.502715694953075, 64.79353814271226, 66.94926013553987, 65.72740456170051, 57.0341952717334, 51.99986776108368, 53.26190917114899, 60.23335519753036, 60.76921037354901, 62.88093293980208, 70.0232889315683, 72.87572156329786, 78.22498466545899, 87.06043351311294, 87.16836193844252, 83.71342691653234, 79.88123178420037, 74.61620592491992, 68.73356047520684, 61.31552360333095, 65.11905085626428, 71.78991959844275, 77.65870663319157, 84.08825844295121, 78.33253053740266, 72.42814024262721, 65.91067989037703, 46.113019818442396, 44.5058897252377, 49.78858539489352, 58.84564731476924, 73.58370006907091, 89.3633997154661, 95.77149146757243, 105.06900250977161, 117.21725445773434, 123.48953072067545, 123.12592648072244, 115.14725932852163, 113.60508461773648, 109.70262238498675, 110.97248506184154], [11.052873850117942, 8.491118734711817, 11.446352812971387, 17.138450553470957, 9.980991204376146, 0.0, 8.61371349551249, 48.7860295779421, 56.41942724440723, 64.77560258444215, 72.68774100902766, 80.61731561721953, 72.53960429912065, 64.2351868814577, 55.96817402468793, 29.84232357604982, 28.387262302483734, 27.44004200008473, 28.200485376601748, 30.244491687592205, 27.004344896888387, 23.592967450991768, 21.430749411629193, 21.91808241023822, 24.20503974012342, 55.721024003744304, 64.77912465727941, 70.92270268931316, 79.9438394782082, 85.59576423519785, 83.27736719190725, 77.16172382343386, 70.17875080604327, 63.29290218230193, 57.760762049144695, 28.217018894056455, 27.428234700396054, 32.950077997731015, 33.127336804620604, 43.46430223674959, 50.960466897330875, 56.615987953618145, 58.293016462012645, 56.4343153029023, 47.29503172069944, 42.04046932227882, 43.82634346379267, 56.940285451240264, 55.92341814786841, 56.54401130226113, 63.10294964629706, 65.29389023873324, 70.44923676498625, 79.33115058784567, 80.07041518496582, 77.19808242888925, 74.10926310729957, 69.65514265651694, 64.52522149286663, 57.479283304388396, 59.6963941517373, 65.12277016676641, 70.29650327504972, 76.47232775498314, 71.04448899886737, 65.84558882927239, 60.56954910101077, 53.16926929417764, 52.35494973457781, 56.50341144948068, 63.5131296462701, 76.9165719278049, 90.64535145250264, 95.50367635649252, 100.86848253089333, 111.55501538338243, 117.00429165730338, 116.257151398605, 107.78738310482684, 105.71446593014203, 101.85927474390054, 103.22546372460681], [5.356789929644525, 10.703280500508434, 18.160291383454894, 24.015245608332155, 17.82960045073108, 8.61371349551249, 0.0, 40.4791783434936, 48.05333379248063, 56.43525374300137, 64.33108688737134, 72.2411315805996, 64.2772825373306, 55.98581308065534, 47.70139660705495, 26.388739232892824, 26.77939179318373, 27.7586970510825, 30.63255006177842, 34.2435552117097, 31.697491606455234, 26.893657868645555, 22.02203972852599, 20.303663763067444, 20.59266549394318, 48.08211726142139, 56.86346296611134, 62.76204238585308, 71.52225637304258, 77.03249421739923, 74.74303091173287, 68.76744939791108, 61.92210321277115, 55.17578500042636, 49.804532425526794, 21.917290716160633, 22.206666352878678, 30.108582663710383, 32.14077561667205, 42.44917178281109, 49.33467595670219, 53.97686996490541, 54.246608683366766, 50.93654700984576, 41.8692220237858, 35.17979546279262, 36.233370629233484, 58.46926020862972, 56.45405428571604, 55.85180510579606, 61.511176437886725, 62.742753608872945, 67.1855415815019, 75.39726354716447, 77.21557190827664, 75.23577122177457, 73.01359550063016, 69.57557680827765, 65.2263465076291, 58.58762066821044, 59.58580395002741, 63.639121970321206, 67.63768738792504, 72.89873524359302, 68.43802864184349, 64.3982014580685, 60.486737509981715, 56.35675006053455, 56.51153090138579, 61.03734897383578, 67.32741091149018, 80.55556120351523, 93.1713482958452, 97.1615066744122, 100.3667381139081, 108.36098048006083, 112.26625949198072, 110.57585066791465, 100.9830046655028, 97.99622496136992, 93.56347331238855, 94.69722236588778], [40.61504463452293, 48.92215152025693, 58.21989258331028, 64.04936294403818, 58.28492007945624, 48.7860295779421, 40.4791783434936, 0.0, 8.493362384222518, 16.57897551621056, 23.915452147064666, 32.864512834389835, 23.981496429723666, 15.555298288621886, 7.32007954368448, 43.24426775387691, 49.77300819965525, 55.9799544121966, 63.28499730560755, 69.88549735498326, 68.73258054028858, 61.59485039147926, 52.729898561684415, 46.90464472339281, 41.30569674499159, 22.621673680290414, 26.20422362119374, 28.604798630538532, 35.36455474603949, 39.70764172609646, 36.33609949754017, 30.959091967403857, 25.37486086440645, 20.821648646315836, 19.071205873078164, 29.346846071726585, 29.83061639257605, 37.246428087418025, 44.59863821512709, 49.31736214656864, 50.38599687450736, 48.504043772340275, 41.9361157801025, 31.483874317151155, 27.335508381645386, 17.673478193858646, 16.84426017671459, 71.84203517453865, 65.54373081424113, 59.33753212955439, 59.405676991320064, 55.70767611288385, 55.8962751077152, 59.84941310490957, 66.69014524372622, 69.34239438210334, 71.76681816314145, 73.5096952579936, 73.5090707611926, 70.10225355359461, 65.11944925466945, 61.74292392233281, 59.33644695254569, 59.48310743022157, 60.27875619896248, 62.56889552525281, 65.98225283982023, 88.92655933577437, 90.40311980790287, 93.27041042290112, 95.09514930378323, 104.65897910407328, 110.57072166512094, 109.59353341231731, 99.68348809555297, 95.81667891747522, 92.517238934132, 86.86961721973663, 72.75232960979119, 64.99394349393603, 59.16423449397675, 60.5385681238653], [47.66883235511459, 55.86713969255901, 65.43641338531528, 71.47825576380761, 65.8624836297691, 56.41942724440723, 48.05333379248063, 8.493362384222518, 0.0, 8.411481151372154, 16.866555153869978, 27.184214294520746, 18.032104658290585, 9.842249865264394, 5.481322268975799, 47.458823984132536, 54.33835051618649, 60.97392566760951, 68.75821489300847, 75.86991225245573, 75.04081293840251, 67.50198174375365, 58.3352267409806, 52.305052538297396, 46.428588711514145, 19.456815464384142, 19.992067228191733, 20.892939020008576, 27.154385573571464, 31.77289654077857, 28.20829980556264, 22.494949038813665, 17.163978650865598, 13.821734484934876, 14.347436073165163, 34.714947580273346, 36.46624069000122, 43.89853938705615, 52.200664179434824, 56.35598624439879, 56.42422686689445, 53.592739398146655, 46.773069315901196, 35.83470268361726, 31.794002792902862, 22.72801608364155, 19.174445743120526, 79.41779392427122, 72.66782338787394, 65.76491138470543, 65.10495720287759, 60.78966183710159, 60.408471009875576, 63.56333984653438, 71.11381235311971, 74.47307176329592, 77.58697586541325, 79.97133679769189, 80.50592658818617, 77.5137655677907, 71.84750050592616, 67.50357721000285, 64.2498613854688, 63.61744688261993, 65.20025028718197, 68.34441493051757, 72.70450585721602, 94.5735475154235, 97.42198962869514, 101.11759876329339, 103.14978673569033, 112.7546605352379, 118.2561804597957, 116.85344542283042, 105.27719140948875, 99.39762260687723, 94.39870535508199, 87.62831739685602, 72.05627518475802, 62.194066445767355, 54.572790460923905, 54.06266216522698], [55.97867408425188, 64.12166886156191, 73.76601924081349, 79.86287231401901, 74.24540279196458, 64.77560258444215, 56.43525374300137, 16.57897551621056, 8.411481151372154, 0.0, 9.59015836182182, 21.281580839855177, 11.976155201627941, 6.67991729574566, 10.760348828586787, 54.4840568163485, 61.55225725970957, 68.42803057662739, 76.458679873898, 83.80550879554626, 83.10637018887272, 75.38119200535661, 66.06677869409104, 59.93729120839992, 53.92233963989239, 22.17170884690535, 18.941393950735012, 16.875794076684215, 21.08946168982596, 25.1755106457216, 20.97388803433989, 15.440103383474378, 11.834701876703145, 12.345425973980362, 16.281181921126304, 42.23366938981896, 43.90720249899273, 50.52344814430881, 59.00131726813722, 62.25412676142962, 61.35585867835256, 57.55709648803277, 50.20095533394823, 39.049335892321004, 36.469140730372715, 29.078460793128272, 25.637585405753835, 85.40561902761162, 78.21380372782664, 70.68395620466474, 69.13744504437406, 64.16313274162162, 63.02032139325317, 65.14039330725149, 73.37548969204556, 77.50481788223509, 81.37053009623475, 84.52940104878266, 85.72830623849421, 83.29820174265775, 76.9002562184587, 71.49541178318935, 67.24872372451456, 65.66150745116872, 68.18250663144377, 72.32043170494615, 77.72621660214779, 102.22305459517383, 105.4257817679903, 109.06602126059802, 110.6868760685869, 119.79409638775182, 124.36668449581292, 122.2404835462478, 108.50374925653898, 100.5179219266044, 93.96305095505865, 86.32654472090788, 69.84666687326394, 58.43474774264991, 50.0680338408582, 48.829878127883525], [64.24597383269577, 72.53451821167813, 81.9320692176941, 87.68010257662115, 82.11767214988112, 72.68774100902766, 64.33108688737134, 23.915452147064666, 16.866555153869978, 9.59015836182182, 0.0, 12.26924808424225, 4.283165359951562, 8.954545426046986, 16.87284883909768, 63.927433464239826, 70.90166423955554, 77.60759846241405, 85.38624746558976, 92.36672220389634, 91.59227707044256, 84.26512671891132, 75.14453822242841, 69.10929532573148, 63.189831504033435, 31.357740198725864, 26.523519215190202, 22.05136202552475, 21.21042371863429, 21.63641641909706, 16.949779238207768, 15.473792948752738, 16.77229766043728, 20.54747700495255, 25.460682812067134, 51.393412782100725, 52.178959761851694, 57.63933816564196, 64.90746197159662, 67.08515983613125, 65.78013605375658, 61.284739044992044, 52.5312234221968, 41.27250162222568, 42.49952621930392, 36.955112707888915, 35.06884922136552, 88.91003899305706, 81.7394368441385, 74.160383556707, 71.6399156156476, 66.00921145070284, 63.56150926859812, 63.72134020767983, 72.84356857823023, 77.91177898629125, 82.51021238425389, 86.5922928689, 88.4777990345537, 86.65919691692488, 79.93858913279531, 73.66682023026839, 68.15841005578481, 64.94108239846342, 69.00807416213156, 74.38615914769225, 80.66932458689725, 109.76779294432635, 111.77006858456295, 114.358076138866, 114.86712389871822, 123.06013199619805, 126.24212548281237, 123.2643107575597, 107.93295820121305, 96.78439633963694, 88.33088503925467, 79.7123120715628, 62.46318317639274, 50.13989026923958, 42.51473459713596, 43.64288410380663], [72.53821318511127, 80.97327164062492, 89.87644429089326, 94.96711249684313, 89.7412655159872, 80.61731561721953, 72.2411315805996, 32.864512834389835, 27.184214294520746, 21.281580839855177, 12.26924808424225, 0.0, 11.181292023817779, 18.920177528700336, 25.98339842912951, 74.27726505574144, 80.89820256396864, 87.10922683058332, 94.2688861110518, 100.48236608269333, 99.6445549641147, 93.16816284648993, 84.55648324107985, 78.80711451493057, 73.19903900969179, 42.99421994080821, 37.643919850367304, 32.12651311526262, 27.05432691769976, 22.56103127021646, 19.275522593871354, 23.27570050313644, 27.420496855309423, 32.133214520865884, 37.12893179316347, 61.69371586456063, 62.03095329558536, 66.91061612345179, 72.35495829141058, 73.84476699790893, 72.87587526718197, 68.25247443741218, 57.94214021262351, 46.88577932812053, 52.02402133835036, 47.32986189943691, 46.223098696964456, 93.14386738207838, 86.62794905096172, 79.72770426896945, 76.53351644842668, 70.52179398597022, 66.60305593292708, 64.1421742425453, 74.14407919909995, 80.08640675007992, 85.14993128408614, 90.0011113472764, 92.3205703495085, 90.91529948216383, 84.56832835598937, 78.01940881755549, 71.39878359756756, 66.20125951480175, 72.10476712460616, 78.5650655138959, 85.16198785419303, 115.83534638321584, 116.14389221404399, 117.6375547351222, 117.02928873310911, 124.50987366867874, 126.47827143886953, 122.9578145721988, 107.67897566847547, 92.20544998770477, 81.06893948659751, 70.77384522090749, 51.90605449675402, 38.14388112261459, 31.34398059359929, 37.48905166246936], [64.54851169564755, 72.88633057314756, 82.10297334170362, 87.6811869350023, 82.00777506288807, 72.53960429912065, 64.2772825373306, 23.981496429723666, 18.032104658290585, 11.976155201627941, 4.283165359951562, 11.181292023817779, 0.0, 8.658771785296457, 16.691749158451223, 65.43630436211045, 72.3638083339569, 78.96103343465313, 86.56755226214464, 93.30086950280366, 92.3452518332168, 85.216572107498, 76.19591836727022, 70.20929080635278, 64.34490585464137, 34.05601484461681, 30.039568449078107, 26.061644447850753, 25.436019564672478, 25.199898506869786, 20.59843688836913, 19.71060329141777, 20.6961441046428, 23.759911421792147, 28.169044646388098, 52.241168843757656, 52.067199429782185, 56.723217696584925, 63.23058196338891, 64.9129476432649, 63.55374683013881, 58.92712551832079, 49.62010037101897, 38.390017545001896, 41.3628950642754, 36.781299884391444, 36.40481900129198, 86.11778623851477, 78.97009775354438, 71.45078137739539, 68.65091506795325, 62.87316216038186, 60.05159326602776, 59.747737956441256, 69.02359541593349, 74.2735116502676, 79.0159184752158, 83.33394460814758, 85.41880655822294, 83.81535201261809, 77.01467239840007, 70.54084353298657, 64.71230161440076, 61.09803059644481, 65.53248556070996, 71.21848106159555, 77.70910129974261, 110.73366170537895, 111.65454519662785, 113.29889789698768, 113.1076108111836, 120.67401973801843, 123.22215229059306, 119.88738890614792, 104.00061171660545, 92.54892408252454, 84.22368852620214, 75.89362743647077, 59.23778670989845, 47.91185567478367, 42.24129747948813, 45.77521351486983], [56.160090027151, 64.4474699384847, 73.7741356397127, 79.5423138832374, 73.77210775592543, 64.2351868814577, 55.98581308065534, 15.555298288621886, 9.842249865264394, 6.67991729574566, 8.954545426046986, 18.920177528700336, 8.658771785296457, 0.0, 8.291805213669878, 57.010747499074775, 63.939173536279036, 70.55794719531427, 78.22277989183775, 85.07700740609651, 84.0790085974628, 76.77486497494941, 67.68379413436763, 61.67017701515326, 55.79059464850072, 27.29593099725516, 25.342214149813724, 23.51845184088621, 26.553756987967088, 28.899143361288306, 24.536843268381286, 20.770071309761963, 18.35439570322469, 18.60754964245376, 21.5911470778328, 43.60244360720015, 43.59525199243647, 48.946071608126076, 56.08173715810302, 58.6287820969909, 57.780327930494934, 53.83070163545668, 45.438273198564765, 34.08748403499304, 34.47489330934195, 28.562627187133295, 28.030287710046537, 80.80321153243594, 73.70475886118442, 66.33447134262843, 64.40455916603705, 59.21096600424618, 57.497069699963696, 58.94647577825686, 67.42616137918439, 71.80582803565333, 75.84481272927401, 79.33520160564368, 80.79073451096325, 78.63050561118634, 72.18614234318694, 66.54188570265157, 61.82495092539446, 59.642610163297974, 62.71648227328403, 67.30052974433686, 72.95666573808693, 103.33436949734083, 104.69542539138662, 106.83173729888463, 107.3539613401543, 115.56442405957849, 119.22853797827963, 116.62148306450779, 102.3245744346972, 93.83852437110622, 87.47635340592166, 80.22990192382298, 64.54994231948403, 54.531249749974265, 48.62008209882376, 50.78579100030808], [47.927991329420664, 56.23777986169427, 65.50589430748518, 71.2568581236629, 65.4843526734076, 55.96817402468793, 47.70139660705495, 7.32007954368448, 5.481322268975799, 10.760348828586787, 16.87284883909768, 25.98339842912951, 16.691749158451223, 8.291805213669878, 0.0, 49.872442987639516, 56.59736676890434, 62.9869512900315, 70.43133319611047, 77.09981671457999, 75.99828232446168, 68.834117094223, 59.88541535639412, 53.97871849587892, 48.2490202762389, 24.31233587616369, 25.268316904550726, 25.782255020760363, 31.037108050652982, 34.50276823654249, 30.69683054749508, 25.97012427922758, 21.540838730836782, 18.883191129360046, 19.40166085572065, 36.11662576765911, 36.15398525651648, 42.349173340713676, 49.45602852661153, 53.01219272159926, 53.144317308857836, 50.20899382619713, 42.52833639664658, 31.384710153624905, 29.83712364988524, 22.193034568356914, 21.833512737089947, 75.33712202716748, 68.64239387882, 61.86118016675191, 60.91215386482101, 56.43813563179271, 55.647412523088306, 58.37280273948053, 66.06202155000746, 69.5751780144055, 72.7984932850151, 75.42715175987254, 76.15781432415096, 73.37328305279993, 67.65854861305392, 63.13925938964238, 59.55021433566892, 58.52080671848898, 60.4701698212624, 63.9292643575027, 68.47347514634151, 95.68987397659873, 96.91214190468673, 99.26383670145862, 100.33059004233729, 109.1578798347821, 113.89811296891226, 112.09229852560128, 100.05155095924634, 93.93582673510242, 89.23066678286074, 82.8704264484294, 68.07090786368127, 59.43678951882312, 53.755749742442895, 55.77470217254558], [21.71765659555934, 23.174346956437436, 32.064473196523984, 39.866551429669286, 35.66458954009858, 29.84232357604982, 26.388739232892824, 43.24426775387691, 47.458823984132536, 54.4840568163485, 63.927433464239826, 74.27726505574144, 65.43630436211045, 57.010747499074775, 49.872442987639516, 0.0, 7.767814583116989, 15.96968657181878, 25.77262234080618, 35.754703446398224, 35.7997565028474, 25.190070268500367, 15.169287185792022, 9.447674183150104, 5.898548935314938, 36.88273145299363, 46.08935381052086, 53.51042937428883, 63.99386922850868, 71.85445053692989, 70.06967747541334, 62.48220372112803, 54.84992684159998, 47.57747446539857, 41.3534329239491, 16.142246453134582, 26.791074834605666, 38.56742026718466, 48.75420952412827, 58.3143856726913, 61.761692934886526, 64.38961667178802, 66.29718392181339, 61.361156231131325, 45.79967101059973, 36.335330371506586, 29.919044221716923, 80.15115532569172, 75.7285742900126, 71.97396890585205, 76.66583153452255, 76.85260298241187, 81.74469322529856, 90.86147680164905, 93.63061851975371, 92.46994205523346, 91.5059393766149, 88.88428142428478, 85.54110094618498, 79.69007339174111, 77.99579992710414, 79.71452301130368, 82.96644981997005, 88.5151143408356, 83.96920051174844, 80.7514724267639, 79.07521569143417, 61.07745137265093, 72.35733225185214, 83.09206222560798, 92.20314660989644, 106.42506504666025, 119.35134417679664, 122.87581259396413, 121.68816424505353, 128.55223432927733, 130.2438830316171, 126.73309470565414, 113.98229163273112, 106.60609926344657, 97.47720478544282, 91.93752810281512], [21.80557355742584, 20.5884866386759, 27.825215705692454, 35.263296540547046, 32.16465172279634, 28.387262302483734, 26.77939179318373, 49.77300819965525, 54.33835051618649, 61.55225725970957, 70.90166423955554, 80.89820256396864, 72.3638083339569, 63.939173536279036, 56.59736676890434, 7.767814583116989, 0.0, 8.334979594433333, 18.307209213083926, 28.626299166124113, 28.994565193906666, 18.21400561407636, 9.153803613324301, 6.649747242448693, 9.511766233126314, 44.298435748837015, 53.28923986696235, 60.58732222400005, 70.72236606402278, 78.3788737726654, 76.82697321347709, 69.49830319080507, 62.02646959948124, 54.86567713228024, 48.716179693354086, 22.655920002286045, 32.11222887083065, 43.11037885411662, 51.874898490324895, 61.83796434924068, 66.06144933662529, 69.43684878253062, 71.73658044899817, 67.33774400816442, 52.271860689078764, 43.23538580718188, 37.34780054969743, 81.87835412559704, 78.33872297426137, 75.57470830653818, 80.88323762189748, 81.62390815033696, 86.78187399517564, 96.03611138405189, 98.35569309873931, 96.72367493744831, 95.18350110742529, 91.9319614495721, 87.99776008515167, 81.74470293277004, 81.08369190425566, 83.80089559610364, 87.68594642585383, 93.5493834505021, 88.65023763572148, 84.79600100854246, 82.1359441546358, 54.456674683411485, 67.09483585264316, 79.20804390809359, 89.61220871733532, 104.71269172537869, 118.92680585007326, 123.42154351122198, 124.75167007481768, 132.67229887456375, 134.95684135664953, 131.68317924703004, 119.18515481440221, 112.21038052953519, 103.01526274008572, 97.44013611342368], [22.95193981570423, 19.103714704343027, 23.582222032311922, 30.112949706730973, 28.59820924137464, 27.44004200008473, 27.7586970510825, 55.9799544121966, 60.97392566760951, 68.42803057662739, 77.60759846241405, 87.10922683058332, 78.96103343465313, 70.55794719531427, 62.9869512900315, 15.96968657181878, 8.334979594433333, 0.0, 10.0218117113716, 20.539787188809576, 21.28485332364148, 10.797233673807428, 6.314416188833373, 10.360488397033127, 16.12036761649306, 51.985951102212894, 60.78474534517408, 67.87578389093507, 77.55755158275268, 84.8564165369193, 83.51359087373555, 76.54641920745887, 69.27696356955506, 62.244260346128904, 56.19830164358889, 29.50977667589311, 37.85419427331183, 48.0889737071741, 55.09344339986918, 65.35030247082942, 70.44892122083297, 74.54196951000576, 76.94665745837683, 73.0023752277452, 58.812661277644885, 50.090326824358776, 44.77129216360135, 83.14486149904313, 80.66053489442487, 79.04147667567156, 84.90623272751407, 86.16046604683577, 91.44182737067982, 100.64125688455121, 102.562885038104, 100.50520984302527, 98.38654213426545, 94.54642921709606, 90.01994219746237, 83.36936393397286, 83.88023379233822, 87.6219040174965, 92.04236494428305, 98.06137334419893, 92.95485636282211, 88.55298185959056, 84.88609000873953, 46.783069012625596, 60.45862957365065, 73.94554683353856, 85.66415256319955, 101.69396028626218, 117.23632014103538, 122.77997368516424, 127.01176751427752, 135.7653737365232, 138.60677021112772, 135.5732687257609, 123.41185726065508, 117.0077389662349, 107.94515882888251, 102.70570564349454], [26.583171284554144, 20.561498834159657, 20.463027137086563, 24.835246159962015, 25.83575059483759, 28.200485376601748, 30.63255006177842, 63.28499730560755, 68.75821489300847, 76.458679873898, 85.38624746558976, 94.2688861110518, 86.56755226214464, 78.22277989183775, 70.43133319611047, 25.77262234080618, 18.307209213083926, 10.0218117113716, 0.0, 10.718202389773532, 12.15682846590232, 5.311870943684344, 12.428298799500675, 18.615687713583156, 24.953914373219984, 61.14293959953733, 69.76914180607548, 76.60463761409554, 85.7743188310765, 92.60385249520766, 91.44312797392728, 84.90746227404188, 77.87013141638577, 70.98141089168038, 65.0644765800774, 37.893285783485304, 44.98796740463028, 54.26302052432234, 59.15240392775129, 69.54422374351923, 75.59441906188283, 80.43508459267647, 82.8410705733546, 79.42230200757675, 66.40979203890176, 58.09505625771168, 53.51166058140039, 84.43546461875344, 83.24909075854171, 82.99850681472725, 89.41871027773713, 91.22837592139885, 96.56879062777794, 105.5998192352056, 107.0632411100742, 104.54217907392811, 101.77244715497918, 97.30003865442902, 92.12885815809162, 85.08083147387462, 86.97750684708261, 91.86007487634589, 96.82390576365044, 102.93784078612849, 97.66725275497713, 92.70379948423178, 87.9147941956235, 37.710165205063404, 52.18753810197845, 67.21337217177724, 80.4454606533855, 97.49076787714222, 114.53649203610958, 121.31386782090759, 129.0458951134903, 138.69246752436052, 142.21104604016128, 139.51920534187124, 127.89740172731335, 122.31328305692345, 113.63120448780201, 109.07392218631414], [31.28984398962595, 24.454537292768595, 19.843010917143143, 20.447243501843346, 24.560803544291545, 30.244491687592205, 34.2435552117097, 69.88549735498326, 75.86991225245573, 83.80550879554626, 92.36672220389634, 100.48236608269333, 93.30086950280366, 85.07700740609651, 77.09981671457999, 35.754703446398224, 28.626299166124113, 20.539787188809576, 10.718202389773532, 0.0, 4.197457206137306, 11.71525437936475, 21.472870971837768, 27.73922248904609, 34.06999679405409, 70.05785518945444, 78.51490601600204, 85.02122611049013, 93.60926102860182, 99.83317689630394, 98.79881210164385, 92.77790000134503, 86.01526081296763, 79.30184983916149, 73.56089834371092, 46.15427854256553, 51.9735612059481, 60.27742815807685, 62.86355789911291, 73.19112700464838, 80.19726694313657, 85.69555961718513, 87.83148909723107, 84.89780089691982, 73.44771811581293, 65.56197794553238, 61.851764168427934, 84.75740758137012, 84.99837395601699, 86.20835161276396, 93.05863622412052, 95.35329050931105, 100.58602077143816, 109.22666143945693, 110.27737083899025, 107.36256297257754, 103.97588993492037, 98.96630925266223, 93.20920787060832, 85.83100525496009, 89.18161558100547, 95.15135439278085, 100.51552388385512, 106.53972419153747, 101.27404058454394, 95.88392971802324, 90.02753622580079, 28.575239507649158, 42.42440494661924, 58.79633260486427, 73.46399510609733, 91.49021329160843, 109.96686977660303, 117.99212707467514, 129.48349328501595, 139.74814473431812, 143.92285661289506, 141.6236751695869, 130.7292363449442, 126.21034094983698, 118.23763730380912, 114.83848141034483], [29.237928854909423, 21.963925695804743, 16.16354434246542, 16.39855953082444, 20.66349370740616, 27.004344896888387, 31.697491606455234, 68.73258054028858, 75.04081293840251, 83.10637018887272, 91.59227707044256, 99.6445549641147, 92.3452518332168, 84.0790085974628, 75.99828232446168, 35.7997565028474, 28.994565193906666, 21.28485332364148, 12.15682846590232, 4.197457206137306, 0.0, 11.232090727585886, 20.97845899198568, 27.189001127753293, 33.48659388597446, 69.95329017895159, 78.58946716764126, 85.09499152429115, 93.7802965484853, 99.91598651718071, 98.70061073344226, 92.66449218048515, 85.8374347314789, 79.05133083104472, 73.28884140663003, 45.05262348932146, 49.965200586973864, 57.660930059962965, 59.564729289618306, 69.82405992790801, 77.03183899878759, 82.74253274482066, 84.99370240241629, 82.42955541752055, 71.37507422076554, 63.980331895482315, 61.10349383132722, 80.7802393649197, 81.20775195132543, 82.6941294524974, 89.66908815193034, 92.14070552856145, 97.4498155519872, 106.16881960529115, 106.97024507174521, 103.88294921007227, 100.33394009196714, 95.18014286644424, 89.32179918498058, 81.9090605584181, 85.47737019385652, 91.69410985487889, 97.24454518423336, 103.40635723735606, 97.98342163430996, 92.40602169535538, 86.30836425697085, 30.366693475988086, 41.13375088108602, 56.0379881332443, 70.1783079589782, 87.8412570007167, 106.13729541836906, 114.08440099276639, 125.6407704652497, 136.47953697465732, 141.15306242185167, 139.2594686952426, 128.94413143062482, 125.01665145202912, 117.77081255181352, 115.21012529801412], [23.322462700605143, 16.3857308139967, 15.806958904786807, 20.912151944935697, 21.12477650319901, 23.592967450991768, 26.893657868645555, 61.59485039147926, 67.50198174375365, 75.38119200535661, 84.26512671891132, 93.16816284648993, 85.216572107498, 76.77486497494941, 68.834117094223, 25.190070268500367, 18.21400561407636, 10.797233673807428, 5.311870943684344, 11.71525437936475, 11.232090727585886, 0.0, 10.310603145740798, 16.834010024704668, 23.338551810382864, 60.69100046480981, 69.62624591481378, 76.51413214805513, 85.90523963571661, 92.68546710423817, 91.25411742413176, 84.62661671896623, 77.45118904651059, 70.41988191729216, 64.43256903048, 35.770265155144074, 41.64196368381898, 50.165738655763356, 54.46184571259521, 64.82013700322213, 71.03709300346048, 76.14086124090952, 78.8413547230933, 75.92818085543792, 63.16655697035672, 55.534663545888066, 52.12010708717584, 79.35977493410985, 78.23253334433267, 78.17306539926808, 84.75971756200688, 86.79344561596902, 92.3112436355432, 101.56748149279191, 102.6956658092145, 99.94539344328282, 96.99874362096801, 92.35322343283701, 87.09300506200209, 80.02963675247523, 82.04121152810883, 87.16597585602103, 92.39918351997287, 98.78067296869604, 93.22806991372242, 87.99960501110131, 82.97364911023843, 39.95428286574785, 51.52449013221105, 64.76836711146335, 77.19800022173028, 93.61776693396256, 110.27672394739999, 116.83224525868127, 124.25193319136721, 134.73537745557132, 138.91671769733952, 136.7623429931679, 125.87207145709087, 120.99698125460769, 113.23756878345682, 109.70504946687865], [17.52440800546569, 13.27754627922377, 18.924497563677903, 26.253925107187417, 23.534123422098666, 21.430749411629193, 22.02203972852599, 52.729898561684415, 58.3352267409806, 66.06677869409104, 75.14453822242841, 84.55648324107985, 76.19591836727022, 67.68379413436763, 59.88541535639412, 15.169287185792022, 9.153803613324301, 6.314416188833373, 12.428298799500675, 21.472870971837768, 20.97845899198568, 10.310603145740798, 0.0, 6.560201643460743, 13.083643350971208, 50.76555632747094, 59.90023627030698, 66.96055083008319, 76.77239070091491, 83.88118200110573, 82.23130459349017, 75.26078148843621, 67.88499620614319, 60.71733116766766, 54.62631293179274, 25.88017015210607, 32.856393977780385, 42.57204730874134, 48.955733141920994, 59.257547043727136, 64.61460787230094, 68.95544296063194, 71.4323250496722, 67.90318274837375, 54.17735432434044, 46.067581206372246, 42.19939459168841, 76.83680992853662, 74.37748457471383, 72.92517914414826, 78.90191306563183, 80.31264696784487, 85.676143216413, 94.99094627549005, 96.66347118239409, 94.4472136264635, 92.20122608907633, 88.27750514709066, 83.71300618128527, 77.05503039442196, 77.63946205495245, 81.5605683539382, 86.14764803601688, 92.31966097572803, 87.04416119754903, 82.47542336262302, 78.63835010049986, 48.55310130754376, 59.14406028432862, 70.68035937919099, 81.36781516696786, 96.7064825968785, 111.69060171207222, 116.91667515911236, 120.76440646355826, 130.05587440313118, 133.47382112549246, 130.95351362595622, 119.55393106791078, 113.97984534890328, 106.02664190049057, 102.16841852184159], [15.52158617103017, 14.460888497097612, 22.71685184976928, 30.50725372880481, 26.56397143290325, 21.91808241023822, 20.303663763067444, 46.90464472339281, 52.305052538297396, 59.93729120839992, 69.10929532573148, 78.80711451493057, 70.20929080635278, 61.67017701515326, 53.97871849587892, 9.447674183150104, 6.649747242448693, 10.360488397033127, 18.615687713583156, 27.73922248904609, 27.189001127753293, 16.834010024704668, 6.560201643460743, 0.0, 6.523535067300245, 44.41019568721941, 53.67434114253426, 60.80999425537675, 70.8580890194274, 78.125753573578, 76.31937825950868, 69.16053052809919, 61.67278951693258, 54.42807437657523, 48.28640523050787, 19.543668779451952, 27.523425345214758, 38.18587812436617, 45.938088895575184, 56.0722554550734, 60.82841554960162, 64.58196872372079, 66.74200634160238, 62.722004929091874, 48.49603011410888, 39.96356867856896, 35.755328303946555, 75.4634675287574, 72.18482511804356, 69.83749128742674, 75.32823400599388, 76.26920047956563, 81.43565118630681, 90.67200528646043, 92.75525841098559, 90.94378435870316, 89.19277632949988, 85.80382224187495, 81.7354804752118, 75.38666617281612, 75.04922776642684, 78.1218329986251, 82.18731246338122, 88.11332000482285, 83.12291315012767, 79.08009119742103, 76.08081310352854, 54.028748846522824, 63.82713911735749, 74.29990856265788, 83.88327739490285, 98.51832179848998, 112.40459536445708, 116.78734888858806, 118.4278802103699, 126.76522142706506, 129.6231546641663, 126.8427531722866, 115.12722971538145, 109.13620970439551, 101.12554721804008, 97.18528070654939], [16.105187470426884, 18.06666363301775, 27.52566223728646, 35.42506157398927, 30.676097999306823, 24.20503974012342, 20.59266549394318, 41.30569674499159, 46.428588711514145, 53.92233963989239, 63.189831504033435, 73.19903900969179, 64.34490585464137, 55.79059464850072, 48.2490202762389, 5.898548935314938, 9.511766233126314, 16.12036761649306, 24.953914373219984, 34.06999679405409, 33.48659388597446, 23.338551810382864, 13.083643350971208, 6.523535067300245, 0.0, 38.15006363193599, 47.56098032547829, 54.77370259196402, 65.08033676501293, 72.51483666362918, 70.532349800632, 63.16772312564171, 55.55878255938941, 48.231189930137376, 42.03604995815613, 13.44810671798008, 22.86067858997536, 34.520485682169, 43.71116400123475, 53.5166502409877, 57.56371914809293, 60.62885561668739, 62.40709446617499, 57.83698258904962, 43.09473808329741, 34.054662206330306, 29.386507649639995, 74.63912081632724, 70.5400405514384, 67.26237869553418, 72.18992293968972, 72.6104647940589, 77.53238463778149, 86.64327679274749, 89.16813750663948, 87.80024847487988, 86.58398252114452, 83.77642873134666, 80.24812191040023, 74.26023442264706, 72.96520980784614, 75.11238923330586, 78.58858239534418, 84.21771450058334, 79.56243178787797, 76.11176278558554, 74.02412046413613, 59.66885590671694, 68.76042559178309, 78.25142581635608, 86.77713729363441, 100.68794368971456, 113.46382731408663, 117.00245482504005, 116.41221881492977, 123.72782271886021, 125.98787229890962, 122.93436161937173, 110.90056409612583, 104.47122842405783, 96.41259080410588, 92.3943506595726], [45.89055725777866, 52.739216521788464, 62.94612121286098, 70.13996682830967, 64.7202684456962, 55.721024003744304, 48.08211726142139, 22.621673680290414, 19.456815464384142, 22.17170884690535, 31.357740198725864, 42.99421994080821, 34.05601484461681, 27.29593099725516, 24.31233587616369, 36.88273145299363, 44.298435748837015, 51.985951102212894, 61.14293959953733, 70.05785518945444, 69.95329017895159, 60.69100046480981, 50.76555632747094, 44.41019568721941, 38.15006363193599, 0.0, 9.897484598017014, 17.48655909909468, 29.210523913462964, 37.96016498735611, 35.3963604122231, 26.764358886162583, 18.768627001627316, 11.596028243636093, 5.904649698174056, 28.615205659985012, 34.94675856483967, 44.799011051543694, 56.911634457109606, 62.5917527665297, 62.150168672081094, 59.953786451225255, 57.02914330232435, 47.78486234917939, 35.66149925951753, 24.88146499261008, 13.233972516783954, 88.26018088949682, 81.02966714867664, 73.57739097748053, 74.13882681010155, 70.7693214401034, 72.44998457768207, 