{
	"dissimilarities": [[0.0, 8.705297914865232, 17.815824518105046, 24.87407565828714, 19.0928332203123, 11.053323500191333, 5.420096874714788, 40.60419701265241, 47.64427256157246, 55.95267596481509, 64.19171532321006, 72.53125679316815, 64.65547292581323, 55.35310130089004, 48.04262690470855, 21.62428756085215, 22.146579591247967, 23.14581809389301, 27.25102385414744, 31.467294068272757, 29.744273175774275, 23.356146727099013, 17.852660839949205, 15.515249483409475, 15.610246151052586, 45.96239736015367, 54.62198155591366, 61.160335749996094, 69.57125301314947, 75.58614940396018, 73.4799235814951, 67.13205392110756, 60.68075869817966, 53.50282583033873, 47.80234576722212, 19.309515265337165, 21.145868832402442, 31.68208217507014, 34.854780310844774, 46.31982605269984, 53.2140442701333, 57.26614044043393, 56.877759436880936, 52.941757816154194, 42.65900287545688, 34.3424084800073, 34.44377092318163, 65.71824802814574, 62.3135890310581, 62.01716653082297, 64.45434195133767, 66.28045986060766, 72.00199959022818, 79.63968771103002, 82.02163411595401, 80.38498560285338, 77.85560083713776, 75.5458929432864, 71.30952938245449, 65.76492014575591, 65.27847348860583, 68.54792798046893, 72.26678617500879, 77.8855401027338, 73.11924124415623, 69.36988897177419, 66.2211337714726, 53.91680293098793, 57.169102671465, 63.03273215014454, 70.55214621776469, 83.96906817537578, 96.42839457743453, 100.09061689372903, 106.39814234790232, 110.93040832904589, 115.71831826303742, 113.89984230452751, 103.09818425827869, 99.55341859737285, 94.0579259419418, 93.02242309316718], [8.705297914865232, 0.0, 10.646606192629928, 19.090306086107837, 13.664786327465055, 9.596352042240687, 11.48485142345925, 49.04244727779369, 55.87674006935246, 64.09569582271244, 72.48486013698248, 81.08341311254206, 73.12860423941406, 63.779013488210325, 56.50204790131152, 22.280909292415963, 19.92093997411001, 18.230363926453418, 20.5286377072305, 24.174081220348892, 22.12754984187427, 15.590717657957219, 12.608826827741789, 13.53824371552895, 16.98154967523274, 52.46963674282823, 61.414539952380316, 68.23242953151285, 77.07072067678124, 83.41236322968714, 81.41115684156588, 74.87426868717617, 68.11335601412624, 60.88163562806827, 54.99160764350165, 24.55034305323822, 27.37471746054048, 36.37548476731335, 39.02266582612743, 50.356334798029586, 57.34817760181927, 62.15945441745681, 63.185258198224055, 60.379236706137995, 49.34130614370134, 41.880223556065864, 41.55885910393014, 68.28191697657877, 65.56112031040958, 66.00770003030073, 69.12522832007743, 71.64587582404117, 78.07477480576016, 86.25082967647685, 87.8405893669647, 85.54590128322879, 82.47530787377042, 79.3437721136648, 74.50003840458166, 68.64845632312296, 69.0266149264056, 73.18153353965994, 77.82706636660504, 84.2813798247235, 78.65767064663505, 74.00216373408813, 69.96380737081304, 48.52114258171586, 53.29581186760702, 60.63085476387666, 69.81892624811402, 83.96766393731751, 97.83359983231756, 102.4601176182281, 110.75804903827837, 117.37513644789296, 123.15975947286107, 121.82104927568088, 111.42528099517695, 108.12705940760708, 102.39811047082087, 100.70251082695506], [17.815824518105046, 10.646606192629928, 0.0, 8.90886099345197, 5.4146911294985225, 11.441375555233689, 18.15041426864753, 58.20510833821525, 65.4116817879956, 73.74569732963734, 81.91156091988644, 89.8577964822597, 82.16756431532724, 72.88349542770514, 65.56830996622298, 32.049498654778766, 28.20060844683618, 23.87768672710705, 21.270309139845477, 19.985220729369516, 17.07858202076859, 15.945766509591474, 19.377863014987206, 22.772019896881634, 27.240801386585915, 63.03261852575358, 71.90525799754461, 78.57302836821981, 87.07494749114106, 93.02193193845628, 91.11423100679008, 84.87905320341376, 78.35139592899729, 71.15689078220228, 65.35214334088079, 35.06361159521568, 36.22890431626121, 42.7700365595599, 42.47363668512718, 53.73317802285077, 61.86803084631171, 67.58078824408949, 69.08688638053202, 67.15191240648652, 57.43079203565259, 51.207237682562706, 51.868949802196276, 67.13358990206122, 66.1139441656542, 68.26370064689364, 72.28739352726456, 75.60586525874244, 82.27966631807996, 90.47252805843318, 91.18914563994338, 88.08563439006545, 84.27277484184528, 80.12816246214433, 74.4356878127622, 68.05452070778023, 70.23014825421643, 75.81558919681807, 81.39386168815103, 88.35148110462929, 82.1293155151093, 76.52542419969657, 71.07651420321065, 42.907835569822744, 45.135721999618106, 52.06597477572329, 62.386934563057125, 77.24745551106305, 92.74515187985877, 98.77376643147656, 110.77131712648384, 119.58599669990882, 126.55519725706061, 126.0230137444811, 116.72445158696088, 114.84001864961076, 110.00530949425952, 109.44736518146533], [24.87407565828714, 19.090306086107837, 8.90886099345197, 0.0, 6.964906697380089, 16.739603619600107, 23.878627645196737, 64.01517905454607, 71.5485014491975, 79.9655315416849, 87.80291468907457, 94.92698171671316, 87.62849610389361, 78.51371367953242, 71.20831439980115, 40.87257845165907, 36.933142855452715, 32.00639291868508, 27.2725930320647, 22.400897470667797, 19.41809653556625, 22.815028284586656, 28.03523588806217, 31.619444760364676, 35.96847945515881, 70.76888089738782, 79.43459318392122, 85.80631457015186, 93.75654219903501, 99.14043323697919, 97.31656889205017, 91.51090705809546, 85.3716073959562, 78.27305633197355, 72.64606720179076, 43.19669513672908, 42.99726780035739, 48.06224950631691, 45.261063778686115, 56.3312207241451, 65.47912633506115, 71.63964079472318, 72.86893114402935, 71.21521019291059, 63.19452649316899, 57.69871016899875, 59.243831888249744, 65.39068335260939, 65.95017673466677, 69.53820493414881, 74.11046919183853, 77.85301529291077, 84.3245186504457, 92.15088148467278, 92.393304778442, 88.81680153727059, 84.52941979361205, 79.77328213340202, 73.52176173311999, 66.76016075332255, 70.46075946972704, 77.0584498858465, 83.0600827968058, 90.0113452171576, 83.69966673475213, 77.64160474175439, 71.19999298417343, 40.546836431024374, 38.20706267910751, 43.57151741964335, 54.418231009483875, 69.90077600014155, 86.61736026811266, 93.7966658431253, 108.98946473789947, 118.92435739032274, 126.51622782968366, 126.53664021374989, 118.18310525056205, 117.61340691500615, 113.76390918478829, 114.63142713395663], [19.0928332203123, 13.664786327465055, 5.4146911294985225, 6.964906697380089, 0.0, 10.024823538989255, 17.829132202708966, 58.28032588782457, 65.84824533552235, 74.24067572424775, 82.18702978985492, 89.71949640141513, 82.01272453166662, 72.74806971738285, 65.47431214912568, 35.7266038350801, 32.59170461272172, 28.933048610299508, 26.670683470012424, 24.622017622626316, 21.624980855338624, 21.302118329193906, 24.017238781436077, 26.69255708598146, 30.472452991386124, 64.85810888408241, 73.64323153089344, 80.23885606814076, 88.47754847996057, 94.11876548291178, 92.04677589939769, 85.92106857649682, 79.61705392336773, 72.40914818349917, 66.72669021869152, 36.97019404451838, 36.18972777529015, 41.26773171676352, 39.309963238903926, 50.51034236074353, 59.266194010033836, 65.24935246685456, 66.64297992868195, 65.10016471975345, 56.448265308863505, 51.17831641823707, 53.07263043764744, 62.214927824146365, 61.68979300128964, 64.42403181017424, 68.70602869925372, 72.25323827346679, 78.89191111227684, 87.01440572107263, 87.40859659834612, 84.05731330958244, 80.03392445329764, 75.65174149952027, 69.76897829935963, 63.26004569934417, 65.95497445042709, 71.97068358936161, 77.78292959742474, 84.84398185104764, 78.47442994045714, 72.62590327888812, 66.76151826105041, 45.70753957526477, 44.61375066864481, 48.932163553628875, 58.01344979422867, 72.2402668763858, 87.44106456505686, 93.4179919683268, 105.90889206763825, 115.38416776331798, 122.9920745954204, 123.01083918998931, 114.48647859078596, 113.62960801082203, 109.85954807809041, 110.56041788429782], [11.053323500191333, 9.596352042240687, 11.441375555233689, 16.739603619600107, 10.024823538989255, 0.0, 8.629811041335431, 48.77970332952886, 56.40538452743452, 64.76176282209191, 72.74361945852655, 80.59701763151774, 72.52943249179333, 63.157990275370466, 55.93253420962524, 29.83756116110412, 28.70956955368553, 27.646209100638938, 29.0984928179371, 30.399624900041083, 27.805945443938768, 23.652063470260053, 21.756456927637508, 21.973633263861444, 23.939644012383187, 55.8144528285992, 64.57142173386728, 71.25975808745116, 79.6009653052309, 85.36917493305143, 83.0215972815041, 76.66164618492633, 70.32487919179813, 63.057139336318144, 57.41409612159866, 28.231631459630012, 26.30617144890949, 32.22530204036668, 31.7642766857777, 43.32003010880488, 51.54056019467248, 56.91377979216128, 57.78136231024469, 55.7560517162254, 46.62354973528191, 41.18119398879431, 43.60253185280352, 59.00137179691457, 56.88004764978343, 58.19655425684015, 61.76218950224053, 64.70076604568752, 71.16033633468126, 79.32827004809141, 80.3450138570699, 77.61431821103868, 74.18765610207026, 70.68321240878159, 65.55463617006117, 59.50723055737659, 60.57994795697451, 65.43090057278407, 70.51673283391196, 77.2436637911011, 71.28188757639147, 66.17216916153359, 61.467033709740555, 52.839398365531686, 52.56477679725309, 55.83962369539996, 62.78080308542796, 75.61321277448538, 88.67607510408625, 93.00213376943839, 101.71545953181133, 109.4950449612731, 116.49013196570692, 116.17703361767134, 107.1818895226217, 105.78701676818844, 102.08239630693203, 102.76965244088643], [5.420096874714788, 11.48485142345925, 18.15041426864753, 23.878627645196737, 17.829132202708966, 8.629811041335431, 0.0, 40.47611905781569, 48.04114862237827, 56.43114647663077, 64.38725662181398, 72.21159419110813, 64.30208103820368, 54.997583048726334, 47.711633956596565, 26.463614316032004, 27.2211480857822, 28.03683801230838, 31.373936445399163, 34.34122565395022, 32.29765996600998, 26.985889753606884, 22.437997948236223, 20.44473045115198, 20.33322382753628, 48.25187071871372, 56.729396766103534, 63.134949347182605, 71.17589532841909, 76.79208302476633, 74.49276956957414, 68.29992329876023, 62.15365315018117, 54.98855926286455, 49.48093949289881, 22.211293424707083, 20.681181006841896, 29.35854775371415, 30.659247310342078, 42.35837900286882, 50.02195944256269, 54.362023039248506, 53.733187402518695, 50.13946363885013, 41.12997108732017, 34.04617038706313, 35.987004664908824, 60.551459520184885, 57.46265767079861, 57.6323787481252, 60.283650891288076, 62.30338813073981, 67.98291765809549, 75.57096553076774, 77.6890620273331, 75.84223749109296, 73.13660645972702, 70.66923756345896, 66.30484293689588, 60.657716850651056, 60.52656037118425, 64.1487962582014, 68.05529480125877, 73.76511559353537, 68.8710241749345, 64.92276344174579, 61.439634233707864, 55.99044863874956, 56.57045379508835, 60.29496586280693, 66.55693665745511, 79.25710673559061, 91.2268701939067, 94.70522015390026, 101.2393170574206, 106.28889495114831, 111.70474363203114, 110.44498492360289, 100.43186908955995, 98.02535935363353, 93.75188129101716, 94.19940079283779], [40.60419701265241, 49.04244727779369, 58.20510833821525, 64.01517905454607, 58.28032588782457, 48.77970332952886, 40.47611905781569, 0.0, 8.469786251360127, 16.582253551190053, 24.000115824995717, 32.778767952956024, 24.09222910262516, 14.831642761161591, 7.538626146673278, 43.30450303870255, 49.978406279709866, 56.08290217355045, 63.68034886356062, 69.96684925297114, 68.99070435238522, 61.61014637629719, 52.85772923672082, 46.96396101095155, 41.22295785500981, 22.99342347071523, 25.947405276098458, 29.39849487817363, 34.69775860863551, 39.26363167506073, 35.845544167882764, 29.98136739446325, 25.910785104496874, 20.385550792919236, 18.316375234155505, 30.884220679624963, 28.861682710122185, 36.74886604243693, 43.62360749227457, 49.13606483308423, 50.85394862461703, 48.77940515092501, 41.12191296586526, 30.216308162257945, 26.337482943936177, 15.558323654052131, 16.427432923138145, 73.58452424856013, 66.43978418081008, 61.0819792795663, 58.83260579429891, 55.966985562913315, 56.89076950575997, 60.74900006562595, 67.82719245801854, 70.58060547258184, 71.84974952517216, 74.53241327292767, 74.45649250829285, 71.87664908929666, 66.01980610721544, 62.967312832968595, 60.522270385189046, 60.54484683713825, 61.467500258910846, 63.79811106282152, 66.89313822821678, 88.64058087298285, 90.3913280792333, 92.71570639064929, 94.47233114738071, 103.551940812549, 108.7904345321192, 107.2376194211458, 100.54768494589501, 93.37701937292306, 91.79948870853367, 86.66658421532397, 72.57565214908898, 64.99662656276485, 59.419300032835004, 59.73139780702751], [47.64427256157246, 55.87674006935246, 65.4116817879956, 71.5485014491975, 65.84824533552235, 56.40538452743452, 48.04114862237827, 8.469786251360127, 0.0, 8.436317016988044, 16.638355217869915, 27.006684548223575, 18.388833311918027, 10.29515429342912, 6.431543098874562, 47.54680237115849, 54.528799178413244, 61.062689560105234, 69.08410072575334, 75.95098948007737, 75.20862009931602, 67.50821138793467, 58.438986131958906, 52.372421642608046, 46.39921671532012, 19.93935411577037, 19.87836030826831, 21.811983363453127, 26.4474755802727, 31.34253631846334, 27.69949304512779, 21.512180018514464, 17.877284658681642, 13.5133547311709, 13.746670196153175, 36.026276976437366, 35.692173875588736, 43.57636449653978, 51.36430226833243, 56.0904873802776, 56.61037968479834, 53.63171842481402, 45.79080430451789, 34.681684218935224, 31.09611910616847, 21.17395270505309, 18.935936411373007, 81.10916990775779, 73.55069074477315, 67.50981144459914, 64.65836806838543, 61.17547879219666, 61.42705975797827, 64.55622040989084, 72.30051215809803, 75.76370015372773, 77.63411030758442, 80.9517162648483, 81.41228698412813, 79.23633147995446, 72.74944140205038, 68.82667962485299, 65.53841190936366, 64.66092858379338, 66.48773853769144, 69.66889014581663, 73.61429118664013, 94.24693931651566, 97.3007390824722, 100.48519519054805, 102.48777332224597, 111.62774838932307, 116.47100940072733, 114.49884327415762, 106.10573955112582, 96.8903786159072, 93.6074949781041, 87.34280391252074, 71.99921706236584, 62.10061730413918, 54.755803197313206, 53.04526174825392], [55.95267596481509, 64.09569582271244, 73.74569732963734, 79.9655315416849, 74.24067572424775, 64.76176282209191, 56.43114647663077, 16.582253551190053, 8.436317016988044, 0.0, 8.97813344138619, 21.1266429904854, 12.63195011789597, 8.634278067285416, 11.386580429468761, 54.51756700071992, 61.66630830325539, 68.46788385647572, 76.75327178832303, 83.90382167399346, 83.25329487483444, 75.36651774708622, 66.1144297997129, 59.96442319851244, 53.87826840905925, 22.470137495351043, 18.706994245678832, 17.86623974357016, 20.2282898800804, 24.747202313302633, 20.358794993272294, 14.033799693353863, 12.599520044473042, 11.918270144160056, 15.722433007353727, 43.41618794104016, 43.2624819949592, 50.21974203117919, 58.25665282121413, 61.90486251012483, 61.31865302026185, 57.3912829032488, 49.10763003920868, 37.97233436227469, 35.83752681270851, 27.897280025431957, 25.428041140701815, 87.00687355053743, 79.03018652945218, 72.31170771413352, 68.7806366431555, 64.61484337217043, 63.99400459370033, 66.22006052962783, 74.59965738751592, 78.82631683437907, 81.36947776704541, 85.43564198778941, 86.56554860354045, 84.92445761797335, 77.74243569893977, 72.84970480180218, 68.5864535528157, 66.66140072729625, 69.51892246204275, 73.67764291704724, 78.57718047698252, 101.9519306972812, 105.36375768299956, 108.52518192456034, 110.11979972044793, 118.76139986259706, 122.67359490348295, 119.96172065151806, 109.31933132312744, 98.00071167487923, 93.22221511985919, 86.12095731672522, 70.0368554433444, 58.449116032794386, 50.39826494861055, 47.76043677648307], [64.19171532321006, 72.48486013698248, 81.91156091988644, 87.80291468907457, 82.18702978985492, 72.74361945852655, 64.38725662181398, 24.000115824995717, 16.638355217869915, 8.97813344138619, 0.0, 13.065107844029185, 6.5246700012979195, 11.246237981147429, 17.355610227377948, 63.46196503329096, 70.57149889357768, 77.27548364427997, 85.35114713026657, 92.25080343718386, 91.60710602334956, 84.01378896693811, 74.9041352204258, 68.79724316237885, 62.75474678014763, 30.684895518360985, 25.205879630232033, 21.689885886908005, 19.067977453100106, 20.260890837357028, 15.286030154161544, 12.497220459422406, 16.364757728225158, 19.15989629426005, 24.079582882067893, 52.29605015390124, 51.47077796487746, 57.36449397411589, 64.53200824052853, 67.29185464444281, 66.34096570330856, 61.70767436696245, 52.310679329202266, 40.84530421037971, 41.88579294639492, 35.764406210825676, 34.359002779046556, 91.07770819543171, 83.11503330564074, 76.17862741536885, 72.05502728936459, 67.21322802562062, 65.24508682259088, 65.94985118826254, 75.13709668073955, 80.18514866719714, 83.38709550542575, 88.23923185547505, 90.01190350084738, 88.85339900825106, 81.35583738672716, 75.70768196194798, 70.3241748391473, 66.86499408713283, 71.18756253610235, 76.44934968231186, 82.11132485374566, 109.46872785072131, 112.01832319243579, 114.4083485514788, 115.06464142018508, 122.95235279822352, 125.65463903781468, 122.19617115319296, 109.78877164888219, 95.6739743126668, 88.93860043191059, 80.8509600704675, 64.09333751608372, 51.27872085875143, 43.580314749946055, 42.50079006428418], [72.53125679316815, 81.08341311254206, 89.8577964822597, 94.92698171671316, 89.71949640141513, 80.59701763151774, 72.21159419110813, 32.778767952956024, 27.006684548223575, 21.1266429904854, 13.065107844029185, 0.0, 11.1554134479449, 19.94597790616058, 25.922618878690997, 74.24364302358433, 81.04449243087632, 87.1975001448715, 94.43590266983236, 100.46732269708781, 99.81930309026092, 93.18391907123303, 84.67662533765761, 78.80560973503114, 73.0279939452633, 43.170425924086715, 37.57072709786355, 32.74498478215133, 25.98944552753854, 21.394956234024527, 18.293185462600903, 22.022546810437547, 28.361842848331488, 31.82378951455079, 36.56597803010853, 62.91570415868036, 61.21055370699447, 66.37495565100532, 71.51215153185028, 73.9052661161844, 73.67424464553831, 68.85289360954764, 57.79542957088279, 45.72995825763436, 51.08852617103991, 45.98126132227313, 45.81831386406023, 94.42566200740062, 87.24133915355462, 80.89102573581867, 76.46017103437144, 71.11751734713711, 67.31703027246628, 65.65263200240778, 75.81981385559202, 81.64686831270673, 85.35941399818405, 90.88816958982483, 93.10753016392863, 92.22714477917107, 85.1588383142836, 79.28481870074542, 72.7873252446614, 67.22474308220522, 73.50574015039632, 79.84180876684039, 85.7706528795641, 115.70336455245896, 116.22251130030631, 117.32350679292816, 116.68129645398264, 123.79575739012078, 125.24273042416284, 121.31576343784229, 108.55291598339002, 90.46212471206148, 80.54294436306031, 70.71812728488015, 52.658923878311604, 38.36096081067963, 31.919482570350677, 36.799096146289436], [64.65547292581323, 73.12860423941406, 82.16756431532724, 87.62849610389361, 82.01272453166662, 72.52943249179333, 64.30208103820368, 24.09222910262516, 18.388833311918027, 12.63195011789597, 6.5246700012979195, 11.1554134479449, 0.0, 9.681158225424372, 16.6945576548297, 65.82368400655318, 72.85730069575571, 79.37146601243697, 87.19616066037331, 93.62522652638282, 92.79350571139707, 85.47709184451234, 76.55101402622817, 70.51611142490142, 64.55715520103162, 34.92287909952141, 30.56394805388815, 27.929548564943868, 25.427635162366848, 25.306236606861855, 20.586364367343666, 18.94085195881397, 22.35774578213488, 24.021381448586112, 28.171270325002705, 53.88453651285575, 51.47737580039011, 56.08739810468324, 62.1249571803452, 64.28054743202877, 63.49471788651263, 58.680781395183296, 48.37545418113929, 36.610175449387555, 40.28124646599519, 35.714713833977235, 36.48841184021015, 86.81878634612728, 78.96883493932887, 72.10005426584756, 67.75891141268073, 62.65855706897752, 60.011492918968344, 60.06886917255539, 69.52825269828124, 74.82493215013062, 78.23286852417371, 83.39243804586994, 85.44264400191123, 84.52869386797572, 76.97956654366696, 71.09380149617121, 65.24683295959706, 61.14516373794532, 66.06492168956075, 71.76970544092158, 77.67982158356995, 110.83144883498092, 111.76424190152767, 112.73154530604951, 112.27378920866953, 119.23687788121609, 120.9921807211938, 117.01912291639152, 103.8612303587493, 89.18417834993888, 82.57592944954322, 74.8877489708482, 58.805582663203545, 47.623804845892835, 42.79993543203492, 45.54397240318626], [55.35310130089004, 63.779013488210325, 72.88349542770514, 78.51371367953242, 72.74806971738285, 63.157990275370466, 54.997583048726334, 14.831642761161591, 10.29515429342912, 8.634278067285416, 11.246237981147429, 19.94597790616058, 9.681158225424372, 0.0, 7.361236472465002, 56.834391954965746, 63.846372418370656, 70.35409285057068, 78.27601634036574, 84.74572016032268, 83.80772378636986, 76.29540544643946, 67.30804520195066, 61.270180301882114, 55.318789754863204, 28.35580109177445, 26.404683280425633, 26.448289922365944, 27.930175761672626, 30.537199112288953, 26.005914353678605, 21.35508221500767, 20.92790209716, 19.387415606657914, 21.734117994211267, 44.52015349743625, 41.80144478290303, 46.87734194751491, 53.40149368874148, 56.3249180348008, 56.045651198628796, 51.93976897677409, 42.414062778260735, 30.62347403352574, 31.868328097182502, 26.14612929158603, 27.5628673485602, 80.0935006654333, 72.20680408987576, 65.56436209844878, 61.80782696635542, 57.37904520050548, 56.1184336827918, 57.870205511551234, 66.45619337920337, 70.85573806703972, 73.55514271369054, 77.91348114732948, 79.31807339624547, 77.92641744593064, 70.668651832247, 65.54951259348316, 60.84919067347103, 58.40616840218706, 61.74228871227535, 66.30984042869989, 71.44734682984246, 102.90119231789059, 104.05705353091986, 105.24953045428839, 105.3749580125992, 112.82696145720541, 115.60861949707883, 112.29092293580986, 100.89275930570275, 89.43938642985887, 85.3250635350727, 79.02096172082544, 64.0649765523376, 54.85107642953365, 50.16519875392353, 51.899358385193224], [48.04262690470855, 56.50204790131152, 65.56830996622298, 71.20831439980115, 65.47431214912568, 55.93253420962524, 47.711633956596565, 7.538626146673278, 6.431543098874562, 11.386580429468761, 17.355610227377948, 25.922618878690997, 16.6945576548297, 7.361236472465002, 0.0, 50.346225498036794, 57.186401089185935, 63.46788507419914, 71.17820620844816, 77.48400262642282, 76.51387161753462, 69.13237251001584, 60.299753354056435, 54.346420998099155, 48.51032575700349, 25.419045015752577, 25.803087515838254, 27.575683957373116, 31.03383528717767, 34.6187321410967, 30.678181739900197, 25.376341373137812, 22.951865770847714, 19.148694757157365, 19.388390668078745, 37.91043821918172, 35.29106913550954, 41.48598810438209, 48.01797443134464, 52.138229530626624, 52.89072362701802, 49.73640231931012, 40.86601922241269, 29.158605430082524, 28.33631246894085, 20.422792375674582, 21.949126982636848, 76.15364187330627, 68.6370441105774, 62.626111717637514, 59.57301198438905, 55.86334584741797, 55.60526522102484, 58.36342393424431, 66.27537233316926, 69.88835477622635, 71.89683107992856, 75.47076886617471, 76.16920581437557, 74.20126866348039, 67.61961693530783, 63.487592664200314, 59.83322886173248, 58.542358483367835, 60.75273361015859, 64.27728558748723, 68.44094099037245, 95.7949441810753, 97.0255160467839, 98.60190565502545, 99.38452419800693, 107.55567674242128, 111.45618132000334, 108.9693092848325, 99.89659772271563, 90.48808900271477, 87.64487074125037, 81.9446655640835, 67.43481304866123, 59.20643344150635, 54.211222499184174, 55.51339192146365], [21.62428756085215, 22.280909292415963, 32.049498654778766, 40.87257845165907, 35.7266038350801, 29.83756116110412, 26.463614316032004, 43.30450303870255, 47.54680237115849, 54.51756700071992, 63.46196503329096, 74.24364302358433, 65.82368400655318, 56.834391954965746, 50.346225498036794, 0.0, 7.591901145068076, 15.709090814417934, 26.4105202087411, 36.23145618180877, 35.79475143982433, 25.01614744104174, 14.819576757715884, 9.384552309452964, 6.162795266340184, 36.87985725242258, 46.03548253915783, 53.54457052786505, 63.996744122611126, 72.06230442852328, 70.1050000882302, 62.51431784435231, 54.66055504438971, 47.65789317451626, 41.501751801725156, 13.921104713897744, 25.890337053764902, 38.427095223600986, 47.86140025703395, 57.27833643916483, 60.38820528519156, 63.07315413572417, 64.44795794625367, 60.6555652877067, 45.624655871453484, 35.726374217272955, 29.973748704951156, 82.26058116529265, 76.76413262416976, 74.00315896551785, 75.40734451252219, 76.49482780364295, 82.70587029310035, 91.02674447802642, 93.90411302537925, 93.00400573958987, 91.28873174044509, 89.77777737926145, 86.4491485440785, 81.7751802169326, 79.05216315789495, 80.47824522029013, 83.54857091420371, 89.30968892352645, 84.55199261642713, 81.52257014204854, 80.13164910125234, 60.65054951156571, 72.17079088376589, 82.25554374007775, 91.53099558040279, 105.17150544142739, 117.35988682038855, 120.2002431593549, 122.47541991119931, 125.97407528631307, 129.6324631180902, 126.63892065666424, 113.85561281415141, 106.70436589276858, 97.79395030144227, 91.21305172059084], [22.146579591247967, 19.92093997411001, 28.20060844683618, 36.933142855452715, 32.59170461272172, 28.70956955368553, 27.2211480857822, 49.978406279709866, 54.528799178413244, 61.66630830325539, 70.57149889357768, 81.04449243087632, 72.85730069575571, 63.846372418370656, 57.186401089185935, 7.591901145068076, 0.0, 8.358168182084874, 19.38840058913427, 29.615935592276685, 29.34889507388229, 18.373805191323576, 9.09848126882333, 6.888704942086066, 9.661660353094852, 44.25121328562093, 53.277155342243276, 60.59451952206652, 70.83812409370529, 78.73069256034456, 77.00552916341988, 69.65862623819888, 61.91439726572404, 54.99094652942353, 48.87348775225833, 20.549851816862716, 31.143188931904415, 42.80782520454154, 50.94483980318055, 60.821450488823544, 64.66398237894653, 68.06445259131898, 69.97347884417982, 66.64878101333412, 51.9463900206215, 42.546732543616386, 37.34567774241679, 84.07402844768082, 79.37894403234382, 77.50182937798661, 79.50974611852354, 81.14083837032658, 87.6976387918955, 96.21137404151413, 98.61374971111147, 97.20844658832571, 95.0181505421786, 92.8540602067815, 88.95741051651999, 83.89420082982275, 82.11713459088281, 84.42283784032118, 88.16423039626872, 94.37403654493494, 89.13480141684455, 85.43367191724838, 83.17527052913378, 54.568929025022705, 67.46144862176585, 78.85384342961483, 89.43255219458025, 103.88605791110261, 117.33190738968419, 121.1268643520594, 125.65733871195151, 130.44804960683405, 134.6457757921729, 131.8990896769711, 119.3764107734674, 112.62055621469949, 103.63729734362204, 97.05197284297587], [23.14581809389301, 18.230363926453418, 23.87768672710705, 32.00639291868508, 28.933048610299508, 27.646209100638938, 28.03683801230838, 56.08290217355045, 61.062689560105234, 68.46788385647572, 77.27548364427997, 87.1975001448715, 79.37146601243697, 70.35409285057068, 63.46788507419914, 15.709090814417934, 8.358168182084874, 0.0, 11.127054086758367, 21.561820684061196, 21.51772806500891, 10.919730972580098, 6.304584158967584, 10.27891980785846, 15.889060963589161, 51.91874069771556, 60.80004747362483, 67.81254057399829, 77.6176875807621, 85.11425811236134, 83.64493543709175, 76.69987002407544, 69.20913237922922, 62.34337609001763, 56.28852856477668, 27.466499172935887, 36.71011618728262, 47.66424282586784, 54.024014569023294, 64.44825373392354, 69.31982543895126, 73.3906316974123, 75.38463056546559, 72.24226868480324, 58.37528723463035, 49.21490717416797, 44.63390287672729, 85.28053893993919, 81.64252858347541, 80.86034194850421, 83.4680717208554, 85.58870842660532, 92.27616154624803, 100.75984869879686, 102.79191764444089, 100.92223907694569, 98.25586260764562, 95.46183839970112, 90.96803761973369, 85.4576408045513, 84.83870203168534, 88.09972484359713, 92.40576125498121, 98.85416739874415, 93.32728932046167, 89.04750603420372, 85.85277600334824, 46.860275955782996, 60.749361787097406, 73.49431286590794, 85.45155278948221, 100.86594759811408, 115.69124122711422, 120.6038620531188, 127.90155610807126, 133.72231485529716, 138.2907156085595, 135.73895110776968, 123.52386077237341, 117.3425428427787, 108.46456163206497, 102.33560911971061], [27.25102385414744, 20.5286377072305, 21.270309139845477, 27.2725930320647, 26.670683470012424, 29.0984928179371, 31.373936445399163, 63.68034886356062, 69.08410072575334, 76.75327178832303, 85.35114713026657, 94.43590266983236, 87.19616066037331, 78.27601634036574, 71.17820620844816, 26.4105202087411, 19.38840058913427, 11.127054086758367, 0.0, 10.855368055035765, 11.635388788460917, 6.716391344458794, 13.863634189923834, 19.525577470082084, 25.509515976935454, 61.55283678451098, 70.17984572564139, 76.7242507610936, 85.83561268441943, 92.70849053762349, 91.58821202713254, 85.2538139850697, 78.17781110877502, 71.43576993651381, 65.51871275768939, 36.88452181169117, 44.77026008430598, 55.01744668764704, 59.12261003268435, 70.09379739892033, 76.2352899871813, 80.93984296158789, 82.65950831001454, 79.47200860563723, 66.93544196156633, 57.86592459338086, 53.88284909382307, 87.51238604076532, 85.31664296311611, 85.9201952800027, 89.15484060617142, 91.73987707662751, 98.34705391025841, 106.55649406253373, 108.28718908614586, 105.96234466682111, 102.78791924992507, 99.33458827211737, 94.17299387418375, 88.13965816442837, 89.00513675041742, 93.35505778511447, 98.15352529958153, 104.63593615594603, 99.00428433251638, 94.20437183005782, 89.9447465950364, 36.14886463776927, 51.33888180954573, 66.1556762496569, 80.0165615054603, 96.79246356994406, 113.40406972285538, 119.81568167928721, 130.80389360850188, 137.46765442268506, 142.20595773010285, 139.76542651520376, 127.89599209711157, 122.42508493459154, 113.70889894442264, 108.32823041042157], [31.467294068272757, 24.174081220348892, 19.985220729369516, 22.400897470667797, 24.622017622626316, 30.399624900041083, 34.34122565395022, 69.96684925297114, 75.95098948007737, 83.90382167399346, 92.25080343718386, 100.46732269708781, 93.62522652638282, 84.74572016032268, 77.48400262642282, 36.23145618180877, 29.615935592276685, 21.561820684061196, 10.855368055035765, 0.0, 3.260531005712566, 12.659894813355043, 22.538082472901237, 28.283852675179844, 34.234641956136564, 70.42954375044879, 78.9434841976817, 85.1847046745645, 93.67288553971896, 99.89391159418106, 98.90035167759082, 93.05147457251637, 86.3799993712756, 79.64640918103373, 73.84274201292672, 45.02470056848295, 51.064372224564714, 60.16526990033412, 61.89320030648894, 73.13305036150874, 80.49095068548519, 85.80403073918009, 87.2722734182867, 84.27465504602831, 73.24918011851011, 64.73384993838876, 61.90294367275452, 86.80603089890292, 86.07966621588348, 88.08062810479369, 91.92186199445871, 94.98005796642293, 101.48355109625012, 109.40946708813154, 110.708170510128, 107.8884178224107, 104.20471914627322, 100.10580207263382, 94.33627568794185, 87.86801092434743, 90.20791149850763, 95.62074952680369, 100.91270406392337, 107.45578435245451, 101.67971311656085, 96.35817504413974, 91.05866516507899, 27.349177084322392, 41.30907878829085, 57.15162627847592, 72.39967806872427, 90.10579033507291, 108.16093893741797, 115.89184466778617, 130.34688874227237, 138.09019100173646, 143.3440252768893, 141.34568547334004, 130.2770156228278, 126.06813165853454, 118.21953729664746, 114.35837681443311], [29.744273175774275, 22.12754984187427, 17.07858202076859, 19.41809653556625, 21.624980855338624, 27.805945443938768, 32.29765996600998, 68.99070435238522, 75.20862009931602, 83.25329487483444, 91.60710602334956, 99.81930309026092, 92.79350571139707, 83.80772378636986, 76.51387161753462, 35.79475143982433, 29.34889507388229, 21.51772806500891, 11.635388788460917, 3.260531005712566, 0.0, 11.587804471047523, 21.61212225881422, 27.39072735006884, 33.36893747086714, 70.08308078291364, 78.72557804310682, 85.09843099676588, 93.65932362045808, 99.87797591963854, 98.71940183302692, 92.76188903436173, 86.06540679675052, 79.21694518459196, 73.37218265096142, 43.963643636364175, 49.2750202049896, 57.85101613456609, 59.20080240089459, 70.38751756129788, 77.87219871300492, 83.33643417748623, 84.96999110703781, 82.2781246358255, 71.39021363756927, 63.33011883886679, 61.08102135830665, 83.73728880202316, 83.0779205926858, 85.20851464510554, 89.16220342692084, 92.34918497493732, 98.96135796142967, 106.99419128460163, 108.08533032839536, 105.12849894155983, 101.35110835234487, 97.1350555487869, 91.30311892093933, 84.82232674856736, 87.26148252961057, 92.81555434135653, 98.26979376922502, 104.98468502485846, 99.0269939832967, 93.54556265452773, 88.10730808945526, 29.310379588082405, 41.040794772133225, 55.60175127564209, 70.32744137904737, 87.65680647629722, 105.49757297886988, 113.09629541161318, 127.4560485234496, 135.6947457131931, 141.40406539362664, 139.74603778312255, 129.0625877643158, 125.3306741947985, 118.02314475126005, 114.72247977903791], [23.356146727099013, 15.590717657957219, 15.945766509591474, 22.815028284586656, 21.302118329193906, 23.652063470260053, 26.985889753606884, 61.61014637629719, 67.50821138793467, 75.36651774708622, 84.01378896693811, 93.18391907123303, 85.47709184451234, 76.29540544643946, 69.13237251001584, 25.01614744104174, 18.373805191323576, 10.919730972580098, 6.716391344458794, 12.659894813355043, 11.587804471047523, 0.0, 10.504425772470292, 16.73109151389879, 23.023144921221647, 60.66410853083838, 69.6169965183158, 76.50551873279043, 85.84491108172507, 92.7708407726306, 91.26697174001312, 84.6349547813388, 77.45492748086896, 70.4394901159176, 64.40604736439892, 34.14281558868631, 40.49645472447339, 49.67289136740793, 53.319113940612816, 64.15178397218126, 70.4119611691758, 75.42847400954761, 77.64114413077358, 75.17741064523072, 62.67138472465985, 54.625581459217884, 51.921385656960794, 81.40544276987058, 79.1586032783363, 79.86721046953298, 83.30090655571145, 86.14620336988854, 93.05967842702943, 101.58411739369701, 102.87165409910979, 100.27414295537909, 96.93381833268654, 93.27219170493032, 88.03418231399515, 82.02972334761078, 82.92631250154396, 87.47818468412682, 92.62182804764745, 99.53036612346982, 93.46244925177163, 88.32840774840514, 83.86886608673962, 39.79598183046297, 51.65283946642818, 64.10653788901698, 76.79599804415219, 92.64624321003522, 108.65148690894792, 114.6601559006935, 125.10282826247686, 132.8156076129277, 138.5348700612745, 136.81076087552896, 125.72090722334578, 121.19016805453371, 113.58521645259844, 109.30748411290168], [17.852660839949205, 12.608826827741789, 19.377863014987206, 28.03523588806217, 24.017238781436077, 21.756456927637508, 22.437997948236223, 52.85772923672082, 58.438986131958906, 66.1144297997129, 74.9041352204258, 84.67662533765761, 76.55101402622817, 67.30804520195066, 60.299753354056435, 14.819576757715884, 9.09848126882333, 6.304584158967584, 13.863634189923834, 22.538082472901237, 21.61212225881422, 10.504425772470292, 0.0, 6.377780553998232, 12.739690052413833, 50.67182121214414, 59.792621080179224, 66.98315489616525, 76.75496129186399, 84.08252795952036, 82.30041024657629, 75.24878180693672, 67.81455713331503, 60.70335001430211, 54.585104159803755, 24.07239858533023, 31.681661600306267, 42.03665584257949, 47.857438725211665, 58.367420389718056, 63.57669331528593, 67.8805423337667, 69.93373597825669, 67.16722708955369, 53.65216310926572, 45.21431329791349, 42.02810487597636, 78.99167460499478, 75.35342953480551, 74.70075647407106, 77.42984481631102, 79.6953226364942, 86.48312004994784, 95.07784046181239, 96.86763398511083, 94.84230935209678, 92.07512865790235, 89.19354586454507, 84.6667428315798, 79.1562190223506, 78.58416822790839, 81.99322436074583, 86.46757095780518, 93.10244287883279, 87.3754548480606, 82.92814412100064, 79.59348199793997, 48.749036390163994, 59.689912174152866, 70.43016667125292, 81.26163679210815, 95.94136763338678, 110.16998720336238, 114.73177972278057, 121.67579035260398, 128.00772009221694, 133.21017852446454, 131.19053267647408, 119.63847480406407, 114.38631918226281, 106.6167509525736, 101.84870752934728], [15.515249483409475, 13.53824371552895, 22.772019896881634, 31.619444760364676, 26.69255708598146, 21.973633263861444, 20.44473045115198, 46.96396101095155, 52.372421642608046, 59.96442319851244, 68.79724316237885, 78.80560973503114, 70.51611142490142, 61.270180301882114, 54.346420998099155, 9.384552309452964, 6.888704942086066, 10.27891980785846, 19.525577470082084, 28.283852675179844, 27.39072735006884, 16.73109151389879, 6.377780553998232, 0.0, 6.361916921655768, 44.4260700361563, 53.60776258811995, 60.899204567296515, 70.79498479333543, 78.24403813452965, 76.31215143548808, 69.10144484968745, 61.60188553674056, 54.44222067939553, 48.302016973022624, 17.782314349051333, 26.4436355426342, 37.865712380135946, 44.912386237811376, 55.21661902957182, 59.87172984273353, 63.61623782395415, 65.2184260762332, 62.00915103655837, 48.1554259665349, 39.218867631868015, 35.69328697481903, 77.58596629272813, 73.2054065472974, 71.7690470462327, 73.99324218184753, 75.8029310480824, 82.32543459280191, 90.78286761743077, 93.00834834954827, 91.41846340884149, 89.05371811813708, 86.73393786737707, 82.68222111265622, 77.47780248137676, 76.06238383107903, 78.72516466706897, 82.63939653575201, 88.90707099741947, 83.58084437122508, 79.69507386586497, 77.0980068705852, 53.69111429463839, 63.79006005296428, 73.55065668241883, 83.28922266303479, 97.33972445775223, 110.50956354062593, 114.25164287342508, 119.25133420709567, 124.41436291280831, 129.09709538772597, 126.80696837900709, 114.94417705473273, 109.27873053182138, 101.46250369956732, 96.60346164683101], [15.610246151052586, 16.98154967523274, 27.240801386585915, 35.96847945515881, 30.472452991386124, 23.939644012383187, 20.33322382753628, 41.22295785500981, 46.39921671532012, 53.87826840905925, 62.75474678014763, 73.0279939452633, 64.55715520103162, 55.318789754863204, 48.51032575700349, 6.162795266340184, 9.661660353094852, 15.889060963589161, 25.509515976935454, 34.234641956136564, 33.36893747086714, 23.023144921221647, 12.739690052413833, 6.361916921655768, 0.0, 38.238451603867865, 47.48769758044634, 54.89428104634783, 64.92487708509775, 72.50533757824248, 70.40224626973284, 63.01152354701577, 55.43943596669556, 48.2247249948701, 42.060836151643706, 11.603248264206924, 21.831069854764355, 34.38847469461053, 42.7268967293948, 52.65959331899808, 56.6548962267627, 59.741680369329764, 60.81779927349206, 57.107748863667624, 42.91681307649292, 33.378212267126, 29.39076964748817, 76.68645148684637, 71.56595281104592, 69.30782637477775, 70.97202908885845, 72.27304835793623, 78.47445100085059, 86.7517783892176, 89.44478756189928, 88.32918960403975, 86.40329225635455, 84.6879632552655, 81.15389387088051, 76.29802096691877, 74.00979821276547, 75.86012008986128, 79.14819219336732, 84.9909440811415, 80.1222446433364, 76.86257824752963, 75.06677355785007, 58.889195233734185, 68.22041533045177, 77.05584486407798, 85.72949857422205, 99.11761155086535, 111.2060585875396, 114.12094276133968, 117.12642549975934, 121.05348738333355, 125.17660321851565, 122.60099824286986, 110.42138757519517, 104.31478930458596, 96.45821550790468, 91.50725729643911], [45.96239736015367, 52.46963674282823, 63.03261852575358, 70.76888089738782, 64.85810888408241, 55.8144528285992, 48.25187071871372, 22.99342347071523, 19.93935411577037, 22.470137495351043, 30.684895518360985, 43.170425924086715, 34.92287909952141, 28.35580109177445, 25.419045015752577, 36.87985725242258, 44.25121328562093, 51.91874069771556, 61.55283678451098, 70.42954375044879, 70.08308078291364, 60.66410853083838, 50.67182121214414, 44.4260700361563, 38.238451603867865, 0.0, 9.525641524143138, 17.84817960014581, 29.326989261148746, 38.50210221507566, 35.60932709567528, 26.855594772179856, 18.388161974911874, 11.917594247372662, 6.770351270570456, 28.93885415779813, 34.386564529076324, 44.65886398656074, 56.23575209698118, 61.61662165732332, 60.728665577820806, 58.49452735216733, 54.92082501682883, 46.96899402183463, 35.395038067461215, 24.144125962302965, 13.464846088073676, 90.18616653692162, 81.991354826298