{
	"dissimilarities": [[0.0, 8.338739556695907, 18.152797952257632, 26.0596903182954, 20.726502794698824, 13.374294386672295, 8.778026872211885, 40.822650763889754, 47.55586485006649, 55.825399293772904, 64.09760975107541, 72.82507741511101, 65.06791157870107, 56.776664366218526, 48.495576558537884, 17.91753854710677, 18.503947775450328, 20.126546038881113, 24.989958735717472, 30.884233807263556, 28.750482557278826, 21.981281409807117, 15.758829594936328, 11.677702548898951, 13.138627476611477, 44.69728247005651, 53.830309343814406, 60.283239129615396, 68.97279751938132, 75.59789717910225, 73.15812811330123, 66.8069905218464, 60.205326151567036, 53.071975615536125, 47.31974075918213, 16.75986724131731, 22.76674493133676, 34.72089351596828, 38.49877693975021, 49.02206556903718, 54.749027799163855, 58.94374583619352, 59.18229062193813, 55.53717783002317, 45.18803380444954, 35.44739880131349, 33.388413289878, 67.70728623224055, 64.21742354516925, 64.54746226823289, 66.90138854190184, 68.64411033868691, 73.57127713482323, 81.2196822157556, 83.66712799060154, 83.00700627210765, 80.62327229474761, 77.4032962916542, 74.26097977465611, 67.72861415838945, 67.18051699943257, 71.1949596244788, 73.93752588178741, 78.92633959238574, 74.79743683614392, 72.07987379971703, 68.13078100205024, 53.17274774135778, 58.16448002338314, 67.87394303322631, 76.09282759612586, 89.76905184614986, 97.59919958924354, 102.06427972123028, 108.11829614385385, 113.039482397175, 119.23189813002921, 116.51311763005549, 105.05226765950323, 100.93206893215347, 94.42336108563543, 92.44269320397848], [8.338739556695907, 0.0, 10.663040402944834, 19.686262002304396, 15.148644540357433, 11.569627157846488, 12.860176292815, 49.155551171512194, 55.83957082204476, 64.05242947089413, 72.38225299289901, 81.132390474292, 73.40134091666016, 65.0907027987077, 56.81334547555617, 20.64486753785759, 18.03671530712325, 16.3844062305068, 18.74355955785611, 23.79581184710066, 21.156926803348235, 14.845124097812485, 11.814475750557705, 11.567011183182718, 16.45770004935061, 52.082492363075616, 61.31139007205292, 67.94685041444677, 76.83582493315093, 83.54074549806829, 81.25520552346906, 74.83347346761639, 68.07791839386458, 60.91453399815325, 55.049848442899915, 23.739364572992347, 29.053566681005574, 39.20966790443215, 41.922265068628924, 52.56218817814929, 58.758833700124896, 63.726698128193064, 65.05456149964613, 62.35316069087469, 51.69753188360223, 43.04608931028086, 41.28830085337013, 69.24018172273135, 66.62314095107584, 67.87824383726957, 70.94769572702333, 73.39003713557955, 78.94216095643995, 87.00953753746633, 88.67948763264937, 87.32088827921437, 84.35320993917358, 80.32104513716126, 76.50652059079036, 69.61922239843236, 70.11209645100632, 75.09627898306044, 78.77862694047113, 84.44489078129126, 79.60271563934722, 75.95288422850172, 71.04092278909802, 47.44466197823129, 53.316492911493484, 64.13959474731212, 73.94131593848593, 88.29666368983875, 97.53998931649795, 103.034447304686, 111.32950514937481, 118.18515705495786, 125.37853243656828, 123.20638902234367, 112.29337598357814, 108.6988310416929, 102.25769704790916, 100.09731307054606], [18.152797952257632, 10.663040402944834, 0.0, 9.631790844421928, 7.509037463008226, 12.795862729101188, 18.746608801922893, 58.24309048144943, 65.39220987732067, 73.7794627854171, 81.8776482599372, 89.85490302232445, 82.31401303351281, 74.08590129455277, 65.73420410008438, 30.64902265219199, 26.60833865662078, 22.244586359193015, 19.24097216138844, 19.190326119507038, 15.328073650595796, 15.047214902900569, 18.744197261412022, 21.199905451183263, 26.8078027765602, 62.63029474279633, 71.8016011703182, 78.27483344592895, 86.80423189416436, 93.07852179339001, 90.92731810027865, 84.84971751760466, 78.32299370333344, 71.21332040017403, 65.43442732950102, 34.0734674432527, 37.371328774413314, 45.16700744026955, 45.0305525753932, 55.51634980007145, 62.890388700823856, 68.81706997218012, 70.60874443242318, 68.8758251983043, 59.484906024414926, 52.08116671387896, 51.40335320357851, 68.1204074728379, 67.20307776481863, 70.00751750293925, 73.98024879770527, 77.21495067598887, 83.11925374479296, 91.16788661400886, 91.9913146069042, 89.70581191647219, 86.06222912655886, 81.10114407534826, 76.42290742116111, 69.06478822844767, 71.34930517180563, 77.63845750277794, 82.33480411158396, 88.43508612482523, 83.06442156767511, 78.4014543657077, 72.1907844972738, 41.33917174005116, 44.83168608319146, 55.56591039356079, 66.6118504076152, 81.62355099226541, 92.64839837933484, 99.53684688204089, 111.39471432171742, 120.26331061331854, 128.61129164827037, 127.28435523559106, 117.47133407040033, 115.27530180477437, 109.76986377786376, 108.76699376383827], [26.0596903182954, 19.686262002304396, 9.631790844421928, 0.0, 8.060293410809125, 17.908980180277744, 24.369943771443562, 64.17067665087136, 71.74807567498154, 80.29732419542837, 88.0104849480251, 94.9145805093134, 87.77603135738028, 79.78150496810152, 71.41019069733127, 40.06068422236937, 36.04150981754918, 31.151143411038095, 25.834107974636808, 21.414830566617002, 17.57543207473412, 22.63685271027373, 28.138601758671058, 30.665811169050492, 36.107557383539934, 70.67761307366301, 79.64010755350108, 85.72785730580298, 93.58296155449902, 99.17979188678146, 97.20244630607223, 91.69860142204091, 85.6123033761879, 78.66248432078358, 73.09482106621638, 42.41750009704478, 44.35101137479121, 50.77590477403087, 47.96687483533666, 58.07401717079516, 66.57191216510527, 73.03501692377428, 74.4229279639799, 73.08298105958652, 65.60949995300426, 58.80308901652135, 58.90633844470625, 66.60708963910048, 67.4026701122649, 71.53639278152852, 76.0694985473163, 79.71284348086995, 85.44720368687062, 92.96470260704695, 93.39580061292745, 90.4929655088286, 86.4782254365616, 81.004405569934, 75.74130049576674, 68.05082620260586, 71.96682656044263, 79.15124821671705, 84.3248462644627, 90.30134364280003, 84.9512690531248, 79.8033441542414, 72.69611035553737, 37.863116210703545, 36.45036524173959, 46.17320481664817, 57.99962720972228, 73.72662931928903, 86.41567532304346, 94.54422404960543, 109.74826701560714, 119.42460732336349, 128.23519655558866, 127.46289585108589, 118.58670440165501, 117.70618569037842, 113.22026087116875, 113.72879717216918], [20.726502794698824, 15.148644540357433, 7.509037463008226, 8.060293410809125, 0.0, 10.318524243586097, 17.89539182263155, 58.32984241584792, 66.0999567615185, 74.65953453421753, 82.44031664580194, 89.67514602045652, 81.98702475155693, 73.78100559200834, 65.46816257532033, 35.5086404211559, 32.494591142893015, 29.10133940044075, 26.74217589265627, 25.64178896167818, 21.607160503736857, 22.411182519059675, 25.039209942160415, 26.372585009287413, 31.170535075186024, 65.08726783668864, 74.24851764814403, 80.5498147426878, 88.73488607567853, 94.66949506092864, 92.22016868037224, 86.36329100949067, 80.13268766223486, 73.01393182082099, 67.4051907439314, 36.18696588038473, 36.833352738970945, 42.7463266803951, 40.388234176501285, 50.63248937781217, 58.802411978511856, 65.18040840557576, 66.89264063133022, 65.81855180103058, 57.86114972390858, 51.7057074804159, 52.696773756370135, 61.251920077491306, 61.0173702323818, 64.5205628583084, 68.85697905072118, 72.4150715955157, 78.36192617063989, 86.30899345615403, 86.67975657860981, 83.96885393738017, 80.07517306339828, 74.82124591911365, 69.87727141739654, 62.37546805143613, 65.3800237689897, 72.18687271116727, 77.27225909803586, 83.49901561516751, 77.94102811640131, 72.88984337654486, 66.16855118236863, 45.14253450853894, 43.824302429188634, 51.42490128381422, 60.59549137574386, 74.81030286262822, 85.27830015196534, 92.11942234825436, 104.63406705041086, 114.37942436741089, 123.62837169591545, 123.07176279211023, 114.32261742795028, 113.53537237297185, 109.50864567338179, 110.23458813289446], [13.374294386672295, 11.569627157846488, 12.795862729101188, 17.908980180277744, 10.318524243586097, 0.0, 8.6617282673149, 48.81224414497437, 56.655285557438276, 65.1799663976094, 73.00701600662991, 80.61737509423445, 72.49329917455938, 64.12924161309478, 55.88307970684523, 29.25054900528257, 28.26464944421496, 27.50364176825711, 29.054627859578517, 31.460320082944023, 27.901235322004364, 24.494858778762246, 22.544343146283484, 21.342573077840942, 24.463585003672787, 55.892689649727906, 65.11348993893624, 71.49406332900605, 79.86832472957889, 86.07406713955662, 83.21569019016044, 77.08584511411486, 70.7925329905703, 63.58538259059293, 58.00843424355025, 26.950278508296332, 26.57983541490944, 33.39089466556777, 32.66460212694075, 43.28100282778224, 50.74897058412128, 56.51465086014954, 57.872907569276784, 56.32561376644522, 47.75076672973582, 41.4221318133967, 42.947626955573675, 57.9085747381114, 55.93556932726972, 58.05353363880717, 61.66546470994223, 64.62934276550233, 70.38960289269279, 78.50766361658086, 79.44253438485732, 77.45397835522267, 74.10610629404954, 69.65757908525332, 65.51707942084177, 58.44366184147515, 59.71395757826574, 65.42580619001409, 69.74119300602524, 75.75029614836602, 70.49012347711687, 66.21354213320694, 60.59017380793849, 52.78484067626519, 52.44569610053128, 58.99696958001897, 65.8135136472586, 78.66779429735381, 86.60743792294608, 91.7290048315157, 100.37134714815171, 108.6629295904845, 117.40786468819124, 116.4951895101256, 107.26417518410803, 105.9319810771699, 101.93427022131019, 102.58422927578496], [8.778026872211885, 12.860176292815, 18.746608801922893, 24.369943771443562, 17.89539182263155, 8.6617282673149, 0.0, 40.48128475960954, 48.281707371664496, 56.84950397797317, 64.61983451143288, 72.18895651592429, 64.26597106718445, 55.98833053016657, 47.67199673235579, 25.901461343138518, 26.847469183135996, 27.977530449243673, 31.341676805180764, 35.14134623217643, 32.32091580043038, 27.68067558077436, 23.20584729925501, 19.819782801424314, 20.978408824897326, 48.372719321816625, 57.338384565659425, 63.41728577331556, 71.45731219743513, 77.48428265185056, 74.6895581891508, 68.75822621465994, 62.67378610471911, 55.601071815817676, 50.18000195584741, 20.72118770007311, 21.359442002084656, 30.94545291362985, 31.7807489325035, 42.40507704067859, 49.31250069500222, 54.075025169870905, 53.923213371876926, 50.916219860927434, 42.67859644390591, 34.56448976006336, 35.30827869245478, 59.46875427392848, 56.55702045847943, 57.5638902795487, 60.26959681148156, 62.31377555222332, 67.21504013832485, 74.70006818732789, 76.76886002742611, 75.69232258622803, 73.09149118378961, 69.65590134714188, 66.3089407460754, 59.612821418049876, 59.70283980617601, 64.22231200256785, 67.29938091457842, 72.34856566418954, 68.09661404230017, 65.04630825558786, 60.6034927600711, 55.82018930999196, 56.33577991343498, 63.12279202398089, 69.26949135685534, 82.00688703275179, 89.03793511340467, 93.30082484551785, 99.87429910201425, 105.47099357998765, 112.59216075401818, 110.71595104221569, 100.45823095106878, 98.12056638606128, 93.53768908784718, 93.96072798244798], [40.822650763889754, 49.155551171512194, 58.24309048144943, 64.17067665087136, 58.32984241584792, 48.81224414497437, 40.48128475960954, 0.0, 9.063882954530083, 17.437906744833338, 24.34340690676599, 32.76666423033034, 24.263925677522465, 16.07815789968397, 7.886948990479017, 42.5798794930104, 49.380121354481396, 55.635234834480194, 63.25345506927862, 70.02479305741535, 68.70952496403982, 61.57152183699543, 52.8288052901967, 46.42876328951513, 41.17070622524502, 22.57082484863351, 26.513872604330228, 29.3132338484188, 34.66883100755238, 40.05352603753714, 35.83527856672045, 30.5087039135702, 26.532810607368926, 21.307327168477066, 19.371057237429916, 29.76139954736648, 29.585543290852456, 38.54565642935573, 45.11290002338299, 50.14413909108538, 51.17265426640785, 49.47402399238044, 42.487363130141055, 32.543055465709884, 29.369669401219024, 17.1170032026376, 14.763053496915703, 73.51380066764644, 66.50525658181748, 61.9693809593471, 59.80680554374677, 57.000905623136354, 56.99863258267376, 60.715123167661766, 67.81711838156032, 71.5010442293444, 72.82793498170592, 74.52550454564283, 75.36846583199736, 71.82872876046801, 66.14787752034101, 64.03088327170998, 60.677274703645956, 60.53755057609122, 61.6068350497268, 64.90547765706366, 67.01082316405396, 88.15405310472919, 90.12329288952037, 95.26269762043994, 96.8477105143272, 106.31195609234388, 107.14181490477655, 106.32506822793768, 100.141506255456, 93.87467096486611, 93.72432437170563, 87.73339404515677, 73.17206379125287, 65.43459237529629, 59.01297677043458, 58.89813560513696], [47.55586485006649, 55.83957082204476, 65.39220987732067, 71.74807567498154, 66.0999567615185, 56.655285557438276, 48.281707371664496, 9.063882954530083, 0.0, 8.678620140863236, 16.571164052507026, 27.32631827401435, 19.40361317912159, 12.515438285666027, 8.522248595299422, 46.626038582915506, 53.70969355370022, 60.38852117647084, 68.46500492306852, 75.81289943621242, 74.85597972675482, 67.25019642989949, 58.157883013530956, 51.76561361446323, 46.07636653795646, 18.63213905734554, 19.46019239866035, 20.798453777609982, 25.76411859263782, 31.79076214362594, 27.3261139555503, 21.486954554401912, 17.758650799404105, 13.65431535550648, 13.909059175943034, 35.226475883181685, 36.69575259849333, 45.67245368262452, 53.3959077607196, 57.909583399501244, 57.82337832662328, 55.194717918676574, 48.121391687938, 37.83777228566409, 34.39699266951982, 23.00897540855379, 17.856574725309276, 81.85958148967974, 74.40863945240359, 69.20740543336345, 66.46682756752946, 63.07830622674197, 62.47017123397692, 65.55281873707214, 73.28144625656282, 77.68546666210473, 79.54666585835416, 81.84607128320043, 83.15896704096333, 80.01169882861102, 73.6885042552049, 70.74058979316946, 66.59918634968732, 65.7400714292402, 67.53950770873183, 71.62206492165606, 74.54971519555188, 93.70093265666301, 97.30392811443132, 103.36230199742313, 105.41153030701497, 115.02910240003851, 115.68301564575569, 114.48719383545844, 106.7091929322624, 98.5426753151339, 96.59651856392404, 89.41517668912573, 73.5180382292324, 63.266520649556355, 54.6853163582669, 51.98987835366707], [55.825399293772904, 64.05242947089413, 73.7794627854171, 80.29732419542837, 74.65953453421753, 65.1799663976094, 56.84950397797317, 17.437906744833338, 8.678620140863236, 0.0, 9.002558672903055, 22.189465568190727, 15.177227311775956, 11.70253198758602, 13.734969133671397, 53.47828674964829, 60.694737554873186, 67.62744157006603, 75.99670283011848, 83.65746478483564, 82.85976865549354, 74.97981936281471, 65.68512821249, 59.32160532935855, 53.41532110259284, 20.71214680846802, 17.313365117366555, 15.640463455484113, 18.662380024350835, 24.963802531757878, 19.577676398805604, 13.304175927086577, 11.439283447004055, 11.137429486480306, 15.130228096279646, 42.803872441492324, 44.3508525168818, 52.46037647716529, 60.66400686398469, 64.33366535823748, 63.208576557437624, 59.62982580516871, 52.222415830295375, 41.7990823400873, 39.2309104913957, 29.70101882439311, 24.746070324604734, 88.50211205074399, 80.60370843956191, 74.71487401858238, 71.32813997672989, 67.30245194936585, 65.93634347519564, 68.2366776835739, 76.5430887782268, 81.68425682275208, 84.14631600237895, 87.16512918259012, 89.0615770685603, 86.44727830563164, 79.42195519290944, 75.53171173241144, 70.50907566029072, 68.81527913394316, 71.43967297167089, 76.39871623613955, 80.26066003064001, 101.36325615206306, 105.57411201830612, 111.73075616814073, 113.50622743108012, 122.75713351204455, 122.66177018840982, 120.77361503429455, 110.90232968587115, 100.82512237183819, 97.32924067620228, 89.26066491165938, 72.55348209707712, 60.45235482799564, 50.74549491050581, 46.46240898723825], [64.09760975107541, 72.38225299289901, 81.8776482599372, 88.0104849480251, 82.44031664580194, 73.00701600662991, 64.61983451143288, 24.34340690676599, 16.571164052507026, 9.002558672903055, 0.0, 14.241108709184616, 9.747090409681034, 12.512586567946132, 18.531613821468166, 62.41925690999138, 69.59348980117186, 76.42470471304321, 84.5643834707768, 91.9229550016311, 91.1362202440017, 83.58862050881125, 74.4455846809396, 68.08390890485309, 62.262548597845324, 29.195413442458428, 24.02643282168847, 19.597787945835982, 16.96244326251342, 20.104007015498702, 13.754650302739215, 11.431162530501872, 15.295375936448538, 18.598002834808824, 23.630500286869303, 51.52921807310315, 52.25221167333583, 59.26277203046548, 66.60108846232701, 69.33260734205713, 67.87625325326275, 63.60627320017284, 55.024117098167906, 44.30163946336912, 44.78833783748971, 37.02613725315526, 33.49604733826977, 92.46410219037637, 84.58601146195102, 78.38369443090046, 74.4170126133762, 69.72678144823773, 67.12176623368613, 67.89776811749125, 77.02113910361972, 82.87832129624275, 86.02595239891866, 89.87738279275256, 92.36012089013566, 90.27735867968451, 82.948455373538, 78.23498060590889, 72.18421241617159, 69.12701828828004, 73.04735588452685, 79.02831128272399, 83.71108607796084, 108.76883733004816, 112.05430421110518, 117.35854332660995, 118.114903492918, 126.63338427525457, 125.5490998437745, 122.8938243674396, 111.36121935800821, 98.57763501952083, 93.0718370658891, 84.04098284967954, 66.65577705703878, 53.29682024350013, 43.682429106654276, 40.68529359841294], [72.82507741511101, 81.132390474292, 89.85490302232445, 94.9145805093134, 89.67514602045652, 80.61737509423445, 72.18895651592429, 32.76666423033034, 27.32631827401435, 22.189465568190727, 14.241108709184616, 0.0, 11.192656589970671, 19.330554775989327, 25.968554795049563, 73.6909465939873, 80.57969730975717, 86.87284464577478, 94.10926126061075, 100.414806894373, 99.56452508616549, 93.13242600628153, 84.63600346427988, 78.33884547371446, 72.96223987111317, 42.79534232307163, 37.886480989895915, 32.61022503531516, 25.764859435301116, 22.259211885801598, 18.240789271141036, 22.908359157132356, 28.98980923422151, 32.611527370916114, 37.265373499330146, 62.10557224829277, 61.62972909889652, 67.55906380775824, 72.47806509485001, 74.30178431603917, 73.53247286825385, 69.08101035514288, 58.51598995297202, 47.52994561419007, 53.113036141221556, 46.719424471353385, 44.980613755470706, 94.42358816394243, 87.38569191324721, 81.54740026695022, 77.22417039217636, 71.9653663755086, 67.53845463574264, 65.62723042441904, 75.86681866704764, 82.3096402792378, 86.19417905042094, 90.93143194333668, 93.89849865165236, 92.2746555973497, 85.39249950911525, 80.19685274831386, 73.06587154891196, 67.91801827821672, 73.76870606960719, 80.82764151224478, 86.00061919060529, 115.22497994754302, 115.95342745568244, 119.41215351869765, 118.42243401112843, 125.8740941316635, 123.77309624096429, 120.4341373473906, 108.35240037154726, 91.42306310975539, 82.65623650012697, 72.10540864991444, 53.61856851960162, 39.119112934282576, 31.22498427094946, 35.265982486444514], [65.06791157870107, 73.40134091666016, 82.31401303351281, 87.77603135738028, 81.98702475155693, 72.49329917455938, 64.26597106718445, 24.263925677522465, 19.40361317912159, 15.177227311775956, 9.747090409681034, 11.192656589970671, 0.0, 8.841808752039935, 16.718586428282688, 65.69734585317505, 72.79003630301528, 79.37398393072431, 87.1617162160953, 93.90931485611777, 92.75127365493063, 85.71371182233604, 76.8315750848692, 70.402768195979, 64.85773015289348, 35.37867019300938, 32.07054249404629, 28.880796635724476, 26.423818650994768, 27.433771085411298, 21.52897734988311, 21.050687990828376, 24.257549533946275, 25.871022866652588, 29.789218955447794, 53.36752673418437, 51.80445757266466, 57.01550823648865, 62.70306806953354, 64.4130151807577, 63.11297542696054, 58.605885601066674, 48.71591262109042, 37.78587401422167, 42.056797934553614, 36.33199132121205, 35.9285753983814, 86.07297732296583, 78.37090884141409, 72.14509792513722, 67.86762611432229, 62.80517642312714, 59.29652780612111, 59.0683008371925, 68.61072579492529, 74.73790931991066, 78.24634174356663, 82.60237953733399, 85.46145160182499, 83.79796279665858, 76.40735411402315, 71.25666235337822, 64.60231916043054, 60.661496589092465, 65.39686041852558, 71.97155268055701, 77.08988596630357, 110.59797672312841, 111.39632626561165, 114.74643298609256, 113.70158392589329, 120.94589387148223, 118.5101550534205, 115.09422052673754, 102.52012853191567, 88.89312730884616, 83.5682696720076, 75.07343346851913, 58.600437739217554, 47.52629644305929, 42.03372238873056, 44.835500563396195], [56.776664366218526, 65.0907027987077, 74.08590129455277, 79.78150496810152, 73.78100559200834, 64.12924161309478, 55.98833053016657, 16.07815789968397, 12.515438285666027, 11.70253198758602, 12.512586567946132, 19.330554775989327, 8.841808752039935, 0.0, 8.396641096069311, 57.51613695346351, 64.62027184202174, 71.2400642405978, 79.18795556006523, 86.0899042550015, 84.78594671682555, 77.51462692970516, 68.5309823964822, 62.072091502022566, 56.52723093164752, 29.215072648087222, 28.103648406969313, 27.199335336825047, 28.422071964871684, 31.943557544647074, 26.127762566415555, 22.607579213462948, 22.563030991476367, 21.48988605128066, 23.90817841091458, 44.809508032931916, 42.97941395121456, 48.584679125460795, 54.82367401865843, 57.197274674716034, 56.179299862282065, 52.24175122309861, 43.17700726806131, 32.23949428401404, 34.29573532310411, 27.5486438730393, 27.583585638571158, 79.96539715478505, 72.13351967254177, 66.10774950116023, 62.31337395973065, 57.82808435073841, 55.524150791029975, 56.96002644155381, 65.66838756292114, 71.09437405421501, 73.9416305788292, 77.53370344951655, 79.88826395570156, 77.768648145494, 70.54120083637864, 66.09225100119866, 60.380363533439095, 57.83896065104491, 61.250637133195006, 66.88328754877902, 71.29849598063561, 103.72904414148846, 104.79432452420266, 108.4840408236141, 107.99603851609494, 115.66637080043985, 113.8631771815103, 111.02769533828715, 99.81214610460124, 89.16169738403524, 86.30751824777614, 79.11139926140265, 63.732726045605524, 54.476256508614185, 49.20121444469334, 50.92319890986892], [48.495576558537884, 56.81334547555617, 65.73420410008438, 71.41019069733127, 65.46816257532033, 55.88307970684523, 47.67199673235579, 7.886948990479017, 8.522248595299422, 13.734969133671397, 18.531613821468166, 25.968554795049563, 16.718586428282688, 8.396641096069311, 0.0, 50.12636863700096, 57.053421708346114, 63.435680810338, 71.13318894828836, 77.84592406393806, 76.4870043844409, 69.39656732566677, 60.60104281777513, 54.175341411433365, 48.83089369057852, 25.874472136418436, 27.36777266705555, 28.40442013922389, 31.817622654086104, 36.24998191442356, 31.285851637644992, 26.811308830029127, 24.585605685265087, 21.11555319780836, 21.361211916450948, 37.1669026245804, 35.66294964632327, 42.58126463355194, 48.70571056559692, 52.29042229072094, 52.39117481982164, 49.56987324563288, 41.23293787841874, 30.485409433961195, 30.52410562236979, 21.273637169528815, 20.974983488512333, 75.27142867153181, 67.87307002542134, 62.60495518993245, 59.607523066999555, 55.93088777491138, 54.722230279988096, 57.291297802787014, 65.2453735190507, 69.78264980648204, 71.87126345547236, 74.53849526800849, 76.15124649284698, 73.32248938705834, 66.87664912831045, 63.58657905985898, 59.01553504958566, 57.640946453509876, 59.9154069627571, 64.41598979348272, 67.68194178151028, 95.62860418645008, 96.74826715960968, 100.86984935972188, 101.16593897684895, 109.60063865477942, 108.99088848652544, 107.11834738044894, 98.47734534396083, 90.05872022134527, 88.71969818885154, 82.25039135129362, 67.40925186726912, 59.30595815055733, 53.78441313027361, 55.0811119465234], [17.91753854710677, 20.64486753785759, 30.64902265219199, 40.06068422236937, 35.5086404211559, 29.25054900528257, 25.901461343138518, 42.5798794930104, 46.626038582915506, 53.47828674964829, 62.41925690999138, 73.6909465939873, 65.69734585317505, 57.51613695346351, 50.12636863700096, 0.0, 7.549045692522334, 15.429324157934012, 26.002911611742963, 36.26765937621388, 35.47179769808056, 24.607287544286084, 14.331100253114068, 9.48323281035555, 4.9440747058806656, 36.83975364572489, 46.0745043541419, 53.535414804588015, 63.98029765186071, 72.27425962343119, 69.87839580340884, 62.21217988157504, 54.46516245481801, 47.33147779583267, 41.16466879420076, 14.790362809944792, 26.78738063351139, 39.72038857381888, 48.75496049144864, 58.2990461476389, 61.07427181464314, 63.837717259000456, 65.35201328267448, 61.27512516159093, 46.83848356831563, 36.33699598728962, 30.397520759523445, 80.92772277486158, 75.55214745375709, 73.99873717891887, 75.4173988702114, 76.49518291550743, 81.63968735014471, 89.98563798505876, 92.80881286310867, 93.04103980451455, 91.17756101135237, 88.60274543846835, 86.22648707884612, 80.42484350601056, 77.8554328744694, 80.4301160223673, 82.46600518304302, 87.61703760820639, 83.45735233859854, 81.44777237733695, 78.9161170862507, 60.41641394968773, 71.87852672303548, 84.26453443203509, 93.73462102591066, 107.42629057694408, 114.59691453460687, 118.22114254237333, 120.72070334647627, 124.93881284199314, 130.25763360067828, 126.54731869550919, 113.51230603837631, 106.53840168581922, 97.31915635765321, 90.9150378193333], [18.503947775450328, 18.03671530712325, 26.60833865662078, 36.04150981754918, 32.494591142893015, 28.26464944421496, 26.847469183135996, 49.380121354481396, 53.70969355370022, 60.694737554873186, 69.59348980117186, 80.57969730975717, 72.79003630301528, 64.62027184202174, 57.053421708346114, 7.549045692522334, 0.0, 8.081128456107603, 19.036858592745943, 29.744116218362215, 29.133492077124725, 17.8776851500814, 8.273203402952573, 7.096065193714753, 8.833551042009155, 44.155690139243184, 53.22724289669493, 60.56709955992755, 70.82819206935106, 78.91683875890521, 76.81932548931938, 69.3581338504331, 61.690076488065884, 54.654471499342215, 48.52431609946809, 21.217191205389227, 32.01271238437913, 44.04231686429792, 51.86603316675818, 61.779598822034686, 65.25396272928577, 68.7323436871505, 70.80929305358168, 67.28141973489666, 53.0780205536246, 43.15442967376269, 37.74171349459848, 82.79383876635386, 78.21023816840587, 77.49242543122571, 79.51203854798109, 81.1364040550552, 86.68341523155019, 95.2292591056128, 97.56562686498413, 97.24571426948046, 94.92701781093965, 91.71552424548165, 88.77312384027405, 82.59954357484621, 80.96687902121685, 84.38298531624801, 87.12909967780594, 92.70392893803503, 88.0882496733817, 85.37353597620431, 82.00798648954786, 54.54075768232436, 67.43610913371052, 80.9957549072298, 91.87917305603243, 106.29580318087947, 114.79881359153366, 119.35796708805697, 123.9871407894648, 129.46499480085006, 135.35578775075228, 131.93809403528334, 119.18771153031307, 112.59715535367641, 103.3310241536907, 96.89004071174678], [20.126546038881113, 16.3844062305068, 22.244586359193015, 31.151143411038095, 29.10133940044075, 27.50364176825711, 27.977530449243673, 55.635234834480194, 60.38852117647084, 67.62744157006603, 76.42470471304321, 86.87284464577478, 79.37398393072431, 71.2400642405978, 63.435680810338, 15.429324157934012, 8.081128456107603, 0.0, 11.118533206822425, 22.052394848961097, 21.669572729181372, 10.46125641782367, 5.281167752242112, 10.212025197226748, 15.34348848075082, 51.72403045880112, 60.66183464840583, 67.76333973551243, 77.62885268531987, 85.31212427921496, 83.53231783630986, 76.43770917109525, 68.97627548181525, 62.029564241189405, 55.96063916589776, 27.810749430873347, 37.53905934613393, 48.82362367781717, 54.96838135204481, 65.21351418662641, 69.62318190625228, 73.80514088510411, 76.05890731823004, 72.90866620529896, 59.452909054859305, 49.82748065318248, 44.90619116122762, 84.09955649367731, 80.54413343975236, 80.80851671465719, 83.42673692012022, 85.54905126615542, 91.3197221316665, 99.84234835767676, 101.79352245662342, 100.92398655139768, 98.18083553101148, 94.37011363848126, 90.8444667648525, 84.26562490582714, 83.7631108368238, 88.05578933824914, 91.42749840550992, 97.24196019732479, 92.33903593641166, 89.0001024968601, 84.76442949527194, 47.313499818831325, 61.29423844480075, 75.99586066787752, 88.34581988419873, 103.57019514440725, 113.59148327825861, 119.20949676065655, 126.38673869544252, 132.8698940425853, 139.1783807811531, 136.02830876282022, 123.6154895817546, 117.56997438375065, 108.43507907899775, 102.3764699327625], [24.989958735717472, 18.74355955785611, 19.24097216138844, 25.834107974636808, 26.74217589265627, 29.054627859578517, 31.341676805180764, 63.25345506927862, 68.46500492306852, 75.99670283011848, 84.5643834707768, 94.10926126061075, 87.1617162160953, 79.18795556006523, 71.13318894828836, 26.002911611742963, 19.036858592745943, 11.118533206822425, 0.0, 11.189556452204306, 11.774060760556829, 5.7526048634609, 13.338489268795435, 19.088572079116997, 25.07555738364051, 61.280137763637974, 69.9699384991175, 76.6315423001645, 85.77784755771006, 92.75394974400476, 91.4501995752784, 84.99331951759463, 77.92845501989952, 71.16138737033823, 65.2387549778967, 36.873563428812176, 45.6017309125721, 56.2418019188045, 60.08829509420069, 70.60612675630146, 76.27045262207643, 81.1690247030719, 83.1634734453592, 80.19749952736967, 68.13496416336, 58.53903972768438, 53.98736651064502, 86.40279548233899, 84.33213983072119, 85.8652316259213, 89.12538498330107, 91.71932355196718, 97.49008996766405, 105.66747698337718, 107.34505905073475, 105.88597046198716, 102.72374698587608, 98.30588736214884, 94.11218041429453, 87.04879315610961, 88.06777268389644, 93.35727949467511, 97.29175930765427, 103.1068901026111, 98.13041139556456, 94.22499959552069, 88.99649894434818, 36.622299037895594, 52.051914708955046, 68.4978529118713, 82.95679096918208, 99.38988968753708, 111.60223241388347, 118.68250085027196, 129.41834833054267, 136.60597298112816, 143.05083787318426, 140.08079815259038, 128.02969054257204, 122.6550497503254, 113.70228729721961, 108.34377501945154], [30.884233807263556, 23.79581184710066, 19.190326119507038, 21.414830566617002, 25.64178896167818, 31.460320082944023, 35.14134623217643, 70.02479305741535, 75.81289943621242, 83.65746478483564, 91.9229550016311, 100.414806894373, 93.90931485611777, 86.0899042550015, 77.84592406393806, 36.26765937621388, 29.744116218362215, 22.052394848961097, 11.189556452204306, 0.0, 4.430159748441922, 13.302673162776912, 23.075688939755707, 28.37355479906961, 34.56891065314687, 70.46537997051983, 79.01329784202711, 85.26970689562692, 93.68645960861095, 99.91740184948706, 98.90200920944554, 93.07258964632297, 86.4436720300483, 79.79416826588967, 74.02794100715732, 45.336467097189, 52.709002042325494, 62.464408879071904, 63.92773084462812, 74.47605505168627, 81.3465581986892, 86.89218318191718, 88.5358015928165, 85.84313431257925, 75.4031413362517, 66.1006815164514, 62.306723780340306, 86.8772110088159, 86.35027357423189, 89.14104625197024, 92.99021442017236, 96.01628336423201, 101.7038309294646, 109.44461006978035, 110.80609763651084, 108.75185380522471, 105.20480500403336, 100.24655901734694, 95.44744056532666, 87.9934923869951, 90.5365458328518, 96.75090857609133, 101.19225141035345, 106.9410895952434, 101.94498228572387, 97.52752215004874, 91.3759433634793, 26.62469772826309, 41.79566825209321, 59.50804311765586, 75.76162025612774, 93.17382279476085, 107.39313824242372, 115.8454891552512, 130.081950576796, 137.9741256344779, 144.69066473469132, 142.09251223629772, 130.72229413427377, 126.4239542812531, 118.1773285124819, 114.1488318265084], [28.750482557278826, 21.156926803348235, 15.328073650595796, 17.57543207473412, 21.607160503736857, 27.901235322004364, 32.32091580043038, 68.70952496403982, 74.85597972675482, 82.85976865549354, 91.1362202440017, 99.56452508616549, 92.75127365493063, 84.78594671682555, 76.4870043844409, 35.47179769808056, 29.133492077124725, 21.669572729181372, 11.774060760556829, 4.430159748441922, 0.0, 11.820709030455241, 21.73844203189849, 26.958965775239395, 33.322951196248695, 69.94378864026585, 78.72395111581731, 85.11446907952514, 93.65805350493329, 99.96372937476306, 98.65607900544417, 92.70229053763732, 86.03047245782577, 79.21844080646008, 73.39478853576372, 43.682391960422265, 50.109978624885784, 59.19985354071611, 60.21571106152213, 70.69753136243767, 77.69839347263033, 83.44608728965957, 85.34821412694846, 83.05587057147271, 72.74057032728554, 64.03776184615907, 61.0297652489249, 82.74490088327516, 82.28433318092259, 85.2251080617207, 89.2208635094723, 92.4200317489135, 98.2832438189152, 106.19527444490957, 107.26441526632107, 105.02297491981035, 101.34317504224896, 96.23323359290491, 91.34656814991635, 83.88447786260544, 86.54155016303835, 92.93006945770352, 97.60540853947728, 103.57772333444757, 98.34636067367052, 93.69786286821049, 87.37561449913194, 29.288338595484394, 41.403665244676624, 57.7266515399069, 73.14293782200603, 90.08745394702699, 103.8329318527057, 112.11816273353931, 126.20310646745628, 134.77481628269177, 142.13289491719058, 139.98012292250417, 129.11506795827063, 125.44712745781914, 117.91251382198736, 114.61334322793255], [21.981281409807117, 14.845124097812485, 15.047214902900569, 22.63685271027373, 22.411182519059675, 24.494858778762246, 27.68067558077436, 61.57152183699543, 67.25019642989949, 74.97981936281471, 83.58862050881125, 93.13242600628153, 85.71371182233604, 77.51462692970516, 69.39656732566677, 24.607287544286084, 17.8776851500814, 10.46125641782367, 5.7526048634609, 13.302673162776912, 11.820709030455241, 0.0, 10.500816219754391, 16.543222938349615, 22.965256779712043, 60.515449243420846, 69.55548941411318, 76.4432142245704, 85.8222959448686, 92.95283587944814, 91.22285623309757, 84.54220998389367, 77.38047906982487, 70.37074408151918, 64.35000454557152, 34.349302796409084, 41.79876513741591, 51.57716766291863, 55.14185195428865, 65.58288007202984, 71.28172076609854, 76.42260154843726, 78.88352824019537, 76.48401948738871, 64.34590609350433, 55.61312650424625, 52.172107412377756, 81.2963786377972, 79.14042037550679, 80.74349604974071, 84.16042307497042, 86.97150829241438, 93.03061270843817, 101.52090885481827, 102.80161428369505, 101.12707065287287, 97.80497643408147, 93.21361701603318, 88.95280147149307, 81.92375949598146, 82.93255813507893, 88.38128536766672, 92.61803742641642, 98.78358951315624, 93.45038381343825, 89.24815967411598, 83.86528083490795, 39.80595454404626, 52.3839106493363, 67.19650063930665, 80.50742557553983, 96.22192453415178, 107.66015009776866, 114.41158841841992, 124.65646775032275, 132.76007154772125, 140.07409816715838, 137.68688351184838, 126.2769022286295, 121.68193399269569, 113.64411395567615, 109.18228249279205], [15.758829594936328, 11.814475750557705, 18.744197261412022, 28.138601758671058, 25.039209942160415, 22.544343146283484, 23.20584729925501, 52.8288052901967, 58.157883013530956, 65.68512821249, 74.4455846809396, 84.63600346427988, 76.8315750848692, 68.5309823964822, 60.60104281777513, 14.331100253114068, 8.273203402952573, 5.281167752242112, 13.338489268795435, 23.075688939755707, 21.73844203189849, 10.500816219754391, 0.0, 6.506068004226978, 12.70415321482432, 50.566591375743634, 59.78615083475143, 66.94183730131323, 76.77345479317249, 84.37829432275257, 82.27322826434762, 75.16315104958161, 67.76077602868047, 60.623436910597086, 54.51621633379002, 24.567124639345, 33.155393472602455, 44.05875334050074, 49.77020321520917, 60.05459867294052, 64.69424723431673, 69.06923363911645, 71.3710098359861, 68.51872879338644, 55.373073196868724, 46.252216008512114, 42.40426676078351, 78.8384258040905, 75.27431364345112, 75.62415303288284, 78.33083701777322, 80.55966855366616, 86.41472111039158, 95.01829155668462, 96.78156232725593, 95.78515330821611, 92.97293082784387, 89.1075871143662, 85.56474211154021, 78.98884872650738, 78.51629874849326, 82.90949898680623, 86.41242672296319, 92.34695200533494, 87.3126869233598, 83.84531874380272, 79.5135894962196, 48.78768124532313, 60.25731909574925, 73.5611804348629, 84.85043455181145, 99.52743699584235, 108.91648264486656, 114.25519550716012, 121.14545295238639, 127.9989981311344, 134.814137612967, 132.07481954482353, 120.18634976469585, 114.89282616744303, 106.65899545940204, 101.72237877274142], [11.677702548898951, 11.567011183182718, 21.199905451183263, 30.665811169050492, 26.372585009287413, 21.342573077840942, 19.819782801424314, 46.42876328951513, 51.76561361446323, 59.32160532935855, 68.08390890485309, 78.33884547371446, 70.402768195979, 62.072091502022566, 54.175341411433365, 9.48323281035555, 7.096065193714753, 10.212025197226748, 19.088572079116997, 28.37355479906961, 26.958965775239395, 16.543222938349615, 6.506068004226978, 0.0, 6.507181049242832, 44.53208652702049, 53.8496401601541, 61.00640306299058, 70.84106128668947, 78.48596672230138, 76.17214414669708, 69.00619588743653, 61.62859149170071, 54.42394628035252, 48.318665561383156, 18.110090180524065, 27.476523764123385, 39.40924070134101, 45.939198466642466, 56.12997467629467, 60.41200503371549, 64.30480752251403, 66.0375579119578, 62.70505918310967, 49.56565399831707, 39.91409137438459, 35.92667048917741, 76.30522129905157, 72.11711380621014, 71.8418256934296, 74.09484592973098, 75.8972758655324, 81.40963782668845, 89.81723973862708, 92.00989347602723, 91.44581518998396, 88.99603788304334, 85.64329352063758, 82.54190177572744, 76.2091314728701, 75.01787167068716, 78.78271656457292, 81.71766483534446, 87.28498476307482, 82.6425827012672, 79.73981290413208, 76.03286011304833, 53.20181355065364, 63.22203705138057, 75.41241921444971, 85.3980425823539, 99.49769027891114, 107.7685590348798, 112.33690389004066, 117.57437138816945, 123.31115618771143, 129.63139490077333, 126.64882339936165, 114.53762570132645, 109.02913619486206, 100.9204471673059, 96.22557626812957], [13.138627476611477, 16.45770004935061, 26.8078027765602, 36.107557383539934, 31.170535075186024, 24.463585003672787, 20.978408824897326, 41.17070622524502, 46.07636653795646, 53.41532110259284, 62.262548597845324, 72.96223987111317, 64.85773015289348, 56.52723093164752, 48.83089369057852, 4.9440747058806656, 8.833551042009155, 15.34348848075082, 25.07555738364051, 34.56891065314687, 33.322951196248695, 22.965256779712043, 12.70415321482432, 6.507181049242832, 0.0, 38.170920785940346, 47.57292759164206, 54.869895918700244, 64.96139807297826, 72.89442619234106, 70.36833882729944, 62.94770086833349, 55.43220252165888, 48.17417570746009, 42.027974196467156, 12.55367444304316, 23.69047196736253, 36.665997727201564, 44.73313376851712, 54.544474455913004, 57.97458423301268, 61.12769188691015, 62.46631027550007, 58.58837261169874, 44.89557475658525, 34.60636742338397, 29.875063338284754, 76.49388168168022, 71.45556699400503, 70.29036903967896, 71.94130313937274, 73.21050003970845, 78.39276545848301, 86.68777283855921, 89.35117482509202, 89.34564324520287, 87.33483012970605, 84.5878420458256, 82.0399409500307, 76.08592971504576, 73.90777557860653, 76.82085722642928, 79.07666966518215, 84.28770266927926, 80.04224775895207, 77.81416639425117, 74.95033738835322, 58.77138755920763, 68.49307356578517, 80.04670971910171, 89.01871813122327, 102.54055594709257, 109.66757184055217, 113.3865982595576, 116.52582467095053, 121.09131593492114, 126.80610081819759, 123.45001852415255, 110.90732497660109, 104.77183321732896, 96.39954215230638, 91.28496363405581], [44.69728247005651, 52.082492363075616, 62.63029474279633, 70.67761307366301, 65.08726783668864, 55.892689649727906, 48.372719321816625, 22.57082484863351, 18.63213905734554, 20.71214680846802, 29.195413442458428, 42.79534232307163, 35.37867019300938, 29.215072648087222, 25.874472136418436, 36.83975364572489, 44.155690139243184, 51.72403045880112, 61.280137763637974, 70.46537997051983, 69.94378864026585, 60.515449243420846, 50.566591375743634, 44.53208652702049, 38.170920785940346, 0.0, 9.771687832073484, 17.7105046195465, 29.261974387202535, 38.976197428790734, 35.34192792728753, 26.42853026118891, 18.10606403998542, 11.204603497391284, 5.6334088308339565, 29.67909061643793, 35.62823883278713, 46.46085584295861, 57.77432518504161, 63.46926628878595, 62.32576580597213, 60.237759994333516, 56.96109713156309, 48.743338897325145, 37.78079927402062, 25.84559235009881, 15.035980613083904, 89.89316509628232, 81.79557079597289, 76.44337997198642, 74.34410064415448, 71.894741980