{
	"dissimilarities": [[0.0, 8.61249945923168, 17.900986147098543, 26.117997965794203, 20.200496408055816, 12.555797369732318, 7.616886729291503, 40.83325982516706, 47.59319322867494, 55.8722486926701, 64.13860241478297, 72.69123820608178, 64.91138290395315, 55.61258644160249, 48.32975268284351, 19.518649728260225, 19.635642670012842, 20.9303638878234, 25.71736684205443, 30.793822076454525, 29.20206410979777, 21.981775330660554, 15.89452202028966, 13.203758059936495, 13.502076338091005, 45.13787328020257, 53.77692037081947, 60.233844491793, 68.99579036547915, 75.05781368328279, 73.08813529925652, 66.90889414101572, 60.167703257540964, 52.98398005509618, 47.282872090341414, 18.651091837408902, 21.787098749811616, 31.896078833665587, 37.209656314245336, 47.61072265267363, 54.05606695590075, 58.63470888338015, 58.75968121735283, 54.253357866804095, 44.007579506701894, 35.68377427111243, 34.06916171993213, 66.74463427424904, 63.21949785600124, 63.55903734773265, 67.2159140570903, 69.01345398810719, 72.79188424517868, 80.17585205513903, 83.2858206250744, 81.57486288085403, 78.79319330491744, 75.457253714855, 72.25478820831812, 65.70040381042955, 66.2790001084845, 69.81134612838883, 73.56388911735705, 78.66474826068902, 74.43212341412192, 70.67798429605936, 67.23603370016123, 54.229362204478, 59.622928934260244, 66.75244739622848, 74.70032294574304, 88.19806280291282, 102.11554637368832, 106.91030171450585, 108.11407870127847, 115.39481224550921, 117.71454626294762, 115.66058389020735, 106.14255149801178, 102.1220497533462, 95.79650627047478, 92.6963578540198], [8.61249945923168, 0.0, 10.503429559442665, 20.6998078417209, 15.402426009848384, 11.667047064685093, 12.953979239512199, 49.32461626035676, 55.902009396128655, 64.05686613261811, 72.44559800587399, 81.21896076679462, 73.41754372228094, 64.08923291608994, 56.840339939081204, 20.837572379706877, 17.782190450977772, 15.963344094871601, 18.774027635258687, 23.414882287767966, 21.546539165746708, 14.001779697747175, 10.583190001646809, 11.723600321756535, 15.75691670328066, 51.98820716439489, 60.86779762986719, 67.56969314523722, 76.6174968576136, 82.9356083744907, 81.08492483702187, 74.7289748718904, 67.80124169781666, 60.59727534102729, 54.72948046745126, 24.947255720563312, 28.371668069155273, 37.00037325934091, 41.475112432521364, 51.82540661121077, 58.550824506253406, 63.78470913729012, 65.13983679135681, 61.6547175206986, 50.75192874487669, 43.21600268783373, 41.497750884892, 69.32404721143574, 66.52634032546126, 67.66775588444078, 72.05743568353208, 74.51967704675658, 78.89322345848417, 86.86697680522343, 89.20919931654325, 86.8613759585088, 83.41957231069172, 79.31009432152493, 75.47453813618475, 68.60320710642154, 70.06122392638946, 74.59364414920441, 79.23687628377714, 85.05550626526869, 80.07569401726637, 75.44313564680856, 71.00460634353473, 48.69655014756535, 55.659350167203804, 64.24992977216533, 73.93831620507252, 88.02983696957871, 103.35086787241355, 109.12728357075305, 112.43863783463021, 121.64529872289367, 124.92333627492593, 123.32628391496162, 114.19884802071226, 110.47027480652739, 103.96781676981732, 100.32418009712444], [17.900986147098543, 10.503429559442665, 0.0, 11.254141641363864, 8.619041768559079, 13.438998924824237, 19.11827237066134, 58.44400401749473, 65.38111544932416, 73.70325291656489, 81.88995158470826, 89.97282114081946, 82.44140130561335, 73.19379061933695, 65.86513439783316, 30.47944730523178, 25.866389119084765, 21.028970759685457, 18.111206592173446, 17.467720481257825, 14.677934873923276, 12.801190945620448, 17.149475763375303, 20.98249758447749, 25.960404940770257, 62.40140766378543, 71.18218698616701, 77.72692396220248, 86.43176489030874, 92.38765094403577, 90.66866647481692, 84.64136069163055, 77.90155512600413, 70.7463520335431, 64.97257335011285, 35.302084408594695, 37.061973071740375, 43.68795786863089, 45.26599530430796, 55.821800317775896, 63.5002673912504, 69.65671872205063, 71.42615732030538, 68.83493682644436, 59.13219219004721, 52.566581231608914, 51.728041686402165, 69.12854005172792, 68.0344983340315, 70.67852293435797, 75.95895012245258, 79.13806029372643, 83.85076164567205, 91.91362934672375, 93.37306620974512, 90.2904753572698, 86.15955073526221, 81.10078349472786, 76.39376687286567, 69.05184424086187, 72.24990002327225, 78.22509130039475, 83.69895602358932, 89.85232266913515, 84.45502069450552, 78.98327025625325, 73.1148699667655, 41.955009151295926, 47.240835933194774, 56.071213989009884, 67.25001131671057, 82.02980682270544, 98.95892013065931, 106.03226377380489, 113.22569749568466, 124.2192703867777, 128.77258789312998, 127.85136463193376, 119.61557399920852, 117.12564053849188, 111.36769502763765, 108.74131018843879], [26.117997965794203, 20.6998078417209, 11.254141641363864, 0.0, 8.006090291396298, 17.941155518262338, 24.545090009001903, 64.3513578616892, 71.84169985477082, 80.39490152029258, 88.11917129854568, 94.95440651021386, 87.85293490495646, 78.8327547400717, 71.48380821488027, 41.36564563723754, 37.037455703829586, 31.925418889053876, 26.880133652836086, 21.49900811342528, 18.589151180395003, 22.61004990095252, 28.38833065608799, 31.963396052908333, 36.45549739110705, 71.21297345597412, 79.6821614998974, 85.82303345780225, 93.8214008231164, 99.03244710172721, 97.36420424102648, 91.95130911348791, 85.64368173313296, 78.59567584469464, 73.10235515125707, 44.344185731359424, 43.879926069687045, 48.678423420310686, 46.779998436572974, 57.47208888522242, 66.2135933778132, 73.09050034824354, 74.41538101857515, 72.38359900701576, 65.02632514037278, 59.39030560357781, 59.90346228948912, 65.62070994447744, 66.53784771172887, 70.72926439709443, 76.64180214641644, 80.28090302805278, 84.93698500675613, 92.55060913561285, 93.31544960241962, 89.70383307184416, 85.15414372275917, 79.3944851947462, 73.97189262437074, 66.25644281131898, 71.31700786832536, 78.52533169218948, 84.40898382466177, 90.38440396471628, 85.05755671502745, 79.15146807799368, 72.0637681147984, 39.56672228287549, 38.57336190247028, 45.14467959247544, 56.648960292460934, 71.91760058369975, 89.96663234125099, 98.08918672808463, 109.29411434220016, 121.24999395812695, 126.94274420652015, 126.73071124141498, 119.67737658333647, 118.9398380212611, 114.64746557013324, 114.14749388857439], [20.200496408055816, 15.402426009848384, 8.619041768559079, 8.006090291396298, 0.0, 10.330477400081616, 17.94341547218023, 58.34358187135756, 65.99768663433093, 74.54359390317256, 82.38218196034578, 89.62910454116161, 82.0280401579508, 72.79184526969087, 65.50304053321533, 36.001812592592735, 32.604867359589626, 28.942303107364662, 26.716564232740353, 24.659635129060327, 21.652132851425307, 21.277258806625845, 24.2059564877898, 26.821308740612675, 30.683187372966078, 65.08517243150932, 73.75069693408133, 80.11894432180179, 88.5371689386917, 94.03700768012237, 92.04141181137602, 86.25973478198259, 79.74102760183014, 72.5413461127017, 66.9513399266473, 37.63592206471967, 36.319013500815394, 40.84100716100309, 39.778966577839874, 50.42835288963309, 58.84480319700808, 65.5626670811561, 67.22542417276303, 65.41997960038655, 57.37490787581161, 52.153005203096, 53.374097036456185, 61.235769696574906, 60.941297321735526, 64.38229917685688, 70.06888295503552, 73.5989128241213, 78.4120662166748, 86.45351304809245, 87.30502609071975, 83.82755791055031, 79.4012829565091, 73.96087581412432, 68.92525144295905, 61.41538788374904, 65.44362367619522, 72.12218501412852, 77.95410768143341, 84.22140981450298, 78.64698969233908, 72.80926613377865, 66.25350927967789, 46.20565446846049, 46.20677227850459, 51.120817241008865, 60.31719928517092, 74.18293833933032, 90.65608381666969, 97.61726262656451, 105.40082659714079, 117.44067470636705, 123.05630908046834, 123.0107658771218, 116.07087662840752, 115.12547439295027, 111.05038162321073, 110.44001521251037], [12.555797369732318, 11.667047064685093, 13.438998924824237, 17.941155518262338, 10.330477400081616, 0.0, 8.630340201137264, 48.75553973804424, 56.51749836720469, 65.03066522878265, 72.91681656684219, 80.5093635990744, 72.50982735699878, 63.12704897359235, 55.910221591068144, 29.699145705641264, 28.351625571027917, 27.39147956681751, 29.0624446927376, 30.626819520873877, 28.016714833425173, 23.509109592100593, 21.57044440940274, 21.71398480167956, 23.75399995112474, 55.78408452579887, 64.4709725263723, 70.9124223760443, 79.55941420395523, 85.22511503846134, 82.93058078918966, 76.90054493736336, 70.28665213982364, 63.00718900422863, 57.42240170587456, 28.32716097164567, 26.020537412255074, 31.298155936717464, 32.127751169172875, 42.925335352664455, 50.779152307774694, 56.883994617777226, 58.17140322206186, 55.86471734682213, 47.212814551293945, 41.84393566146198, 43.63963463943159, 57.958549175784334, 55.8841145996292, 57.93103855493817, 62.87780504250695, 65.83609697902868, 70.42990276315668, 78.53164344334863, 80.04791083511145, 77.15857665967856, 73.31307306982316, 68.73183908245555, 64.52895590202769, 57.44768097545219, 59.763701989507815, 65.1799605730524, 70.35671477818057, 76.44820479762383, 71.12344260364267, 65.95191226049886, 60.655794918105585, 53.7731806348104, 54.70050374196754, 58.58926881916382, 65.48940378019789, 78.11618727331499, 92.50314163328329, 97.91069457605379, 101.37894113249662, 112.05861917489315, 116.81544875992357, 116.46982641996988, 109.1651407960729, 107.60739135740388, 103.53811632555441, 102.79077777773743], [7.616886729291503, 12.953979239512199, 19.11827237066134, 24.545090009001903, 17.94341547218023, 8.630340201137264, 0.0, 40.46150998823867, 48.128405534609406, 56.67480330495107, 64.52745828342061, 72.12770452009023, 64.28064661163405, 54.96930848288417, 47.682839809740344, 26.319119018893357, 26.827328684596427, 27.764382211978155, 31.32067195098135, 34.499924615436754, 32.435384250270225, 26.827707067855837, 22.249265538048213, 20.15268897959399, 20.11618125551756, 48.23696403997812, 56.62315289413285, 62.80285525207746, 71.15289961665201, 76.66439843870954, 74.42315078192436, 68.56748790145491, 62.12524211213157, 54.944537532913785, 49.51506713173119, 22.04133393453613, 20.40875128503589, 28.291543970725055, 31.06081424495567, 41.940033807139365, 49.22249655715352, 54.35794166256325, 54.19026911808883, 50.30079612787028, 41.869899915767604, 35.01287549784537, 36.06246523104101, 59.48650096011169, 56.44651782007237, 57.35418687004172, 61.317763537539015, 63.373047075135844, 67.20734425084501, 74.56655517158494, 77.23038471261506, 75.22305883032556, 72.24545195490965, 68.66479602013452, 65.26409446699137, 58.573582343291484, 59.70296965091094, 63.75366353376864, 67.75400106578707, 72.9146292462788, 68.5758190559839, 64.56638091949702, 60.6243568338589, 56.8233639035442, 58.48913699874551, 62.77236376445351, 68.95068823405383, 81.58299507499001, 94.86448430733824, 99.41111132539892, 100.83031383581167, 108.81823485646338, 112.02420403728031, 110.73395715472262, 102.37662229555445, 99.8561599598614, 95.21454738492605, 94.21870070261483], [40.83325982516706, 49.32461626035676, 58.44400401749473, 64.3513578616892, 58.34358187135756, 48.75553973804424, 40.46150998823867, 0.0, 8.970476687243437, 17.324763501161968, 24.348000963447863, 32.682327584742325, 24.120748057944308, 14.815550306287882, 7.559055496572636, 43.17923696569222, 49.7626366890497, 55.951841894071066, 63.657889007265034, 70.08651113335887, 69.09526197323696, 61.55768624423497, 52.76236280729957, 46.82792612009087, 41.093294902772264, 22.92214607546743, 25.71346140409727, 28.71692285697575, 34.68835334305487, 39.07368170066033, 35.753563295624254, 30.574008436012004, 25.857712744130698, 20.272219257777728, 18.374115485905957, 29.412889024852234, 28.70188549953527, 35.94479072698296, 43.98088551964594, 48.78153185604595, 50.16414863868588, 48.79020270011661, 41.73663116000785, 30.42686286426834, 27.31621312021608, 17.36123651530288, 16.51272184530585, 72.70841234835542, 65.51688787575812, 60.82355626897416, 59.21642800623464, 56.45511357372135, 55.91454820855784, 58.76489379017335, 66.68865050378416, 69.32068461432192, 70.87896273085036, 72.5760805842885, 73.49153446427675, 70.06278201040428, 65.18070602621188, 61.8285186388917, 59.44049174172626, 59.48394285375787, 60.40161027852232, 62.69990719084443, 66.05604312390662, 89.25568203321261, 91.74991004551028, 94.52162947832642, 95.89847080642596, 105.51702476995887, 112.1059456389263, 111.73404853503692, 100.21790225070256, 96.37834086057714, 92.26363117941723, 87.12316933028869, 74.75363522410005, 67.18763546674401, 61.10774589628664, 59.85314493080719], [47.59319322867494, 55.902009396128655, 65.38111544932416, 71.84169985477082, 65.99768663433093, 56.51749836720469, 48.128405534609406, 8.970476687243437, 0.0, 8.67960319121894, 16.570027363362378, 26.937425247398888, 18.823199907151015, 11.044900487224002, 7.462498689324439, 47.22974324087849, 54.11555532269624, 60.7043858357151, 68.78866031156403, 75.82208787889756, 75.11115930510059, 67.2969938333071, 58.20644206264686, 52.119051170928905, 46.16416006146068, 19.481055421887827, 19.066046688096883, 20.449589092825267, 25.753529400263762, 30.47449281028454, 27.09141881934942, 21.67428499694426, 17.37083281571477, 12.966243206619799, 13.470446910198826, 34.735338642046074, 36.126656138390125, 43.64834558171311, 52.53449642234747, 56.69316530099825, 57.125740757815834, 54.79408618766191, 47.54486540494751, 35.915248975418585, 32.79196676080453, 23.271719202273218, 19.038872957337446, 81.11368283526572, 73.56585895792426, 68.28319462903248, 66.0226569883823, 62.673423876352, 61.522990090000704, 63.4901192164154, 72.15966086132347, 75.51011079083297, 77.68387424581702, 80.02022605663379, 81.401112389095, 78.34035903043105, 72.86151230058903, 68.6330570202348, 65.42179911056762, 64.65782646478884, 66.38264376173603, 69.50568442091074, 73.72564312678777, 94.42951430731226, 98.39913304384967, 102.24827432337138, 104.06355877221488, 113.92495003879144, 120.24811042585277, 119.55213639105556, 106.768820732895, 100.73970289468934, 94.77221504287917, 88.3492409041997, 74.40296631653926, 64.38033946493645, 56.16279945638197, 52.4980864415317], [55.8722486926701, 64.05686613261811, 73.70325291656489, 80.39490152029258, 74.54359390317256, 65.03066522878265, 56.67480330495107, 17.324763501161968, 8.67960319121894, 0.0, 8.950596446606452, 21.61764603224692, 14.19797636956725, 10.675223105278363, 12.908966714538348, 53.93752617884715, 61.01948865111622, 67.89614959390313, 76.26981700096928, 83.66627203617944, 83.07944764532115, 75.04144448122322, 65.73655144058638, 59.57041937869635, 53.49193444921117, 21.39573032833142, 16.943329855333456, 15.18968019687044, 18.500239513745115, 23.14256274105325, 19.09768802853932, 13.467153168129522, 10.947376856460227, 10.50688045740247, 14.856586975699194, 42.09797899474218, 43.89137596177849, 50.746436825396536, 59.94134911778585, 63.13861440137829, 62.547334899622705, 59.209434413262386, 51.61827138973805, 39.96275415060461, 37.75899198702472, 29.76206849382371, 25.331974719357763, 87.81775719777094, 79.82092681435334, 73.85593332840176, 70.82398506241712, 66.83332015562867, 65.00893814289772, 66.0558201377018, 75.36109966729693, 79.45174850752288, 82.30858363893974, 85.40517233756151, 87.38628890629276, 84.86336515444184, 78.63106601281741, 73.3824073680962, 69.25624923066904, 67.64935283535122, 70.2025247394585, 74.24076730039032, 79.46876499235739, 102.00192637617788, 106.56638172458234, 110.59950030921333, 112.14857691005999, 121.68858362149618, 127.21332906487453, 125.86721331675439, 111.04259213366404, 103.00662719496441, 95.4605541026241, 88.14363524450646, 73.29131267927863, 61.419123321271435, 52.08181631283243, 46.88803234056904], [64.13860241478297, 72.44559800587399, 81.88995158470826, 88.11917129854568, 82.38218196034578, 72.91681656684219, 64.52745828342061, 24.348000963447863, 16.570027363362378, 8.950596446606452, 0.0, 13.667138112617904, 8.637480250729952, 12.512066911666714, 18.093559492188014, 62.86076521254021, 69.89722161867667, 76.67228904016225, 84.83960106740406, 91.95701095412366, 91.37076209086884, 83.63483734514173, 74.48193567226966, 68.35310283236086, 62.31875004175164, 29.718682268027784, 23.65845398009587, 19.226593210248094, 17.046029689561497, 18.221738809487587, 13.457863946408656, 11.819195138453425, 14.78888818231895, 18.014073763932856, 23.320246835879654, 50.859156350716844, 51.82050439028361, 57.655312666271186, 65.8896164509693, 68.30834160581344, 67.2397365873927, 63.21333196726463, 54.50118517277897, 42.64671380796211, 43.49582537060656, 37.17787184473751, 34.14695001395376, 91.80895343111078, 83.83493554751814, 77.54287193624958, 73.75901403352712, 69.0773633122415, 66.22203686941694, 65.65137454364874, 75.70649443440747, 80.62747793158982, 84.30804824659052, 88.21177140815573, 90.77694085208235, 88.80206242787341, 82.20328932924397, 76.09523334414094, 70.83769493052189, 67.82839123379561, 71.72318503196976, 76.87942899694976, 82.9682912024578, 109.45426005187596, 113.08331395931626, 116.30242261243518, 116.83862099486097, 125.7023388248427, 129.9576513587932, 127.79109246624498, 111.40213057952347, 100.55295578208832, 91.24429016512336, 82.97161524132586, 67.38848104486802, 54.34518085027426, 45.211331906666786, 41.44702494782046], [72.69123820608178, 81.21896076679462, 89.97282114081946, 94.95440651021386, 89.62910454116161, 80.5093635990744, 72.12770452009023, 32.682327584742325, 26.937425247398888, 21.61764603224692, 13.667138112617904, 0.0, 10.665681616619212, 19.687028519842755, 25.633402774343363, 74.01875198681172, 80.71997661607297, 86.94423427876957, 94.29868087620072, 100.41210390014467, 99.75140154633331, 92.99429406845634, 84.47722109672245, 78.56140538704338, 72.79810897245947, 42.95103203185542, 37.128316662065046, 32.042816690391824, 26.03965211518174, 21.499589178057214, 18.52109878529724, 23.006506420950227, 28.103117783995962, 31.518271098677303, 36.46358415520441, 61.45198440182709, 60.88580136131702, 65.5715721810627, 71.4286919895818, 73.42194658091198, 72.65975832411604, 68.4975089734518, 57.95756578619155, 45.92855234554245, 51.68584020875019, 46.84575495941927, 45.7346461502492, 93.63233701138275, 86.47310724479861, 80.47616191932534, 76.10220799683138, 70.78229151922446, 66.48703041215713, 63.26042627245551, 74.15805729284493, 79.9703892953852, 84.5987422887893, 89.26421484597037, 92.29016330202094, 90.81170774724116, 84.5448946159966, 77.97528311673824, 71.42727705438494, 66.25079152345036, 72.178915932723, 78.5993273518162, 85.17211989117072, 116.06856245033674, 117.14584997880533, 118.5838139576388, 117.3745625099612, 125.24609408286229, 127.74697955843405, 124.66114566117331, 107.9123862441455, 92.75705552867647, 81.04703964547805, 71.29741985804249, 54.59056866906779, 40.81098356694415, 33.8117347743005, 37.04649590871327], [64.91138290395315, 73.41754372228094, 82.44140130561335, 87.85293490495646, 82.0280401579508, 72.50982735699878, 64.28064661163405, 24.120748057944308, 18.823199907151015, 14.19797636956725, 8.637480250729952, 10.665681616619212, 0.0, 9.73757912917184, 16.684329924799886, 65.82807602746598, 72.77194448963074, 79.31554571874584, 87.18088420816176, 93.67938585587252, 92.83940676396875, 85.44925678107971, 76.5263593962658, 70.47515632891835, 64.53914459487046, 35.06996068124781, 30.549650483906095, 27.299166600407275, 25.52865797142494, 25.062855954227526, 20.54929203643965, 20.267666661977767, 22.50663364494786, 24.124502337337987, 28.413948337440274, 52.6163486514624, 51.41086399186892, 55.66154157049429, 62.361293571911816, 64.09785066571249, 62.9928300255295, 58.800675915426666, 48.9630695835522, 36.95213055240966, 41.20373640550688, 36.7026469628774, 36.68254701636233, 86.1118169712651, 78.28987185443519, 71.95711414327536, 67.77676227552534, 62.74284735154205, 59.2493089977847, 57.78000403450012, 68.12561463617676, 73.37845254250657, 77.46436361667745, 81.7822096192115, 84.67880087157667, 83.0951749007071, 76.39001464094945, 69.90064060479482, 64.02092827140953, 60.20680205025256, 64.85556258975971, 70.61401992996348, 77.08855579631505, 111.20676668492943, 112.69427910615548, 114.03524392962575, 113.01968284047189, 120.76079233044267, 123.77317883489143, 120.91484348613321, 103.46566864856703, 91.9898244508864, 82.86715085608144, 75.1401609959231, 60.66253449563712, 49.62027973617959, 44.13162536581611, 45.47343607651736], [55.61258644160249, 64.08923291608994, 73.19379061933695, 78.8327547400717, 72.79184526969087, 63.12704897359235, 54.96930848288417, 14.815550306287882, 11.044900487224002, 10.675223105278363, 12.512066911666714, 19.687028519842755, 9.73757912917184, 0.0, 7.396036308888294, 56.78750006282704, 63.72566262722952, 70.28115108912041, 78.26260217917688, 84.83960962529109, 83.89059440173416, 76.27023455765514, 67.25879078423061, 61.20062331300356, 55.26156207109377, 28.404649102171003, 26.290596794558528, 25.63417596188953, 27.92925416878605, 30.246565114591, 25.856930439341035, 22.366013988276634, 20.96109436535011, 19.38408430267494, 21.883597754633445, 43.15997173773187, 41.68313619159492, 46.357923550784314, 53.69232148785419, 56.08933881045988, 55.50347052541795, 52.018921182866606, 43.02849684441028, 30.871713017436058, 32.7705289765014, 27.169539924790058, 27.688056012941715, 79.33628800881162, 71.42565927858477, 65.38443451455915, 61.95040268604356, 57.6143899351636, 55.22370026633833, 55.6463513804734, 65.14879348735165, 69.46863637236315, 72.66470976004317, 76.1469950998938, 78.46546323894188, 76.3406843379936, 69.94725023664095, 64.31401724111379, 59.61683028941036, 57.379876837629695, 60.524272730042455, 65.1075966368078, 70.72209490624681, 103.3888080096122, 105.18325722769079, 106.79083816990384, 106.41542368532657, 114.58512411515974, 118.71429490989705, 116.60606549941654, 100.59699533935537, 92.52683678494444, 85.72722009361748, 79.40003691163193, 66.19877672954173, 57.014187884551596, 51.70859387657022, 51.937544044961356], [48.32975268284351, 56.840339939081204, 65.86513439783316, 71.48380821488027, 65.50304053321533, 55.910221591068144, 47.682839809740344, 7.559055496572636, 7.462498689324439, 12.908966714538348, 18.093559492188014, 25.633402774343363, 16.684329924799886, 7.396036308888294, 0.0, 50.37804504962381, 57.108248491063556, 63.4214422155479, 71.17177374085279, 77.55837052221035, 76.5791929271857, 69.11576659753626, 60.28830169157398, 54.31778447099043, 48.51113587411135, 25.64659998368778, 25.82632997189359, 26.954384996025208, 31.068071432200792, 34.345873236368725, 30.562812419994415, 26.27547004635399, 23.101543572820713, 19.29929109784152, 19.741382009024292, 36.6234195735932, 35.26937319796631, 40.98316816028396, 48.39315126905588, 51.95647367826863, 52.4115858660773, 49.97002897498742, 41.630773736365136, 29.543986332943508, 29.59729428941007, 22.048967435111173, 22.280023975446838, 75.34306937139206, 67.84658491280973, 62.496602022268696, 59.93029401393617, 56.32019389752547, 54.75284391318319, 56.268777281006855, 65.07799945444782, 68.59702454577436, 71.02793126554884, 73.65977381423295, 75.29991850395426, 72.53182618394165, 66.9218717405424, 62.39876137539918, 58.75986549478644, 57.53269665168733, 59.69295979626652, 63.22397475081905, 67.74025591075696, 96.22159359565363, 98.08243049417612, 100.0785825787438, 100.40598761225918, 109.23801764149871, 114.49007506849235, 113.20517465591394, 99.51856096365273, 93.37994440361105, 87.89889358819313, 82.14399649075719, 69.34012704062927, 61.128400600885314, 55.572985743307996, 55.41517736766947], [19.518649728260225, 20.837572379706877, 30.47944730523178, 41.36564563723754, 36.001812592592735, 29.699145705641264, 26.319119018893357, 43.17923696569222, 47.22974324087849, 53.93752617884715, 62.86076521254021, 74.01875198681172, 65.82807602746598, 56.78750006282704, 50.37804504962381, 0.0, 7.706018304020697, 15.90252132575017, 26.566657860328117, 36.71670092241879, 36.25629915411149, 25.28181537847403, 14.886853567826677, 9.52442354188898, 6.221410507833894, 36.873220793377925, 46.026063572016255, 53.43018892884491, 63.81638725415851, 71.64559453342606, 69.77840439493305, 62.25779158710896, 54.62177848013532, 47.63267216123539, 41.45761569766701, 15.398456513120788, 26.862998950976674, 38.3099888345607, 49.01666154878567, 57.25851519642174, 60.93137247565617, 63.78858671030969, 65.3304006830576, 60.50914898455566, 45.798653264309756, 36.321823816342416, 29.927904305862782, 81.30056587535206, 75.67369111116359, 74.00015421246003, 76.64047025787116, 77.80106006855998, 81.67523584692042, 89.64491991269718, 93.42657944895481, 92.38224114343085, 90.09666777330321, 87.63388967402425, 85.33158380103445, 79.57169886717344, 77.88610875681266, 79.65544116339767, 82.86202600569413, 88.27795564438146, 83.84439673763823, 80.67118982433355, 78.9420052814435, 61.66768612974566, 74.0565497314041, 84.54921087526074, 93.87772705949331, 107.39801146994041, 121.05317242690528, 125.25076104144946, 122.45004776540813, 129.07793402532624, 129.92185610498206, 126.8724311154243, 115.65712850101913, 108.53049384764172, 99.22541374936706, 91.1770303232839], [19.635642670012842, 17.782190450977772, 25.866389119084765, 37.037455703829586, 32.604867359589626, 28.351625571027917, 26.827328684596427, 49.7626366890497, 54.11555532269624, 61.01948865111622, 69.89722161867667, 80.71997661607297, 72.77194448963074, 63.72566262722952, 57.108248491063556, 7.706018304020697, 0.0, 8.362247172250347, 19.271618267054684, 29.831601145183424, 29.54659431257934, 18.425548951351214, 8.9446024952626, 6.7934456110091155, 9.59532852218735, 44.292494089047686, 53.28699740874956, 60.52961478812687, 70.62352853184875, 78.26338622131146, 76.64313971846057, 69.37363218481363, 61.8718524781222, 54.9642769074961, 48.84990503224254, 21.993045880209635, 32.009286044053745, 42.72632950316508, 52.01767590437394, 60.825047408015365, 65.25279072133243, 68.85971440762363, 70.85312164928095, 66.52518801134225, 52.22959779128878, 43.1922401733963, 37.32812601003964, 83.03732946812337, 78.29218477069846, 77.51685123436512, 80.82606648414314, 82.50968743745278, 86.71739650906288, 94.90069927719348, 98.18478730990151, 96.64742498343904, 93.86241196434297, 90.73194032191662, 87.82757895051925, 81.65756855844147, 80.99433959860234, 83.74452590089957, 87.59687843624216, 93.3546399567532, 88.54626327473231, 84.72739242429347, 82.02907155199108, 55.255949375747946, 68.99299607710469, 80.79743294828052, 91.54370173444845, 105.79362124536715, 120.69169677998097, 125.80902589872042, 125.49057000932527, 133.23070088164843, 134.72803337710707, 131.9002218095835, 120.87716600195967, 114.17264579255657, 104.81485872292998, 96.82389954373532], [20.9303638878234, 15.963344094871601, 21.028970759685457, 31.925418889053876, 28.942303107364662, 27.39147956681751, 27.764382211978155, 55.951841894071066, 60.7043858357151, 67.89614959390313, 76.67228904016225, 86.94423427876957, 79.31554571874584, 70.28115108912041, 63.4214422155479, 15.90252132575017, 8.362247172250347, 0.0, 10.992380317445216, 21.787039487996665, 21.719973134339668, 10.963653082897189, 6.308331927284502, 10.308676014614386, 15.955923312917651, 52.013973181810634, 60.83805230645253, 67.83845018440704, 77.48468712183173, 84.76280200604559, 83.38850251896203, 76.50102581683674, 69.2142998605908, 62.36233847891096, 56.33689999557055, 28.890704902030254, 37.49108839485139, 47.523491846353394, 55.0083977706083, 64.43804587313771, 69.76210029006569, 74.1168464380307, 76.22320518138555, 72.22054694626142, 58.778282764982585, 50.020348849452894, 44.70901704016382, 84.25000334322054, 80.61557586350803, 80.86615307619581, 84.82164755317176, 86.97664930005352, 91.38946489074688, 99.58841690214616, 102.43015778781385, 100.43666826067177, 97.20432158926543, 93.42046000958575, 89.89308536197441, 83.29181637582973, 83.82851834254346, 87.59440736744241, 91.99037507365608, 97.91178435335797, 92.89600883395201, 88.52647819197459, 84.82547053223847, 47.573164037879074, 62.313393795681435, 75.42735617203748, 87.64056327957343, 102.70065544776327, 118.88679486656746, 125.00066831468776, 127.6363822184863, 136.2487845691854, 138.36730252535716, 135.74077209765582, 124.96110502850246, 118.86066032859547, 109.64657733497448, 102.13938174429134], [25.71736684205443, 18.774027635258687, 18.111206592173446, 26.880133652836086, 26.716564232740353, 29.0624446927376, 31.32067195098135, 63.657889007265034, 68.78866031156403, 76.26981700096928, 84.83960106740406, 94.29868087620072, 87.18088420816176, 78.26260217917688, 71.17177374085279, 26.566657860328117, 19.271618267054684, 10.992380317445216, 0.0, 11.223082997000647, 11.932235067261876, 6.614326521321728, 13.937712041500284, 19.537948904722697, 25.587753141811145, 61.66975578117312, 70.21402403923669, 76.83894830324535, 85.8083394593676, 92.52769371290287, 91.4807750699136, 85.16434949765369, 78.22097276606084, 71.48406139609823, 65.62564864027267, 38.190143702206065, 45.40199660836503, 54.72307058669477, 59.92969975510767, 70.01159867041021, 76.38074066126451, 81.49454198895617, 83.40273323875013, 79.57429786279343, 67.45657850731098, 58.86279081887885, 54.02968590605825, 86.4998423382546, 84.36843531484818, 85.86986262395045, 90.48523814254992, 93.08535468424621, 97.57018895965588, 105.54373100559076, 107.97328206764499, 105.53506725748338, 101.88097897646453, 97.40631110919055, 93.17785034138957, 86.0999886975014, 88.15132609761969, 93.04278540388945, 97.90385258520303, 103.79014943985031, 98.74895767681976, 93.8989437114295, 89.0857380777765, 37.06599629965637, 53.0982712578134, 68.16676932184063, 82.38306472669264, 98.57466704123159, 116.3719746222289, 123.76738593301612, 130.38755667221375, 139.62925383565207, 142.32878864876264, 139.8332736963689, 129.29598423549132, 123.95109260902812, 114.95441399953992, 108.22333077801409], [30.793822076454525, 23.414882287767966, 17.467720481257825, 21.49900811342528, 24.659635129060327, 30.626819520873877, 34.499924615436754, 70.08651113335887, 75.82208787889756, 83.66627203617944, 91.95701095412366, 100.41210390014467, 93.67938585587252, 84.83960962529109, 77.55837052221035, 36.71670092241879, 29.831601145183424, 21.787039487996665, 11.223082997000647, 0.0, 3.266372708768704, 12.840803724669769, 22.98110376772193, 28.604747464226108, 34.61215515520401, 70.76776391165637, 79.1463467806294, 85.4520371621457, 93.79885314968419, 99.87031523140811, 98.95735357214699, 93.19154797652774, 86.58296384128779, 79.86254378023996, 74.1609168581324, 46.42412985806421, 51.74971485246199, 59.99108059832864, 62.654943777624936, 73.18435642205641, 80.58141102392923, 86.44643187263087, 88.08902088542501, 84.62014865182068, 74.13516264763476, 66.04903052949163, 62.297326767858, 85.86991060346796, 85.3467529844253, 88.14276912131892, 93.3859039384748, 96.43229800746404, 100.95571146411804, 108.65185730849267, 110.54409274573061, 107.62821823507383, 103.56136520252893, 98.41931026891686, 93.52315897676733, 86.05422046417368, 89.66180743451886, 95.67367416237252, 100.97802699532578, 106.7989424309294, 101.74638114020843, 96.4355237221008, 90.51499853353168, 27.817473577557084, 42.65319477066361, 58.746229545293026, 74.50170571795387, 91.50636458887524, 110.64388243139356, 119.20228209345836, 129.75631919282944, 139.78743188849128, 143.3460709819124, 141.27822822514244, 131.4644783177587, 127.41344064122715, 119.33248152069453, 114.21391614697384], [29.20206410979777, 21.546539165746708, 14.677934873923276, 18.589151180395003, 21.652132851425307, 28.016714833425173, 32.435384250270225, 69.09526197323696, 75.11115930510059, 83.07944764532115, 91.37076209086884, 99.75140154633331, 92.83940676396875, 83.89059440173416, 76.5791929271857, 36.25629915411149, 29.54659431257934, 21.719973134339668, 11.932235067261876, 3.266372708768704, 0.0, 11.755013192008334, 22.03663821775894, 27.69504529365476, 33.72877759247255, 70.40411552398648, 78.91615056876054, 85.30900901630149, 93.76856016144023, 99.83505004116229, 98.75749304099453, 92.91825427787816, 86.25476571739145, 79.41956959414532, 73.67274632174427, 45.305868979364135, 49.904881931224566, 57.66742203221355, 59.93960953871776, 70.43205895483568, 77.932198646251, 83.95229346008212, 85.7605088909744, 82.60874486522103, 72.26405417971456, 64.57811790399825, 61.45697745797404, 82.79847160814823, 82.34249692656267, 85.26468043808563, 90.62581500401544, 93.79993562274856, 98.43654586893861, 106.27069289632672, 107.94267127838015, 104.88667058483705, 100.70282659738497, 95.45002679450243, 90.484862987163, 83.00474126429766, 86.71178228793148, 92.8847558577813, 98.35287026168153, 104.33067328908749, 99.11044171396556, 93.63785399038161, 87.55908446603085, 29.778930104846502, 42.43682419850292, 57.27892592584384, 72.46978624216294, 89.12109597181578, 108.07661061127781, 116.53263772488454, 126.88758770926296, 137.4495043244568, 141.4068606910468, 139.6787155366617, 130.3012750441698, 126.69235706113749, 119.14196678112768, 114.57419740960866], [21.981775330660554, 14.001779697747175, 12.801190945620448, 22.61004990095252, 21.277258806625845, 23.509109592100593, 26.827707067855837, 61.55768624423497, 67.2969938333071, 75.04144448122322, 83.63483734514173, 92.99429406845634, 85.44925678107971, 76.27023455765514, 69.11576659753626, 25.28181537847403, 18.425548951351214, 10.963653082897189, 6.614326521321728, 12.840803724669769, 11.755013192008334, 0.0, 10.713609700867119, 16.85423677921498, 23.189189897983372, 60.827099235729236, 69.69715836374849, 76.5409921189618, 85.79503387079453, 92.53273767361135, 91.1159244726383, 84.60501416030245, 77.51656774762156, 70.51383194096736, 64.53517409473561, 35.44538079119588, 41.11279863349171, 49.4835158150683, 54.166821530840416, 64.14215102093398, 70.6455536403257, 76.06121900967379, 78.4129314550179, 75.27708967951847, 63.24573820046747, 55.521428376744964, 52.09639474697117, 80.3959951443865, 78.23176346286253, 79.87562855491417, 84.70760278007096, 87.56433529575726, 92.31975410002804, 100.65067174603271, 102.63429014589711, 99.91903488482522, 96.0321516949261, 91.36527318774012, 87.04459244664685, 79.98099887910467, 82.08494450696527, 87.23521247950148, 92.44140229111929, 98.70613823588843, 93.27144651798126, 88.08364707422109, 83.01682343227579, 40.44770328039934, 53.22284027021092, 66.0398286555714, 79.04285520712266, 94.41388600007585, 111.71458037472397, 118.8169475236666, 124.73729156747999, 135.08098618211838, 138.58170860838302, 136.784858987547, 127.13340325736088, 122.66044077768811, 114.74871869108836, 109.12726952987602], [15.89452202028966, 10.583190001646809, 17.149475763375303, 28.38833065608799, 24.2059564877898, 21.57044440940274, 22.249265538048213, 52.76236280729957, 58.20644206264686, 65.73655144058638, 74.48193567226966, 84.47722109672245, 76.5263593962658, 67.25879078423061, 60.28830169157398, 14.886853567826677, 8.9446024952626, 6.308331927284502, 13.937712041500284, 22.98110376772193, 22.03663821775894, 10.713609700867119, 0.0, 6.35600204875462, 12.750995121167602, 50.71457149954713, 59.79107501838137, 66.89582539833981, 76.63760271953666, 83.77211434778471, 82.07118129651164, 75.13491417405896, 67.80272831910797, 60.70020756237094, 54.60439468204905, 25.332120166867945, 32.33460077047833, 41.78752190021831, 48.81354647061888, 58.29926152002056, 63.84942025138125, 68.4638044108878, 70.69355235267038, 67.13432367542974, 54.01340089560967, 45.91112539944583, 42.070355001959484, 77.98698564124288, 74.31729105682506, 74.66253772563964, 78.74457070027131, 81.04724078394064, 85.5947214953618, 93.97224854584911, 96.53045516811339, 94.3697317964921, 91.01962262229272, 87.14805144182887, 83.59219575572668, 77.00133992618767, 77.5629773246524, 81.48545947862051, 86.06461007659594, 92.17563354977612, 86.95740800794768, 82.40761438930863, 78.55667493823402, 49.70528409458831, 61.57477861745815, 72.70341285574366, 83.6932229282383, 98.05091556206197, 113.6591933707816, 119.44011527582315, 121.48146522902644, 130.7030866221345, 133.40351411442984, 131.32462687288563, 121.30473942869452, 116.06568773937497, 107.94464590954064, 101.75695941673695], [13.203758059936495, 11.723600321756535, 20.98249758447749, 31.963396052908333, 26.821308740612675, 21.71398480167956, 20.15268897959399, 46.82792612009087, 52.119051170928905, 59.57041937869635, 68.35310283236086, 78.56140538704338, 70.47515632891835, 61.20062331300356, 54.31778447099043, 9.52442354188898, 6.7934456110091155, 10.308676014614386, 19.537948904722697, 28.604747464226108, 27.69504529365476, 16.85423677921498, 6.35600204875462, 0.0, 6.397891180345681, 44.48356233171174, 53.61736949614458, 60.77811235715286, 70.64954718355641, 77.87839236129805, 76.03866297107551, 68.97724627549387, 61.587776701170334, 54.439956341795636, 48.32081126964557, 19.096307891999675, 27.20704941395566, 37.64988894561353, 45.93348589631144, 55.1722489678756, 60.21953167167704, 64.27024608679828, 66.03630059129536, 61.95656201627136, 48.5471271426037, 39.945218962963246, 35.736096728056594, 76.56980248825714, 72.14774683380388, 71.74958110767562, 75.28953960405896, 77.1475234089164, 81.39992902573148, 89.57003022918956, 92.60776927981642, 90.87830741576143, 87.95929900756327, 84.64734347273277, 81.58500520276068, 75.2848098608777, 75.0049649508459, 78.12407979549883, 82.1499877244291, 87.93975612797213, 83.07467043197886, 79.07736233579605, 76.0224953700117, 54.50930133760014, 65.51014107514962, 75.69659713463564, 85.53698291455983, 99.39894476632762, 113.99998284104969, 119.02428059745333, 119.07263667627609, 127.20082642913233, 129.25966247910534, 126.9018270317675, 116.59686882153463, 110.93887283511246, 102.75069808746154, 96.46812519497375], [13.502076338091005, 15.75691670328066, 25.960404940770257, 36.45549739110705, 30.683187372966078, 23.75399995112474, 20.11618125551756, 41.093294902772264, 46.16416006146068, 53.49193444921117, 62.31875004175164, 72.79810897245947, 64.53914459487046, 55.26156207109377, 48.51113587411135, 6.221410507833894, 9.59532852218735, 15.955923312917651, 25.587753141811145, 34.61215515520401, 33.72877759247255, 23.189189897983372, 12.750995121167602, 6.397891180345681, 0.0, 38.2669397619005, 47.48023459663654, 54.72282822070965, 64.77080087156804, 72.12593381100719, 70.11376821051675, 62.88445016519195, 55.414252899536834, 48.2103033597369, 42.056450084316225, 12.953087709492818, 22.694434469943282, 34.149563773979025, 43.80220777858218, 52.602890802352576, 57.00587123001077, 60.382422105595936, 61.657719160023774, 57.024781424528484, 43.26397931226808, 34.09655115348508, 29.403578206959537, 75.69584226766786, 70.48959157098442, 69.2795413985108, 72.20710202015923, 73.57266009191368, 77.49785665139372, 85.43963842043586, 88.97941564033232, 87.717084191756, 85.26649638629108, 82.56613167579984, 80.0460353159695, 74.09977858816049, 72.90747013954143, 75.13349014646852, 78.54831620126664, 83.98947332561218, 79.50517099167443, 76.11755105503676, 73.94530490462611, 59.78463434763285, 70.01386287062608, 79.28722733067873, 87.98871592496043, 101.28733362602344, 114.8343312810741, 119.0745017322672, 117.01448010210862, 124.02401240511075, 125.41563203063147, 122.77958213885177, 112.19669531505254, 106.0844490238597, 97.8351739026868, 91.4289435418913], [45.13787328020257, 51.98820716439489, 62.40140766378543, 71.21297345597412, 65.08517243150932, 55.78408452579887, 48.23696403997812, 22.92214607546743, 19.481055421887827, 21.39573032833142, 29.718682268027784, 42.95103203185542, 35.06996068124781, 28.404649102171003, 25.64659998368778, 36.873220793377925, 44.292494089047686, 52.013973181810634, 61.66975578117312, 70.76776391165637, 70.40411552398648, 60.827099235729236, 50.71457149954713, 44.48356233171174, 38.2669397619005, 0.0, 9.577849314327459, 17.496491178652565, 29.080179303147514, 37.89415434979946, 35.12478410483345, 26.468208995170674, 18.385407014629838, 11.956105291798204, 6.664504744576449, 28.334336733984195, 35.0905301156742, 44.575926868855966, 57.230121238890575, 61.60299248730426, 61.239027697199276, 59.191989413597554, 55.91322358689419, 46.8045319800788, 35.55353753143721, 24.88277813026755, 13.40498692181585, 89.37331616267936, 81.001609585643