{
	"dissimilarities": [[0.0, 8.520467508796981, 17.824325506334123, 24.975722247079982, 19.07190556725106, 11.054923253678881, 5.38527570742195, 40.60546523546773, 47.6515993162378, 55.93859634636679, 64.2380965822174, 72.54534270723428, 64.44005368898682, 56.14855102374818, 47.91869418187798, 21.580773203571415, 21.681270565224427, 22.8613268542105, 26.552921744767165, 31.358402853790725, 29.31366994012236, 23.276879652267787, 17.41156069627422, 15.357688458751957, 15.861709210604168, 45.81369056260442, 54.710557967908436, 60.88123511958559, 69.84567863223866, 75.72958627066514, 73.64974662233836, 67.464476243145, 60.48943176831514, 53.61799187010153, 48.04601897302849, 19.47168769166114, 22.59261613243287, 32.19036102289768, 36.186400431426364, 46.56224256531579, 52.89631454692686, 57.27011651932211, 57.69168355894507, 53.782191018805875, 43.39760005902011, 35.59513227938119, 34.69436755373728, 63.62832163707525, 61.2932831831623, 61.09037079638988, 64.84521403456588, 66.69555172458051, 71.17271209618772, 78.58879405323289, 80.66926196122617, 79.76874492796122, 76.84629070580313, 73.53312417129655, 69.23303893830202, 63.689805216016644, 63.43401577905741, 68.00205250643054, 71.0070751017238, 76.1781205955745, 71.81632205489505, 68.81323017555317, 64.3231494725404, 54.441171117816566, 57.47538114299118, 64.3359835933504, 72.66058307689602, 85.76886645815749, 98.47258127626456, 103.02159633969963, 105.5823011915526, 112.96942764321516, 116.20721028122307, 114.16198224934672, 104.6742133615663, 99.94721264804868, 95.98964093568226, 93.4909311049776], [8.520467508796981, 0.0, 10.420022433763474, 18.87335259067792, 13.017860358653607, 8.593224012214565, 10.81789358373385, 48.91373929239058, 55.88238711276051, 64.12307240854321, 72.52720516117611, 81.01303389479726, 72.77168820351393, 64.41699748614417, 56.230315772106046, 22.8733462347585, 20.29918436705362, 18.89912799676136, 20.52887705963777, 24.655674180526827, 22.19102268780946, 16.30813461322297, 12.997825176019026, 14.1195631488409, 17.689479717840037, 52.58664249391773, 61.73851370912039, 68.23822636533697, 77.51451118922337, 83.68630415667512, 81.67713111921961, 75.28043515778752, 68.13954576987727, 61.10841259553992, 55.32041119793106, 25.25812177969013, 28.065371455385385, 36.10218004796582, 39.296469176427706, 49.78654632887018, 56.43513649886372, 61.56773230891024, 63.33573753401212, 60.495452526284936, 49.44407204551633, 42.572037428999096, 41.7910897749373, 65.16601225700542, 63.5542352590858, 64.15711109555808, 68.71052225588795, 71.30310870815254, 76.45230963349738, 84.55570527317484, 85.80593198196699, 84.16137810164352, 80.5551935925247, 76.37935085040925, 71.45283167276895, 65.56878530823143, 66.20746679690629, 71.83046130680381, 75.84524038199108, 81.84134255736491, 76.63389565336618, 72.63441668515466, 67.09789477212323, 49.676901460890754, 53.68857882173798, 61.639895341175624, 71.38677441031133, 85.03575906557896, 99.0238105045042, 104.49841171597001, 108.99159907544269, 118.59810722265908, 122.96012152553405, 121.51518835276443, 112.5373049006738, 108.29353353843445, 104.31166961339527, 101.41067217167667], [17.824325506334123, 10.420022433763474, 0.0, 9.026635782444918, 5.375605508401356, 11.444820639584485, 18.161337436746397, 58.21658393846773, 65.40024598531724, 73.70329403883673, 81.92659969911901, 89.86670533600466, 82.0338860503827, 73.77792108122028, 65.50066306051073, 32.04608099520431, 27.799647137733785, 23.546902445425918, 20.43181709212663, 19.879444914111133, 16.209804370616133, 15.762732166510379, 18.882910190236462, 22.670806836687, 27.443206398504714, 62.929636801028565, 71.9827314955376, 78.3546999081515, 87.31613111483298, 93.16124664996688, 91.26716347754771, 85.16747073180147, 78.1869120385238, 71.26256710359381, 65.56493006288581, 35.61710171508868, 37.180367712067955, 43.21887909386509, 43.63133489778177, 53.85680667470654, 61.43714409283893, 67.47995212696074, 69.6732335977845, 67.8428974017965, 58.05580847605437, 52.14518167605109, 52.078252474103344, 65.13529685576138, 65.17877554419417, 67.45930858083838, 72.90328522150546, 76.21664892866714, 81.58459095710155, 89.773473186759, 90.17671236589229, 87.72070082645429, 83.3487568058073, 78.27148371631625, 72.46846860988738, 66.09219725322349, 68.59806806297733, 75.59727837239654, 80.54962282855132, 86.88255847421381, 81.23660426601533, 76.29356373084711, 69.38096668794459, 43.46992442815669, 45.420082887285986, 53.50391807437209, 64.61498058457148, 79.06278965035395, 94.73527274523077, 101.56476030014728, 109.97350886349113, 121.39105239267654, 126.97618743498002, 126.23786563396757, 118.07007470627099, 115.15336352347592, 111.79689948024568, 109.8239935144333], [24.975722247079982, 18.87335259067792, 9.026635782444918, 0.0, 7.82298997203729, 17.297926332341454, 24.20487360955824, 64.17663313432303, 71.54603367998439, 79.88142009835404, 87.79536183207018, 94.96632371846749, 87.7337777472732, 79.6824203028645, 71.35126314158528, 40.80063702592267, 36.322276429810636, 31.269494036814123, 26.052015864309407, 21.566202878515636, 17.5203467747588, 22.131072188477134, 27.326305966493518, 31.440184162711276, 36.19628769339979, 70.65774055866589, 79.45630591252204, 85.49895087017163, 93.90383175745666, 99.19573063928927, 97.41067243720512, 91.79216583979957, 85.10945848203232, 78.41318906057613, 72.94062197713329, 43.76131113935163, 44.46005700165916, 49.39706122620488, 47.41403920003886, 57.18303599844174, 65.55865839622793, 72.10254872694522, 73.911853541077, 72.56186051806169, 64.5516321166367, 59.131214602098176, 59.645992095911026, 64.60180357071533, 66.18947053198008, 69.90864982753016, 75.82259218952777, 79.45956324950228, 84.60119441484, 92.37450756730132, 92.33722931889278, 89.43594066000497, 84.63935613594612, 79.10533423832199, 72.70355440799544, 65.99983373066306, 70.15302031784384, 78.02354213828379, 83.36690094133635, 89.49834816291776, 83.94364870696924, 78.59243869858723, 70.79890005040322, 39.789442595873204, 37.49474185218794, 44.805927738062486, 56.81800609278359, 72.0824560898479, 89.08607952997583, 97.0244228814055, 109.09939297823597, 121.08044500602776, 127.33465261633901, 127.02243238765257, 119.50045752389184, 117.85142640109704, 115.22306860231208, 114.5674194458152], [19.07190556725106, 13.017860358653607, 5.375605508401356, 7.82298997203729, 0.0, 9.974393929469397, 17.83183877560071, 58.28075840377149, 65.73153074944189, 74.02423371228024, 82.11062066989535, 89.73229274822764, 82.00764587954605, 73.78187440438226, 65.47723339786265, 35.639637237506776, 32.13360478691361, 28.5597667775739, 25.80136093671458, 24.57881743214844, 20.684793790839905, 21.080000126874143, 23.489766458714975, 26.51353216744018, 30.588784905575917, 64.69894261106847, 73.7349423375801, 79.92684673968321, 88.76423377259982, 94.32249039433897, 92.25016268085108, 86.3034670184791, 79.40060392104355, 72.54452227046833, 66.97731731655348, 37.12767863263296, 36.97843576384282, 41.671885163960006, 40.40998278472826, 50.40827337779884, 58.44029202917122, 64.82376200310667, 66.97808535048775, 65.72120529289849, 57.0532242267294, 52.02340533646394, 53.24287015067174, 60.22722146854577, 60.738828439974306, 63.60631042390333, 69.30509755549075, 72.83980748494352, 78.20724043832449, 86.38935718559445, 86.42453319121509, 83.68599722141155, 79.09066988439226, 73.80244904876561, 67.78901809882889, 61.305086044993956, 64.37141146795533, 71.77887016574545, 77.01085483768975, 83.42362313103898, 77.6476705075202, 72.42156299576311, 65.10411573059201, 46.303242517925945, 44.90469822489026, 50.45098970584274, 60.37913796656402, 74.21065130250575, 89.55233593918783, 96.30767247518446, 105.1141066194059, 117.194695536994, 123.4536609055893, 123.27508212801462, 115.83296967785418, 113.93848722632829, 111.67371505721405, 110.94572292582139], [11.054923253678881, 8.593224012214565, 11.444820639584485, 17.297926332341454, 9.974393929469397, 0.0, 8.607434789906284, 48.78285002642971, 56.27976566332125, 64.51890295246004, 72.68382996851332, 80.60698626155148, 72.5488413290699, 64.23052180774285, 55.96464418270254, 29.827112010959222, 28.367422082451363, 27.416707566999982, 28.188011185332904, 30.285956413173285, 27.053506872014374, 23.574467210191493, 21.40292753900015, 21.880500588929976, 24.127522043973375, 55.70621380410307, 64.77680199670087, 70.92096235745247, 79.9383635070968, 85.58174661970172, 83.26461880483467, 77.15703968466767, 70.17270996129878, 63.28467132031643, 57.758151731163316, 28.127858366196776, 27.240737366948018, 32.75784051204393, 33.02158285613356, 43.400652646906636, 50.906345570053894, 56.6553471332987, 58.32525102385756, 56.43254650713956, 47.32422202153179, 42.07215917553413, 43.81392362876003, 56.936658845679844, 55.90260377387719, 57.3526572081876, 62.31879851181479, 65.26556617727303, 70.43720394679731, 78.57719485644407, 79.25968146289829, 77.18082099684592, 73.23220143492789, 68.7546334056308, 63.52763311326829, 57.474355172291524, 58.86406684654704, 65.11710213237212, 69.5754218493707, 75.72668308984025, 70.29013981036388, 65.84363566082259, 59.687195043576324, 53.34603610501796, 52.71012917383036, 57.12054674969879, 64.96488889402019, 77.54889674261355, 90.83574221426943, 96.07384438511879, 100.92605257866539, 111.52663664949543, 116.9603030931343, 116.41840472306384, 108.6112376762432, 106.07014607925578, 103.94463351655656, 103.19239672925245], [5.38527570742195, 10.81789358373385, 18.161337436746397, 24.20487360955824, 17.83183877560071, 8.607434789906284, 0.0, 40.474174384283984, 47.91531926402576, 56.198428435999254, 64.32498456101223, 72.23541218625107, 64.25844494572118, 55.98957064804283, 47.69468748829985, 26.342443368183083, 26.732674303652114, 27.71641606269763, 30.61049615154756, 34.278013151959804, 31.73637637076357, 26.86415857852367, 21.971638081539258, 20.23299182851231, 20.463592320169205, 48.04798150635581, 56.849222249915954, 62.7523455913269, 71.51430108917654, 77.02080510894335, 74.73168680215879, 68.75831696164589, 61.907533890501334, 55.15562902581561, 49.7892432480529, 21.7623227581181, 21.922889301172027, 29.853174503783197, 32.00241442715213, 42.361115625290616, 49.25320021581268, 53.99742743463549, 54.270813823740596, 50.924248917450214, 41.879432403342655, 35.19976893352469, 36.199102807245495, 58.46281604390621, 56.421867638209115, 56.68806039405208, 60.66019898058682, 62.697526664786665, 67.16272701876589, 74.5878373238372, 76.34895010316654, 75.20852772829713, 72.10281049419103, 68.65150000888013, 64.20362259571952, 58.577663979970346, 58.71767621325055, 63.62090697154983, 66.85652435315389, 72.09637429714915, 67.62126760527008, 64.38486172221289, 59.5658599764695, 56.54164856513436, 56.86811019737158, 61.6335725637067, 68.75149740999905, 81.1774707828281, 93.37637754312736, 97.73093516772165, 100.42450671328254, 108.34543940948036, 112.23797290109727, 110.7592314597548, 102.01399274539932, 98.41250241255847, 95.70825357000945, 94.67533844817699], [40.60546523546773, 48.91373929239058, 58.21658393846773, 64.17663313432303, 58.28075840377149, 48.78285002642971, 40.474174384283984, 0.0, 7.943045202391586, 15.953693429106817, 23.91650778450284, 32.86009339237631, 23.89479367620809, 15.566213877822603, 7.321139725973273, 43.223765990611334, 49.753872117854904, 55.96411226508661, 63.27966700813188, 69.91136546592986, 68.76085312612544, 61.587009242140866, 52.71411395677201, 46.8818181827349, 41.25672582964845, 22.57475213198918, 26.19388340545315, 28.601673187288554, 35.361344344515814, 39.693951310836965, 36.32342772392019, 30.954855775431582, 25.360264460897508, 20.79401376354736, 19.05666395759229, 29.256728896269365, 29.658199538761433, 37.071989350342896, 44.52137169068263, 49.25736583909173, 50.321478994732544, 48.53498483981009, 41.97209084414678, 31.476565063245445, 27.366813878827855, 17.72813340984194, 16.798497806475346, 71.83704735116696, 65.52397565668791, 60.160031041362984, 58.50527740488135, 55.66876498200769, 55.878089799059815, 58.793214879936876, 65.66217849841686, 69.32331334745898, 70.79719403515782, 72.5878090837499, 72.58140066419524, 70.09692666603426, 64.28394231636989, 61.73069447613408, 58.41491847865253, 58.46374688795088, 59.32495491861843, 62.56069403027244, 65.10626481510548, 89.04908804668217, 90.63464089731117, 93.68267652268563, 96.15353808186475, 105.16358428229837, 110.74509107019875, 110.12434208886899, 99.74870852100166, 95.79573037757916, 92.47922886355963, 87.09955263171175, 74.80351803769325, 65.63367109807734, 61.79842675331889, 60.50552096682911], [47.6515993162378, 55.88238711276051, 65.40024598531724, 71.54603367998439, 65.73153074944189, 56.27976566332125, 47.91531926402576, 7.943045202391586, 0.0, 8.344000816604108, 16.701299075454727, 26.74932783971315, 17.281247708690536, 9.261055239140353, 4.330218743578203, 47.95359879163787, 54.79009380951874, 61.36127564254268, 69.06748472993709, 76.09786101120444, 75.21595439989095, 67.74263078488627, 58.626272592813, 52.623076618415915, 46.76518479224474, 20.51643945337217, 21.162381466934814, 21.937202250756794, 27.88917414166947, 32.19254624294829, 28.588019658412957, 23.155204472353812, 18.06479237021785, 14.922462759609388, 15.485558531074592, 34.94446205302538, 36.302340399179684, 43.50661144079016, 51.61225163149595, 55.67494776489682, 55.782258346276095, 53.02684478441311, 46.00579891826727, 34.977638159206, 31.51726191370832, 22.702590724495344, 19.719659277836648, 78.58748180185916, 71.86292468957433, 65.83349807636455, 63.43021675049289, 59.936626546233455, 59.474163581656875, 61.444987102392055, 69.08388930167098, 73.49724845933054, 75.67510734763516, 78.15984149949648, 78.74089889777497, 76.67799907085397, 70.20775108622126, 66.6596734478443, 62.41878247660824, 61.571346686613005, 63.33364365407834, 67.49078875254796, 71.02132489512499, 94.81525064580023, 97.40896971620684, 101.00559903109121, 103.48289961085312, 112.40213645847125, 117.44568169646283, 116.32444573292082, 104.27200485193136, 98.19990914406418, 93.20912808862529, 86.76599146200056, 73.43707333959142, 62.181305011530064, 56.94944403293466, 54.193655670816675], [55.93859634636679, 64.12307240854321, 73.70329403883673, 79.88142009835404, 74.02423371228024, 64.51890295246004, 56.198428435999254, 15.953693429106817, 8.344000816604108, 0.0, 8.91022012626192, 20.368004215563854, 10.028777467043826, 4.368477949803685, 9.545006521453299, 55.19855443592114, 62.23687056594088, 69.04594712663116, 76.98111847343758, 84.20974166546368, 83.41232024284238, 75.77325912292268, 66.50894776933478, 60.40164335354135, 54.402503998612474, 23.676671757342206, 20.96952737041505, 19.02728669407283, 22.838306228408335, 26.308529382251184, 22.0081478292919, 17.09089038846069, 13.911764728198108, 14.277703470848701, 17.85762614497372, 42.48916974081599, 43.54810169992406, 49.73667266680422, 57.88654627650896, 60.91666694685034, 60.00653898912708, 56.218107740966396, 48.551178292080245, 37.30133114096565, 35.62140506043793, 28.69799906443472, 26.18614633804243, 83.83665874042721, 76.64882230680354, 69.92496981724358, 66.64301045221266, 62.41355428840977, 61.119596520646525, 61.98085481107284, 70.35104964153635, 75.56767284488012, 78.55120061449126, 81.87226256258397, 83.19278259824469, 81.70594700065027, 74.48589573392167, 69.7756675560185, 64.48666448881417, 62.60315591872337, 65.38465880815892, 70.58474745389026, 75.26812864433882, 102.70194424576103, 105.40567239588209, 108.71960364151293, 110.58903109037918, 118.89149163843766, 122.86126104358874, 120.92060249526538, 106.52572462369444, 98.32421455881362, 91.83196305242674, 84.6193261915811, 70.7639007464425, 57.98972354366868, 52.49204423683985, 49.43987604510687], [64.2380965822174, 72.52720516117611, 81.92659969911901, 87.79536183207018, 82.11062066989535, 72.68382996851332, 64.32498456101223, 23.91650778450284, 16.701299075454727, 8.91022012626192, 0.0, 12.218903906063916, 3.2086704164811, 9.037013497010726, 16.87227590602373, 63.92567464255517, 70.89736300207937, 77.60149560211252, 85.38351193597292, 92.38333667991249, 91.61068679005109, 84.26125168639653, 75.13862506720399, 69.10101580343117, 63.16728960432898, 31.350367591492528, 26.543274879225155, 22.076208847385413, 21.21561748788557, 21.60648519343896, 16.92940607487755, 15.487328777326095, 16.779972797926998, 20.54841043723611, 25.47751846769261, 51.35420990907739, 52.09428821380115, 57.54475742590053, 64.86369937807648, 67.0526437522925, 65.74953008554304, 61.33326540294519, 52.57765578279156, 41.28093643891356, 42.54898386336503, 37.00543380536608, 35.06670476480312, 88.90591328279965, 81.72934830669385, 74.86051925899098, 70.87968369421749, 65.98987773359394, 63.554986885801306, 62.71005355184795, 71.8825069605856, 77.89877603631761, 81.65046909133675, 85.79216088017735, 87.68656629462048, 86.6561027183821, 79.24080503745898, 73.66780440985326, 67.34097076856553, 63.98886905002864, 68.1582435626256, 74.38984749304196, 79.93505925572076, 109.85209732873214, 111.93663143298373, 114.67457848582758, 115.74489691205463, 123.47081027450925, 126.37295116784573, 123.71843125410984, 107.98597274542244, 96.74441256351074, 88.26476583665753, 79.92164014933003, 65.26299478329607, 50.94827696290809, 45.40396437368818, 43.56529241273468], [72.54534270723428, 81.01303389479726, 89.86670533600466, 94.96632371846749, 89.73229274822764, 80.60698626155148, 72.23541218625107, 32.86009339237631, 26.74932783971315, 20.368004215563854, 12.218903906063916, 0.0, 11.27187505504213, 19.151128563601937, 25.957034728295156, 74.25259421945377, 80.8729448681929, 87.08339631468019, 94.24611211058784, 100.47300583488583, 99.63469909170402, 93.14466928017778, 84.53077014109395, 78.7756704428883, 73.14298798018359, 42.947353671664715, 37.62761152895901, 32.11996113937061, 27.050564134070033, 22.568748316985705, 19.306481105881957, 23.263075486791273, 27.387300023345894, 32.092871767641334, 37.11044816910804, 61.611874027952965, 61.887013573044854, 66.75990759659338, 72.2614850496831, 73.77240990011737, 72.8065868321403, 68.27976228331963, 57.98601635256855, 46.87325500817123, 52.043096203613345, 47.358745518221355, 46.18760127480757, 93.13197185384605, 86.59193883329209, 80.28922410731326, 75.87041451660396, 70.46801677475169, 66.57137838502075, 63.31998296247347, 73.29545422695627, 80.03574484497669, 84.45872335175291, 89.3660537456129, 91.61031980890124, 90.89811041445478, 84.01458862414145, 78.00130689763712, 70.72722952368437, 65.428049504715, 71.38017029388533, 78.55275747496415, 84.54690256575826, 115.90244562214467, 116.28952111452112, 117.90961249321272, 117.80174597628653, 124.86751057331834, 126.60420725111734, 123.34476947388588, 107.70220960214823, 92.1887545106215, 81.03725049587044, 70.99862103110175, 55.00547835511181, 39.050359972831984, 34.259490264613596, 37.459766968613], [64.44005368898682, 72.77168820351393, 82.0338860503827, 87.7337777472732, 82.00764587954605, 72.5488413290699, 64.25844494572118, 23.89479367620809, 17.281247708690536, 10.028777467043826, 3.2086704164811, 11.27187505504213, 0.0, 8.655860150619057, 16.632294454121414, 65.0303921202213, 71.96966602143846, 78.59433800524755, 86.24912652530257, 93.06463615618779, 92.155469833545, 84.95360820923953, 75.90337777336127, 69.89998108611694, 64.00445404734286, 33.33605946296914, 29.152933499096726, 25.067341412962584, 24.381248327669873, 24.265323672587556, 19.64992900886601, 18.6574222459619, 19.70108535917275, 22.917493120095855, 27.463869612372488, 51.95258873500296, 51.96868085507474, 56.81888855424445, 63.57635900940288, 65.39812821535871, 64.05351983765459, 59.54265861440862, 50.37727089165412, 39.092988647372486, 41.65400531339116, 36.82520710236875, 36.0199885695369, 86.8002901365627, 79.63699611806214, 72.78372565276493, 68.6470527529954, 63.62030908598595, 60.91046773477088, 59.743966961667574, 69.02554561742593, 75.15992901509343, 79.04624494194985, 83.36582774199013, 85.401189830259, 84.51105344835855, 77.0649793438635, 71.30981849230616, 64.77060754685222, 61.12126140389912, 65.56252895204331, 72.00155683294693, 77.72842208500782, 110.5623703695014, 111.83678842228422, 113.86857562813314, 114.39122558262723, 121.67628187485634, 124.1064035356129, 121.18602937839464, 105.03434094063647, 93.57223119003439, 85.18885070565892, 77.06583010946996, 62.77022636522391, 49.21452329157152, 45.14419315365487, 45.14770531927737], [56.14855102374818, 64.41699748614417, 73.77792108122028, 79.6824203028645, 73.78187440438226, 64.23052180774285, 55.98957064804283, 15.566213877822603, 9.261055239140353, 4.368477949803685, 9.037013497010726, 19.151128563601937, 8.655860150619057, 0.0, 8.333083459157299, 56.89044616025578, 63.84249587669349, 70.49330575706574, 78.1998702391693, 85.11822384931877, 84.12246865134176, 76.74426644536278, 67.61989178966891, 61.58559878865559, 55.67040256231186, 27.04874506377139, 25.13786079466419, 23.36567365117201, 26.536390720619075, 28.972496301438316, 24.577109759200916, 20.7000951454061, 18.178465892996805, 18.37363748601637, 21.371152297470204, 43.42942492396525, 43.34905247349626, 48.655560057324344, 55.93805066647203, 58.478423573656414, 57.568799422671475, 53.67197815706577, 45.34415544586672, 33.971136225193426, 34.25794645538229, 28.39191024277699, 27.828369096948283, 80.78902537712709, 73.63600475910427, 66.9582927143533, 63.47850757624941, 59.064848489226726, 57.40541469397191, 57.87522740300363, 66.38949910885988, 71.74834205969924, 74.8920535651973, 78.44046224539099, 79.92813096887754, 78.60781972809465, 71.37225016959633, 66.44114736974215, 60.873243959571646, 58.60849797076286, 61.73882753214391, 67.20905489927023, 72.11199516125947, 103.55217775570303, 105.05967112667109, 107.37211678950227, 108.47623010178233, 116.19860066431347, 119.55201591684474, 117.27572787952316, 102.43297864612143, 93.96203298706511, 87.63782420872052, 80.72635237083205, 67.34714359407553, 55.58342137791754, 51.79344987333583, 50.97988808057836], [47.91869418187798, 56.230315772106046, 65.50066306051073, 71.35126314158528, 65.47723339786265, 55.96464418270254, 47.69468748829985, 7.321139725973273, 4.330218743578203, 9.545006521453299, 16.87227590602373, 25.957034728295156, 16.632294454121414, 8.333083459157299, 0.0, 49.87079921550238, 56.592764796009, 62.980375547001096, 70.4289843955547, 77.12038837291239, 76.02104584765121, 68.83036567617293, 59.879006823986806, 53.969097437844006, 48.22064462870294, 24.302533087589328, 25.286684336475396, 25.800353833486025, 31.03775383241901, 34.47952806801079, 30.679302633975723, 25.975303890784147, 21.544971834091058, 18.883048674804527, 19.42158253380185, 36.062718144914406, 36.0343629463854, 42.222028156497714, 49.39989014255187, 52.972027792656846, 53.10696716111287, 50.26726587348888, 42.58385995317561, 31.395279034775854, 29.905626558481618, 22.27409072725076, 21.83024029473586, 75.33338988043761, 68.63119605156534, 62.64824731010478, 60.06921340146449, 56.4161788946113, 55.64042618517336, 57.31496239406697, 65.04772789812954, 69.5619610327866, 71.86557023327848, 74.5506306286002, 75.2814534085638, 73.37062941444991, 66.88112066838482, 63.14070771463283, 58.66427302891398, 57.511604632639305, 59.55020222609778, 63.93381126933174, 67.65507568169114, 95.78722585742567, 97.10437296474622, 99.62675201944239, 101.29781684714963, 109.61826070269983, 114.04386062816694, 112.59036998080079, 100.11006143824893, 93.89502235187318, 89.1649725978528, 83.07698077782145, 70.27423839383272, 60.07457144769255, 56.444940146969316, 55.71142135093256], [21.580773203571415, 22.8733462347585, 32.04608099520431, 40.80063702592267, 35.639637237506776, 29.827112010959222, 26.342443368183083, 43.223765990611334, 47.95359879163787, 55.19855443592114, 63.92567464255517, 74.25259421945377, 65.0303921202213, 56.89044616025578, 49.87079921550238, 0.0, 7.771483242666676, 15.986984259277234, 25.818480125116753, 35.87522709238122, 35.93142063696782, 25.22713526549461, 15.187555908245766, 9.472534933192962, 5.957478405009369, 36.88117213159337, 46.08550307850686, 53.502145177432055, 63.97845182600802, 71.81639378299356, 70.02693079010979, 62.47159385462403, 54.84585010782159, 47.575479821780846, 41.349131633895766, 16.15871382560388, 26.78807819243758, 38.53015842741665, 48.77153816303125, 58.31572680034304, 61.75001734382015, 64.40361787338382, 66.28872028477228, 61.35457685037569, 45.810432508153795, 36.333953912780274, 29.918126781651086, 80.14458703267046, 75.73677695732488, 72.98970957045135, 75.66848678712817, 76.85051501419862, 81.74392514092429, 89.7752886981124, 92.59858890480163, 92.49131700927029, 90.34978087285467, 87.71483601080179, 84.46590658048636, 79.69313022422692, 76.8992723554922, 79.71027419149061, 81.95362209385144, 87.44804168889992, 82.96177365610323, 80.74588975377162, 77.99316570737383, 61.28568089055339, 72.68238602886308, 83.6305661908081, 93.6388921007784, 107.01071604870283, 119.52660168078222, 123.46144880281936, 121.77858861302526, 128.50895941616258, 130.18132964794546, 126.91169840674512, 115.69296418578026, 107.24238655390971, 99.87790726386994, 91.8779133102897], [21.681270565224427, 20.29918436705362, 27.799647137733785, 36.322276429810636, 32.13360478691361, 28.367422082451363, 26.732674303652114, 49.753872117854904, 54.79009380951874, 62.23687056594088, 70.89736300207937, 80.8729448681929, 71.96966602143846, 63.84249587669349, 56.592764796009, 7.771483242666676, 0.0, 8.350012651571557, 18.352605334536623, 28.751186573214003, 29.130164889436145, 18.248455194082073, 9.167517933002696, 6.663256784022661, 9.518569546121833, 44.2969758431066, 53.28723521377698, 60.580854951909856, 70.7077032652993, 78.34329062489108, 76.78856367619778, 69.48814845888577, 62.02214416989178, 54.86324157455595, 48.713510033806564, 22.652783295892338, 32.090854320727715, 43.06591542661659, 51.88079169224071, 61.8346797175402, 66.04991586812798, 69.45588637704256, 71.73396703855728, 67.33229197411335, 52.28717758262369, 43.24052173389301, 37.34668854084899, 81.87058690984443, 78.34363056777359, 76.565654061311, 79.91822799471052, 81.62083744026302, 86.78030167027134, 95.00215535754789, 97.35967547004466, 96.73974983631317, 94.06985541915816, 90.80030815073209, 86.93244247040192, 81.74541187727301, 80.02124223316908, 83.79777453870689, 86.71654242613168, 92.53230079374563, 87.68178694258125, 84.7919281220061, 81.08082660455194, 54.66730162660778, 67.41985952841951, 79.74177727358153, 91.07836445434587, 105.2804364014232, 119.0903392144368, 123.98014804048373, 124.83248171763925, 132.62681336094465, 134.89224806544905, 131.84480341130464, 120.78931224412538, 112.82192957425112, 105.31534186237702, 97.38003641353107], [22.8613268542105, 18.89912799676136, 23.546902445425918, 31.269494036814123, 28.5597667775739, 27.416707566999982, 27.71641606269763, 55.96411226508661, 61.36127564254268, 69.04594712663116, 77.60149560211252, 87.08339631468019, 78.59433800524755, 70.49330575706574, 62.980375547001096, 15.986984259277234, 8.350012651571557, 0.0, 10.05258667377163, 20.65265672742221, 21.4064666059907, 10.814982654037681, 6.314312351422046, 10.359343678794955, 16.102482143821526, 51.98882278266817, 60.78913568363027, 67.87497385509687, 77.54580204604008, 84.82494227016464, 83.48220744378833, 76.53911624856147, 69.27512357959516, 62.24452584176664, 56.201708905036284, 29.49218894567221, 37.81061208822105, 48.03446300439771, 55.08362632543333, 65.34207594910964, 70.44045333735545, 74.57455379382753, 76.95729978557338, 73.00157539614419, 58.84095548300231, 50.11006867353116, 44.77458275220559, 83.13675281823052, 80.6620504380622, 79.9965752926037, 83.98976357704888, 86.15824154007068, 91.44131382082088, 99.67862426350237, 101.61604173757094, 100.51429176101199, 97.34073879275677, 93.48070161435074, 88.9771024981314, 83.36789730785948, 82.87896050174834, 87.62341838917476, 91.1356792141894, 97.11343645594755, 92.04154673053296, 88.55417285577114, 83.87941951564233, 46.978964818402055, 60.766096822108054, 74.45460977517794, 87.14032866414249, 102.22452838048598, 117.37788710170913, 123.2932371916875, 127.07761051242059, 135.7153702846924, 138.5370650498376, 135.7102458023074, 124.87587771587104, 117.57894821077932, 110.1164775967251, 102.64317558726196], [26.552921744767165, 20.52887705963777, 20.43181709212663, 26.052015864309407, 25.80136093671458, 28.188011185332904, 30.61049615154756, 63.27966700813188, 69.06748472993709, 76.98111847343758, 85.38351193597292, 94.24611211058784, 86.24912652530257, 78.1998702391693, 70.4289843955547, 25.818480125116753, 18.352605334536623, 10.05258667377163, 0.0, 10.803194186191277, 12.244322578793, 5.314625665649369, 12.452828198344747, 18.634721607679733, 24.94412591363931, 61.16016020553326, 69.78899839238038, 76.61751779763895, 85.77160302397094, 92.58151614673582, 91.42465438462031, 84.9095153957355, 77.87817257137687, 70.9926348331824, 65.08323514411319, 37.87782211998411, 44.93434714275905, 54.208308824479474, 59.13256681971344, 69.53821456205701, 75.59852968699275, 80.49348149823943, 82.87549559621405, 79.43418257196073, 66.46314885464506, 58.1408722134512, 53.530075376805115, 84.43212332863747, 83.25252994106972, 83.9075401890647, 88.57618109515471, 91.23408465517967, 96.57565968801767, 104.73429602076787, 106.1868669477418, 104.54739669209441, 100.82497339075493, 96.33316310048272, 91.1298872764571, 85.08190524922445, 86.07075320298725, 91.87419595919124, 96.00644658172168, 102.0850616154569, 96.83344031044193, 92.71828156767084, 86.9857802927301, 37.8701518979712, 52.45679594495666, 67.67617824683863, 81.91150083727051, 97.96433730671967, 114.64573887761388, 121.76435053717952, 129.09454886273576, 138.6371550306244, 142.1344816536499, 139.624890702861, 129.17160914965817, 122.8267949466295, 115.6440523524961, 109.00974824354043], [31.358402853790725, 24.655674180526827, 19.879444914111133, 21.566202878515636, 24.57881743214844, 30.285956413173285, 34.278013151959804, 69.91136546592986, 76.09786101120444, 84.20974166546368, 92.38333667991249, 100.47300583488583, 93.06463615618779, 85.11822384931877, 77.12038837291239, 35.87522709238122, 28.751186573214003, 20.65265672742221, 10.803194186191277, 0.0, 4.197455455132907, 11.813209345294869, 21.579933543566142, 27.83053169877789, 34.11698376256959, 70.11939963440831, 78.57718006226197, 85.07141354335486, 93.63330425439301, 99.8333666367702, 98.80874868525383, 92.8084955073257, 86.05538240803462, 79.34882823807783, 73.62256571370202, 46.17993420533579, 51.944962595206995, 60.25670399631678, 62.86039859802537, 73.21467210288111, 80.2456993454977, 85.81540112566684, 87.91893826024447, 84.94676307524345, 73.56209777293893, 65.66796585119077, 61.91699055433099, 84.77652212042729, 85.02477943512395, 87.08150465702853, 92.33188411381293, 95.39118183628996, 100.62123780379395, 108.49388988539451, 109.50301058668543, 107.37905085614614, 103.17176643882166, 98.14791237894627, 92.28939469029682, 85.8524108229762, 88.42104373318543, 95.2030793327476, 99.82819728274286, 105.81913651147171, 100.55755386761531, 95.93642637551287, 89.22223898538208, 28.633780111358973, 42.59446970138098, 59.16088621792379, 74.86941084008632, 91.86935998813225, 110.0222592078501, 118.35331747560463, 129.51690369122494, 139.68518941289048, 143.8336157013656, 141.6864601349481, 131.76399458949314, 126.6436804783977, 120.06464913969533, 114.77337933173325], [29.31366994012236, 22.19102268780946, 16.209804370616133, 17.5203467747588, 20.684793790839905, 27.053506872014374, 31.73637637076357, 68.76085312612544, 75.21595439989095, 83.41232024284238, 91.61068679005109, 99.63469909170402, 92.155469833545, 84.12246865134176, 76.02104584765121, 35.93142063696782, 29.130164889436145, 21.4064666059907, 12.244322578793, 4.197455455132907, 0.0, 11.349179321601149, 21.10042557361766, 27.2934009756992, 33.545068016200176, 70.0213869538764, 78.65700312395354, 85.14930311201368, 93.80647964132547, 99.91666939461267, 98.7116537208394, 92.69789559945478, 85.88146842138894, 79.10308894825542, 73.35602644706576, 45.087497455766304, 49.94402860763104, 57.64831817290016, 59.567081091904804, 69.85451150591551, 77.08974648703389, 82.87457766152099, 85.08936365989477, 82.48414751400205, 71.50070592299997, 64.09564430301278, 61.17594679426784, 80.80179361434615, 81.23882929565713, 83.55741429258227, 88.96900186823876, 92.18492887884108, 97.48986854185091, 105.45943079885818, 106.21609738281435, 103.90236078494989, 99.54892975521622, 94.38013926420308, 88.41380236433227, 81.93337108102473, 84.74021811941962, 91.75249231200802, 96.58381233296176, 102.70988139409268, 97.29189152092147, 92.46501777401294, 85.52365970101272, 30.404899247592052, 41.289294567373766, 56.40366828156887, 71.56947887204605, 88.22341479176801, 106.18509495585977, 114.44820491004626, 125.6735115169953, 136.4112101380536, 141.05706474502952, 139.31694945230836, 129.88088235372368, 125.4125726873711, 119.60130907493377, 115.14162837281847], [23.276879652267787, 16.30813461322297, 15.762732166510379, 22.131072188477134, 21.080000126874143, 23.574467210191493, 26.86415857852367, 61.587009242140866, 67.74263078488627, 75.77325912292268, 84.26125168639653, 93.14466928017778, 84.95360820923953, 76.74426644536278, 68.83036567617293, 25.22713526549461, 18.248455194082073, 10.814982654037681, 5.314625665649369, 11.813209345294869, 11.349179321601149, 0.0, 10.328868396106566, 16.84707642997529, 23.324574784509384, 60.70414227983627, 69.64189686494389, 76.52343394109536, 85.90032966438112, 92.6614180944994, 91.23307722039665, 84.62627709517525, 77.45651797283679, 70.42804060301756, 64.4472756355673, 35.75193541127045, 41.58476673962223, 50.105041135922484, 54.4401006015788, 64.81146377761166, 71.03726915644361, 76.19590020544635, 78.87215191439076, 75.93727168886427, 63.215662961120294, 55.57560471794005, 52.1344911387668, 79.35484535151542, 78.23452693402918, 79.06797715874478, 83.92863175441724, 86.79659388701319, 92.31605910822651, 100.71344670875, 101.829979992721, 99.95016334668999, 96.05152783873262, 91.38348274341868, 86.09498059498017, 80.02954018936035, 81.13636741954436, 87.17746722611733, 91.59358302818316, 97.93932374048002, 92.40635943339615, 88.01145363071437, 82.04728754295176, 40.12126264930119, 51.81446872871162, 65.26640917506884, 78.67020719403013, 94.12364034150255, 110.39672994353565, 117.30929711310323, 124.30413638083076, 134.68027326463692, 138.8407614205212, 136.87537057499287, 127.04564716586513, 121.47635213225303, 115.28280634652026, 109.64231012659236], [17.41156069627422, 12.997825176019026, 18.882910190236462, 27.326305966493518, 23.489766458714975, 21.40292753900015, 21.971638081539258, 52.71411395677201, 58.626272592813, 66.50894776933478, 75.13862506720399, 84.53077014109395, 75.90337777336127, 67.61989178966891, 59.879006823986806, 15.187555908245766, 9.167517933002696, 6.314312351422046, 12.452828198344747, 21.579933543566142, 21.10042557361766, 10.328868396106566, 0.0, 6.557572751459639, 13.059120294851333, 50.76839790040706, 59.90493861499789, 66.96011529205154, 76.76103330408614, 83.85021429007732, 82.20044882295232, 75.2537984258397, 67.88336547028578, 60.71774880353186, 54.63015110564329, 25.85812875594158, 32.80233354311338, 42.50715556983315, 48.94208705810655, 59.247100180883066, 64.60450956972171, 68.99181921646573, 71.44565004532333, 67.90298314215921, 54.208986394774996, 46.09039962913875, 42.20299754083725, 76.82875163440983, 74.37857259565028, 73.87072785914648, 77.99925638981807, 80.30974724508366, 85.67562255845053, 94.04744077696162, 95.73028582500365, 94.45559556644916, 91.16477160949113, 87.21908266707442, 82.67143982600126, 77.05366312920671, 76.64803903704785, 81.5626207899167, 85.25929765711938, 91.39041202483529, 86.14718927590904, 82.47732756071653, 77.6388583730341, 48.74231715715692, 59.45787563365827, 71.20983762601016, 82.83327441805783, 97.25921285057568, 111.83820584776448, 117.44847832964642, 120.83164490230686, 130.00514211094463, 133.4031018045536, 131.0942941786261, 120.8997330841093, 114.50616799533134, 108.21664869134538, 102.10660173570541], [15.357688458751957, 14.1195631488409, 22.670806836687, 31.440184162711276, 26.51353216744018, 21.880500588929976, 20.23299182851231, 46.8818181827349, 52.623076618415915, 60.40164335354135, 69.10101580343117, 78.7756704428883, 69.89998108611694, 61.58559878865559, 53.969097437844006, 9.472534933192962, 6.663256784022661, 10.359343678794955, 18.634721607679733, 27.83053169877789, 27.2934009756992, 16.84707642997529, 6.557572751459639, 0.0, 6.502050325835847, 44.41366491875808, 53.67783814692446, 60.807173133022104, 70.84289070636703, 78.08800092625911, 76.28116909420874, 69.15060852248992, 61.66960082229384, 54.427612613188295, 48.288690933071486, 19.527448306565887, 27.478712610022345, 38.12780421563389, 45.93307467196918, 56.06599924621225, 60.82118670923927, 64.61836784003786, 66.75129796985534, 62.71986697000344, 48.528424744549135, 39.98377515192364, 35.75871096468022, 75.45301142058237, 72.18756682859345, 70.81488829365722, 74.39123289616285, 76.26802286675465, 81.43530057871354, 89.67678831042466, 91.7843234366992, 90.95545175143333, 88.11152269181294, 84.70358226007403, 80.67524182911303, 75.38446026081738, 74.0182960872738, 78.1233427141406, 81.25558721380831, 87.13436322697848, 82.18612392893688, 79.08090879793076, 75.04808609751514, 54.2020097035996, 64.12301827139045, 74.81631850042736, 85.31067724648926, 99.07416880159468, 112.55164926215572, 117.33360464522656, 118.49948833951971, 126.70894339823697, 129.54536321974788, 126.98793651777014, 116.56532704927078, 109.67746209914539, 103.38876020092317, 97.114847365331], [15.861709210604168, 17.689479717840037, 27.443206398504714, 36.19628769339979, 30.588784905575917, 24.127522043973375, 20.463592320169205, 41.25672582964845, 46.76518479224474, 54.402503998612474, 63.16728960432898, 73.14298798018359, 64.00445404734286, 55.67040256231186, 48.22064462870294, 5.957478405009369, 9.518569546121833, 16.102482143821526, 24.94412591363931, 34.11698376256959, 33.545068016200176, 23.324574784509384, 13.059120294851333, 6.502050325835847, 0.0, 38.160403590378884, 47.56572736522173, 54.76666117795885, 65.05208336857943, 72.45518225006447, 70.47396130184218, 63.14805114211299, 55.5506279748829, 48.22868676359145, 42.03746676169163, 13.44618877919721, 22.838273069132065, 34.4873134578404, 43.71622548441724, 53.51939420185977, 57.57288278135145, 60.68064627522398, 62.4161694466659, 57.83178813635531, 43.143245131732066, 34.078278643086044, 29.392267784481636, 74.61775019546195, 70.54286688711056, 68.27230486055703, 71.22771436072216, 72.61667131569247, 77.53295340616894, 85.58948625613947, 88.15707020277218, 87.81331297279645, 85.45871829568473, 82.63709148407783, 79.17081802977187, 74.25018589894748, 71.90092122234313, 75.11713220105716, 77.61590396341818, 83.18443846735, 78.58798318465205, 76.11452385004543, 72.96369163684278, 59.781392346057174, 68.98608547394532, 78.70343444129779, 88.11550974996366, 101.20445052811355, 113.57524249201226, 117.53073985209252, 116.47626695836298, 123.64334820504163, 125.87579258229863, 123.05321966540093, 112.40096438413943, 104.99572592619711, 98.71698415643566, 92.28748152740081], [45.81369056260442, 52.58664249391773, 62.929636801028565, 70.65774055866589, 64.69894261106847, 55.70621380410307, 48.04798150635581, 22.57475213198918, 20.51643945337217, 23.676671757342206, 31.350367591492528, 42.947353671664715, 33.33605946296914, 27.04874506377139, 24.302533087589328, 36.88117213159337, 44.2969758431066, 51.98882278266817, 61.16016020553326, 70.11939963440831, 70.0213869538764, 60.70414227983627, 50.76839790040706, 44.41366491875808, 38.160403590378884, 0.0, 9.886486518666478, 17.464307855488894, 29.175946342071256, 37.88675390519417, 35.31247308186732, 26.739672117271372, 18.75735058340599, 11.589299319794403, 5.879438019830383, 28.627190864704716, 34.95098743300293, 44.77363524469034, 56.929648242772025, 62.594982173151635, 62.141761636180775, 59.971609396352584, 57.020211599609915, 47.77641608361047, 35.678865889454286, 24.879631665708278, 13.231887314448645, 88.25120926356077, 81.03727745408811, 74.54549885494119, 73.13593134206256, 70.768514294