{
	"dissimilarities": [[0.0, 9.032257202789893, 17.790806856188475, 24.629637103155737, 20.86630342217176, 11.872701346067833, 7.000463117122609, 39.6848602166258, 47.61597774538244, 56.0086867457738, 64.20746526596005, 72.8964048274667, 64.80440381059316, 56.50878808347369, 47.166154413723326, 17.70715601065823, 18.6409728641142, 20.08148137024303, 25.75083095736675, 31.424612829685916, 28.35170683657104, 22.064204142422422, 14.73999167195738, 12.240075323551158, 13.0155619168447, 44.39081891364966, 53.46704483795751, 60.10062330686814, 69.90374963378947, 76.70465902639188, 73.39069893697906, 67.19861759610417, 59.94132161417969, 52.71453979182577, 46.95817259717296, 17.081598857461472, 22.774362940468787, 34.25221619316982, 36.89114889983388, 47.35447823911615, 53.706590339813026, 57.583756311332, 57.908266782513216, 54.29462477920142, 44.5850622591059, 34.81929458883915, 32.94225236959782, 65.71127996377378, 62.220823739971436, 62.094257806342945, 66.27946180103406, 67.15120023245382, 72.77493242609137, 81.0937451443995, 80.10243260807627, 79.41804768943227, 77.00167413312657, 73.6489663464493, 71.17542060109578, 65.74423760924793, 65.40847710734401, 68.6468799234743, 72.19731792449052, 78.14549762140291, 72.9940420871046, 69.42600678287887, 66.29633355865305, 54.90018780420273, 58.90277894831284, 65.21946390108165, 72.32085418891103, 87.40756020688885, 97.43521269261724, 98.39962589072412, 105.37078048224457, 113.33820579061585, 117.45724380352408, 112.62291561493507, 102.64207917789604, 99.10885887044581, 93.15673488733043, 93.58974020664652], [9.032257202789893, 0.0, 10.726114665171774, 18.95952477626288, 16.54540384034965, 11.969128259771093, 13.464717343968418, 48.33902439904533, 55.90592039285504, 64.05209541093615, 72.4986350217658, 81.58219078940428, 73.47850750978377, 65.15364692278305, 55.86357006264406, 18.546514170550754, 15.676839804507859, 13.77952472726792, 17.895553376357714, 23.505649684167015, 20.153403356601068, 13.325368792069545, 7.9134677811319225, 9.863320325949369, 14.775231281571804, 51.1290784595573, 60.337311370243185, 67.228981432545, 77.21215349518192, 84.55415112365827, 81.37711047729876, 74.84389132266453, 67.49678766573913, 60.25551210477703, 54.304837732454786, 22.820897120741964, 28.93277216732883, 39.180943886409175, 41.60736569910686, 52.185571111667684, 58.69511782030697, 63.098010540241745, 64.88717793135507, 62.13816967933247, 51.13695452570097, 42.46036611308778, 40.31852239059205, 69.19069947903164, 66.32180806457256, 66.9775784565014, 71.76594663660197, 73.30821461740577, 79.64850174463098, 88.55872403384564, 86.95731307111306, 85.5124711184823, 82.52497792472975, 78.4076445823038, 75.27621341379832, 69.6397131262624, 70.07645571612926, 74.15163953025886, 78.6237051165177, 85.32536367364337, 79.42398762686857, 74.94497346066223, 70.9766641718331, 49.3039612363448, 55.32630875062284, 63.447137460270596, 72.35747071109968, 88.30664914003593, 99.82278184672742, 101.7099439771366, 110.58709470864608, 120.56192807077895, 125.5825390243864, 121.15165469355837, 111.43294996737646, 107.98998732056363, 101.64195413994835, 101.2201107270322], [17.790806856188475, 10.726114665171774, 0.0, 8.640017880731326, 8.089777150808914, 12.567039947250983, 18.736574109920653, 57.29317761177882, 65.36864345582671, 73.76431170648156, 81.89916936780405, 90.1591134880904, 82.31859903761854, 74.08027070029124, 64.70677614495392, 28.899222596364712, 24.668603557417775, 19.7897702783691, 18.170490943861942, 17.88991401725436, 13.545955150256997, 12.755136516541873, 15.429333470796266, 19.929206774567042, 25.358595443897304, 61.60665905608168, 70.74615878544884, 77.47740022930374, 87.06574517263684, 93.8829067889517, 90.85310034363766, 84.75449435570873, 77.56386558385805, 70.36438889049433, 64.53135608752437, 33.11901782573043, 37.04782417117806, 44.9026065718075, 44.01844423985561, 54.59632718417046, 62.61267317292826, 67.92644161458732, 70.24130089555202, 68.48598636755635, 58.76894453726439, 51.40178358846689, 50.414375706046364, 67.86264622515714, 66.73419053978466, 69.23682905536846, 74.74289115201339, 77.15353820288524, 83.69868969286816, 92.64882620199387, 90.22331814711997, 88.08528678760828, 84.45192149334416, 79.37171323779945, 75.04319725245439, 69.04554077760416, 71.32501053717367, 76.79392933235486, 82.13490867384103, 89.091362613071, 82.81474150423963, 77.46598330162368, 72.1146684578759, 42.80448889030847, 46.695779796325, 54.68402062415858, 64.79494723227928, 81.52676458355849, 94.78945811322349, 98.27143959333723, 110.68150771224838, 122.39239886596609, 128.75472780070223, 125.25504750353274, 116.51277127385578, 114.44732141068201, 109.00599258647118, 109.62180024434882], [24.629637103155737, 18.95952477626288, 8.640017880731326, 0.0, 6.581981498041528, 17.001749776270824, 23.75221054421853, 62.982710258321696, 71.41074089682162, 80.00297710064508, 87.7275401695618, 95.0577518362867, 87.62438699101128, 79.61057412495522, 70.22411502506851, 37.376367114638015, 33.08119889144177, 27.578700605500075, 23.518275930748707, 18.445306864380733, 14.541241311187193, 19.14217975874349, 23.85594078486403, 28.44547118572726, 33.717507241096904, 68.92490063074368, 77.87168858176013, 84.31803668713795, 93.33220596330396, 99.48276734083812, 96.6474153029089, 91.11005327578236, 84.18018673022317, 77.09858433143232, 71.4692255397743, 40.88591743410658, 43.68983712592085, 50.27870426888341, 46.70143578392397, 57.05899844458436, 66.30418148319555, 72.11912338905904, 74.13329655472548, 72.77370327520997, 64.77761131995445, 57.86205255416255, 57.504219511628406, 67.00150672393453, 67.442132747152, 71.37300133974199, 77.20536723967507, 80.05910507546167, 86.33627401685919, 94.88052960214758, 92.0449335580038, 89.6984732164301, 85.77241472657593, 80.17822809842764, 74.98255926953924, 68.75094188219136, 72.54244986029492, 78.90279366366218, 84.52665123105093, 91.21229948052641, 85.08051518590895, 79.44097666505166, 73.20302298064443, 38.525129292040646, 38.94275317942305, 46.414846269999316, 57.525083473376476, 75.05915829700157, 89.77280386689819, 94.75523912953324, 110.08401872440683, 122.1709918396725, 129.1721704455685, 126.2671016152409, 118.17054174941538, 117.18415396712426, 112.50738556078764, 114.1828390696849], [20.86630342217176, 16.54540384034965, 8.089777150808914, 6.581981498041528, 0.0, 11.237462491244456, 18.91626116988907, 58.442995575316964, 67.17440548075642, 75.8831023781233, 83.58955347432823, 90.91875316403902, 83.1529210224097, 74.94218992442347, 65.59862730379272, 34.829746296494164, 31.721289457127003, 27.648961648135742, 26.051958966819768, 23.5728945961461, 19.280799863157494, 20.732983424957006, 22.731743808281095, 26.18307058684899, 30.687680898495977, 65.13923990266599, 74.23648306701801, 80.75239663268816, 90.14411954957937, 96.17224584005652, 93.01325368176006, 87.42518741276238, 80.32734149102797, 73.13013412583254, 67.50047974794931, 36.715138589286134, 38.050768545544585, 43.953472362282575, 40.141977015232456, 50.52959128405521, 59.73749628349141, 65.56143969224182, 67.6667588835623, 66.57068846423137, 58.69277464076752, 52.44853731271832, 53.08755929425665, 61.38113542060699, 61.283204642912054, 64.90527771360688, 70.6907524875547, 73.52176777680505, 79.91234782675832, 88.67163599858786, 85.7698713146274, 83.35865251489406, 79.46511609295985, 73.99227753336439, 69.06607353388775, 62.905293307814105, 66.24743084950067, 72.43738172294108, 78.07422099404776, 84.94772253934313, 78.64876848451885, 72.9977424929225, 66.93783178623028, 44.851238510335584, 43.78703229562741, 48.471294325879796, 57.21476687818211, 73.53032557330344, 86.77402888427173, 90.5928711105926, 104.40140591575724, 116.8148777811542, 124.13689482573753, 121.43692154195328, 113.77793456907506, 113.18650673140152, 109.24810978760043, 111.64795343282208], [11.872701346067833, 11.969128259771093, 12.567039947250983, 17.001749776270824, 11.237462491244456, 0.0, 8.695325645168845, 47.78448370754356, 56.610370663863684, 65.33572629388875, 73.13301918576536, 80.83216376876058, 72.65802924787693, 64.23497576823172, 54.93342398366307, 27.412473239409444, 26.714880151764728, 25.617053588168858, 28.22049594060705, 30.108127560809326, 26.000148040712237, 22.818855593457222, 19.51520369059401, 20.095399892831317, 22.66804037917034, 54.813884990073866, 63.992329611436126, 70.56051337994137, 80.3769206629959, 86.46621750538597, 82.96035022141585, 77.18439721198251, 69.91001772460807, 62.6205355102617, 56.99408114209522, 26.581069870444377, 27.102302169405036, 34.15744205504226, 32.29049079561302, 43.009498641061214, 51.286730699134516, 56.47485288242456, 57.97432407421856, 56.23574358722201, 47.90907540067816, 41.21499174804908, 42.29683871363662, 57.861744624621885, 55.89790966424475, 57.7923497491364, 62.963390490769456, 65.05120738349541, 71.28270684193684, 80.10732245158694, 77.8364690457168, 76.01878870242825, 72.70573732094678, 68.14633621643026, 64.41103784453949, 58.57373188512815, 60.06134488239218, 64.99568264244937, 69.87782531893204, 76.59819486005642, 70.55467120517328, 65.66004081813692, 60.85892492004605, 53.098518895096255, 52.93492655016185, 56.38509421898597, 62.61786546901065, 77.3712562269514, 88.0497224421379, 89.74564770550126, 99.58259918500997, 110.57479724365564, 117.0165845217689, 113.73660985508722, 105.65969651550178, 104.45355931383291, 100.56282124090517, 103.04911811662805], [7.000463117122609, 13.464717343968418, 18.736574109920653, 23.75221054421853, 18.91626116988907, 8.695325645168845, 0.0, 39.53884365968579, 48.296614803560935, 57.05275399852624, 64.7321443153286, 72.37529482771942, 64.37191596412362, 56.10236344942026, 46.743109770471044, 24.193148703385177, 25.463961563619947, 26.33834003555653, 30.72913754592992, 34.38856925171573, 30.945386740761265, 26.447278328792112, 20.60860796200328, 18.849173867200385, 19.326095432304218, 47.263981466900496, 56.15929632214377, 62.46533234461776, 71.9411582023507, 77.83426723074477, 74.40340638721187, 68.82103852369715, 61.72393094082472, 54.55448227258817, 49.10002747839127, 20.950091296354508, 22.705411752136406, 32.240897790253, 31.99751709327907, 42.58746866247057, 50.14672057843217, 54.46051826417708, 54.267731359488145, 51.074308372229005, 43.4607322916962, 34.74315101119996, 34.92646593770651, 59.59576995287578, 56.7211069191066, 57.352118129856976, 61.69928945072533, 62.813052511745816, 68.19640942440552, 76.29025123096636, 74.99274845175242, 74.23653646527255, 71.70258803330765, 68.1659891535498, 65.34059521989265, 59.77904131311329, 60.11338720933556, 63.81744000644266, 67.46141392133202, 73.22227689465802, 68.1697670354991, 64.50252115019236, 60.923942739365025, 56.256779836054804, 56.8883728589976, 60.777717841498536, 66.45388419214824, 80.95987898683832, 90.57316188691917, 91.56486027457666, 99.24102387413915, 107.37956618561856, 112.15680451500631, 107.92134331195533, 98.8057629671272, 96.61438396192419, 92.12062435181512, 94.39021379551151], [39.6848602166258, 48.33902439904533, 57.29317761177882, 62.982710258321696, 58.442995575316964, 47.78448370754356, 39.53884365968579, 0.0, 9.899508395695516, 18.81644990760337, 25.63846069793234, 34.32942058869569, 25.277263487993892, 16.84650866500181, 7.562871527029996, 40.79078814142138, 47.928921802120364, 54.202942859844384, 62.32868223529417, 69.67827566453187, 67.3720181994122, 60.31728498979328, 51.06665656551044, 45.16819776680807, 39.509076818582145, 20.25293329507775, 24.565643725549, 28.216540533794962, 36.889504328944, 41.298129838795774, 36.65283466933118, 31.719693861686213, 25.28147337601557, 19.294696750227793, 16.906416720669757, 30.02819917325469, 30.098040501598916, 38.70136672079251, 45.48296592538179, 50.27660319435192, 50.93955114172697, 49.68936481962111, 42.29391258154769, 32.559471702752276, 31.05776207293645, 17.66924890320723, 15.246965180702613, 72.70983599183604, 65.63899155672753, 59.98377079287959, 59.60270415933618, 55.93120311894347, 56.84466827064214, 61.01502208750488, 64.6064121911337, 68.46380049618473, 69.82503737496928, 71.46570463138667, 73.53921191021212, 70.45236963445353, 64.87515781054928, 61.95708336465688, 59.424569839238, 60.52207759471824, 60.291074123469684, 62.72975095411561, 65.68959714838753, 88.87373438016452, 90.71924231102655, 93.15411910170717, 94.4966598601445, 105.01854416937397, 107.94686609934637, 103.96269061773903, 98.66195359726413, 95.56627766486274, 93.17436834587721, 84.94368746943508, 72.13933223242303, 64.93719723061514, 59.033243664101995, 61.30298603347194], [47.61597774538244, 55.90592039285504, 65.36864345582671, 71.41074089682162, 67.17440548075642, 56.610370663863684, 48.296614803560935, 9.899508395695516, 0.0, 9.01640459600771, 16.773086774885567, 27.867291467994033, 18.93422576014924, 11.828860863902703, 7.673376269477408, 46.077983536586196, 53.3630733054115, 60.08115339896394, 68.50039750803262, 76.55911848932287, 74.59572438180147, 67.11613609365843, 57.711138107990436, 51.63102241880032, 45.70935460608147, 16.504760236488714, 16.889308432730363, 18.905495319236095, 27.36886047646551, 32.389015983285105, 27.45062191614062, 21.854790851838004, 15.528934545593591, 10.547970926851525, 11.050176982819325, 36.44020169424074, 38.01384745178736, 46.60491548663812, 54.72022328539342, 58.892067130986305, 58.20062025434624, 55.981281869370044, 48.2863896985353, 38.09086625176217, 36.50180864967458, 24.161610650960256, 19.133006027511254, 81.70783314729583, 74.15894982347139, 67.65147754242784, 66.57262478812987, 62.21724242510461, 62.41101833521214, 65.63940180127884, 70.21736669882193, 74.78064905540933, 76.77075627744152, 79.16952942959814, 81.92522605058295, 79.21094070772753, 72.87813174754467, 68.9835728167689, 65.53964408897481, 65.7860059594433, 66.43484446952414, 69.7829040967619, 73.70073248552474, 95.3331079149746, 98.71673795513306, 102.19727662019568, 103.93506952987565, 114.49911506812509, 117.04313444461717, 112.64058054686717, 105.42510189504374, 100.06481428643951, 95.59704387367609, 86.10354322069752, 71.8507148692815, 61.999840771378764, 53.90809528187782, 53.825436562886004], [56.0086867457738, 64.05209541093615, 73.76431170648156, 80.00297710064508, 75.8831023781233, 65.33572629388875, 57.05275399852624, 18.81644990760337, 9.01640459600771, 0.0, 9.574349437364718, 23.296478495994116, 15.21378380360422, 11.905833870664162, 14.514850001842182, 52.89890223782398, 60.22906864511596, 67.21479468670574, 75.82045309299865, 84.31368673725956, 82.53693985186233, 74.78272727527177, 65.30102997999154, 59.13552490394543, 53.08571168792214, 18.671189183621323, 13.989087717441688, 12.436299123682936, 19.963897367516918, 25.276284355198513, 19.71312153359384, 13.290203950756553, 7.647326270623151, 7.446374455112499, 12.729605980837624, 43.960785936089685, 45.873546859292645, 53.910837091730535, 62.79621523043941, 66.26712633203073, 64.43957516608099, 61.40308573571896, 53.451120555238774, 43.15626680350084, 41.997938196257834, 31.258664918726343, 25.985843518285506, 89.25346346200934, 81.27014162743818, 74.02467503990111, 72.2985440009063, 67.3709961344942, 66.89552102024966, 69.2664337308891, 74.64153596926278, 79.7827337025577, 82.33557456877095, 85.43571448033744, 88.83873609944357, 86.51501426891997, 79.48927457192713, 74.71720877205007, 70.46886678180287, 69.96510759655754, 71.37618278599021, 75.52698165699252, 80.30844652463702, 102.83162061666623, 107.05707612973154, 110.94614775801752, 112.63769921030217, 122.93122821929599, 124.83273340427337, 119.85109608926757, 110.65847274823307, 103.41833844111275, 97.27875437308192, 86.85564101904285, 71.72248824531114, 59.81937591488821, 50.27824152065585, 48.27331482570522], [64.20746526596005, 72.4986350217658, 81.89916936780405, 87.7275401695618, 83.58955347432823, 73.13301918576536, 64.7321443153286, 25.63846069793234, 16.773086774885567, 9.574349437364718, 0.0, 14.47441121748757, 8.884166844940834, 12.573574122897595, 19.48575119426762, 62.15680669903661, 69.38716191342644, 76.16432878808469, 84.4732806209521, 92.54972037512759, 90.81826209866072, 83.4622597007204, 74.14855595632073, 68.08724645234837, 62.153748961193116, 28.113568902972425, 21.996757380956996, 17.292264519716237, 18.036535637905658, 18.67652151063492, 12.54583149548522, 11.172127764771536, 12.356099344712351, 16.507850760653675, 22.258131728401672, 53.00834673093781, 54.1508771014881, 61.18457546378874, 68.91842666308463, 71.55812180981266, 69.60722346924396, 66.08681207898267, 56.68277911663014, 46.05558803254297, 48.37816663796977, 39.04753475948817, 35.15684259376614, 93.32284342273837, 85.52000556817804, 78.12846539014643, 75.69291212407845, 70.17426251528745, 68.2302722045762, 68.77376169667441, 75.14025558396644, 81.30532608648507, 84.59397720645363, 88.50936548129796, 92.37210034800341, 90.43455811615792, 83.2649704319855, 77.80773097534816, 72.36753327675667, 70.20203069047744, 73.16567749199125, 78.50605393501678, 83.9800200613199, 109.817733384098, 113.02539436367009, 116.12653095274956, 116.93400513253223, 126.45767984693354, 127.31255669008623, 121.9312415782703, 111.27500348434236, 100.68087244433848, 92.4020327685619, 80.99109001224178, 64.96960694544991, 51.66254218451792, 42.02588091336331, 41.43241022686724], [72.8964048274667, 81.58219078940428, 90.1591134880904, 95.0577518362867, 90.91875316403902, 80.83216376876058, 72.37529482771942, 34.32942058869569, 27.867291467994033, 23.296478495994116, 14.47441121748757, 0.0, 10.893939777512173, 19.894239893418447, 27.449053386951583, 73.49752093314419, 80.44914381114249, 86.63251109550902, 94.2150904605032, 101.19466050882681, 99.45696219792613, 93.0667081138579, 84.20908867164096, 78.45896432010957, 72.88361257204348, 41.824413409105524, 36.2104835259139, 31.002224312224, 26.527680061882176, 19.287317930148117, 16.12030792046259, 22.602860577355802, 26.56095627393251, 30.59241244308458, 35.85291494805656, 63.83470292578598, 63.82210334877259, 69.67918915183463, 74.75089500852481, 76.53462629940793, 75.4147638011173, 71.84327472859935, 60.37057158656113, 49.627010533400025, 57.13755515495032, 48.99096689730005, 46.88656108813217, 95.50122513331442, 88.60475083969692, 81.78511010397122, 78.70825274394005, 72.74864253285422, 68.69196609237049, 66.39064843693839, 73.83767022836369, 81.35653890826136, 85.45940212322927, 90.17548099114961, 94.19926790499248, 92.62369797817136, 85.99788882733453, 80.21131300714548, 73.39534132459163, 68.71725065099548, 73.95230306013292, 80.67699181277092, 86.50922541919151, 116.19567299935686, 116.95878631217492, 118.38764218243054, 117.70923598043332, 126.04066270766624, 125.60410860728454, 120.17719380217935, 108.87445245341537, 93.23042017779406, 81.98910284906245, 69.28980889980288, 51.89776820122788, 37.27962163854295, 29.12332632150773, 35.265357115638956], [64.80440381059316, 73.47850750978377, 82.31859903761854, 87.62438699101128, 83.1529210224097, 72.65802924787693, 64.37191596412362, 25.277263487993892, 18.93422576014924, 15.21378380360422, 8.884166844940834, 10.893939777512173, 0.0, 9.319098581358716, 17.947604287818365, 64.85527596436341, 72.1266496493646, 78.65146071293316, 86.74526149050737, 94.12942734099154, 92.10391463258843, 85.20417414242588, 75.98627017303124, 70.0210271147009, 64.20216495933462, 33.28944647510259, 29.047818562485997, 25.62215152452637, 26.437279856609816, 24.208037781449388, 18.750725310179842, 19.970201844142213, 20.3844292157486, 22.566027683389873, 27.24257637162574, 54.65135599950784, 53.86845224474382, 59.37864685458281, 65.4910472515187, 67.28743862098034, 65.60301478826507, 61.99411618321397, 51.30681965085526, 40.53352935206256, 46.428287846365485, 38.55870990999863, 37.28379858077587, 87.72710774849838, 80.17236454816657, 72.90705333519803, 70.07204857146047, 64.29409861977379, 61.38022182217012, 60.91841066650031, 67.64696098350029, 74.34197348562721, 77.99279726108713, 82.33122729612796, 86.40095575072334, 84.74353790529514, 77.62586784984431, 71.89072653323439, 65.77442717497325, 62.62613641492948, 66.47188669222422, 72.48079399210928, 78.24463474592795, 111.16512546282436, 112.19925457572545, 113.4404341446208, 112.7563779091136, 121.11770494128997, 120.81500097459175, 114.92579036233828, 103.53513707078046, 91.86945728937523, 83.61139333604821, 72.48159746525491, 57.17827512013773, 45.664382979341894, 39.66937283159411, 44.30651484969668], [56.50878808347369, 65.15364692278305, 74.08027070029124, 79.61057412495522, 74.94218992442347, 64.23497576823172, 56.10236344942026, 16.84650866500181, 11.828860863902703, 11.905833870664162, 12.573574122897595, 19.894239893418447, 9.319098581358716, 0.0, 9.3974981764343, 56.53825365366152, 63.94668574138723, 70.5807654207985, 78.91180730829491, 86.43240980942741, 84.19715882621291, 77.05514902881266, 67.67612068734327, 61.63159425297756, 55.729672685045244, 26.770883286706287, 24.99614657294612, 24.223114220339486, 29.48866182777728, 30.631261281432486, 24.913944502446434, 22.455329071966393, 19.062309523992965, 17.93417569666401, 20.944587246123927, 45.90253580868574, 44.607294329024754, 50.249530313569096, 56.992442934861586, 59.235208098838115, 57.64339481668347, 54.40634553600205, 44.60341389132551, 33.838254163704654, 37.73582099713538, 29.24484749969302, 28.652697926633593, 80.78552642654527, 72.97118675433344, 65.74131507547231, 63.4564378980606, 58.134209517502086, 56.52201832820852, 57.916498775534706, 63.66013122678481, 69.40817572621177, 72.40711106744286, 76.06992555434293, 79.81306223339784, 77.86691676973592, 70.75567273181295, 65.53663181010981, 60.42269981000641, 58.86644573767138, 61.22511580267937, 66.22375486272064, 71.46361921078353, 104.79688278130918, 105.95844954850442, 107.18685042435679, 106.75793700735227, 115.43580686573216, 115.71887454663275, 109.93086359301466, 99.62950963373397, 91.5272537414515, 85.8565058840602, 76.06584801215165, 62.23878318032278, 52.96803262650685, 47.8276357467227, 51.75053672494249], [47.166154413723326, 55.86357006264406, 64.70677614495392, 70.22411502506851, 65.59862730379272, 54.93342398366307, 46.743109770471044, 7.562871527029996, 7.673376269477408, 14.514850001842182, 19.48575119426762, 27.449053386951583, 17.947604287818365, 9.3974981764343, 0.0, 48.058559591389816, 55.30929487714967, 61.699095722953295, 69.85711012465698, 77.17195270618963, 74.88143585785869, 67.88015112871315, 58.61125130771095, 52.67433896589923, 46.932722217711664, 22.734549040271638, 24.24422278332622, 26.011661601272785, 33.343423800859604, 36.291656828026206, 31.21869588806712, 27.33266665380978, 21.938453642231877, 17.65684217549101, 17.790745641227776, 37.26423745804668, 36.38952326545752, 43.35883741097966, 49.873502773087665, 53.39696245414072, 53.1103010138943, 50.9409031985315, 42.11634997142049, 31.604637203295677, 33.2189758742968, 22.19216802173188, 21.144829880899138, 75.35299219027502, 67.97121665996924, 61.60961672358212, 60.32289390815161, 55.84784400777345, 55.518478130878556, 58.395680678483075, 62.98435226106034, 67.77624600512668, 69.91168551095893, 72.50829403057207, 75.34761143140466, 72.78099523839774, 66.51731955028684, 62.52781013599412, 58.73639419475288, 58.54395609333295, 59.56646932138824, 63.25074588904087, 67.2734910867823, 95.83157733703926, 97.0859542955133, 98.75817444693911, 99.1237597493039, 108.71419312754726, 110.3518886954115, 105.53826077341994, 98.01642537082193, 92.55860075699918, 88.74944030599397, 79.86046134217787, 66.62765790421534, 58.75007733121979, 53.37192755632152, 56.71982204186636], [17.70715601065823, 18.546514170550754, 28.899222596364712, 37.376367114638015, 34.829746296494164, 27.412473239409444, 24.193148703385177, 40.79078814142138, 46.077983536586196, 52.89890223782398, 62.15680669903661, 73.49752093314419, 64.85527596436341, 56.53825365366152, 48.058559591389816, 0.0, 7.9860642333057905, 15.97084526382758, 26.205118008945426, 36.74877245198104, 34.70877797038811, 24.6928550982941, 14.912842595140638, 9.007406172977992, 4.96483222468816, 36.87143624518294, 46.169710315861785, 53.6593597983474, 64.85122152270463, 73.92631610164432, 70.45880574742799, 62.54130003767655, 54.79213785705715, 47.611900644400116, 41.336986472046085, 12.461969894481891, 24.54665307857432, 37.63069572753239, 46.77902537605786, 56.08767755707873, 58.862491524797086, 61.312460085840705, 63.1055754432249, 59.03954381608859, 44.460843186281174, 34.2200407026792, 28.61498150082067, 78.04574080264908, 72.486421211243, 69.99764018457095, 73.49125588707844, 73.65873710784977, 79.8969604291776, 88.9365131936905, 88.60494419906702, 87.99014623882339, 85.97419070005674, 83.35966953021146, 82.2181645570845, 77.41047487409907, 74.80997625233681, 76.47646141048855, 79.68496725352135, 86.2594935633999, 80.71406761657272, 77.4984956599916, 75.89430499735542, 62.61525429949927, 72.51871130072014, 81.58346535128611, 89.61130499759224, 104.49680493360754, 113.80583628887359, 113.3698945023478, 116.66960372551628, 124.79854301507292, 127.849342745103, 121.96276083424377, 110.70793849316254, 104.49006621857573, 96.06629844245833, 92.60250394577703], [18.6409728641142, 15.676839804507859, 24.668603557417775, 33.08119889144177, 31.721289457127003, 26.714880151764728, 25.463961563619947, 47.928921802120364, 53.3630733054115, 60.22906864511596, 69.38716191342644, 80.44914381114249, 72.1266496493646, 63.94668574138723, 55.30929487714967, 7.9860642333057905, 0.0, 8.272378643153004, 18.65644505245707, 29.737850823004052, 28.04508700141209, 17.775810806238937, 9.309075755706095, 6.819456100105932, 9.545967871070697, 44.279846666901484, 53.315962074049025, 60.654047705694246, 71.3445118738021, 80.41659855295421, 77.28793556403679, 69.54210532160161, 62.012241669125274, 54.97847511325313, 48.782290303709736, 19.762794735620393, 30.742989925650043, 42.950859784479505, 50.59299222463714, 60.37570184476087, 64.05753994136262, 67.1390098609265, 69.48123065543736, 65.87553084701277, 51.541583223257035, 41.8018844006641, 36.407766161909755, 80.77619211912368, 76.09531519825796, 74.62314293631329, 78.66117375018116, 79.37599436624552, 85.90490733738405, 95.10391558029228, 94.3323157464641, 93.29269801082448, 90.84397324595962, 87.57843238639252, 85.69701911980424, 80.57691453815858, 78.9950625355844, 81.54054735045753, 85.37393866567095, 92.2237631819884, 86.35874977165462, 82.52335459196983, 80.04842467760412, 56.18120068511822, 67.74141224026455, 78.41584555776136, 88.01509729340395, 103.86092548182066, 114.64441889079512, 115.35350662577203, 120.91413122633855, 130.0203582990523, 133.57730321991585, 127.93562847757708, 116.73471198863002, 110.73206350382114, 102.00200372742651, 98.16275273725174], [20.08148137024303, 13.77952472726792, 19.7897702783691, 27.578700605500075, 27.648961648135742, 25.617053588168858, 26.33834003555653, 54.202942859844384, 60.08115339896394, 67.21479468670574, 76.16432878808469, 86.63251109550902, 78.65146071293316, 70.5807654207985, 61.699095722953295, 15.97084526382758, 8.272378643153004, 0.0, 10.43026546329517, 21.65808571270095, 20.268683001939205, 10.182885834272179, 6.351257020600962, 10.286806361437641, 16.015504512800025, 51.88021323206814, 60.755088563229414, 67.87629035259633, 77.97962379309936, 86.70521234344288, 83.87627362142517, 76.51810767135939, 69.21505140021355, 62.25845168195091, 56.161922569111084, 26.653301522522735, 36.48730695946778, 47.851713833728056, 53.40293557082257, 63.608093814196614, 68.48871530491999, 72.24554532005254, 74.77119447251668, 71.5582175441144, 58.08595241633771, 48.65318506016655, 43.754646887553335, 81.97915636151313, 78.41012371497101, 78.14405645404237, 82.70215558494026, 83.94917497585132, 90.58684463138759, 99.76587899761515, 98.55519181022835, 97.17391730392465, 94.32237942316083, 90.4200798399578, 87.71626450290144, 82.26536192877745, 81.90396135992086, 85.39122445232341, 89.75557452184448, 96.696557380544, 90.66660806877596, 86.301271212022, 82.89532514173536, 48.60796218731465, 61.110181536983596, 73.12301141920224, 84.18888674957016, 100.9553153837497, 113.2343142410747, 115.24512674835367, 123.38960496149396, 133.23312873714056, 137.3351143835947, 132.04492437433026, 121.0621186122957, 115.61300199069218, 106.96709877845896, 103.3859144934664], [25.75083095736675, 17.895553376357714, 18.170490943861942, 23.518275930748707, 26.051958966819768, 28.22049594060705, 30.72913754592992, 62.32868223529417, 68.50039750803262, 75.82045309299865, 84.4732806209521, 94.2150904605032, 86.74526149050737, 78.91180730829491, 69.85711012465698, 26.205118008945426, 18.65644505245707, 10.43026546329517, 0.0, 11.874439990876072, 11.889484900865432, 6.488175313266511, 13.55676127887944, 19.446852344703238, 25.661435354875728, 61.237204823357885, 69.8324123467849, 76.6429287078008, 85.95014566024311, 94.23736637769805, 91.82145048175877, 84.96073861015095, 77.99385299007096, 71.19934706988805, 65.26871860875394, 36.10785086609909, 45.09897473323793, 55.68430807843065, 58.941986204029725, 69.43294427236864, 75.57885600474846, 79.95358632040708, 82.41554095873842, 79.45794614481399, 67.13354681478982, 57.778838197980626, 53.10956355984512, 85.24159973733958, 83.0446358749711, 84.12151086461118, 89.14922931179377, 90.88353733240893, 97.46207008067144, 106.42268588131714, 104.83749482602046, 103.212623704539, 100.00006387194512, 95.48059941451037, 91.87493789797773, 86.08924559245871, 87.1424680078919, 91.59005365740803, 96.376955152658, 103.2165586592024, 97.19414897809206, 92.40387891548228, 88.045414503351, 38.87726239305728, 53.14616234110202, 67.35813752420322, 80.51425703560173, 98.4902959106914, 112.68238570997656, 116.41080057262971, 127.66796112889618, 137.91529449513416, 142.39100270405694, 137.39295460391352, 126.52722069190601, 121.57583649127932, 112.88355104929659, 109.47569468313445], [31.424612829685916, 23.505649684167015, 17.88991401725436, 18.445306864380733, 23.5728945961461, 30.108127560809326, 34.38856925171573, 69.67827566453187, 76.55911848932287, 84.31368673725956, 92.54972037512759, 101.19466050882681, 94.12942734099154, 86.43240980942741, 77.17195270618963, 36.74877245198104, 29.737850823004052, 21.65808571270095, 11.874439990876072, 0.0, 4.74556992669858, 13.08957522915858, 22.61451253933968, 28.847311514209476, 35.21299014924255, 71.00625743322588, 79.53408991678714, 86.06062277364282, 94.72739889788562, 102.18222450670422, 99.98638541249143, 93.80157327072091, 87.07701117986048, 80.31300345421492, 74.54476416811735, 45.05568608699871, 52.357576128786356, 61.645783745201385, 61.89293938340586, 72.45808567435617, 80.14843675165825, 85.26399780022933, 87.5601130852173, 85.11772936061998, 74.54383971615957, 65.70594640462674, 62.07965207854372, 84.84945843586891, 84.35092883680097, 87.07375426978098, 92.6025899351549, 94.93613734927435, 101.3684674867312, 110.02159816888398, 107.88734246373853, 105.93308423318913, 102.3013223600761, 97.08947191475542, 92.4417426030365, 86.34203534191913, 89.10403657294081, 94.67938690929253, 99.94151489083588, 106.62536137782598, 100.62512224832919, 95.35455063823878, 89.8783354849362, 29.02235854508732, 42.36856240765735, 57.800804817368146, 72.67177472117594, 91.58675078809107, 107.60234903920353, 113.15565314656467, 127.94149350603458, 138.84354841158824, 144.14507852936094, 139.85253198225817, 129.70530997409978, 126.04592448331532, 118.22806860006521, 116.1410009963362], [28.35170683657104, 20.153403356601068, 13.545955150256997, 14.541241311187193, 19.280799863157494, 26.000148040712237, 30.945386740761265, 67.3720181994122, 74.59572438180147, 82.53693985186233, 90.81826209866072, 99.45696219792613, 92.10391463258843, 84.19715882621291, 74.88143585785869, 34.70877797038811, 28.04508700141209, 20.268683001939205, 11.889484900865432, 4.74556992669858, 0.0, 10.605577560643933, 20.037444344386888, 26.326978910041028, 32.733451202878946, 69.31565994543682, 78.09644767563317, 84.76122933779952, 93.80731029205393, 101.1841403574016, 98.7231631831697, 92.47332417193421, 85.55316320656522, 78.62069921965809, 72.77486961047693, 42.34335204319835, 48.76434980509214, 57.49076036693944, 57.4662232673659, 67.97904986058383, 75.7208738454541, 80.9586591822403, 83.52297064303033, 81.4290875140017, 70.85737250335481, 62.60690882851463, 59.73069513175079, 80.36310212888127, 79.77673994451287, 82.54321538712946, 88.15281042604069, 90.62005906715953, 97.21755763531561, 106.07846310211738, 103.74569925319253, 101.59123792026986, 97.8594408274178, 92.55988145334393, 87.90911638014656, 81.83122625279879, 84.56045589712859, 90.22702444156496, 95.67134309447084, 102.58226136707704, 96.35625152821288, 90.90503206670978, 85.34128385768015, 32.55165747090444, 43.04421855470099, 56.51560817592539, 70.31474705849732, 88.6867707478828, 104.13597226666761, 109.21626910649881, 123.60092185289636, 135.18222709137086, 141.00862074960773, 137.04890376733036, 127.40073565003989, 124.25889535997206, 117.12939187234383, 115.75478488053537], [22.064204142422422, 13.325368792069545, 12.755136516541873, 19.14217975874349, 20.732983424957006, 22.818855593457222, 26.447278328792112, 60.31728498979328, 67.11613609365843, 74.78272727527177, 83.4622597007204, 93.0667081138579, 85.20417414242588, 77.05514902881266, 67.88015112871315, 24.6928550982941, 17.775810806238937, 10.182885834272179, 6.488175313266511, 13.08957522915858, 10.605577560643933, 0.0, 10.160465696932693, 16.675228031188922, 23.20692505345275, 60.460612895617416, 69.45870047818688, 76.45410798539187, 86.26248482469349, 94.3214985970723, 91.53495139447158, 84.65847992998715, 77.41748672107477, 70.35960255737758, 64.31801961891786, 33.377193372929874, 40.81881290836647, 50.46928422608001, 53.15595594424475, 63.59484726427139, 69.94095516491494, 74.58777497072921, 77.49488602799242, 75.13324054979655, 62.88666139705108, 54.504656681542684, 51.152500655273826, 79.12418135803718, 76.93943307525488, 78.22314095673302, 83.43453725796293, 85.44122553654344, 92.28479203026718, 101.55232213405887, 99.60151864665455, 97.62701618715091, 94.21140097716683, 89.48133028374626, 85.77085954977736, 79.99350110742598, 81.14646713309718, 85.84541571570298, 90.97661855149434, 98.16862143925998, 91.78497593354444, 86.65334728599261, 82.0499245386275, 41.6862798892096, 52.73585911817064, 64.71126483256272, 76.62987592698538, 93.90034934168033, 107.49187569248781, 110.75706531757459, 121.82707562491417, 133.17978209003616, 138.53235078815027, 134.11144420951146, 124.0672750936821, 120.03851703338292, 112.46880853726914, 110.28148724999035], [14.73999167195738, 7.9134677811319225, 15.429333470796266, 23.85594078486403, 22.731743808281095, 19.51520369059401, 20.60860796200328, 51.06665656551044, 57.711138107990436, 65.30102997999154, 74.14855595632073, 84.20908867164096, 75.98627017303124, 67.67612068734327, 58.61125130771095, 14.912842595140638, 9.309075755706095, 6.351257020600962, 13.55676127887944, 22.61451253933968, 20.037444344386888, 10.160465696932693, 0.0, 6.528315465342875, 13.063449917802762, 50.71239693704609, 59.91034615570313, 67.07316337259873, 77.40701381421205, 85.65255434232525, 82.54160853426956, 75.38787157798946, 67.92454289036547, 60.74352186901679, 54.61329338535197, 23.309976313970335, 31.625052211892065, 42.48499854834871, 47.21923395232821, 57.5095313507964, 62.82666256985259, 66.84003605094271, 69.35578980363351, 66.49342134047095, 53.599236379250705, 44.74181103894041, 41.193748421663855, 75.64610985290919, 72.15657607876008, 72.11477171707216, 76.78195622261153, 78.18599065074282, 84.86439606669727, 94.12032832133322, 92.67778957995795, 91.15530567521888, 88.20896691999377, 84.20721147650931, 81.41317967864046, 75.93866493337181, 75.71951970081928, 79.39873090221964, 83.90618575493409, 90.9392578680217, 84.79106613864978, 80.28283643794418, 76.69433409956903, 49.98871877672652, 59.56312311134596, 69.60318701412953, 79.48054766014856, 95.6543234137523, 107.35228992130092, 109.0323941931054, 117.09144508369235, 127.37779577206142, 132.0638371302617, 127.22912099563999, 116.92610993030986, 112.394960592918, 104.86925824998279, 102.70353645759504], [12.240075323551158, 9.863320325949369, 19.929206774567042, 28.44547118572726, 26.18307058684899, 20.095399892831317, 18.849173867200385, 45.16819776680807, 51.63102241880032, 59.13552490394543, 68.08724645234837, 78.45896432010957, 70.0210271147009, 61.63159425297756, 52.67433896589923, 9.007406172977992, 6.819456100105932, 10.286806361437641, 19.446852344703238, 28.847311514209476, 26.326978910041028, 16.675228031188922, 6.528315465342875, 0.0, 6.535462812032369, 44.38510686381447, 53.70063959879095, 60.95879110566214, 71.61966303328452, 79.9770742479147, 76.66059732848478, 69.33159943742452, 61.73498882979507, 54.48533410805633, 48.3055622815839, 16.904638790886988, 26.29519086903315, 38.217011595698835, 44.48494520184305, 54.52568938716045, 59.04081801164672, 62.51927701465946, 64.61287733023984, 61.29091817488013, 48.0167557701202, 38.62536921075817, 34.76621868051832, 74.3231894216505, 69.9803443109229, 68.98879102608657, 73.20376784638819, 74.12179140120881, 80.5914537017492, 89.74529505074247, 88.72003888082696, 87.58283630521899, 85.01414077096368, 81.57832683174252, 79.44660519765598, 74.21766083878619, 73.04766716451161, 75.94776158388781, 79.9234642547042, 86.74503984730171, 80.85733415875828, 76.87829063585846, 74.0624150084421, 55.39720710467653, 64.24432561386533, 73.25893920333083, 81.93761681990364, 97.40120601873531, 107.8894677905921, 108.58457232852547, 114.63290541628125, 123.99403113152286, 128.1117606328031, 122.94376456480354, 112.40558522163424, 107.46393040248746, 99.91146511850086, 97.71604916278459], [13.0155619168447, 14.775231281571804, 25.358595443897304, 33.717507241096904, 30.687680898495977, 22.66804037917034, 19.326095432304218, 39.509076818582145, 45.70935460608147, 53.08571168792214, 62.153748961193116, 72.88361257204348, 64.20216495933462, 55.729672685045244, 46.932722217711664, 4.96483222468816, 9.545967871070697, 16.015504512800025, 25.661435354875728, 35.21299014924255, 32.733451202878946, 23.20692505345275, 13.063449917802762, 6.535462812032369, 0.0, 38.13662232747329, 47.590942859040815, 54.95998117660961, 66.00250411591716, 74.48173210250489, 70.92881565018114, 63.3965322196266, 55.645667090692996, 48.320067924863416, 42.08388649428609, 10.656315240936664, 21.626105840184312, 34.64150073935228, 42.590855346303485, 52.19278261034316, 55.75027760669237, 58.592741176949026, 60.2088173347338, 56.37878225621527, 42.68852427155749, 32.675097000388554, 28.39961543167391, 73.57045666432722, 68.36421377964659, 66.35616919788328, 70.05006932861458, 70.42928693134151, 76.64678598700486, 85.66484891482067, 85.0956600329726, 84.3738046248235, 82.22055024180725, 79.40485995563263, 77.98638521087963, 73.0521096305772, 70.88056775577225, 72.91964967816251, 76.29908789703074, 82.87120824325609, 77.28358492398856, 73.89656511109204, 71.93190923198209, 61.073440113764136, 69.28416294490661, 77.35046434210848, 84.87984503486645, 99.59203067205192, 108.85611876197504, 108.55879770759925, 112.51644061625774, 120.90730390809983, 124.42544448784746, 118.915170623718, 108.14885612253347, 102.76966115694272, 95.20356217300227, 92.97330635658975], [44.39081891364966, 51.1290784595573, 61.60665905608168, 68.92490063074368, 65.13923990266599, 54.813884990073866, 47.263981466900496, 20.25293329507775, 16.504760236488714, 18.671189183621323, 28.113568902972425, 41.824413409105524, 33.28944647510259, 26.770883286706287, 22.734549040271638, 36.87143624518294, 44.279846666901484, 51.88021323206814, 61.237204823357885, 71.00625743322588, 69.31565994543682, 60.460612895617416, 50.71239693704609, 44.38510686381447, 38.13662232747329, 0.0, 9.851396610480059, 17.637079389095152, 30.643065645451646, 40.32942898826951, 35.85362558512903, 26.771774374075342, 18.562371001645268, 11.752288699618896, 6.052682148301939, 29.878073294459615, 35.13969743553473, 45.74074606969887, 57.487012224461814, 62.74882190451149, 61.01542994797212, 59.113563038936846, 55.136762044835194, 46.671056186323064, 37.17339235530706, 24.43673839766451, 13.923566259879578, 87.67459973072337, 79.4759026988686, 72.69474591166342, 72.493734