{
	"dissimilarities": [[0.0, 8.801231343013946, 17.696632767189723, 24.017746125396297, 18.00088368264386, 9.348825890975776, 2.090948351129936, 40.45405841057064, 47.69364900632844, 55.99249062997335, 64.25136567083786, 72.33042619528948, 64.38501247287927, 55.029325438400356, 47.79069025274486, 25.59642814613207, 25.330283830870492, 26.252630867936798, 29.732509532792786, 33.018073427874455, 31.1127943864425, 26.24732546619402, 21.70086515701734, 18.478084902698253, 19.728526298779773, 47.79496291750884, 56.25997296494748, 62.37057795011616, 70.81671361892907, 76.58200202102009, 74.2678592224523, 68.03586448603873, 61.821172692789794, 54.741354817179335, 49.2161572626056, 21.078294944905032, 21.247936639899816, 30.86515754243524, 32.695262076521004, 44.01946742269131, 51.29899062611565, 55.37291338295478, 54.966605051991394, 51.313540468627195, 42.039518059453165, 34.22544570155752, 35.3395512528859, 62.62327512400809, 59.452923073532624, 59.49158345938459, 62.09725825278352, 63.976901742396606, 69.62324379441283, 77.19577979622682, 79.43318905891103, 77.70005367926514, 75.08247035104671, 72.69638912551025, 68.33457450571096, 62.71580651192305, 61.59266200663801, 65.88456714038541, 68.9633043802109, 75.4117837360638, 69.74296462044529, 66.67774180336677, 62.456672151842255, 54.79433679240939, 56.36804959671223, 60.35092573256607, 68.12870305445682, 80.33272781749054, 92.45224217538609, 96.00185959482167, 103.08401943447478, 108.12091829778099, 113.28209903500596, 111.84559878449721, 101.56324817283537, 98.82247475350236, 93.69918925189741, 93.74930088043361], [8.801231343013946, 0.0, 10.210360090018666, 17.6708024034458, 11.375935869320863, 6.3412771505323775, 9.509155765216908, 48.74565796839458, 55.9118225876603, 64.1590918543286, 72.54819468292385, 80.85844734610029, 72.76875701283767, 63.313437942414765, 56.11936592099219, 25.502504684816294, 22.818459865219126, 21.466124103898096, 23.303093641593875, 25.89921641251592, 23.642041200774077, 19.0047649170361, 16.766135259027525, 16.130467137617, 20.035207385857674, 53.76296551401221, 62.614671974394646, 69.13164629985327, 78.06060140435217, 84.23201284566619, 82.00682997742075, 75.509936329709, 68.91611605682938, 61.70974752244241, 55.92880323551567, 25.44681021732142, 26.91690357116669, 35.17479255948959, 36.72103561069229, 47.93909417417102, 55.24208319088513, 60.11434180607735, 61.23187150050265, 58.74513565468812, 48.45244883809451, 41.45910700313818, 41.997860061053515, 65.17819328344105, 62.65786443783363, 63.40413053418565, 66.69491944693664, 69.3016387046296, 75.71955546179757, 83.89098823690988, 85.2995650113213, 82.88051954092948, 79.70667050489207, 76.4689349236197, 71.5083823519538, 65.58944288252847, 65.30397991462455, 70.50837311695501, 74.55041160745374, 81.88214571959557, 75.3234799750863, 71.30727278180063, 66.18139167241907, 49.54577043012205, 52.5958071676181, 57.9560002096995, 67.54991097956149, 80.43595428343612, 93.98873923097977, 98.49608331470624, 107.5095057991112, 114.74751326067728, 120.94425969438706, 119.99640439177014, 110.1406622046273, 107.54322038872533, 102.12764700333581, 101.39928895742422], [17.696632767189723, 10.210360090018666, 0.0, 7.877747444948331, 3.153729481707806, 10.550806615739006, 17.822671542519036, 58.14516078581164, 65.38982679007478, 73.68875197161215, 81.93471145883063, 89.82284361078327, 82.03776947923295, 72.70433784390214, 65.45868086656151, 33.99690774235729, 29.74969547054534, 25.84534825117358, 23.439430944912015, 21.780433482255035, 18.83674009186815, 19.013862884737126, 22.04804312121051, 23.992975307814866, 29.08922622412817, 63.9307681768641, 72.74201047199044, 79.15544916047607, 87.81631183760732, 93.68575561059511, 91.6138580307798, 85.39012130132659, 78.95295967948857, 71.80433676416283, 66.07027242429366, 35.57474103665515, 36.20178733165697, 42.30375357796957, 41.308808593998265, 52.27778864208209, 60.53079278095533, 66.2328233382538, 67.89981956648039, 66.25942766023397, 57.03066808091013, 51.0633174855962, 52.156824839516254, 65.13405628045288, 64.27590217344812, 66.64817647334056, 70.80889250438209, 74.17152170658285, 80.84036037392336, 89.03219886476708, 89.60395654937916, 86.42125014773956, 82.54583150314103, 78.32548744543868, 72.51855737029749, 66.09716987404136, 67.64967229862901, 74.10419903740026, 79.15466941144585, 86.8775289662826, 79.82752304727651, 74.79947328545178, 68.42305396368532, 43.95098704469007, 44.90984375357876, 50.095049445855594, 61.07177411708412, 74.74680740645215, 90.03926124432093, 96.00219291377948, 108.65810952213779, 117.98328985463257, 125.26419530821194, 125.02283012735866, 116.2439953800286, 114.68979641610296, 109.96551005360101, 110.01662893595051], [24.017746125396297, 17.6708024034458, 7.877747444948331, 0.0, 7.45502393039519, 16.798078694593556, 23.93540594257711, 63.989208011442415, 71.26622869061667, 79.59793947121699, 87.62262217253327, 94.9449744828024, 87.62347693738893, 78.49207259935012, 71.22325221011664, 41.45756728452198, 36.8643472370236, 32.068989264939816, 27.37182485865831, 22.422432265382497, 19.4437255241367, 23.734008123658633, 28.912321573839066, 31.427439433657778, 36.67764733708739, 71.04998012568485, 79.6670139946979, 85.800627926979, 93.96848584026243, 99.37135843796217, 97.48219655667582, 91.68132477734156, 85.55145617354944, 78.5386500602685, 72.94228364032558, 43.10904091457417, 43.19166866958453, 48.40434728213761, 45.54751491974315, 56.273032317534394, 65.30627459832179, 71.3316057666882, 72.74024888260789, 71.2358724667231, 63.34251213612866, 57.696412349547984, 59.158740667343366, 65.37330898090488, 65.93480505062162, 69.54458036806004, 74.16162353299872, 77.84196771797185, 84.29777072569419, 92.1189195807866, 92.35373116944227, 88.81545194834078, 84.56132441718754, 79.8347923170403, 73.50604762830774, 66.74852095904934, 69.75305813793008, 76.92360693013246, 82.40558091064246, 89.96576097818931, 82.98124963494655, 77.50953046383457, 70.4077561194771, 40.43381356649121, 38.09789641842828, 42.71491153033024, 54.779959490826805, 69.33323857005179, 86.00389176542627, 93.18534289394903, 108.87816957413554, 118.96770176676183, 126.59967848487626, 126.67904301162564, 118.62034118584103, 117.87514800717382, 113.75933045691936, 114.72464937943394], [18.00088368264386, 11.375935869320863, 3.153729481707806, 7.45502393039519, 0.0, 9.826656875674301, 17.759454033123678, 58.197187136157375, 65.49005647232953, 73.78389969610629, 81.97216426643891, 89.79144487552935, 81.9539492791926, 72.66313068698088, 65.40788201668178, 36.04278885607852, 32.15575187855176, 28.662920606492666, 26.573563740938134, 24.655609523987458, 21.65474734298523, 22.058939873914003, 24.640930283575436, 26.15372015102893, 30.912899463573115, 64.95059451226685, 73.72470678918364, 80.08903893182361, 88.67528554513189, 94.40301126019628, 92.21514858739349, 86.01787634680265, 79.68530924952017, 72.52279704035601, 66.85291737267713, 36.56052475920706, 36.02499134984131, 41.19159349963466, 39.28178267708922, 50.15643055617535, 58.72067645819951, 64.59146727712736, 66.2862709113146, 64.95740926986002, 56.273436088807024, 50.93523756939462, 52.77191207189712, 62.145522935430684, 61.519543351393764, 64.19600284753828, 68.51543345087894, 72.02571585435685, 78.72126380285924, 86.9231719506808, 87.27145652489064, 83.93083322726521, 79.9310305421415, 75.56456474551298, 69.64806168880271, 63.169163263130734, 65.00119311709737, 71.66853396630061, 76.91418922981681, 84.72488937386073, 77.56063404400939, 72.33738020974482, 65.7505888877612, 45.98521181954857, 45.14010398465693, 48.774292315680746, 58.83511951499122, 72.05035394268619, 87.08985210280039, 92.9604615024181, 105.76987279022494, 115.56470326787465, 123.2869208408136, 123.40482693948067, 115.16094716978189, 114.14274315646746, 110.05269234345425, 110.79917710711295], [9.348825890975776, 6.3412771505323775, 10.550806615739006, 16.798078694593556, 9.826656875674301, 0.0, 8.616113901971465, 48.76858464944016, 56.06307410281228, 64.31404417385983, 72.56340028654209, 80.68229879718903, 72.5089900229476, 63.150995457220674, 55.917250127175926, 30.61645944026515, 28.594876460256582, 27.639353579335157, 29.09936896125208, 30.36785914394418, 27.789600052283497, 24.565933835980143, 22.79001243586063, 21.760768310359495, 24.869558943036328, 56.169133204738614, 64.87758276839338, 71.23206860612392, 79.92338272284178, 85.73100690268863, 83.27375896265912, 76.88448178049912, 70.56527267708734, 63.35739138487256, 57.753036158445354, 28.089389213467957, 26.44332994118982, 32.5136470905929, 31.955638637823704, 43.218161036975765, 51.30441344786846, 56.54668032996182, 57.62983670532486, 55.74455304488963, 46.713493762900946, 41.13899543571857, 43.49481469917174, 58.99128987486796, 56.84635187942781, 58.16343678487998, 61.7649273945303, 64.65609855805722, 71.1186940312649, 79.31063960419158, 80.30831455157363, 77.59137800815859, 74.18040758348629, 70.68961190859636, 65.53003726589414, 59.49069070313336, 59.687846936180286, 65.30243038787876, 69.71701776966701, 77.21431457910386, 70.4385014530297, 66.05054007195001, 60.52164987573583, 52.7858707049577, 52.56603070289805, 55.24224443822083, 63.08541951425665, 75.05888143790992, 88.01951391622985, 92.28917154477249, 101.52135898566233, 109.59004610417173, 116.64318418187035, 116.4082935694437, 107.63834452799273, 106.18039067686998, 102.12538245320481, 102.93994206250701], [2.090948351129936, 9.509155765216908, 17.822671542519036, 23.93540594257711, 17.759454033123678, 8.616113901971465, 0.0, 40.45186225054523, 47.7369563755629, 56.02851046832054, 64.25001531370499, 72.30262643392248, 64.28199532190612, 54.94749232206225, 47.697050591879936, 27.210604633925705, 27.044496573337618, 27.997527125023755, 31.37004093931133, 34.32484451739215, 32.291692291362075, 27.692901875474842, 23.32207862982346, 20.14205906604387, 21.289349122487753, 48.58789276441454, 57.01222930972958, 63.0885826131012, 71.488313177785, 77.15390764485835, 74.73677575698919, 68.5090968264789, 62.37219002294008, 55.28338299161079, 49.817394786159916, 21.960716657804184, 20.815222110098418, 29.637278951710968, 30.845864470787415, 42.210221883919615, 49.719344616696894, 53.91353863766467, 53.52869280561276, 50.110973510764985, 41.198236368614474, 33.95877872872859, 35.81313004737958, 60.53323959548092, 57.40956998806979, 57.57061460055305, 60.260826701161236, 62.22955832092369, 67.9200972306409, 75.54078905325919, 77.63526980493506, 75.80589460049814, 73.11998016629359, 70.66791869215655, 66.2670349378505, 60.63155262013622, 59.588827035799376, 63.98471446256627, 67.18105196339125, 73.71881067290109, 67.94862623937159, 64.76690713402303, 60.44467997758556, 55.98092469487259, 56.63115254519552, 59.770082768786544, 66.93989313487512, 78.78329277918722, 90.63813698221146, 94.05051959283996, 101.0619817756086, 106.40144515665422, 111.8887265626964, 110.71579437610484, 100.8146155164537, 98.46777133582725, 93.83013942772209, 94.39689748494189], [40.45405841057064, 48.74565796839458, 58.14516078581164, 63.989208011442415, 58.197187136157375, 48.76858464944016, 40.45186225054523, 0.0, 7.334243473633868, 15.624706767846554, 23.837216589307907, 32.91395918790309, 24.06492552481185, 14.661104820241206, 7.542840117747821, 43.858819119881474, 49.98593589764131, 56.11660970609676, 63.67433590845288, 69.91699432641212, 68.95314671011985, 61.92408913648478, 53.26121519455566, 46.93097288196611, 41.75157165705102, 23.906503978837975, 26.746641509504666, 29.45371251496446, 35.35966254411641, 39.91792232417986, 36.33441376259522, 30.519831518224294, 26.56485797525833, 21.332758871711487, 19.396411533007313, 30.875005436601885, 29.10094454423292, 37.12892093160649, 43.81128200051837, 49.14427733249714, 50.767812117133055, 48.52173237885376, 41.03601681135498, 30.292942474744773, 26.709374655607157, 15.684194764820381, 16.364758170108228, 73.58067884220219, 66.44963430492139, 61.12500629602724, 58.91921903436095, 56.00388363404526, 56.89975857645577, 60.748506945332245, 67.82230223011778, 70.59573673697763, 71.87579590155534, 74.56549770211913, 74.45832566055559, 71.87392793967041, 65.18854661541242, 62.905363009701254, 59.59658039614429, 60.53850569905743, 60.49376831591103, 63.7392766686947, 66.01435387057116, 88.50750638802886, 90.25264795389796, 92.16242545740269, 94.55221891965542, 102.99427818021054, 108.11319003364447, 106.49541218284038, 100.32166174011891, 93.41800734166208, 91.87922129436205, 86.833591429447, 72.2715663047894, 65.45786785637362, 59.34204542496863, 59.908937372182], [47.69364900632844, 55.9118225876603, 65.38982679007478, 71.26622869061667, 65.49005647232953, 56.06307410281228, 47.7369563755629, 7.334243473633868, 0.0, 8.339052038057263, 16.6780770048755, 26.39280374024247, 17.201384052248063, 7.8982541603696825, 3.135455186267059, 49.366429676766415, 55.81895300791681, 62.24059785342951, 70.05810767127066, 76.59429515531349, 75.74983643370342, 68.52265151779109, 59.64476901202313, 53.27072331178028, 47.817208346987684, 23.578175165342394, 23.74096815129819, 24.762892040392394, 29.42111926663712, 33.58657256179487, 29.600022330590797, 23.96730998473867, 21.150947723232758, 17.43226709288789, 17.69567720327804, 36.8787833536748, 35.579474073858044, 42.79928534406472, 49.79680512715131, 54.105921287681966, 54.67849962965708, 51.45988121337552, 43.25623357494644, 31.981769707047185, 29.982535782516376, 20.71966265230112, 20.271890055643578, 78.60419501792833, 71.09108435126178, 65.1084058998859, 62.20267703845741, 58.565428599452524, 58.534707567049765, 61.461780154782375, 69.29116996892922, 72.8454112941658, 74.78923206854702, 78.23549876891133, 78.78203781251031, 76.69602954079842, 69.37457075877057, 66.1091462334837, 61.780453218729, 61.601347539192055, 62.670448587218715, 66.92749368467976, 70.17545230469442, 94.80093980347127, 96.91894826902795, 98.90062393077874, 100.91291998364665, 108.96989445834632, 113.2356409943575, 110.95194007961273, 102.7569540274021, 93.69276872272249, 90.63804006173034, 84.72133454263783, 69.1289881060337, 60.9896224584295, 54.20563706543655, 54.325472366064396], [55.99249062997335, 64.1590918543286, 73.68875197161215, 79.59793947121699, 73.78389969610629, 64.31404417385983, 56.02851046832054, 15.624706767846554, 8.339052038057263, 0.0, 8.802411840249583, 19.8340261123122, 9.794021465964276, 3.3461007363189172, 8.933453764626199, 56.42782359350084, 63.12808585342076, 69.80512464885891, 77.87486160401568, 84.65239106204895, 83.87473015838368, 76.45132694820599, 67.37501840727843, 60.96621577165754, 55.304826159121426, 26.350506604419085, 23.523735741328583, 22.20842012513934, 24.678054243528134, 27.99505646566013, 23.26973017383573, 18.103834889897914, 17.620951053213727, 16.812227730582787, 19.78029637904915, 44.28243834178292, 42.988870679315525, 49.13580113887032, 56.288403680802396, 59.44319618132368, 58.90083990113222, 54.69274838996016, 45.894151461194994, 34.53755773067815, 34.330504467535285, 27.27635896737299, 26.644408091545547, 83.85169958902445, 75.92446422946118, 69.24974798726358, 65.60846636578935, 61.23569184646556, 60.211365355178, 62.12016201629679, 70.6460194011663, 75.01851756394981, 77.68128339411427, 81.93686133190569, 83.21954360774316, 81.71917483423896, 73.7114807117364, 69.38931385536462, 64.00206423804723, 62.631942443728256, 64.87448628042998, 70.1841194623764, 74.48095785275319, 102.64410653990201, 104.91062120938075, 106.7048571731871, 108.11241552645482, 115.5624510858011, 118.7429095828609, 115.62584548133229, 105.00143171172036, 93.72402295941177, 89.17067770746432, 82.46997207022304, 66.06021853910954, 56.64989120022683, 49.566610001211565, 49.50761681761339], [64.25136567083786, 72.54819468292385, 81.93471145883063, 87.62262217253327, 81.97216426643891, 72.56340028654209, 64.25001531370499, 23.837216589307907, 16.6780770048755, 8.802411840249583, 0.0, 11.840612799286784, 3.153077801115761, 9.798166038629677, 16.759343857250197, 65.0051189154301, 71.70530440463678, 78.32161876089056, 86.2242749914499, 92.8383587548718, 92.11136363570391, 84.93378131037515, 75.97959689686377, 69.60488841668497, 63.97387535963629, 33.47811854583594, 28.69140155481203, 24.96408523863821, 23.251900691132178, 23.707006449784608, 18.758186068988465, 16.80761566978401, 20.311789179337648, 22.530174891554417, 26.90521982408951, 53.05474008086535, 51.57760886492797, 56.975106164346286, 63.43791170141417, 65.79794238384316, 64.88833186997469, 60.02970825322973, 50.2917895947673, 38.77789797624214, 41.331105202414875, 35.738743640704705, 35.34583330531671, 88.9223223953531, 81.04671087099997, 74.1923641651314, 70.0067266935032, 64.99602485366952, 62.65559838695833, 63.00952569072324, 72.34014820005268, 77.5336721774423, 80.84406225787707, 85.85107929804471, 87.7232478610955, 86.67143931296542, 78.48276622098506, 73.36292458331073, 66.98569788294485, 64.00273041640293, 67.77663878280302, 74.07245952335164, 79.16570840614816, 109.94144364172247, 111.64909181819822, 112.98504154451906, 113.6045062501736, 120.50273672760599, 122.62654206098233, 118.86277590408874, 106.59781248915337, 92.40680102036666, 85.72867229541191, 77.89902246430668, 60.457954992804865, 49.76638357143014, 42.76166349055144, 44.013883801765935], [72.33042619528948, 80.85844734610029, 89.82284361078327, 94.9449744828024, 89.79144487552935, 80.68229879718903, 72.30262643392248, 32.91395918790309, 26.39280374024247, 19.8340261123122, 11.840612799286784, 0.0, 11.708991229568285, 20.2413391578547, 26.25310756784248, 74.75967808226743, 81.18163409954244, 87.34887525208244, 94.53627165823745, 100.49796023000829, 99.85650545468945, 93.50363979799275, 85.09879695300968, 78.88134115875054, 73.54999209159811, 43.97456729338587, 38.42202784634156, 33.10147169138158, 26.927126876286096, 22.40916489330696, 19.342930648849595, 23.137880102116206, 29.300125471599742, 32.89948351743953, 37.53427419656095, 63.065521326769534, 61.57177202710819, 66.88150704041617, 71.86687408668716, 74.07248526387086, 73.80529140733252, 68.83882839767622, 57.89683100054732, 46.018940279054306, 51.62206334410605, 46.264150893392056, 45.979997535976466, 94.48751351185514, 87.36162792916494, 81.08824328800748, 76.72494907336763, 71.32742676486421, 67.46713745164286, 65.72054265675145, 75.90662634147277, 81.7891923346637, 85.52743396447374, 91.069025380554, 93.20075942013538, 92.30589700390814, 84.72481872839677, 79.32737112229185, 72.23567452827565, 67.28777867701466, 72.86876705699497, 79.87988155184723, 85.2575798047218, 115.57460320565967, 116.03343963767789, 116.83041187907338, 116.66436639372543, 123.29799050871921, 124.6555819361717, 120.71857466055762, 108.4721526444641, 90.41951438426499, 80.45522399721744, 70.66223418725126, 51.28589239455787, 38.60405066790631, 31.453065655002693, 36.78987627128988], [64.38501247287927, 72.76875701283767, 82.03776947923295, 87.62347693738893, 81.9539492791926, 72.5089900229476, 64.28199532190612, 24.06492552481185, 17.201384052248063, 9.794021465964276, 3.153077801115761, 11.708991229568285, 0.0, 9.71786543279958, 16.6990114257515, 66.15560590794438, 72.78963550390083, 79.34406476476822, 87.16989564046983, 93.59094182346553, 92.76591795765582, 85.71071955558006, 76.82189171386754, 70.43189699824988, 64.88054675261071, 35.474277431608456, 31.18951238372952, 27.870965877363545, 26.37989753276032, 26.447996330479743, 21.575545081313937, 19.85636844217779, 23.10161562526697, 24.83345124250417, 28.873362903004317, 53.787191475096385, 51.524973431601694, 56.22720223612286, 62.19883294249528, 64.18945390608837, 63.27436533846428, 58.28928085544244, 48.16724682845685, 36.5927981328613, 40.3723970167402, 35.64764186806429, 36.33431380090876, 86.79972986091214, 78.92862522648659, 72.05494867413326, 67.74595361354385, 62.59775195151897, 59.953195486197636, 60.03976220288969, 69.47722139175826, 74.795062591962, 78.21920346596545, 83.3861765972738, 85.41064512483538, 84.50395141971178, 76.26354932784548, 70.95673567603879, 64.37872957701956, 61.09787757049219, 65.1462730297406, 71.63927378446935, 76.91857484271164, 110.79166562218872, 111.7581394349512, 112.42162430968762, 112.43294426915642, 118.86496709391496, 120.49344935218008, 116.43836759956135, 103.68051158478333, 89.31261457653547, 82.81353886265049, 75.26797882752382, 58.337944761208284, 48.479696321298924, 42.97337278358668, 45.933633880787234], [55.029325438400356, 63.313437942414765, 72.70433784390214, 78.49207259935012, 72.66313068698088, 63.150995457220674, 54.94749232206225, 14.661104820241206, 7.8982541603696825, 3.3461007363189172, 9.798166038629677, 20.2413391578547, 9.71786543279958, 0.0, 7.269547933536583, 56.81767887183855, 63.399351768765605, 69.96154042399866, 77.89687886475018, 84.41801356727103, 83.52576897645865, 76.27748669397756, 67.31225879730843, 60.897278424326736, 55.36251087963134, 28.30952934326913, 26.280071057365316, 25.441983564385662, 27.92892362868761, 30.761003204477593, 26.074693856728462, 21.329796948847708, 20.839472707644738, 19.50094536733635, 21.848979513706794, 44.16320032270569, 41.910386552095886, 47.381229801178506, 53.9738261836617, 56.89038171941788, 56.50208051930316, 52.27511453235382, 43.07651792807002, 31.510281229556686, 32.4569781939839, 26.16352097457961, 27.009367752907213, 80.8481454503194, 72.96166047900087, 66.34296018038069, 62.66501374950001, 58.239723995552716, 57.06125263389443, 58.89361381985035, 67.43450509941813, 71.81291581336896, 74.48700791263558, 78.79734130667005, 80.13280480085761, 78.6944484105339, 70.70625202935717, 66.32968602206115, 60.87763384260376, 59.404732997768775, 61.733318309692976, 67.10334732933734, 71.45367345620338, 102.50534128317221, 103.94105558670503, 105.03723790433584, 105.875697148176, 112.92759949607041, 115.74708470089547, 112.44618740406897, 101.67056754453867, 90.55620537470497, 86.42320018850486, 80.12300944283565, 64.33007776189059, 55.871803674900086, 50.106932084798366, 51.61231857899357], [47.79069025274486, 56.11936592099219, 65.45868086656151, 71.22325221011664, 65.40788201668178, 55.917250127175926, 47.697050591879936, 7.542840117747821, 3.135455186267059, 8.933453764626199, 16.759343857250197, 26.25310756784248, 16.6990114257515, 7.269547933536583, 0.0, 50.74359625150867, 57.094197614537364, 63.4306873464761, 71.15127912952377, 77.45697335882751, 76.4947043221388, 69.40961874471105, 60.618618606432875, 54.24008434661519, 48.90010196282541, 26.0935308466266, 26.477686437805968, 27.49541642088434, 31.82369619949897, 35.4966525990964, 31.353126783044797, 26.019069085066455, 23.616725888575576, 20.04353024663078, 20.280645754767992, 37.764480805271, 35.33038564256532, 41.6299574431793, 48.088571047973666, 52.01179268923271, 52.6002314220499, 49.25277967175858, 40.607913274063975, 29.11703156895404, 28.40287460549403, 20.276531752912696, 21.68428459444318, 76.14030278766396, 68.58822182318062, 62.559154329998336, 59.53633591696597, 55.777393906218485, 55.53535013256448, 58.343391487328354, 66.2235734746541, 69.84976809111758, 71.8724480006833, 75.45315783228925, 76.13456555912052, 74.1781750762382, 66.76915302572938, 63.33366319377055, 58.84692855418038, 58.50215483711994, 59.72248221913647, 64.13268293388926, 67.54870343965666, 95.78299071970557, 97.06516925648043, 98.28237044766428, 99.6223087394951, 107.18177959402159, 110.94505831868764, 108.36363832530701, 99.70342255547465, 90.6493113045408, 87.91963114510389, 82.3565220413602, 67.33601231921837, 59.99236517025027, 54.41340495884743, 55.89887835206959], [25.59642814613207, 25.502504684816294, 33.99690774235729, 41.45756728452198, 36.04278885607852, 30.61645944026515, 27.210604633925705, 43.858819119881474, 49.366429676766415, 56.42782359350084, 65.0051189154301, 74.75967808226743, 66.15560590794438, 56.81767887183855, 50.74359625150867, 0.0, 7.419940397835353, 15.522409749469636, 26.16253165466236, 36.11995617651589, 35.8159760256578, 25.00773813969782, 14.717031972152641, 10.080159235864235, 5.97395584040366, 36.87083215419231, 46.03234931893034, 53.508851483557194, 64.13401158436464, 72.3144943740943, 70.2111512444914, 62.518967174120505, 54.669631920490716, 47.62329011848826, 41.472332316247154, 14.731283974782, 26.8156163000381, 39.465593014851265, 48.815280217927196, 58.28238728755473, 61.28131675807197, 63.86451464174826, 65.33508293094069, 61.46673234362833, 46.456434409026386, 36.417978006463706, 30.40388400515199, 83.29907329099015, 77.78994119967206, 75.00573357285832, 76.38869072469642, 77.45040998354256, 83.64493171976807, 91.9773916349564, 94.87998037073872, 93.97259409708715, 92.25057672838085, 90.73831213827788, 87.4767864050432, 82.80176333888258, 78.98225957578313, 81.49351258913688, 83.51008062952619, 90.2805685038513, 84.53235316383382, 82.54563112071028, 80.0875677142104, 60.38680233063136, 72.35016148267701, 81.93274491550314, 92.58390544496038, 105.40577252964721, 117.56014299457215, 120.35316336181737, 123.15961207139127, 126.98187250285912, 130.5700158020059, 127.56402537481037, 114.31400439169828, 107.5782463653803, 98.01336882743868, 91.40339638547572], [25.330283830870492, 22.818459865219126, 29.74969547054534, 36.8643472370236, 32.15575187855176, 28.594876460256582, 27.044496573337618, 49.98593589764131, 55.81895300791681, 63.12808585342076, 71.70530440463678, 81.18163409954244, 72.78963550390083, 63.399351768765605, 57.094197614537364, 7.419940397835353, 0.0, 8.240461409368953, 19.145779086096468, 29.379728547001005, 29.16525659137164, 18.059437726775492, 8.328088280720252, 6.986598852246063, 8.813519315803083, 44.169926914417395, 53.24469122150573, 60.57958412491476, 70.92941236136475, 78.88270862023093, 76.98127954288671, 69.54079934030304, 61.81563180313698, 54.815481883140166, 48.68886122532759, 20.549814448827174, 31.139717259829485, 42.89855405357281, 50.888394330433215, 60.81844913598736, 64.6232199913738, 67.9653816403213, 69.96304112086374, 66.62232339730089, 51.99555555077636, 42.54088104458836, 37.34895611255402, 84.06410397963589, 79.3672649597293, 77.49815972626048, 79.51033204300579, 81.13741887892816, 87.69131588115837, 96.2295931279815, 98.62106491250414, 97.18543405821022, 94.9716077604578, 92.79189924273767, 88.94320962400789, 83.87411995730596, 81.04363127444039, 84.43140236706215, 87.1920963580663, 94.39938793036123, 88.17351522776089, 85.44685658267082, 82.11950705604892, 54.31647759965368, 67.26430004512208, 77.8385032993092, 89.71852876947128, 103.22078391267208, 116.5615265551527, 120.27859994919591, 125.3251293636783, 130.50062634762455, 134.73145217646808, 132.05751812369485, 119.24069601581972, 112.99873890892657, 103.5917571633552, 97.22987477506253], [26.252630867936798, 21.466124103898096, 25.84534825117358, 32.068989264939816, 28.662920606492666, 27.639353579335157, 27.997527125023755, 56.11660970609676, 62.24059785342951, 69.80512464885891, 78.32161876089056, 87.34887525208244, 79.34406476476822, 69.96154042399866, 63.4306873464761, 15.522409749469636, 8.240461409368953, 0.0, 11.014779868480623, 21.472831884875756, 21.479789116931013, 10.47592676592124, 5.283140500285506, 10.236889978119768, 15.42500981397046, 51.80264675580043, 60.725113936911086, 67.79692711635579, 77.68023493259537, 85.24968629137864, 83.62254545667648, 76.5865253614306, 69.09465602793688, 62.18286587666592, 56.11969975384656, 27.4205775238471, 36.72998267099478, 47.749543027354086, 54.01689375186555, 64.40969685507382, 69.20256256850948, 73.20334822699574, 75.32807894724345, 72.2232697214993, 58.399852913723315, 49.196843246156405, 44.60374143757307, 85.28869542020917, 81.62836372333015, 80.83628315777135, 83.4510643591584, 85.56112419070872, 92.25848272171972, 100.77767115294523, 102.79007299895632, 100.8992060253385, 98.22039043391162, 95.41811348833735, 90.95856946560477, 85.45307424074342, 83.80876329665683, 88.07004148219592, 91.4683359205449, 98.87159786063383, 92.39003456844476, 89.02407609096754, 84.8266978293047, 46.79051060816932, 60.749719141388915, 72.60035296420243, 85.94939740732352, 100.3516125126635, 115.06346878864287, 119.89431928176009, 127.63921399059578, 133.82358173150456, 138.4457413773397, 135.97363869685094, 123.52276180418737, 117.77536451372197, 108.51685876078298, 102.56398935468087], [29.732509532792786, 23.303093641593875, 23.439430944912015, 27.37182485865831, 26.573563740938134, 29.09936896125208, 31.37004093931133, 63.67433590845288, 70.05810767127066, 77.87486160401568, 86.2242749914499, 94.53627165823745, 87.16989564046983, 77.89687886475018, 71.15127912952377, 26.16253165466236, 19.145779086096468, 11.014779868480623, 0.0, 10.882220876408407, 11.697371936817346, 5.678461534904943, 13.376053908610604, 19.25763886097413, 25.20593424663488, 61.38013538555146, 70.03456324850752, 76.67556541682428, 85.81472890284897, 92.76153978204177, 91.51678929632533, 85.11048574769475, 78.01508331633957, 71.2701371820822, 65.34541955728464, 36.735874251751724, 44.782158688571094, 55.0967838868676, 59.15568132600603, 69.99093310094447, 76.02565294473406, 80.64367394614796, 82.52647181135873, 79.43218304608571, 66.92978010636419, 57.798386942893146, 53.77047822795028, 87.49909044879328, 85.26952512509803, 85.85627317063498, 89.10756262863502, 91.66928513044492, 98.29191962323992, 106.53764889138763, 108.24586784139305, 105.91781935929471, 102.74717432984953, 99.29730445916691, 94.13767099219184, 88.11541311384426, 88.02706103301983, 93.25078121668537, 97.24844076616404, 104.60841108725586, 98.08055203009467, 94.10682986317852, 88.94550255580988, 36.21936032584429, 51.48289320549354, 65.30331033189712, 80.69896554616925, 96.39999847620324, 112.90205120886719, 119.24292830893796, 130.60975456529468, 137.57137844688697, 142.37594050593836, 140.01435020720737, 127.96708294112116, 122.83404755915598, 113.79594031664959, 108.53677003080703], [33.018073427874455, 25.89921641251592, 21.780433482255035, 22.422432265382497, 24.655609523987458, 30.36785914394418, 34.32484451739215, 69.91699432641212, 76.59429515531349, 84.65239106204895, 92.8383587548718, 100.49796023000829, 93.59094182346553, 84.41801356727103, 77.45697335882751, 36.11995617651589, 29.379728547001005, 21.472831884875756, 10.882220876408407, 0.0, 3.2416145387681428, 12.321963513068196, 22.43090466852075, 27.956087325115185, 34.15871213486735, 70.30631328613188, 78.82300301901212, 85.12370905446993, 93.62461472907316, 99.90053349921526, 98.81964160317199, 92.93331408177582, 86.2418642093361, 79.54834970169048, 73.74499765170822, 44.841891750313884, 51.1054019878879, 60.2952395641953, 61.98775253866268, 73.0059205053148, 80.25290852697788, 85.4627190634337, 87.10145294792379, 84.23048839923314, 73.26470356390233, 64.6519863268864, 61.75224988560093, 86.7653262271063, 86.01385163270373, 88.00916076410253, 91.87948678562171, 94.89925999728483, 101.41009311352482, 109.35777425409601, 110.63921146049462, 107.83651228649045, 104.17160795088085, 100.08809095222948, 94.2818396029562, 87.82314895675955, 89.31559500672856, 95.467373764748, 100.07561927004998, 107.3908723056416, 100.8036604635239, 96.2100737599195, 90.1176875070422, 27.384726334306187, 41.42206781567953, 56.22204064524802, 73.11142670572544, 89.72748120073572, 107.69592375800056, 115.38536677079328, 130.20391889771867, 138.15799843097358, 143.47211199443169, 141.54256747551472, 130.40538551690727, 126.3890077154372, 118.27007379914616, 114.49642464335953], [31.1127943864425, 23.642041200774077, 18.83674009186815, 19.4437255241367, 21.65474734298523, 27.789600052283497, 32.291692291362075, 68.95314671011985, 75.74983643370342, 83.87473015838368, 92.11136363570391, 99.85650545468945, 92.76591795765582, 83.52576897645865, 76.4947043221388, 35.8159760256578, 29.16525659137164, 21.479789116931013, 11.697371936817346, 3.2416145387681428, 0.0, 11.572518336179424, 21.694305998958367, 27.10963475966205, 33.41980993159729, 70.03104090432198, 78.66965298361735, 85.05424883631146, 93.66109630533437, 99.92791402950736, 98.68188670757748, 92.69170802067032, 85.9829728748142, 79.17552171044213, 73.336035346689, 43.81478746181445, 49.34393886935011, 58.01411740916374, 59.31671750555231, 70.2845972043967, 77.66353078710156, 83.02379199783996, 84.82191437551009, 82.24960746481455, 71.43262802683245, 63.271609199524754, 60.956805949199804, 83.7064210296056, 83.02779695402953, 85.15772501880619, 89.14079557130044, 92.28852909426318, 98.90364978776405, 106.95382775164487, 108.02983370530461, 105.08990883711263, 101.33043148506417, 97.12961619136944, 91.26132793052226, 84.78831573135112, 86.39087744903365, 92.68117820770385, 97.45969708760602, 104.93262878399618, 98.17787670629477, 93.41597153747514, 87.18781077704554, 29.285275789735596, 41.09261883024078, 54.654501714206795, 70.9692476233727, 87.23274074485714, 104.99271575800243, 112.55505998229144, 127.30829847789093, 135.75922004829405, 141.52276308179373, 139.93129485155717, 129.2305963834246, 125.64352141571808, 118.05958471055904, 114.85552117411386], [26.24732546619402, 19.0047649170361, 19.013862884737126, 23.734008123658633, 22.058939873914003, 24.565933835980143, 27.692901875474842, 61.92408913648478, 68.52265151779109, 76.45132694820599, 84.93378131037515, 93.50363979799275, 85.71071955558006, 76.27748669397756, 69.40961874471105, 25.00773813969782, 18.059437726775492, 10.47592676592124, 5.678461534904943, 12.321963513068196, 11.572518336179424, 0.0, 10.620148898457028, 16.739250758401525, 23.134519175579726, 60.638224562524826, 69.5729251280425, 76.43588741573225, 85.86847246233442, 92.87772860651351, 91.29586690914394, 84.61789505079264, 77.42844906620418, 70.44091249589806, 64.41667729447035, 34.33526330965627, 41.11899510137601, 50.54675071385236, 54.26188445852069, 64.98721628272219, 71.0918989859987, 75.97009734676112, 78.29403857270432, 75.81100104443061, 63.286282413472804, 55.023645998798976, 52.060524024799406, 82.41545171207247, 80.11852273626648, 80.76996122605509, 84.18095873324633, 86.96306453531156, 93.85661105926562, 102.38514352401809, 103.71633403218175, 101.15491021071279, 97.84465301158087, 94.21992082638879, 89.01211749877743, 83.0219244908039, 82.9313077421898, 88.32610909071411, 92.61574604779463, 100.34265654155426, 93.44508886246228, 89.18570977506498, 83.85966832534034, 39.38067079895967, 51.88255439248381, 63.776958721496, 78.0691083826437, 93.00882216450631, 108.98338565906995, 114.96368326058835, 125.85065112970048, 133.73465098787912, 139.37359103621972, 137.61914727175974, 126.30874916834318, 121.87203412902302, 113.74063350124285, 109.38981443782795], [21.70086515701734, 16.766135259027525, 22.04804312121051, 28.912321573839066, 24.640930283575436, 22.79001243586063, 23.32207862982346, 53.26121519455566, 59.64476901202313, 67.37501840727843, 75.97959689686377, 85.09879695300968, 76.82189171386754, 67.31225879730843, 60.618618606432875, 14.717031972152641, 8.328088280720252, 5.283140500285506, 13.376053908610604, 22.43090466852075, 21.694305998958367, 10.620148898457028, 0.0, 6.528337285083544, 12.756489985415818, 50.61441159930415, 59.73646085334999, 66.88645911407048, 76.8394181553748, 84.28484535580718, 82.38663464927684, 75.24528256252559, 67.7915006400576, 60.6758796900792, 54.56063017748446, 24.314292981736443, 32.35954684758898, 42.91882091576993, 48.80675500378386, 59.24372826292523, 64.26718766532562, 68.43818601244709, 70.63633855733082, 67.85062075141231, 54.272671014951015, 45.65737120606031, 42.191798354307515, 80.04638015010514, 76.34631005191063, 75.62217360414118, 78.32140059105623, 80.53821546059488, 87.3237842742977, 95.94596185029752, 97.76298230046105, 95.75428237404947, 93.00522474672539, 90.14685021385476, 85.67811691134092, 80.18812739256435, 78.5442751486401, 82.8934760029134, 86.43102040633943, 93.98176190768704, 87.34244178335406, 83.84008254647573, 79.55953684142462, 48.572257792710694, 60.081319865386824, 70.29265416887044, 82.57782086460848, 96.3696617998111, 110.54420538536044, 115.04669628661465, 122.42326602930696, 129.02460154244193, 134.1712998024035, 132.13985012963616, 120.30681833983654, 115.23477312052412, 106.88111741463801, 102.03471024275937], [18.478084902698253, 16.130467137617, 23.992975307814866, 31.427439433657778, 26.15372015102893, 21.760768310359495, 20.14205906604387, 46.93097288196611, 53.27072331178028, 60.96621577165754, 69.60488841668497, 78.88134115875054, 70.43189699824988, 60.897278424326736, 54.24008434661519, 10.080159235864235, 6.986598852246063, 10.236889978119768, 19.25763886097413, 27.956087325115185, 27.10963475966205, 16.739250758401525, 6.528337285083544, 0.0, 6.478877983903852, 44.53026384870862, 53.71492265803614, 60.897087298101404, 70.938957914295, 78.41699572061793, 76.33470100838281, 69.07212939237068, 61.613061879280586, 54.41974470150195, 48.2934338881716, 17.8102147676975, 26.534521208201408, 38.089568720203935, 44.92036103562287, 55.244990121507, 59.8816980008343, 63.55035388266304, 65.2245371662147, 61.997544310549316, 48.2906357011913, 39.24181052281779, 35.702778026900624, 77.55653496624404, 73.19981752471843, 71.79761763050819, 74.03653377560018, 75.82992473849217, 82.32892429490157, 90.7866855690164, 93.0130755257705, 91.40559840959686, 89.02297252010206, 86.69286809841839, 82.66551681199817, 77.4459556171976, 75.03042190053988, 78.73490737141259, 81.71199742583767, 88.91986651051916, 82.65144675129932, 79.70690108239299, 76.06810914865991, 53.29502415771052, 63.41478082996964, 72.41678416963235, 83.39542043636266, 96.54744892773479, 109.63719443493622, 113.328932206671, 118.91342252756695, 124.40862504441947, 129.10304643336065, 126.87295912185755, 114.81364747142996, 109.55331160020653, 101.3239605531541, 96.69465344598268], [19.728526298779773, 20.035207385857674, 29.08922622412817, 36.67764733708739, 30.912899463573115, 24.869558943036328, 21.289349122487753, 41.75157165705102, 47.817208346987684, 55.304826159121426, 63.97387535963629, 73.54999209159811, 64.88054675261071, 55.36251087963134, 48.90010196282541, 5.97395584040366, 8.813519315803083, 15.42500981397046, 25.20593424663488, 34.15871213486735, 33.41980993159729, 23.134519175579726, 12.756489985415818, 6.478877983903852, 0.0, 38.17909457209704, 47.441706089409664, 54.761496337856784, 65.07657055288193, 72.80262524736246, 70.55176302649993, 63.03855111788027, 55.439862770560254, 48.201461393266705, 42.03791026750094, 12.02377760981722, 22.701962918075566, 35.361918069181, 43.72108481609409, 53.59910017294396, 57.38933112141374, 60.34532824654134, 61.6069349324053, 57.8905733078199, 43.625529184446, 33.9401006104668, 29.604367787858838, 77.77144308067687, 72.59590037920877, 70.27176865014727, 71.91034910830611, 73.17629788045502, 79.38743471176383, 87.70507795499827, 90.40927468688453, 89.29434021547581, 87.3750925582816, 85.66735655377303, 82.19949648712725, 77.36246429571794, 73.95996385611281, 76.82488595058422, 79.10960616730098, 85.95501972737256, 80.09506425782799, 77.83986877481024, 75.03371481540421, 58.784643076685605, 68.62427907660482, 77.00429055616746, 86.99355986546695, 99.55398302956895, 111.58763084747558, 114.43403412881993, 117.88956334464824, 122.15657004076233, 126.240294055011, 123.66616176013675, 111.12090615714207, 105.30379330055706, 96.79874027354481, 91.76066021177695], [47.79496291750884, 53.76296551401221, 63.9307681768641, 71.04998012568485, 64.95059451226685, 56.169133204738614, 48.58789276441454, 23.906503978837975, 23.578175165342394, 26.350506604419085, 33.47811854583594, 43.97456729338587, 35.474277431608456, 28.30952934326913, 26.0935308466266, 36.87083215419231, 44.169926914417395, 51.80264675580043, 61.38013538555146, 70.30631328613188, 70.03104090432198, 60.638224562524826, 50.61441159930415, 44.53026384870862, 38.17909457209704, 0.0, 9.550679829267757, 17.631443612791834, 29.609649681994703, 38.94316885871725, 35.800860866947104, 26.86709535256703, 18.42590411054269, 11.795707729207985, 6.604731003358953, 29.265103170888978, 35.01027453484014, 45.49853969187884, 56.989970978585355, 62.521248298100545, 61.60138790736711, 59.336268077742076, 55.9319836607033, 47.96548886898821, 36.41123307517665, 25.07158115043395, 14.25809218637697, 91.10079186777499, 82.92221106672568, 76.45246547272949, 74.34067704570782, 71.90211020