{
	"dissimilarities": [[0.0, 8.358240202092784, 18.14086078262799, 25.79478189923734, 20.58083734371627, 13.354450346048466, 8.610276756820653, 40.88040432330239, 47.63615424499234, 55.92101289230884, 64.20599091994299, 72.854425590997, 65.15833731923549, 56.86446129330071, 48.55834075982344, 18.018635096629847, 18.684286773977888, 20.372589917125854, 25.03284027366058, 30.880864595876332, 28.7856383742328, 21.503139720303196, 15.974948744081185, 11.695291898819585, 11.8713155852127, 44.86184442923555, 53.741135185942376, 60.40908202615083, 69.08227785366601, 75.71405179729048, 73.27701592532982, 66.92619933296378, 60.14308859283166, 52.902581775052276, 47.4481819988712, 16.77160032592361, 23.077208773480773, 35.07413159189232, 38.763926556276445, 49.010610481548945, 54.62193492975403, 58.783773499481896, 59.18560312637399, 55.64238864267548, 45.34474012321594, 35.66455897083778, 33.42789877570634, 67.80927842345159, 64.15203565657863, 64.60778666405896, 67.00481356984493, 68.77580367670113, 73.71781404090565, 80.49382143116564, 83.81756737847437, 82.3051298570957, 80.85247772421442, 77.55787841796516, 73.41334446721801, 67.84303893083711, 67.38706428897893, 70.52010484342048, 74.14124677014921, 78.21301048505126, 75.04323802963998, 71.42326875217114, 68.379692250324, 53.250464798886796, 58.699037400035806, 67.88296467800248, 74.98756705235994, 88.37251897050695, 99.39073133246522, 101.02966182974905, 107.84781836223624, 114.45079216654848, 118.85203939903461, 117.99538644224273, 107.57992686090704, 101.15691060149638, 94.64703793714457, 92.69497541258713], [8.358240202092784, 0.0, 10.667771676682344, 19.392890941243238, 14.976056338021234, 11.545569846686389, 12.774156842288178, 49.22416609761511, 55.928095571339725, 64.15060291147309, 72.50100731269636, 81.19631806825659, 73.50690766046786, 65.18359560448118, 56.884576401770225, 20.643010722501334, 18.11646135123714, 16.588592429670037, 18.770300858197746, 23.81935507919205, 21.227460942160178, 14.144552458364068, 11.977192767300401, 11.479607618660275, 15.46887700454542, 52.19806404542262, 61.23300093948754, 68.05682555416712, 76.95193251785481, 83.68258134965953, 81.39010682903178, 74.94987662985353, 68.03876702397211, 60.787802726072165, 55.145773933423015, 23.69925286325358, 29.236809028776825, 39.44940430471034, 42.127324341582415, 52.523154195667075, 58.59343714438828, 63.53347854649769, 65.04114796309788, 62.441121151157766, 51.78543000512258, 43.19297387891695, 41.30455529277851, 69.340118951689, 66.42202215993645, 67.91059755181274, 71.01874708959076, 73.48999576699521, 79.06920321617724, 86.32697053273574, 88.81941492268516, 86.61891660509801, 84.55314044842356, 80.45842033856067, 75.6525267566899, 69.72302770604904, 70.28675725045008, 74.41374622080554, 78.95193001576811, 83.76144651497276, 79.81347321145485, 75.28693684493807, 71.25457037289875, 47.61966867328101, 53.99745179512223, 64.2637007332519, 72.90476434858458, 86.95826142145583, 99.41183387649626, 102.0531875985102, 111.09852972184225, 119.61368382901223, 125.0772970119123, 124.7114437373623, 114.84930210231013, 108.99121171218175, 102.54758299968925, 100.39828695578942], [18.14086078262799, 10.667771676682344, 0.0, 9.256969165304266, 7.425636299680992, 12.883132993423148, 18.806761608458963, 58.33651436150078, 65.48332346738027, 73.8841854294426, 82.00073261147672, 89.95340904829303, 82.43733846493109, 74.20485399302187, 65.84203657274368, 30.649978793484035, 26.680545742035697, 22.467716208265852, 19.322378944982134, 19.218011392082843, 15.379085313903097, 14.089235596809822, 18.897385669837536, 21.12719360228275, 25.94086016295844, 62.75601995407435, 71.72470909303917, 78.39711430715275, 86.93647999727959, 93.23099762754022, 91.07090621683975, 84.97932508575936, 78.2662310833599, 71.0402078392798, 65.5404796056422, 34.0381007676423, 37.55782751753847, 45.410158283800705, 45.27865555670915, 55.43862238685031, 62.688537153410536, 68.59343527548072, 70.57101553110638, 68.96404336981831, 59.57220034987879, 52.24013308048626, 51.419669783833925, 68.22666179122861, 66.80058432793392, 70.01258547949148, 74.03751605330878, 77.30915516318944, 83.24927689685872, 90.57697305259076, 92.1374718399863, 89.1708720279758, 86.33965445228583, 81.25084445419233, 75.67912278527908, 69.20333266700185, 71.55312944861454, 77.06331023211031, 82.52780934403106, 87.86023278354176, 83.31142823506674, 77.85049451922053, 72.45606116490625, 41.52421031567142, 45.63616680504046, 55.70295440794605, 65.56445811109407, 80.30318726731117, 94.45227511679236, 98.56621373767811, 111.06567820167217, 121.55249715883095, 128.37076341849496, 128.68299836726644, 119.93227126666463, 115.57082545069028, 110.06108017844267, 109.06166804654613], [25.79478189923734, 19.392890941243238, 9.256969165304266, 0.0, 8.035273781791012, 17.809400598515328, 24.368592795459694, 64.18882360405551, 71.72918938838382, 80.29396062494637, 88.04508351260333, 95.02323097057291, 87.84482692705366, 79.83575252911278, 71.46745222569297, 39.752056657748774, 35.793250506918554, 31.0852179702365, 25.741831484149163, 21.38114657976915, 17.45080584705102, 21.460285367459843, 27.955700028585316, 30.266095561804946, 34.85632565450854, 70.62172270885085, 79.380942555105, 85.72463437012559, 93.64479956085756, 99.30053126420417, 97.28553792032216, 91.73134712921362, 85.37877776019593, 78.24358271865343, 73.03642612195975, 42.103168667029195, 44.27666506649518, 50.72444018150802, 48.04831029088742, 57.70613748200526, 66.03263514632559, 72.4813729719836, 74.14326297863857, 73.00828114543843, 65.43302214865365, 58.76673856062962, 58.71243462601119, 66.62777403355231, 66.66329143300521, 71.3003227363341, 75.90652063633317, 79.60952808436211, 85.43386606259622, 92.37027728262122, 93.43484450524268, 90.06896171898003, 86.75890472041185, 81.04510516856544, 75.03310195087566, 68.13363931837273, 72.0535759791887, 78.53041864791483, 84.39416730515441, 89.73077560896438, 85.1060668532058, 79.22479087118309, 72.8853977929937, 38.31928464712747, 37.87353029986275, 46.76285710489831, 57.33706842582781, 72.75865112901194, 88.2482945815115, 93.70680317570692, 109.2180845488253, 120.56322650272475, 128.1687864205002, 128.85496689121246, 121.03578104143925, 118.10623360496064, 113.60588752481459, 114.05971448431356], [20.58083734371627, 14.976056338021234, 7.425636299680992, 8.035273781791012, 0.0, 10.25922198976784, 17.910110314319173, 58.37530924550635, 66.12849543152501, 74.6954914918544, 82.51417136133013, 89.7893403130304, 82.07927179625767, 73.85121418376411, 65.53497696663888, 35.268829249080625, 32.31622294307481, 29.080821891996383, 26.724325172633808, 25.729722400652715, 21.68108054628159, 21.25251351758716, 24.92398955822356, 26.0712654740567, 29.898303383189756, 65.06267908794335, 73.94997044315667, 80.57705411755207, 88.82245778824378, 94.82090269434312, 92.33613705869205, 86.42411371981547, 79.8836958661901, 72.61402746201914, 67.38093612365245, 35.9351814035867, 36.78492975847069, 42.718528751511904, 40.47842105911376, 50.32409724304492, 58.30957587825552, 64.67217347109326, 66.6676952049249, 65.78014908853513, 57.71442940776532, 51.69284055893282, 52.55813809230646, 61.301004098081144, 60.40871483620053, 64.33583295615554, 68.73339721035703, 72.34480109500755, 78.37490958178437, 85.71044253642047, 86.7400012717714, 83.43642756927599, 80.30305396770295, 74.87800714335874, 69.0979735150333, 62.45475820311451, 65.47095568431705, 71.53259194713614, 77.35042263092225, 82.90410205063888, 78.0880499964755, 72.26919270269264, 66.34094815874185, 45.59879494520886, 45.22551052589556, 51.985609357739385, 59.84003068342137, 73.7002064137317, 87.34676766275557, 91.2910122570225, 104.28504027753715, 115.7347010628043, 123.51171442056464, 124.61860320929455, 117.00918894793688, 113.96366972926658, 109.92556429117735, 110.60569677122128], [13.354450346048466, 11.545569846686389, 12.883132993423148, 17.809400598515328, 10.25922198976784, 0.0, 8.649604469050706, 48.874850168950275, 56.7210772369, 65.24859021853426, 73.10947241815353, 80.7158329559149, 72.59718380770636, 64.20939326438746, 55.95158267762076, 29.106612297882158, 28.19049759562344, 27.554320592148592, 29.088574020443367, 31.573997397843975, 28.035584863238896, 23.53772755839894, 22.531541237837615, 21.164456666228805, 23.11371812112279, 55.91632410332289, 64.79101947705868, 71.55487925444356, 79.9735741259532, 86.23673132548105, 83.35077013578672, 77.17191334821571, 70.5351845610123, 63.20011377976159, 58.02816960810095, 26.76775452614169, 26.60592890607103, 33.45549489480766, 32.80366930898165, 43.060217104837655, 50.33832685613011, 56.08144744573618, 57.71543197860443, 56.3322780619702, 47.66997109096369, 41.46048185043659, 42.86739413635836, 57.98349067572926, 55.56610839080694, 57.94595862227637, 61.6074938956842, 64.61562162124297, 70.44188635098256, 77.86380524458903, 79.53057333098069, 76.80340135909678, 74.29987283917868, 69.742036361842, 64.66352737858901, 58.524249935372424, 59.830825520006464, 64.72916810492596, 69.84838860710045, 75.09861052329622, 70.65186483441417, 65.54289379157437, 60.767974112562364, 53.150509707161625, 53.63012562157428, 59.40144715966126, 64.92731314361637, 77.40879730544694, 88.75519401440216, 90.85630451945168, 100.1479108709851, 110.18385438408866, 117.19461026185616, 118.14762759712701, 110.10476187844755, 106.33988065304604, 102.33568548839406, 102.95924060772023], [8.610276756820653, 12.774156842288178, 18.806761608458963, 24.368592795459694, 17.910110314319173, 8.649604469050706, 0.0, 40.51839377329483, 48.305317446362174, 56.87557482370042, 64.69001558450904, 72.28892611539527, 64.35144875435246, 56.04594504175644, 47.72408190106293, 25.62427532676768, 26.678413753388355, 27.977852063544155, 31.361723561226427, 35.26166055125354, 32.44671884164205, 26.87678084866826, 23.126039892875628, 19.51339404087195, 19.29839840008113, 48.323413020035716, 56.945675244865754, 63.428615769513684, 71.53619870392329, 77.63832144354639, 74.80376376967237, 68.80682812650896, 62.35369449014556, 55.10490486526432, 50.13065334373197, 20.33786258647818, 21.274306659348316, 30.909792112079128, 31.876687764034177, 42.09327142237283, 48.780144896850665, 53.50886457729229, 53.66882907973913, 50.86168446911953, 42.48380944406178, 34.52653103816823, 35.11164481940123, 59.53354009545555, 56.2863890952474, 57.391512495385804, 60.147532123576326, 62.23992499744294, 67.22530458433289, 73.97265766135915, 76.82921965748494, 75.01329473294722, 73.29030090504044, 69.71753448887101, 65.43407296788409, 59.68711584953531, 59.7927832543164, 63.44725311472932, 67.37430013622591, 71.61701193983224, 68.23745979778107, 64.30440746974482, 60.76472875815391, 56.234220455028215, 57.489892884534406, 63.609636767097925, 68.5554725512254, 80.91774207685675, 91.1488736849902, 92.46951930382485, 99.58223801996428, 106.99535091337393, 112.41786325283125, 112.43984445106071, 103.3343649862435, 98.57968446457538, 93.98917446756366, 94.36411920096486], [40.88040432330239, 49.22416609761511, 58.33651436150078, 64.18882360405551, 58.37530924550635, 48.874850168950275, 40.51839377329483, 0.0, 9.021678385113658, 17.410719567215654, 24.37773926968001, 32.75652985888763, 24.3061140457741, 16.105444349144577, 7.8964231054078535, 42.56860660115778, 49.426527756156936, 55.73887631391996, 63.33962972474621, 70.14266783008894, 68.84036653242896, 61.3582427101997, 52.908343781603314, 46.437404874403626, 40.597586097739104, 22.579974796082965, 25.787059645390144, 29.316593217225787, 34.716489448641774, 40.17038803437819, 35.91601087629775, 30.530632846530448, 25.831110866626794, 20.13935455551952, 19.323020573156153, 29.671634874565914, 29.689926397199788, 38.697067526642456, 45.275421378979686, 50.02957216180572, 50.85123666922858, 49.04746900802638, 42.280921109749265, 32.51553354644161, 29.29270575326323, 17.22820977890532, 14.49346974602355, 73.61599961470652, 67.01356700326482, 61.928055992224785, 59.79261284550828, 57.01295920157772, 57.05722574240449, 59.764373371527974, 67.90722121427008, 70.73764363917452, 73.03574091823155, 74.63656333094903, 74.59580344749463, 71.93011195118385, 66.2952713977339, 63.283779287561835, 60.811804611964966, 59.625540363379685, 61.802850417366, 64.18451818794637, 67.20742493107515, 88.40763249222894, 90.80342463412556, 95.51983644629665, 96.20147915236002, 105.32357816359728, 108.94599834120979, 105.51709529962473, 99.87555393496504, 95.50936921781168, 93.33730201694603, 89.67700622015214, 76.20909390296816, 65.84009276649432, 59.431274986674595, 59.29494282276065], [47.63615424499234, 55.928095571339725, 65.48332346738027, 71.72918938838382, 66.12849543152501, 56.7210772369, 48.305317446362174, 9.021678385113658, 0.0, 8.703888997549601, 16.59986827580918, 27.145192126744178, 19.382995781083014, 12.516028816232009, 8.434917302519569, 46.726865095259974, 53.8415024014269, 60.53930387790881, 68.56346899459847, 75.91090586757208, 74.9754592448461, 67.1773181225617, 58.29145678605208, 51.85188202441807, 45.81168515711711, 18.86994178576577, 18.93423155838203, 20.906675376136448, 25.79720908096244, 31.82139828925907, 27.362910164478357, 21.550430137668133, 17.1617388483478, 12.530672231153362, 14.093013413371713, 35.27769826187297, 36.90849068499857, 45.95652513010601, 53.60704664519672, 57.935128169860576, 57.72160677479276, 55.01691646678626, 48.085740626773614, 37.91690147554529, 34.55485002447827, 23.275260060161262, 17.85435428305653, 81.98012953034905, 75.052983115983, 69.28207744146569, 66.56878847806455, 63.199941843114765, 62.60022600373304, 64.60876370084601, 73.41442280365386, 76.91212129722176, 79.75531807069741, 81.99927051857608, 82.41699428783656, 80.12963570272284, 73.8834139, 70.0617656451218, 66.79393676678727, 64.84766682570898, 67.77819569254277, 70.95925905850788, 74.77661124078182, 93.85319395806823, 97.7654974225276, 103.46532911488703, 104.65252188282429, 113.9529508896203, 117.3257321403448, 113.608433611444, 106.46463460683646, 100.09154719113018, 96.06105956444775, 91.19343080711643, 76.23121563490608, 63.460236794158234, 54.88788890588839, 52.242683080452956], [55.92101289230884, 64.15060291147309, 73.8841854294426, 80.29396062494637, 74.6954914918544, 65.24859021853426, 56.87557482370042, 17.410719567215654, 8.703888997549601, 0.0, 9.03877064931183, 21.941054829174394, 15.124927148182733, 11.645121729336152, 13.633803093196741, 53.57288627250526, 60.81600855939698, 67.76179412325259, 76.09663094167426, 83.77121804602143, 82.9962533512043, 74.96419641148466, 65.8087443831691, 59.414997389734225, 53.27665025688546, 20.877744908692463, 16.766153929353177, 15.7218426841252, 18.667002208981117, 24.996665088695508, 19.611132334158317, 13.340505120509567, 10.62653073644268, 10.013488710691242, 15.24731713423178, 42.86033095673805, 44.514909304318486, 52.6898412578577, 60.83699082912847, 64.37950068293696, 63.13313597275081, 59.48029471356645, 52.20612704029772, 41.87083171912182, 39.35021663312904, 29.87974233275496, 24.75292687115352, 88.62674023977925, 81.33631484811052, 74.79911970067948, 71.42889820162661, 67.41628980977438, 66.05714445580789, 67.29271577501933, 76.66985951513217, 80.86650717278151, 84.30774706105238, 87.31029562575846, 88.32394173934408, 86.55526535579494, 79.59392560517614, 74.846973885356, 70.67950526886683, 67.91308858443942, 71.64169756811744, 75.72404579884285, 80.45207632867407, 101.54481155594047, 106.04150820689277, 111.87409937456466, 112.81433296831712, 121.74489840052414, 124.31638198148654, 119.94920776969799, 110.72991627698445, 102.43331827062788, 96.79966353844436, 91.12142184296353, 75.27291452591146, 60.68809446568229, 50.998478867787426, 46.770100597169474], [64.20599091994299, 72.50100731269636, 82.00073261147672, 88.04508351260333, 82.51417136133013, 73.10947241815353, 64.69001558450904, 24.37773926968001, 16.59986827580918, 9.03877064931183, 0.0, 13.872720230990241, 9.692075722623201, 12.558115532143429, 18.55099124755052, 62.544053296699545, 69.74591208561806, 76.59571208936684, 84.6945267871338, 92.05301890082532, 91.28403424881856, 83.58052902135596, 74.60179226042264, 68.19924268142623, 62.109361029879544, 29.392344037700724, 23.64270006513059, 19.72666222983478, 16.994939087071156, 20.103045447276187, 13.762610790200998, 11.529577703095764, 14.598844524772295, 17.765064364498595, 23.780087474797796, 51.61221492360206, 52.45504941170215, 59.5315718457041, 66.81904845635621, 69.38791202282479, 67.81843366476102, 63.47397871978083, 55.00974575952543, 44.39343091746391, 44.9488158359949, 37.24481741433734, 33.536553753709086, 92.60645200175308, 85.38196034214302, 78.4786001438211, 74.53525913462046, 69.86153917448169, 67.26286382400059, 67.0034143909262, 77.16479158945691, 82.20026977380142, 86.25828896914777, 90.04729358518517, 91.73205364462157, 90.41948634100831, 83.15838739643429, 77.65765111335436, 72.39199457776292, 68.30499475536423, 73.3005976536004, 78.46552520959006, 83.9526152089898, 108.94486951495057, 112.49873400102742, 117.48980296100228, 117.47523261648351, 125.69142967679902, 127.08752651811447, 122.10202841907054, 111.11744535295497, 100.07675307935816, 92.52215098444074, 85.85604439686362, 69.25541315800902, 53.47857801520847, 43.880076452368336, 40.94659600863634], [72.854425590997, 81.19631806825659, 89.95340904829303, 95.02323097057291, 89.7893403130304, 80.7158329559149, 72.28892611539527, 32.75652985888763, 27.145192126744178, 21.941054829174394, 13.872720230990241, 0.0, 11.027969689078128, 19.312477072002235, 26.019635524206908, 73.66459012661448, 80.61471931178338, 86.98730879769404, 94.21945444092715, 100.54450949170031, 99.68909594857075, 92.99681402869084, 84.71862184961823, 78.33011089539302, 72.49576732744657, 42.73483591645641, 37.28814394604333, 32.47987757177056, 25.67997065717827, 22.25291225666865, 18.088260762509062, 22.73402091700095, 28.08866284797886, 31.417593686297902, 37.142031429463586, 62.012585371870195, 61.69669232588221, 67.65363942060779, 72.64139943102631, 74.13209636491854, 73.16598970954006, 68.59444923753153, 58.19676970520842, 47.41825269579041, 52.98766267303063, 46.75102605219857, 44.780525298539466, 94.5273764967007, 88.04370595741804, 81.43875033193062, 77.1448782880061, 71.91066501916802, 67.53956413579054, 64.76664253867972, 75.91844641538776, 81.90790671008334, 86.52825065316334, 91.03757269950225, 93.40908201961868, 92.41645521418677, 85.55056404458847, 79.67174299319493, 73.1903059139204, 67.17807187519982, 73.9948597227713, 80.34237786303416, 86.24048630809905, 115.48578286797651, 116.53419683404745, 119.71226545194186, 118.09356995839549, 125.2771235287131, 125.17953532741785, 119.8047371763975, 107.81681353663564, 92.66891873394601, 82.38361403139183, 74.04875858016777, 56.33268197612201, 39.699279736078545, 31.878810261915422, 35.728342878677665], [65.15833731923549, 73.50690766046786, 82.43733846493109, 87.84482692705366, 82.07927179625767, 72.59718380770636, 64.35144875435246, 24.3061140457741, 19.382995781083014, 15.124927148182733, 9.692075722623201, 11.027969689078128, 0.0, 8.919423061534529, 16.78169053029229, 65.75964053289894, 72.89294304182964, 79.51874643560764, 87.28819038037571, 94.05262412112307, 92.90397696649299, 85.57302646989201, 76.9568539247696, 70.47292373386269, 64.47712466410839, 35.45094144561407, 31.39520217521566, 28.905114115578755, 26.459025121252235, 27.517872018140753, 21.571524066225106, 21.060778410067968, 23.306478701153853, 24.707043411658347, 29.81298787416057, 53.38012533909984, 51.94328129740652, 57.19993400233167, 62.89189898411405, 64.36360284297531, 62.892697825663795, 58.27803995262423, 48.54927517340606, 37.78745478276468, 42.072884340192346, 36.46553557498195, 35.86960965692832, 86.19749429680304, 79.13690507796647, 72.1433745410458, 67.89007851378791, 62.848731765698766, 59.37401876520098, 58.17486010289356, 68.71277673333904, 74.15189758859624, 78.505239166642, 82.7388105907159, 84.8904212793347, 83.93141575187619, 76.58725638465181, 70.70466453504747, 64.76920678753592, 59.85820770813793, 65.63326294979015, 71.4439143084933, 77.32100584944739, 110.83698306819613, 112.00976398004538, 114.97741490280183, 113.17197558135584, 120.10171898561788, 120.11325314068277, 114.39160223516338, 102.23092508750706, 90.45949975965108, 83.102605424627, 77.1267416322662, 61.692566882979634, 47.926652744170795, 42.458191176161634, 45.22472020282928], [56.86446129330071, 65.18359560448118, 74.20485399302187, 79.83575252911278, 73.85121418376411, 64.20939326438746, 56.04594504175644, 16.105444349144577, 12.516028816232009, 11.645121729336152, 12.558115532143429, 19.312477072002235, 8.919423061534529, 0.0, 8.392633748556529, 57.52814743742944, 64.6766495453098, 71.34096185546406, 79.29088041417066, 86.23563348035019, 84.9439478454322, 77.3295554459306, 68.6163702721709, 62.112129343120685, 56.08858496183435, 29.195048826985253, 27.219607311448783, 27.17240035322769, 28.464203435870765, 32.097294158025875, 26.22878543257047, 22.59990842967221, 21.49639761978644, 20.122987124121657, 23.841446570756254, 44.77403048424054, 43.04822267011812, 48.684766455797615, 54.95083265551558, 57.10798891943456, 55.87974049385793, 51.819452098901145, 42.96102855280162, 32.19212694417967, 34.189346584578885, 27.592665379583213, 27.45104753501886, 80.07449815908777, 72.84239787213484, 66.06828276144651, 62.28736365295715, 57.81987835269842, 55.56355758496024, 56.00654202665347, 65.74558525347207, 70.34548366937793, 74.1164993131985, 77.63583819887829, 79.19930385421405, 77.86493328701732, 70.66767389304671, 65.40749355902035, 60.48996964819032, 56.93410998534276, 61.41694364459816, 66.2195084218384, 71.46492072052146, 104.01755576008027, 105.51788753338857, 108.79012159771727, 107.46461150296611, 114.78851725254424, 115.66349377349704, 110.33449920613612, 99.63197584226899, 90.92445906474377, 85.90845331087893, 81.30763031652499, 67.0835227345675, 55.00681823404699, 49.75338688805842, 51.41805549618392], [48.55834075982344, 56.884576401770225, 65.84203657274368, 71.46745222569297, 65.53497696663888, 55.95158267762076, 47.72408190106293, 7.8964231054078535, 8.434917302519569, 13.633803093196741, 18.55099124755052, 26.019635524206908, 16.78169053029229, 8.392633748556529, 0.0, 50.07575482290436, 57.062802407350894, 63.51026359087508, 71.22017280887744, 77.98739679893102, 76.63730288525721, 69.16550690422676, 60.654494140729234, 54.16593366493849, 48.25817924030181, 25.767906173882988, 26.43383379649517, 28.33426128588233, 31.85351210467585, 36.41350591628974, 31.38284691483679, 26.78391379525664, 23.5960926637302, 19.65391625368985, 21.198933170853746, 37.048405878729774, 35.6781433139737, 42.621602679678446, 48.81116437316849, 52.12474764488286, 51.97970832098808, 49.0264176828291, 40.9313043103337, 30.378515232346114, 30.29655518842335, 21.235329110528095, 20.689386121582704, 75.36857867699463, 68.45142304528959, 62.508255633005504, 59.52698570289212, 55.87263922858991, 54.72949354542198, 56.319376195412715, 65.30415456415722, 69.0170450273391, 72.05142482904508, 74.6215757579214, 75.40737468550621, 73.4105838542201, 66.98289978301713, 62.829416696166106, 59.099302393107955, 56.706406025600536, 60.06477908888417, 63.686214251964834, 67.8382432249648, 95.94778478443057, 97.53227526587573, 101.23037483050439, 100.65815355551956, 108.73975173924399, 110.85529247009202, 106.41602382347445, 98.24960748617178, 91.80226503415686, 88.40316191545627, 84.41581503534073, 70.73962046786482, 59.88325636762435, 54.379284807572795, 55.59931010373968], [18.018635096629847, 20.643010722501334, 30.649978793484035, 39.752056657748774, 35.268829249080625, 29.106612297882158, 25.62427532676768, 42.56860660115778, 46.726865095259974, 53.57288627250526, 62.544053296699545, 73.66459012661448, 65.75964053289894, 57.52814743742944, 50.07575482290436, 0.0, 7.539237370291107, 15.316175630669852, 25.883314726718098, 36.270363675171794, 35.55657345723033, 24.718059280440887, 14.25469558880231, 9.551816437624105, 6.325979422572366, 36.9020990565167, 46.10782378009931, 53.60918080727729, 64.05361502508462, 72.39875138942269, 70.00282414628823, 62.29556744307134, 54.605604880979996, 47.567328400645096, 41.22480271370533, 14.834931250679055, 26.832555067990285, 39.85368858797065, 48.78737737863852, 58.398780683261414, 61.08062082833524, 63.81449150590644, 65.4558526206979, 61.37460513106817, 46.92581582038743, 36.391315635394186, 30.4617760449462, 81.01276795620225, 75.71536539026282, 74.12028476078254, 75.5364076525208, 76.61732890959053, 81.76223999735001, 89.15088969920338, 92.93597087120018, 91.9407556965585, 91.14367293259677, 88.70483662105346, 85.1606998936182, 80.4386607994591, 77.93716457744547, 79.53731689473376, 82.57212134108498, 86.72584647768058, 83.5432935901712, 80.54470881529642, 78.96891575112039, 60.57795483777298, 72.35756668628781, 84.37597379705035, 92.71273152022754, 106.05302205109128, 116.60632627168084, 117.25110781580509, 120.7983127598598, 126.68593135564227, 129.8445965056866, 128.26593132745955, 116.21703289171977, 106.833079762248, 97.6150950903912, 91.24601850092503], [18.684286773977888, 18.11646135123714, 26.680545742035697, 35.793250506918554, 32.31622294307481, 28.19049759562344, 26.678413753388355, 49.426527756156936, 53.8415024014269, 60.81600855939698, 69.74591208561806, 80.61471931178338, 72.89294304182964, 64.6766495453098, 57.062802407350894, 7.539237370291107, 0.0, 7.958979263350988, 18.95201198359958, 29.821675161343656, 29.300185591745883, 18.191058169326546, 8.219333893259602, 7.233885852672685, 9.824224031233967, 44.22274371931355, 53.31568073486472, 60.65842372010402, 70.93508049445906, 79.08302335810366, 76.97688012933058, 69.46626388738697, 61.87246962134407, 54.90941960630301, 48.59620331069076, 21.265930394255786, 32.06846596809846, 44.155770194003345, 51.91882811217237, 61.86901271839979, 65.2351042351208, 68.68405166702999, 70.90502599649645, 67.39115784951969, 53.14605090652077, 43.220354374896566, 37.81374156070912, 82.90094295737326, 78.27387276595242, 77.6050971796663, 79.62310289466666, 81.25369555914173, 86.81240717225761, 94.44689147291801, 97.70485889718108, 96.20495403084769, 94.92208299288745, 91.82918728828854, 87.74062833087123, 82.63896375739363, 81.05959526873475, 83.5186885356136, 87.242924370566, 91.86491253834365, 88.18666156785945, 84.5014081498492, 82.07770335883404, 54.81015277815801, 68.0022984434489, 81.20951191523888, 90.94859134594694, 105.01283759245771, 116.83951978324599, 118.4372649192306, 124.05599630671522, 131.18780429474057, 135.03118234040338, 133.6543163394007, 121.87683951906052, 112.95674990304333, 103.6922608203815, 97.27092670193862], [20.372589917125854, 16.588592429670037, 22.467716208265852, 31.0852179702365, 29.080821891996383, 27.554320592148592, 27.977852063544155, 55.73887631391996, 60.53930387790881, 67.76179412325259, 76.59571208936684, 86.98730879769404, 79.51874643560764, 71.34096185546406, 63.51026359087508, 15.316175630669852, 7.958979263350988, 0.0, 11.212134881995176, 22.34393778572045, 22.040770373575373, 11.153502073818471, 5.293656499331724, 10.235780979117372, 15.750241434954324, 51.76418353962057, 60.75473012097506, 67.85282180790433, 77.76562604058466, 85.5272621773751, 83.72126229562372, 76.5588495179879, 69.15461262026595, 62.22968630686032, 56.015724173371495, 27.80299681990175, 37.576214484030906, 48.879037832162254, 55.03907330371303, 65.24275288185176, 69.50652570077062, 73.65526791605338, 76.09779142933903, 73.00484312126086, 59.4528256242788, 49.880165323121, 44.944104492063154, 84.23147256653898, 80.47081741208693, 80.87105143664759, 83.49235511309813, 85.62877504474054, 91.43536657417376, 99.1137790602555, 101.93307831371726, 99.98408638913659, 98.2278564791336, 94.4876777519475, 89.8709906696243, 84.3408520084349, 83.86130132521912, 87.22014768701088, 91.5369574244803, 96.46078959346913, 92.44749241151621, 88.16442991480353, 84.85686438117361, 47.83873822229476, 62.08830417996202, 76.43589146261738, 87.63067478954657, 102.49342479453584, 115.6760081086096, 118.38641555011996, 126.39983784543374, 134.54311635728027, 138.99680457143867, 137.7606936498996, 126.30424901236493, 118.03821185641954, 108.90519983905124, 102.83558166505145], [25.03284027366058, 18.770300858197746, 19.322378944982134, 25.741831484149163, 26.724325172633808, 29.088574020443367, 31.361723561226427, 63.33962972474621, 68.56346899459847, 76.09663094167426, 84.6945267871338, 94.21945444092715, 87.28819038037571, 79.29088041417066, 71.22017280887744, 25.883314726718098, 18.95201198359958, 11.212134881995176, 0.0, 11.389240464048648, 12.02491563579799, 6.597155365390299, 13.332153016243474, 18.944608364206527, 25.01783560177237, 61.335532269036825, 70.09825474902819, 76.71585436581101, 85.89793536070013, 92.92581062614856, 91.60214747828422, 85.10228153836361, 78.09265749449438, 71.27147848973212, 65.29359616073648, 36.80400341318077, 45.67421231659034, 56.3475839226436, 60.21691271081218, 70.57412158605204, 76.11133648941221, 80.98318675888338, 83.15428435938055, 80.27658334317236, 68.15430615688902, 58.61939587225836, 53.98052786103791, 86.52048540515405, 84.07331101479708, 85.89116165022132, 89.17656364197774, 91.79512380326018, 97.60486110916527, 104.98383860383825, 107.48426536005117, 105.1403821279014, 102.88408006673589, 98.4345352741608, 93.25038070634662, 87.15537257555114, 88.20631877587901, 92.62329483213101, 97.43292583695003, 102.40611174708435, 98.29767571301637, 93.50358651610317, 89.16202711785871, 37.05195800557242, 52.66104510797396, 68.83118031886652, 82.21895658119085, 98.35187470266224, 113.42191471598011, 117.80562639568669, 129.209265277881, 138.00279261230392, 142.89220143406914, 141.5792891275206, 130.4203353412419, 123.04196046451946, 114.08419629068646, 108.71178808003994], [30.880864595876332, 23.81935507919205, 19.218011392082843, 21.38114657976915, 25.729722400652715, 31.573997397843975, 35.26166055125354, 70.14266783008894, 75.91090586757208, 83.77121804602143, 92.05301890082532, 100.54450949170031, 94.05262412112307, 86.23563348035019, 77.98739679893102, 36.270363675171794, 29.821675161343656, 22.34393778572045, 11.389240464048648, 0.0, 4.391858403162835, 13.520532029626391, 23.24564012823835, 28.305816014595923, 34.30114043639718, 70.60415547331574, 79.19317018582805, 85.40213082517964, 93.83005000469196, 100.07492479947093, 99.05163827826595, 93.21398963430865, 86.60949424577505, 79.84034481177936, 74.14610567529425, 45.3180395965146, 52.899774748318336, 62.70258066826503, 64.18240966464286, 74.44122634770802, 81.20790902358895, 86.73128342087844, 88.53054523510815, 85.95493228101009, 75.51229282002389, 66.27675129303921, 62.33304690991255, 87.01548808219972, 85.95498193898186, 89.18001891845834, 93.07820600998564, 96.13848757004766, 101.86082675860278, 108.85007483038525, 110.98106398385474, 108.26154672801087, 105.52740743819763, 100.4271573376183, 94.75961811231399, 88.17365342639454, 90.7669055755316, 96.18455350502009, 101.4123825294148, 106.37094710382193, 102.21987072172152, 96.98668174125238, 91.66837128905654, 26.829299853475433, 42.1403740569466, 59.647962199435284, 74.94792764009354, 92.14078790183319, 108.9023312637295, 114.90949264081613, 129.6528515370936, 139.0843789560479, 144.543726348857, 143.33998989548815, 132.81998566148823, 126.71955251004908, 118.46407455221636, 114.43097592348819], [28.7856383742328, 21.227460942160178, 15.379085313903097, 17.45080584705102, 21.68108054628159, 28.035584863238896, 32.44671884164205, 68.84036653242896, 74.9754592448461, 82.9962533512043, 91.28403424881856, 99.68909594857075, 92.90397696649299, 84.9439478454322, 76.63730288525721, 35.55657345723033, 29.300185591745883, 22.040770373575373, 12.02491563579799, 4.391858403162835, 0.0, 11.82211753325947, 21.99952654905248, 26.97333387191288, 33.025655659496934, 70.12656259067924, 78.88520206740883, 85.27734449034828, 93.81765867128838, 100.12637163970969, 98.81801816190264, 92.86600009715008, 86.1788499615387, 79.25814078521239, 73.55187209244497, 43.724116641211964, 50.35517948228165, 59.501673378465135, 60.50755074242042, 70.7038819328572, 77.61244872717018, 83.33955172737663, 85.38293540730929, 83.19703684974215, 72.90516104171755, 64.25590272367542, 61.10189576988361, 82.89188071406599, 81.90029525536703, 85.30055518156962, 89.34603729522823, 92.57757430783784, 98.46572001747866, 105.62854264578277, 107.45712177289434, 104.54720362802341, 101.67503998647831, 96.43214332295595, 90.67342123104399, 84.07365812450698, 86.79688366275388, 92.40432111387096, 97.85105199734065, 103.03689140335725, 98.64399854780716, 93.19540082114766, 87.69008619753811, 29.36679330570774, 41.752969935675786, 57.75741140220234, 72.17948151061312, 88.91157537212237, 105.36767250920015, 111.14478694786106, 125.81034567812195, 135.91198038124347, 141.93688289455253, 141.22456760047854, 131.26589331325343, 125.71122525653728, 118.16981900460738, 114.8807442479201], [21.503139720303196, 14.144552458364068, 14.089235596809822, 21.460285367459843, 21.25251351758716, 23.53772755839894, 26.87678084866826, 61.3582427101997, 67.1773181225617, 74.96419641148466, 83.58052902135596, 92.99681402869084, 85.57302646989201, 77.3295554459306, 69.16550690422676, 24.718059280440887, 18.191058169326546, 11.153502073818471, 6.597155365390299, 13.520532029626391, 11.82211753325947, 0.0, 10.61293628797921, 16.378025702693407, 22.730628140049383, 60.656570031115244, 69.70608592379536, 76.63498354595552, 86.00762660956941, 93.14587545142126, 91.35568277545595, 84.65696972812228, 77.50398948001543, 70.43149456351051, 64.42618767318632, 34.08145599595366, 41.376796859086, 51.0598809529413, 54.41895356856643, 64.72765521733461, 70.39887505615083, 75.57715846338455, 78.20477186372399, 75.94930838354252, 63.89938297315004, 55.32500284164, 52.0214882807239, 80.3955019212292, 77.93042401986293, 79.9084541583558, 83.39140313907133, 86.26363001799088, 92.36684860597838, 100.06776946082621, 102.10549066809075, 99.47602634297411, 97.02834994707398, 92.39352104452131, 87.0971938271781, 81.02109737754091, 82.14517137709416, 86.7955311200677, 91.94210878158657, 97.29701104619248, 92.78892184496723, 87.66593119125629, 83.0935680914402, 40.22517605445471, 52.559724236168904, 66.68376241446795, 78.6938652105261, 94.02735551642526, 108.50870783663753, 112.44707243476165, 123.52711088871, 133.33588220826744, 139.07911136293203, 138.52357544737373, 128.2137827762923, 121.6469402698379, 113.79044313130551, 109.56626682836789], [15.974948744081185, 11.977192767300401, 18.897385669837536, 27.955700028585316, 24.92398955822356, 22.531541237837615, 23.126039892875628, 52.908343781603314, 58.29145678605208, 65.8087443831691, 74.60179226042264, 84.71862184961823, 76.9568539247696, 68.6163702721709, 60.654494140729234, 14.25469558880231, 8.219333893259602, 5.293656499331724, 13.332153016243474, 23.24564012823835, 21.99952654905248, 10.61293628797921, 0.0, 6.514324690656888, 12.769643340639117, 50.62624506169762, 59.805630567759174, 67.0352856761049, 76.89804564243529, 84.56638631091936, 82.44362108604143, 75.27956972074077, 67.86521246820733, 60.74091377609186, 54.58206206726354, 24.56175039783594, 33.21333314361127, 44.15404610174648, 49.84925623844232, 60.08490175114622, 64.58910521368925, 68.93337118745332, 71.41406261822938, 68.61460542916792, 55.40208470331226, 46.319880668311626, 42.445553719019735, 78.95332728263362, 75.19297253686705, 75.69138050595207, 78.4058210623913, 80.64943994820936, 86.53275670110922, 94.29278025610552, 96.91788939148672, 94.85669666548151, 93.02383361627415, 89.22275992364307, 84.58865787964405, 79.05183477219055, 78.62013796514316, 82.09404684788151, 86.52966839562188, 91.57440989994677, 87.43080045874831, 83.03002164957594, 79.61347958975114, 49.171186588077965, 61.01222275160473, 73.88272097924887, 83.99326503053042, 98.31536687190305, 110.98462770810931, 113.3761726590879, 121.14749367750856, 129.65849611087626, 134.5664367889583, 133.77068084836083, 122.89172545262659, 115.29956922185035, 107.06600400885705, 102.12985722031894], [11.695291898819585, 11.479607618660275, 21.12719360228275, 30.266095561804946, 26.0712654740567, 21.164456666228805, 19.51339404087195, 46.437404874403626, 51.85188202441807, 59.414997389734225, 68.19924268142623, 78.33011089539302, 70.47292373386269, 62.112129343120685, 54.16593366493849, 9.551816437624105, 7.233885852672685, 10.235780979117372, 18.944608364206527, 28.305816014595923, 26.97333387191288, 16.378025702693407, 6.514324690656888, 0.0, 6.379279052771169, 44.64325751358973, 53.8603028991879, 61.10552611079418, 70.92781940188185, 78.59919891984299, 76.29022232541075, 69.10584059791464, 61.70599837556185, 54.516897731434916, 48.41221175256147, 18.137611420851922, 27.610476680407768, 39.628774680931535, 46.04595653674304, 56.19765476377479, 60.39180070565635, 64.2587667112229, 66.11748028440292, 62.810286059033025, 49.694439358054225, 40.030861512061676, 35.98485834597366, 76.38721557842223, 72.12174900307294, 71.94873054992858, 74.21692745931722, 76.03124117766943, 81.54520205769622, 89.04549288877115, 92.14731568865257, 90.50383147570895, 89.05503424137943, 85.76338626476958, 81.55233532732268, 76.25125091289569, 75.14404660945328, 77.98590116360363, 81.8625910808739, 86.48237701348175, 82.7883893999464, 78.94182702413559, 76.15429985722767, 53.274448459709184, 63.661585852741844, 75.42788164040897, 84.27518643423743, 98.05617302840405, 109.67292181927063, 111.3143397683026, 117.52190665233988, 124.8985986123326, 129.2226983860794, 128.2232870018677, 117.12347021560771, 109.27115129492523, 101.16086428643604, 96.50184848626743], [11.8713155852127, 15.46887700454542, 25.94086016295844, 34.85632565450854, 29.898303383189756, 23.11371812112279, 19.29839840008113, 40.597586097739104, 45.81168515711711, 53.27665025688546, 62.109361029879544, 72.49576732744657, 64.47712466410839, 56.08858496183435, 48.25817924030181, 6.325979422572366, 9.824224031233967, 15.750241434954324, 25.01783560177237, 34.30114043639718, 33.025655659496934, 22.730628140049383, 12.769643340639117, 6.379279052771169, 0.0, 38.47184424026975, 47.747640349594725, 55.101442766920854, 65.0561110646139, 72.90450416817774, 70.36330163885562, 63.008087188835205, 55.53176670255181, 48.289235207325895, 42.171001586905696, 12.065009375627149, 23.044833705927104, 36.17106164679634, 43.81532701326549, 53.68242238381998, 57.20732123449415, 60.40834298861658, 61.75590597081541, 57.89734208102967, 44.50098624080273, 34.18877610705476, 29.68125033289836, 75.45515444658851, 70.53485303455348, 69.46931602834913, 71.17252795799041, 72.47557487965761, 77.62704657431706, 84.92682177183598, 88.52914625864926, 87.3530061062081, 86.35675882392295, 83.67231670093652, 79.96357021355989, 75.02050767902188, 73.02437515827899, 75.05599129305986, 78.30013597872498, 82.50131724196191, 79.25449448387307, 76.03858952995148, 74.0498217431038, 58.52059606771176, 68.1108278305478, 78.9944983963749, 86.67550263071782, 99.82497997256715, 110.31113554029102, 111.0909967339721, 115.38255916014077, 121.61391650253562, 125.27960535113547, 124.05783244423212, 112.63908397623156, 104.28103437822482, 96.1123785768832, 91.37493064139426], [44.86184442923555, 52.19806404542262, 62.75601995407435, 70.62172270885085, 65.06267908794335, 55.91632410332289, 48.323413020035716, 22.579974796082965, 18.86994178576577, 20.877744908692463, 29.392344037700724, 42.73483591645641, 35.45094144561407, 29.195048826985253, 25.767906173882988, 36.9020990565167, 44.22274371931355, 51.76418353962057, 61.335532269036825, 70.60415547331574, 70.12656259067924, 60.656570031115244, 50.62624506169762, 44.64325751358973, 38.47184424026975, 0.0, 9.4953043977931, 17.76485351529455, 29.34092510608338, 39.17206685531113, 35.522936246470955, 26.506911054055507, 18.292634776952198, 11.876144162427597, 5.679018836222505, 29.76533665486386, 35.67211130990468, 46.550623584853874, 57.815264320853544, 63.583981420203955, 62.31499435605704, 60.17023661624032, 57.050878950609324, 48.839507902584906, 37.812111566495425, 25.874541628865753, 15.151729612394949, 90.01683292692586, 82.45002096537446, 76.56676949296995, 74.45116