{
	"dissimilarities": [[0.0, 8.343778039730498, 17.845231720557198, 25.551820448630934, 20.647938141727757, 13.453121242566496, 8.924901415913231, 40.698222109852935, 47.5782109441771, 55.84121744172349, 64.25798007193333, 73.10185957280733, 64.88455139201636, 56.48139799218675, 48.330010497408935, 17.36371716280572, 17.347320096250748, 19.006612437354004, 24.334235902435175, 31.172188517234314, 28.20320157826813, 21.41633387381458, 14.499213654914529, 12.039874673260224, 12.820864016122236, 44.29328942968336, 53.34104743959938, 59.999343209132086, 69.55859783877906, 75.31488297137321, 73.30597146761053, 66.80943510038722, 59.67850255331335, 52.67101041242643, 46.926962234563156, 17.370182318322772, 24.256546199073625, 34.53609189155891, 38.08776120224305, 48.455531380637375, 54.65575216313531, 58.13271864521833, 58.82918544767704, 55.40925133199038, 43.94083324842748, 35.49238689714379, 33.610143664785326, 66.75409010989533, 64.1412508093249, 62.72549304193134, 66.90807713550238, 68.61886025395468, 73.47969263513289, 81.93112409980282, 81.84407111258834, 81.14883743383626, 78.67688761021084, 75.42566958942628, 72.20628437753783, 66.73703264920765, 66.12567803130213, 70.11922885269006, 72.94944023543349, 79.52460362394005, 73.79236833364762, 70.97846064787318, 67.05882335909303, 53.11994892105908, 57.32527780581434, 63.87553490560118, 73.11120067323853, 87.04814784032433, 100.45186391410266, 101.5041954348419, 106.96199687597642, 116.39326817438022, 119.54784901199906, 116.36104064612147, 106.63799508073278, 101.94995760726887, 97.65489899770654, 93.64478574852382], [8.343778039730498, 0.0, 9.763633848632589, 18.711554368252017, 14.884216738055551, 11.602085115455537, 12.870715224724806, 49.039981007961465, 55.88293516981171, 64.10461817590684, 72.56611274631808, 81.35109625329575, 73.21692526939421, 64.82303938332339, 56.664150373403544, 20.48279470263067, 17.183311051066905, 15.252335225372835, 17.938229787045046, 23.712340411538165, 20.328722530619853, 14.131150010477526, 10.449319473763687, 12.211927444737787, 16.53333455296992, 51.88388594431946, 61.00670415235883, 67.7825862102533, 77.35926123153268, 83.27175544804027, 81.39569382189957, 74.88592055408039, 67.72577270092063, 60.67723600331957, 54.83792709366496, 24.36329773594088, 30.425848287282083, 39.237174891088024, 41.44952392040495, 51.99075910244453, 58.848040894039364, 63.028324655127825, 64.84877094371937, 62.31905762408765, 50.610742994686206, 43.218145718364006, 41.55588508283795, 68.17523421773903, 66.61420248508524, 66.22230334593488, 71.06361934670099, 73.47122087847798, 78.93067238944532, 87.8013190679358, 86.98885534876752, 85.57666451653515, 82.51829219124016, 78.44098881524869, 74.52492752325543, 68.66207283791768, 69.16103978622799, 74.15479608023149, 77.91904111200229, 85.15430036270905, 78.72344993237552, 74.98259273479712, 70.06885698234693, 47.084073983945196, 52.02445052142918, 59.73883996697005, 70.54195600912797, 85.27757259858063, 100.12335419378287, 102.24584979192208, 110.17336008061233, 121.41174355712077, 125.55261509077211, 122.90812830636052, 113.63474326888179, 109.50659830272998, 105.20814464494457, 101.1126559913764], [17.845231720557198, 9.763633848632589, 0.0, 10.342956614833646, 9.697696152336853, 14.04756622204213, 19.51470660828276, 58.28386145802594, 65.32906924362638, 73.61904571273284, 81.89983202677845, 90.26005090345474, 82.35850707388028, 74.03886999197655, 65.82349876450371, 28.87565417747447, 23.86627600858605, 18.822323469446193, 16.210461244514974, 17.187989548694343, 12.91003490589592, 11.585574902314816, 15.368318762892866, 20.00765664535574, 25.449808301339502, 61.62577797086877, 70.71268885018128, 77.4352149173527, 86.78537848363551, 92.54161046544702, 90.76347673896741, 84.45084700317794, 77.38394269253833, 70.38583809660378, 64.58033003688769, 33.935823703091486, 38.672933652483074, 45.72112279557561, 45.549111690030024, 55.981651974158616, 63.86286472826697, 68.77461695637501, 71.2930554327295, 69.63709754094799, 58.66438087144542, 52.26649490691332, 51.274099125650665, 68.8404921355667, 68.80197328903101, 69.87732306335809, 75.37754050241398, 78.50061523972582, 84.34431669826579, 93.35925916795831, 91.82282046110664, 89.6554669232333, 85.9504852851818, 81.01867355975887, 76.25974644988436, 69.95902029799885, 72.00414917376634, 78.13872343129273, 82.84752922092844, 90.49860901384568, 83.57291702866826, 78.88780750859546, 72.83676143078458, 40.798929280098136, 44.81013334854278, 53.18453599610701, 65.54210959056611, 81.08812056183751, 97.52917092967967, 101.03599278344623, 112.28298507162464, 125.19847893485648, 130.48461242242595, 128.54675364296565, 119.97286568436085, 116.87396035823407, 112.98667533382267, 109.54256953453472], [25.551820448630934, 18.711554368252017, 10.342956614833646, 0.0, 8.308096697794866, 17.551962753698977, 24.143510386775326, 64.06736366690758, 71.57809051308028, 80.03401546370146, 87.71507148593483, 95.0219533134156, 87.64823768496599, 79.58346083994807, 71.32378800160599, 38.85238804615974, 34.102649521764924, 28.762665210112676, 24.160486305821433, 19.52706179169014, 15.617823360460958, 20.29260543822385, 25.63939250550898, 30.096434751401418, 35.151180336567904, 69.77617711980932, 78.63204421052104, 84.99671157847385, 93.69784288021636, 98.74120837665781, 96.98602512422838, 91.24339113958422, 84.505961330705, 77.74393699464602, 72.2093929300473, 42.39454533960983, 45.49255866572468, 50.96270942048505, 47.315356595407, 57.375274585954166, 66.74340990263643, 72.17427764509797, 74.23033565559993, 73.09391087882622, 64.45646173389976, 58.70058568344655, 58.89313983080526, 66.05285265328983, 67.84380583486497, 70.67732040352483, 76.57280322160517, 80.13545574492613, 85.73319306060151, 94.21855538941695, 92.30911059397746, 89.66676378746895, 85.48072946971048, 80.03978684808692, 74.4861168130933, 67.77806387642268, 71.62157838043639, 78.71215535669796, 83.96311208564238, 91.3014240190816, 84.558684387825, 79.31923371250431, 72.31130385467031, 37.75666617422897, 36.11437765746182, 43.01218500603624, 55.98798983034247, 72.24900988270277, 89.9006011526876, 94.81247488357103, 109.70293470655287, 123.02059217265307, 129.19967165902668, 127.96202785607096, 120.29578000665096, 118.7795889731588, 115.9736906765471, 114.42405081016783], [20.647938141727757, 14.884216738055551, 9.697696152336853, 8.308096697794866, 0.0, 9.97870708604467, 17.799608708822955, 58.38387623244039, 66.08781712981643, 74.60545679826468, 82.32419504931042, 89.86371985248945, 82.01984405415656, 73.75212111098648, 65.47280350806065, 34.82540269376982, 31.28195341450532, 27.670009973382882, 25.89391752800995, 25.01331015559857, 20.622031440906635, 21.147213354481437, 23.394349550850524, 26.484167155286134, 30.632297281929183, 64.53052962417, 73.61912845786335, 80.14041087808432, 89.34189855905638, 94.38762066249963, 92.28270761790404, 86.25070821071884, 79.31400650483255, 72.41867689277, 66.8331269671697, 36.47491597192762, 37.95759339639174, 42.75537178693603, 39.28213876783874, 49.44183650457731, 58.53089258145837, 63.93603665229839, 66.3441971887151, 65.54931736824598, 56.59970970165351, 51.638917820473274, 52.99220520976512, 59.91038653738267, 60.74794664160133, 62.93056851142579, 68.74878973076729, 72.27233384238501, 78.11904819048685, 87.0422938938211, 84.97705583566025, 82.35032629991964, 78.28312523839871, 72.99244515722424, 67.80061678707925, 61.2921626577379, 64.29767910174002, 71.09278518049575, 76.30960575226862, 84.03222002182741, 76.94635442539231, 71.75096973581638, 65.04856230877422, 45.586788097659934, 43.357751544114066, 47.15498152485316, 57.65378929774595, 72.1276330980441, 88.07549788912004, 91.43869289000732, 103.60130894559016, 117.55230835585036, 124.01641222620246, 123.11817059530307, 115.82844091377123, 114.53787171368951, 112.49871448483604, 111.31837670263809], [13.453121242566496, 11.602085115455537, 14.04756622204213, 17.551962753698977, 9.97870708604467, 0.0, 8.644227118394562, 48.95772555352798, 56.72069338019426, 65.2420912369363, 72.99574796781882, 80.8050313183781, 72.62244531502041, 64.2278144979968, 55.96051258276816, 28.848747609647457, 27.37569715311544, 26.43927975863703, 28.220880080161656, 31.03333471756977, 26.88435851486801, 23.601674849564468, 21.32365229478998, 21.84700409374967, 24.16367458804504, 55.541282519213794, 64.66827491835963, 71.20080649044507, 80.66805133487819, 85.69040528717166, 83.34225395865656, 77.12938150421851, 70.10268546490933, 63.17312579414941, 57.623540348609, 27.656795160083476, 28.33402688275143, 33.939822809361324, 32.06166165565062, 42.57603994844275, 50.92126462047024, 55.77103256584325, 57.62545946605724, 56.28060789833868, 46.91086078424253, 41.67484011284518, 43.565969856608135, 56.79938310440835, 55.90626428418208, 56.590835665923166, 61.841966724850614, 64.7556975836147, 70.36158957850348, 79.33266144093913, 77.81181425444464, 75.82885485569554, 72.34636802196309, 67.85889264099985, 63.53044920071831, 57.46758170998923, 58.79976475483993, 64.52771209584523, 68.93966889527536, 76.45218927062275, 69.656237323025, 65.27031155875538, 59.639203840282214, 52.648976541010654, 51.28791496647489, 53.992321631549544, 62.3224159735923, 75.4176185007472, 89.2845489820213, 90.88921953450088, 99.22398171063776, 111.93532240929336, 117.59353339116898, 116.28788384589937, 108.64341610813443, 106.77794923312715, 104.8910229132568, 103.63274137803313], [8.924901415913231, 12.870715224724806, 19.51470660828276, 24.143510386775326, 17.799608708822955, 8.644227118394562, 0.0, 40.594472403141125, 48.34429604446817, 56.88304177470291, 64.57133656339863, 72.37739658239602, 64.30995972266967, 55.98789985364874, 47.70832661967198, 25.46928319840902, 25.901397879921944, 26.932962694893295, 30.693840684558282, 35.135654441704496, 31.595287408877294, 26.94916731487487, 22.00177838452024, 20.348452696535404, 20.689755645199728, 47.936091921207264, 56.78686183729816, 63.07379554883195, 72.24587451718403, 77.11084460393032, 74.79433560235961, 68.73753903573282, 61.85967354741952, 55.07170729093085, 49.69218243550695, 21.62484193274071, 23.576532283095517, 31.419224495427176, 31.348034910045335, 41.79514787680983, 49.40949946500586, 53.35210991439211, 53.55921057565123, 50.79552102011895, 41.804650962719016, 34.81001314295452, 35.976869909997355, 58.48097730306792, 56.48152607926809, 55.98154439075179, 60.40535154933081, 62.39687284380857, 67.12784075896371, 75.40354989762349, 74.96524079457474, 73.96511411142778, 71.22422417204207, 67.78241964810917, 64.24242641554886, 58.59157486754959, 58.71024088907031, 63.216698299321166, 66.38395665193015, 72.87996472471984, 67.1459129182626, 63.99239408865882, 59.571819652388335, 55.768799541921375, 55.37797418823254, 58.59704579113859, 66.06416425303404, 79.01812136064675, 91.76010210968083, 92.60037142711283, 98.72983230913253, 108.67645686868397, 112.78290374721612, 110.48030523224696, 101.8952378463118, 99.0137717971851, 96.59099306694915, 95.06012477977079], [40.698222109852935, 49.039981007961465, 58.28386145802594, 64.06736366690758, 58.38387623244039, 48.95772555352798, 40.594472403141125, 0.0, 8.520771043507448, 16.94335112821147, 24.069785477594, 33.2399945320039, 24.240337880190637, 15.829442051950505, 7.890880754082144, 41.81991739290337, 48.45992196906348, 54.782109627090904, 62.55656221848059, 70.38165466181202, 68.16554183510866, 61.028032436631825, 52.08754065130599, 46.244083960546234, 40.624635407480326, 20.649151496027653, 24.359148951308335, 27.69148620708968, 35.37142345475474, 38.82218809194014, 35.54528422199111, 29.809203194395756, 23.961550183610118, 19.089424229943763, 17.16320786031408, 29.93667454023217, 31.073123932172074, 39.12286343049079, 46.3851654691988, 51.236417744516245, 51.922994453814546, 50.19706417404522, 42.91519598719654, 33.2619183770328, 29.770795592313856, 17.657795581119238, 15.308718700837476, 74.16286841100423, 67.33211742696756, 61.221094592396646, 60.78295886291563, 57.95819258725263, 57.8638777273227, 61.93140914914187, 66.72734837658481, 70.55955572312452, 71.8552670766701, 73.62718546749184, 74.44722451599583, 71.87520345760491, 66.10928656546636, 63.90419111769874, 60.5702331133038, 61.55217220944991, 61.47869228972512, 64.7490705941263, 66.95335552211891, 87.83568118454154, 89.58686975223002, 92.07092545421372, 95.05858736364283, 104.66016229490951, 110.89269533864646, 107.1079455231506, 99.99318297171448, 98.1622176305867, 94.91068746179994, 88.25548519539201, 75.82506278896078, 67.16504177222292, 63.093177842922145, 60.20194200999806], [47.5782109441771, 55.88293516981171, 65.32906924362638, 71.57809051308028, 66.08781712981643, 56.72069338019426, 48.34429604446817, 8.520771043507448, 0.0, 8.58900031787949, 16.908639397981016, 27.911666414989522, 18.743875475754795, 11.127576798426151, 7.515680274424334, 46.41535171245265, 53.35530359862707, 60.07300163839477, 68.20076570730325, 76.5715657542912, 74.62784381126365, 67.10248502547533, 57.8931552483912, 51.85733278738383, 45.97738457872569, 17.569269854059332, 17.945038684134982, 19.831122385272526, 27.258057535643747, 31.025770462903257, 27.58329022808521, 21.337178927014254, 15.572534589128418, 11.792319074863729, 12.372844968032373, 35.50944455385939, 37.579217936304396, 45.55448596533345, 54.05661838740494, 58.32020348781719, 57.75935389776041, 55.23366362545387, 47.70071680299721, 37.64335494450688, 34.22824623255461, 23.082033440446033, 18.308116622347914, 81.72711480104915, 74.38020170622794, 67.54968841052036, 66.48486269808285, 63.0584784355689, 62.36265546846249, 65.66881220737307, 71.22140097619862, 75.72089126157375, 77.60764965436381, 80.01040125444224, 81.39239041920882, 79.22588160905525, 72.76772451511653, 69.69362416478288, 65.52372839433328, 65.70597730955481, 66.44869180781231, 70.5515684647724, 73.61429559811772, 93.66858973634042, 96.79139284972916, 100.09819025320824, 103.23617484102455, 112.84702556249144, 118.64073924248142, 114.45494331003192, 105.53573507468708, 101.81419692585155, 96.92787628827234, 89.15478830718885, 75.63992711503731, 64.7517532560399, 59.046668821412474, 53.9666978973728], [55.84121744172349, 64.10461817590684, 73.61904571273284, 80.03401546370146, 74.60545679826468, 65.2420912369363, 56.88304177470291, 16.94335112821147, 8.58900031787949, 0.0, 9.878874826921637, 22.61290484593291, 13.86738907756965, 9.7287086914109, 12.83281655490676, 53.45990468615473, 60.53927482259878, 67.46867051335288, 75.77441618440577, 84.41681720590144, 82.62684010400135, 74.9156108357738, 65.58461304377809, 59.463069804536715, 53.46235922172909, 20.238512376926224, 16.182546821815006, 14.743520889828828, 20.447608618167237, 23.76042222802739, 19.804416848045012, 13.258415073233643, 8.87689229861459, 9.695821170059652, 14.353580545606938, 43.12963142305779, 45.15785797775884, 52.49794358818366, 61.500687776407055, 64.98679243387211, 63.365652996324286, 60.06835415500958, 52.03671864810881, 41.76549528725909, 39.52855380333246, 29.964142902075256, 25.144309713590985, 88.47970362370066, 80.66799781331038, 73.23563541198006, 71.47936547314302, 67.42227204582075, 65.94748568843578, 68.26788355058534, 74.60026199143562, 79.80153307704492, 82.3208169991952, 85.44423421595401, 87.43245386416858, 85.74124891639975, 78.63602833224414, 74.65113316959905, 69.57909480915725, 68.76176280489898, 70.49382941756672, 75.49513867813533, 79.46052486882851, 101.12758008173923, 104.8293401993975, 108.31518058164312, 111.15231355873321, 120.41290952651927, 125.41417784388518, 120.64983286433556, 109.69294298616401, 103.88603646022561, 97.39696398773523, 88.64793907206304, 74.34924580669916, 61.58631365779048, 54.8505568763141, 48.28780186378165], [64.25798007193333, 72.56611274631808, 81.89983202677845, 87.71507148593483, 82.32419504931042, 72.99574796781882, 64.57133656339863, 24.069785477594, 16.908639397981016, 9.878874826921637, 0.0, 13.207520176822372, 6.46426672728021, 10.541028945923824, 17.773514475141795, 63.00521228963356, 69.97052426013833, 76.69032170426438, 84.71883754580693, 92.86505867090257, 91.06962508262417, 83.79309160968766, 74.67475619409588, 68.67197011145282, 62.79063931283117, 29.963304244643147, 24.51943112516791, 20.362571090740996, 20.112092970025795, 19.06750054014852, 14.408294399308375, 12.518657917611975, 14.365962171393639, 18.785356260410364, 24.11412318808262, 52.341864990049885, 53.396046847963575, 59.58468435451269, 67.22529277418994, 69.71299224477681, 67.91842602709632, 64.04439596910173, 54.37223375871428, 43.721151002945966, 45.5726163642997, 37.577405270962664, 34.59784714292067, 91.87456345489007, 84.0783652782159, 76.66028129217062, 74.14349975742071, 69.38004650533405, 66.41936942690977, 66.778620158412, 74.26620732023613, 80.3656268080008, 83.57986244605051, 87.63025892755242, 90.14704950739743, 88.94591150739727, 81.67224625231614, 76.85383079556591, 70.66575989586488, 67.93431481273485, 71.48141677252582, 77.59123912325558, 82.39075020010762, 108.52846870758158, 110.92818990466563, 113.40908211145342, 115.0219249287743, 123.41942720248677, 127.04733984501429, 121.69990193134883, 109.20330645840036, 99.92903324026388, 91.50016033048279, 81.6933159891766, 66.73500555505439, 52.87126707344827, 46.652444871379046, 42.22424636275914], [73.10185957280733, 81.35109625329575, 90.26005090345474, 95.0219533134156, 89.86371985248945, 80.8050313183781, 72.37739658239602, 33.2399945320039, 27.911666414989522, 22.61290484593291, 13.207520176822372, 0.0, 10.965203507562366, 19.406650599254213, 26.42528633719228, 73.9652566530918, 80.5931050879747, 86.79848529166054, 94.2042848010791, 101.35208722505017, 99.55827344663345, 93.1545161202564, 84.54263999296944, 78.850168683454, 73.29900113619017, 42.776459407743644, 37.35502747484385, 32.38428139244487, 27.699831388078792, 21.551758781095014, 18.286268669555337, 22.60461632190816, 27.009793926130037, 31.813291187671496, 36.928971575291854, 62.94299489122167, 63.18702563856569, 68.36573173133307, 73.568243240904, 75.18796266590569, 74.05738744678523, 69.98968700505485, 58.365110059471895, 47.608417053390774, 54.37086090226938, 47.45472401543192, 46.11535658070784, 94.71205151217293, 87.53663334365412, 80.82363296731893, 77.71041453484138, 72.4033882444351, 67.61237773352853, 65.22120373359971, 74.03022346425283, 81.01614551132388, 84.82488274558295, 89.76676282302971, 92.56792430841973, 91.74238476796904, 84.93810137384892, 79.62902964697386, 72.43719889378472, 67.18160211112185, 73.07171842862108, 80.18394344351137, 85.48588263041174, 115.20922358840193, 115.41100200824846, 116.47492076774562, 116.48429472037061, 123.9071854605541, 126.01394064773582, 120.39938078396443, 107.46425098769633, 93.29041936345182, 82.26058884348521, 70.89948877001933, 54.831365742276574, 39.79844691679118, 35.10623836810604, 36.82043638790353], [64.88455139201636, 73.21692526939421, 82.35850707388028, 87.64823768496599, 82.01984405415656, 72.62244531502041, 64.30995972266967, 24.240337880190637, 18.743875475754795, 13.86738907756965, 6.46426672728021, 10.965203507562366, 0.0, 8.94930982258397, 16.857139348367532, 65.04434887480573, 71.96100902725371, 78.5295705000239, 86.38236971737477, 94.11913861593408, 92.08848854514699, 85.10489070427275, 76.12359746135452, 70.18848583609015, 64.38203972117309, 33.80463887016907, 29.655636172141865, 26.376633920059188, 26.4420358602601, 24.218546861003823, 19.655008285024586, 18.881787843552445, 20.11710830554235, 23.339693516247998, 27.902495991142906, 53.52946078406486, 53.11529636822288, 58.160111772061406, 64.5990514567321, 66.3916209267195, 64.68633507455422, 60.651784497895115, 50.04864587760329, 39.298164369718606, 43.83776262366257, 37.03583951208835, 36.318727030001504, 87.66084106259507, 79.8878964924412, 72.58610211657538, 69.75588604042787, 64.74210916238619, 61.14978923063223, 60.822369234241336, 68.63172978138869, 74.9970783235717, 78.42976208156178, 82.83770531182157, 85.57191443521181, 84.62982704392185, 77.31487609892288, 72.18717453131555, 65.59840612568588, 62.155863266817505, 66.36005327361885, 72.86371560610696, 77.97311811865175, 109.86227022469139, 110.61376625747342, 111.68709051787381, 112.23466239921638, 119.71472382529886, 122.4072692544877, 116.57456859837288, 103.34676850620832, 93.51660670668294, 85.24861988214427, 75.85167063092496, 61.579635239675895, 49.230287533324464, 45.735565864099165, 45.09563731740513], [56.48139799218675, 64.82303938332339, 74.03886999197655, 79.58346083994807, 73.75212111098648, 64.2278144979968, 55.98789985364874, 15.829442051950505, 11.127576798426151, 9.7287086914109, 10.541028945923824, 19.406650599254213, 8.94930982258397, 0.0, 8.28026258975614, 56.619560437581754, 63.590416734097026, 70.2363832402468, 78.22281466483993, 86.16093025324375, 83.9881699271717, 76.78228422233728, 67.69053288257356, 61.69147810044799, 55.83015787738784, 27.093237475100942, 25.208160036023198, 24.3648847742369, 28.468541496070937, 29.09475453586189, 24.687116613705232, 20.688217645023, 18.18094842748158, 18.356737629038417, 21.38810350557515, 44.776596002536344, 44.19834030654339, 49.66787659287301, 56.750845325382905, 59.204015830175955, 57.772303825020614, 54.221472306068065, 44.62489147573257, 33.92937846955107, 35.95541835365214, 28.200628274900495, 27.77638848204273, 81.53985181269292, 73.72663281125888, 66.43757160740037, 64.23015618408579, 59.79670648498227, 57.45276912584057, 58.96113006842919, 65.69719463019302, 71.25364548781175, 74.05949299524934, 77.68590151521293, 79.97705321741203, 78.6369426317707, 71.44658016723234, 67.01783487371041, 61.372603988091015, 59.64483982062564, 62.219845806633316, 67.78034891758016, 72.18850893374264, 102.94370455796142, 103.98885763786339, 105.2638786506196, 106.45992441262965, 114.36486787983779, 118.00681797951133, 112.53494074351013, 100.59734864476201, 94.19403582010032, 88.11512184875536, 80.06350513436985, 66.83112883050121, 56.280529928090075, 53.0338953009605, 51.418256780215586], [48.330010497408935, 56.664150373403544, 65.82349876450371, 71.32378800160599, 65.47280350806065, 55.96051258276816, 47.70832661967198, 7.890880754082144, 7.515680274424334, 12.83281655490676, 17.773514475141795, 26.42528633719228, 16.857139348367532, 8.28026258975614, 0.0, 49.352641545619115, 56.149158199072204, 62.59400720414987, 70.42342308940819, 78.1858333074149, 75.91688733700687, 68.82886270002983, 59.85793105083508, 53.95879636773842, 48.238536958898, 23.938708407478234, 25.014584503412127, 26.47349060737443, 32.67086201591084, 34.70203017892404, 30.834260734879148, 25.864792948629344, 21.30475729507666, 18.505009627568096, 19.02929713690012, 37.218809691268916, 36.81317392342476, 43.098349610315395, 49.96997807445972, 53.41316545098636, 53.055913421795836, 50.36129904360877, 41.58027095937536, 31.132740863234385, 31.134902524254834, 21.55393863431113, 21.358683806752957, 76.00527286479802, 68.6340126851739, 61.912367425589224, 60.52766584677391, 56.841869657560046, 55.5528318450677, 58.38040981687608, 64.14918180538182, 68.86264200686402, 70.92714755511166, 73.68232315674055, 75.28048498734456, 73.36799862441516, 66.83486958463388, 63.45158991706614, 58.8960486187051, 58.50197601301448, 59.77363448329458, 64.25055638426265, 67.62127057855372, 95.34406797580652, 96.25930989954844, 97.70904983279854, 99.49680466878439, 108.00573679081278, 112.73058553029273, 107.97342910019181, 98.32967854265227, 94.36801929575618, 89.9634286640337, 82.84040363346419, 70.26100047743712, 61.19815591224496, 58.07656320145156, 56.46505153360883], [17.36371716280572, 20.48279470263067, 28.87565417747447, 38.85238804615974, 34.82540269376982, 28.848747609647457, 25.46928319840902, 41.81991739290337, 46.41535171245265, 53.45990468615473, 63.00521228963356, 73.9652566530918, 65.04434887480573, 56.619560437581754, 49.352641545619115, 0.0, 7.718309595739537, 15.827417394535408, 25.608675164652176, 36.967847269454204, 35.140653015022934, 24.91625444604369, 14.937547607195702, 8.91459723209361, 4.850126520177181, 36.848766992945436, 46.142565928672816, 53.62872802690817, 64.56227095579862, 72.08864040923739, 70.24583641444673, 62.541571537180246, 54.84067635177591, 47.5284268453622, 41.268738724214934, 13.911910324734016, 25.95050966533014, 37.90536120027766, 47.762671277862225, 57.19421210727356, 60.037231861670655, 62.369036776232875, 64.48208567750791, 60.60021379794047, 44.605571265668644, 35.6542699612468, 29.584886384758768, 79.22712252832223, 74.67711794390472, 70.96910624675749, 74.43671048564461, 75.54557646571594, 80.84484089993573, 90.00483389525664, 90.24952218145822, 90.06049995151939, 88.23438354668644, 85.54456170242915, 83.3769677696734, 78.6447381911639, 75.89201241096973, 78.48798954402282, 80.6244915544277, 87.7183156889637, 81.63576339584277, 79.52550890431694, 76.9796813527113, 60.306665934532425, 70.77867058421096, 80.01342816401413, 90.18130564391937, 103.96785341546911, 116.89675738913125, 116.90147263821, 118.47705740670733, 127.99983563483026, 130.01564304108848, 125.87287022085097, 114.89127134756939, 107.43215977194473, 100.81748782825683, 92.51319822302608], [17.347320096250748, 17.183311051066905, 23.86627600858605, 34.102649521764924, 31.28195341450532, 27.37569715311544, 25.901397879921944, 48.45992196906348, 53.35530359862707, 60.53927482259878, 69.97052426013833, 80.5931050879747, 71.96100902725371, 63.590416734097026, 56.149158199072204, 7.718309595739537, 0.0, 8.245178956730351, 18.134839734988013, 29.876153470738732, 28.2932931763852, 17.85946670330178, 8.640838158550189, 5.665358333061909, 8.743660951787241, 44.198795351809515, 53.28596280303439, 60.62100293181703, 71.13944241227941, 78.59279161016303, 76.9777732436225, 69.528540079075, 61.98494705783501, 54.77701777333995, 48.5902585567384, 20.568508480014685, 31.446085358302387, 42.51863064850897, 50.70952400910036, 60.5885342762545, 64.4066538576055, 67.39383392548062, 69.99779895184794, 66.60163240228802, 51.059101144426435, 42.574235233973155, 36.994927608966314, 80.87422503476043, 77.3055402957848, 74.58868719799518, 78.62665079698002, 80.27747320250359, 85.90299149433882, 95.21755349826554, 95.02124918207289, 94.32443381172186, 92.01620720694734, 88.68484709113717, 85.87167624310274, 80.7202761263024, 79.0236445219421, 82.50847273691456, 85.35037630806994, 92.77334004479161, 86.3189437240317, 83.50681850505084, 80.08015135304532, 53.74926757486315, 65.56742141757196, 76.181428419443, 87.67750607792311, 102.3525068123568, 116.5820020210269, 117.64657961644687, 121.67669369316576, 132.17113904784648, 134.78002209146695, 130.8922765890769, 120.07427858175467, 113.03326381953364, 106.25656848604036, 98.02086384238628], [19.006612437354004, 15.252335225372835, 18.822323469446193, 28.762665210112676, 27.670009973382882, 26.43927975863703, 26.932962694893295, 54.782109627090904, 60.07300163839477, 67.46867051335288, 76.69032170426438, 86.79848529166054, 78.5295705000239, 70.2363832402468, 62.59400720414987, 15.827417394535408, 8.245178956730351, 0.0, 9.902705038101512, 21.84165097175511, 20.559845445287426, 10.283556847618142, 5.312856079412653, 9.643205691837178, 15.602794903974798, 51.81963952077763, 60.724479721492585, 67.8432433509945, 77.83421363593398, 85.0316195619511, 83.61905326531088, 76.53326829145267, 69.19214601709444, 62.1044545675176, 56.02281480251371, 27.54491397984058, 37.4058738456265, 47.628538591403924, 53.7208018353574, 63.948880956430735, 68.91933130628335, 72.52432504571306, 75.2804064094752, 72.26002224591538, 57.62484728423569, 49.406286138774725, 44.37217732768908, 82.0472303372493, 79.64112442183384, 78.0781839671845, 82.64222737355723, 84.78381933949385, 90.56501667365097, 99.84253187265972, 99.28604618364128, 98.13146265412675, 95.35698837209542, 91.43581976260975, 87.94112296371945, 82.35640810651671, 81.87686835246933, 86.25570759448688, 89.72613180028307, 97.2797088805725, 90.63454145537247, 87.19306381821885, 82.87880974922247, 46.187248830070125, 59.004157765988104, 71.0051920868704, 83.82929588070034, 99.45067516717471, 115.0191039768739, 117.28791998009424, 124.12312097605974, 135.29197566868157, 138.45546619573287, 134.82960202944722, 124.23521300883124, 117.79207184365093, 111.03139345835565, 103.26880332654093], [24.334235902435175, 17.938229787045046, 16.210461244514974, 24.160486305821433, 25.89391752800995, 28.220880080161656, 30.693840684558282, 62.55656221848059, 68.20076570730325, 75.77441618440577, 84.71883754580693, 94.2042848010791, 86.38236971737477, 78.22281466483993, 70.42342308940819, 25.608675164652176, 18.134839734988013, 9.902705038101512, 0.0, 12.292581398844018, 11.911158127155268, 5.2762067876250835, 12.195648440891247, 18.449311612686312, 24.821278980288206, 60.954337420722815, 69.64420837715689, 76.5029898471506, 85.88096663452347, 92.74215651657126, 91.54952444259308, 84.89726639486959, 77.80503525013428, 70.87396183039282, 64.93113968721367, 36.410349148028786, 45.336209209447986, 54.659803974160084, 58.44031761276393, 68.85957585963008, 75.03636156667194, 79.23051301387792, 81.99901739294842, 79.32725614362775, 65.82636156661266, 57.83242277833566, 53.29757983605325, 84.23277810799793, 83.20624938262144, 82.95946947821119, 88.03038058450689, 90.65379173794494, 96.49887771351867, 105.61249031649226, 104.71483626526232, 103.09928780687974, 99.84446810331747, 95.32844048885462, 91.095864492256, 85.06954014135215, 85.99083402852987, 91.29891341457139, 95.3831994855734, 102.9535671242471, 96.21651571651708, 92.15701030719516, 86.91691421081562, 37.1564857693505, 51.27984539926807, 65.14921622078244, 79.59877602236024, 96.33952357444568, 113.46447818583194, 117.21131191224393, 127.36945427299462, 139.09545504900953, 142.81963723825666, 139.46882103345942, 129.14463867077168, 123.40328867085486, 116.69763989516495, 109.56408917672269], [31.172188517234314, 23.712340411538165, 17.187989548694343, 19.52706179169014, 25.01331015559857, 31.03333471756977, 35.135654441704496, 70.38165466181202, 76.5715657542912, 84.41681720590144, 92.86505867090257, 101.35208722505017, 94.11913861593408, 86.16093025324375, 78.1858333074149, 36.967847269454204, 29.876153470738732, 21.84165097175511, 12.292581398844018, 0.0, 4.666116145194523, 13.125995086916841, 22.683016753692243, 29.02777820371807, 35.388923557756954, 71.1534200161396, 79.6430991290422, 86.14204354228178, 94.74666190531339, 100.94505373213245, 99.90568906071404, 93.87299995520057, 87.114911157935, 80.387291925209, 74.65907774267636, 46.12828279271733, 53.78091712207494, 62.022459870672385, 62.73674329059835, 73.15892084207684, 80.86910279310882, 85.67111144357199, 88.06499362502194, 85.75790898855993, 74.18073654163288, 66.46383251037426, 62.8636284903516, 84.82728740345276, 85.57494400532224, 87.00839246440077, 92.56234818330027, 95.6599722512823, 101.34606625310815, 110.00502280974966, 108.78817767496768, 106.70429583016374, 102.93883305913296, 97.85041337715124, 92.77572769743757, 86.28292968836381, 88.9668882245192, 95.29228095997404, 99.96347246927394, 107.28562577321735, 100.683256524665, 96.0270480835703, 89.77085374387796, 26.583376765481862, 40.142832360006054, 55.81941770883666, 71.9323287568607, 89.88219479024028, 108.6727094793495, 114.22165567446041, 128.5120292907878, 140.49894235911154, 144.90844225430737, 142.0077399010764, 132.25669950070687, 127.7699313074404, 121.63819504689312, 116.03419525523549], [28.20320157826813, 20.328722530619853, 12.91003490589592, 15.617823360460958, 20.622031440906635, 26.88435851486801, 31.595287408877294, 68.16554183510866, 74.62784381126365, 82.62684010400135, 91.06962508262417, 99.55827344663345, 92.08848854514699, 83.9881699271717, 75.91688733700687, 35.140653015022934, 28.2932931763852, 20.559845445287426, 11.911158127155268, 4.666116145194523, 0.0, 10.788987402610502, 20.402492273253436, 26.74190743444729, 33.108225579281985, 69.56609407748002, 78.29774833363513, 84.92097138517023, 93.82092400582594, 99.93806691806785, 98.67377574545664, 92.51230728170385, 85.61909079514821, 78.76904765123714, 72.97290969385895, 43.51885024326081, 50.29576319325334, 58.016905636208726, 58.37222697279552, 68.74817224038415, 76.53798654725212, 81.46621741675543, 84.1107360940133, 82.14628364689469, 70.64443134047357, 63.46009647442104, 60.652344181893426, 80.3662757877359, 81.05672412963743, 82.53675219361782, 88.16970910988066, 91.388856273859, 97.23420778398814, 106.08907566455868, 104.63776064019369, 102.3982453296858, 98.55326450161918, 93.36950291069651, 88.28399888791957, 81.80892511668605, 84.47521490740196, 90.89296291747826, 95.73256926063951, 103.28299102892461, 96.44841831334938, 91.62710854868489, 85.28241187600779, 30.162850784517794, 40.54164026858028, 54.23737625387327, 69.59326254536164, 86.93640657874998, 105.29209833119509, 110.42128140792224, 124.21466893453041, 136.88288511174483, 141.768722177849, 139.28289968786805, 129.9890330176375, 126.02765253874959, 120.60476346148859, 115.64146441140387], [21.41633387381458, 14.131150010477526, 11.585574902314816, 20.29260543822385, 21.147213354481437, 23.601674849564468, 26.94916731487487, 61.028032436631825, 67.10248502547533, 74.9156108357738, 83.79309160968766, 93.1545161202564, 85.10489070427275, 76.78228422233728, 68.82886270002983, 24.91625444604369, 17.85946670330178, 10.283556847618142, 5.2762067876250835, 13.125995086916841, 10.788987402610502, 0.0, 10.161507637392688, 16.746894908124876, 23.280297502444977, 60.555952362395296, 69.54367519227374, 76.5152342626641, 86.16308943931914, 92.82549516984834, 91.36942227929498, 84.63755880306681, 77.41545028864428, 70.34953071802722, 64.34165000828655, 34.424021883233415, 42.05315225883288, 50.64586344832047, 53.74884954596856, 64.14168120663506, 70.5672898560069, 74.99541186637113, 78.06400137561869, 75.86432253774008, 62.605450698490806, 55.323883150954124, 51.958825754922145, 79.1522440730442, 78.21174576769451, 78.17271708445499, 83.39827581897805, 86.22725421570932, 92.26860996066806, 101.59100035677982, 100.365787708055, 98.50559245078394, 95.09713108472843, 90.40237234563266, 86.0748626424724, 80.0281594100392, 81.08661308503677, 86.61282373263306, 90.97378450343179, 98.81491691617289, 91.79195190871248, 87.45953623995577, 82.00658311588178, 39.25568872474676, 50.41654637406167, 62.44598991313355, 76.18042156057047, 92.30694749222879, 109.07301078208155, 112.52330717365625, 122.53227722894955, 135.11336281285384, 139.49334374501743, 136.69805103799075, 126.99824076089378, 122.05571626332824, 116.29116131056482, 110.15907945487297], [14.499213654914529, 10.449319473763687, 15.368318762892866, 25.63939250550898, 23.394349550850524, 21.32365229478998, 22.00177838452024, 52.08754065130599, 57.8931552483912, 65.58461304377809, 74.67475619409588, 84.54263999296944, 76.12359746135452, 67.69053288257356, 59.85793105083508, 14.937547607195702, 8.640838158550189, 5.312856079412653, 12.195648440891247, 22.683016753692243, 20.402492273253436, 10.161507637392688, 0.0, 6.601637885658754, 13.1456770615675, 50.72311388685426, 59.888941273548696, 67.04099918483902, 77.16214342981472, 84.04159859573187, 82.3816443011174, 75.31724810545536, 67.90456548618893, 60.71702131927286, 54.61139458036469, 24.574609254229802, 33.29309828305622, 43.1159437708626, 48.5365538646512, 58.81879092546331, 64.12141048281177, 67.89650074485556, 70.6475578771555, 67.91278240720463, 53.73482312674121, 45.97295789502081, 42.142997324441325, 76.75579087282414, 74.38012315872295, 72.97294439590002, 77.61658683954006, 79.86094897679239, 85.68840687687336, 95.02946893092218, 94.29707334897854, 93.02102507018004, 90.16726544276686, 86.19029247805977, 82.65261137902623, 77.05524908594596, 76.65542463995432, 81.15504020626446, 84.75618105644176, 92.39898882179173, 85.64797517853559, 82.07748529110972, 77.6477109002471, 47.622606615903514, 57.77856840092009, 68.09257423263546, 80.0785608326714, 95.13614790290733, 110.24449469597633, 112.2032067783037, 118.83471460720196, 130.38079949462747, 133.9924986204421, 130.79374019021208, 120.72269492811286, 115.04171612032425, 109.20539001324312, 102.59258034193655], [12.039874673260224, 12.211927444737787, 20.00765664535574, 30.096434751401418, 26.484167155286134, 21.84700409374967, 20.348452696535404, 46.244083960546234, 51.85733278738383, 59.463069804536715, 68.67197011145282, 78.850168683454, 70.18848583609015, 61.69147810044799, 53.95879636773842, 8.91459723209361, 5.665358333061909, 9.643205691837178, 18.449311612686312, 29.02777820371807, 26.74190743444729, 16.746894908124876, 6.601637885658754, 0.0, 6.544466529954066, 44.36024495054767, 53.6596601033019, 60.92252027415282, 71.35733277436472, 78.33477626626687, 76.51609849898139, 69.24203365405047, 61.70644831543492, 54.43911299341401, 48.27547047713149, 18.171945677259167, 27.883547443043867, 38.658119902103785, 45.68043338769594, 55.742519633132, 60.231693438585815, 63.49276112003379, 65.90010925258908, 62.74761629533803, 48.04549558228446, 39.87158260210223, 35.708140005543754, 75.48389030015153, 72.17981215700043, 69.8578318936379, 74.04694156673776, 75.84607880980634, 81.450433101858, 90.72442994422555, 90.36601476069225, 89.52112256291119, 87.0729676390107, 83.63098991062085, 80.65103027449771, 75.39398076203243, 74.02311939398815, 77.77260677135975, 80.79436375792737, 88.21551796068388, 81.73071403176539, 78.73863129280683, 75.05406940767315, 53.24155448042974, 62.61697746438652, 71.84020213907186, 82.67744771306775, 96.99697082697973, 110.98315893574409, 111.98932035616403, 116.41677549819532, 127.14887953420275, 130.21888141041472, 126.75306071249695, 116.46350427188803, 110.3311597249217, 104.51535075534092, 97.69418057464422], [12.820864016122236, 16.53333455296992, 25.449808301339502, 35.151180336567904, 30.632297281929183, 24.16367458804504, 20.689755645199728, 40.624635407480326, 45.97738457872569, 53.46235922172909, 62.79063931283117, 73.29900113619017, 64.38203972117309, 55.83015787738784, 48.238536958898, 4.850126520177181, 8.743660951787241, 15.602794903974798, 24.821278980288206, 35.388923557756954, 33.108225579281985, 23.280297502444977, 13.1456770615675, 6.544466529954066, 0.0, 38.10999306742405, 47.556488175455954, 54.93429733108902, 65.70642030313766, 72.77446459681883, 70.7797659933981, 63.28210979585612, 55.61699962593194, 48.26703450078775, 42.04438140742369, 12.01687725123499, 23.142380151073244, 34.93147732472535, 43.6480496588255, 53.32348194906596, 56.88182897047802, 59.53874881632637, 61.51814674423606, 57.88952015080609, 42.66764180255503, 33.987143238576586, 29.37237386503098, 74.76279805356984, 70.53402108079315, 67.26740564353415, 70.9355400508841, 72.23519010453137, 77.55785555581346, 86.71189329176872, 86.76774422473059, 86.39385288037627, 84.3896160206595, 81.53290642349712, 79.14933752285806, 74.27628038001836, 71.91061505055659, 74.83690882570924, 77.21040687940862, 84.34677155569207, 78.19014448510934, 75.84334384222531, 72.97430052039594, 58.96801934996746, 67.64929425417145, 75.8836233672188, 85.62107941438285, 99.19156304662961, 112.04758115158695, 112.12037234578496, 114.32154213449358, 124.15674759512703, 126.64436595188751, 122.89676449244138, 112.38909692716435, 105.78496771733387, 100.00050596186398, 92.97743541774119], [44.29328942968336, 51.88388594431946, 61.62577797086877, 69.77617711980932, 64.53052962417, 55.541282519213794, 47.936091921207264, 20.649151496027653, 17.569269854059332, 20.238512376926224, 29.963304244643147, 42.776459407743644, 33.80463887016907, 27.093237475100942, 23.938708407478234, 36.848766992945436, 44.198795351809515, 51.81963952077763, 60.954337420722815, 71.1534200161396, 69.56609407748002, 60.555952362395296, 50.72311388685426, 44.36024495054767, 38.10999306742405, 0.0, 9.879266700555615, 17.6923585273906, 30.18813675655765, 38.168182143270094, 35.63578702425528, 26.850293505062123, 18.796629438070937, 11.641679972178459, 5.907323973136568, 29.20941790358312, 35.007555471214296, 45.08923668976332, 57.61291690720035, 63.11745905172022, 61.4814164786236, 59.51596000595911, 56.01236284159641, 47.841766325053854, 36.26697752676296, 24.899860798742534, 13.276911304242189, 88.74453964314843, 80.99682635946637, 73.60071512