{
	"dissimilarities": [[0.0, 8.30035363787748, 18.007766521417693, 25.25674050403444, 20.436907053933233, 10.469712933015735, 5.518834717643029, 40.77272084393688, 47.732539821499245, 55.98499691605329, 64.29958009953752, 72.83810187284827, 64.86232482031082, 56.587880845892144, 48.248717669148, 20.961052994688362, 22.090997949449658, 22.607189320738083, 27.257653004710015, 31.88143756736915, 29.74571533381443, 23.15086927338485, 17.992745130520497, 14.612222037768316, 14.907964291157597, 45.41247221199777, 54.073803148161915, 61.13578223958571, 69.65023312351492, 75.35335388665398, 73.41559854627658, 67.17234688124431, 60.60704751870981, 53.08506695091491, 47.73822338708305, 17.505376274276998, 22.531019288186567, 31.518722971133414, 36.47406709869677, 46.90897422591026, 53.190134497049804, 57.47087389918787, 57.891557561871984, 54.29401057074909, 43.725673558074256, 35.87550221257276, 34.19737758068613, 66.81419838980811, 66.21444922530554, 64.71554915284365, 68.16570994813222, 69.82749314508914, 74.73215320419256, 79.14207871664306, 84.907620025471, 83.51715962275327, 81.26025668915152, 78.81653717647677, 74.61306602845285, 68.00245474675997, 68.55250810922146, 71.76263633323026, 75.36559719962017, 77.86350693880964, 76.31507954689208, 72.6949454521326, 69.57292728282482, 55.627909000340736, 60.09109087080364, 69.76885232254101, 78.24188771892993, 91.37306557685893, 98.30060852763954, 98.21143330640672, 103.79856020008518, 112.39451059351774, 117.75395037146099, 115.80706427819973, 105.00209060456628, 99.82252701753858, 93.79697973816803, 93.07669065228978], [8.30035363787748, 0.0, 10.109830617438158, 18.21706501592691, 13.384910436567669, 6.447163722041889, 10.027996486710595, 49.000876854704146, 56.00567461460394, 64.24398514164527, 72.57762649291138, 81.08593244207118, 73.09296561357377, 64.78401848299913, 56.45153863407553, 23.81135430239565, 22.313768553752343, 20.097663473176777, 22.402539278862545, 25.641934695970292, 22.929671949861934, 17.155277058279793, 15.286665564824627, 15.009350744384045, 18.30945606865354, 52.915706355980824, 61.77954193351739, 68.952792137634, 77.67222390576208, 83.5097646544518, 81.63358424938072, 75.31672568474461, 68.61118983568832, 61.097032181979095, 55.57459864932166, 24.277942637510655, 28.3714448022511, 35.64694541622742, 39.10519386155524, 49.616722282364, 56.4391352158839, 61.57381716573733, 63.13436893551471, 60.62623114836524, 49.89926084554221, 43.06635371259528, 41.92677198622634, 67.31129854918898, 67.45426228069452, 67.08753149843955, 71.24395547340617, 73.65001988185738, 79.21403073773021, 84.14769099354854, 88.9881038676193, 86.86478626774641, 83.98334373802923, 80.69316655921561, 75.82030634068263, 68.97621653523723, 70.4525657242219, 74.69849953556037, 79.2544745914296, 82.50481093444628, 80.15574382611109, 75.5952151281097, 71.44484626153981, 50.66205513186051, 55.38581886803038, 65.76796987614289, 75.42001422312731, 89.16778557203295, 97.34697240650725, 98.21610207907747, 106.10789445693793, 116.77016886833638, 123.31426706741362, 122.01405482997849, 111.96221064810433, 107.47061988774864, 101.69850362869796, 100.95019974013553], [18.007766521417693, 10.109830617438158, 0.0, 8.818860786774106, 5.68088924515784, 10.948876555875355, 18.23134627241044, 58.409752846233076, 65.52944229994816, 73.85668989607701, 82.08469718273395, 90.07539456785227, 82.40478027011402, 74.17143745400156, 65.80611682959761, 32.08244512435531, 28.586624766526477, 23.635268303236458, 21.303796353439658, 20.156117267620694, 16.41528833763876, 15.618296509275362, 19.92454652096998, 22.55180909373405, 27.282508297721414, 62.92836248284487, 71.72873921238349, 78.76204302520469, 87.2601713467088, 92.8863490332872, 91.12950999374411, 85.05688354546513, 78.49466885314781, 71.02599159541029, 65.57620950436151, 34.35988309393034, 37.534462858731565, 43.05519387294904, 44.005326812073264, 54.55326841601508, 62.14289522979209, 68.0962452365633, 70.1505091007924, 68.412274195881, 58.702267577030526, 52.6891975779234, 52.00612109601436, 68.33099269567441, 69.59546502942177, 70.92544172144187, 75.85237976257949, 78.95683888017608, 84.86372917152595, 90.00077332610834, 93.95456776278172, 91.16939945595213, 87.7116297929972, 83.42389402369076, 77.81185950886906, 70.64123270689741, 73.51733160433336, 79.01374925655114, 84.41674478030941, 88.15033457198194, 85.26272986586271, 79.84445087088199, 74.462010968174, 43.98582240118966, 47.54991142276247, 58.46395749544809, 69.5341057671509, 84.2740750829775, 94.3652445233248, 96.89643690420317, 108.39987043858177, 120.57031323951668, 128.14531151117478, 127.42839407679182, 118.24585500767914, 114.81132734395007, 109.532696724494, 109.307393268324], [25.25674050403444, 18.21706501592691, 8.818860786774106, 0.0, 6.461747857984402, 17.067556148470377, 24.30933890998939, 64.3081178466943, 71.57267249561043, 80.00916792599511, 88.01104786985911, 95.15126154863682, 87.9825192621677, 79.91850178642616, 71.5579139101829, 40.672101063324526, 36.87597357749041, 31.21140184991818, 26.526672788938367, 21.40225675970263, 17.344006015695594, 21.72944395171264, 28.120835252135223, 31.134737685240033, 35.85085162987476, 70.56220500273751, 79.10959298661564, 85.86903522862039, 93.82133123407147, 98.93793483073105, 97.24719899165258, 91.62687809802313, 85.4427434408648, 78.01759686614662, 72.85942276308042, 42.34027827826565, 44.55439329246144, 48.82591545251822, 47.339886715619485, 57.93169522907374, 66.23043008572706, 72.65712045996814, 74.40012283159504, 72.93552218808263, 65.00373624278274, 59.53832952797296, 59.405290199933155, 67.82122639386732, 70.08223984526981, 72.93647779380066, 78.36824644969725, 81.83352998916806, 87.62719266208674, 92.57588390790497, 96.00519303818133, 92.90504378035297, 89.17431545087042, 84.17928304022266, 78.1020215916374, 70.64905473623239, 74.7856273572587, 81.20503643697198, 86.98879516263284, 90.74599530033248, 87.79427561774035, 81.96655448237999, 75.68495831450623, 39.91728958381285, 39.73361806417106, 50.03515924454943, 61.81058235265726, 77.36416504022452, 89.04617214983458, 93.151654191276, 107.96009415427405, 120.44821578888671, 128.5740664123803, 128.25583310468048, 119.9130298255189, 117.67370463053825, 113.20574796557025, 114.11319965618749], [20.436907053933233, 13.384910436567669, 5.68088924515784, 6.461747857984402, 0.0, 11.19562614852796, 19.08410904319073, 59.50257359805698, 66.88600501486158, 75.30095361218912, 83.39011322005621, 90.85989210308176, 83.27750977039084, 75.07019227344868, 66.73494464446827, 36.67593582637424, 33.80663040314916, 29.229551962024562, 26.807141008318755, 24.361690362538248, 20.353900179570918, 21.16840724752028, 25.30640722606947, 27.342392644551904, 31.493397743111906, 65.79054002201654, 74.49746672363133, 81.51532372394529, 89.73186656435345, 94.99456682671116, 93.07581214139655, 87.19027244999808, 80.86274187422865, 73.30598886255967, 68.07742933007208, 37.09671758891795, 38.43130310598793, 42.46309864930438, 41.52132815966618, 52.08340834579193, 60.16713801056319, 66.50465156785906, 68.52239540539898, 67.27243599670828, 58.82396903700509, 53.71072082793776, 54.262169210202885, 63.82312462732502, 65.52779994881115, 67.65093544184225, 72.89750743458717, 76.27562650873318, 82.22553920497782, 87.39354932804892, 90.88560508904382, 87.8403800591094, 84.18756490632491, 79.5133893743223, 73.66431516565274, 66.35917759431337, 69.84343770005435, 75.8727335740522, 81.57798172928261, 85.4607730736279, 82.3951488128566, 76.66423549479595, 70.7653815977475, 45.649918599403065, 45.68708773094774, 54.56570932878937, 64.709679906678, 78.89275171843039, 88.83396935124843, 91.52695728981348, 104.05980173824199, 116.8706340480284, 125.16843376467565, 125.03349930557812, 116.7777208618051, 114.37424690189962, 110.18448857932059, 111.22575129083785], [10.469712933015735, 6.447163722041889, 10.948876555875355, 17.067556148470377, 11.19562614852796, 0.0, 8.39194599416256, 48.785251601532664, 56.18640470551034, 64.54848404886867, 72.72440284822677, 80.63885374766491, 72.66825019147484, 64.34892717470434, 56.03683227364303, 29.01637377787619, 28.392042259723727, 26.47654147767584, 28.172837334869666, 29.799895927893136, 26.54798788343693, 22.613250300045898, 21.57739287454168, 20.842534698027997, 23.15560559611303, 55.15135122333494, 63.87926420264458, 71.0525144279489, 79.4267757635749, 84.81228449917383, 82.68913625543999, 76.57393921987911, 70.16225872559212, 62.51967356678191, 57.29924284476389, 26.480696796715396, 27.513670315893336, 32.83322879756184, 34.180299603192054, 44.936165506119785, 52.36367295129249, 57.93403126015993, 59.42290084925513, 57.46778182708259, 48.19220635873702, 42.56133687432151, 43.285733958018376, 61.177122289798334, 61.59049072459976, 61.8341719284077, 66.28553954615538, 68.94278071703569, 74.56945576590638, 79.57040782487105, 83.9874930815559, 81.63012131275467, 78.58598430887672, 74.99280670937283, 69.95090299673494, 62.975282893810046, 64.89409394993751, 69.59230816691156, 74.425068632984, 77.83013936712634, 75.30531332544437, 70.45973714031841, 65.87599515028025, 53.11198002047204, 54.404934768285095, 62.52819963797882, 70.81045465166353, 83.62621370209122, 91.15067941050712, 91.79778453463786, 100.13383647425643, 111.4269795667543, 118.76033643663632, 118.12389996619443, 109.1098638412562, 105.77455671043573, 101.3585906663168, 102.1953881807753], [5.518834717643029, 10.027996486710595, 18.23134627241044, 24.30933890998939, 19.08410904319073, 8.39194599416256, 0.0, 40.51839431986737, 47.8825849871154, 56.27027327820463, 64.41761238263695, 72.33611048996376, 64.43087752362096, 56.1548902387951, 47.812300594277595, 26.0627326283596, 27.451710072629776, 27.627677063179238, 31.367215328436586, 34.61214193213441, 31.999246447123863, 26.758832814909567, 22.83819528604209, 19.83613472074018, 19.925891913000783, 47.702626858116915, 56.161655380536594, 63.16057860238759, 71.27570169027138, 76.50820988369793, 74.36172348044278, 68.36124185947907, 62.1209022542184, 54.50733010351098, 49.49702185240656, 20.183656992242756, 21.877201765686237, 29.109228211696458, 32.18418459378895, 42.95060597506611, 49.80327018936156, 54.438463013197214, 54.637000272384434, 51.408737142131365, 42.31519833618339, 35.541163627234845, 35.703396684070746, 61.698918186379224, 61.30586915750191, 60.30062711348682, 63.97676131962678, 65.80637379773752, 70.69976372362703, 75.10783383838404, 80.59159879851569, 79.05246824976167, 76.6982905257995, 74.03015860944133, 69.71532340380078, 62.98038075093913, 63.89084666166559, 67.45153462419815, 71.2288216682503, 73.78453121191735, 72.16632387662222, 68.3609067642065, 64.90622954180418, 57.17456597701665, 58.90759922463014, 66.80562141173382, 74.14802832863114, 86.54692603299478, 92.94539848892595, 92.70159722247018, 98.6903965665623, 107.62644272776687, 113.5854880511584, 112.16353708183419, 102.21989869438255, 98.08082706417456, 93.27429857062977, 94.03976183711177], [40.77272084393688, 49.000876854704146, 58.409752846233076, 64.3081178466943, 59.50257359805698, 48.785251601532664, 40.51839431986737, 0.0, 7.910249105796226, 16.196011069745943, 24.035974907310543, 32.85073996320877, 24.10983360314637, 15.862656143398588, 7.549408437126382, 43.639757866895515, 50.702072561013146, 56.45236299116812, 64.18673918781627, 70.56282187034104, 69.29226383929785, 61.9853250657093, 53.495364333958, 47.193319679070626, 41.50221482194659, 22.616233904021843, 25.44305049997594, 30.110057702977088, 35.41690619568464, 39.08873193053713, 35.878348695912166, 30.480835377183777, 26.33802036598829, 19.710139708127567, 19.014819518511608, 29.981552167206438, 29.550554374976624, 36.1814091637152, 44.15898866641406, 48.942197153630524, 50.03645758077021, 48.171027946201136, 41.425586268432994, 31.273768695806176, 27.434965922006665, 18.085530203865797, 16.32375172314291, 73.6415913825357, 69.62097976877965, 62.780265294679296, 61.72549625968624, 58.92039099279341, 59.09553159391829, 59.73746074205323, 70.08458830522504, 72.96031250342534, 74.3806329967053, 76.73388377431652, 76.54140085605017, 72.35229461917477, 68.18199899251047, 65.34709338313209, 63.02768232806231, 60.79339562798734, 64.0778636298188, 66.28837661723524, 69.12916273387015, 90.01384980938013, 92.16665234993039, 97.68777830893448, 100.39472267325205, 109.02062688816815, 109.16426637622982, 104.05166727470824, 96.8156294997942, 94.35465680070898, 93.1661359601709, 88.04162244580446, 73.79239656032041, 64.67935928769587, 58.62860953689361, 59.855481353694614], [47.732539821499245, 56.00567461460394, 65.52944229994816, 71.57267249561043, 66.88600501486158, 56.18640470551034, 47.8825849871154, 7.910249105796226, 0.0, 8.490166340557705, 16.581440154043197, 26.60456078423393, 17.848944239967864, 10.390295838078963, 5.245174436139279, 48.44581343225539, 55.67830312832411, 61.84974463015123, 69.85996536743203, 76.65490424850643, 75.65667283243482, 68.11723816052879, 59.312107948539186, 52.96750692190122, 47.07420492558405, 20.932134635395432, 20.696529908260516, 23.781931142789645, 27.952113984263786, 31.402826076899018, 28.039158376038216, 22.715402949763405, 19.41455822193526, 13.984356224392492, 15.816698067138159, 35.896379212069434, 36.4562215749063, 43.05079306062472, 51.47552665999874, 55.48700322617909, 55.696336059832326, 52.90026854569192, 45.61090903008308, 34.96717510533795, 31.948738787089873, 23.330401544280672, 19.682361506444725, 80.33663978477078, 75.98659798080595, 68.53898566327193, 66.82929469850183, 63.392522213986496, 62.76335284032969, 62.64466308211072, 73.60579347238276, 77.18880022818126, 79.18076216597889, 82.23467598784123, 82.58617550786215, 78.79362547414244, 74.06676115544741, 70.38003695900227, 67.15303206512772, 64.14051329819488, 68.1845544940066, 71.30112189927155, 74.98132946007155, 95.62750682524499, 98.67189209715467, 104.59384644243674, 107.29295844346224, 115.88062484164652, 115.65749245688328, 110.19641150930116, 101.31063071674812, 96.66681364938552, 93.66605891705383, 87.4338596491866, 71.81240254155553, 60.76433498334657, 53.23903551526012, 53.20023838974204], [55.98499691605329, 64.24398514164527, 73.85668989607701, 80.00916792599511, 75.30095361218912, 64.54848404886867, 56.27027327820463, 16.196011069745943, 8.490166340557705, 0.0, 8.608772750120133, 20.62931821529419, 11.63274593635694, 7.413530020825842, 10.580750134254284, 55.23798422967462, 62.6373996402254, 69.15679443748664, 77.44722965981434, 84.57227823623688, 83.70884631705036, 75.92665907603234, 66.85126965928852, 60.45833423672593, 54.406846346938345, 23.187950911022003, 19.4074447837365, 19.98571298553592, 21.969280064361328, 24.686332506532555, 20.698709583766448, 15.567347955145701, 14.407434271092582, 12.292223041417289, 17.26667661366353, 43.32385840556259, 43.789256426764716, 49.717240640034376, 58.35675343475435, 61.31529443001869, 60.49499360817627, 56.69159970564783, 48.92595861789741, 38.16977157224776, 36.36237799978536, 29.30465584569048, 25.847055423914853, 86.24167042762767, 81.44980791921546, 73.27102809548327, 70.80637601427166, 66.69941468218585, 65.23747968027504, 64.3866760594201, 75.8193160214083, 80.12249554744355, 82.73111951099422, 86.59505392100573, 87.6095736750751, 84.35849034033068, 78.92241538529247, 74.24609175196143, 70.04457847725034, 66.28075247622398, 71.04196911503318, 75.13642133305667, 79.79107566794822, 103.38404696578404, 106.80618390712364, 112.64474271157852, 114.93558542005778, 123.01513662026957, 121.93341353234231, 115.74994660578247, 104.55940469217364, 97.95210567423302, 93.3688300739999, 86.3219135469491, 69.82743674227275, 57.11559741614, 48.833965625406606, 48.03373457846409], [64.29958009953752, 72.57762649291138, 82.08469718273395, 88.01104786985911, 83.39011322005621, 72.72440284822677, 64.41761238263695, 24.035974907310543, 16.581440154043197, 8.608772750120133, 0.0, 13.320695317793957, 6.455806056667902, 10.425004513149384, 17.381301573511838, 63.72267141375042, 71.08284341726846, 77.5859091967295, 85.759829299025, 92.73918309237713, 91.91234280832295, 84.33734504325572, 75.35185544674438, 68.99181141770279, 62.96681998055069, 30.47560076699951, 24.734083687762723, 22.51381977578341, 20.13725430097388, 19.852272521005474, 15.255217211292209, 13.349239423751005, 16.84942003025214, 18.478734773892427, 24.54674440025528, 51.92734505030415, 51.98766236843927, 57.10283940931086, 65.02664048336922, 67.23345426158257, 65.88261759746808, 61.383737163418445, 52.68496401341774, 41.76017935076546, 42.65963935369873, 37.07799506068571, 34.3861023154727, 91.15380366803717, 86.14905869618578, 77.70186596640148, 74.62579371590229, 69.88648274640022, 67.31011711332437, 65.36363424280138, 77.29098381827185, 82.38953287353866, 85.66185094801857, 90.20498086143584, 91.83542983130238, 89.02451194258315, 83.23508679755479, 77.82093727533744, 72.61257690298437, 67.83432520881416, 73.5685771308374, 78.65489648034132, 84.04990762581319, 110.69997142560514, 113.58273480324546, 118.80746574264687, 120.31762668479449, 127.74679951022894, 125.80454859567857, 119.12742005336877, 106.27568652909792, 96.86769145096966, 90.32667004332245, 82.2806372273723, 64.90557889752696, 50.83097918812038, 42.45083291188248, 42.60450987227843], [72.83810187284827, 81.08593244207118, 90.07539456785227, 95.15126154863682, 90.85989210308176, 80.63885374766491, 72.33611048996376, 32.85073996320877, 26.60456078423393, 20.62931821529419, 13.320695317793957, 0.0, 11.110142891484156, 18.946107840499874, 25.907545026873713, 74.72906299840162, 81.75527714902874, 87.68691358709272, 95.0871099378232, 101.10783955403613, 100.17257497969243, 93.59294153131101, 85.30258584351974, 79.12607384486829, 73.4137054154158, 43.289757080021324, 37.50926437274218, 34.031082667016605, 27.904873683277494, 22.679068609230868, 19.32829818364105, 23.23527646667889, 29.14085717101369, 31.399373563233024, 37.353190038981545, 62.41022942408936, 61.65801756303763, 65.65827504566698, 71.33300948898098, 73.1879157516595, 72.11705086874932, 67.4431680665585, 57.00930187127895, 45.77873582392908, 51.63609779273717, 47.37693479699846, 45.98872202174756, 93.99120168336654, 89.21103256465175, 81.367601555212, 77.93435674903412, 72.6291654193839, 68.38696426890108, 64.59582972320881, 77.08740693944267, 83.13711663261239, 87.17042346563113, 92.14296218085339, 94.31596227990163, 91.78620296234804, 86.31400698762248, 80.62623416476818, 74.34294051749951, 68.0190552792193, 75.24393728748855, 81.3533982275608, 87.05555984413066, 116.84610228153875, 117.5079004729056, 121.06458353654716, 121.01319646173724, 127.43323391711613, 124.58551609439905, 117.88120017703724, 104.66998240979052, 90.52259366985757, 81.01791187480927, 71.36173210156726, 52.6575323875625, 37.59916673078283, 30.96795788427589, 37.424578509593694], [64.86232482031082, 73.09296561357377, 82.40478027011402, 87.9825192621677, 83.27750977039084, 72.66825019147484, 64.43087752362096, 24.10983360314637, 17.848944239967864, 11.63274593635694, 6.455806056667902, 11.110142891484156, 0.0, 8.624861536208162, 16.69686248467541, 66.08833415460762, 73.44574078637673, 79.69330912245866, 87.64720318568908, 94.16668504681726, 93.07637721506364, 85.82174977546941, 77.09713617349392, 70.72557544602809, 64.79084353709908, 34.5811355991292, 29.988842549684605, 28.687922701063073, 26.478107297675507, 25.13322223545419, 20.612400223747887, 19.73512671598513, 22.827415976877628, 23.2502850808637, 28.66603386396022, 53.27756165198896, 51.81721416366416, 55.66594762988551, 62.43863110881432, 64.09761080089159, 62.667377457362875, 57.980750852690726, 48.45058097271972, 37.364991063132614, 40.98722760621456, 36.863032719196504, 36.40265346385894, 86.90759746580933, 81.83066731056846, 73.41947287222568, 70.11447248116846, 65.11920470657181, 61.98519460696502, 59.55697566301545, 71.65426642759292, 77.02669905757864, 80.55430806666351, 85.31979627439144, 87.23154259119175, 84.64649455907455, 78.77966621530358, 73.13150053322867, 67.50796892280319, 62.265599406520735, 68.44868662033524, 73.92846274002206, 79.56226497005466, 112.00619793666782, 113.266961880321, 117.1972316748153, 117.62857056982672, 124.07888570529178, 121.20593309485339, 114.02906991909606, 100.4465327040243, 90.46583708877468, 84.09607232190129, 76.48355280357751, 59.96394995670289, 47.278397240217124, 41.79499424592879, 45.63562004921421], [56.587880845892144, 64.78401848299913, 74.17143745400156, 79.91850178642616, 75.07019227344868, 64.34892717470434, 56.1548902387951, 15.862656143398588, 10.390295838078963, 7.413530020825842, 10.425004513149384, 18.946107840499874, 8.624861536208162, 0.0, 8.38570729611629, 58.12442229204463, 65.51560796068546, 71.71756885333738, 79.75103640500252, 86.32395486301922, 85.1240200938522, 77.70829903666751, 68.94766230802496, 62.54149039917993, 56.60695297987994, 28.623408392953873, 26.157778346055252, 27.28013090294248, 28.481718273436137, 29.619639531151524, 25.3148644367759, 21.681109756978888, 21.464960372139036, 18.95933167891838, 22.962226577833714, 44.893223411183946, 43.20737069478333, 47.429031489024645, 54.73116638941447, 56.98797254816371, 56.0259825924451, 51.95752311445513, 43.17708225036311, 32.067055621729835, 33.51367664473145, 28.45977126414088, 28.41497426689607, 80.85411421933516, 75.92657456028046, 67.70102298204546, 64.95956895129393, 60.55655822292946, 58.544625144585225, 57.28067279111936, 68.89428340155277, 73.46084873139253, 76.33134673979563, 80.45410332229214, 81.78947548958524, 78.79619322467522, 73.20679614364718, 68.23217522368716, 63.58540294433528, 59.37692437270479, 64.57333432511392, 69.08869827849541, 74.04399004849249, 105.07747026437275, 106.54394907752067, 110.8186009672305, 111.81945726386536, 118.71931539311196, 116.50425810889209, 109.67143191733672, 97.55949676253867, 90.62569834308239, 86.49116675516106, 80.0938315413226, 64.74369112517137, 53.69829009307053, 48.42079004356457, 51.317083857117886], [48.248717669148, 56.45153863407553, 65.80611682959761, 71.5579139101829, 66.73494464446827, 56.03683227364303, 47.812300594277595, 7.549408437126382, 5.245174436139279, 10.580750134254284, 17.381301573511838, 25.907545026873713, 16.69686248467541, 8.38570729611629, 0.0, 50.69871057823919, 57.91928025106667, 63.854048387934704, 71.68552837020638, 78.0772646877384, 76.81401954442816, 69.52618849056495, 60.95520433663893, 54.6087847593778, 48.813961586168396, 25.0838046770532, 25.29091145187261, 28.402351690092726, 31.89426779593089, 34.41604519845838, 30.702216958669695, 26.030169847349768, 23.51134049722357, 18.414096452779543, 20.159343610322065, 37.14422371109363, 35.81050237692039, 40.99898353063974, 48.473599226337775, 51.964403515741694, 52.069032539819574, 49.095367045540016, 41.11309748428394, 30.178566545014707, 29.367349183109393, 22.32632732306666, 21.88546076573642, 76.21462958274184, 71.7407083078727, 64.22041848350356, 62.33005386525037, 58.71142476760563, 57.782376136823956, 57.47867056527673, 68.52047242330546, 72.23473678788882, 74.37477638198696, 77.59377024924275, 78.15744144380923, 74.53780573123245, 69.67488122877022, 65.78674728270056, 62.30078383792009, 59.059480593680355, 63.329656125534825, 66.68943946998631, 70.57145948992323, 97.08248389746487, 98.66781574089416, 103.4079711278143, 105.14269662483966, 112.84081829485234, 111.76085676438255, 105.78598637891456, 96.21417231853157, 91.56234794952846, 89.03445817842334, 83.35213294952463, 68.63737867910267, 58.8095209806515, 53.293235852504445, 55.58818625863581], [20.961052994688362, 23.81135430239565, 32.08244512435531, 40.672101063324526, 36.67593582637424, 29.01637377787619, 26.0627326283596, 43.639757866895515, 48.44581343225539, 55.23798422967462, 63.72267141375042, 74.72906299840162, 66.08833415460762, 58.12442229204463, 50.69871057823919, 0.0, 8.098662444245159, 15.959864021866101, 26.46025628483449, 36.642977952783596, 36.4486066674781, 25.480249765288583, 14.81948543912787, 9.62054273347372, 6.1574007846939764, 37.02810636294492, 46.153575227297694, 53.61774921676311, 63.94970947722063, 71.59097098834914, 70.0776769750126, 62.60439552031733, 54.77735051938497, 47.98178277156231, 41.54777660010881, 15.692324432226032, 27.79910237969149, 39.450283868911676, 50.05157194494688, 58.41683144405003, 62.04478258829058, 64.71674012935244, 66.39590966657468, 62.36592844643303, 46.77983046122935, 37.12991970992742, 30.400235461760918, 82.99145097630077, 81.11797048686753, 77.22433911926554, 79.56339965849226, 80.54450829234587, 85.6096467068491, 90.30371282475942, 96.73312725701305, 95.83861533023958, 94.00190523656737, 92.72085331177227, 89.27313509226701, 83.50085606050251, 82.09995571852404, 83.58083433529227, 86.45971263587583, 88.98584854085661, 87.42290713383187, 84.58753076783995, 83.1189458790964, 62.95504106163087, 75.10061384064574, 88.27384970082582, 98.48635095728426, 112.153100527615, 118.79702956466245, 117.61894764927881, 119.20693812704114, 127.5103155100719, 131.43488445964127, 128.301322729493, 115.28479029791055, 106.68280096190216, 97.25001262481511, 91.40336845950604], [22.090997949449658, 22.313768553752343, 28.586624766526477, 36.87597357749041, 33.80663040314916, 28.392042259723727, 27.451710072629776, 50.702072561013146, 55.67830312832411, 62.6373996402254, 71.08284341726846, 81.75527714902874, 73.44574078637673, 65.51560796068546, 57.91928025106667, 8.098662444245159, 0.0, 8.273563315372344, 18.954264035618056, 29.689852166041348, 29.931114946846773, 18.814851034548266, 8.989200374463792, 7.770476376256541, 10.386709751479001, 44.63850151925005, 53.536427369899606, 60.68863691023559, 70.76753962306222, 78.30890761759045, 77.05370055060584, 69.83608386061452, 62.14387140961517, 55.492354824741476, 49.149754519063244, 22.623136543669823, 33.90327536770113, 44.82280579295367, 54.08929309985799, 62.997964116138974, 67.33024631459412, 70.69290096203562, 72.76529242018448, 69.10317444546527, 53.967262233471, 44.6780117478209, 38.21119375144013, 85.83348706775632, 84.62269307272307, 81.72267792623202, 84.63251808598511, 86.10383353039929, 91.48931984566528, 96.36584080625937, 102.36286206200461, 101.03757586345161, 98.7969180984015, 96.8495385821288, 92.85863870125124, 86.7618450033738, 86.21832688071399, 88.5492430095846, 92.04562795107286, 94.9146065465933, 92.9910956603636, 89.53437765488307, 87.22969352848725, 56.441035725616416, 70.35885949728103, 84.94548620685613, 96.56703013726668, 111.29079114487678, 119.44894956822847, 119.4498578334487, 123.43678797289931, 132.59781920810306, 136.96779542478802, 133.94931227808905, 121.05922915687934, 112.79236004907465, 103.1202105228428, 97.009718387763], [22.607189320738083, 20.097663473176777, 23.635268303236458, 31.21140184991818, 29.229551962024562, 26.47654147767584, 27.627677063179238, 56.45236299116812, 61.84974463015123, 69.15679443748664, 77.5859091967295, 87.68691358709272, 79.69330912245866, 71.71756885333738, 63.854048387934704, 15.959864021866101, 8.273563315372344, 0.0, 10.768743888290548, 21.612942601490733, 22.04917258332913, 11.109994203998891, 5.297548448369962, 10.321034210229804, 16.028544864508255, 52.2347346592425, 61.02848596878021, 67.97468833255594, 77.65426317635848, 84.85303694260293, 83.71511908053701, 76.83393609492087, 69.37890392792725, 62.66506929679052, 56.47650461223525, 28.551749979339306, 38.64920030628796, 48.6568648248842, 56.11788064188574, 65.61498777513202, 70.82500217513731, 74.94450032200136, 77.18465611594638, 73.89824728837529, 59.712589869107084, 50.87741909715355, 45.17053575156458, 86.16588690944992, 85.71985975050272, 84.01387529387404, 87.54313996159706, 89.51694154812856, 95.14208102013865, 100.13122908864297, 105.6439279421557, 103.87952652191042, 101.23698319377033, 98.55868964452235, 94.00670248224345, 87.5514616700952, 88.01992919701904, 91.30182878046824, 95.41311213640569, 98.56999343668674, 96.33810085860638, 92.25440077960265, 89.01878825619569, 48.98915794714739, 63.584504693272315, 79.08153618271643, 91.82068229999997, 107.41841473830077, 117.01256452642005, 118.25407230888781, 124.93935544408009, 134.90979796343493, 139.88931984756718, 137.16662114056052, 124.74791094489697, 117.28339750212913, 107.94490203052408, 102.41872320833755], [27.257653004710015, 22.402539278862545, 21.303796353439658, 26.526672788938367, 26.807141008318755, 28.172837334869666, 31.367215328436586, 64.18673918781627, 69.85996536743203, 77.44722965981434, 85.759829299025, 95.0871099378232, 87.64720318568908, 79.75103640500252, 71.68552837020638, 26.46025628483449, 18.954264035618056, 10.768743888290548, 0.0, 11.291968009035184, 12.768152848877165, 6.448866749819693, 13.170654050918202, 19.375810630402047, 25.571254502059553, 61.80350095828527, 70.33477550520708, 76.90414714624299, 85.98726802986752, 92.72298398832481, 91.80751961868275, 85.42880940831033, 78.33274854355157, 71.66395120097708, 65.72413164436692, 37.53417272968639, 46.65052356575709, 55.74009051909222, 61.03874674745213, 71.11218629567948, 77.26928006208935, 82.08819539999345, 84.1947920515577, 81.08402035575571, 68.25613153006732, 59.696552674304655, 54.39852524987766, 88.61591838874857, 89.12769803874544, 88.87129227301152, 93.03342636183305, 95.46505171410844, 101.15864718136804, 106.07837120205679, 111.17134206134595, 109.03017144404721, 106.02534064078775, 102.55568824458045, 97.41044718649322, 90.5478095917145, 92.25642326915359, 96.5709079815355, 101.2181991604216, 104.50368507435998, 102.12101089225277, 97.47806730530002, 93.23410464712819, 38.846382529631, 54.905327640021945, 72.00405621058876, 86.42229339867241, 103.37733085826733, 115.03829591540993, 118.06628582527657, 128.26538440048324, 138.62128343044452, 143.98010511462292, 141.39451316888034, 129.35083820810294, 122.71396341211151, 113.57913641272849, 108.59820610997457], [31.88143756736915, 25.641934695970292, 20.156117267620694, 21.40225675970263, 24.361690362538248, 29.799895927893136, 34.61214193213441, 70.56282187034104, 76.65490424850643, 84.57227823623688, 92.73918309237713, 101.10783955403613, 94.16668504681726, 86.32395486301922, 78.0772646877384, 36.642977952783596, 29.689852166041348, 21.612942601490733, 11.291968009035184, 0.0, 4.242401089951067, 12.419747914600766, 22.556920253431894, 28.430526002325934, 34.624921342991364, 70.84103792425486, 79.20769695228677, 85.53880325382046, 93.98153051955721, 100.08479632558786, 99.21727201978226, 93.35467293337994, 86.67860202360265, 79.91403264373237, 74.27453619642962, 45.5245777119984, 53.12737644801028, 60.97391581474011, 63.77162420265833, 74.26333878765645, 81.38611887967566, 86.89681931244569, 88.75080296249665, 85.94074183120684, 74.89041322552357, 66.90421750302717, 62.587535634750495, 88.16624394852748, 89.68911604146383, 91.0076485467735, 95.79205471400314, 98.67539586385978, 104.35706414034495, 109.15469916898, 113.71190071866914, 111.18671412241244, 107.838681005245, 103.56543317724514, 97.86749807902532, 90.64309163202043, 93.66801667533645, 99.03725377167648, 104.1904646394767, 107.57110071210649, 105.06059275501457, 99.88347113186668, 94.61190786979908, 29.199825554090197, 44.448765062102886, 62.423723566344755, 78.11839821924055, 96.12095633480659, 109.64018140260112, 114.42169365174286, 128.22534464343644, 138.98913343987007, 144.9579142345422, 142.7766133006235, 131.58545576828783, 126.29078485583238, 118.05102593408557, 114.47924090953845], [29.74571533381443, 22.929671949861934, 16.41528833763876, 17.344006015695594, 20.353900179570918, 26.54798788343693, 31.999246447123863, 69.29226383929785, 75.65667283243482, 83.70884631705036, 91.91234280832295, 100.17257497969243, 93.07637721506364, 85.1240200938522, 76.81401954442816, 36.4486066674781, 29.931114946846773, 22.04917258332913, 12.768152848877165, 4.242401089951067, 0.0, 11.63498987851352, 22.000577087756177, 27.65179192720611, 33.83104649428464, 70.53657162329777, 79.05407968251141, 85.56997808312401, 94.0488120154129, 100.04917141979585, 98.98980940393473, 93.07814802306703, 86.40749356486084, 79.45632801028515, 73.82721369792029, 44.227932393084295, 50.8903345920474, 58.11947901568388, 60.309419337220156, 70.78838609772245, 78.08546355488824, 83.80254486317834, 85.8092267994006, 83.34531908518734, 72.62029927761375, 65.12872642176488, 61.636977469519984, 84.11936565932766, 85.74975821555502, 87.304217730587, 92.22602328006279, 95.26354562453277, 101.06184663145997, 105.98093494182582, 110.26484223327148, 107.57428443942273, 104.10889573190612, 99.68289563490768, 93.8945918024694, 86.65329190518239, 89.84043750919339, 95.41270932961918, 100.75345358455142, 104.29933178007147, 101.60948255895212, 96.24588225081911, 90.77566055675442, 31.02651100099734, 43.366812654566324, 60.12345332743658, 75.21253830530054, 92.72970612806496, 105.87863603188697, 110.46855936630637, 124.35208254433014, 135.7080438982017, 142.21060517623786, 140.4519749504497, 129.83568576683177, 125.10265777295518, 117.58367330263341, 114.8257218703162], [23.15086927338485, 17.155277058279793, 15.618296509275362, 21.72944395171264, 21.16840724752028, 22.613250300045898, 26.758832814909567, 61.9853250657093, 68.11723816052879, 75.92665907603234, 84.33734504325572, 93.59294153131101, 85.82174977546941, 77.70829903666751, 69.52618849056495, 25.480249765288583, 18.814851034548266, 11.109994203998891, 6.448866749819693, 12.419747914600766, 11.63498987851352, 0.0, 10.746724091901028, 16.958110515801717, 23.40233873746752, 61.01513063417464, 69.85682158575514, 76.78564898436386, 85.99985710992591, 92.62236864890355, 91.37763365827439, 84.85817313760771, 77.71818524077833, 70.71886205292304, 64.74729591480234, 34.771186710403356, 42.40974089574234, 50.63985469805333, 55.32210820150986, 65.35482098010819, 71.70193485047795, 76.8297831828545, 79.30038696782768, 76.77372152658894, 64.17415355020444, 56.4017217595396, 52.48685301379747, 82.44639144875877, 83.00785451841907, 82.94443325743465, 87.28395174528528, 89.948663975067, 95.88622222388346, 101.06160723303063, 105.74053555893003, 103.33988174146408, 100.1544028257973, 96.50460049253235, 91.2563739397396, 84.40796345889703, 86.221793406362, 90.77009130333319, 95.71296038014835, 99.3043793541247, 96.59672203818515, 91.66500699268444, 87.19053794528688, 41.346263756675924, 54.10469486757364, 69.48361370330828, 82.90186594069189, 98.98386223797667, 109.89488935522913, 112.44971335047818, 122.41515165476444, 133.78026237294205, 139.98423113549765, 138.0615406870506, 126.88089961631758, 121.0466450393805, 113.01044000934812, 109.24669858957547], [17.992745130520497, 15.286665564824627, 19.92454652096998, 28.120835252135223, 25.30640722606947, 21.57739287454168, 22.83819528604209, 53.495364333958, 59.312107948539186, 66.85126965928852, 75.35185544674438, 85.30258584351974, 77.09713617349392, 68.94766230802496, 60.95520433663893, 14.81948543912787, 8.989200374463792, 5.297548448369962, 13.170654050918202, 22.556920253431894, 22.000577087756177, 10.746724091901028, 0.0, 6.628973352190592, 13.061366734193514, 50.84182814267745, 59.86205862429641, 67.0618097748324, 76.73538182256605, 83.74386728098283, 82.33927368787602, 75.41743143862648, 67.99536301388113, 60.986535620950605, 54.822227262290376, 25.144444376579273, 34.19055288721372, 43.78010781573232, 50.88181847085779, 60.43868464619333, 65.82187971974557, 70.12283825713796, 72.44121370858943, 69.45497453871155, 55.57280083251414, 47.22339478695523, 42.65260549641287, 80.89236096719917, 80.42243962442876, 78.78028773108794, 82.38654657997647, 84.45438125635161, 90.16648610260795, 95.26128948610312, 100.58156490318275, 98.71279295241288, 96.0101884103261, 93.27461639965382, 88.7106161979238, 82.25791545764459, 82.74414672529326, 86.11869081725744, 90.343376504986, 93.61891959390763, 91.2620068468918, 87.06611553903507, 83.74231913334877, 50.4754001522898, 62.65722910422309, 76.80464358112195, 88.64134031645325, 103.54717776363175, 112.47207009732543, 113.30712895567747, 119.68485207348672, 130.0805819486464, 135.54942164192667, 133.25528240846685, 121.44531179878499, 114.61580733917512, 106.17864356888646, 101.76958793908629], [14.612222037768316, 15.009350744384045, 22.55180909373405, 31.134737685240033, 27.342392644551904, 20.842534698027997, 19.83613472074018, 47.193319679070626, 52.96750692190122, 60.45833423672593, 68.99181141770279, 79.12607384486829, 70.72557544602809, 62.54149039917993, 54.6087847593778, 9.62054273347372, 7.770476376256541, 10.321034210229804, 19.375810630402047, 28.430526002325934, 27.65179192720611, 16.958110515801717, 6.628973352190592, 0.0, 6.483663080754892, 44.5522765306242, 53.67105104578115, 61.0265362915909, 70.79398850628957, 77.82199279531672, 76.25286037290107, 69.20603750829011, 61.74101814397988, 54.627512859513345, 48.44734489671777, 18.569660831572833, 28.39202066690346, 38.82720939884938, 47.03202245576678, 56.364926073611585, 61.3025761233702, 65.09668268111349, 66.99946581084254, 63.62217193695862, 49.48553308260037, 40.76130814290735, 36.06259049769742, 78.404703401784, 77.38888184642623, 74.93904328978948, 78.1021530887682, 79.76138580940878, 85.19028148819237, 90.10235281818726, 95.84894823184867, 94.35941445508548, 92.00100195215694, 89.80786516679504, 85.67690909167959, 79.43167599010259, 79.23338527741609, 81.93386236518191, 85.64280218437933, 88.59587175917187, 86.58346774514365, 82.90414624947255, 80.24636669485758, 55.483637853781936, 66.30523799156357, 79.31952660732428, 89.97625521298835, 104.08575239966191, 111.79112920468451, 111.68308801615454, 116.15245175767299, 125.67801330966309, 130.68701408245573, 128.21912712055, 116.20817070516445, 109.07674693300606, 100.75901816191315, 96.54661117359439], [14.907964291157597, 18.30945606865354, 27.282508297721414, 35.85085162987476, 31.493397743111906, 23.15560559611303, 19.925891913000783, 41.50221482194659, 47.07420492558405, 54.406846346938345, 62.96681998055069, 73.4137054154158, 64.79084353709908, 56.60695297987994, 48.813961586168396, 6.1574007846939764, 10.386709751479001, 16.028544864508255, 25.571254502059553, 34.624921342991364, 33.83104649428464, 23.40233873746752, 13.061366734193514, 6.483663080754892, 0.0, 38.24860416375928, 47.46769541384913, 54.98985286061313, 64.92536490106164, 72.06064804940513, 70.34589497631082, 63.11617568798222, 55.555204631255826, 48.38517653561702, 42.14770781322867, 12.593815011168857, 23.853121671323883, 35.29831199043457, 44.88755082238315, 53.76494229435596, 58.042880690237226, 61.16234569806986, 62.62806498621029, 58.77303069969822, 44.17019301490389, 34.893218442933076, 29.70051543327543, 77.4913428401668, 75.86967134786565, 72.48434788056686, 75.1037621210591, 76.27757598038241, 81.37570780331478, 86.0757429027684, 92.30791728447814, 91.2560897909252, 89.29279797241185, 87.72960623708617, 84.10037811514516, 78.13779074627564, 77.14798218514073, 79.04219689292843, 82.14213794097802, 84.72669728665082, 83.10414721782469, 80.03571796573321, 78.17083203077513, 60.91970702030008, 70.96666060701278, 83.11715027049357, 92.75380460206732, 106.11652122679466, 112.64536986377287, 111.58990400230631, 113.97293471254132, 122.52880887309699, 126.95346755147699, 124.22580332993124, 111.88321933183278, 104.2509156552616, 95.86679918705092, 91.57795531409793], [45.41247221199777, 52.915706355980824, 62.92836248284487, 70.56220500273751, 65.79054002201654, 55.15135122333494, 47.702626858116915, 22.616233904021843, 20.932134635395432, 23.187950911022003, 30.47560076699951, 43.289757080021324, 34.5811355991292, 28.623408392953873, 25.0838046770532, 37.02810636294492, 44.63850151925005, 52.2347346592425, 61.80350095828527, 70.84103792425486, 70.53657162329777, 61.01513063417464, 50.84182814267745, 44.5522765306242, 38.24860416375928, 0.0, 9.620187556847165, 18.068151700064977, 29.205461460111977, 37.4661134829393, 35.25445674032912, 26.750385605565782, 18.373227502710375, 12.292202217953948, 5.955094828071254, 29.439106239663424, 35.014466136279005, 44.71526930693323, 57.23366846775833, 61.742836349066586, 61.3950403150553, 59.20341683379405, 56.0584795311679, 47.981658617923415, 35.738279144105746, 24.91938414167527, 13.384461451360677, 89.91494136436933, 85.51432714311775, 77.60590265676967, 