{
	"dissimilarities": [[0.0, 8.339440991394142, 17.873044610952572, 25.53970455592963, 20.645498877696053, 13.469877508411312, 8.954868794758804, 40.85206377755245, 47.57199581840507, 55.83665752838318, 64.23337337951203, 73.0908701398787, 64.99949739683711, 56.48058314016644, 48.327860187984264, 17.28035413089535, 17.340644789934686, 18.999911211023853, 23.692491917583762, 29.899553439635547, 28.234170420192267, 21.406303273749952, 14.514427000535811, 12.054786415113002, 12.774501040554735, 44.28014081227869, 53.32528765755142, 59.98695372048347, 69.26997769227718, 75.31087550411021, 73.29449851614659, 66.80106242117309, 59.67617400790049, 52.668324022583775, 46.90936369603495, 18.42120249085749, 24.255232220575092, 34.441023652707905, 38.96719367672179, 49.02018427739036, 54.85293266003529, 58.44530423296698, 59.4419634359082, 55.40118641772721, 43.72004697030433, 35.48233213796175, 33.685861809143184, 66.72328024905117, 64.13561852165977, 62.70726746618969, 68.06487739918387, 68.93171476961332, 73.47063061531051, 81.9201353942252, 83.23867595124119, 81.52639814073396, 78.66776767087983, 75.40447141431964, 72.1951229038057, 66.72909611177326, 67.03229695144123, 70.46001560085233, 74.1861316643121, 79.5144902929448, 75.06474571757909, 71.3087568458548, 68.00195400034194, 53.19873817494851, 57.150342781334274, 64.28290129601093, 71.7206274466889, 87.03619906824042, 100.9502434590474, 105.43737726017773, 108.62601732411355, 116.13001291847853, 119.01991682639925, 118.76915347969353, 109.33613309130584, 104.3495040533111, 97.47367583972719, 93.566654986464], [8.339440991394142, 0.0, 9.892534889824248, 18.838669037170916, 14.97309015201211, 11.662249959060386, 12.953019786178974, 49.18869896396738, 55.86388648916582, 64.08144546566207, 72.54086466844686, 81.36958543394769, 73.33600188636035, 64.81657619246121, 56.65869633424233, 20.247078956141422, 17.011696785330496, 15.12777008199969, 17.103216893975855, 22.497368861290095, 20.447237690791223, 14.077070236981385, 10.31467269085035, 12.045712105909054, 16.330921636399427, 51.79994429905208, 60.93673094287757, 67.73271090424693, 77.10432635633207, 83.28208176227731, 81.39011131607161, 74.85998250311296, 67.68979173153473, 60.62999583910169, 54.76754270376222, 25.37779923810197, 30.288163969702964, 39.013401917736005, 42.38691644251643, 52.60653089029622, 58.950616807912034, 63.37114969814861, 65.36751296276027, 62.271232653744704, 50.48571214063961, 43.12724981747857, 41.54141857381981, 68.26825662597011, 66.57299513029068, 66.13808067195018, 72.22236943409696, 73.81894347940516, 78.88394610513096, 87.78334194822, 88.39499528881518, 86.00567565771051, 82.48082437514546, 78.38927302039455, 74.49461232906799, 68.64427986286788, 70.00428053674392, 74.53831536238829, 79.16128920848193, 85.13094406301147, 80.00062901340799, 75.35871125847244, 70.94998303061763, 47.342752072486164, 52.05144099532521, 60.368729845613494, 69.26960621356795, 85.41043298750992, 100.74322617961656, 106.25403366435663, 111.82413060565753, 121.22427456813332, 125.12860649995167, 125.31533766879393, 116.36737301974897, 111.93033299667141, 105.13575295490601, 101.10760636919676], [17.873044610952572, 9.892534889824248, 0.0, 10.207883313162727, 9.657919232656898, 14.051182261522552, 19.513654435833235, 58.38655737324354, 65.34012038642612, 73.63430400115605, 81.88989902718097, 90.23662820374702, 82.45443334802631, 74.04040517770133, 65.82503033964075, 28.904707855558698, 23.95646616013426, 18.90109155830681, 15.358614270450474, 16.226243078579436, 12.906259929808522, 11.620429413629642, 15.49156921962465, 20.11465940672727, 25.506919883422242, 61.65930412340092, 70.73408215506217, 77.44918399787983, 86.56993856409231, 92.53132254375379, 90.75355458779181, 84.45744780784942, 77.40550133083399, 70.4129212827974, 64.59993328247174, 35.10930895884453, 38.751347943009684, 45.725780754890934, 46.88644463069195, 56.90302613761878, 64.02475759344252, 69.27002589369103, 71.80487454533304, 69.65774335977447, 58.78121435028528, 52.3089776146939, 51.381181703498896, 69.09472894203628, 68.82624541625343, 69.90524381785151, 76.66550716577538, 79.02154744357573, 84.36279902674406, 93.35709883690998, 93.24914280625022, 90.21264800156438, 85.96443941958381, 81.0160727200322, 76.25876225221892, 69.96316855941382, 72.83480784079981, 78.71340607258303, 84.14561222374154, 90.50101841726848, 84.91033707484102, 79.4485130797432, 73.71172262764583, 40.77872050250401, 44.45454899650991, 53.506071711606985, 63.923471948669416, 80.98484568251251, 97.93690553247092, 104.73909191463268, 113.77357901258476, 124.9246748530241, 129.96663669628765, 130.62427685938732, 122.40845750660006, 119.02800101867206, 112.77743939599297, 109.43894886129907], [25.53970455592963, 18.838669037170916, 10.207883313162727, 0.0, 8.29366500109849, 17.48207154213579, 24.109729547900493, 64.02943892584462, 71.58171154404683, 80.04383429906231, 87.71444866696054, 95.00895684118115, 87.68543291819135, 79.55575632209265, 71.30190209591328, 38.76952154224569, 34.08047566229078, 28.73886645706297, 23.42933908715312, 19.57376783028789, 15.569626691483549, 20.224299785559968, 25.648094082613195, 30.093802294828382, 35.101693927901216, 69.75118693191253, 78.60388357068928, 84.97231754270213, 93.4575235163723, 98.72809862732012, 96.9719408657626, 91.2309247834348, 84.50117525976789, 77.7343973288568, 72.17833197434845, 43.3443648283827, 45.47594616361275, 50.850935462883214, 49.059329742612036, 58.479506913781755, 66.54532165213303, 72.31649031837296, 74.5067792378815, 73.07675560712785, 64.33406466664619, 58.67830295150702, 58.96488260804133, 66.4201125646766, 67.83617309684259, 70.64406783482939, 77.73422703556562, 80.60101113807947, 85.71742337995816, 94.20435433578858, 93.61507946356534, 90.23638193855177, 85.46844076123409, 79.98582894805007, 74.43940141212471, 67.76270153862546, 72.2520176752506, 79.31606060357144, 85.09757960712071, 91.286569094675, 85.75904133911784, 79.90809318094917, 73.01842751001162, 37.843545595738895, 35.92850455540382, 43.49610278504304, 54.487329083629355, 72.25011367806653, 90.3529899122817, 98.24130492515854, 110.91666619856579, 122.8250413400802, 128.7958688490291, 129.87185275585216, 122.63534685906079, 120.85442308615146, 115.84718039185185, 114.37117059633786], [20.645498877696053, 14.97309015201211, 9.657919232656898, 8.29366500109849, 0.0, 9.937128291256483, 17.788085633305855, 58.29657838442479, 66.08822352106856, 74.60937645829111, 82.31374633139183, 89.85130382468797, 81.99815756917704, 73.7378814192298, 65.46106942121298, 34.76480922484328, 31.274650123219445, 27.661491901516825, 24.9772409397622, 24.51893647922395, 20.626401548265974, 21.115264416914815, 23.411358721081566, 26.49327633682746, 30.60082421013462, 64.5154958730743, 73.60063975692948, 80.12434921318746, 89.02212959360344, 94.37846146491174, 92.2702371614798, 86.24131115594054, 79.31160346475613, 72.41430015191715, 66.8126561976451, 37.26977427616498, 37.95464621417812, 42.658155675956806, 40.936056773338024, 50.49868889677452, 58.389611872756305, 64.14462333100103, 66.66728671434235, 65.53958602245099, 56.558543587467064, 51.6272821416202, 53.059274370121024, 60.20821314480099, 60.74586404267189, 62.908379064726624, 69.95021907994871, 72.76757049880989, 78.10970882167878, 87.03142012345043, 86.34776885826007, 82.92525657352218, 78.27569036568867, 72.95474788006224, 67.77140728371924, 61.28305574368109, 65.00543166818288, 71.68857346577417, 77.51416185436644, 84.02172842558205, 78.20626935767638, 72.33216236615772, 65.82091364424141, 45.66311360702138, 43.15866408535217, 47.639070994870394, 56.17422227016642, 72.11712807940162, 88.57979419573954, 95.26098201807471, 105.01325441251579, 117.32025584181685, 123.55081508955537, 125.18488524610517, 118.40412049584522, 116.80630105341532, 112.34957377097234, 111.2543012296739], [13.469877508411312, 11.662249959060386, 14.051182261522552, 17.48207154213579, 9.937128291256483, 0.0, 8.63855491491048, 48.85654688239747, 56.72617389029279, 65.25145873569087, 72.98017936560997, 80.78197061458926, 72.57797895536837, 64.22694913981928, 55.95919200927259, 28.85196167853668, 27.42591721126402, 26.472817000095418, 27.313756660233338, 30.12224382677341, 26.888726676762012, 23.606563399649243, 21.383283353161787, 21.913193052220755, 24.195103154262664, 55.562783750718886, 64.67943806148867, 71.20691847964952, 80.2933927062458, 85.6797333627712, 83.32997761054494, 77.13078016683791, 70.11730875458751, 63.19211230289812, 57.63318622760774, 28.333054607785748, 28.40713706733449, 33.91459546485159, 33.57910896087407, 43.52668287018589, 50.90602168788307, 56.01642103844719, 58.063691383626804, 56.295580115834674, 46.85531135419341, 41.70835924621497, 43.66962443720905, 56.932440452891925, 55.92565415594896, 56.60912245521379, 63.07217978503597, 65.22837189004322, 70.37454222019873, 79.32744971943423, 79.22718562376711, 76.35430836139186, 72.35556048042659, 67.84820515559191, 63.524093433548536, 57.467990226864494, 59.62729798417649, 65.06281847768456, 70.19762190463838, 76.45101707035148, 70.96131818014739, 65.78967304954958, 60.519463449417124, 52.657888947731514, 51.00513907337496, 54.354191455059556, 60.82290296529524, 75.33301775971162, 89.75642498865587, 94.9031674854042, 100.79633969112584, 111.6433098643654, 117.03710626162004, 118.49583813190998, 111.35611702989951, 109.16297462363774, 104.68059242376283, 103.53233448098557], [8.954868794758804, 12.953019786178974, 19.513654435833235, 24.109729547900493, 17.788085633305855, 8.63855491491048, 0.0, 40.517142303552774, 48.35586926307171, 56.89952816706164, 64.56287428210362, 72.35878078378788, 64.30271454251726, 55.983368409794544, 47.705612978906466, 25.450530329202042, 25.940448116271238, 26.95717739390385, 29.947434236412125, 34.13980429923776, 31.600555545667504, 26.947322193884037, 22.052967581953727, 20.407964633600578, 20.706825440976775, 47.951502072535064, 56.791998811680514, 63.075818612711124, 71.87002770165338, 77.1024159784104, 74.78429307229355, 68.73947375146896, 61.875477684775085, 55.08999545892263, 49.69528261668633, 22.21225463462719, 23.642988368722364, 31.362844187894183, 32.73612091729804, 42.596054040823056, 49.37198551790565, 53.408542850252495, 54.035152296545085, 50.807178253347516, 41.44585423166455, 34.837971344155534, 36.10433284747201, 58.46990106765522, 56.496591509796865, 55.98912154804873, 61.53987020714074, 62.72856627679043, 67.13690656299514, 75.3988315152347, 76.32551753937103, 74.38138577464342, 71.23059968935661, 67.76355081389988, 64.2296022314078, 58.590811965178474, 59.55038466026218, 63.624844447262824, 67.5630439142059, 72.8782335219311, 68.37983981408297, 64.38516671303766, 60.470303203403134, 55.7943971004694, 55.14880720965865, 58.9489604192011, 64.65983261448756, 78.95936557907142, 92.22720111645899, 96.5050814164864, 100.283796199487, 108.39718076954186, 112.23509964271621, 112.78238135295095, 104.61750713450891, 101.42260164785621, 96.38650936250826, 94.9666902417595], [40.85206377755245, 49.18869896396738, 58.38655737324354, 64.02943892584462, 58.29657838442479, 48.85654688239747, 40.517142303552774, 0.0, 9.165985458884931, 17.440503673609744, 24.19422261356285, 33.08685534035648, 24.175323244733235, 15.660004904097505, 7.538135175818818, 42.30162671092313, 48.937347162724976, 55.20480884833426, 62.57139158841034, 69.47569266599244, 68.3917421694845, 61.31560171601444, 52.4323454472048, 46.62074963619974, 41.020482866157934, 21.61181965946778, 25.280896340492696, 28.516729825366742, 35.36159079309471, 39.2959046807335, 35.95229997029363, 30.365989117566468, 24.66729891469127, 19.93402856019728, 18.071671060522654, 29.329012803054603, 31.001914601571062, 38.6883282910476, 45.649212281394405, 50.25736425558091, 51.2843003555362, 48.83325183561464, 42.70299124727621, 32.33035537936706, 27.447680172728983, 17.470309218349396, 16.165745113137902, 72.70676614419384, 66.47308592107032, 60.37591350899833, 60.413014834529655, 56.701114935134655, 56.886783999129825, 60.89318120453143, 66.69456799613067, 69.41243951332788, 70.87663398272741, 72.6742163551455, 73.52791711893975, 70.99136759533393, 66.03896044905811, 62.726129774415035, 60.300378716358765, 60.52023734948276, 61.260358275348814, 63.55699085878905, 66.91854507358492, 88.13659523479616, 89.37973459933447, 91.98090630051776, 93.47144704605078, 103.90774361600054, 110.45342610671258, 109.80269859759616, 100.60768323999902, 96.80201192984157, 93.29880870845399, 90.33663357200156, 78.20163312505564, 69.60045592050659, 62.70879965505998, 60.432266801914714], [47.57199581840507, 55.86388648916582, 65.34012038642612, 71.58171154404683, 66.08822352106856, 56.72617389029279, 48.35586926307171, 9.165985458884931, 0.0, 8.595647170217084, 16.880164935971624, 27.965513510834697, 19.148765246011685, 11.171127085371554, 7.572671772949427, 46.34771185443732, 53.320368384396936, 60.04849359374878, 67.9315354272898, 75.3503996032011, 74.64568872650878, 67.08916527366655, 57.87321344707714, 51.83192294462748, 45.93195702459684, 17.457411440182366, 17.839743663694303, 19.76736502300929, 26.515274004060096, 31.070417088791338, 27.602118504956064, 21.32706662111419, 15.54808222784595, 11.72623697492614, 12.23005674221367, 34.563565723635705, 37.52301186186068, 45.42629508747395, 53.67390636428631, 57.8932366698116, 57.91078787177223, 54.65027983110664, 48.410214081465384, 37.61173570998431, 32.45288836927033, 23.003442593539297, 18.37254053786286, 81.08772856596022, 74.35730231300339, 67.50148600975466, 66.88843764149858, 62.60486079191411, 62.33569608106536, 65.66055001664242, 72.12729309908259, 75.47142865797322, 77.58580280777788, 79.97882668640538, 81.37655088400454, 79.21306526561196, 73.57484803136634, 69.31282226479823, 66.13951081907565, 65.69399971376747, 67.11031513226266, 70.17045526099038, 74.45318836847667, 93.75093601120122, 96.72843122943672, 100.42750440126744, 102.28988150638106, 112.88560154828835, 119.13035419892468, 118.10517868961219, 107.2520185519028, 101.565296901246, 96.35798541848402, 92.28803490968313, 78.77629220279645, 67.74595760256071, 58.86900386033603, 53.92689936367606], [55.83665752838318, 64.08144546566207, 73.63430400115605, 80.04383429906231, 74.60937645829111, 65.25145873569087, 56.89952816706164, 17.440503673609744, 8.595647170217084, 0.0, 9.85194016730446, 22.730139151510077, 14.58427739251637, 9.832819496685426, 12.900943872487394, 53.38995607247758, 60.49743422393912, 67.44026614069247, 75.55085740004381, 83.18161979047521, 82.64930397728911, 74.90272791250304, 65.55956243521445, 59.4314486525656, 53.413304822976805, 20.113170626031515, 16.041256396887682, 14.648014413363947, 19.556589807100373, 23.85775335624631, 19.86438741840007, 13.254421895286042, 8.815169994996694, 9.58491508227266, 14.2083612129589, 42.17588022394455, 45.090851385548284, 52.36697800911625, 60.948342244663074, 64.42918619462944, 63.55682475442089, 59.464836535666265, 52.7408740494061, 41.72945480947473, 37.82764416345426, 29.882902304041803, 25.157869879623927, 87.78729209350716, 80.63948888139666, 73.17842253725289, 71.7659407160248, 66.8739931868638, 65.91459818486885, 68.26236243724198, 75.40145368154434, 79.45835369287504, 82.29457828434433, 85.41244766020955, 87.41812898743392, 85.72806144652256, 79.42011756949725, 74.1698360470475, 70.08734684707107, 68.75057488542205, 71.04207567790407, 75.01603441430309, 80.26990058476741, 101.22455860546195, 104.79281622937587, 108.65474826083425, 110.26410362043758, 120.47337753051895, 125.91470502349694, 124.24918913209198, 111.42501220365996, 103.65755739714083, 96.84908817968793, 91.90591201045709, 77.5014124579886, 64.66018242199559, 54.71411846645465, 48.291051977786985], [64.23337337951203, 72.54086466844686, 81.88989902718097, 87.71444866696054, 82.31374633139183, 72.98017936560997, 64.56287428210362, 24.19422261356285, 16.880164935971624, 9.85194016730446, 0.0, 13.388292160470357, 7.488888452467896, 10.474048252036745, 17.74324653081428, 62.90690947124418, 69.90607657971852, 76.64143848116586, 84.47820218615254, 91.69694026672046, 91.07051971901556, 83.75867422457817, 74.63160650697097, 68.61961084015057, 62.715431675311216, 29.81406434829029, 24.348847295875036, 20.210879156604964, 19.087903940864777, 19.150401282379146, 14.448187794727612, 12.434618149440897, 14.253429607065137, 18.654441726017556, 23.94916620279829, 51.32763615599188, 53.30110837815756, 59.419235606349616, 66.73131202431566, 69.12310296769219, 67.90255064597484, 63.079932655617384, 54.876443255158485, 43.651673151672995, 43.64701956720903, 37.462461456451734, 34.5898023716465, 91.11063152316285, 84.03280589786633, 76.57632886932939, 74.1993156850534, 68.64909242242805, 66.36329790348705, 66.75876063370659, 74.82317200072565, 79.88335252522927, 83.5369904486847, 87.57007710792912, 90.10638453982018, 88.91714730541788, 82.32101022391807, 76.25427554344672, 70.8947370212269, 67.90633978516618, 71.77066503902611, 76.99239568364298, 83.08018749185298, 108.61441000483845, 110.90776032552205, 113.72234162906663, 114.23807523428152, 123.48758890837004, 127.51970655365561, 125.02323390821068, 110.74793683206511, 99.73240680891287, 90.99523421208701, 84.99789751914365, 69.87745938576435, 56.05505185313628, 46.5583691537996, 42.26452694287364], [73.0908701398787, 81.36958543394769, 90.23662820374702, 95.00895684118115, 89.85130382468797, 80.78197061458926, 72.35878078378788, 33.08685534035648, 27.965513510834697, 22.730139151510077, 13.388292160470357, 0.0, 11.265737355730026, 19.29983621868999, 26.378520736941653, 73.91808324106434, 80.57828615972885, 86.78299433277763, 93.97960311937112, 100.33574799882118, 99.54175683693768, 93.13108438988672, 84.53720608526079, 78.84314097977283, 73.27114898729428, 42.749840354342965, 37.31467608590798, 32.34574170479312, 26.930796104134927, 21.539686314615007, 18.28890475239466, 22.614789167584405, 27.04670417805898, 31.822527509935863, 36.882830135921076, 62.01070105356788, 63.1761970347137, 68.28140119955142, 73.41143742385121, 74.76499118236895, 73.81385507894491, 68.64079091621856, 58.63822226526787, 47.59484502573833, 52.3141422942842, 47.43567592468273, 46.23164414748965, 93.92358092707269, 87.5290171247151, 80.79529782661882, 77.57820024652563, 71.55790296876424, 67.60173617541639, 65.21290662685003, 74.27136907750543, 80.43846197285428, 84.81589824241213, 89.71556940275767, 92.52626709239388, 91.72708825575053, 85.43281357071339, 79.01253408501024, 72.34241002836005, 67.1714825711491, 73.07430138271553, 79.55921632344953, 86.05104388304146, 115.22567187015785, 115.32972798014099, 116.65183325583394, 115.75269461401723, 123.89312830317712, 126.33518983858632, 123.1097488357462, 108.60091762180518, 93.07259715591277, 81.72486626305995, 73.94306400751874, 57.581798269957375, 42.80584542303685, 34.79259122402536, 36.72597786857269], [64.99949739683711, 73.33600188636035, 82.45443334802631, 87.68543291819135, 81.99815756917704, 72.57797895536837, 64.30271454251726, 24.175323244733235, 19.148765246011685, 14.58427739251637, 7.488888452467896, 11.265737355730026, 0.0, 8.870525839620392, 16.831682089976567, 65.27333252334446, 72.22297558801507, 78.79212926487185, 86.35888533218643, 93.23813345068899, 92.29018779359617, 85.30427376457708, 76.33136854655021, 70.39333024791875, 64.56986095561726, 34.265015873463376, 30.29341838393287, 27.16918056340062, 26.457297832645835, 25.20984182821459, 20.612343380438308, 19.80369358768495, 20.913688909660248, 23.949424665580796, 28.357805365967, 52.60550731837447, 52.95640585926101, 57.70987161127591, 63.715797794737476, 65.23110844114072, 63.90614824810501, 58.77978819680222, 49.6528346683501, 38.45795256387352, 41.38185782454745, 36.823496631244396, 36.608338677587064, 86.16538112088186, 79.12929372594274, 71.78096739490009, 68.91520885468935, 63.10627991759066, 60.175751835415, 59.79689009953291, 68.13317110153216, 73.54643872589142, 77.50575635263964, 81.95105524065615, 84.75421355357298, 83.882579656023, 77.13860767677659, 70.73121186813592, 64.81022557918128, 61.14623773158805, 65.64047319462288, 71.39892077187122, 77.83982832060246, 110.24222853314778, 110.64604249987156, 111.81278341416095, 111.16011881418397, 119.26188078151944, 122.19562141157088, 119.08441930439989, 103.86525988734685, 92.32230121320653, 83.79484935476535, 78.41056986208696, 64.32656184384093, 52.317536481216756, 45.768861354358656, 45.806034844081275], [56.48058314016644, 64.81657619246121, 74.04040517770133, 79.55575632209265, 73.7378814192298, 64.22694913981928, 55.983368409794544, 15.660004904097505, 11.171127085371554, 9.832819496685426, 10.474048252036745, 19.29983621868999, 8.870525839620392, 0.0, 8.277853765908345, 56.6317250176784, 63.615524610165004, 70.2491685505294, 77.90739498279778, 84.97631876601716, 83.98826069493164, 76.78395306428304, 67.70677842549057, 61.71535041847964, 55.8500949532703, 27.16144813035336, 25.262065820203443, 24.40449983033705, 27.49982857117875, 29.061552905466442, 24.65234928907397, 20.714237825215513, 18.26779464403662, 18.451436811144298, 21.43961510944275, 43.758511477226584, 44.25701746441797, 49.67139230030854, 56.37023576248041, 58.747659628775004, 57.859842899154515, 53.38027645204023, 45.264112971715356, 33.96593489478708, 34.092692028585624, 28.269444930501656, 27.948574632311214, 80.80289919184223, 73.74223928093495, 66.46271731574585, 64.46333175669024, 59.234855392361645, 57.47639443147327, 58.95580448201326, 66.42336497798954, 70.89618711841845, 74.0712152025117, 77.68428127922763, 79.97798796719904, 78.63555718661469, 72.18721404922239, 66.56047254968203, 61.785193265782915, 59.646021799972125, 62.69050652466134, 67.3183347362675, 72.96737403082274, 102.93603713616841, 103.81589287870926, 105.45019653176678, 105.50032846433665, 114.28566839402987, 118.37262334417541, 115.97971732490176, 102.217007613907, 93.83462770249528, 87.37075740731194, 83.16237797438409, 69.99214098634366, 59.33238620571764, 52.60341736648866, 51.20606279168643], [48.327860187984264, 56.65869633424233, 65.82503033964075, 71.30190209591328, 65.46106942121298, 55.95919200927259, 47.705612978906466, 7.538135175818818, 7.572671772949427, 12.900943872487394, 17.74324653081428, 26.378520736941653, 16.831682089976567, 8.277853765908345, 0.0, 49.34553875086316, 56.16242226803065, 62.59895641357568, 70.07366363096538, 77.0109425063658, 75.91926778073845, 68.82592993804609, 59.86786635389073, 53.973933866894875, 48.24433400219846, 23.97517043409275, 25.034584084134014, 26.486713224317622, 31.832375991369354, 34.68848203202293, 30.815983835579498, 25.877330605199486, 21.35657333603259, 18.565069131887228, 19.04683862552106, 36.20464687948651, 36.85267622826883, 43.06541504264434, 49.72301582186898, 53.06159597468831, 53.103376623439324, 49.56540399272745, 42.23389830731641, 31.153390029345953, 29.17212929914258, 21.600641226764754, 21.549780932282097, 75.32926952374113, 68.64169707164396, 61.91975982382869, 60.888771341697456, 56.37440161668, 55.564339422338406, 58.3744886093187, 65.01161087471041, 68.60649322219163, 70.9313960303803, 73.67034700333585, 75.27464244612028, 73.36381157810294, 67.60751320581872, 63.08705678291383, 59.44600913324276, 58.499941705332425, 60.38413251344317, 63.880886764841904, 68.43658763266112, 95.35595420277272, 96.10540467487412, 97.93656792655358, 98.51262429868797, 107.95270754027554, 113.13624197998035, 111.5422944572233, 99.97397840201343, 94.03716192086743, 89.27132366104973, 85.87952038979867, 73.44354627339546, 64.20561644535861, 57.73730899990241, 56.30983517996722], [17.28035413089535, 20.247078956141422, 28.904707855558698, 38.76952154224569, 34.76480922484328, 28.85196167853668, 25.450530329202042, 42.30162671092313, 46.34771185443732, 53.38995607247758, 62.90690947124418, 73.91808324106434, 65.27333252334446, 56.6317250176784, 49.34553875086316, 0.0, 7.691083089957159, 15.78872736039146, 25.241239919003103, 35.18526934062251, 35.16005936166292, 24.90421943134195, 14.870044932864833, 8.847931506973199, 4.822606474375241, 36.847139929832885, 46.13795255132536, 53.61971183117315, 64.33202122214064, 72.06310636521879, 70.2058845261426, 62.512277776330286, 54.81350521507693, 47.51130068523709, 41.26335514081987, 15.312097325886812, 25.96063162530049, 37.895857563210896, 47.64726747990145, 57.293997987504525, 60.81160807668376, 63.32466738690094, 65.41870320830841, 60.58724557020616, 44.930297654513005, 35.65167609441566, 29.556547305115377, 79.08214578598928, 74.65954471125939, 70.9672314788275, 75.6833915245605, 75.8990528731582, 80.83252655444862, 89.97813910796188, 91.75890351577702, 90.38497718326911, 88.21627825490961, 85.55370124935568, 83.39151291262502, 78.62525014105277, 76.98509093384389, 78.72385014168991, 82.04155323406407, 87.69611043492215, 83.03755573472692, 79.75836307368608, 78.0543588416741, 60.323808139052524, 70.50657730214171, 80.34756076084338, 88.68947584613196, 103.89008080955112, 117.37728323152005, 121.13632858313878, 120.50700514512889, 127.64857586228887, 129.3620396568333, 128.50803095344088, 117.67556380874097, 109.90136428530762, 100.5387170355746, 92.36124520336847], [17.340644789934686, 17.011696785330496, 23.95646616013426, 34.08047566229078, 31.274650123219445, 27.42591721126402, 25.940448116271238, 48.937347162724976, 53.320368384396936, 60.49743422393912, 69.90607657971852, 80.57828615972885, 72.22297558801507, 63.615524610165004, 56.16242226803065, 7.691083089957159, 0.0, 8.246686628422895, 17.845062626812744, 28.097272167634443, 28.376155940368548, 17.89628456548462, 8.614729396543925, 5.651683518385297, 8.744916715280654, 44.19284264515128, 53.28019054714141, 60.61681627571428, 70.98710839919977, 78.59202283180377, 76.96164761725292, 69.51460773395608, 61.969935637872105, 54.76796438106295, 48.58635670439452, 22.01965517775201, 31.443687248524864, 42.48228278364805, 50.84442902000169, 60.83980004043194, 65.09660924257014, 68.33466310864571, 70.86583468991972, 66.59378965042302, 51.39649064855912, 42.56889071854208, 36.987233833222916, 80.84492100265177, 77.29312847497451, 74.57875797926816, 79.90657873618547, 80.6801746942149, 85.89202047467434, 95.20291201361621, 96.54169244872685, 94.71057289760417, 92.00239881161183, 88.69221147626008, 85.88883855898214, 80.71286661871444, 80.08290296871604, 82.81977960118284, 86.7752615323422, 92.76083053748478, 87.7355317930837, 83.81465113527686, 81.1290182825675, 53.84856670599095, 65.37124204146531, 76.59612935926751, 86.2140420391392, 102.33448322410322, 117.10050950488542, 121.81747797522482, 123.6368688199313, 131.87243314098026, 134.20204449126317, 133.45681961060788, 122.7891814989686, 115.43898291598366, 106.0485370619938, 97.92273271933912], [18.999911211023853, 15.12777008199969, 18.90109155830681, 28.73886645706297, 27.661491901516825, 26.472817000095418, 26.95717739390385, 55.20480884833426, 60.04849359374878, 67.44026614069247, 76.64143848116586, 86.78299433277763, 78.79212926487185, 70.2491685505294, 62.59895641357568, 15.78872736039146, 8.246686628422895, 0.0, 9.636855930256404, 20.032553535260906, 20.64421968068743, 10.316307768173363, 5.3071428226134065, 9.648161178842159, 15.591242117236648, 51.812173538095024, 60.71579706785445, 67.83597125328306, 77.72787109784068, 85.02741443149289, 83.60334688327376, 76.52056024378723, 69.18106358641165, 62.09723264016073, 56.014719331898554, 29.001314459215877, 37.40485164078144, 47.58450134638858, 54.176524485732465, 64.3820156236737, 69.48468267393388, 73.38615832286487, 76.05517694592474, 72.25161744332253, 57.913481836384285, 49.40020042288882, 44.387153666397275, 82.12190202134511, 79.6305597526277, 78.0665942733556, 83.93655130975083, 85.22190140442434, 90.55423476845918, 99.82798054981332, 100.78444494896463, 98.56820693829742, 95.34418163704666, 91.4338639336715, 87.94803016240036, 82.34789729687748, 82.87256623133831, 86.64296090121229, 91.1243149435491, 97.266980590062, 92.03658409168484, 87.5746345310011, 83.87785673329252, 46.28845849877776, 58.79927211456471, 71.41515763073788, 82.33100393918448, 99.43046461832435, 115.50993519177449, 121.26631897938748, 125.93844344577535, 135.0155199111027, 137.91924899440662, 137.2385525889241, 126.79354607138833, 120.05702712581376, 110.83983846279136, 103.1788950321345], [23.692491917583762, 17.103216893975855, 15.358614270450474, 23.42933908715312, 24.9772409397622, 27.313756660233338, 29.947434236412125, 62.57139158841034, 67.9315354272898, 75.55085740004381, 84.47820218615254, 93.97960311937112, 86.35888533218643, 77.90739498279778, 70.07366363096538, 25.241239919003103, 17.845062626812744, 9.636855930256404, 0.0, 10.591328805349496, 11.732289554041873, 4.182222085314696, 11.558157544030056, 17.925970214723357, 24.331650991811095, 60.782485552949545, 69.54377125450847, 76.44125123274385, 85.836824010735, 92.74139971506231, 91.48157661190028, 84.79823543417764, 77.67134285962531, 70.70491447170502, 64.73249744379058, 37.317937603045834, 44.576995799000585, 53.705366746711384, 58.26086837347493, 68.49841828576885, 74.47688159493485, 79.05517869377479, 81.82417194697805, 78.58502086692889, 65.31843914924399, 57.24602829203661, 52.9831405724986, 83.40824403467846, 82.17358033340037, 81.93975578399372, 88.3490837567746, 90.19128852965868, 95.60876917266998, 104.7807859620266, 105.2864412089694, 102.64650990755244, 98.86003908679906, 94.30569637023609, 90.0710971825908, 84.04388534089357, 85.88851837367604, 90.79064611877584, 95.81958683998812, 102.09605614793651, 96.66997916544787, 91.64068899470067, 86.83548241816106, 37.821067615856855, 51.043689156120074, 65.14360369913639, 77.51235365101475, 95.61193833488404, 113.12726499177701, 120.06563363605434, 128.0432687625432, 138.09281716777832, 141.7211329808596, 141.20058415224736, 131.1684965078776, 125.30509276928908, 116.50248414679176, 109.63971170638065], [29.899553439635547, 22.497368861290095, 16.226243078579436, 19.57376783028789, 24.51893647922395, 30.12224382677341, 34.13980429923776, 69.47569266599244, 75.3503996032011, 83.18161979047521, 91.69694026672046, 100.33574799882118, 93.23813345068899, 84.97631876601716, 77.0109425063658, 35.18526934062251, 28.097272167634443, 20.032553535260906, 10.591328805349496, 0.0, 4.192365899490406, 11.265541998512544, 20.963093643331103, 27.3400515906223, 33.69557605758041, 69.67221208847991, 78.21787146760279, 84.78967774479115, 93.51228206665985, 99.84433173881183, 98.75976911744021, 92.62162985346036, 85.80295909447067, 79.02609332963354, 73.23870739693564, 45.949339143201726, 52.31142081741005, 60.57085194783997, 62.94045709982352, 73.01429913100854, 79.88500105501107, 84.97837600497108, 87.46051358370475, 84.62085699802363, 72.84175268370652, 65.0583442947287, 61.47931597047932, 84.67127625345465, 84.85503671435006, 86.04985211446719, 92.83316258844155, 95.10822868052577, 100.37402696384146, 109.13843587467878, 109.3266457945654, 106.41602816661496, 102.16542915613533, 97.10837322106856, 92.14693307825125, 85.72702138626006, 88.96866415980288, 94.924555144394, 100.2792372372747, 106.41164098679772, 101.05469806936567, 95.6670280575106, 89.83572116995649, 28.428528317375314, 41.59226399026502, 57.43036266271919, 71.34551043923209, 90.57341614225165, 109.53064634585883, 117.72899112314627, 129.42975174288426, 139.92232941400349, 144.09521791167114, 143.59812083528223, 133.9816184735566, 129.12508743946285, 120.89855097810346, 115.1959265119645], [28.234170420192267, 20.447237690791223, 12.906259929808522, 15.569626691483549, 20.626401548265974, 26.888726676762012, 31.600555545667504, 68.3917421694845, 74.64568872650878, 82.64930397728911, 91.07051971901556, 99.54175683693768, 92.29018779359617, 83.98826069493164, 75.91926778073845, 35.16005936166292, 28.376155940368548, 20.64421968068743, 11.732289554041873, 4.192365899490406, 0.0, 10.836409645017765, 20.51570142608463, 26.833923123981723, 33.153497746113516, 69.59623563518927, 78.31698845834961, 84.93422295212218, 93.7415538867038, 99.93154297765201, 98.66864533021787, 92.5216290230789, 85.64266289669693, 78.7962048217382, 72.99007999065763, 44.88171246463551, 50.35782328720133, 58.01338165278257, 59.679919649069866, 69.67062543445556, 76.74417929213354, 82.03471019862737, 84.63496031052404, 82.16514273456835, 70.78797418679335, 63.49604311000119, 60.75648442628091, 80.70292798268792, 81.07999975487883, 82.55918563119157, 89.46335831905583, 91.91372835619444, 97.25107641375149, 106.08940637968621, 106.04535246672143, 102.96621864920156, 98.56709141893214, 93.36361060885697, 88.27985023917269, 81.81502785040593, 85.2770712714484, 91.48372495943542, 97.02065355022195, 103.28693137254255, 97.77670244263332, 92.2050158081741, 86.1297220885038, 30.15221716524382, 40.19380884276475, 54.54400727370251, 67.97803375582136, 86.85331750069565, 105.6595680037327, 113.79326149746862, 125.5892789331661, 136.6461039349954, 141.31205029060422, 141.23900585255603, 132.1767455360032, 127.97130387268524, 120.42303467640782, 115.55364351282346], [21.406303273749952, 14.077070236981385, 11.620429413629642, 20.224299785559968, 21.115264416914815, 23.606563399649243, 26.947322193884037, 61.31560171601444, 67.08916527366655, 74.90272791250304, 83.75867422457817, 93.13108438988672, 85.30427376457708, 76.78395306428304, 68.82592993804609, 24.90421943134195, 17.89628456548462, 10.316307768173363, 4.182222085314696, 11.265541998512544, 10.836409645017765, 0.0, 10.212537641254155, 16.786897421459482, 23.289666053632374, 60.561985895642565, 69.54400221296378, 76.51296680543035, 86.03675156809162, 92.81368300153467, 91.35203387389015, 84.62921223260689, 77.41456038126603, 70.35281661906401, 64.34088457286227, 35.798048647958595, 42.07773292054012, 50.619010595351575, 54.6057385018361, 64.81751403970681, 70.96736209562772, 75.7546008842784, 78.71357094525702, 75.86361884457683, 62.87591059955904, 55.33279636667, 52.00709596282394, 79.35528068135056, 78.21124346881062, 78.17368777042472, 84.71456631498803, 86.73320658295748, 92.26655730189842, 101.57823560311866, 101.84206190462125, 99.02172105662505, 95.09207745534691, 90.3965308924739, 86.07425323115088, 80.02052807965516, 81.99826336401192, 87.11338129705682, 92.3449546030889, 98.80505219458144, 93.18119944168645, 87.95096318233581, 82.93815366736457, 39.29825992905913, 50.133687541239084, 62.81417532500238, 74.60823180009906, 92.24824568513995, 109.51568786037238, 116.31816264544855, 124.17971841091021, 134.84164677012018, 138.97583202017017, 138.90644559206635, 129.43579834467934, 124.2104310614398, 116.09301964074734, 110.06081333387708], [14.514427000535811, 10.31467269085035, 15.49156921962465, 25.648094082613195, 23.411358721081566, 21.383283353161787, 22.052967581953727, 52.4323454472048, 57.87321344707714, 65.55956243521445, 74.63160650697097, 84.53720608526079, 76.33136854655021, 67.70677842549057, 59.86786635389073, 14.870044932864833, 8.614729396543925, 5.3071428226134065, 11.558157544030056, 20.963093643331103, 20.51570142608463, 10.212537641254155, 0.0, 6.595207913148002, 13.113943409277207, 50.70731636647137, 59.87422182299629, 67.03081515232043, 76.99128629067742, 84.04448811970849, 82.37160279530359, 75.30600193936908, 67.89268732877038, 60.70706387528042, 54.59796708203091, 25.95079476961423, 33.277854386961835, 43.04773898966428, 49.0550222513608, 59.283696024408215, 64.61205333897468, 68.68133139997106, 71.38171448567509, 67.90222083954168, 53.98364683725021, 45.958729379060664, 42.15624517254041, 76.82987485669614, 74.36825024800383, 72.95330398082989, 78.89958390343733, 80.29928078477836, 85.67493515445055, 95.0175440523045, 95.7957348907966, 93.46718048198721, 90.15344741035342, 86.18504223416436, 82.65906455191839, 77.04950652164693, 77.63704521222677, 81.5502473684654, 86.1446408644785, 92.38779449941293, 87.04383494713622, 82.4666960512888, 78.63646700612894, 47.76053186448596, 57.61735215872167, 68.55521623109375, 78.62735761275513, 95.14578168182501, 110.77463622504604, 116.27229442703862, 120.6567706622991, 130.11574115924654, 133.4666763183331, 133.230694981755, 123.38510850069936, 117.39862829458724, 109.03570433796222, 102.52057636623796], [12.054786415113002, 12.045712105909054, 20.11465940672727, 30.093802294828382, 26.49327633682746, 21.913193052220755, 20.407964633600578, 46.62074963619974, 51.83192294462748, 59.4314486525656, 68.61961084015057, 78.84314097977283, 70.39333024791875, 61.71535041847964, 53.973933866894875, 8.847931506973199, 5.651683518385297, 9.648161178842159, 17.925970214723357, 27.3400515906223, 26.833923123981723, 16.786897421459482, 6.595207913148002, 0.0, 6.519810544053793, 44.34934058206384, 53.6496817945986, 60.91626355732547, 71.14759025799745, 78.33863169031119, 76.50533393876485, 69.2311810488324, 61.69456083080539, 54.4309314904889, 48.26729249370375, 19.581260180837624, 27.87437295965032, 38.59922794519046, 45.97930228690377, 56.076494895972004, 60.80000340652992, 64.29963649502197, 66.70204263317592, 62.739667453605215, 48.28619132842716, 39.862110104617315, 35.715628782267665, 75.46703373464237, 72.1687944662077, 69.8429260735432, 75.31157183581138, 76.24597006737402, 81.43913750450005, 90.7128311182758, 91.87255076897351, 89.92137602369122, 87.06023734488679, 83.63271658454526, 80.66431319174919, 75.38912933659185, 75.05058626823379, 78.1050880608622, 82.1914756668292, 88.20521258395512, 83.12863331152464, 79.06620510357457, 76.0807707110414, 53.359066096903426, 62.44663135954116, 72.28459505391235, 81.24793304787718, 96.9973102499842, 111.52057519339918, 116.16807933197313, 118.32840724275513, 126.86442668830735, 129.65851994508006, 129.29659558242315, 119.22831892191543, 112.78192499408223, 104.32705900705277, 97.61173328671278], [12.774501040554735, 16.330921636399427, 25.506919883422242, 35.101693927901216, 30.60082421013462, 24.195103154262664, 20.706825440976775, 41.020482866157934, 45.93195702459684, 53.413304822976805, 62.715431675311216, 73.27114898729428, 64.56986095561726, 55.8500949532703, 48.24433400219846, 4.822606474375241, 8.744916715280654, 15.591242117236648, 24.331650991811095, 33.69557605758041, 33.153497746113516, 23.289666053632374, 13.113943409277207, 6.519810544053793, 0.0, 38.1085623794137, 47.55280675267555, 54.929460837446456, 65.44184846924608, 72.7639744314793, 70.7550062111384, 63.263924785846285, 55.60043440146007, 48.258004586826075, 42.0412761139966, 13.470853570642285, 23.152875575689038, 34.9011200902305, 43.70527113028474, 53.51557297236637, 57.539890516302115, 60.37209993678426, 62.39293797388385, 57.881694231554604, 42.902179765998476, 33.98660122043611, 29.371790708969673, 74.64425323820959, 70.52181099050586, 67.2625012237392, 72.1764007951716, 72.59371062872997, 77.54844086402981, 86.69351280139959, 88.27153648319158, 86.74086193420558, 84.37601302845738, 81.53986983045094, 79.16447726468617, 74.26479738640474, 72.97709194844857, 75.10230731046484, 78.60854110703652, 84.3316103337928, 79.58207482857868, 76.10446256919872, 74.0318175362784, 59.02357479492978, 67.4212204949365, 76.26211046133, 84.17490866951145, 99.14589876435811, 112.55699265160942, 116.36124142588118, 116.30545278552458, 123.83096925971209, 126.0231193555964, 125.51498786515857, 115.22003391237212, 108.29680626334398, 99.75924878010186, 92.85666381747077], [44.28014081227869, 51.79994429905208, 61.65930412340092, 69.75118693191253, 64.5154958730743, 55.562783750718886, 47.951502072535064, 21.61181965946778, 17.457411440182366, 20.113170626031515, 29.81406434829029, 42.749840354342965, 34.265015873463376, 27.16144813035336, 23.97517043409275, 36.847139929832885, 44.19284264515128, 51.812173538095024, 60.782485552949545, 69.67221208847991, 69.59623563518927, 60.561985895642565, 50.70731636647137, 44.34934058206384, 38.1085623794137, 0.0, 9.882230900954045, 17.696683713508726, 29.71933304338082, 38.170711763697575, 35.60647059076754, 26.824074500480666, 18.759280852539767, 11.617451717694507, 5.9235582165659535, 28.565586367857442, 35.00560635065345, 45.06603208950171, 56.82080831361685, 62.59247481851322, 62.21765502330094, 59.869244077532365, 57.06678523585833, 47.834447744279544, 35.61317045207665, 24.897030384914622, 13.227764842734166, 88.1901523