{
	"dissimilarities": [[0.0, 8.559743765356881, 17.864250968205074, 25.25515230643411, 20.262244071029077, 12.66730180368819, 7.984238758704929, 40.70114669983494, 47.583888465472945, 55.8950682170172, 64.21637392302992, 73.02481889895883, 64.86284103549507, 56.48249757936082, 48.17568744339239, 17.403339592733744, 17.396819293560675, 19.053279750539538, 24.347260300571993, 31.1117841559408, 28.515553339509108, 21.414974212781253, 14.531642278563595, 11.994854200999734, 12.7252273259741, 44.311117151501264, 53.37112412510953, 60.02848806586637, 69.56516834255875, 75.27146197117196, 73.29902903486835, 66.98056372685039, 59.89519412198553, 52.68906163576711, 46.93538043194622, 17.423679560901423, 22.78900790498656, 33.107485636596714, 38.20904155136781, 47.67550852146127, 54.62477340839979, 58.07966521192005, 58.830438325208114, 54.244790780201136, 44.25013109612844, 35.69862898806889, 33.66011613106491, 66.75856899911403, 63.22136127164644, 62.79124735349889, 66.95252032038914, 67.82297236074687, 73.48503807484738, 81.05367855145958, 80.95141597211256, 80.26963585957479, 77.77194320082083, 75.4668544702132, 71.20280978801182, 66.74365266472766, 66.15063648094984, 69.32287538745562, 72.94528353975, 78.97099671607006, 73.78826160105832, 70.1413024628068, 67.08898995961898, 55.56592740724433, 60.29325027717179, 66.03371421869839, 72.02112451132946, 86.16583001177177, 98.57787965459288, 99.25328371300235, 106.9011456771564, 117.08594282741969, 119.08238092658603, 115.72249899479762, 106.02860671739955, 101.34728105199595, 95.0163386267918, 93.40016896843706], [8.559743765356881, 0.0, 10.23430142643307, 19.040147871848212, 15.295731862088228, 11.763874526334172, 13.116376326209613, 49.18702276023403, 55.85254787105695, 64.06944994197647, 72.55275691918924, 81.47690011641063, 73.35945099143358, 64.96835489337133, 56.67903522715144, 19.46529754424545, 15.939013416459408, 13.998790965188885, 17.055550843655478, 23.37450343362693, 20.499370678487157, 13.337091424260391, 9.141055193180874, 10.963042202282768, 15.551777105816296, 51.49499844427334, 60.65459869313859, 67.48997830206338, 77.13616212954841, 83.13270161328298, 81.3146561254171, 74.84718396044389, 67.67447259580058, 60.46057346854239, 54.56709572818347, 24.02602864226641, 29.06545186173829, 38.05867793981664, 42.29811044150131, 51.94658379313391, 59.31832317735486, 63.418998240980834, 65.41477693436988, 61.61483640729694, 51.01914597742626, 43.45361640044785, 41.378462233016755, 69.21462187552312, 66.59249280981463, 67.01132657832447, 71.8011360080901, 73.36863600829372, 79.65835818899774, 87.74379818832257, 86.94666497262249, 85.54745464694395, 82.49459122774327, 79.36924184459575, 74.48661542666461, 69.66505360433032, 70.03338802134081, 74.13627306703683, 78.65406399610431, 85.32955597313178, 79.47259623939723, 74.94260488603194, 70.95896230404254, 49.74398539732949, 55.84410810284082, 62.95163548371952, 70.54803849168314, 85.69056738197892, 99.56118232113225, 101.26417933293128, 111.14787788008222, 123.15964810594956, 126.09085808501233, 123.20285785881275, 113.84004160650808, 109.5087125607175, 103.01225647060484, 100.91036479725935], [17.864250968205074, 10.23430142643307, 0.0, 9.596966735587658, 8.728891857273577, 13.297072375361049, 19.094896318364494, 58.3039692552988, 65.37851384310314, 73.69540029983011, 81.88878187521945, 90.19822138630502, 82.35951882503365, 74.06102345164327, 65.71840071669563, 28.955671120865873, 23.963678938704238, 18.93401942619073, 16.28541468858147, 17.096856923319592, 13.61914690411793, 11.595376734961656, 15.464546060719826, 20.022075889237485, 25.43754694079667, 61.670513161741454, 70.76466897446934, 77.48327665211707, 86.80589888064478, 92.52020128837827, 90.77058112089782, 84.61173292773714, 77.5871033313339, 70.42387134436962, 64.6122963467346, 34.01187547873163, 37.23490832391115, 44.18391523019197, 45.70854508713546, 55.37238120976086, 63.87191301579987, 68.76427036098397, 71.31862403124359, 68.53682411632869, 58.96533216362955, 52.46680164275745, 51.34446569735655, 68.8575836122233, 68.00164595247439, 69.97314991910588, 75.44935124487036, 77.84577534920197, 84.36450707914152, 92.62493060212762, 91.03222291568535, 88.90804863407429, 85.17553069598762, 81.08695659797645, 75.34798185633872, 69.98887044099077, 72.05028486903274, 77.47887557768722, 82.85931591117694, 89.83644133163456, 83.58320696284355, 78.18286715509207, 72.8891133407765, 43.22471606063183, 47.86658248930869, 55.14375857617381, 64.03160207931215, 80.15435002992172, 95.68177842642312, 98.92607091109451, 112.23874503879469, 125.7977065979428, 130.0533629816457, 127.96367684098692, 119.41064851025129, 116.34517971805427, 110.57232975007207, 109.3320547277522], [25.25515230643411, 19.040147871848212, 9.596966735587658, 0.0, 8.021454459623206, 17.418057300113176, 24.051702789185924, 64.06306570438362, 71.66509370980019, 80.08971331659724, 87.72560732530032, 95.0397277705045, 87.69594756549179, 79.63681790541361, 71.28790275229376, 38.2947489463806, 33.427372815506835, 27.97102277603792, 23.223497246776617, 18.510636407058755, 15.621085153232762, 19.287740932192293, 24.9351927238937, 29.4378324841907, 34.57246533221335, 69.48019617352851, 78.35098037416768, 84.74075123909756, 93.43962844453675, 98.54099651589436, 96.83113856668956, 91.26069465525806, 84.5626051265418, 77.53882960782506, 71.96834504640884, 42.163664219414684, 43.92555022240177, 49.43565755999629, 48.105177205054936, 57.56511108876312, 67.22325110801873, 72.58459733222247, 74.7163049261196, 72.6031776445686, 64.94365998910867, 58.95463659928817, 58.75157140709092, 67.02491309298546, 68.01817637167834, 71.47179709679476, 77.30324068781567, 80.19743788387014, 86.36443047171164, 94.2710730156231, 92.2486851558172, 89.81357625782613, 85.64949897688595, 80.96888891755314, 74.56404047364484, 68.74614822801348, 72.4502698290449, 78.9025556495574, 84.61159205033321, 91.2970295106909, 85.21509320872941, 79.46104654559807, 73.16413642357881, 39.18281723154877, 39.5279478374612, 45.77235870513201, 55.39792986456707, 72.45499474437983, 89.32924197723075, 94.13420296379127, 110.63185783389135, 124.37471521975279, 129.54973205274365, 128.06475612762796, 120.26495426068496, 118.60339312582411, 113.8455013263877, 114.07756213171382], [20.262244071029077, 15.295731862088228, 8.728891857273577, 8.021454459623206, 0.0, 10.054946710515622, 17.82658534272733, 58.36435326708993, 66.20166893995257, 74.70545741937397, 82.36094565174177, 89.87756915753106, 82.0369067372735, 73.7953808216922, 65.5058522788835, 34.3730556093609, 30.69871759952168, 26.939982443018796, 25.002770435502704, 24.0093696213547, 20.615746832752045, 20.237051849471776, 22.727786724600662, 25.89365393565744, 30.14588463623738, 64.31435344057824, 73.39761898163057, 79.91946089975954, 89.0699773600588, 94.13218994375785, 92.0971340064715, 86.32282225574848, 79.4448988563894, 72.26114839707746, 66.65430273442604, 36.344424420060705, 36.584009894815914, 41.48559940874631, 40.27880226100201, 49.801893071674805, 59.272291878848534, 64.5967405977849, 66.98884473320008, 65.09050495468392, 57.28687947745136, 52.00021526694505, 52.92506093441473, 60.95386598485385, 61.00544631161937, 63.92177946414869, 69.66723556688092, 72.48324270467648, 78.87697728714669, 87.10249162820475, 85.00989647503344, 82.54915854577892, 78.50020100634751, 74.03501166357483, 67.93279360319869, 62.33984738503419, 65.28356880363454, 71.3980269660611, 77.10380164717287, 84.0778344045849, 77.7446186487276, 72.00519358186305, 66.04893424024145, 46.841256071590934, 46.27402377679955, 49.80907245852729, 56.7184309579872, 71.90157498685623, 87.03747393974794, 90.26736663021212, 104.52466772346253, 118.8816496294265, 124.17360814263358, 122.98947940192471, 115.62153820684921, 114.12950209606856, 110.04319561121092, 110.81421648345572], [12.66730180368819, 11.763874526334172, 13.297072375361049, 17.418057300113176, 10.054946710515622, 0.0, 8.652755595643626, 48.86962733173922, 56.765584389247, 65.28527234475698, 72.99505458814686, 80.82446753911373, 72.59199472501815, 64.21565760691597, 55.9749189889348, 28.116861202894643, 26.526235786570304, 25.512962314913768, 27.28859584620662, 30.177517503536485, 26.84330563992708, 22.683354498187477, 20.403349395746893, 20.946034687250787, 23.36972930942535, 55.18847712317319, 64.32909608183844, 70.87906134897608, 80.3230639346287, 85.37352478246446, 83.10066466310451, 77.15805293261852, 70.17609462159275, 62.91519483776715, 57.33010590283037, 27.298913080907674, 26.79322830726798, 32.60640253065039, 33.088260256186, 42.838660411968704, 51.63384772093124, 56.39610818793941, 58.27241370608863, 55.744741330035374, 47.54426154604769, 41.95026300347347, 43.36052655649419, 57.84441301737789, 56.06932529137501, 57.572237472224565, 62.753562629138, 64.89059621799139, 71.1376644734076, 79.3307690650145, 77.82323236847, 75.94918306340202, 72.4781566443231, 68.8926901906789, 63.59297304268506, 58.51030597975253, 59.789521457964184, 64.74609126979281, 69.74967431368279, 76.5581869489038, 70.47270633244423, 65.44350479075167, 60.64197452564267, 54.199563598508036, 54.31677956158171, 56.8852040250436, 61.68922718169805, 75.22561899706268, 88.19027172378254, 89.53296493679042, 100.1532670386112, 113.41084400323044, 117.77998762620084, 116.17518046465263, 108.48641182048722, 106.35704787267701, 102.30682654093357, 103.0982894033453], [7.984238758704929, 13.116376326209613, 19.094896318364494, 24.051702789185924, 17.82658534272733, 8.652755595643626, 0.0, 40.54803215188433, 48.430823384220474, 56.95631879698915, 64.58201991079922, 72.39082218493901, 64.3179810210985, 56.022604452659465, 47.72088176923023, 24.75261709024999, 25.114697304396586, 26.129887769400582, 29.927426959867116, 34.45190526711434, 31.57075017596894, 26.23880802850572, 21.23703274410498, 19.508678717258764, 19.88389881004709, 47.58433035526954, 56.44922613647341, 62.7537052268965, 71.89346463853957, 76.79270402548497, 74.55642351242996, 68.78268113196799, 61.964735356202645, 54.82246854515857, 49.403120879532494, 21.298155580188208, 22.12485786911731, 30.26939064275431, 32.50262392127186, 42.10370982655236, 50.205716549206734, 54.06217206457597, 54.30523811290703, 50.44029071732855, 42.61061437338574, 35.24277029932633, 35.807655090009035, 59.54148050096244, 56.67549037144926, 57.03249108019961, 61.39130011622517, 62.56037483744334, 67.97791089895075, 75.42616174222475, 74.97473380408087, 74.11873544961807, 71.3904851997482, 68.8659599448879, 64.3257048089068, 59.664955761288574, 59.75103947875212, 63.47271610678071, 67.2624879882253, 73.15397461176565, 68.0289387893062, 64.19778696949281, 60.62558018861836, 57.354149103499466, 58.26643817281364, 61.30087376913845, 65.59888729366722, 78.86379157944401, 90.74824343340819, 91.35662228474547, 99.69369421826667, 110.17892720531002, 112.99922800937253, 110.38690794965657, 101.71342794369949, 98.58959933361098, 93.95169461287692, 94.50136278613954], [40.70114669983494, 49.18702276023403, 58.3039692552988, 64.06306570438362, 58.36435326708993, 48.86962733173922, 40.54803215188433, 0.0, 9.252425807957932, 17.45308102002214, 24.2068756909216, 33.2596504654115, 24.20803515269013, 15.832389113820945, 7.548326831754239, 41.790406572555874, 48.44591001654775, 54.78235790241888, 62.5614272154296, 70.3741823152552, 68.3909969629665, 61.028376191562764, 52.08176644106839, 46.20779114063501, 40.556538901902435, 20.567350701205513, 24.33348815899981, 27.694014683170714, 35.373731539745435, 38.77013906236741, 35.53889186168555, 30.361250994347074, 24.69529977609118, 19.040608934254546, 17.06152559287199, 29.907883944525075, 31.18512103222986, 38.82560434534418, 46.45593862769841, 50.57186939374579, 51.81333335786677, 50.046319478041504, 42.854009548906866, 32.7824441885139, 30.12829940557704, 17.975154560179696, 15.297160204305532, 74.16746472162781, 66.52296218166131, 61.24645497818107, 60.784790342527565, 57.06468174028038, 57.83051885241564, 60.87640483791285, 65.67972142154447, 69.62248946409818, 70.93697382164865, 73.65231854258124, 73.54050877824221, 71.87785502485812, 66.1072140415211, 63.09081742405158, 60.52209565278792, 61.516399189368265, 61.43236313183452, 63.890270451350915, 66.95925093330351, 89.91967128992658, 92.1721412288942, 94.2866965906631, 94.81570451235241, 103.99146257431265, 109.25707701477931, 105.03824178066348, 99.94149609871216, 98.9866105939297, 94.41950811454066, 87.53456229919148, 75.14072026974154, 66.3937155384033, 59.926767828818086, 59.91463959693678], [47.583888465472945, 55.85254787105695, 65.37851384310314, 71.66509370980019, 66.20166893995257, 56.765584389247, 48.430823384220474, 9.252425807957932, 0.0, 8.560023230166435, 16.99925839286682, 28.37494617184542, 19.312474495208193, 11.92641296071983, 7.831552146040079, 45.922404907377064, 52.92000236949386, 59.72421440305874, 67.9355675030094, 76.43493392868879, 74.668339172806, 66.91165142369788, 57.63055706074892, 51.538111659404684, 45.59073840991819, 16.284848987216954, 16.630380721979098, 18.760810483591083, 26.61868089960261, 30.684168384429995, 27.36107103075991, 21.305367374081374, 15.463988001304807, 10.516748971923215, 10.988408283772587, 35.217462474375566, 38.007515823991405, 45.798640903955864, 54.65662337941019, 58.26111617045273, 58.19210853249394, 55.630938593020424, 48.43007280971909, 38.02117023148873, 34.75015789042136, 23.429134695197796, 17.805025373275406, 82.57213315511046, 74.3414654333996, 68.28389179897765, 67.23625626157943, 62.93572832064397, 63.257318264455485, 65.62028853652417, 71.18349811400509, 75.68913269777865, 77.57581768995907, 80.89033825551753, 81.34768978172583, 80.06720869745297, 73.56727010655199, 69.66308464556795, 66.37063569275605, 66.78798543546198, 67.3102232423141, 70.50108843277212, 74.43175751362635, 95.76628150168456, 99.6448776403576, 102.8055562181603, 103.80900150793656, 113.12252248425752, 118.08871230221992, 113.46912364063525, 106.54251984965592, 103.89723898664266, 97.67205810567445, 89.62817375353121, 76.03112119976315, 64.8493179751855, 56.30210224273699, 53.6549281017254], [55.8950682170172, 64.06944994197647, 73.69540029983011, 80.08971331659724, 74.70545741937397, 65.28527234475698, 56.95631879698915, 17.45308102002214, 8.560023230166435, 0.0, 9.990752304240656, 23.09362433775872, 14.726942058109076, 10.837670219113004, 13.045697782150942, 53.132487259745595, 60.237607824221975, 67.21908854937804, 75.57465443863279, 84.30520727125146, 82.6533348941788, 74.79087062063189, 65.41436264717463, 59.262413194566996, 53.22467122840179, 19.408576685783483, 15.039106903987518, 13.577029233885668, 19.705285558801524, 23.34540103221219, 19.570661767623747, 13.253868124654554, 8.827323209749263, 8.612403593310116, 13.530985544444981, 43.003748271255354, 45.863458903504544, 53.04191063668873, 62.09267333707565, 64.96754088636148, 63.87913287082187, 60.56594735867562, 52.809415332458, 42.30725220155911, 40.13752455056863, 30.384092290338213, 24.968488619672, 89.28798697214516, 80.64438445107278, 73.98991107828802, 72.26124990012633, 67.35682945359078, 66.86514476706134, 68.21157076197167, 74.5905430973641, 79.78019286025973, 82.29683881521191, 86.31344020781145, 87.39745779534731, 86.54913995804918, 79.43565397004372, 74.65119168727945, 70.45145752548977, 69.95255942813301, 71.37822358846398, 75.47666842415768, 80.27401477242087, 103.16648065119138, 107.51721781478653, 110.84940234565771, 111.66037007303979, 120.59312416831482, 124.79114265697706, 119.60485866797526, 110.6660824561226, 105.90215777337754, 98.0592065762417, 89.024778986687, 74.61054866587632, 61.56760871305582, 51.88573807381247, 47.853696745081265], [64.21637392302992, 72.55275691918924, 81.88878187521945, 87.72560732530032, 82.36094565174177, 72.99505458814686, 64.58201991079922, 24.2068756909216, 16.99925839286682, 9.990752304240656, 0.0, 13.586395021240326, 7.4976216533278075, 11.168232713980982, 17.733694755082542, 62.68940365508632, 69.67082393407833, 76.4263192384884, 84.48831056721266, 92.6967830217144, 91.06750795592662, 83.61910640075129, 74.47476434172607, 68.44133637668261, 62.529064712543544, 29.318105046785547, 23.661151654162293, 19.358780902908123, 19.06588001284404, 18.22414805625525, 13.636686621245351, 12.506247474290198, 14.450091451885767, 18.042828799326923, 23.481033965095424, 52.18661012842154, 54.00183478108601, 60.059500420258225, 67.75246743105318, 69.75375644770547, 68.39290174484206, 64.50816487135515, 55.06410868290703, 44.62688413402493, 46.153141378516295, 37.90924996181051, 34.39255318450455, 92.6042388731607, 84.1055679249714, 77.37618195497926, 74.88874495213376, 69.36821883367911, 67.27360197372258, 66.76285847400247, 74.21865636811005, 80.4090999508169, 83.62231063165846, 88.46337821646983, 90.13838592733983, 89.68955590187538, 82.41344504076072, 76.92422005918976, 71.47501466053396, 69.23412710397015, 72.30061887366836, 77.63115019174529, 83.14840647207672, 110.29688820488605, 113.3382471368933, 115.71537779316486, 115.519195940897, 123.51222529387034, 126.43029272940241, 120.7688161919939, 110.14249933767336, 101.79891320865562, 92.08437199775663, 81.96617690167557, 66.82745334900387, 52.65146508411751, 43.349160809238704, 41.47955361058577], [73.02481889895883, 81.47690011641063, 90.19822138630502, 95.0397277705045, 89.87756915753106, 80.82446753911373, 72.39082218493901, 33.2596504654115, 28.37494617184542, 23.09362433775872, 13.586395021240326, 0.0, 11.437262751423436, 19.70780125158124, 26.39875819995634, 73.74768653402133, 80.37331874358945, 86.58772049214198, 93.99804510930505, 101.16413522408884, 99.58863882262524, 92.9768423904876, 84.37930800663244, 78.65732031131137, 73.08743139793556, 42.39639447024617, 36.86855530284922, 31.80703371582808, 26.835707557764263, 20.63028917291253, 17.43536475665353, 22.912039407773854, 27.454394570620092, 31.40190251806977, 36.54578014666926, 62.8634836184455, 63.67154632231328, 68.72602745360845, 74.14395350373462, 75.44286202931829, 74.5941738181769, 70.52391002881558, 59.05752492898521, 49.13920302302664, 55.10765496697548, 47.89716815928388, 46.028222046432404, 95.41361356837402, 87.75412225792711, 81.59835836400397, 78.51172507830267, 72.59588943071155, 68.45553020178278, 65.41014438632958, 73.99616221858754, 81.28852036274262, 85.09577703643242, 90.64737144020857, 92.69538096552137, 92.48878134530979, 85.69272676835872, 79.93506090595749, 73.23765999079058, 68.67308971499632, 73.87602198445447, 80.43407756845505, 86.2615271160885, 116.57445736136211, 117.41032986595104, 118.42004625303863, 116.98079669329753, 123.9175528770555, 125.4917377693535, 119.79870761516345, 108.4191384422056, 94.87347426808441, 82.73924927516238, 71.01415918070866, 54.576066142468804, 39.18200998831231, 31.1955041657364, 35.61438150314273], [64.86284103549507, 73.35945099143358, 82.35951882503365, 87.69594756549179, 82.0369067372735, 72.59199472501815, 64.3179810210985, 24.20803515269013, 19.312474495208193, 14.726942058109076, 7.4976216533278075, 11.437262751423436, 0.0, 8.920551682687849, 16.804357917411124, 64.95613433184698, 71.89555350574723, 78.49076907908531, 86.36570737444666, 94.11791191906957, 92.29178403447791, 85.07796454714129, 76.08035045382408, 70.1117926759008, 64.27291086175627, 33.620930314091105, 29.502774730692586, 26.2693918253408, 26.418156894108684, 24.20964898462202, 19.663610579830397, 19.876608987544127, 21.090856776612846, 23.156228701352447, 27.699815435937417, 53.43829992021475, 53.482951436714835, 58.19681452973711, 64.60831624888527, 65.88530359432275, 64.48426310471683, 60.395670946828986, 49.898548905358105, 39.65525952273557, 43.97131005254841, 37.10751694144902, 36.213207818634594, 87.65162535908382, 79.2300188594879, 72.54138229656087, 69.68267404840324, 63.927437603227176, 61.04965709692111, 59.831746653563684, 67.60433802777264, 74.15749702170534, 77.6300875314644, 82.82933716125999, 84.809132885483, 84.6176955642864, 77.26372026291152, 71.48016565372222, 65.48059750010171, 62.5122447877395, 66.24602776521093, 72.1105556570764, 77.9334699791216, 111.78691303906464, 113.02407171444943, 113.8535267756813, 112.3951580415197, 119.23147444819219, 121.06077643910625, 114.83834801311124, 103.31319802683144, 94.39303638199947, 84.85927092011416, 75.22030182925164, 60.983050944409406, 48.466193949368396, 42.39929313385723, 44.89960738379191], [56.48249757936082, 64.96835489337133, 74.06102345164327, 79.63681790541361, 73.7953808216922, 64.21565760691597, 56.022604452659465, 15.832389113820945, 11.92641296071983, 10.837670219113004, 11.168232713980982, 19.70780125158124, 8.920551682687849, 0.0, 8.373216746368685, 56.55779478208874, 63.548521136586885, 70.21649295053535, 78.21867175520077, 86.16322989186145, 84.21505411508203, 76.77706086774674, 67.66780131209947, 61.64135612716222, 55.75051119186325, 26.94736757762663, 25.103664241210762, 24.30814863249398, 28.472848526589903, 29.064739754719344, 24.70523573055839, 21.600043706305897, 19.238875156315792, 18.224348684789856, 21.224965125632924, 44.71268603834993, 44.59992116427698, 49.71071763676941, 56.77236958122182, 58.63789542208945, 57.60568460485747, 54.00413192577565, 44.514170678558806, 33.963121385016855, 36.14279669833814, 28.31271168762111, 27.701120095169376, 81.5412668093011, 73.00227901584545, 66.41646436065261, 64.18483715377398, 58.93471320274265, 57.39005349223318, 57.902490073988005, 64.66944388447541, 70.34495506701464, 73.18567023529192, 77.68649893573334, 79.15656216906876, 78.6301506067815, 71.41776442841505, 66.2478776244899, 61.29292995963077, 59.86499317520573, 62.144317752484575, 66.96883876598679, 72.16843788872156, 104.97381269713803, 106.521734597509, 107.5385839324416, 106.49205675328908, 113.80572140743321, 116.50452608737059, 110.57340867677662, 100.55405239768073, 95.1141670624566, 87.67304452691342, 79.37665014675046, 66.231472142589, 55.49600606464592, 49.71685266503315, 51.180892000826134], [48.17568744339239, 56.67903522715144, 65.71840071669563, 71.28790275229376, 65.5058522788835, 55.9749189889348, 47.72088176923023, 7.548326831754239, 7.831552146040079, 13.045697782150942, 17.733694755082542, 26.39875819995634, 16.804357917411124, 8.373216746368685, 0.0, 49.000977058687575, 55.80355115594394, 62.26197021015262, 70.09728284086665, 77.8791137119572, 75.90380373128413, 68.57356553360663, 59.59311076946033, 53.668437791424715, 47.922756263131305, 23.222642239035288, 24.221042039659668, 25.67358254421198, 31.84707620020296, 33.943669727361154, 30.205624648945864, 25.937923034396835, 21.55381822543593, 17.72122315434623, 18.24818905345144, 37.03927884454958, 37.34784840369758, 43.53106536400843, 50.68462789677095, 53.6277405365099, 53.81646184631759, 51.13162639376314, 42.539237680900015, 32.00881457245435, 32.18349355389575, 22.203627141459116, 21.063905634768588, 76.82156268247776, 68.76019177126283, 62.86272160947192, 61.512542264293835, 57.00993168632712, 56.57646024472132, 58.374054885627224, 64.16246540812678, 68.99320892369842, 71.05533713382637, 74.66901635533587, 75.32875358921945, 74.21727294517022, 67.75307992728759, 63.67748790403168, 59.88917902527159, 59.64845129610063, 60.76878652031138, 64.43136413923571, 68.55051805790272, 96.94370865380999, 98.61137407544729, 100.01835859087406, 99.64133709273344, 107.82608108529094, 111.771492064549, 106.71309891529974, 99.27918849545203, 96.08767349306447, 90.19957620484749, 82.67846173962161, 69.95112983080568, 60.4665947389902, 54.48548308256315, 55.4780430983357], [17.403339592733744, 19.46529754424545, 28.955671120865873, 38.2947489463806, 34.3730556093609, 28.116861202894643, 24.75261709024999, 41.790406572555874, 45.922404907377064, 53.132487259745595, 62.68940365508632, 73.74768653402133, 64.95613433184698, 56.55779478208874, 49.000977058687575, 0.0, 7.712941378721152, 15.802081381635457, 25.550742538800883, 36.85688591920952, 34.97944801011718, 24.973120469080992, 14.931264923177368, 8.975473998439353, 4.938006374799448, 36.85523024973924, 46.14777347065166, 53.62521772548395, 64.54400349019899, 71.97989806542459, 70.20836792590414, 62.450274109615485, 54.72259036139552, 47.53649897940101, 41.28068241189822, 13.911290289635467, 25.475755720357384, 37.36724971559114, 47.728422279511086, 56.159576395692355, 60.025801546956686, 62.34570061271678, 64.49604301421601, 58.991462893834154, 44.71531708874993, 35.654658826665745, 29.58281354090057, 79.21255750317039, 73.56362872615372, 70.98148523271874, 74.4502194181124, 74.59262329235347, 80.87466090415433, 88.92534854078265, 89.37184764826152, 88.96762817011975, 87.10731809763486, 85.51881294455877, 82.26086666373521, 78.59740484470053, 75.90101991784117, 77.46829689416586, 80.65390814443688, 87.18371742274697, 81.66933358766826, 78.50139949411945, 76.9824379543604, 63.13371464008955, 73.64964707740563, 82.05470669109975, 89.05826918594522, 103.06470522996695, 114.88192843011923, 114.27882334619815, 118.36679827976394, 128.83615562061826, 129.4976263011105, 125.16585997099388, 114.21185596265616, 106.73154953557419, 97.88840090037748, 92.19165681642724], [17.396819293560675, 15.939013416459408, 23.963678938704238, 33.427372815506835, 30.69871759952168, 26.526235786570304, 25.114697304396586, 48.44591001654775, 52.92000236949386, 60.237607824221975, 69.67082393407833, 80.37331874358945, 71.89555350574723, 63.548521136586885, 55.80355115594394, 7.712941378721152, 0.0, 8.22334401481715, 18.079079856909477, 29.76675710445396, 28.044919206030066, 17.933810126123372, 8.645032741002083, 5.728179464183538, 8.756116539626968, 44.20392534028349, 53.29349548177933, 60.62365725959585, 71.13119404272013, 78.50791681149332, 76.95365950136309, 69.42894292462269, 61.86398526136468, 54.786833059608654, 48.6005035281217, 20.571600368968355, 30.727480369014845, 41.7764822696966, 50.69505123939279, 59.59725526387017, 64.38770354674385, 67.36251911816349, 70.00831682493428, 65.04500757383417, 51.171470865241986, 42.596530156787246, 36.99943246270884, 80.86652177886728, 76.22463086274685, 74.60400219305859, 78.64038807644006, 79.36132739760232, 85.92909946926758, 94.19519867783951, 94.16024215254002, 93.27948708965789, 90.93600683028596, 88.66868847772861, 84.77868831049383, 80.68451047490736, 79.03405686513607, 81.53110871105777, 85.37440752675529, 92.20028156930431, 86.34671547961182, 82.52118349883554, 80.0862297632142, 56.674502968657734, 68.43459786033458, 78.09337444442689, 86.45286133474895, 101.47832545260054, 114.63510913330602, 115.1432030593443, 121.58063137059128, 132.9710192516567, 134.302611015631, 130.23894959384822, 119.42223168192938, 112.39658811304125, 103.46952609980379, 97.73935870785122], [19.053279750539538, 13.998790965188885, 18.93401942619073, 27.97102277603792, 26.939982443018796, 25.512962314913768, 26.129887769400582, 54.78235790241888, 59.72421440305874, 67.21908854937804, 76.4263192384884, 86.58772049214198, 78.49076907908531, 70.21649295053535, 62.26197021015262, 15.802081381635457, 8.22334401481715, 0.0, 9.86865347424708, 21.754598788899074, 20.228860314507017, 10.373991519937059, 5.319080113191096, 9.614504598696753, 15.550881303991423, 51.81616051644929, 60.72984960906899, 67.84986961327243, 77.83609224345375, 84.97601023861219, 83.60989827167188, 76.44850081369488, 69.09645674744314, 62.1111858686087, 56.02442599910515, 27.540919210645203, 36.438085268896174, 46.640507528187925, 53.7349734063128, 63.027390127271545, 68.88067757010307, 72.47151686044285, 75.2798197475668, 70.80097790317065, 57.74941926983413, 49.45750235321618, 44.37809494366958, 82.04806398611588, 78.61875189800888, 78.09530508388897, 82.65264900723818, 83.9132672172188, 90.58029687248762, 98.8946415106144, 98.43515740841781, 97.15569829722367, 94.34805669393266, 91.43347877558374, 86.88889156794804, 82.33745473321929, 81.88570508678767, 85.34133544762246, 89.736077296761, 96.67724589525271, 90.64757343681143, 86.26305337717726, 82.88686907636671, 49.20293141511318, 61.86965195776829, 72.76258309983902, 82.52920076642742, 98.63443524463973, 113.19168360496835, 114.98506895741109, 124.0485258292383, 136.04130511774554, 138.03330309833044, 134.24703012784207, 123.62326246234417, 117.23656213906769, 108.42377844535868, 103.03977245086398], [24.347260300571993, 17.055550843655478, 16.28541468858147, 23.223497246776617, 25.002770435502704, 27.28859584620662, 29.927426959867116, 62.5614272154296, 67.9355675030094, 75.57465443863279, 84.48831056721266, 93.99804510930505, 86.36570737444666, 78.21867175520077, 70.09728284086665, 25.550742538800883, 18.079079856909477, 9.86865347424708, 0.0, 12.241683667043763, 11.342093750028607, 5.241154888594784, 12.149958011997821, 18.355181248637237, 24.71396445382871, 60.93179712936393, 69.63813312851521, 76.50545150138221, 85.88641550416651, 92.71251930700416, 91.5499277043339, 84.82478583112396, 77.73225671459033, 70.86827797676726, 64.91392675780996, 36.384158960035464, 44.14927740558431, 53.428334084540914, 58.47808819007096, 68.02306074447702, 74.96645110893462, 79.14469454789747, 81.97759474081256, 77.9857370660081, 65.95649477058512, 57.90314588295998, 53.29321628184699, 84.23747632129155, 82.26027305278971, 82.97152044572121, 88.02978850429082, 89.83302051075484, 96.49415404146238, 104.74927400106753, 103.8702004156682, 102.20583145637286, 98.92251313114147, 95.33729351981742, 90.09751188938363, 85.06529284043171, 85.99049853621474, 90.45926418825523, 95.36903991325946, 102.32149387082912, 96.20463134268351, 91.29277678967169, 86.92037010511957, 40.27790697247823, 54.10524637383959, 66.65676373149562, 78.21944564154563, 95.60753056006556, 111.80837457591879, 115.18672827055217, 127.3178494361961, 139.7747150124133, 142.46212384562557, 138.96926299753525, 128.5770126965859, 122.94005626521775, 114.3040079473427, 109.39102923571429], [31.1117841559408, 23.37450343362693, 17.096856923319592, 18.510636407058755, 24.0093696213547, 30.177517503536485, 34.45190526711434, 70.3741823152552, 76.43493392868879, 84.30520727125146, 92.6967830217144, 101.16413522408884, 94.11791191906957, 86.16322989186145, 77.8791137119572, 36.85688591920952, 29.76675710445396, 21.754598788899074, 12.241683667043763, 0.0, 3.75891559431467, 12.883051578125773, 22.570153811779534, 28.851592397267193, 35.20125647979033, 71.09420116681437, 79.61073274169885, 86.12738123020385, 94.74332704702095, 100.9358072223208, 99.90508820751413, 93.84369665724796, 87.1025581274817, 80.35261896235504, 74.60423454612017, 46.0579842570389, 52.32237236074455, 60.469468908085474, 62.796043772525685, 72.44531589858595, 80.74468823003464, 85.5284039290601, 88.0028053591873, 84.60170667012049, 74.32112955472736, 66.55262719287943, 62.8322351511187, 84.82374872234551, 84.7445692489445, 87.0055933370006, 92.5380104157397, 94.90613513739964, 101.30113841089862, 109.25661385793514, 107.9391183112774, 105.92872748558759, 102.1437609752812, 97.86802567137559, 91.85634390567753, 86.28874599699405, 88.94231529563501, 94.56156698608767, 99.90282551754123, 106.62102214877764, 100.6234280208519, 95.2568971208691, 89.75720113352962, 29.673264425016907, 42.94250889837298, 56.99328856738487, 70.48568799971692, 89.2635473079005, 107.26294701316728, 112.61047149074973, 128.48550007410685, 141.06482796688013, 144.6252032320811, 141.60456341187717, 131.74589262594057, 127.41201200309467, 119.51351480510515, 115.91918906479606], [28.515553339509108, 20.499370678487157, 13.61914690411793, 15.621085153232762, 20.615746832752045, 26.84330563992708, 31.57075017596894, 68.3909969629665, 74.668339172806, 82.6533348941788, 91.06750795592662, 99.58863882262524, 92.29178403447791, 84.21505411508203, 75.90380373128413, 34.97944801011718, 28.044919206030066, 20.228860314507017, 11.342093750028607, 3.75891559431467, 0.0, 10.48397785833731, 20.31064094099731, 26.624971938569665, 33.00215414436753, 69.4986355295721, 78.21588420167, 84.84741004154046, 93.73025430273499, 99.88678350919812, 98.67843728171431, 92.5183480688174, 85.65368155800833, 78.76922873901925, 72.95627951157128, 43.65635023880541, 49.279950086225426, 57.0623020421499, 59.24478403422061, 68.86564529984315, 77.16817170823909, 82.03174039466103, 84.73236380944833, 81.56395771649261, 71.26757393951628, 63.904599556320996, 60.77011921168278, 81.35620396475487, 81.1520839348669, 83.39353658883367, 88.97480248790042, 91.42760171453239, 97.96237462356716, 106.09072684547593, 104.61290321939123, 102.47301802430306, 98.63930234091113, 94.31298087298187, 88.31767768730245, 82.78546993410012, 85.36099610661826, 91.01203945152125, 96.47817760364214, 103.37496162412458, 97.20101226730392, 91.71360426354089, 86.18311087259181, 32.708281965474775, 43.86289382681462, 56.40540104658015, 69.00408139095288, 87.2177380637074, 104.77772022692197, 109.69612166996436, 125.14015699940278, 138.2992630436565, 142.16570753476176, 139.4491154318132, 129.96061738845893, 125.94833102385766, 118.53986517391846, 115.42001762677303], [21.414974212781253, 13.337091424260391, 11.595376734961656, 19.287740932192293, 20.237051849471776, 22.683354498187477, 26.23880802850572, 61.028376191562764, 66.91165142369788, 74.79087062063189, 83.61910640075129, 92.9768423904876, 85.07796454714129, 76.77706086774674, 68.57356553360663, 24.973120469080992, 17.933810126123372, 10.373991519937059, 5.241154888594784, 12.883051578125773, 10.48397785833731, 0.0, 10.221045159048417, 16.751736796973294, 23.268443470589258, 60.588205664933085, 69.58013260332979, 76.5457770034883, 86.1685992307833, 92.77703070538472, 91.3600707821905, 84.63738999987426, 77.43150470953039, 70.37603735820915, 64.36532450980336, 34.47106645716471, 40.878722516342926, 49.433036966039, 53.82686329935039, 63.372380023498806, 70.57639399668614, 74.99053753074831, 78.08672638199285, 74.55222702955885, 62.822956627235904, 55.44965431795331, 52.003728233116846, 79.15370050885801, 77.29718689536166, 78.23612374474195, 83.44901165473907, 85.47447996290576, 92.29253719654784, 100.74804335723525, 99.55529413756608, 97.64488496388094, 94.20459226830557, 90.43433791266754, 85.09283191927635, 80.02675285646656, 81.11783231719158, 85.8277077815253, 90.99331186502538, 98.16339424265175, 91.81176996522741, 86.64618698644423, 82.0390332553989, 42.067077161132566, 53.20539992489021, 64.02785593938296, 74.63448429559418, 91.40152353910725, 107.23034501819238, 110.32445092080137, 122.4651361030789, 135.75179123000177, 139.04830653630341, 136.09761174868194, 126.36963221974673, 121.49526449866374, 113.78032432149084, 109.91745433317155], [14.531642278563595, 9.141055193180874, 15.464546060719826, 24.9351927238937, 22.727786724600662, 20.403349395746893, 21.23703274410498, 52.08176644106839, 57.63055706074892, 65.41436264717463, 74.47476434172607, 84.37930800663244, 76.08035045382408, 67.66780131209947, 59.59311076946033, 14.931264923177368, 8.645032741002083, 5.319080113191096, 12.149958011997821, 22.570153811779534, 20.31064094099731, 10.221045159048417, 0.0, 6.559019544812927, 13.089221777296727, 50.726525262886526, 59.89983044922102, 67.0506606029391, 77.1608976295807, 83.9804477375711, 82.36755299310657, 75.30433211062869, 67.8924186554701, 60.72615163762148, 54.616221442186564, 24.579925914441585, 32.215374516172254, 42.028319245840045, 48.56170451138894, 57.922570603103146, 64.09074226160696, 67.85115998465348, 70.65035556398537, 66.47975181381665, 53.89088824053639, 46.04287990578141, 42.155754134115696, 76.75253381265998, 73.36931263709577, 72.99982063682043, 77.63524844394408, 79.01390949754331, 85.70410016159386, 94.09729153006906, 93.45269372437433, 92.06183998874674, 89.17328678685828, 86.19257702052423, 81.60382535718087, 77.03475722000532, 76.66728122611872, 80.26359664617415, 84.76673085912007, 91.77911344169864, 85.66106893622032, 81.1667010647544, 77.65900744996507, 50.50683243345045, 60.73797145169385, 70.02558279812115, 78.77618897708489, 94.2652440830577, 108.34354669454137, 109.82868279745365, 118.7552144883788, 131.12577598622104, 133.54452783064656, 130.18070308251643, 120.11725556735988, 114.45915298999672, 106.56311152231514, 102.34808274260561], [11.994854200999734, 10.963042202282768, 20.022075889237485, 29.4378324841907, 25.89365393565744, 20.946034687250787, 19.508678717258764, 46.20779114063501, 51.538111659404684, 59.262413194566996, 68.44133637668261, 78.65732031131137, 70.1117926759008, 61.64135612716222, 53.668437791424715, 8.975473998439353, 5.728179464183538, 9.614504598696753, 18.355181248637237, 28.851592397267193, 26.624971938569665, 16.751736796973294, 6.559019544812927, 0.0, 6.530223804529287, 44.38110733154785, 53.67966559240857, 60.93117950103039, 71.33746740296446, 78.235658310911, 76.47615279480385, 69.22486043680351, 61.69288597359032, 54.45137474631026, 48.28965681216673, 18.200146227026995, 26.9646464488335, 37.750705867435016, 45.6934105984639, 54.805387994681865, 60.239805623852526, 63.48846667557169, 65.91872243344767, 61.263833567472034, 48.23630094875557, 39.945299934354345, 35.72923480984434, 75.46353254575554, 71.13131235941573, 69.89789477922331, 74.0821386735507, 74.9759242953642, 81.47504081620056, 89.73098678030793, 89.50241053757851, 88.51591614656984, 86.0320898381904, 83.62723251599911, 79.57029666388148, 75.35507463326282, 74.04001853845416, 76.84682106664485, 80.8180940600751, 87.6213763998466, 81.75635160700931, 77.7959083068206, 75.0673723380492, 55.9691657524793, 65.46727963498824, 73.79229175541543, 81.38488826428126, 96.03254483684455, 108.96077949191955, 109.45621120672982, 116.31158991417134, 127.89060550694366, 129.69142481880945, 126.04374563890069, 115.775522599146, 109.6428517212845, 101.69713715944579, 97.37420709648165], [12.7252273259741, 15.551777105816296, 25.43754694079667, 34.57246533221335, 30.14588463623738, 23.36972930942535, 19.88389881004709, 40.556538901902435, 45.59073840991819, 53.22467122840179, 62.529064712543544, 73.08743139793556, 64.27291086175627, 55.75051119186325, 47.922756263131305, 4.938006374799448, 8.756116539626968, 15.550881303991423, 24.71396445382871, 35.20125647979033, 33.00215414436753, 23.268443470589258, 13.089221777296727, 6.530223804529287, 0.0, 38.130731499987384, 47.57164309351975, 54.932369878613706, 65.66778213700923, 72.64186506638501, 70.71670908824682, 63.2585274283336, 55.59496603675745, 48.27206572334842, 42.055145690042586, 12.037150972603362, 22.43189401844762, 34.220271045650094, 43.635564784910784, 52.337454936526925, 56.90268572302474, 59.54881396065472, 61.53899229671433, 56.3455434165102, 42.86454756693325, 34.041505087518885, 29.383039812822265, 74.72862671240838, 69.44760514481298, 67.30446782804928, 70.97104313801981, 71.32760723189162, 77.58330970123637, 85.65586782002359, 85.8824557386672, 85.33763863240645, 83.29835091506826, 81.5164683713611, 78.03986913362081, 74.21968328139458, 71.92343103622498, 73.86668867277675, 77.2375669055455, 83.78199662174106, 78.21931857880308, 74.85980863982155, 72.9813061502776, 61.60959578931023, 70.45389489195665, 77.89764578863742, 84.39660790114885, 98.18557359075696, 109.95118103962429, 109.4671896160959, 114.19629825050593, 124.91713727253142, 126.06384268410422, 122.12065926596277, 111.65132931974105, 105.0187144223559, 97.03373453472811, 92.60336634821128], [44.311117151501264, 51.49499844427334, 61.670513161741454, 69.48019617352851, 64.31435344057824, 55.18847712317319, 47.58433035526954, 20.567350701205513, 16.284848987216954, 19.408576685783483, 29.318105046785547, 42.39639447024617, 33.620930314091105, 26.94736757762663, 23.222642239035288, 36.85523024973924, 44.20392534028349, 51.81616051644929, 60.93179712936393, 71.09420116681437, 69.4986355295721, 60.588205664933085, 50.726525262886526, 44.38110733154785, 38.130731499987384, 0.0, 9.86832359918193, 17.656763799017757, 30.126406485513236, 37.94923185536667, 35.541481302747584, 26.666502550172535, 18.503998187104482, 11.635960467390264, 5.928248379385349, 29.21158634606546, 35.752297389229774, 45.49833114381808, 57.58111215773793, 62.194418487176584, 61.4751231319431, 59.495049386903936, 56.02538371716719, 46.63514206806235, 36.40381022442185, 24.896475565135518, 13.26047929435999, 88.7307649953119, 79.97818370461056, 73.61351912653299, 73.43530697018166, 69.9458774158935, 72.50