{
	"dissimilarities": [[0.0, 8.606448899300688, 18.064327113473254, 26.193729301646393, 20.24466790330348, 12.56435972810636, 7.6381436533004505, 40.83344360780162, 47.59082344599721, 55.869045571087575, 64.13476881310541, 72.70184083455801, 64.9164842467911, 55.61138354690492, 48.33235894865173, 19.458289359497282, 19.597005104641735, 20.90260399838759, 25.717030679468305, 30.817412369747917, 29.232456374726585, 21.980049493991906, 15.86467018587935, 13.216275527291419, 13.445339639339464, 45.12882920959949, 53.7592168595766, 60.22320468294701, 68.99292706063123, 75.07389776396775, 73.0911659137471, 66.90262045051352, 60.160177218555454, 52.98308437924907, 47.27494854001981, 18.595538175127768, 20.663893192367457, 31.80905602098783, 37.16692120444399, 47.58168793186381, 54.097388986520826, 58.59581031977353, 58.748531687041314, 54.23141307111695, 44.0011989850251, 35.09346235146717, 34.03711911831648, 66.75365834971034, 64.16782471482453, 63.531149972976365, 67.16632135036785, 68.97055607583079, 72.77658751755366, 80.1755839397329, 83.27955439581147, 81.57478803886649, 78.78975619751532, 76.39506164020065, 72.24440792313376, 66.74313957566679, 66.26928389464251, 70.65022393202908, 73.54093098191782, 78.65966449897448, 74.41080845825365, 71.54571613318049, 67.2230422774512, 54.243127380410705, 59.87491626673472, 66.52506252478692, 74.6763232536052, 88.16897780989189, 102.28004089482616, 106.93952794070319, 108.0535995276037, 115.50885167049924, 117.75547595948981, 115.86352006007417, 105.99237790424766, 102.09639715028474, 95.83999494822073, 92.6702189752796], [8.606448899300688, 0.0, 11.02587217425937, 20.77957742948641, 15.454466982170755, 11.679170690826767, 12.962082205393623, 49.32775912350632, 55.901900148861124, 64.05602453963417, 72.44153698547906, 81.22508861725463, 73.4235144463947, 64.09085247309125, 56.84557843870196, 20.811749426828563, 17.76936568052473, 15.949886082097608, 18.780745844306235, 23.434481540037407, 21.57845212277662, 14.004580320344122, 10.571958940973001, 11.764257645945282, 15.738756505370462, 51.99254247647439, 60.862725195519346, 67.56740153198253, 76.61773683059387, 82.95109088306695, 81.089038664852, 74.72769579475327, 67.80104406115673, 60.60304509160953, 54.73176534811609, 24.928322286476767, 27.510265941055934, 36.949424154774945, 41.450764684162756, 51.81305241663275, 58.602930719509814, 63.768258534820575, 65.14087584643883, 61.644718161191335, 50.7631350678693, 42.71687565017401, 41.48564169416186, 69.33669084283181, 67.48014124091918, 67.65316245228885, 72.02514456262257, 74.49288531883462, 78.88702250714775, 86.87163196556432, 89.20814912311963, 86.86306474734087, 83.4206172680103, 80.26095018658172, 75.47186533580226, 69.65005151891515, 70.05949805289943, 75.42796969463596, 79.22506544206746, 85.05476565178107, 80.0650361476291, 76.30214064749329, 71.00007549263992, 48.68423040867463, 55.89857661387228, 63.97543330299627, 73.88325911186759, 87.97518991704332, 103.49535466433379, 109.13806631679671, 112.37141456202751, 121.74598290024622, 124.94923418383551, 123.50674671101089, 114.0364852459071, 110.4293141672524, 103.99366010413569, 100.28762122114466], [18.064327113473254, 11.02587217425937, 0.0, 10.362370902830003, 7.491301739040619, 12.84180836095649, 18.789651696171727, 58.39007875880318, 65.43076308761628, 73.79682288324477, 81.93048024267627, 89.87731627568968, 82.36008696379467, 73.11797807847624, 65.78282098695308, 31.270849483785696, 26.844945684619464, 22.154503829544552, 19.23791784469528, 18.230172396806154, 15.40113978197406, 14.023893415925588, 18.172753566567838, 21.855963767459652, 26.618326063071773, 62.79802377570916, 71.54005212885605, 78.04680793520843, 86.6841680146445, 92.56523371542917, 90.81752998990996, 84.84568925635618, 78.15283638674362, 71.00472590415417, 65.25718330825045, 35.62883654968163, 36.302412316817424, 43.36546236660812, 44.59031489639068, 55.21748691504189, 63.094102762046134, 69.24631049012017, 70.96963936918425, 68.42087529785562, 59.01371125237802, 52.15541754064296, 51.95897872761356, 68.15475350963095, 68.04599518762438, 69.94626390672819, 75.2529760813666, 78.4742560523465, 83.20497114198872, 91.23603638729557, 92.63581129264794, 89.52623377856497, 85.36215380643861, 81.06008045358617, 75.48273798651725, 69.07623011530097, 71.457136046736, 78.25577641159428, 83.01393538634133, 89.16453623039965, 83.76244217815096, 79.03644955540408, 72.30835513774156, 42.163996473841934, 46.95383008702463, 54.814943884212425, 66.04702644781418, 80.77986095734188, 97.8852350364174, 104.84510717938186, 112.16332127795505, 123.36884018437219, 127.9676785334384, 127.27313870783918, 118.87815572725661, 116.7000938103066, 111.21161401223198, 108.82501275292252], [26.193729301646393, 20.77957742948641, 10.362370902830003, 0.0, 8.014978496663542, 17.981051319714705, 24.583590181689964, 64.36517730461509, 71.86467207543944, 80.42480762145837, 88.14584642472224, 94.96165901913194, 87.8649504086665, 78.84883811891085, 71.49429466280267, 41.421138394811095, 37.10736690285404, 31.984302538297975, 26.89193037302668, 21.51306781089673, 18.601796294118746, 22.71186092748353, 28.465501460987788, 32.08610660166635, 36.51666683096446, 71.2713135422897, 79.71905022983148, 85.85542876147058, 93.83977691389744, 99.04264771661289, 97.37762282805947, 91.97644818643927, 85.68041725030037, 78.64781808566747, 73.15168241862507, 44.39185124533109, 43.29577308965247, 48.686224666519884, 46.77501362007495, 57.5139384696598, 66.35880213336273, 73.14017727946732, 74.46990196818481, 72.40101795290657, 65.1083733918598, 59.09479178339778, 59.939383630777755, 65.61978666927857, 67.27220671050286, 70.75098785497794, 76.63026548154733, 80.27526970845476, 84.95947002712109, 92.55770519544413, 93.33323934551017, 89.75551697613646, 85.19637289683125, 80.03601046371281, 73.96795334882165, 67.09675613187419, 71.35729052246212, 79.16506357320911, 84.42076535400174, 90.40504361869269, 85.07057256979736, 79.8368617201939, 72.094650616127, 39.488319217006755, 38.706676011320134, 44.73359033489223, 56.49800266314693, 71.7926759597187, 90.03646462434476, 98.05038211037197, 109.26012887541573, 121.30089437835622, 126.93383874629697, 126.83592808495396, 119.5173201092952, 118.87968399713849, 114.63732125948707, 114.11263327831956], [20.24466790330348, 15.454466982170755, 7.491301739040619, 8.014978496663542, 0.0, 10.355261294929116, 17.960370942233016, 58.35159676090005, 66.01075976713643, 74.56165442515561, 82.39536321026276, 89.63031196351294, 82.03578539919502, 72.80156231666908, 65.50986491557495, 36.044529697670924, 32.658140192036356, 28.982201596138367, 26.721184844661806, 24.653945579766212, 21.65087151524282, 21.33528064287822, 24.262521655914437, 26.919133348612363, 30.73026852490064, 65.13111528359917, 73.7783244527987, 80.14215724980347, 88.54870789476591, 94.0465703579356, 92.04984456086403, 86.27648525077966, 79.7674057253785, 72.57997084797678, 66.98855765884393, 37.672487730924175, 35.81498932950248, 40.84167963212715, 39.77099124687287, 50.46065975160441, 58.974725115858355, 65.60352373089691, 67.2690710177356, 65.43165656139524, 57.44536326979275, 51.911417668602134, 53.400577533923844, 61.23870504133651, 61.755366370260035, 64.39737577579761, 70.05609718156182, 73.59160171670993, 78.42805273545545, 86.46012835067329, 87.3171964595184, 83.86200434410588, 79.43073831394332, 74.71760908370348, 68.92323777419968, 62.33978715364493, 65.47303525138035, 72.81800946466106, 77.9618092865727, 84.23495992579164, 78.65570988054941, 73.5444623369733, 66.27551075508045, 46.12659673387537, 46.34726870633865, 50.714768254312304, 60.164687176618884, 74.05201445852428, 90.73861940481702, 97.57644730832318, 105.34260193078596, 117.50139110491719, 123.04634687276382, 123.13284994924005, 115.8876301800175, 115.05548619670597, 111.03863024988395, 110.39317226226825], [12.56435972810636, 11.679170690826767, 12.84180836095649, 17.981051319714705, 10.355261294929116, 0.0, 8.62600513873537, 48.75770563831249, 56.52048987431557, 65.03609747568467, 72.91762160867432, 80.50953754676422, 72.51410928573986, 63.12984486364272, 55.91341304490333, 29.710211736343044, 28.37120699304041, 27.401494180372353, 29.062514247501795, 30.62477805923839, 28.022113063111494, 23.5236473011987, 21.589462023453386, 21.771363146939535, 23.770096776209765, 55.80849163006042, 64.48110918706304, 70.92113440948603, 79.56291108164727, 85.2356990360095, 82.93441656511139, 76.90607098517921, 70.29787592702554, 63.02755577854643, 57.44073991548617, 28.336625287780496, 25.482495719146836, 31.265315275898832, 32.10383757702597, 42.93278882531749, 50.87862486242864, 56.895759337470174, 58.19340965584648, 55.86286438946586, 47.25681146728561, 41.59996290414359, 43.64574998669458, 57.9655599403036, 56.78436643633099, 57.928225494201925, 62.85077579624941, 65.81523684288884, 70.43257547304546, 78.535537096167, 80.0512827813232, 77.17412586266045, 73.3260430127246, 69.60294679938576, 64.52455223222064, 58.45808311611316, 59.77514107867936, 65.9458191357206, 70.35207290701553, 76.45221965202019, 71.11996437048582, 66.75235402022244, 60.661886593897655, 53.72641228323011, 54.880211701459565, 58.248085247493464, 65.38038781709541, 78.01680914193132, 92.62151047627995, 97.892193150599, 101.30704823629722, 112.1423994677473, 116.82057876074377, 116.62727619143277, 108.97704919504665, 107.54434675845869, 103.54107790415232, 102.74313118345293], [7.6381436533004505, 12.962082205393623, 18.789651696171727, 24.583590181689964, 17.960370942233016, 8.62600513873537, 0.0, 40.460190256008644, 48.12964747272032, 56.679104022774716, 64.5289778930399, 72.13019978781763, 64.28329060387716, 54.96932277214354, 47.68261600288245, 26.312110032594667, 26.832422555470835, 27.76369018860751, 31.316338533298424, 34.50386526000416, 32.44427748348064, 26.838882160224145, 22.255205951901253, 20.203622329364155, 20.11615913910672, 48.25483453225997, 56.62530910729612, 62.806172462582126, 71.15374465044415, 76.67408413185802, 74.42540732238328, 68.56948336271535, 62.132108694406575, 54.96231239911341, 49.528289779972766, 22.032823711062907, 19.515580384188834, 28.229796439927334, 31.020746460984682, 41.93392648130776, 49.31300094504457, 54.352613459304806, 54.203578198809964, 50.28928586525722, 41.903919556722684, 34.61662448090561, 36.05639063922215, 59.48971429848045, 57.35604160220825, 57.34070842702287, 61.276963928100706, 63.339175018202056, 67.20278445621078, 74.56579786992877, 77.22948380473319, 75.23775639132151, 72.25498950179143, 69.53800471617073, 65.25318759380328, 59.585290357092525, 59.707822394297494, 64.55022894845547, 67.74034178558728, 72.91514347020775, 68.56372559739721, 65.40007066297291, 60.62352574640421, 56.79769490679186, 58.67884408612193, 62.485601926903215, 68.87317070427433, 81.50953250064467, 94.99534471505493, 99.40828693411315, 100.76607486025885, 108.91070009069115, 112.04025677985925, 110.90702046714905, 102.19646723071119, 99.80298079955429, 95.22908409339392, 94.17709107538639], [40.83344360780162, 49.32775912350632, 58.39007875880318, 64.36517730461509, 58.35159676090005, 48.75770563831249, 40.460190256008644, 0.0, 8.977750760568984, 17.341715880372707, 24.347539241093624, 32.670814802356645, 24.122459869786788, 14.81704172012757, 7.561437082619148, 43.19347705045902, 49.77862499402636, 55.96051295704765, 63.662466286892695, 70.08600129912286, 69.09936997815957, 61.56282733349719, 52.773506233953476, 46.85535477312997, 41.10767274241603, 22.98926676968752, 25.74342891933835, 28.739753038696225, 34.691779170554774, 39.08499523009219, 35.754581679205536, 30.585848239746987, 25.890138635556685, 20.340382521910964, 18.43741005204164, 29.429208234794576, 28.14818842572369, 35.92762435896987, 43.97123719492472, 48.794378210155564, 50.26952638960581, 48.813362109532235, 41.772582642240664, 30.42621154978301, 27.40271782078648, 16.597237942081332, 16.537867220786058, 72.7187880552841, 66.35409262572145, 60.82640206913433, 59.194548408088004, 56.43623258108969, 55.92034138888637, 58.768711509493784, 66.6932796792854, 69.33792743324601, 70.89336898024901, 73.47338656497153, 73.49297775511852, 70.95880189871, 65.19402967961547, 62.69837911469853, 59.438373982844624, 59.48908432641722, 60.40072104960834, 63.601702939891894, 66.0649733738786, 89.22091525024051, 91.85818281955531, 94.28945569562399, 95.81201601703141, 105.4323563796369, 112.20127538004226, 111.71037785583536, 100.13918166722858, 96.46664846640762, 92.25907153633537, 87.31434053654813, 74.47157520049635, 67.07445636220804, 61.09565202976947, 59.76347877057166], [47.59082344599721, 55.901900148861124, 65.43076308761628, 71.86467207543944, 66.01075976713643, 56.52048987431557, 48.12964747272032, 8.977750760568984, 0.0, 8.688184197680316, 16.563998659708503, 26.946333741844455, 18.835515407358756, 11.046976374770068, 7.48127781370168, 47.224260612214486, 54.11559653899465, 60.703613817482804, 68.79291351250951, 75.82702812539264, 75.12032405824822, 67.2968847100896, 58.206960317172246, 52.12995727496753, 46.1623757435461, 19.509656664064952, 19.062625371301486, 20.45131321875356, 25.75338682975241, 30.502305923997483, 27.097489350752426, 21.6746240037886, 17.383389144190957, 13.017521125066091, 13.499792753599182, 34.72818771241381, 35.55321945369834, 43.61279564865912, 52.51918028249392, 56.687273566856504, 57.18798837479526, 54.78432629998331, 47.55370158403971, 35.90052482619324, 32.822784710867175, 22.464274740739818, 19.022967938667115, 81.12583737894091, 74.39110903889822, 68.27296040381648, 65.99090966934631, 62.644181498020046, 61.51765973704055, 63.49360063371864, 72.15916362504541, 75.51618161153442, 77.68788228092824, 80.92290237411407, 81.40065827839635, 79.22297043341929, 72.8629546067467, 69.49267487990552, 65.40970014839066, 64.65785962116554, 66.37196303140067, 70.39224721514915, 73.7242523803427, 94.4155503372248, 98.53216253736846, 102.05756570751306, 104.01266771593475, 113.87200637609004, 120.36662905778297, 119.55418893062878, 106.697678766557, 100.84898079399542, 94.79607804633496, 88.57630574189645, 74.15610626684331, 64.30265113291586, 56.19399037046201, 52.42592650497967], [55.869045571087575, 64.05602453963417, 73.79682288324477, 80.42480762145837, 74.56165442515561, 65.03609747568467, 56.679104022774716, 17.341715880372707, 8.688184197680316, 0.0, 8.937056708070564, 21.65576408636881, 14.237270946212025, 10.692989359441354, 12.94260378941436, 53.92375002851828, 61.01203066890308, 67.89160005257669, 76.27633106239232, 83.67564755995116, 83.09311071062317, 75.03852644880658, 65.73242269336149, 59.57144262596361, 53.48366330364745, 21.393130810744367, 16.912665986893405, 15.171675876610667, 18.503987030729704, 23.20260080690253, 19.12069367013266, 13.459078953025168, 10.936835488475724, 10.526892951438327, 14.852367856673796, 42.0830763958688, 43.41095927209342, 50.70716210344837, 59.927506395187514, 63.12453962970485, 62.58328419659043, 59.18271253817321, 51.61309251002475, 39.945102801657995, 37.76188197824814, 29.087696413395317, 25.305833626187873, 87.83389913173836, 80.6230780719096, 73.84031122591409, 70.79028577127839, 66.80171401242748, 64.99909040587559, 66.06270745504837, 75.35931490155248, 79.45007715016855, 82.30648083794212, 86.30942632057663, 87.38777490271853, 85.72202643350892, 78.62648877873902, 74.22341916302209, 69.2408711939462, 67.64803019430083, 70.18854609587001, 75.10434130163831, 79.46267735080505, 102.00155043732605, 106.71378031769143, 110.43516628952734, 112.1195992378357, 121.6551555205777, 127.34754586946282, 125.88576095991584, 110.9737478948844, 103.13373850390205, 95.5055187619253, 88.40342966919265, 73.06399156261561, 61.367959788830376, 52.1524492431792, 46.83126791813122], [64.13476881310541, 72.44153698547906, 81.93048024267627, 88.14584642472224, 82.39536321026276, 72.91762160867432, 64.5289778930399, 24.347539241093624, 16.563998659708503, 8.937056708070564, 0.0, 13.744827813534949, 8.678121529104324, 12.505829405256614, 18.098994221679558, 62.83558427131773, 69.88032481266544, 76.66048234490083, 84.83985849011823, 91.96524438374625, 91.38175071628855, 83.62921764968729, 74.47071566982947, 68.34793400376417, 62.3009017263897, 29.694332402314842, 23.606597621720464, 19.1852229441147, 17.034899411380625, 18.286209605242117, 13.477782173588281, 11.780972081225897, 14.750887962097371, 18.0052316955393, 23.294934633526275, 50.83228475222857, 51.39214591853725, 57.60071873683273, 65.86343170282679, 68.28183774430494, 67.26195204094627, 63.16671356480396, 54.481958671401735, 42.612927876270376, 43.477900218752524, 36.631677465456946, 34.10632006093935, 91.81723204142618, 84.54656940367381, 77.51510608312309, 73.70877146213198, 69.02877541534168, 66.20088482331109, 65.64850282413344, 75.69729875680724, 80.62499222347698, 84.30126760134564, 89.01492916537467, 90.7683470018276, 89.57482551527978, 82.19089303665609, 76.84916429015308, 70.80916377033179, 67.82067030734108, 71.69653842763788, 77.66122688285667, 82.95373554159382, 109.4638480338678, 113.23207208086954, 116.16803911401163, 116.82875204736723, 125.68652214636805, 130.09941226942203, 127.8228647550883, 111.34495139162468, 100.6888077672798, 91.30800736876343, 83.25718705473382, 67.18602256713223, 54.32521224719149, 45.324748673188665, 41.41685173953485], [72.70184083455801, 81.22508861725463, 89.87731627568968, 94.96165901913194, 89.63031196351294, 80.50953754676422, 72.13019978781763, 32.670814802356645, 26.946333741844455, 21.65576408636881, 13.744827813534949, 0.0, 10.63437828901925, 19.675899199996657, 25.61104401715483, 74.01976361570347, 80.72638627376975, 86.94739704032129, 94.29639286101465, 100.41473210862351, 99.75439321659012, 93.00368261825112, 84.48318332016287, 78.58460792542839, 72.80216900573504, 42.986448864314774, 37.13837676718753, 32.05827135408784, 26.039853107198205, 21.482258710966892, 18.510458695079652, 23.021335696802563, 28.135757061095422, 31.577797303265548, 36.49812164320671, 61.45205751275386, 60.48515800460878, 65.54093428993505, 71.40450165553189, 73.42144575667879, 72.74302051887335, 68.49789601001832, 57.980068353442576, 45.90955210813668, 51.7288875739999, 46.45065667586746, 45.73215077842553, 93.62684733247345, 87.02646663308386, 80.46598275781905, 76.05851046817142, 70.74028467682132, 66.48136522366326, 63.24421984373371, 74.1552070941852, 80.00296881719362, 84.6163052036323, 89.83592698223912, 92.2744579051606, 91.4247289752945, 84.55330341154787, 78.58259684400059, 71.40841604500834, 66.25201162508715, 72.16213080201356, 79.2514930484456, 85.17408141122893, 116.0572870575057, 117.23277611584192, 118.44063170455424, 117.33032741608815, 125.19988266200158, 127.8343972695753, 124.65720868185159, 107.87492641170046, 92.83859010347086, 81.0598775612653, 71.50568664463624, 54.31401990079439, 40.70198757626591, 33.83043832130724, 36.973756616506506], [64.9164842467911, 73.4235144463947, 82.36008696379467, 87.8649504086665, 82.03578539919502, 72.51410928573986, 64.28329060387716, 24.122459869786788, 18.835515407358756, 14.237270946212025, 8.678121529104324, 10.63437828901925, 0.0, 9.744752916539086, 16.683382943402517, 65.84107807199662, 72.7866987771, 79.32505199499982, 87.18660059774835, 93.68172179105301, 92.8449725012436, 85.45684706430386, 76.53773069984905, 70.49860920934822, 64.55216504026902, 35.12231696515281, 30.580795481043097, 27.329892558651615, 25.53658804897913, 25.072075610797782, 20.550685207158374, 20.293026843095042, 22.554349246337853, 24.19635775039766, 28.464722639730848, 52.62942877588433, 51.13856496149677, 55.65198996147046, 62.35503763366814, 64.11080714089957, 63.08564346097128, 58.823411853648594, 48.99933878073301, 36.95251296950686, 41.26932401659093, 36.40665291500753, 36.69832302657812, 86.12028822218551, 78.93999246875983, 71.9612349337391, 67.75612273267981, 62.724022815779485, 59.25626462661706, 57.780815411457745, 68.13108325234646, 73.40210309380835, 77.4820198585943, 82.51126672993495, 84.67942638540633, 83.80265932663178, 76.4047103908823, 70.61333883197166, 64.01884752902005, 60.21380862394233, 64.85478772678374, 71.36197793406214, 77.09878757434343, 111.18119105105778, 112.78316240129355, 113.84633713479661, 112.94846797915048, 120.6889207417812, 123.85851326976221, 120.89399181496213, 103.39752722633813, 92.07543103398996, 82.86050900261675, 75.34608624338054, 60.33239858674987, 49.47372141357927, 44.11216062990066, 45.364780633665085], [55.61138354690492, 64.09085247309125, 73.11797807847624, 78.84883811891085, 72.80156231666908, 63.12984486364272, 54.96932277214354, 14.81704172012757, 11.046976374770068, 10.692989359441354, 12.505829405256614, 19.675899199996657, 9.744752916539086, 0.0, 7.403110216760049, 56.79390727156832, 63.73443783954912, 70.28612158479399, 78.26785067714324, 84.84149468803679, 83.89669367972694, 76.27263093986521, 67.26514205122679, 61.21701049556638, 55.268702804600444, 28.446754797592043, 26.30900441745759, 25.650979288278958, 27.93103885491116, 30.26435684244058, 25.858539254508347, 22.37567773957654, 20.99011598927686, 19.44151948710311, 21.92419644778684, 43.166085446836405, 41.400552181146644, 46.339272901131494, 53.683442328602005, 56.095164486899485, 55.58748635506821, 52.03024341300974, 43.05474036825289, 30.865474137772544, 32.82852152715781, 26.81572150194615, 27.694825298049473, 79.34777338947843, 72.15543166807635, 65.38300513347481, 61.925773295607094, 57.59174292143374, 55.22540441281422, 55.64971741079156, 65.15140948042429, 69.48188810955753, 72.67521644537244, 76.97308498946353, 78.46698895095716, 77.12977560684779, 69.9560025843515, 65.10221497587641, 59.610951225986845, 57.38300126411264, 60.519708650785134, 65.9274412009159, 70.72728623348263, 103.36426914681999, 105.2904683391509, 106.58955696581945, 106.34598319320372, 114.51471848801593, 118.81517301686638, 116.59132128642266, 100.51908778412421, 92.6263649301839, 85.73150998764379, 79.62103567316771, 65.89402214330865, 56.894963367486376, 51.70863068670793, 51.843218695329], [48.33235894865173, 56.84557843870196, 65.78282098695308, 71.49429466280267, 65.50986491557495, 55.91341304490333, 47.68261600288245, 7.561437082619148, 7.48127781370168, 12.94260378941436, 18.098994221679558, 25.61104401715483, 16.683382943402517, 7.403110216760049, 0.0, 50.3981483419277, 57.12869897560775, 63.433606584102385, 71.17760439585598, 77.55747128932967, 76.58262367592802, 69.12319786846187, 60.302871357558445, 54.34752254294278, 48.530011633699836, 25.722931875480036, 25.869711327869314, 26.988770244263762, 31.07432582534588, 34.353849983901846, 30.562938143767855, 26.295669435209557, 23.149879330931835, 19.387961210170214, 19.817487953229033, 36.64567447645925, 34.87822849065039, 40.97801933647878, 48.388818363978785, 51.97647847536537, 52.52565255527813, 50.00569990802997, 41.67752319969801, 29.550666458867166, 29.695778589303245, 21.55288567506393, 22.31282034178687, 75.35320254245458, 68.62307320111142, 62.50536604792374, 59.914164704268764, 56.30666023022318, 54.763725268741695, 56.272795994919555, 65.0851571696342, 68.61942623650968, 71.04676632560773, 74.50734692874389, 75.30300907218654, 73.36542610394324, 66.93990524067056, 63.22781457073104, 58.76234426998436, 57.540568782287636, 59.69656041524661, 64.08684421611419, 67.75358387329719, 96.18368318882335, 98.17445131033475, 99.8500810570793, 100.31333614037162, 109.14720787477499, 114.57350374899984, 113.17329758089423, 99.43910018543752, 93.46081516317868, 87.88313461859809, 82.32947415479647, 69.02518269693532, 60.99016551788068, 55.54359179995699, 55.31003359567677], [19.458289359497282, 20.811749426828563, 31.270849483785696, 41.421138394811095, 36.044529697670924, 29.710211736343044, 26.312110032594667, 43.19347705045902, 47.224260612214486, 53.92375002851828, 62.83558427131773, 74.01976361570347, 65.84107807199662, 56.79390727156832, 50.3981483419277, 0.0, 7.700634351597861, 15.89930628495482, 26.60157591694652, 36.72141422770667, 36.27983623596265, 25.246264380430006, 14.877019563684927, 9.47198439147769, 6.21509656223763, 36.875322059069326, 46.0267329507269, 53.42883610547833, 63.8177066966247, 71.6755990156989, 69.78627058175972, 62.255449844963, 54.618002077637854, 47.625103655117655, 41.45459194619971, 15.399068390956936, 26.02202101275966, 38.30601742576611, 49.03265225000737, 57.26003428071039, 60.957889545449234, 63.79029890742269, 65.33252444518475, 60.51562077208816, 45.80964704631164, 35.63865099611289, 29.92906938724507, 81.33637056283276, 76.78423728650249, 74.00334971935372, 76.64457637956639, 77.806576216507, 81.67928703839918, 89.66733837057929, 93.43251015347916, 92.3620434638811, 90.0891689982152, 88.84609127951668, 85.35611013993021, 80.7400793544591, 77.88548845457119, 80.67599683561362, 82.86907677723022, 88.28020056046877, 83.85138345132785, 81.69120284289899, 78.94390687000762, 61.6227368259488, 74.24976997015344, 84.25590357575233, 93.794075940525, 107.31691692668697, 121.18228599854764, 125.24221946372462, 122.34549415428, 129.1853188477629, 129.9356735870855, 127.06610968738985, 115.44004572106113, 108.45785046577681, 99.23787015056033, 91.10537763748786], [19.597005104641735, 17.76936568052473, 26.844945684619464, 37.10736690285404, 32.658140192036356, 28.37120699304041, 26.832422555470835, 49.77862499402636, 54.11559653899465, 61.01203066890308, 69.88032481266544, 80.72638627376975, 72.7866987771, 63.73443783954912, 57.12869897560775, 7.700634351597861, 0.0, 8.368670758615188, 19.32496243098206, 29.850616773550897, 29.585846591237253, 18.396125578910627, 8.943078455237938, 6.759230554274207, 9.59685525161003, 44.295037420570914, 53.287369922174626, 60.52970538956388, 70.62751601938616, 78.29352082082904, 76.65336067242254, 69.37379694576512, 61.870419947021844, 54.96094804101578, 48.849341933172965, 21.993338161511456, 31.17680027948327, 42.71661156577101, 52.029904294893356, 60.824748778072205, 65.27847197539381, 68.85633734758692, 70.85455114510579, 66.53042322648564, 52.23786304942791, 42.54149085530033, 37.32871346271172, 83.07180679853661, 79.37909748496077, 77.51774653809596, 80.82538128415035, 82.51095992092675, 86.72060529529968, 94.9217860060655, 98.190891758502, 96.63173104466642, 93.85707911985432, 91.90052385313356, 87.84946016993148, 82.80936216730294, 80.99425943189226, 84.72961228766727, 87.6017054906306, 93.357969370024, 88.55122084327819, 85.71527843099044, 82.03083266231566, 55.224885647215224, 69.21093512305167, 80.51669764455168, 91.47523487682655, 105.72618966196693, 120.82887786968236, 125.81058321556614, 125.39707954140572, 133.33938114166443, 134.749389197373, 132.09247994516662, 120.68410482150846, 114.11517671938216, 104.83665900325245, 96.76702891338576], [20.90260399838759, 15.949886082097608, 22.154503829544552, 31.984302538297975, 28.982201596138367, 27.401494180372353, 27.76369018860751, 55.96051295704765, 60.703613817482804, 67.89160005257669, 76.66048234490083, 86.94739704032129, 79.32505199499982, 70.28612158479399, 63.433606584102385, 15.89930628495482, 8.368670758615188, 0.0, 11.042999361001208, 21.798516696094467, 21.75278442329497, 10.93095263088268, 6.309038211960678, 10.32203049926384, 15.956687045744612, 52.02146111065763, 60.83973396260853, 67.83968871078274, 77.48692799819874, 84.78416302320555, 83.39498559146067, 76.50146021737501, 69.21537220529918, 62.36496058817875, 56.340428110744895, 28.889762277088487, 36.63549338517778, 47.50866705323592, 55.010579310364264, 64.43799743757394, 69.79916278880785, 74.11622009231775, 76.2279895620033, 72.22240416454966, 58.79242243896831, 49.385076043257214, 44.70871072380658, 84.27465579628632, 81.65205339777647, 80.86530523052055, 84.81472149917607, 86.9723300670616, 91.39152369617537, 99.6031836165952, 102.43453357213252, 100.4283472750284, 97.20265549809899, 94.5059774497409, 89.90672153376087, 84.39890627407529, 83.8299444508504, 88.52599973762752, 91.99202098871373, 97.914271776416, 92.89801015310131, 89.46725735963031, 84.82709889529936, 47.530232470476086, 62.52584424159881, 75.13780493486341, 87.56531885760323, 102.6286627084753, 119.01177940098005, 124.99695667692025, 127.55300703873745, 136.34463203427683, 138.38294140055584, 135.913112421102, 124.77944856198302, 118.80398410223505, 109.66122526550093, 102.08638059099782], [25.717030679468305, 18.780745844306235, 19.23791784469528, 26.89193037302668, 26.721184844661806, 29.062514247501795, 31.316338533298424, 63.662466286892695, 68.79291351250951, 76.27633106239232, 84.83985849011823, 94.29639286101465, 87.18660059774835, 78.26785067714324, 71.17760439585598, 26.60157591694652, 19.32496243098206, 11.042999361001208, 0.0, 11.180541516440698, 11.916450082711252, 6.664241805018033, 13.987928804558914, 19.615204827875086, 25.619939633659307, 61.70246986477117, 70.23285776866484, 76.85362374152929, 85.81423324804486, 92.53832970006212, 91.48577339850394, 85.17354629897771, 78.23710190535267, 71.50791263599899, 65.64966659330396, 38.21186393328575, 44.52407328128575, 54.72304544408893, 59.9296660260345, 70.02863330351231, 76.456692453691, 81.5200931947463, 83.42794574427364, 79.58240532505471, 67.50083080811577, 58.244654963752524, 54.04597704198657, 86.51203098326076, 85.32705292809518, 85.8798682464249, 90.48223566646405, 93.08530238143501, 97.58091099007163, 105.55430842069724, 107.98217677378591, 105.54661750572816, 101.89415805431713, 98.36370717377412, 93.18533520323842, 87.13018897298407, 88.1663069003305, 93.90664615611297, 97.91151351096873, 103.79825059137575, 98.75709659141242, 94.78158056725157, 89.09794899133965, 36.955506242091694, 53.24722562798105, 67.83151853869634, 82.26573531557743, 98.47049656312161, 116.45363786102915, 123.73709408979876, 130.3187516039861, 139.69510705884366, 142.3232329517184, 139.96079226679444, 129.11379392250421, 123.88024523377199, 114.9439648390136, 108.1662359852008], [30.817412369747917, 23.434481540037407, 18.230172396806154, 21.51306781089673, 24.653945579766212, 30.62477805923839, 34.50386526000416, 70.08600129912286, 75.82702812539264, 83.67564755995116, 91.96524438374625, 100.41473210862351, 93.68172179105301, 84.84149468803679, 77.55747128932967, 36.72141422770667, 29.850616773550897, 21.798516696094467, 11.180541516440698, 0.0, 3.2578893918917813, 12.909836999362236, 23.003055408713102, 28.67026044239156, 34.62258462642154, 70.79048363022592, 79.15442680097591, 85.46035369894179, 93.80233139173448, 99.87544474375952, 98.96023206838439, 93.19761020956867, 86.59478088512591, 79.88482266513658, 74.17881496821853, 46.427466678123096, 50.86792982099821, 59.96369620597261, 62.63232293665149, 73.18712370793466, 80.65435200510268, 86.45144772023575, 88.10552399600657, 84.615972282036, 74.16648317669893, 65.45703962128788, 62.29961623452011, 85.86716985516036, 86.18981385258573, 88.13776495819823, 93.35912913830502, 96.41070616185127, 100.95655475707947, 108.6512384449731, 110.54636562850126, 107.64775136246995, 103.57510467575904, 99.21247540111914, 93.5128673897608, 86.98002272931174, 89.67125742566238, 96.42754180025398, 100.97128672626219, 106.80278250027062, 101.74079137710677, 97.21969822910798, 90.51919983149583, 27.758782547173894, 42.86001392901778, 58.461887351600616, 74.42639941001408, 91.43858448005511, 110.74103400794742, 119.19490233530063, 129.71427846523113, 139.85330912270246, 143.35521561854793, 141.40433967679772, 131.3272938977562, 127.37086495600775, 119.3396980863061, 114.18246516230067], [29.232456374726585, 21.57845212277662, 15.40113978197406, 18.601796294118746, 21.65087151524282, 28.022113063111494, 32.44427748348064, 69.09936997815957, 75.12032405824822, 83.09311071062317, 91.38175071628855, 99.75439321659012, 92.8449725012436, 83.89669367972694, 76.58262367592802, 36.27983623596265, 29.585846591237253, 21.75278442329497, 11.916450082711252, 3.2578893918917813, 0.0, 11.85012121116139, 22.080213248380097, 27.778222553399, 33.7560593437575, 70.43713907628042, 78.9333648729029, 85.32446598324357, 93.7763051009854, 99.84276044183763, 98.76355659942581, 92.92962552238185, 86.27338583138523, 79.4490260997359, 73.69918275977743, 45.32319837797665, 49.08604141974915, 57.653846289869556, 59.92619844817951, 70.44585937659625, 78.0192224615235, 83.97118482068375, 85.78673145947984, 82.61219725349915, 72.30849384082123, 64.04265095448069, 61.470044583225594, 82.79992093721751, 83.18843614607262, 85.26876800794021, 90.60828336042874, 93.78717368744125, 98.44439158655436, 106.2746329975858, 107.9499883213614, 104.9109617834558, 100.7223075862181, 96.24848590996791, 90.48041166692497, 83.9346318120806, 86.72872001898301, 93.63823784746346, 98.35363541796784, 104.33926258887799, 99.11220528860774, 94.4216023418674, 87.5706230649485, 29.694796692582944, 42.618760772813225, 56.957508352795536, 72.37108842851461, 89.03464382458911, 108.16406010369279, 116.51417351288035, 126.84206283096094, 137.5118929918135, 141.4092720544265, 139.79947464357747, 130.15168166132588, 126.64081283708677, 119.14177036411127, 114.53734897882609], [21.980049493991906, 14.004580320344122, 14.023893415925588, 22.71186092748353, 21.33528064287822, 23.5236473011987, 26.838882160224145, 61.56282733349719, 67.2968847100896, 75.03852644880658, 83.62921764968729, 93.00368261825112, 85.45684706430386, 76.27263093986521, 69.12319786846187, 25.246264380430006, 18.396125578910627, 10.93095263088268, 6.664241805018033, 12.909836999362236, 11.85012121116139, 0.0, 10.68646965680963, 16.86340907266072, 23.16589246443937, 60.821674625562075, 69.6865050614779, 76.53459351501171, 85.79491382155663, 92.55105159894691, 91.12115577891396, 84.60155130216798, 77.51159897571803, 70.5120866113997, 64.53025753248797, 35.42366249606522, 40.318844646159114, 49.43839207262921, 54.14823287666708, 64.12518562751676, 70.6726883939584, 76.03582634378691, 78.40576087643628, 75.26669808550476, 63.24220602251901, 54.972230109620746, 52.080702964456314, 80.41190098928007, 79.1809084530778, 79.85872534784556, 84.67789770164187, 87.53940151548909, 92.31132549424079, 100.6568697187342, 102.63223829318179, 99.9139842950104, 96.02813638969529, 92.32877561765709, 87.04446710590014, 81.0185614058788, 82.07870815423054, 88.06722015438854, 92.42891582828338, 98.70412291540026, 93.2599293371993, 88.93412006612688, 83.00918457892736, 40.463444408659356, 53.511730014800634, 65.79494433989792, 79.01445089379615, 94.3813705029897, 111.86951396751836, 118.84152327314281, 124.6739349228484, 135.18561959716268, 138.6163785108339, 136.9670092072083, 126.99393500225818, 122.6335505170024, 114.78491935242945, 109.09985462089074], [15.86467018587935, 10.571958940973001, 18.172753566567838, 28.465501460987788, 24.262521655914437, 21.589462023453386, 22.255205951901253, 52.773506233953476, 58.206960317172246, 65.73242269336149, 74.47071566982947, 84.48318332016287, 76.53773069984905, 67.26514205122679, 60.302871357558445, 14.877019563684927, 8.943078455237938, 6.309038211960678, 13.987928804558914, 23.003055408713102, 22.080213248380097, 10.68646965680963, 0.0, 6.371036071949758, 12.748434463188882, 50.7193651574015, 59.7908355986836, 66.89609687503355, 76.64058906203825, 83.79591857773853, 82.07912363074297, 75.13527981896723, 67.80282887524358, 60.70151264342042, 54.60628770281358, 25.32822004071595, 31.543872131368985, 41.766767363536204, 48.81514635827619, 58.2965200447807, 63.88565739399937, 68.45807956976384, 70.69617679726882, 67.13526654519487, 54.02442016274478, 45.35835197040658, 42.06809761103307, 78.01431948160185, 75.35253883386346, 74.65938606617195, 78.7344136218507, 81.0401471738123, 85.59556699563709, 93.98781077410315, 96.53460322935854, 94.36075578102917, 91.01722104909608, 88.23289007718213, 83.60622335319482, 78.11337709996724, 77.5632780928554, 82.40498562491885, 86.0646628948588, 92.17806198893093, 86.95791094018749, 83.33757559706899, 78.55719957579001, 49.67670870714793, 61.80461190427973, 72.41525805179782, 83.62567719429396, 97.98497843185496, 113.79738474192587, 119.44319108716235, 121.39729751518065, 130.80682929006937, 133.42498502262262, 131.5082254240745, 121.12484929875785, 116.01408238065254, 107.96599704562554, 101.70841273038417], [13.216275527291419, 11.764257645945282, 21.855963767459652, 32.08610660166635, 26.919133348612363, 21.771363146939535, 20.203622329364155, 46.85535477312997, 52.12995727496753, 59.57144262596361, 68.34793400376417, 78.58460792542839, 70.49860920934822, 61.21701049556638, 54.34752254294278, 9.47198439147769, 6.759230554274207, 10.32203049926384, 19.615204827875086, 28.67026044239156, 27.778222553399, 16.86340907266072, 6.371036071949758, 0.0, 6.3777872675065765, 44.47585158591446, 53.608982200837374, 60.77545663437865, 70.65877558784408, 77.91759791774759, 76.0566182163613, 68.97948853572741, 61.58489934150167, 54.43633534935237, 48.31609750824432, 19.07999935303799, 26.3393464050129, 37.6122075354488, 45.93794545885575, 55.1591011934546, 60.23415875148807, 64.240765904977, 66.02776448424449, 61.95621614924615, 48.53763482251079, 39.34194121166063, 35.72639468169596, 76.6084241087677, 73.20794642644476, 71.73912751619896, 75.27186374963014, 77.13366762908512, 81.39730713433781, 89.59127180243871, 92.61296134027418, 90.86658292444908, 87.95412207692176, 85.76847183252785, 81.60328649649298, 76.4234406003294, 75.00113471590409, 79.06848616043834, 82.1459640451759, 87.94405348291792, 83.07135059795911, 80.03087108951212, 76.01977245123337, 54.54179969355831, 65.79873130174568, 75.47552897404928, 85.52573273714457, 99.37989773268755, 114.18169364912893, 119.06389079526376, 118.99763908252795, 127.33437027997782, 129.31140074697836, 127.12751208591278, 116.4447961974077, 110.91926550333703, 102.80875203597833, 96.44334168620037], [13.445339639339464, 15.738756505370462, 26.618326063071773, 36.51666683096446, 30.73026852490064, 23.770096776209765, 20.11615913910672, 41.10767274241603, 46.1623757435461, 53.48366330364745, 62.3009017263897, 72.80216900573504, 64.55216504026902, 55.268702804600444, 48.530011633699836, 6.21509656223763, 9.59685525161003, 15.956687045744612, 25.619939633659307, 34.62258462642154, 33.7560593437575, 23.16589246443937, 12.748434463188882, 6.3777872675065765, 0.0, 38.2728963914366, 47.481213999887224, 54.723100895983784, 64.7734956858196, 72.15381358660802, 70.12224752060983, 62.88409060641474, 55.41348834814182, 48.209212232223784, 42.057719813658466, 12.951818829228081, 21.76954692258034, 34.13407796502037, 43.81102406929413, 52.60261708372892, 57.043143772568925, 60.380591378656746, 61.66134787882247, 57.02844905907804, 43.27851889399041, 33.45818945487466, 29.40335464414739, 75.72799587900747, 71.57217439890452, 69.27941996491244, 72.20248183152779, 73.57048620841971, 77.50040355292798, 85.45886820765911, 88.98464146456773, 87.70352660552669, 85.26228413788367, 83.72354973878603, 80.06527300134593, 75.24785645132518, 72.90788732332416, 76.11824735092532, 78.55150493289955, 83.99210578772602, 79.50862686950629, 77.10849249135408, 73.94686871252277, 59.74993789066597, 70.21623638852572, 79.00022912047919, 87.91236325147558, 101.2128748215046, 114.96941783781706, 119.07146893079782, 116.9187413801213, 124.13245429105577, 125.43378280386058, 122.97458710968176, 111.99056610334524, 106.02001949242806, 97.8529270986028, 91.36746436690643], [45.12882920959949, 51.99254247647439, 62.79802377570916, 71.2713135422897, 65.13111528359917, 55.80849163006042, 48.25483453225997, 22.98926676968752, 19.509656664064952, 21.393130810744367, 29.694332402314842, 42.986448864314774, 35.12231696515281, 28.446754797592043, 25.722931875480036, 36.875322059069326, 44.295037420570914, 52.02146111065763, 61.70246986477117, 70.79048363022592, 70.43713907628042, 60.821674625562075, 50.7193651574015, 44.47585158591446, 38.2728963914366, 0.0, 9.586133645163153, 17.507533095409244, 29.108382689553004, 37.98115706998208, 35.16727940604907, 26.48225871242279, 18.389206104621643, 11.94315592753314, 6.665762321252159, 28.341499357850815, 34.56413478362949, 44.57185266349755, 57.2531853217635, 61.60286337930577, 61.251161803620214, 59.179781830601144, 55.91160686761132, 46.81925753485591, 35.55423379078736, 23.99130759797629, 13.420555044383558, 89.41863769606645, 82.030757