{
	"dissimilarities": [[0.0, 8.345290153026733, 18.056994374386672, 26.089804950555703, 20.2254668543889, 12.5645599471422, 7.659905646047474, 40.83843929914842, 47.59595475605539, 55.8791429999711, 64.14114084806529, 72.71945961416232, 64.91246298076373, 55.61621710025366, 48.33546413040551, 19.4989444885386, 19.689329420805596, 20.952187954232606, 25.719807535465034, 30.74204631733405, 29.17058335630957, 22.007531962162798, 15.933851546205673, 13.362278671959881, 13.502237223999433, 45.149573953424905, 53.775956728552266, 60.43937235479313, 69.00156922622263, 75.100453367099, 73.10271734805445, 66.76137769817734, 60.17115098589315, 53.007200109125534, 47.3182364395078, 18.70759922512993, 20.718687182093028, 31.884478775746825, 37.14790611780175, 47.66140842920784, 54.127195694289306, 58.52491315233657, 58.39542575228246, 54.19277885704808, 43.83798731562343, 34.87157961439748, 34.053957507383835, 66.7714299902869, 64.15845542242106, 64.36794290793952, 67.06818421571833, 68.90235586534509, 72.76995299130104, 81.06888264347651, 83.28981676823423, 81.60644199392122, 79.74239317187957, 76.43173125171064, 72.25268459595237, 66.75365842476182, 66.26033932214835, 70.6124277409453, 73.52337230395852, 78.66778975365952, 74.39693803401249, 71.51586221304123, 67.22189639314875, 54.1274803894476, 59.89418282453083, 67.31088720253095, 76.8987214382978, 89.66493232522261, 102.24603471198168, 106.98358003604329, 108.16038071071779, 115.89430508939508, 118.00538608148516, 115.81254865629076, 106.4836817567727, 102.32882920850321, 95.97220572104669, 92.77768327913802], [8.345290153026733, 0.0, 10.366492554410147, 19.7004454888641, 14.356716982297483, 10.509267545085006, 12.02654998478171, 49.174493385658636, 55.88611268459449, 64.11126483243575, 72.43129658108107, 81.03964100882962, 73.25463719562498, 63.94071559771719, 56.66798168671263, 21.98559024290089, 19.201370146103013, 17.329581282664073, 19.63877800746719, 23.58781007355539, 21.65129701383827, 14.87233801969314, 12.049143163976682, 13.175514659370272, 16.76117510419472, 52.47550868514056, 61.29111051425064, 68.09278802863112, 76.86141244105, 83.09029885814273, 81.20326712395564, 74.81335372745279, 68.0732383695902, 60.890387708542015, 55.079826409133396, 25.441914386090385, 27.44402168020425, 36.70774197917397, 40.684955836416165, 51.25355005970495, 58.142398500329016, 63.3047493149038, 64.29818136086539, 61.13985726567151, 50.50643583212367, 42.539578875982784, 41.774069241267995, 68.31732824548607, 66.57995596619142, 67.72581376984031, 71.24355428500314, 73.7685161932972, 78.19368420020548, 86.97277180293925, 88.42394133339224, 86.06549622996427, 83.50202249390694, 79.38105834580834, 74.53676749721353, 68.664060291753, 69.22278607690869, 74.65505955268034, 78.49794325352723, 84.30675157471178, 79.33193901555109, 75.52625814433418, 70.16084929068555, 48.44034603498172, 55.12847811608052, 63.64084693868294, 74.70789546956755, 88.15138017754484, 102.10019853878595, 107.84359523488962, 111.38855928890602, 121.03899378686577, 124.19993324145422, 122.53502758868183, 113.71388656533884, 110.07685542863825, 103.76742195874884, 100.38571950816748], [18.056994374386672, 10.366492554410147, 0.0, 10.21942899223518, 7.484377859398068, 12.836547855721726, 18.782367798152023, 58.39130212602639, 65.43612598917746, 73.80901655925196, 81.93603726720427, 89.89440336994534, 82.36373513827202, 73.12419470659606, 65.78788995551626, 31.28108126758335, 26.910801334277895, 22.203707222428374, 19.23079439661326, 18.174999511903817, 15.357267333465058, 14.114199336138801, 18.23676449188926, 21.95822253636596, 26.636894661185487, 62.80522563727554, 71.54690022604312, 78.20892896196798, 86.68551802331507, 92.58477641935973, 90.8260707061187, 84.71143285150194, 78.1576228231654, 71.0210061904838, 65.28871481909432, 35.68874415129876, 36.328966790190584, 43.414311114599506, 44.55465525440084, 55.28884042171639, 63.230576097903544, 69.26099062826037, 70.75285756819888, 68.36936189799526, 58.856010208438775, 51.95514478525697, 51.96223397358146, 68.15906275637187, 68.01914857547891, 70.64297982860319, 75.13028277342697, 78.38694312370885, 83.18757447282657, 91.95940966666377, 92.64382034241453, 89.56990105126494, 86.19864325754742, 81.12169945828852, 75.48645040109912, 69.07244304445712, 71.43395346635816, 78.19996036485524, 82.98286068754905, 89.16781139455804, 83.73563551898947, 78.9897215034511, 72.29563078052021, 42.05998288107477, 46.98877940814845, 55.71948447123204, 68.1097830383316, 82.3103373425375, 97.87219266241121, 104.90395122507458, 112.25567513233129, 123.71696228590203, 128.19924089371946, 127.24496798729345, 119.31317531981054, 116.90907675191686, 111.33458423946087, 108.92052353748794], [26.089804950555703, 19.7004454888641, 10.21942899223518, 0.0, 7.894889980515813, 17.850865965666173, 24.470914031353406, 64.31868625003538, 71.8313896001776, 80.404958641698, 88.11676783393916, 94.96058363095126, 87.85123558790045, 78.82163168453427, 71.46558432766163, 41.3086554782785, 37.05038755841528, 31.920269460568605, 26.78955625631169, 21.518377823445082, 18.603152637298066, 22.707998375690927, 28.396106802721107, 32.06591596012019, 36.416162316253875, 71.20003439390945, 79.65877082264802, 85.97896922936152, 93.79242992473638, 99.02840458678455, 97.35213982388474, 91.72971228619456, 85.62989611551025, 78.60752144380601, 73.1237623489038, 44.354538220886944, 43.223513826471105, 48.62655958646395, 46.63004901415231, 57.51256361572261, 66.67266242948392, 73.26843856436416, 74.39990162223977, 72.2555225177497, 64.81789002189812, 58.750807756283, 59.860676118601134, 65.56232178708659, 67.15795346848098, 71.20485309161336, 76.37867945065767, 80.0768688771933, 84.86997089387367, 93.0611421747246, 93.30109636719737, 89.79146376144534, 85.8622485164667, 80.11301446037527, 73.92081566948825, 67.02502470966901, 71.25014085436294, 79.01051870915816, 84.30797626453095, 90.36197491039758, 84.9648697243184, 79.6963020185168, 72.00567405121986, 39.5105739896927, 38.77830203572907, 45.84010738387484, 58.614877149432544, 73.37430923755576, 90.11538587915351, 98.17730955348198, 109.32148017790719, 121.6276158301805, 127.17685491158565, 126.86531221282628, 119.94901858734231, 119.10200174473592, 114.78093321979317, 114.20478832273369], [20.2254668543889, 14.356716982297483, 7.484377859398068, 7.894889980515813, 0.0, 10.328775963780897, 17.93642206659617, 58.346700397557484, 66.01202866160736, 74.57116960992614, 82.39691772036066, 89.64610513767607, 82.03927495311423, 72.80449808126068, 65.51176284767953, 36.03543055640154, 32.698877462204734, 29.00907485438958, 26.707004503120523, 24.63169742523434, 21.637160734383357, 21.395499177400676, 24.29761877368235, 26.992844100211183, 30.729895462763224, 65.12659969054673, 73.77543062316384, 80.3797793523883, 88.54302369927534, 94.06161538775218, 92.05414137070811, 86.0458251259063, 79.76448976186849, 72.58868671805845, 67.01228234447828, 37.71807955878573, 35.82807840328289, 40.87766763425009, 39.71082393361524, 50.530369757930295, 59.2883116689602, 65.75606506191691, 67.17976080224489, 65.35905725076663, 57.25433418274471, 51.676180452864024, 53.39167661676909, 61.23188973317972, 61.70920763948231, 65.00151496060552, 69.89612282261385, 73.47498734226937, 78.39641163867022, 87.09731634315146, 87.32010718543802, 83.91307007556048, 80.20980477919557, 74.7955727011443, 68.9196610836164, 62.32284725522965, 65.43241533849846, 72.73824305121825, 77.91297356231526, 84.23103867340443, 78.61212517883682, 73.47575519351815, 66.248326876016, 46.05677286586052, 46.240916036619566, 51.687440495370915, 62.480135304683266, 75.67830105173012, 90.74244757896072, 97.65132494150686, 105.43183108163959, 117.85567793477033, 123.28624798786149, 123.11585561673274, 116.33023912885511, 115.2700945211819, 111.1670924663776, 110.48894358730215], [12.5645599471422, 10.509267545085006, 12.836547855721726, 17.850865965666173, 10.328775963780897, 0.0, 8.638804507527993, 48.762434624128396, 56.52644537492349, 65.04689229476179, 72.92453918819953, 80.52764178682143, 72.51328983705778, 63.135758849143016, 55.91797617218108, 29.733803373602882, 28.43549836920614, 27.4410047618344, 29.06494011027826, 30.561787180866865, 27.969889626272913, 23.558049827367995, 21.642377552492587, 21.8648888064064, 23.80060110578777, 55.82393017226957, 64.49440296216072, 71.23898372494102, 79.57094517003456, 85.26073513283846, 82.94600756110314, 76.65523585962798, 70.30726804607593, 63.04810466527867, 57.476973958043246, 28.41143294961741, 25.52574701829421, 31.33948358492746, 32.07249775079744, 43.02236874239802, 51.13944998354676, 57.01619933347523, 58.02851462480004, 55.81750939714719, 47.09198939238599, 41.39672001475803, 43.65738013338081, 57.978683539308086, 56.76477519378129, 58.6571644047729, 62.72979330906458, 65.73144464007095, 70.42044857439004, 79.30097677589819, 80.06100552478597, 77.21432378925127, 74.2023201927915, 69.6557887880413, 64.53110490280363, 58.46252236805325, 59.75793393305028, 65.89516308194922, 70.32654392934687, 76.45848481483158, 71.09870334968048, 66.7110667238996, 60.65480777390238, 53.62067576378663, 54.72478615770921, 59.128071809586444, 67.85867112333129, 79.65838465081973, 92.59034892770224, 97.94310631880411, 101.4133431283256, 112.53039379978277, 117.07120973329815, 116.58276264380453, 109.45435844795139, 107.76840702875207, 103.66844153689127, 102.84437004631378], [7.659905646047474, 12.02654998478171, 18.782367798152023, 24.470914031353406, 17.93642206659617, 8.638804507527993, 0.0, 40.46840004241821, 48.14371059950882, 56.70351244664733, 64.54042624673956, 72.14068532739479, 64.28714000965115, 54.98254054625789, 47.692379280393105, 26.390481345069055, 26.95024970106253, 27.837947489699886, 31.32572685872387, 34.445782138087765, 32.39757158792275, 26.895002115822546, 22.351253744295885, 20.36288285877159, 20.207046394719587, 48.303215678270305, 56.66420570270357, 63.135734338496114, 71.16381658707067, 76.69474571266389, 74.43764093243995, 68.32280887710961, 62.159108853785796, 55.00777219001071, 49.598519048766946, 22.190519975660415, 19.63202013109272, 28.37272733058205, 31.011525427495773, 42.0679781567828, 49.63741398768728, 54.52448775770781, 54.05783889798468, 50.24791718777507, 41.74886661235, 34.38042211770044, 36.10327118498673, 59.50174886071806, 57.34751326896806, 58.120974818175625, 61.165358657708026, 63.26517081621845, 67.20358080701827, 75.37566815703833, 77.25017531930403, 75.30014945348438, 73.17513078818521, 69.61532398880203, 65.27047240223467, 59.5922387585321, 59.70674756846855, 64.51380951590717, 67.7271785352969, 72.92972241318768, 68.5549606658791, 65.37338803837042, 60.63301920873333, 56.66000984026703, 58.51049539798099, 63.22974589985989, 71.22005130908444, 83.00663507066422, 94.92338649586404, 99.42103550605724, 100.85825066601751, 109.27214149296441, 112.26440377254478, 110.82846834957436, 102.65190954009881, 100.00231852555983, 95.33037292702899, 94.26052442295315], [40.83843929914842, 49.174493385658636, 58.39130212602639, 64.31868625003538, 58.346700397557484, 48.762434624128396, 40.46840004241821, 0.0, 8.989152756899285, 17.37418725635214, 24.35038728387179, 32.68359209806795, 24.104507320987686, 14.822698048005059, 7.555060168514544, 43.225254469843, 49.82501983173334, 55.98651613354843, 63.67028107875493, 70.04943187781379, 69.0709354649931, 61.575181139029716, 52.80208099739376, 46.90433963116036, 41.137648359770566, 23.045219251379255, 25.787501961916707, 29.394262568036947, 34.69271311291274, 39.112654385174764, 35.76154001235804, 30.040900799817656, 25.91689595684989, 20.412626096931138, 18.565397701857993, 29.514071786376917, 28.20188197759249, 36.00999371804664, 43.963420565790045, 48.88283094935675, 50.45281661816245, 48.8915563604407, 41.469361078945845, 30.34985630256071, 27.150780276306076, 16.122838381939577, 16.590562245392594, 72.73742092071986, 66.34992167193016, 61.599842101275144, 59.08527642386001, 56.3526025121037, 55.91142993834894, 59.83472150069066, 66.70641838841435, 69.38287958879127, 71.85778240103076, 73.51681860422268, 73.50422933483925, 70.97144017287272, 65.19024141954938, 62.65893783758521, 59.4167188304541, 59.49740528952153, 60.383816712155394, 63.571319356539504, 66.06894626118476, 89.14180741734147, 91.78731889350105, 94.85395069862021, 98.10693868648, 106.70485554508122, 112.15766983205002, 111.7408878942127, 100.24499445746473, 96.89387047930116, 92.54329791990399, 87.22600411045659, 75.10974283749266, 67.38020403830494, 61.26269741602301, 59.896370973862126], [47.59595475605539, 55.88611268459449, 65.43612598917746, 71.8313896001776, 66.01202866160736, 56.52644537492349, 48.14371059950882, 8.989152756899285, 0.0, 8.709554307228528, 16.567631183028702, 26.996221803733793, 18.81542026373902, 11.046641066650576, 7.480896846236353, 47.22683862232104, 54.13558598604172, 60.71345394929475, 68.79945313754088, 75.79590347290592, 75.0966399133287, 67.29946423043695, 58.21788171321984, 52.15364680957006, 46.168058097888625, 19.507148293274774, 19.059510957329465, 21.083924918311673, 25.75300340170385, 30.557638084055334, 27.114085714315667, 21.14425108612748, 17.374609995195232, 13.054463596842654, 13.588582365928978, 34.7655291556561, 35.567287475106816, 43.64424164772867, 52.50311359568136, 56.73422321397401, 57.16945931893128, 54.67476299079094, 47.10035345691485, 35.826480560869356, 32.57420151866678, 22.10152680651321, 19.014651399805782, 81.14778499570225, 74.38316341250557, 69.04048804186469, 65.88530454314018, 62.558930239293616, 61.49820893279702, 64.59508809321154, 72.1635552687731, 75.53890427959261, 78.6411899320722, 80.9413175372974, 81.40520832559315, 79.23685086330966, 72.84985798867487, 69.4464385491442, 65.37951877367881, 64.6604371429521, 66.34618291180453, 70.35396040824872, 73.71748076654586, 94.36625006358251, 98.56479380735377, 102.6387974909381, 106.24812044360044, 115.1284608000081, 120.363263148597, 119.61913792778088, 106.816407685452, 101.30315748409697, 95.12004380151664, 88.53637521847979, 74.86783678410471, 64.68702198595457, 56.4410718275062, 52.62547125499736], [55.8791429999711, 64.11126483243575, 73.80901655925196, 80.404958641698, 74.57116960992614, 65.04689229476179, 56.70351244664733, 17.37418725635214, 8.709554307228528, 0.0, 8.981979168980633, 21.786238738128134, 14.233072736404674, 10.710647561180043, 12.969305336283437, 53.90364546188112, 61.009274016722195, 67.88841062032704, 76.28504407276982, 83.65105929684886, 83.07536462803927, 75.0331339466809, 65.72935042607415, 59.57376100041763, 53.47184151232373, 21.33220749401894, 16.845777058865078, 15.882476659237845, 18.527382210162905, 23.327597686415245, 19.178888703948985, 12.7762250377781, 10.863749711028555, 10.48972549439293, 14.857616444170139, 42.08490721763997, 43.400264764659774, 50.70116354980754, 59.90851547508599, 63.13788375740298, 62.428955224673906, 58.948460442120115, 51.06589678638276, 39.87965752954086, 37.519710165695656, 28.81834804993813, 25.263552979522, 87.86273895954902, 80.61458639930294, 74.58577593631655, 70.68972764459076, 66.71697633262869, 64.97270559968062, 67.19945876302602, 75.35761497783596, 79.4515258644028, 83.24172758753106, 86.3030193939535, 87.38796903664898, 85.74063303463139, 78.60703711413225, 74.17287061914634, 69.2053159249521, 67.64860994912063, 70.15703235119238, 75.06071955215941, 79.44806709903492, 101.98466490868805, 106.81172793587702, 111.04319592778728, 114.37478587276696, 122.92499658502184, 127.38648383058496, 125.98920077917693, 111.11230114201817, 103.63483413442843, 95.8868748136182, 88.42159482102136, 73.88093150252509, 61.86101086820329, 52.51186311969235, 47.13085714836093], [64.14114084806529, 72.43129658108107, 81.93603726720427, 88.11676783393916, 82.39691772036066, 72.92453918819953, 64.54042624673956, 24.35038728387179, 16.567631183028702, 8.981979168980633, 0.0, 13.801816195547923, 8.637469362145836, 12.509245824496137, 18.098848795950477, 62.84849686974686, 69.90529817389206, 76.67506285287229, 84.84834021908469, 91.9391501092933, 91.36224131908138, 83.63546510290413, 74.4862931717479, 68.37430643387543, 62.314216853134575, 29.713311052575072, 23.62608515332684, 19.852948839808786, 17.02213901541745, 18.348732758363504, 13.491875997725591, 10.759182361512702, 14.763085431685989, 18.05749126265803, 23.3712241103553, 50.87016968849704, 51.41273021492235, 57.63859720915218, 65.85699308108325, 68.33283098473164, 67.27634262572568, 63.10463364568677, 54.12030477015958, 42.55297411131825, 43.303504048329735, 36.413324516274876, 34.11663066933927, 91.83803200982456, 84.54429708394093, 78.19628424280184, 73.6194142629295, 68.95634443078302, 66.18799188625384, 66.69517448098446, 75.70566566239768, 80.65528902993206, 85.18152393116213, 89.03970689146414, 90.77666289803136, 89.58935881106606, 82.1855194503871, 76.81347963057969, 70.78636574661499, 67.82578218010435, 71.67774991212083, 77.6326839802704, 82.95400034888712, 109.41294196083749, 113.24779483486127, 116.6681112368045, 118.96515232457233, 126.81652091388702, 130.0830698565843, 127.871109603635, 111.4524340515585, 101.11999809498333, 91.61759183464837, 83.19280762195372, 67.92126008241918, 54.73309371311603, 45.584891550440055, 41.63027479394267], [72.71945961416232, 81.03964100882962, 89.89440336994534, 94.96058363095126, 89.64610513767607, 80.52764178682143, 72.14068532739479, 32.68359209806795, 26.996221803733793, 21.786238738128134, 13.801816195547923, 0.0, 10.799603895334354, 19.750261899155944, 25.657140360103128, 74.06404330532607, 80.78863943296562, 86.99282015633858, 94.31497204013209, 100.42298482281127, 99.76609372790521, 93.04650908257064, 84.53097767510694, 78.65382237220672, 72.84605768167684, 43.05432594300169, 37.20945265226084, 32.591452624065774, 26.00226468963052, 21.466269624837405, 18.51223201981784, 22.162416863196015, 28.202865699487102, 31.68703360024971, 36.63523540377864, 61.538690577452144, 60.54573546788138, 65.62673588107525, 71.40310816154552, 73.52921403151944, 73.15417269225675, 68.8039278968548, 58.05445734159272, 45.81404227386387, 51.554326669383904, 46.18136543797156, 45.78394092226531, 93.63506448671336, 87.01727029375725, 80.97043796353734, 75.92463340312605, 70.63343163948512, 66.46991816329756, 64.00357791269715, 74.18790345756554, 80.11633049486264, 85.35771643727705, 89.95623846647082, 92.29782930674027, 91.42868895234801, 84.5519082999571, 78.53323644407196, 71.37766111300387, 66.26853411865984, 72.1378587466241, 79.21348804676843, 85.1844461758162, 116.01401219726003, 117.16786818210305, 118.82737875494799, 119.29471718217587, 126.12848047789078, 127.79931943142942, 124.67855558482132, 107.93784814273346, 93.17130052422503, 81.30171523615434, 71.40355170537347, 54.98275357606261, 41.05640029308666, 34.023004698853605, 37.093333939470824], [64.91246298076373, 73.25463719562498, 82.36373513827202, 87.85123558790045, 82.03927495311423, 72.51328983705778, 64.28714000965115, 24.104507320987686, 18.81542026373902, 14.233072736404674, 8.637469362145836, 10.799603895334354, 0.0, 9.717138822137823, 16.672304660327978, 65.81401193820084, 72.78101342657077, 79.31867002962126, 87.18479186103298, 93.665520524179, 92.83317160505352, 85.45461275834938, 76.53161682959622, 70.50146359201864, 64.53329670199005, 35.06450907817955, 30.520355134097027, 28.018353027798348, 25.489995384352838, 25.123241531952317, 20.54976003439174, 19.184157097328566, 22.485603938533362, 24.163522792504306, 28.463351952269235, 52.62878993897598, 51.12084685488316, 55.64099001520632, 62.31258981431064, 64.12820896413862, 63.24986847459958, 58.89036852825499, 48.79098341409201, 36.81049370547563, 40.97547699826365, 36.07786401859896, 36.64860819012342, 86.12773970724754, 78.90567984216432, 72.50747768683678, 67.59201436205231, 62.579652995183864, 59.19787035353711, 58.73670753941729, 68.12087300443615, 73.43051582283344, 78.27965745900279, 82.54110479936534, 84.66974816208867, 83.79896468146184, 76.36269424866344, 70.52326786244407, 63.946266862942736, 60.19669808993172, 64.78867686144656, 71.28232925443844, 77.06589849618355, 111.16871125794125, 112.77204522839509, 114.39259920427016, 115.22468215608542, 121.86852653081226, 123.89886213559008, 120.99517782881635, 103.51281152376212, 92.56693909026662, 83.25420701255017, 75.37202435216528, 61.225208138462584, 50.02282535337045, 44.49406160584903, 45.62907045041144], [55.61621710025366, 63.94071559771719, 73.12419470659606, 78.82163168453427, 72.80449808126068, 63.135758849143016, 54.98254054625789, 14.822698048005059, 11.046641066650576, 10.710647561180043, 12.509245824496137, 19.750261899155944, 9.717138822137823, 0.0, 7.406109656843193, 56.791915420214, 63.74830390762526, 70.29294643332197, 78.2741547133226, 84.81546943630046, 83.87720122173852, 76.27446984851495, 67.27277910953798, 61.2348766690164, 55.270386518760176, 28.435423384836277, 26.29749826752904, 26.4735371764224, 27.926749450972284, 30.320650832261663, 25.875366979524404, 21.451897077275937, 20.974248154809388, 19.457617265125783, 21.971153061439512, 43.19189146470297, 41.40823851476565, 46.36247843317129, 53.663183067761885, 56.13858772600268, 55.7319924827915, 52.08516826248344, 42.76879294161126, 30.765316350937287, 32.56107188373985, 26.49329480307025, 27.681304861779818, 79.36797669583588, 72.14230228560085, 66.04104429164344, 61.800556314377545, 57.48673738374667, 55.196210159370786, 56.724842247953575, 65.15373853725798, 69.50939066943938, 73.56534876033763, 76.99657647837978, 78.46938677311988, 77.14104881737784, 69.93687265896983, 65.04387757874973, 59.56939208875582, 57.38214561439597, 60.48342388965762, 65.87816279948713, 70.71541187652085, 103.3253835215576, 105.24430773060875, 107.15508734987245, 108.69148975531903, 115.76468952242881, 118.82020592305737, 116.66472963821262, 100.64176621980879, 93.11457832066687, 86.09039373244467, 79.58907475745282, 66.69381967709425, 57.335887678965165, 51.98803992657043, 52.052316909390235], [48.33546413040551, 56.66798168671263, 65.78788995551626, 71.46558432766163, 65.51176284767953, 55.91797617218108, 47.692379280393105, 7.555060168514544, 7.480896846236353, 12.969305336283437, 18.098848795950477, 25.657140360103128, 16.672304660327978, 7.406109656843193, 0.0, 50.399802376710625, 57.14967544347724, 63.44465583437289, 71.18280874843727, 77.5321599907802, 76.56382985205994, 69.12974466633314, 60.315212290428654, 54.37429400849997, 48.5353343404144, 25.719134146346104, 25.865742668836035, 27.720582311180205, 31.063949648392413, 34.39396428176606, 30.57215216758529, 25.546799162683417, 23.140877650784663, 19.4154840658483, 19.885351487491818, 36.685228908473846, 34.89350865322745, 41.01328105624256, 48.3636464381544, 52.03304402776898, 52.716114889915836, 50.08999402112552, 41.40788743107471, 29.435134468489643, 29.391759766399904, 21.116921227036556, 22.302823597653756, 75.36926326725275, 68.60560827991713, 63.19597087159723, 59.775640703643624, 56.1924312664092, 54.73313082196451, 57.32459472208518, 65.0891623577287, 68.6575651059183, 71.96133798464516, 74.54516366787114, 75.3058091476972, 73.37261944156229, 66.91858887794264, 63.16408743948012, 58.717723191280044, 57.539370138209314, 59.65769386898876, 64.03320472421677, 67.74094503208742, 96.13870740745442, 98.12698679479391, 100.4266359036471, 102.64679378122285, 110.41394415343535, 114.57122378289674, 113.24016855343798, 99.55410678133646, 93.92633806779689, 88.21845998029066, 82.28970907156605, 69.7637434495931, 61.38201272414149, 55.78643220816476, 55.491901485096], [19.4989444885386, 21.98559024290089, 31.28108126758335, 41.3086554782785, 36.03543055640154, 29.733803373602882, 26.390481345069055, 43.225254469843, 47.22683862232104, 53.90364546188112, 62.84849686974686, 74.06404330532607, 65.81401193820084, 56.791915420214, 50.399802376710625, 0.0, 7.676811634478663, 15.869069304205777, 26.633094604511694, 36.5811566006717, 36.16447748694186, 25.165225371853303, 14.844149381054375, 9.395327170242558, 6.206154441288261, 36.8773839897117, 46.0296001114567, 53.50876058213195, 63.86675810139664, 71.74675204695482, 69.82008231533705, 62.383216708888824, 54.62330037744576, 47.62319722671289, 41.44958499109772, 15.38509215256412, 26.017799824736795, 38.31345783484409, 49.05818909479624, 57.26349558327537, 60.27900852433949, 63.14749485745699, 64.4632250592579, 60.55843268093878, 45.758161080040146, 35.664696992176815, 29.93199084372515, 81.39676918160359, 76.81978043787716, 75.05515639130846, 76.66053299733045, 77.82561795256936, 81.69964199828406, 90.86157556085362, 93.43618989264434, 92.31161723334216, 91.18101416907716, 88.76367469284962, 85.36648314898147, 80.79253361261527, 77.90480027698702, 80.69532871082991, 82.89219921361173, 88.29729707457983, 83.8741776730044, 81.7106530378634, 78.95940866211568, 61.518813632847625, 74.508832907925, 85.08988087298827, 96.0026184456247, 108.90219696144909, 121.17667415189018, 125.31703901532524, 122.50995139162903, 129.66406691188268, 130.24863665259684, 127.03269720200176, 116.03525011933661, 108.76498697188813, 99.43080623774236, 91.27948954545933], [19.689329420805596, 19.201370146103013, 26.910801334277895, 37.05038755841528, 32.698877462204734, 28.43549836920614, 26.95024970106253, 49.82501983173334, 54.13558598604172, 61.009274016722195, 69.90529817389206, 80.78863943296562, 72.78101342657077, 63.74830390762526, 57.14967544347724, 7.676811634478663, 0.0, 8.377525433674853, 19.41913581045122, 29.756623628079804, 29.518311069259937, 18.35213885121083, 8.948719668156446, 6.734771064110569, 9.608905059764144, 44.28851251134559, 53.285601246191426, 60.555811990446145, 70.67923642773683, 78.37403957873207, 76.69708804207396, 69.52057610113869, 61.87664039341607, 54.96171691913844, 48.8476304584164, 21.992602617193832, 31.17820931044445, 42.714379582305284, 52.05311566614534, 60.82589610989699, 64.6416744664496, 68.2421593065729, 70.0471550216162, 66.56264601297416, 52.16183317203387, 42.53257351694107, 37.32923471621577, 83.13808584512095, 79.41065365805768, 78.52732541901646, 80.82180991827548, 82.51391576269262, 86.7352244871569, 96.05807906159296, 98.19793847630608, 96.59268811791101, 94.91778070726626, 91.83589249181135, 87.8636404711132, 82.86491428927958, 81.00782777426521, 84.7366856738894, 87.6163518029735, 93.37773477029629, 88.56627092521481, 85.72367191675147, 82.04239164134427, 55.18970551468026, 69.59978790689135, 81.43463264832344, 93.62646941086393, 107.34725209349807, 120.87288189960348, 125.92696705734309, 125.5688033242821, 133.82441248008902, 135.08186816767514, 132.10280684174276, 121.2890557241667, 114.44540045908838, 105.06043642225877, 96.96268617995644], [20.952187954232606, 17.329581282664073, 22.203707222428374, 31.920269460568605, 29.00907485438958, 27.4410047618344, 27.837947489699886, 55.98651613354843, 60.71345394929475, 67.88841062032704, 76.67506285287229, 86.99282015633858, 79.31867002962126, 70.29294643332197, 63.44465583437289, 15.869069304205777, 8.377525433674853, 0.0, 11.135668021401587, 21.685855298880377, 21.67042243082868, 10.88313889071912, 6.309144149547465, 10.333319203226134, 15.946058610191864, 52.010823855776444, 60.83338675416762, 67.8171260596973, 77.51804342039084, 84.8419712873241, 83.42382780636777, 76.6298746211968, 69.21508077021291, 62.36373706243521, 56.34141889520291, 28.894957622226755, 36.63271342982665, 47.5092541133046, 55.01319548377488, 64.4476600689929, 69.30019826397469, 73.6123455342406, 75.53779695158825, 72.227413923642, 58.69338312322981, 49.31626676443827, 44.70080135362007, 84.32169226497655, 81.66545508347413, 81.80390616925294, 84.7805347888909, 86.95047858996162, 91.39407452272475, 100.63556402179267, 102.43819111619052, 100.40571685630256, 98.20762200977659, 94.46781842371247, 89.91446917768629, 84.43589404500874, 83.83053282810708, 88.51453429287982, 91.99160631795856, 97.92602583344903, 92.89891949539691, 89.45882459027942, 84.82853596985589, 47.478970407978856, 62.94839660389793, 76.0401634851944, 89.53132148878896, 104.18405113402406, 119.04510311082798, 125.09928406265452, 127.70023147407578, 136.78240259450868, 138.6818810202886, 135.9154928809493, 125.32507241664312, 119.09487892213794, 109.85373590893688, 102.2501235791171], [25.719807535465034, 19.63877800746719, 19.23079439661326, 26.78955625631169, 26.707004503120523, 29.06494011027826, 31.32572685872387, 63.67028107875493, 68.79945313754088, 76.28504407276982, 84.84834021908469, 94.31497204013209, 87.18479186103298, 78.2741547133226, 71.18280874843727, 26.633094604511694, 19.41913581045122, 11.135668021401587, 0.0, 10.97008213503491, 11.762024114703088, 6.752883459125072, 14.06653500068048, 19.7141939371917, 25.651760010405052, 61.72047272786881, 70.24847702712847, 76.79312466995009, 85.82666715335839, 92.56560353097088, 91.49949187465964, 85.28602809031788, 78.24870067830487, 71.52792483022998, 65.68208425631896, 38.26767956401802, 44.551998007038, 54.76893873331878, 59.924049834612454, 70.0829016476434, 76.20972876797231, 81.22324469905247, 82.9353729694395, 79.56708630811106, 67.40608803460466, 58.12664149161486, 54.059873117819464, 86.53261275686367, 85.32761108770642, 86.72981376123943, 90.42434324222344, 93.04795366663227, 97.58355009927593, 106.44259136342615, 107.99358058092638, 105.5656746696051, 102.82766825413717, 98.38361050869914, 93.1955600170749, 87.1453115760643, 88.1662318229381, 93.88832668327802, 97.90733496426303, 103.80976092715707, 98.75526543347036, 94.76846738930874, 89.10272558132948, 36.78288953263463, 53.62583095243016, 68.60329063737987, 83.8401093542089, 99.83372217376598, 116.42499912145132, 123.77881048699061, 130.4199020374376, 140.03733470765158, 142.54523578863146, 139.92030505574195, 129.53847121243803, 124.08376591506165, 115.06157811282341, 108.26476957974585], [30.74204631733405, 23.58781007355539, 18.174999511903817, 21.518377823445082, 24.63169742523434, 30.561787180866865, 34.445782138087765, 70.04943187781379, 75.79590347290592, 83.65105929684886, 91.9391501092933, 100.42298482281127, 93.665520524179, 84.81546943630046, 77.5321599907802, 36.5811566006717, 29.756623628079804, 21.685855298880377, 10.97008213503491, 0.0, 3.248199377795181, 12.86506941429548, 22.897529854717455, 28.620776971066842, 34.50560939917596, 70.7098580082399, 79.08664526310504, 85.34228821580852, 93.76201137112727, 99.8720180328044, 98.9404210847171, 93.1970886229306, 86.54080933432975, 79.83731551792302, 74.13933069834944, 46.373576953240544, 50.795229795746515, 59.897468683446704, 62.53039653160598, 73.16482679375589, 80.52612811986819, 86.21927530663503, 87.71638949861429, 84.50519942609488, 73.92202593998574, 65.17807129960543, 62.21727555750895, 85.83790586353985, 86.11048182560586, 88.78217371127484, 93.17470104579232, 96.26153052655268, 100.88454264763543, 109.34720400308137, 110.51535022359288, 107.65188047773853, 104.36059367947563, 99.23769187920168, 93.47468972999881, 86.9374953742166, 89.58978153376768, 96.31040922468634, 100.88347902990164, 106.76714718882803, 101.65808146668464, 97.1123435899284, 90.44932927517182, 27.843377469984386, 43.51779348752374, 59.428621156376906, 75.92519742619814, 92.83526346081484, 110.82867492449535, 119.32501617715418, 129.79265490653535, 140.18873180198634, 143.6065078467174, 141.44456651051203, 131.7727381000079, 127.61227283512291, 119.50447238785327, 114.29667053450306], [29.17058335630957, 21.65129701383827, 15.357267333465058, 18.603152637298066, 21.637160734383357, 27.969889626272913, 32.39757158792275, 69.0709354649931, 75.0966399133287, 83.07536462803927, 91.36224131908138, 99.76609372790521, 92.83317160505352, 83.87720122173852, 76.56382985205994, 36.16447748694186, 29.518311069259937, 21.67042243082868, 11.762024114703088, 3.248199377795181, 0.0, 11.834647326050233, 22.000737635065192, 27.75098687806869, 33.660651485493396, 70.37131678169523, 78.87842071401907, 85.25932426275536, 93.74471569455586, 99.8451014317459, 98.75002654960035, 92.90468356499116, 86.2298802175673, 79.41236809810025, 73.67121307154369, 45.286036621119436, 49.02798245434585, 57.60317707538893, 59.83523410300985, 70.43631286559612, 77.92973040833864, 83.77695576431134, 85.42728980355697, 82.51268174836036, 72.07973617537336, 63.78122336967808, 61.40211331969515, 82.77769668623702, 83.1181782913342, 85.91527602144548, 90.43492965257602, 93.64899003956873, 98.38176729446066, 106.97031784727182, 107.92582976642218, 104.92099914941505, 101.51047990596814, 96.27894584903659, 90.44957997851157, 83.8996613749673, 86.65682248581189, 93.5314670763225, 98.27559726336985, 104.31075313662072, 99.03909910764854, 94.32443281938828, 87.51007788049982, 29.745815289982744, 43.1732647937323, 57.93917876926308, 73.96928819618614, 90.46962156505063, 108.2412416543608, 116.63793855719854, 126.92517434656845, 137.8525307353243, 141.6604084438129, 139.8321204501569, 130.5977931671926, 126.87948033554403, 119.30223613624072, 114.65063931242645], [22.007531962162798, 14.87233801969314, 14.114199336138801, 22.707998375690927, 21.395499177400676, 23.558049827367995, 26.895002115822546, 61.575181139029716, 67.29946423043695, 75.0331339466809, 83.63546510290413, 93.04650908257064, 85.45461275834938, 76.27446984851495, 69.12974466633314, 25.165225371853303, 18.35213885121083, 10.88313889071912, 6.752883459125072, 12.86506941429548, 11.834647326050233, 0.0, 10.637371151791314, 16.8523027076574, 23.10960776201563, 60.782308969091396, 69.65636734676757, 76.54159860713412, 85.80539663670334, 92.59502330613024, 91.13913999885374, 84.62819144107208, 77.49292872324945, 70.49443096665617, 64.51576232929017, 35.404541481501205, 40.289411695725484, 49.40796162356785, 54.11464906875157, 64.12081853531517, 70.35310272182468, 75.67112370501643, 77.86848454535834, 75.2304679531416, 63.079407030619166, 54.821696771850846, 52.04432537095634, 80.44165371344026, 79.16339619949518, 80.66894763975971, 84.58422094263621, 87.4677926194153, 92.28678128196167, 101.54604776848227, 102.62584796490798, 99.9024014039775, 96.94057127527691, 92.3154142896071, 87.03958030985255, 81.03474394497053, 82.04953820770253, 88.0148201445616, 92.39595772662379, 98.7020368210825, 93.22989011299966, 88.8876111663552, 82.98516185231266, 40.49899337476322, 53.98247819682947, 66.81408956327854, 80.99010938209595, 95.98676840922559, 111.95095306287128, 118.98146095951752, 124.81035833233074, 135.61147213349412, 138.92072609953397, 137.003779857454, 127.52927487480854, 122.92786300406611, 114.98750536727509, 109.26050440556487], [15.933851546205673, 12.049143163976682, 18.23676449188926, 28.396106802721107, 24.29761877368235, 21.642377552492587, 22.351253744295885, 52.80208099739376, 58.21788171321984, 65.72935042607415, 74.4862931717479, 84.53097767510694, 76.53161682959622, 67.27277910953798, 60.315212290428654, 14.844149381054375, 8.948719668156446, 6.309144149547465, 14.06653500068048, 22.897529854717455, 22.000737635065192, 10.637371151791314, 0.0, 6.385638814249595, 12.735318648796385, 50.70804931775718, 59.784145548339126, 66.97078424539437, 76.67304843778557, 83.85569284554015, 82.109246330125, 75.1810080583929, 67.80257652450626, 60.70004863844879, 54.606793531671585, 25.33315083140155, 31.540370675727242, 41.76649360871833, 48.81799068337877, 58.30678501174029, 63.44173216650301, 68.00617084309874, 70.04409447910626, 67.14020418334394, 53.91575129026864, 45.28444028876394, 42.05957210419013, 78.0649021233266, 75.36631842412045, 75.58784868485145, 78.69558690415379, 81.01503764757875, 85.59751829216955, 95.00953155018871, 96.53840107340075, 94.3377748267323, 92.0175439503318, 88.19376098056128, 83.61442453669588, 78.15295977411299, 77.56312689208929, 82.39129131758867, 86.06316638385917, 92.19031738676482, 86.95788036666475, 83.3272440353832, 78.55811760611392, 49.63093508577094, 62.128173483125515, 73.35611298108628, 85.77638295631269, 99.61216678139897, 113.83461679106533, 119.55193644058889, 121.55082988787596, 131.26134731149327, 133.7350693589327, 131.51263546541932, 121.68781806184128, 116.31377652233942, 108.16382663719672, 101.87514893935801], [13.362278671959881, 13.175514659370272, 21.95822253636596, 32.06591596012019, 26.992844100211183, 21.8648888064064, 20.36288285877159, 46.90433963116036, 52.15364680957006, 59.57376100041763, 68.37430643387543, 78.65382237220672, 70.50146359201864, 61.2348766690164, 54.37429400849997, 9.395327170242558, 6.734771064110569, 10.333319203226134, 19.7141939371917, 28.620776971066842, 27.75098687806869, 16.8523027076574, 6.385638814249595, 0.0, 6.350186066851429, 44.45404830207662, 53.59600817823938, 60.88143740323881, 70.70346529915277, 77.99719675259732, 76.10002680564591, 69.0206956511443, 61.58417208892767, 54.432013637323536, 48.31071555632334, 19.07325953631183, 26.3313414234344, 37.5959694772142, 45.94751926358753, 55.15786769918912, 59.72591657809475, 63.72924800096578, 65.31297607239539, 61.96728061997379, 48.40938556905992, 39.26932011072308, 35.712668400979865, 76.67304101374252, 73.22728306304265, 72.69716889026375, 75.23300694849645, 77.10777135110249, 81.39935415565414, 90.67131823796458, 92.61828666534541, 90.83770196339316, 88.984539641852, 85.72097788999504, 81.6151382106964, 76.47451816356643, 75.00160506498482, 79.05372122299786, 82.1443656608424, 87.96037560790059, 83.07126543028924, 80.0194352315899, 76.02084235192325, 54.55322670209319, 66.15052183792362, 76.4568536008049, 87.82453640744174, 101.06177635863293, 114.25784345963011, 119.20878192844641, 119.17206634400414, 127.83276793020681, 129.6629232763166, 127.16351596246346, 117.07193549404528, 111.26945093475864, 103.0525098118802, 96.6483476847982], [13.502237223999433, 16.76117510419472, 26.636894661185487, 36.416162316253875, 30.729895462763224, 23.80060110578777, 20.207046394719587, 41.137648359770566, 46.168058097888625, 53.47184151232373, 62.314216853134575, 72.84605768167684, 64.53329670199005, 55.270386518760176, 48.5353343404144, 6.206154441288261, 9.608905059764144, 15.946058610191864, 25.651760010405052, 34.50560939917596, 33.660651485493396, 23.10960776201563, 12.735318648796385, 6.350186066851429, 0.0, 38.272281292749575, 47.48234480036122, 54.87228442542884, 64.81325633908145, 72.21790104246736, 70.15301989508427, 62.911668721794015, 55.41749890972568, 48.210566061910185, 42.06087461850835, 12.963873710268626, 21.770821336434555, 34.147207717510575, 43.82579343784846, 52.617066826665514, 56.528797500121115, 59.87341982780963, 60.91055101132399, 57.05049166946317, 43.18481421997364, 33.41387469581147, 29.403299206774808, 75.78219988915394, 71.59672421968034, 70.28203554573844, 72.18675702668979, 73.56448795280134, 77.5118108470185, 86.58582567232327, 88.98892417367915, 87.66985124661612, 86.32332718975547, 83.66572188026846, 80.07469101522057, 75.29301805093375, 72.91808279445245, 76.1202605073393, 78.56206683489353, 84.00680710869496, 79.51993786467919, 77.1126526469107, 73.95601623434362, 59.662451861032885, 70.42141843305919, 79.85420738133395, 90.19147413133598, 102.8145752948974, 114.97254056155721, 119.15355885052831, 117.07635393890459, 124.60429298437185, 125.74619491644307, 122.94956956327711, 112.58089595325939, 106.32506497995074, 98.04573760510618, 91.53549216046733], [45.149573953424905, 52.47550868514056, 62.80522563727554, 71.20003439390945, 65.12659969054673, 55.82393017226957, 48.303215678270305, 23.045219251379255, 19.507148293274774, 21.33220749401894, 29.713311052575072, 43.05432594300169, 35.06450907817955, 28.435423384836277, 25.719134146346104, 36.8773839897117, 44.28851251134559, 52.010823855776444, 61.72047272786881, 70.7098580082399, 70.37131678169523, 60.782308969091396, 50.70804931775718, 44.45404830207662, 38.272281292749575, 0.0, 9.587021224271647, 17.864192991958102, 29.206287423543046, 38.10517444848599, 35.22512135650289, 26.691117829108954, 18.395328240007107, 11.921965589610254, 6.608366152477403, 28.32815852615787, 34.55929726031166, 44.576271586888616, 57.28043965889258, 61.6019186125137, 60.568959291086244, 58.495772033287835, 54.90998397427311, 46.877286795548876, 35.49845494655544, 24.055949705515868, 13.424111832449288, 89.479034769511, 82.06951221680693, 76.51803799368896, 74.11994830374732