{
	"dissimilarities": [[0.0, 8.34256916066352, 18.11726649288645, 26.1453901659736, 20.250391958184764, 12.575462781674522, 7.703087341860668, 40.83099118173609, 47.584600629760104, 55.83621036226491, 64.21399224909204, 72.75436829538458, 64.9028837407211, 55.446203123499465, 48.32385988290841, 19.36157702571097, 19.438627604533224, 20.81006230596504, 25.712624884740357, 30.64946389738961, 29.13252363951879, 21.96635972858193, 15.65823115289304, 13.125211004542441, 13.487562972268265, 44.915863264121256, 53.614074519557995, 60.177942824287214, 69.2330364693407, 75.02400754791059, 73.11091453333773, 66.8545589763103, 60.03217506572717, 52.81551779949329, 47.401696452937436, 18.248685290772208, 22.166773883309766, 32.23919410215002, 37.407855727124776, 48.07081147374662, 54.16475105512197, 58.634585013565584, 59.14579509318117, 54.909260646138485, 43.89236467039877, 35.59713544200514, 34.02943313875541, 65.65808541050616, 63.18698983095426, 63.518602961182474, 67.2071299104133, 69.02830679392426, 72.75321407024212, 80.17160511132067, 82.37619218640232, 81.54544668190162, 78.7359862993156, 75.40781225936932, 72.22715161243244, 65.6892712382666, 66.2214961204053, 69.74980857728482, 73.51161469740138, 77.7923974530619, 74.3725313059433, 70.60807543892943, 67.18422736979089, 54.12746319841551, 59.78017532896933, 65.51204375798066, 73.32775286303507, 87.74730015716393, 102.43411288375407, 106.47496868571149, 108.13426998144273, 115.32105956116926, 117.70664073721491, 116.41824997557727, 106.07326725234529, 102.3809736728775, 96.17311323769687, 92.91221889575543], [8.34256916066352, 0.0, 10.361724502952969, 19.612890561349413, 14.283979656603897, 10.492309407507054, 11.99541365457265, 49.17068145456593, 55.885978116808495, 64.11709041184184, 72.52456476519087, 81.0425529230526, 73.24305559269962, 63.78540005140942, 56.65818428831326, 22.04555110521479, 19.124592069465564, 17.285336978158945, 19.638754850428402, 23.381296852291854, 21.514725319018808, 14.86353873149843, 11.87157874907167, 13.137846122860248, 16.927965755825063, 52.36389025793651, 61.219218842349335, 67.92018848947029, 77.06870282518526, 83.00373163944057, 81.21148969593357, 74.91091248315249, 68.0004429827075, 60.782730176539154, 55.19888360037418, 25.287555499276596, 28.698059263894727, 37.14826630415014, 40.98231401075779, 51.74784681390537, 58.352535087298165, 63.581290859294704, 65.10845815123282, 61.83714732524794, 50.67158958272379, 43.24369797620677, 41.83852255257467, 67.21364026055046, 65.6651956134662, 66.965652996588, 71.4386226084934, 73.9451425895437, 78.22226681937583, 86.12703010379761, 87.57465591916215, 86.0419968748893, 82.56190527957332, 78.41244558459111, 74.53716687853016, 67.62431297503132, 69.23533910449655, 73.88244378386064, 78.53494853721277, 83.4976628785502, 79.35599108495774, 74.70878784361284, 70.17243825636218, 48.252891534383004, 54.73822743288741, 61.48645469742624, 70.79862285587089, 86.02879372091952, 102.14187598760866, 107.21271358627756, 111.32957058921035, 120.40225261799318, 123.81722243965248, 123.00370102798497, 113.20354880315423, 110.00878512276026, 103.84937579743426, 100.43931637867715], [18.11726649288645, 10.361724502952969, 0.0, 10.121083151924843, 7.4501552814436, 12.866065024630528, 18.793242833952522, 58.39828234799148, 65.44095963589692, 73.71640473378311, 81.93839548675196, 89.89722825084131, 82.36122288010168, 73.00665847860432, 65.79448758225797, 31.32863902553753, 26.829910346386644, 22.143472104543342, 19.354356770834343, 18.05288426442193, 15.281011289654526, 14.082337129859308, 18.048596651446395, 21.918260631633846, 26.776000991163823, 62.683023277087024, 71.46266971974028, 78.04549699748749, 86.89036927924147, 92.53681316927315, 90.82899113776634, 84.80450336585554, 78.0587205109844, 70.88598864392665, 65.41698527939974, 35.48030615280756, 37.43132207355923, 43.868915793883865, 44.95743665212364, 55.59276486680368, 63.12083654346766, 69.27629762168063, 71.2753608854965, 68.99562543788778, 59.020176659605504, 52.590463902942716, 52.02742468506634, 67.172444998163, 67.2148344821652, 70.00039345056604, 75.36796939875055, 78.60326356969374, 83.2255561730676, 91.24158455129006, 91.88389567096547, 89.51417357839989, 85.31972554966207, 80.22016746785452, 75.48349836912195, 68.13138828036347, 71.4490923146816, 77.5330800720702, 83.03093355787267, 88.45119170718696, 83.76647301373873, 78.26672617155418, 72.30979107908075, 41.880005912133235, 46.62826975325996, 53.46759661338917, 64.12825706746614, 80.21956097626163, 97.91846026308279, 104.31090765509757, 112.20845306933782, 123.14945776677433, 127.8577161274211, 127.67325736553941, 118.86139081329992, 116.85765799700802, 111.40926435797864, 108.96753634962388], [26.1453901659736, 19.612890561349413, 10.121083151924843, 0.0, 7.918523375470638, 17.845804720958533, 24.46738022011275, 64.31478264732924, 71.81712149908697, 80.1046692136477, 87.93821627171202, 94.95454345686922, 87.8436055317814, 78.73717899562024, 71.47312700141721, 41.273425134632404, 36.87735458829532, 31.76947382642416, 26.969635709692557, 21.59120052682435, 18.661281375802627, 22.581285290053508, 28.107982415317696, 31.934235234669938, 36.4839368532413, 70.99487017018157, 79.50194699759265, 85.75699417504757, 94.00963181232744, 99.02392884751657, 97.3282667472786, 91.81393193140008, 85.44256432525248, 78.37345415214364, 73.26025795350584, 43.94001179430029, 44.272524295691845, 49.08928911731289, 47.182028076082055, 57.44931624310477, 65.92817550002749, 72.76024975555895, 74.42624410144887, 72.79350804024811, 64.94121983723971, 59.32709455233895, 59.886371924793494, 64.75714996108881, 66.49235741810548, 70.69562511868403, 76.66104373816412, 80.33579422558705, 84.89140500621163, 92.49816152199128, 92.62796850777558, 89.64395259037371, 85.0231687243196, 79.27139286172785, 73.88031221207987, 66.22033926890943, 71.22892360806318, 78.45369945099286, 84.3414183504213, 89.73259007778672, 84.97287282331136, 79.06191961521007, 71.98439250660337, 39.43922958987594, 38.69443303162014, 43.68197232796304, 54.72443634072096, 71.4462309559921, 90.22210970122809, 97.6892170530344, 109.29349892587594, 121.17745228885151, 126.91391704932096, 127.27635145089594, 119.59858159595821, 119.11051748714308, 114.87169018546538, 114.25392069119944], [20.250391958184764, 14.283979656603897, 7.4501552814436, 7.918523375470638, 0.0, 10.310725914322475, 17.927832064769852, 58.33747464800365, 65.99699887473706, 74.32681198402683, 82.26825942105523, 89.65102297441982, 82.02709851962011, 72.76751246268692, 65.5067223706072, 35.9857762749865, 32.53351111035237, 28.878504847943308, 26.785614572941554, 24.587234094287933, 21.61747406801805, 21.303941626785218, 24.04471821522918, 26.861841479582896, 30.771047185298134, 64.94118367632655, 73.63781071358204, 80.09444489989276, 88.80841648150665, 94.01927434449875, 92.04244326682797, 86.19218071536989, 79.61766998964623, 72.39909036952575, 67.19997684378606, 37.22443463217103, 36.73708470056314, 41.29971657406512, 40.15988533808084, 50.58945415555643, 58.7199997166761, 65.37537910736184, 67.37409112913598, 65.8724176483915, 57.35304165375506, 52.144752241735134, 53.40099074383142, 60.285514391493095, 60.935367657601304, 64.39284924199802, 70.12367433932529, 73.68037199745291, 78.40335201213732, 86.43975942962692, 86.58859035422796, 83.80620939306853, 79.33109610999757, 73.89757277343122, 68.88589112014965, 61.41000488311814, 65.40564448114495, 72.09782719480152, 77.92938209899415, 83.54993495749434, 78.60865019326667, 72.76957029103694, 66.221879386745, 45.99805527311324, 46.21602041941399, 49.636403461667456, 58.51757222248405, 73.59134135278647, 90.87980303183657, 97.11341822240945, 105.39901984324126, 117.32985734546489, 122.99308497971147, 123.59950722650184, 115.94174535392179, 115.33312533772298, 111.28701555304298, 110.56106282067384], [12.575462781674522, 10.492309407507054, 12.866065024630528, 17.845804720958533, 10.310725914322475, 0.0, 8.637294542034384, 48.756841181871096, 56.5195632380891, 64.84943182727967, 72.84259554277854, 80.5418445842425, 72.50261421895712, 63.13934844233034, 55.90939976202666, 29.707871412561587, 28.3121499286144, 27.362445014076467, 29.076632301479588, 30.452318524825035, 27.90807381944852, 23.526335987114717, 21.47019456699755, 21.77067990962067, 23.85936212542048, 55.666335744835685, 64.38421765431951, 70.9016438636769, 79.8970288851673, 85.18880789186673, 82.94964292662227, 76.87001169878856, 70.200581269141, 62.90103793292894, 57.74160695083055, 27.80865637966112, 26.4874232648648, 31.81114560144994, 32.47129744458298, 43.251741962243614, 50.77376609214627, 56.79249924158204, 58.43717331567633, 56.376963582887804, 47.2128442030186, 41.85363202917331, 43.679269681018546, 56.9063693904461, 55.88832414620679, 57.95334927141638, 62.939331271223615, 65.9194139107146, 70.4318180062459, 78.53526350643509, 79.25799994545436, 77.15173090152919, 73.27389333782321, 68.69886581003463, 64.51445556449957, 57.44911585310208, 59.744318056803635, 65.17125652564066, 70.34641051725737, 75.70737966821507, 71.10234047903188, 65.93012429578471, 60.641265908915805, 53.53846329259395, 54.670074192329004, 57.17720964586301, 63.9298374009314, 77.47283424838598, 92.71497655149801, 97.34198184729742, 101.37160150340569, 111.91815402133224, 116.72844612593357, 117.11643213946985, 108.99913390480732, 107.85230391970276, 103.79861413360274, 102.92761938767754], [7.703087341860668, 11.99541365457265, 18.793242833952522, 24.46738022011275, 17.927832064769852, 8.637294542034384, 0.0, 40.4647203925008, 48.13613648087052, 56.46960552520813, 64.4447015790403, 72.15485038854746, 64.27836329975483, 54.937620392738545, 47.68908165499516, 26.35751698925377, 26.80511719306605, 27.747649036796485, 31.353101322255075, 34.36435041188796, 32.35338356242415, 26.856765024641923, 22.15829405691571, 20.247094639656673, 20.28354873282952, 48.10175189757124, 56.52329287350899, 62.79691215024293, 71.49387059409305, 76.6334058872433, 74.43730066959344, 68.51852214986428, 62.01428998093325, 54.810700622015794, 49.856624391796466, 21.4833733051994, 21.09313132689099, 28.93077448107653, 31.48010030830674, 42.2982531956624, 49.23809710300757, 54.2825324943548, 54.49249693956407, 50.927201005028294, 41.89488836078304, 35.04685205421966, 36.1343312791741, 58.44615931873651, 56.460411625309256, 57.39266864001242, 61.400600641168865, 63.48135053280201, 67.21887247132734, 74.56820187260513, 76.4001192200851, 75.2195082064555, 72.20390700348776, 68.63102854485787, 65.2500696585093, 58.57921529183721, 59.69140567538828, 63.7563544775863, 67.75178995978088, 72.1216774018557, 68.56038398940932, 64.55370433941971, 60.61776584018578, 56.585786556842514, 58.42731918630089, 61.4060731586036, 67.51724788405025, 80.9515426397561, 95.0438225886819, 98.8424506222089, 100.81868189739929, 108.6660202880586, 111.92109848095346, 111.3739135164682, 102.18573885246191, 100.06336757692688, 95.46834595044851, 94.34771768502375], [40.83099118173609, 49.17068145456593, 58.39828234799148, 64.31478264732924, 58.33747464800365, 48.756841181871096, 40.4647203925008, 0.0, 8.979952235342457, 16.770100208188055, 24.199848469591995, 32.740057851858325, 24.099207364713678, 14.62697526303853, 7.546522735414835, 43.19588790323663, 49.75243042600075, 55.947468515806015, 63.651860601701024, 69.97903061161588, 69.03061830203487, 61.56288309151315, 52.73795772848041, 46.85713719097918, 41.1553236141236, 22.649539532070182, 25.498449896151453, 28.694071780274562, 35.34820251134426, 39.00282793348945, 35.77891028280663, 30.468385787091268, 25.6027788268228, 19.93079456995192, 19.196104183883612, 29.048498664780084, 29.104381092092613, 36.37866449582432, 44.20242183336841, 49.183251010562465, 50.271248590442035, 48.78855958824842, 42.20426696534565, 31.468378199372093, 27.3388775483853, 17.407511744012155, 16.634967952693057, 71.80298939936719, 65.52518141516236, 60.85137028429103, 59.28698433210598, 56.55705584861435, 55.92259445164115, 58.76922143271825, 65.68998582332047, 69.3175013065593, 70.84878711851391, 72.55653674052743, 73.48857734224457, 70.06640568824305, 65.17169817761571, 61.82784323634502, 59.43506073497254, 58.47505025131897, 60.3838272335488, 62.68609353139084, 66.05071476900736, 89.09149937370977, 91.71672348344977, 93.55539598161302, 95.27507548065634, 105.00012609121025, 112.27575430022718, 111.2024173610747, 100.20582603217147, 96.20447079374885, 92.14034603728852, 87.94233290611686, 74.49593593716116, 67.48018603114791, 61.50487236242951, 60.05593295736531], [47.584600629760104, 55.885978116808495, 65.44095963589692, 71.81712149908697, 65.99699887473706, 56.5195632380891, 48.13613648087052, 8.979952235342457, 0.0, 8.333996811463333, 16.75291194761502, 27.045495042566667, 18.7981778556183, 10.303543500636325, 7.44203262227095, 47.22039167352195, 54.089825117502876, 60.691359619035175, 68.77390237718492, 75.71542635991386, 75.04844465767701, 67.29512014709378, 58.17844120013353, 52.12766040819569, 46.19479696792019, 19.12122722424107, 18.741855213225342, 20.38484368805876, 26.437194520917476, 30.388136943893894, 27.14118442583643, 21.536643875055486, 16.988117240449746, 12.417684199315625, 14.128719876002139, 34.56531943322511, 36.388417823101264, 43.94774752636068, 52.675390700241536, 57.147974956686106, 57.320332989508366, 54.890707039700175, 48.078050997899844, 36.92280285761189, 32.76038501227771, 23.257262141926788, 19.088028509546, 80.21569087780274, 73.56265124537018, 68.28801056793549, 66.06024231924188, 62.736715416693286, 61.515764750006205, 63.49684547627519, 71.14313065903706, 75.50202352365683, 77.65637961522914, 80.00228938582359, 81.39813637940073, 78.340324579731, 72.84330279613704, 68.61559124277493, 65.40328323457832, 63.63066630178806, 66.35519320629753, 69.47868129223335, 73.71076874486293, 94.29458354332404, 98.40528910988962, 101.31808721468855, 103.47998305199737, 113.46774350105053, 120.4465628061831, 119.07178243570065, 106.7674310266736, 100.5967155126274, 94.68666443156133, 89.21931852921637, 74.19447676449717, 64.66562975490979, 56.661429385220714, 52.77749720359499], [55.83621036226491, 64.11709041184184, 73.71640473378311, 80.1046692136477, 74.32681198402683, 64.84943182727967, 56.46960552520813, 16.770100208188055, 8.333996811463333, 0.0, 8.944463989576176, 20.59989296291427, 12.971071884157803, 8.46861922611709, 11.872287693556705, 54.50370550395127, 61.505856698897595, 68.28270549382091, 76.50056567669867, 83.62579660104197, 83.05638289310446, 75.24214337482472, 66.02898544744343, 59.92397811510281, 53.91025412995744, 22.417801917570088, 18.244294939097017, 16.67444420975446, 20.170748338367964, 23.170800872044843, 19.37414878602683, 14.251783005420972, 12.057172246694122, 11.556090166034274, 16.649343619296737, 42.36857631352341, 44.1461925583487, 50.92440546547364, 59.61253354856998, 63.178943964247715, 62.496865012825324, 59.12716614396283, 51.64493322922234, 40.24398465920573, 37.785865740724866, 29.904706738896138, 25.972079837862697, 86.15887747610758, 79.14666107546985, 73.27457086219881, 70.25393004768564, 66.24384519015311, 64.22307256545656, 65.05884327212371, 73.43621808604706, 78.57340864303777, 81.47536642510525, 84.6132203194431, 86.61402641552704, 84.09591525997725, 77.9473087728815, 72.71693736679545, 68.49104413320697, 65.69183023702676, 69.4184520843388, 73.55046930684487, 78.7748510431614, 101.71379433551114, 105.988204714115, 108.86522251021003, 110.60010978179828, 120.11339538381718, 126.13668838010194, 124.08314091161249, 109.87607531634124, 101.40732809222806, 93.83255745850914, 87.44061739684346, 71.46572721425714, 60.26565265712988, 51.48639813088024, 46.83370127151035], [64.21399224909204, 72.52456476519087, 81.93839548675196, 87.93821627171202, 82.26825942105523, 72.84259554277854, 64.4447015790403, 24.199848469591995, 16.75291194761502, 8.944463989576176, 0.0, 12.448732362264765, 7.345967768090603, 11.337680791597238, 17.727858234057518, 63.436345733819415, 70.40131798716381, 77.09042981438937, 85.13310217817991, 92.01323111835511, 91.43655901591164, 83.8937794086116, 74.81279579953318, 68.7513515504821, 62.77838976453271, 30.595343525217295, 24.769524547856662, 20.667578375056593, 19.205857737455073, 18.648489095946058, 14.19569872423552, 12.966383029907492, 15.830417961397162, 18.826467477238552, 24.81152241896381, 51.13799959209097, 52.18594915310099, 57.940085462038546, 65.71898121235841, 68.33681401918912, 67.16818527297093, 63.105404066202645, 54.50938286342994, 42.99394531341994, 43.63057459572445, 37.43491417125244, 34.791182306272795, 90.3393115199594, 83.25935909434747, 77.05832307852506, 73.28838905266551, 68.59424215264913, 65.52857620765641, 64.7204943550637, 73.91334299471568, 79.82270097671919, 83.54187715709821, 87.49399362228142, 90.08719283013102, 88.13444902235491, 81.61020002454227, 75.51810995512939, 70.1585271915759, 66.00793256079967, 71.02082722314763, 76.27461340456964, 82.36492256206286, 109.2691635552048, 112.61909094606733, 114.77707829866536, 115.56633293773741, 124.26611452000118, 128.9650383462943, 126.12086588942283, 110.29753488096352, 98.9974857750179, 89.63000080314983, 82.26875638087117, 65.53483020548607, 53.17625659870733, 44.65401800989138, 41.52523895528428], [72.75436829538458, 81.0425529230526, 89.89722825084131, 94.95454345686922, 89.65102297441982, 80.5418445842425, 72.15485038854746, 32.740057851858325, 27.045495042566667, 20.59989296291427, 12.448732362264765, 0.0, 10.950770122579689, 19.558825658984258, 25.76712422007382, 74.09753273071186, 80.76251109141542, 86.9789796614511, 94.35961763909108, 100.41490366522817, 99.76461606029112, 93.04418455990258, 84.48502619436795, 78.64610199257369, 72.9199020569708, 42.81305373299333, 36.9731983119094, 32.10556475967344, 26.898918655530988, 21.632031404073015, 18.472156373009515, 22.6384604408562, 27.705507858453668, 31.185625117387325, 37.04245911276029, 61.29425586559078, 61.288625301908596, 66.01607662289946, 71.76587445974711, 73.56444494301921, 72.59628022957283, 68.35361253482863, 58.130418439094306, 46.71799149719272, 51.810338515871805, 46.96841191132207, 45.90225636861468, 93.06146952951715, 86.529016079653, 80.57012330221086, 76.25686696973096, 70.98643438545312, 66.55687371691313, 63.26252941895829, 73.40218208033512, 79.9944757187469, 84.56506605138127, 89.24813209454354, 92.29771213912764, 90.8485130309117, 84.57691576363, 78.03274671141965, 71.47374476425915, 65.4762841371537, 72.20262399587618, 78.63615990850279, 85.20840711481476, 115.948489837335, 117.08048788853571, 117.8637686673745, 117.18881122265365, 124.82438538142164, 127.82591913268472, 124.2150493665828, 107.90550571513661, 92.57738210614092, 80.8689474260873, 71.99867524318027, 54.185508636692674, 40.94990481661974, 34.181712839946236, 37.169339010193674], [64.9028837407211, 73.24305559269962, 82.36122288010168, 87.8436055317814, 82.02709851962011, 72.50261421895712, 64.27836329975483, 24.099207364713678, 18.7981778556183, 12.971071884157803, 7.345967768090603, 10.950770122579689, 0.0, 9.662181308727186, 16.67839320427106, 65.78307742794918, 72.71773338738272, 79.27972325547958, 87.16725944753577, 93.60954856711709, 92.79870268114533, 85.43645478376877, 76.47367661679556, 70.4577594147828, 64.53662020555596, 34.76023010160247, 30.226327795948286, 27.172536039941082, 26.47535227499995, 25.025375323494533, 20.550521549971915, 19.93403795381706, 22.019398670847984, 23.659388647280707, 28.964402228541264, 52.28430774018513, 51.60027652778134, 55.8890084053883, 62.50173292610513, 64.25915817520045, 62.894924103011064, 58.5871025815111, 49.159281842451726, 37.67042123771874, 41.09780268319286, 36.629180089432595, 36.66013232460029, 85.39211043574512, 78.26346345163522, 71.92844810313586, 67.78397147540706, 62.78403655078021, 59.20733390958354, 57.75570093141354, 67.18742431873928, 73.3410065503364, 77.39179869671754, 81.72636600855054, 84.64766536962084, 83.08165347287728, 76.33886532620848, 69.84343635036447, 63.962671778481656, 59.25375783354008, 64.78489574743274, 70.54545614496058, 77.04240735829045, 111.12713135613546, 112.74668941937675, 113.3563835539093, 112.87627272752081, 120.39796016214163, 124.00781612989041, 120.51262963827529, 103.477969915648, 91.89498803504476, 82.84337042361194, 76.16961871776508, 60.53144427396393, 50.213542559741, 44.825050927324305, 45.83261075392159], [55.446203123499465, 63.78540005140942, 73.00665847860432, 78.73717899562024, 72.76751246268692, 63.13934844233034, 54.937620392738545, 14.62697526303853, 10.303543500636325, 8.46861922611709, 11.337680791597238, 19.558825658984258, 9.662181308727186, 0.0, 7.268481073662228, 56.460751900702064, 63.37591814724427, 69.93732534893378, 77.90650266911258, 84.43367577546572, 83.56282787901122, 76.01157199448605, 66.98327673244069, 60.9565684847269, 55.036428519860564, 27.579560242211567, 25.317992110996496, 24.742023899891574, 27.934946778704234, 29.313259063529628, 25.120344497343364, 21.413600618285518, 19.834163279643807, 18.279342271136617, 22.05935466599168, 42.678037930887605, 42.08760387853111, 47.11094758258833, 54.412836889211924, 57.12522721257648, 56.366729106675876, 52.845149578133444, 44.38405461018929, 32.75552559317627, 33.38790170652892, 27.43105589000037, 27.462117806316723, 79.2943099795756, 72.24254898180361, 66.27845123576154, 62.9521202592399, 58.69408860152779, 56.259161694499596, 56.69521109826978, 65.21056044327852, 70.47543588001953, 73.60920377774295, 77.04332916256418, 79.31763369290947, 77.12813606886024, 70.80347163904263, 65.26225529048057, 60.623361176976594, 57.42909992821104, 61.520684648716916, 66.04711920864462, 71.58608469733137, 102.82920623714526, 104.95527546982775, 105.98078141733822, 106.27019581679644, 114.51008942091391, 119.44926605401145, 116.768670009174, 101.53511642169381, 93.21730761811342, 86.34728712432963, 80.88388091009983, 66.26707493306127, 57.45580090272865, 51.808049589652036, 51.39595938570033], [48.32385988290841, 56.65818428831326, 65.79448758225797, 71.47312700141721, 65.5067223706072, 55.90939976202666, 47.68908165499516, 7.546522735414835, 7.44203262227095, 11.872287693556705, 17.727858234057518, 25.76712422007382, 16.67839320427106, 7.268481073662228, 0.0, 50.338650067992816, 57.05709801585729, 63.390666280420575, 71.15974019455301, 77.47266263873684, 76.53072810509488, 69.1082442414832, 60.238221152121724, 54.3086225236453, 48.5212916810613, 25.28613415665995, 25.50689515772696, 26.859650856014678, 31.85084662062913, 34.29749471857549, 30.593160445051552, 26.0954026729505, 22.720279191914013, 18.819894329319176, 20.508194324597888, 36.20742187496631, 35.539875458253775, 41.292721301032, 48.564549052865644, 52.22756920279636, 52.37857453245531, 49.81326102113078, 41.96034433587679, 30.488759956954627, 29.48922588980825, 21.96680628906765, 22.272371852686458, 74.49872426851246, 67.82753954267433, 62.477894276684495, 59.94997434204387, 56.37358987128993, 54.72200172976647, 56.26012220640224, 64.07315406081706, 68.57026929530876, 70.96893134420202, 73.6150662873319, 75.27836066181767, 72.52447331724339, 66.87876719469374, 62.35149858886512, 58.713098628971956, 56.51297050111788, 59.63451543875462, 63.16521587324471, 67.70223308592597, 96.12233443303334, 98.13124059884605, 99.274784181599, 100.02418303046184, 108.81984040728051, 114.73381884191211, 112.75567130382977, 99.5296775166348, 93.26884173452927, 87.85695381575782, 83.10370043752717, 69.19242036691054, 61.60170808694127, 56.127689478344365, 55.714425626437844], [19.36157702571097, 22.04555110521479, 31.32863902553753, 41.273425134632404, 35.9857762749865, 29.707871412561587, 26.35751698925377, 43.19588790323663, 47.22039167352195, 54.50370550395127, 63.436345733819415, 74.09753273071186, 65.78307742794918, 56.460751900702064, 50.338650067992816, 0.0, 7.735040809337337, 15.949289893357387, 26.375900048137925, 36.26844694643383, 35.97712759719211, 25.233950530402744, 15.0005419622462, 9.470306661930067, 6.11225696791398, 36.868792144218624, 46.04445165612988, 53.443742856814005, 63.94653752897301, 71.52430021487285, 69.86838902330256, 62.39349556928092, 54.71503432853543, 47.710488391416426, 41.314591860575426, 16.21149886609443, 26.80553187967683, 38.37615901558276, 48.88174630945152, 58.30071721231547, 61.725244632026254, 64.46354064738672, 66.24750950335502, 61.32851446894876, 45.79674026630543, 36.32219537426861, 29.91966211558937, 80.06943670973472, 75.67416811964301, 73.9990267225795, 76.63866680910266, 77.7937359760632, 81.67748183332898, 89.69769446758777, 92.39554932163098, 92.40488570226542, 90.15490572081193, 87.68900412324744, 85.37947599499041, 79.57640740363225, 77.89879715633268, 79.65859445710025, 82.8696516691397, 87.29201080582833, 83.85839569076094, 80.67777162654029, 78.95344227612155, 61.38093522263865, 74.0404566595501, 83.04597459067608, 92.25676487455299, 106.79693080148571, 121.27234876940939, 124.6722618621982, 122.44169816236588, 128.914474324044, 129.82515466987357, 127.63702605843045, 115.46506413092068, 108.66698202992436, 99.59036936608551, 91.40186097174548], [19.438627604533224, 19.124592069465564, 26.829910346386644, 36.87735458829532, 32.53351111035237, 28.3121499286144, 26.80511719306605, 49.75243042600075, 54.089825117502876, 61.505856698897595, 70.40131798716381, 80.76251109141542, 72.71773338738272, 63.37591814724427, 57.05709801585729, 7.735040809337337, 0.0, 8.367098589611697, 18.986122105873807, 29.264585410346925, 29.171838943958676, 18.31806471694095, 9.020994751195182, 6.706892620117681, 9.554644262442482, 44.27938306279376, 53.29263039894039, 60.53720373677401, 70.6894407576272, 78.140473163413, 76.70207152612542, 69.46978445617032, 61.93048301939287, 55.00754259365402, 48.6879619396912, 22.64268350589415, 32.01945425420023, 42.84078138032737, 51.92919442152217, 61.80521250323139, 66.00144516614174, 69.49869500424633, 71.7048314224273, 67.30655723166082, 52.248251400453995, 43.20109007741409, 37.33026172885996, 81.81482512804679, 78.29130818486446, 77.52460529735403, 80.83854429678394, 82.5184709926753, 86.72158247059389, 94.93843107647331, 97.18900890510487, 96.66442413561371, 93.90841861162284, 90.77465807512729, 87.8626420477938, 81.65239991676972, 81.00518532577038, 83.75317586400891, 87.60601432424663, 92.40229794661145, 88.5594738790626, 84.73711928327916, 82.03882004500213, 54.8660284806394, 68.885274735616, 79.14743528506804, 89.69026648012523, 105.13909023840019, 120.85037055129058, 125.20047993395492, 125.46358544745888, 133.0421334107028, 134.59697145228688, 132.5751695649214, 120.64644604268679, 114.22276752776938, 105.10169740242019, 96.98813932218272], [20.81006230596504, 17.285336978158945, 22.143472104543342, 31.76947382642416, 28.878504847943308, 27.362445014076467, 27.747649036796485, 55.947468515806015, 60.691359619035175, 68.28270549382091, 77.09042981438937, 86.9789796614511, 79.27972325547958, 69.93732534893378, 63.390666280420575, 15.949289893357387, 8.367098589611697, 0.0, 10.672551520147092, 21.175329785566927, 21.32157565753624, 10.861807985313906, 6.305514154704039, 10.342139875224907, 16.01591522947437, 51.97776434661527, 60.82157708626294, 67.84625703362191, 77.51781277472513, 84.67259437264697, 83.43290038235301, 76.55601835783759, 69.22957767751528, 62.362378421879605, 56.18869767544549, 29.405337414164883, 37.61323478600365, 47.71397372026226, 55.018883541548696, 65.29788022510324, 70.39167726224474, 74.64605256801612, 76.96568476365115, 72.97173298118709, 58.80406120306509, 50.039824026992704, 44.7336024191766, 83.08351615031977, 80.62121518088694, 80.88413333227571, 84.8515558094037, 87.00845358694502, 91.39888080479885, 99.61827461820401, 101.49200370139499, 100.4515642233234, 97.23316630037237, 93.44812217522973, 89.91841490618606, 83.29121809535228, 83.83830657578056, 87.60618121422769, 92.00097123763572, 97.01413665000317, 92.90695166388879, 88.5359838920919, 84.83529819211535, 47.157686906091506, 62.19539351393965, 73.7181328434765, 85.62994389815759, 102.06537917562808, 119.0349593658342, 124.42358040306492, 127.61361586207298, 136.07617851690563, 138.24615024015546, 136.3609452342033, 124.74844223341147, 118.87378929130772, 109.90168599894871, 102.28149724232321], [25.712624884740357, 19.638754850428402, 19.354356770834343, 26.969635709692557, 26.785614572941554, 29.076632301479588, 31.353101322255075, 63.651860601701024, 68.77390237718492, 76.50056567669867, 85.13310217817991, 94.35961763909108, 87.16725944753577, 77.90650266911258, 71.15974019455301, 26.375900048137925, 18.986122105873807, 10.672551520147092, 0.0, 10.946487615136096, 11.862884893503516, 6.52948049011091, 13.597984713486959, 19.417961889111307, 25.516540997689543, 61.47566452273609, 70.0646909869658, 76.77284762660754, 85.78132688159984, 92.49478677926608, 91.50118459033462, 85.120372808869, 78.1081662961809, 71.34682558542838, 65.39972838367567, 38.432838452361665, 45.52162820415224, 54.853671637717035, 60.0014100268617, 70.57896766798706, 76.67995575126331, 81.69813325668474, 83.88958908632371, 80.22385618898828, 67.330602697908, 58.76949453492393, 53.96500726594794, 85.42463559261687, 84.32272593465343, 85.80643149476909, 90.44009497913444, 93.05633866159476, 97.51725956198892, 105.53556946946571, 107.07195995293817, 105.49812690840585, 101.82778261561052, 97.35850999628362, 93.14767910757759, 86.08152157397095, 88.08615024983368, 92.96738574071297, 97.84069184413259, 102.92718632642061, 98.68263168607967, 93.81967400052517, 89.02499996888322, 37.05691221796854, 53.40889238671557, 66.7694734493992, 80.50006998329982, 98.23574921049006, 116.71926421569303, 123.42682493836377, 130.41255066842686, 139.58925571845188, 142.3536017889221, 140.5325701962945, 129.28036887565585, 124.07104552356505, 115.3235014954206, 108.44587965341924], [30.64946389738961, 23.381296852291854, 18.05288426442193, 21.59120052682435, 24.587234094287933, 30.452318524825035, 34.36435041188796, 69.97903061161588, 75.71542635991386, 83.62579660104197, 92.01323111835511, 100.41490366522817, 93.60954856711709, 84.43367577546572, 77.47266263873684, 36.26844694643383, 29.264585410346925, 21.175329785566927, 10.946487615136096, 0.0, 3.2019612938232087, 12.323423663941567, 22.28957478323579, 28.22093528157029, 34.31418767222437, 70.37243086366374, 78.81694884263256, 85.25505352289807, 93.69180065452093, 99.81366447743254, 98.88169850150754, 92.98874775942194, 86.28818606752776, 79.5333574777098, 73.85406724093095, 46.27995486948695, 51.77913285661652, 60.00878751668803, 62.70846540629279, 73.36140264909967, 80.47328887637946, 86.25900227404284, 88.24403651429748, 85.0829624415674, 73.82114326192915, 65.78510948950185, 62.07694063272814, 84.83387951451675, 85.18417763290347, 87.94559921882554, 93.2208493457957, 96.29930572033355, 100.78981263443524, 108.54633867097431, 109.64366185613818, 107.48574655634555, 103.3688950484726, 98.2346518707269, 93.37073480696996, 85.94426915991937, 89.46162442291086, 95.46210623107521, 100.79137713287669, 105.93180410371593, 101.55230667834157, 96.21734433840615, 90.3238781983364, 28.144869527410393, 43.32401821768268, 57.59078268149698, 72.68717865514037, 91.36987254531849, 111.10385257479318, 119.01500478026617, 129.7681370904026, 139.80614476212133, 143.43672537305167, 141.97176855591516, 131.54772856384662, 127.57296447078768, 119.71093201515812, 114.41854972978965], [29.13252363951879, 21.514725319018808, 15.281011289654526, 18.661281375802627, 21.61747406801805, 27.90807381944852, 32.35338356242415, 69.03061830203487, 75.04844465767701, 83.05638289310446, 91.43655901591164, 99.76461606029112, 92.79870268114533, 83.56282787901122, 76.53072810509488, 35.97712759719211, 29.171838943958676, 21.32157565753624, 11.862884893503516, 3.2019612938232087, 0.0, 11.453908456682592, 21.53558869136562, 27.476023011318816, 33.57921488347941, 70.11133453736008, 78.67503115746106, 85.18134414852081, 93.74078520441452, 99.79632820517843, 98.71445113325551, 92.77240448736656, 86.03213563145566, 79.16935764780912, 73.49258831968282, 45.21968634413506, 50.04501890397458, 57.80642154074514, 60.073410682096124, 70.68120190104054, 77.91024723981549, 83.85445774493867, 85.97937334134043, 83.11255686867759, 72.06207428156557, 64.41305213916581, 61.33216235798871, 81.7961855705406, 82.24098496216959, 85.14536454931417, 90.53958715361628, 93.7419385273868, 98.33225655356358, 106.20440227517436, 107.09804272017993, 104.79402384173866, 100.5650531878278, 95.31923086438233, 90.38140525709143, 82.9374493841139, 86.57745750565971, 92.74668074953232, 98.23079031255966, 103.52049518391563, 98.97984898730482, 93.49130256042078, 87.43229567506636, 29.86350324530064, 42.87040987348297, 55.942211619279576, 70.53093908997046, 88.85146748137986, 108.44625989025123, 116.25481808227713, 126.8981901979762, 137.4275892526104, 141.4458668525169, 140.3194634599899, 130.31245489822774, 126.82148097504161, 119.46543085082779, 114.74851215591035], [21.96635972858193, 14.86353873149843, 14.082337129859308, 22.581285290053508, 21.303941626785218, 23.526335987114717, 26.856765024641923, 61.56288309151315, 67.29512014709378, 75.24214337482472, 83.8937794086116, 93.04418455990258, 85.43645478376877, 76.01157199448605, 69.1082442414832, 25.233950530402744, 18.31806471694095, 10.861807985313906, 6.52948049011091, 12.323423663941567, 11.453908456682592, 0.0, 10.529626555924855, 16.853955693685204, 23.220996851711337, 60.719909888350834, 69.62041336790129, 76.52142735797035, 85.86945289692244, 92.4868888619173, 91.14969760024955, 84.60642644059821, 77.46535465168793, 70.44385902913454, 64.46272528888537, 35.63589513370177, 41.29074556624259, 49.69659721960485, 54.26288674266587, 64.77063899068906, 71.01401527508479, 76.33351514615583, 78.94355629686393, 75.9184344508462, 63.20854402718766, 55.49909346134292, 52.09478661898214, 79.31131200920036, 78.22183097484131, 79.86547015044671, 84.71630515990378, 87.58433598781679, 92.30705932722879, 100.66466872725678, 101.76878960478646, 99.91331523245628, 96.01883640879902, 91.35508804093176, 87.0447076456967, 79.98006242444812, 82.0636942434355, 87.21190785429485, 92.4225508086621, 97.88368097917773, 93.24943165022273, 88.05551294924649, 82.99831286334846, 40.21100206691652, 53.30181478287323, 64.46332511767008, 77.06158760786147, 93.90564929481346, 111.96394384534416, 118.35109957305615, 124.7430353889799, 134.97850657319785, 138.53556940361054, 137.43269982992737, 127.02250046416937, 122.7671234154996, 115.04805111705342, 109.30103195558587], [15.65823115289304, 11.87157874907167, 18.048596651446395, 28.107982415317696, 24.04471821522918, 21.47019456699755, 22.15829405691571, 52.73795772848041, 58.17844120013353, 66.02898544744343, 74.81279579953318, 84.48502619436795, 76.47367661679556, 66.98327673244069, 60.238221152121724, 15.0005419622462, 9.020994751195182, 6.305514154704039, 13.597984713486959, 22.28957478323579, 21.53558869136562, 10.529626555924855, 0.0, 6.438419059838684, 12.85784167026356, 50.703339599603815, 59.79294009212745, 66.91253181379717, 76.74845193741437, 83.66106345415962, 82.10296361011221, 75.19058581280146, 67.82636602291417, 60.71066381839781, 54.58416213716298, 25.694655240458708, 32.50001392207877, 42.04294774927585, 48.834856078189425, 59.15634190721166, 64.47190339841553, 68.98378734156755, 71.42074591366021, 67.85482222136255, 54.081662205168996, 45.95661740642283, 42.11481127552521, 76.80027088753545, 74.32811336014304, 74.7000045942867, 78.79771503476265, 81.10099364103326, 85.61437393286243, 93.99788307430026, 95.6056195359144, 94.38778997761547, 91.0532912755037, 87.17910600244277, 83.61674441790706, 76.99285676563974, 77.5825072033409, 81.51473175919885, 86.08730659943265, 91.29321174089023, 86.97948177915151, 82.433003711183, 78.57551403411587, 49.1802934240285, 61.31641064810624, 70.89735714998422, 81.65272199290389, 97.29434628172643, 113.73185642410404, 118.76942664491995, 121.43252148967886, 130.4773430260895, 133.22384304803174, 131.89867298608183, 121.01750304462304, 116.07135645639462, 108.13928733299804, 101.85106043177338], [13.125211004542441, 13.137846122860248, 21.918260631633846, 31.934235234669938, 26.861841479582896, 21.77067990962067, 20.247094639656673, 46.85713719097918, 52.12766040819569, 59.92397811510281, 68.7513515504821, 78.64610199257369, 70.4577594147828, 60.9565684847269, 54.3086225236453, 9.470306661930067, 6.706892620117681, 10.342139875224907, 19.417961889111307, 28.22093528157029, 27.476023011318816, 16.853955693685204, 6.438419059838684, 0.0, 6.4194271948331965, 44.41599067045487, 53.582952744744425, 60.77748046973193, 70.81218266117031, 77.80596119797244, 76.11421467521302, 69.05335904971706, 61.60987178924291, 54.4422449228581, 48.28084391020362, 19.45978937775941, 27.29512965930351, 37.80421737392754, 45.908345570998314, 56.03693631627577, 60.79411417939122, 64.7222988093045, 66.76712337568506, 62.69731345016009, 48.515627126355255, 39.93103658677932, 35.73402464047196, 75.39117522232421, 72.14660202887298, 71.7421556985627, 75.29012056227725, 77.15156764484082, 81.39579336396434, 89.61257885376645, 91.64421661775776, 90.89127362750948, 87.98786496101977, 84.67702026565027, 81.6178896513806, 75.29516538473754, 75.0031535310496, 78.11242728867762, 82.14482064802337, 87.02306991650477, 83.07164595004726, 79.0656402464386, 76.02157743726518, 54.29954586823707, 65.58431788716503, 74.24768321793208, 83.90138901446248, 98.86197747325933, 114.27222204802581, 118.51036168096508, 119.08375555182643, 127.08299823171816, 129.209227125815, 127.66323010434081, 116.46930107526181, 111.12627155795815, 103.12544845189589, 96.69850932161565], [13.487562972268265, 16.927965755825063, 26.776000991163823, 36.4839368532413, 30.771047185298134, 23.85936212542048, 20.28354873282952, 41.1553236141236, 46.19479696792019, 53.91025412995744, 62.77838976453271, 72.9199020569708, 64.53662020555596, 55.036428519860564, 48.5212916810613, 6.11225696791398, 9.554644262442482, 16.01591522947437, 25.516540997689543, 34.31418767222437, 33.57921488347941, 23.220996851711337, 12.85784167026356, 6.4194271948331965, 0.0, 38.196113341557854, 47.45018705544451, 54.727541308335134, 64.98507723899074, 72.06287493904237, 70.21834410813776, 62.99092002721034, 55.45952077936557, 48.23441227342455, 42.034880949504476, 13.43443641384714, 22.74291827305709, 34.26859297749835, 43.7448877996239, 53.520255686680294, 57.613106081832775, 60.85711547992667, 62.443126871830486, 57.80961984263987, 43.20873922264766, 34.07295582632392, 29.395265909049314, 74.51408790591688, 70.4912107659853, 69.26486281469025, 72.19606810592407, 73.5643035301814, 77.4931200775541, 85.4970914116952, 87.98497037336703, 87.73613621940186, 85.30553429676219, 82.60679492477885, 80.09105114280204, 74.12120906771722, 72.90785921316976, 75.11707040103671, 78.54231047795112, 83.04252242989278, 79.50307000860509, 76.10298391318143, 73.94660702366437, 59.6532027133438, 70.16321863883022, 77.96841720279889, 86.5565947746549, 100.80534345410265, 115.1621084812639, 118.59514396650087, 117.04530122834325, 123.93453024688962, 125.40204714844376, 123.62322516442548, 112.11192855874862, 106.3478297147458, 98.28449908000601, 91.71680586690053], [44.915863264121256, 52.36389025793651, 62.683023277087024, 70.99487017018157, 64.94118367632655, 55.666335744835685, 48.10175189757124, 22.649539532070182, 19.12122722424107, 22.417801917570088, 30.595343525217295, 42.81305373299333, 34.76023010160247, 27.579560242211567, 25.28613415665995, 36.868792144218624, 44.27938306279376, 51.97776434661527, 61.47566452273609, 70.37243086366374, 70.11133453736008, 60.719909888350834, 50.703339599603815, 44.41599067045487, 38.196113341557854, 0.0, 9.58311383384785, 17.395041446484313, 29.22015258768775, 37.41899725551954, 35.07212174563338, 26.59980052421952, 18.503542948659913, 12.074932411691792, 5.821024983806204, 28.677930254533223, 34.990533704233805, 44.64512141922245, 57.051658743543946, 62.57789054545369, 62.093259248949025, 60.00227301139028, 56.97346923158107, 47.76818041417634, 35.636855924805765, 24.87568675226083, 13.285801890749125, 88.19675791413061, 80.97908992476046, 75.50689621450447, 74.1066336504020