{
	"dissimilarities": [[0.0, 8.571668868850393, 17.83057075010144, 24.96216739703829, 21.2021914937381, 12.608672728328747, 7.834082329392893, 39.676687383237606, 47.605618228483664, 55.91941004286288, 64.21007891750922, 72.82722917803842, 64.88193403972787, 56.49805401258647, 47.165512379044515, 17.656768162776387, 18.49480121001169, 19.99976649363542, 25.047893071305342, 31.503814920509374, 28.41294569500901, 22.030207097124645, 14.671360348106273, 12.114938972794084, 12.914886401844113, 44.385415126736454, 53.43796080734133, 60.07808220659559, 69.58794090998211, 75.32422352049043, 73.3592956208849, 67.01236702237733, 59.9239592206098, 52.711199875069234, 46.97414156988591, 16.551311978206556, 22.329940392457967, 33.649909212415785, 37.565677848776026, 47.86167284491066, 54.656136403053644, 58.0245532918863, 58.82360631733951, 54.26358626114467, 44.277211011557895, 34.90246535016173, 33.681059926557815, 66.78104756015475, 63.091765616995914, 61.98676948222539, 66.2215776786779, 67.95376679499877, 73.5572432330305, 81.07885946412416, 80.98919422848107, 80.32330739514366, 77.8506369184052, 74.57298382002601, 71.14090708967134, 65.72735706255034, 65.32285527788063, 69.3953615138245, 72.99610555967466, 78.12603571445891, 73.83034613426646, 70.21200450149384, 67.1665875767819, 55.06261397912563, 56.46493283547198, 65.61086088012091, 73.91547061365945, 87.73645068234978, 97.4896193000086, 98.70543529745522, 106.75796694215423, 115.48672389988835, 117.51729962710742, 113.42514854408661, 103.83771835957279, 101.45003529659503, 95.41323407445758, 93.57440864740514], [8.571668868850393, 0.0, 10.18418807403055, 18.670556468365966, 16.02616675592698, 11.690557246126382, 13.033293607335061, 48.15797687205252, 55.87544136858957, 64.09429743492156, 72.51611858786174, 81.28009160427104, 73.38419144745068, 64.98008737173927, 55.67265526086301, 19.621130011186533, 16.92470331733791, 15.056559749054662, 17.902983318985164, 23.815919857704976, 20.359796375460736, 14.0953005501748, 9.274326145568203, 11.016430281836032, 15.639669039327172, 51.53645681169712, 60.69676660416779, 67.52445027430497, 77.15899373004952, 83.19576133641006, 81.38355312006352, 74.87766562770739, 67.69559797079116, 60.47272031156782, 54.58705416496574, 23.00284363782554, 28.588435541786136, 38.46718768089367, 41.62028917386794, 52.0851649251878, 59.314081489595615, 63.339304410819366, 65.39758558475243, 61.6225018841547, 51.00752396897786, 42.50329641581447, 41.376827276216325, 69.23645967874504, 66.33926531196711, 66.19734469927951, 71.05937309808114, 73.46497306326256, 79.71155062021501, 87.76502173257848, 86.98683673534548, 85.58814674711576, 82.55316492458589, 78.47000076168617, 74.30785732909011, 68.64480186858862, 69.19277885009933, 74.18586129897007, 78.68961233940504, 84.51392156732071, 79.50219355661493, 74.99179352463959, 71.01601327738463, 49.233186246198514, 51.9421397547789, 62.605305267546605, 72.61232693979368, 87.24842219785482, 98.50661489401044, 100.74088480898155, 110.9445880608136, 121.5662712724985, 124.60961514139927, 120.97475182072263, 111.73365570664485, 109.63490468832204, 103.40972182416655, 101.10932382443535], [17.83057075010144, 10.18418807403055, 0.0, 9.221577634716741, 8.892166136069713, 13.319888098458861, 19.097724046468652, 57.297938111295046, 65.38236698727468, 73.69960065839878, 81.89802309137359, 90.08266062084819, 82.38580415093621, 74.0816210951209, 64.70705382844949, 29.013478676933914, 24.692147948449584, 19.820449287988886, 17.268445362599874, 17.91216579378312, 13.560728629553576, 12.774411973138491, 15.50731716058797, 19.985073223203813, 25.437740399980676, 61.675123238903595, 70.77914908580154, 77.49892478851677, 86.82904535499871, 92.57848339471005, 90.82555633014411, 84.6264162179009, 77.58557709502008, 70.4080719145876, 64.60205324448107, 32.9213778496749, 36.85990137688677, 44.53254301014001, 45.17722725188091, 55.493811000144305, 63.80429392813018, 68.61718578500914, 71.25715595503067, 68.51044674970021, 58.89135289774832, 51.55803330167455, 51.302103249273216, 68.87629147468327, 67.55106444456193, 69.20729219259077, 74.7637089607855, 77.9167677380908, 84.40673137074472, 92.64809705477673, 91.03891336120263, 88.93356560975923, 85.23463285559494, 80.2554813725465, 75.0236260116715, 69.04453004729433, 71.28776388804556, 77.49965072524324, 82.86968683447526, 89.09793171101168, 83.58630233542496, 78.20583699367911, 72.93536657059596, 42.80327054006581, 43.91854314701732, 54.898854003088445, 66.2783227119893, 81.71123298937327, 94.73204200218068, 98.48611700019788, 111.94065544185173, 124.27265174651832, 128.72637033086679, 125.86960231083366, 117.44189148089673, 116.51572715286117, 110.99037140488755, 109.5416501906313], [24.96216739703829, 18.670556468365966, 9.221577634716741, 0.0, 6.905072243758571, 17.27711797778756, 23.947754880765658, 63.015477278821315, 71.54411635063951, 79.97011380548241, 87.7395640472366, 95.00462678966299, 87.65950969497574, 79.5925567153138, 70.19811097988482, 38.04249505645668, 33.80542010582757, 28.458882440551793, 23.833435893041965, 19.479696699168855, 15.565603578747917, 20.107322867324235, 24.63944377313778, 29.071933907677455, 34.26409099823845, 69.29694539570173, 78.2080281087948, 84.62760552677668, 93.39373243674979, 98.542072531729, 96.80615830703226, 91.16783470399602, 84.42582337796057, 77.3672109446731, 71.78951882397506, 40.820223274950735, 43.39954550984906, 49.53438005452853, 47.60653807564145, 57.51115528245999, 66.8741396720327, 72.14712623758226, 74.44831146076287, 72.39865943338182, 64.59116876215576, 58.0033820887648, 58.49739144058964, 66.95740274045514, 67.25752909721763, 70.61329045231399, 76.5439097618922, 80.10506478325884, 86.29291639699233, 94.2288995811712, 92.11413316185657, 89.72163479276499, 85.61907839219356, 80.13256854408499, 74.03265484382054, 67.83393963495902, 71.68204161527893, 78.75432780473702, 84.47354696050702, 90.5641033013644, 85.06935996669776, 79.32327577030043, 73.08223759279846, 39.13637959178383, 35.929199610301005, 45.95216744029662, 58.050735731698914, 74.21819918844436, 88.66167026520002, 93.87615260147412, 110.22072589365989, 123.03337535422897, 128.4620245463083, 126.22455373971621, 118.5482038337401, 118.8892903545145, 114.35571747155394, 114.32027525356757], [21.2021914937381, 16.02616675592698, 8.892166136069713, 6.905072243758571, 0.0, 11.221122350845883, 18.925745846872882, 58.44725125305684, 67.2610566248843, 75.76391347517868, 83.54298800384824, 90.90331006706369, 83.11707835539065, 74.89114592049268, 65.55692947992665, 35.26415167502184, 32.225021737617034, 28.335186779903005, 26.057216078982993, 24.57935768028833, 20.229579564259137, 21.517003288479298, 23.33357953203025, 26.625775150895514, 31.034241341834054, 65.36356290074782, 74.45450324864214, 80.97573668719885, 90.11266762290731, 95.19748224382586, 93.17260546220169, 87.37941402834208, 80.49379199852011, 73.29992030183986, 67.70032111895402, 36.33105185664065, 37.4844282026962, 42.83245957966866, 40.741730408555476, 50.687055550342684, 59.97403994619851, 65.26385489259958, 67.81254830323142, 66.03552926791393, 58.22756942708157, 52.37755763451568, 53.94844488164917, 61.28842401694915, 60.9515474804315, 63.889779037909726, 69.78388455939043, 73.34728145031762, 79.72855628259998, 87.94113302340325, 85.73076847586394, 83.24806719329688, 79.1907960178275, 73.8018565331834, 67.98632665518369, 61.86178218657498, 65.18643079691618, 72.09729761045125, 77.86521582010032, 84.19550925816455, 78.48641510032743, 72.69798389100879, 66.65934400479989, 45.849441203026814, 41.40698397304335, 48.69840668794452, 58.404789860391226, 73.11321631820941, 85.93560303101789, 89.89293653368516, 104.6015481036225, 117.92017827076441, 123.60140657591853, 121.64722720471626, 114.46503640416655, 115.24894846697195, 111.4266361599445, 111.93332505775113], [12.608672728328747, 11.690557246126382, 13.319888098458861, 17.27711797778756, 11.221122350845883, 0.0, 8.664673825545714, 47.843791735554106, 56.75046204545426, 65.26829272418209, 73.12563884576807, 80.82986342766307, 72.61600652357183, 64.22030279461008, 54.946553036652034, 28.055996508475705, 27.428778130525266, 26.468700068386077, 28.21842193773098, 31.00252791909118, 26.829148326079043, 23.655479376353338, 20.3453234272013, 20.808978536519184, 23.255027815223553, 55.12713955926672, 64.2913565476456, 70.85661180814452, 80.33528704275652, 85.44294107936206, 83.16120552154572, 77.15296198346735, 70.13991923018851, 62.855889177154324, 57.266757829789334, 26.197001744025005, 26.503188807610474, 32.91242654649921, 32.53392649793881, 42.90210816018331, 51.43898173858193, 56.10909020080147, 58.1338062907687, 55.657926855327354, 47.33799072733604, 41.16829482994778, 43.243289356271475, 57.8546850716851, 55.65386452142552, 56.72761348013193, 62.00276695948672, 64.901974069454, 71.14103561204654, 79.33752785858096, 77.80490706260346, 75.93811598771703, 72.50363273726431, 68.00568036521715, 63.32982270174002, 57.514646299847435, 58.96925714389696, 64.70695680154803, 69.71112751739007, 75.79253649715521, 70.42863893325328, 65.41055794548477, 60.64533781532001, 53.977318260368534, 50.54937562477675, 56.627239116161476, 63.8743052156639, 77.01499372920733, 87.24095053729467, 89.09898069082227, 99.91986151375288, 111.86244674780416, 116.46720818764989, 114.02749626236822, 106.4899179122274, 106.71472008160197, 102.93291814062515, 103.37371334416984], [7.834082329392893, 13.033293607335061, 19.097724046468652, 23.947754880765658, 18.925745846872882, 8.664673825545714, 0.0, 39.5368533597509, 48.4012284567931, 56.926231741598826, 64.6996611146946, 72.36660120250411, 64.33583080689272, 56.031051834945, 46.68923663152717, 24.72120970238738, 26.022281050312937, 27.007498454927067, 30.70526886040997, 35.10540346315663, 31.559194184438375, 27.03525983033703, 21.20319797432446, 19.38133930806385, 19.779081661938754, 47.5273193469129, 56.41676076192622, 62.73342332490114, 71.9036270907039, 76.85157859953674, 74.60428880278046, 68.76997281439516, 61.9216403253702, 54.75340406222734, 49.334933730415294, 20.291729661217595, 21.704990811574188, 30.67239622570439, 31.934590298522505, 42.20219303375389, 50.02896099709085, 53.78011398492637, 54.1589173472849, 50.34618200829369, 42.40442020755117, 34.555544819645746, 35.6720450437611, 59.54930307785692, 56.40687428705592, 56.16874510077985, 60.61957874568748, 62.5952314606018, 67.994531693501, 75.43600812322826, 74.94484768177902, 74.11534274597773, 71.4329859564943, 67.97316794360775, 64.20004805450846, 58.67344479099445, 58.927233618994826, 63.447480089068726, 67.23077936447763, 72.33367246174377, 67.988980224448, 64.1780099717027, 60.644142253778696, 57.116184268981705, 54.67272523677997, 61.06034994613514, 67.65889783177951, 80.66060556196798, 89.81959037350815, 90.92836462597657, 99.53280503243579, 108.68422864129354, 111.61086255172434, 108.22965205695301, 99.6835551377135, 98.90174734059579, 94.55518074121555, 94.76458651760056], [39.676687383237606, 48.15797687205252, 57.297938111295046, 63.015477278821315, 58.44725125305684, 47.843791735554106, 39.5368533597509, 0.0, 9.922656018107753, 18.249687048107155, 25.428927969646185, 34.195706229139134, 25.30443787839193, 16.843818436374338, 7.583756718196399, 40.791170036123575, 47.88930233480799, 54.179942956014585, 61.9401123849692, 69.70405911660279, 67.38991773514066, 60.304459311697414, 51.0519889351022, 45.14586508269446, 39.493989317581956, 20.316481577788338, 24.562246245589385, 28.21478477977846, 36.17980194306398, 39.82465607972333, 36.61129312244032, 31.183072801786047, 25.29036354022213, 19.356222051183465, 17.034986593987945, 29.584920031895543, 29.80875412006369, 38.21992515573892, 45.14576704763451, 49.973448720324036, 51.102292919610235, 49.329387684399364, 42.48453965482433, 32.54555785404283, 29.330483367763204, 17.917465290465, 14.246523324193905, 73.60992236546501, 66.4008723620648, 59.89855594561205, 59.567281092890596, 56.827338877178015, 57.76285361370066, 61.00633730461593, 65.63686915574091, 69.44859321186792, 70.6929174875437, 72.35669882794546, 73.51441908470406, 70.44131712289685, 64.80619899399387, 62.71955374559431, 60.31898098771739, 60.51382240971247, 61.22933978290135, 63.532599502111715, 66.50264555748444, 88.9385634305671, 88.5115544566235, 93.3870537621848, 95.71299921270925, 105.25678499343563, 107.9614194804688, 104.2335850044933, 100.0712879584052, 97.97265058663298, 93.22013382348224, 85.9274117354566, 73.72073831220133, 67.76412549943467, 61.81341511076796, 61.25613901483131], [47.605618228483664, 55.87544136858957, 65.38236698727468, 71.54411635063951, 67.2610566248843, 56.75046204545426, 48.4012284567931, 9.922656018107753, 0.0, 8.560460676297858, 16.850732378720693, 27.75964832309853, 19.26397664923258, 11.851867030117324, 7.787963363680459, 46.034831895009745, 53.29986834829113, 60.04443588438664, 68.21208633255759, 76.60040288577011, 74.62613748940619, 67.0996603286863, 57.68125016416292, 51.589249656912834, 45.663439360220714, 16.466819958441185, 16.797212782998137, 18.853155645970837, 26.598227102193672, 30.720503433344494, 27.424778631273984, 21.31772571092463, 15.49188764983283, 10.546203956968165, 11.102250663723414, 36.20723517498739, 37.75959630616241, 46.180187381479264, 54.1763040905241, 58.41077046082852, 58.24765836424752, 55.60346639255252, 48.43084345669592, 38.044233766051605, 34.80948771121275, 24.23839472685912, 17.85301734499922, 82.59751464612401, 74.9205857596797, 67.54639642001639, 66.50268930480756, 63.07526548012012, 63.33050565218296, 65.63038022242435, 71.22624534007589, 75.74283226580899, 77.64550759883414, 80.03852575194796, 81.90438934465601, 79.19860967423399, 72.80307137227697, 69.74112697158093, 66.4263027877559, 65.76526118372445, 67.35711164328372, 70.57616311963797, 74.50230951946928, 95.44631170628088, 96.67015994529672, 102.4859637760314, 105.15851214677025, 114.78644156884056, 117.10743535463327, 112.94255866059471, 106.86368551148527, 102.53634802780545, 95.71175659324618, 87.18745815003491, 73.58790997394361, 64.91358849927533, 56.863455267369915, 53.864378973095945], [55.91941004286288, 64.09429743492156, 73.69960065839878, 79.97011380548241, 75.76391347517868, 65.26829272418209, 56.926231741598826, 18.249687048107155, 8.560460676297858, 0.0, 9.431236515774799, 22.17313168690749, 14.628700340979238, 10.704071394536474, 13.631436055251147, 53.23684574048074, 60.53916111368338, 67.4744201729744, 75.79939233575628, 84.42620881388703, 82.60981521247842, 74.92358653391408, 65.4630345916336, 59.3147885273461, 53.294786100314845, 19.574934596220213, 15.229833566645501, 13.698746405938467, 19.65055172368476, 23.36780981469117, 19.640537159037482, 13.260499772555217, 8.87998145663903, 8.66959889064154, 13.638957780379297, 44.02874433705297, 45.625334689674354, 53.369657269608346, 61.62228705463923, 65.10284963636927, 63.948116860988925, 60.56436243013732, 52.82595137266125, 42.339567655435836, 40.212512873316456, 31.196419374472672, 25.02015362040707, 89.3142538855579, 81.30057225438343, 73.28452895076856, 71.54986061595035, 67.49177368384026, 66.93472485494661, 68.21695540929093, 74.64175375355676, 79.83448642924377, 82.36045402950484, 85.48256759557499, 88.01848939320003, 85.71026769976733, 78.69246806110485, 74.7315090906521, 70.51047636713407, 68.93800786173547, 71.42975825439444, 75.55353149839596, 80.34181367363749, 102.85093636930038, 104.63406264615428, 110.54665450715723, 112.95580926314341, 122.24419587737552, 123.82641901316683, 119.0804916869398, 111.05665191979676, 104.60788515223281, 96.0453195112323, 86.61298575551835, 72.18172102478562, 61.570322012183475, 52.4210373530758, 48.056869215233824], [64.21007891750922, 72.51611858786174, 81.89802309137359, 87.7395640472366, 83.54298800384824, 73.12563884576807, 64.6996611146946, 25.428927969646185, 16.850732378720693, 9.431236515774799, 0.0, 13.400750270024474, 8.604327107814651, 11.866263165822085, 19.07165774239914, 62.45633219490544, 69.66439701739478, 76.41738793577994, 84.49010583800903, 92.71271596905474, 90.93937417347206, 83.6247812649728, 74.32245969869244, 68.26778172421392, 62.35394261409904, 28.769308829519748, 22.872024484334787, 18.367654462412997, 18.029459594990804, 17.61638577140399, 13.05036778314328, 11.35504014386409, 13.400798674645364, 17.2810068197068, 22.918734099718094, 53.00708136343285, 53.900414405765694, 60.61796269888267, 67.86583049496633, 70.43247665067369, 68.92642580826919, 64.97460871781445, 55.74639486558473, 45.32577237678582, 46.432671197109926, 39.04217517361601, 34.170735122604036, 93.36336155263474, 85.48439985920027, 77.39892598731, 74.95684112904564, 70.23383085179918, 68.2159407572892, 67.77585654596358, 75.17125173327734, 81.33455986844427, 84.54257981073944, 88.51314173904109, 91.58762016834211, 89.69128550753156, 82.4912728394658, 77.73882779155095, 72.35045012799625, 69.2429638144058, 73.17648092337902, 78.45816983967596, 83.9532946631768, 109.96505121406759, 110.87090022172062, 115.89812530642519, 117.33494824069169, 125.92607311394104, 126.45964352460392, 121.25096016185752, 111.5956589162313, 101.87326545427723, 91.29749262975227, 80.86990574347831, 65.61251668342555, 53.60722162733854, 44.54434413814266, 41.5568702589442], [72.82722917803842, 81.28009160427104, 90.08266062084819, 95.00462678966299, 90.90331006706369, 80.82986342766307, 72.36660120250411, 34.195706229139134, 27.75964832309853, 22.17313168690749, 13.400750270024474, 0.0, 11.220845348435608, 19.647450896749863, 27.205731187190867, 73.36187951087176, 80.28432890833079, 86.50326019917506, 93.91639151013315, 101.14457742520244, 99.39400803743246, 92.96379371632493, 84.09402378330758, 78.32235915449921, 72.74287937103209, 41.66157818113311, 35.972180021845034, 30.772151715934342, 25.67225403423262, 19.420089559086282, 16.059311055975876, 21.636388910234025, 26.3404167847412, 30.45129919706442, 35.76278184992062, 63.38743931701671, 63.42085561889086, 69.08828766804135, 74.27037039377225, 75.93465100837344, 74.8324220542152, 70.64782488024639, 59.383957880965006, 49.44570040502282, 55.0055026030998, 48.95184628931222, 45.50947086345562, 96.02785584362695, 88.9298408177563, 81.54277485419435, 78.52176661953659, 73.25463561718716, 69.22228477558554, 66.29729620616075, 74.70025152815181, 82.04925798112713, 85.90027622577094, 90.70804167805358, 94.04040970252633, 92.515818573537, 85.78084443558238, 80.54108731635135, 73.89560610340908, 68.65898992915533, 74.5302425768021, 81.05985657909368, 86.90814942737703, 116.2698147543976, 115.20985466153924, 118.61904308513223, 118.5938430761258, 126.27962265392105, 125.67632386837806, 120.36872908111195, 109.83272189002709, 95.32791398184285, 82.15636504545083, 70.34822666227028, 53.74183581999153, 40.342862146860824, 32.62951518550123, 35.41102345876569], [64.88193403972787, 73.38419144745068, 82.38580415093621, 87.65950969497574, 83.11707835539065, 72.61600652357183, 64.33583080689272, 25.30443787839193, 19.26397664923258, 14.628700340979238, 8.604327107814651, 11.220845348435608, 0.0, 9.036595646031529, 17.851730514411006, 65.02349095856582, 72.29818242154916, 78.85301609974996, 86.69207730170288, 94.38206937458213, 92.29862527241275, 85.36613303465181, 76.12374108397646, 70.14030734958325, 64.31258659451366, 33.658168988688686, 29.55192783996648, 26.30342662839893, 26.434807056708774, 24.26559762582741, 19.701669387806557, 19.8328287232896, 21.03090540839764, 23.081504321873414, 27.682803028330802, 54.35999911274884, 53.4278280327263, 58.51120622263347, 64.39769894024565, 66.02222354331532, 64.45956962488374, 60.264266506946285, 49.816975253866524, 39.60990660418756, 43.91630092912892, 38.37302452842843, 36.178155274890244, 87.68207333302733, 79.92841482637404, 71.95670428844545, 69.10180252555507, 64.04561826605766, 61.12380701817719, 59.86104786519014, 67.58927810213576, 74.19881454674002, 77.71581609079084, 82.14560983641923, 85.53159559857261, 83.95569500015138, 76.69409929826378, 71.5269074421668, 65.50531829063738, 61.59986907374192, 66.25802257283709, 72.15827850190561, 78.00004729501065, 111.60582256020793, 110.39649966536304, 113.61356440974534, 113.53884433933888, 120.94046421809074, 120.2645548713125, 114.4375294289029, 103.79955354027923, 93.34520943752827, 82.94377483535914, 72.94393572992847, 58.64969537225642, 48.812137807985515, 43.41028025374645, 45.223204750626536], [56.49805401258647, 64.98008737173927, 74.0816210951209, 79.5925567153138, 74.89114592049268, 64.22030279461008, 56.031051834945, 16.843818436374338, 11.851867030117324, 10.704071394536474, 11.866263165822085, 19.647450896749863, 9.036595646031529, 0.0, 9.413013934729568, 56.544630393502246, 63.92319054647349, 70.56589453128451, 78.55663592938676, 86.45040673316477, 84.20951058370676, 77.04536245708655, 67.66652719013683, 61.61880973552153, 55.72391675309891, 26.837399173694923, 25.012513011414867, 24.236843045034846, 28.485276012815184, 29.21955204560181, 24.85051250122995, 21.549668946607067, 19.09162499998848, 18.019691531813663, 21.065774448764635, 45.55774858586612, 44.43120872935894, 49.90486508107378, 56.405572611692634, 58.686957971525295, 57.460040568539405, 53.7378779390185, 44.35448063841678, 33.83721893904322, 35.903811406707426, 29.409676747631316, 27.5455618931073, 81.56251898046496, 73.62617442314865, 65.67535436196306, 63.43484442007447, 58.95520844895415, 57.397913405247856, 57.90947469043525, 64.65840391550769, 70.33998418276255, 73.21048973056497, 76.8737205068921, 79.79544907177421, 77.85888659829382, 70.70111459212929, 66.22279827731808, 61.2597326225545, 58.861009480664656, 62.10587591493286, 66.94891452772137, 72.17792523392673, 104.83785272209151, 103.81958243245109, 107.37306183239747, 107.838774890105, 115.63789704477935, 115.71629904552796, 110.18054177232413, 100.99593589506695, 93.97949418867432, 85.887030482298, 77.12948329910446, 64.02006487083517, 56.082616586747804, 50.88661095975892, 51.67356718553069], [47.165512379044515, 55.67265526086301, 64.70705382844949, 70.19811097988482, 65.55692947992665, 54.946553036652034, 46.68923663152717, 7.583756718196399, 7.787963363680459, 13.631436055251147, 19.07165774239914, 27.205731187190867, 17.851730514411006, 9.413013934729568, 0.0, 48.12577907452698, 55.32577581073013, 61.71096587833753, 69.49163074433073, 77.18113322761859, 74.88864006938057, 67.8843214511033, 58.62944915949078, 52.696427472205805, 46.97527646214691, 22.931304277612863, 24.355548818545255, 26.08838981688477, 32.50510181195218, 34.8342280691771, 31.14782950020295, 26.659677369681198, 22.029521862855805, 17.845547839833724, 18.05602014770359, 36.91722096208897, 36.23639537711933, 43.02760361180875, 49.48928042694768, 53.04633802013286, 53.18488707254324, 50.495475727299976, 42.12465995790895, 31.666174924259984, 31.503256483277482, 22.54853317878396, 20.181373563363074, 76.1926791652519, 68.70025721119654, 61.589597012770604, 60.357314354190194, 56.77637759480418, 56.45540487188432, 58.39592532012765, 64.02932921446573, 68.77073094565246, 70.77065978466773, 73.38698135834039, 75.34070441571191, 72.78357948850557, 66.49043596096868, 63.29665929032399, 59.644890811525244, 58.55555638350862, 60.51892043399096, 64.05769629771594, 68.06688651379903, 95.82119109622532, 94.82810561316718, 98.87540498350288, 100.17551296411484, 108.85142537392217, 110.28730529448819, 105.74725616295395, 99.38144152207634, 94.90970034340879, 88.69366678500876, 80.76379460529328, 68.15442160376708, 61.56311335156894, 56.132315248065666, 56.55465116181376], [17.656768162776387, 19.621130011186533, 29.013478676933914, 38.04249505645668, 35.26415167502184, 28.055996508475705, 24.72120970238738, 40.791170036123575, 46.034831895009745, 53.23684574048074, 62.45633219490544, 73.36187951087176, 65.02349095856582, 56.544630393502246, 48.12577907452698, 0.0, 8.023121430736541, 16.02414187722625, 25.83726436551529, 36.91239994934842, 34.86174703683825, 24.76012324714873, 14.94683258859672, 9.063780920948444, 4.994827933052547, 36.86349323006083, 46.162443886760876, 53.65102111150596, 64.58279891900993, 72.13924240228283, 70.3886779068108, 62.531210501236345, 54.778170984721825, 47.58704171633014, 41.31026853834665, 13.320554915395453, 24.51589940163493, 37.46289480482576, 46.63472271214439, 56.16308813387019, 59.99424000402884, 62.27432610504665, 64.5243794788802, 59.03326134269218, 44.66742288786249, 34.2188470407918, 29.61466047330121, 79.26049934705237, 73.63005722548253, 69.9813175331216, 73.47557465702442, 74.60675202171235, 80.87940454255862, 88.93397079424633, 89.50073682712649, 88.99041286226152, 87.08865361100484, 84.4307051679971, 82.28222049181842, 77.44020533262503, 74.82575173505805, 77.48496990134544, 80.68150576035661, 86.21399853586561, 81.70501733087234, 78.51889920991471, 76.98593137026691, 62.768225467874665, 70.18519959388054, 81.9350408773388, 91.21230234764151, 104.81021082859112, 113.83673228522277, 113.72716306028269, 118.36957109847225, 127.22165889177067, 127.89708797833535, 122.87616871991439, 112.080982879903, 106.96677915528187, 98.42747182282874, 92.56227016002904], [18.49480121001169, 16.92470331733791, 24.692147948449584, 33.80542010582757, 32.225021737617034, 27.428778130525266, 26.022281050312937, 47.88930233480799, 53.29986834829113, 60.53916111368338, 69.66439701739478, 80.28432890833079, 72.29818242154916, 63.92319054647349, 55.32577581073013, 8.023121430736541, 0.0, 8.262557669729878, 18.2549136459997, 29.81913459613255, 28.118583419789505, 17.774200789877757, 9.263432826850153, 6.794548540236136, 9.534994948059383, 44.28400322825732, 53.31125290926764, 60.63928826262358, 71.13014054478735, 78.67950714130428, 77.19381225102244, 69.56143467504357, 61.99007985931004, 54.95249940124115, 48.76223330698208, 20.42745775551412, 30.702406777172957, 42.80396148333989, 50.6682413324703, 60.60529861920208, 65.28092344143782, 68.17002601494819, 70.88828759644858, 65.8670472278776, 51.84435544939231, 41.82404714612599, 37.37046832220957, 81.95167623341246, 77.20047379877315, 74.61592625400685, 78.66036167667457, 80.30645654979529, 86.84606132543993, 95.08552023737013, 95.20152461704686, 94.26547561327466, 91.91430186492528, 88.6241580533734, 85.7398928703046, 80.58605941876093, 79.00467704518701, 82.51913160253073, 86.33434851990675, 92.17153505049355, 87.31634312066988, 83.51356784588502, 81.10720842761889, 56.212521832277915, 65.33529654561293, 78.64530301262644, 89.48807461009278, 104.07462857571804, 114.59866688589247, 115.63874926763381, 122.52993231870236, 132.289419104978, 133.557090601416, 128.72146569167913, 117.93529775270473, 112.99739556095895, 104.15749098676784, 98.05544323517633], [19.99976649363542, 15.056559749054662, 19.820449287988886, 28.458882440551793, 28.335186779903005, 26.468700068386077, 27.007498454927067, 54.179942956014585, 60.04443588438664, 67.4744201729744, 76.41738793577994, 86.50326019917506, 78.85301609974996, 70.56589453128451, 61.71096587833753, 16.02414187722625, 8.262557669729878, 0.0, 10.010000262752746, 21.757666627846216, 20.35679222919871, 10.189950309009902, 6.343214908968874, 10.290669618572787, 16.032628369206655, 51.898743945037914, 60.757648863866464, 67.87034097103496, 77.83360989727899, 85.11343169783585, 83.8069448821819, 76.55985677985687, 69.20473708151468, 62.252030932228976, 56.16730413876551, 27.130226049985023, 36.39968162783922, 47.649587470514675, 53.77460537357134, 64.02246540385622, 69.73139858255571, 73.22805237068678, 76.09413213191323, 71.55486749708754, 58.36161134079506, 48.704647084132475, 44.68544903434035, 83.11600759397759, 79.44495147066917, 78.12602443646243, 82.70033215539434, 84.83614621407442, 91.4697583550413, 99.75210591911967, 99.41447710924474, 98.11393176678735, 95.3182563368356, 91.42379909909255, 87.74130714134604, 82.27104551253174, 81.89839654777717, 86.3013186074771, 90.65866802730599, 96.6599509889991, 91.57678200324516, 87.22804430283693, 83.89443709006093, 48.6571549972961, 58.779489349667244, 73.36646152280805, 85.63788256450432, 101.1709274292562, 113.19889361974236, 115.5116248916918, 124.90163532867578, 135.37313411945428, 137.32237346136426, 132.77185318466613, 122.16433575941737, 117.75031557279902, 109.00983956554379, 103.2976316953483], [25.047893071305342, 17.902983318985164, 17.268445362599874, 23.833435893041965, 26.057216078982993, 28.21842193773098, 30.70526886040997, 61.9401123849692, 68.21208633255759, 75.79939233575628, 84.49010583800903, 93.91639151013315, 86.69207730170288, 78.55663592938676, 69.49163074433073, 25.83726436551529, 18.2549136459997, 10.010000262752746, 0.0, 12.063704509645492, 11.605180491581034, 5.35894842532236, 12.786955509347917, 18.810293750493663, 25.12443921775362, 61.06067862351878, 69.71147270296615, 76.557500131308, 85.89196565327124, 92.8111160419013, 91.70274055045262, 84.92936108572655, 77.84613590584598, 71.01298375182674, 65.07343687294326, 35.862450910336484, 44.16461819689135, 54.47736525045038, 58.64037963206724, 69.03670797937924, 75.82002253547492, 79.89729641435092, 82.75208650677692, 78.69627127660854, 66.56786017035628, 57.23979075431669, 53.58716482111131, 85.28397465686277, 82.93488646379154, 83.06757073052869, 88.15348593055514, 90.7678696848862, 97.37799879075617, 105.58258201174186, 104.79097704088899, 103.15310558984488, 99.90564279293567, 95.39951312801799, 90.84098535241883, 85.05961984907103, 86.08874761371786, 91.41708215085417, 96.2749268345254, 102.33663781737083, 97.1118009612881, 92.25461120065866, 87.93388470022185, 39.47964292556196, 50.9520107525588, 67.23453956107234, 81.31134387096094, 97.98712733509554, 111.83220893832389, 115.72771333823438, 128.05835779167492, 139.1102131612262, 141.76451119513575, 137.5186106613023, 127.11814487337092, 123.31094301249003, 114.73055238279329, 109.55031200405593], [31.503814920509374, 23.815919857704976, 17.91216579378312, 19.479696699168855, 24.57935768028833, 31.00252791909118, 35.10540346315663, 69.70405911660279, 76.60040288577011, 84.42620881388703, 92.71271596905474, 101.14457742520244, 94.38206937458213, 86.45040673316477, 77.18113322761859, 36.91239994934842, 29.81913459613255, 21.757666627846216, 12.063704509645492, 0.0, 4.748257644103362, 13.190471515046989, 22.746268129736055, 28.949182741878293, 35.33337841405824, 71.10946161668616, 79.59633931652593, 86.10768235080131, 94.71233509382505, 100.97959980070983, 99.98156327289234, 93.87116740346652, 87.12402586073955, 80.38723280918013, 74.65006351540991, 45.254658949437335, 52.23312064501957, 61.374145791652225, 63.03069913459971, 73.36063389739482, 81.40933164235243, 86.07672757571255, 88.61378675550444, 85.16431657879366, 74.72774023289493, 65.88737570623235, 62.9612325077188, 85.82404192570502, 85.15927251658975, 87.07281565137482, 92.64888589051515, 95.7396399242665, 102.10749189122058, 110.03485724303805, 108.7355507878356, 106.7966437615122, 103.08234849127324, 97.97328268648855, 92.42940141604998, 86.35289739339225, 89.08724919992493, 95.41076525827621, 100.70278519940292, 106.65327932597657, 101.42174432569921, 96.1155919688358, 90.70065042014053, 28.940176190049804, 40.13367210091798, 57.924619281737954, 73.84535603740193, 91.70191288153158, 107.52907971478994, 113.3113623282368, 129.10349673282286, 140.54749028269956, 144.10341018583944, 140.35551053887534, 130.470873518105, 127.78385433630132, 119.92155348777057, 116.05941846857179], [28.41294569500901, 20.359796375460736, 13.560728629553576, 15.565603578747917, 20.229579564259137, 26.829148326079043, 31.559194184438375, 67.38991773514066, 74.62613748940619, 82.60981521247842, 90.93937417347206, 99.39400803743246, 92.29862527241275, 84.20951058370676, 74.88864006938057, 34.86174703683825, 28.118583419789505, 20.35679222919871, 11.605180491581034, 4.748257644103362, 0.0, 10.700655675602592, 20.160962695142167, 26.421244372377803, 32.84539638835886, 69.40889345646042, 78.15136775671466, 84.80117852593601, 93.72631110244015, 99.93058519478181, 98.70819130721698, 92.48876490130455, 85.59244592274938, 78.68462329689655, 72.86786973504451, 42.46201589849944, 48.64056893180001, 57.217418255396126, 58.59564821805713, 68.88334795305808, 76.98586593002233, 81.7778661245528, 84.59768152110672, 81.47064025993046, 71.07378694800926, 62.77735124338729, 60.6356703166516, 81.34940342711707, 80.59430377109604, 82.54061715443382, 88.19576508379959, 91.41093460100628, 97.94828980262035, 106.08748570311357, 104.57544154584656, 102.4469728986518, 98.64684612197014, 93.44443693789637, 87.89925356803359, 81.84015402592253, 84.543781074201, 90.95683146432641, 96.42615794351663, 102.60221006093963, 97.14452825735684, 91.66431730764879, 86.16709465491094, 32.47776899638111, 40.58480671173554, 56.651548165147, 71.57963164434065, 88.81198805558266, 104.05804220003186, 109.38641590920795, 124.79910752464238, 136.93540949576538, 140.9648036561412, 137.5802270563404, 128.20921226728004, 126.09450426027875, 118.90653281536797, 115.66788281105244], [22.030207097124645, 14.0953005501748, 12.774411973138491, 20.107322867324235, 21.517003288479298, 23.655479376353338, 27.03525983033703, 60.304459311697414, 67.0996603286863, 74.92358653391408, 83.6247812649728, 92.96379371632493, 85.36613303465181, 77.04536245708655, 67.8843214511033, 24.76012324714873, 17.774200789877757, 10.189950309009902, 5.35894842532236, 13.190471515046989, 10.700655675602592, 0.0, 10.191224085038757, 16.693236141334786, 23.241272312032166, 60.49451678089136, 69.47014683744997, 76.45682829981608, 86.1118541546701, 92.86431371320991, 91.48434214403794, 84.6536464946938, 77.41798025360201, 70.37089800176898, 64.34635622896037, 33.58449872823242, 40.69486090295534, 50.213484001208066, 53.87433148064108, 64.23863072488882, 71.20053475457036, 75.50430691659788, 78.7221684884449, 75.1373065545115, 63.16245579284027, 54.58800484489464, 52.081240553897466, 80.20286954593303, 77.87901426571536, 78.1981402213754, 83.43763900078883, 86.26211923954402, 93.08282101965393, 101.54218339743038, 100.42758789472276, 98.51481916380055, 95.1102891754448, 90.42490604034965, 85.77652800378394, 79.99446669780441, 81.12665258837045, 86.66265095139688, 91.79776719329357, 98.14750828346757, 92.62414267139407, 87.49328810355223, 82.96679358338521, 41.72277237924405, 50.316828776146515, 64.95043828785602, 78.07912207773265, 94.10458927056816, 107.45107797909225, 110.99902913082876, 123.22045083789283, 135.1761262470599, 138.51506341421077, 134.7734862145118, 125.06536448366421, 122.09649912061604, 114.43789485017402, 110.20017815026645], [14.671360348106273, 9.274326145568203, 15.50731716058797, 24.63944377313778, 23.33357953203025, 20.3453234272013, 21.20319797432446, 51.0519889351022, 57.68125016416292, 65.4630345916336, 74.32245969869244, 84.09402378330758, 76.12374108397646, 67.66652719013683, 58.62944915949078, 14.94683258859672, 9.263432826850153, 6.343214908968874, 12.786955509347917, 22.746268129736055, 20.160962695142167, 10.191224085038757, 0.0, 6.519116847059114, 13.069224488127327, 50.72443630468995, 59.90715822391194, 67.06522684684542, 77.18750389562013, 84.08625439831593, 82.48207871289061, 75.34772958117958, 67.91398153047997, 60.73696620237815, 54.61807049088895, 23.554399781460805, 31.493569806327656, 42.2170214088384, 47.65723790161731, 57.96491188930011, 64.03903662899475, 67.74566182994182, 70.63659716801732, 66.48660929134435, 53.82635274681688, 44.79364063441476, 42.1391424854987, 76.78561541352272, 73.17248557114468, 72.08182479715524, 76.76949208850363, 79.04518684641863, 85.71991101413636, 94.10907405723073, 93.52774176067712, 92.08193219787418, 89.18145001502272, 85.19781435348696, 81.43463300889684, 75.94576462205005, 75.70358658521428, 80.27699983194634, 84.78308865431774, 90.90579167761857, 85.67944354426251, 81.1815886136989, 77.6743518449, 50.08996185526138, 57.12518503791122, 69.9080565697207, 81.03375101123667, 95.91565017569164, 107.34571935206887, 109.32617139623218, 118.60301756287993, 129.54714050890578, 132.07436337293512, 127.99383375452594, 118.07466611817024, 114.63974045036976, 107.0112180662873, 102.63883406748528], [12.114938972794084, 11.016430281836032, 19.985073223203813, 29.071933907677455, 26.625775150895514, 20.808978536519184, 19.38133930806385, 45.14586508269446, 51.589249656912834, 59.3147885273461, 68.26778172421392, 78.32235915449921, 70.14030734958325, 61.61880973552153, 52.696427472205805, 9.063780920948444, 6.794548540236136, 10.290669618572787, 18.810293750493663, 28.949182741878293, 26.421244372377803, 16.693236141334786, 6.519116847059114, 0.0, 6.551277695515054, 44.398066610486886, 53.69910653758266, 60.9502805738887, 71.35136869147296, 78.33108755163916, 76.58815613947341, 69.26955236815314, 61.72202179022964, 54.473912572829704, 48.304509007184805, 17.234250490137626, 26.18202393644351, 37.96994228276691, 44.72466959155201, 54.85347469625933, 60.22814353866074, 63.4263612497638, 65.9276501992811, 61.285331054515765, 48.213487225998584, 38.675527711240676, 35.73285019851165, 75.48607917621378, 71.04137285318346, 68.96543136107867, 73.19675214633405, 75.02165585203284, 81.49250386687538, 89.73277184986793, 89.58952761654207, 88.54005038393255, 86.03589461098309, 82.60094994343505, 79.47868747156002, 74.22768953708454, 73.0422608115628, 76.87459541839833, 80.84505542020149, 86.70516490313051, 81.78560267613676, 77.82314182219287, 75.08412519652283, 55.47043681783717, 61.76040574611736, 73.5364349277637, 83.47708904557734, 97.6500131952477, 107.86984993025351, 108.88371963863639, 116.20410627628969, 126.24480575970065, 128.11330782487923, 123.74266074677284, 113.6158521300831, 109.79015425291084, 102.12810867393094, 97.63632969547311], [12.914886401844113, 15.639669039327172, 25.437740399980676, 34.26409099823845, 31.034241341834054, 23.255027815223553, 19.779081661938754, 39.493989317581956, 45.663439360220714, 53.294786100314845, 62.35394261409904, 72.74287937103209, 64.31258659451366, 55.72391675309891, 46.97527646214691, 4.994827933052547, 9.534994948059383, 16.032628369206655, 25.12443921775362, 35.33337841405824, 32.84539638835886, 23.241272312032166, 13.069224488127327, 6.551277695515054, 0.0, 38.139120937529576, 47.58469607183875, 54.94962160558593, 65.6866490322103, 72.76083981803234, 70.85496524386929, 63.31415392993606, 55.63043843561154, 48.30098640700586, 42.07037221789359, 11.149082380577424, 21.524432953330173, 34.400237946372684, 42.59537662120304, 52.36434345625693, 56.877887317185404, 59.47493809895615, 61.551238978931266, 56.37117930600637, 42.823649225901356, 32.706071928957506, 29.38999244624158, 74.75843771948973, 69.46488833518015, 66.33238100260411, 70.03694537822079, 71.3585895926188, 77.5922021742505, 85.65614645876077, 85.98522131303258, 85.35820680645134, 83.28946594762861, 80.45380075174538, 78.03228377582798, 73.07052354080338, 70.88231406049738, 73.8870884569999, 77.26169962953801, 82.8276420188582, 78.24813865884651, 74.88019304253473, 72.9892433219278, 61.18073686414666, 66.83550194681406, 77.66272544065855, 86.45555357557558, 99.87424587843698, 108.8610091752281, 108.88971061859677, 114.15729399706903, 123.26806863305359, 124.44945705335374, 119.78572384102799, 109.4652278873998, 105.22243558839955, 97.53994586357645, 92.91020791946696], [44.385415126736454, 51.53645681169712, 61.675123238903595, 69.29694539570173, 65.36356290074782, 55.12713955926672, 47.5273193469129, 20.316481577788338, 16.466819958441185, 19.574934596220213, 28.769308829519748, 41.66157818113311, 33.658168988688686, 26.837399173694923, 22.931304277612863, 36.86349323006083, 44.28400322825732, 51.898743945037914, 61.06067862351878, 71.10946161668616, 69.40889345646042, 60.49451678089136, 50.72443630468995, 44.398066610486886, 38.139120937529576, 0.0, 9.866767599688613, 17.66064890902175, 30.119656838990533, 38.139165198296745, 35.78387662221212, 26.76294781781151, 18.57657493804038, 11.72811018189964, 5.985926161203963, 30.217324436616106, 35.117178360997244, 45.59424977044859, 56.68586589352574, 62.201140774136334, 61.47185375727564, 59.449625787415926, 56.05475731339238, 46.67210076734192, 36.37624837120998, 24.437252310593863, 13.295522798218428, 88.76037943208662, 80.51520587168733, 72.673386503