{
	"dissimilarities": [[0.0, 8.574500771902528, 17.95968511264733, 26.11257443081371, 20.242176022673775, 12.577045669880269, 7.698826407578107, 40.828759050472854, 47.583607041362896, 55.85163284760135, 64.145574644419, 72.75276573919554, 64.90456933681075, 55.60337495187172, 48.323944831377936, 19.355376710204688, 19.477560186793212, 20.833615662180627, 25.71203233099575, 30.688469965607784, 29.151111875399298, 21.9665046692378, 15.699083464271347, 13.089861489268516, 13.442829249707035, 44.95503070028949, 53.6409231514185, 60.18263979296313, 69.23215175890233, 75.03001593812263, 73.10014106432908, 66.86314732704716, 59.85610676974731, 52.84886239783711, 47.10891551081148, 18.215600635202946, 21.994284142634463, 32.126046466120926, 37.318900405275215, 48.077911125409294, 54.16036245216847, 58.63236150120844, 59.17371822387817, 54.9303528328396, 43.894586003601596, 35.57303424821406, 34.015908068824785, 66.73062043181048, 63.18473340486119, 63.52466208983889, 67.21052135120661, 69.03261514621036, 72.75566694792103, 80.16715570100013, 83.26568369139528, 81.54810736828239, 78.7463539506042, 75.42572172934632, 72.22983826067605, 65.68746392916006, 66.23269557772073, 69.76671833486631, 73.5279449430982, 78.64485547171664, 74.38900285903019, 70.62671854946144, 67.19708823581469, 54.10082357057201, 59.77655757431913, 65.47948758906784, 73.52303195235685, 87.84650004908494, 102.55735831919708, 106.51150064220327, 108.15699496709259, 115.69086279401036, 117.5816426754524, 116.49972103267035, 105.90774101352086, 102.45514798836025, 96.08754800044254, 92.88521198108776], [8.574500771902528, 0.0, 10.504501536930771, 20.51295792279721, 15.340543306035086, 11.657587368228597, 12.944301871215266, 49.32351447770366, 55.90186691102531, 64.0621832688892, 72.46504081080445, 81.24736810386307, 73.40600983129164, 64.08761517455379, 56.83411047691563, 20.8868237089789, 17.811502452130224, 15.981363510494184, 18.755670339323675, 23.151390452265147, 21.360764958550543, 14.020504849092239, 10.524949048656959, 11.819929485201593, 15.895383301365529, 51.93025900976415, 60.82737578182432, 67.57543646480279, 76.82370583272585, 82.89135996169281, 81.09951599400634, 74.72638789147425, 67.62544062675644, 60.54790668902322, 54.66109048483226, 24.870035232059067, 28.636726278565625, 37.32021187430865, 41.61905908385117, 52.41917454639703, 58.84272629268269, 63.98021995700105, 65.65249172478862, 62.33056179922421, 50.783011244388085, 43.228780753924916, 41.54249995467983, 69.30809068180906, 66.53699778181873, 67.70477224918005, 72.12136758441217, 74.59859080738008, 78.90760752247212, 86.87584081037694, 89.2157689007029, 86.86827128505712, 83.41721782918628, 79.31643749985405, 75.47934619387006, 68.60437447613265, 70.07067107275712, 74.61712683695406, 79.25547570791828, 85.06157308049495, 80.08712303100455, 75.45847610299677, 71.01797072414168, 48.342786024135734, 55.562096138041674, 62.62502733146864, 72.33203756497137, 87.48888299619507, 103.63797329440371, 108.59325158784151, 112.44582346059755, 121.85004189947742, 124.69243915830877, 124.01876087135423, 113.84444881015492, 110.6712513080307, 104.13130847853655, 100.42784614084847], [17.95968511264733, 10.504501536930771, 0.0, 11.034985620096382, 8.584568484755131, 13.4493280926508, 19.121672359049196, 58.45175916626417, 65.39210903926428, 73.7016996481431, 81.89545392594297, 89.99415884350721, 82.44236686198742, 73.20288455680799, 65.87263187758806, 30.525961199075223, 25.895940569792206, 21.052677443719645, 18.19037091179872, 17.293943603976075, 14.557661570021743, 12.891836914012448, 17.09016234770144, 21.067791148853193, 26.08520809374334, 62.33838773066128, 71.13470960407399, 77.73389941203138, 86.6270439850942, 92.36651799760782, 90.67828901784837, 84.62133703419074, 77.67597771883254, 70.68083394371827, 64.88954506123959, 35.15865233495041, 37.346107900961215, 44.03453845328879, 45.479705689155345, 56.23151411416218, 63.629151778958764, 69.71067138660676, 71.79605386131323, 69.43405494154938, 59.16557482102175, 52.58126547099172, 51.77899171091821, 69.13335719667793, 68.05053005400646, 70.72668537610838, 76.03993259128026, 79.23919889464247, 83.87050929541022, 91.91949743554815, 93.38635381836, 90.29940188312231, 86.14727549471942, 81.10833802449413, 76.39532500473655, 69.06489538785598, 72.26222769179924, 78.2552168092349, 83.72415213218301, 89.8590225467504, 84.46980957195025, 79.00271055034962, 73.13370672234679, 41.599203904616516, 47.13571796877619, 54.36556214528474, 65.44579393754266, 81.49749512225594, 99.23480561544638, 105.52827152743413, 113.23304451058921, 124.4026213334803, 128.5665322965218, 128.4764260127785, 119.3012374858292, 117.30256894763193, 111.50951869391471, 108.82830823334488], [26.11257443081371, 20.51295792279721, 11.034985620096382, 0.0, 7.885225652732392, 17.79386859623825, 24.444305354846186, 64.30847893969954, 71.80631491912261, 80.31687253763243, 88.05134467019657, 94.94905725769993, 87.82897509848252, 78.8007605327476, 71.45524136004987, 41.22259966723266, 36.87121291978849, 31.76566963165533, 26.910165858404678, 21.55152524753895, 18.62503271539596, 22.53972472590448, 28.116430263942004, 31.854233228460807, 36.40513238004648, 71.00911885082711, 79.51106387350828, 85.74446837733564, 93.99283473101976, 99.0137410920274, 97.32331528055786, 91.8327177461891, 85.19856041050484, 78.40121950324428, 72.87891784529452, 43.8737769097755, 44.07026971329772, 48.92349780421298, 46.98843411251208, 57.42774266280872, 65.8847695694834, 72.71959246139627, 74.43898239131876, 72.80788227256579, 64.90565911400516, 59.26824213520499, 59.8412460291624, 65.60846762062796, 66.46525078837233, 70.67839417419972, 76.63914788823351, 80.31701749339305, 84.87659891767547, 92.49548250822444, 93.2746995360737, 89.64375239815428, 85.04197941810335, 79.32239140198108, 73.89100513819648, 66.22154392725501, 71.23105734555354, 78.45760717701815, 84.35183974348112, 90.3273892250738, 84.9852884439718, 79.07067890815526, 71.99199909940876, 39.45384921766446, 38.75897576521796, 43.709872068566405, 54.9833264122142, 71.58237124889436, 90.36752696040755, 97.7465159597804, 109.30483557025198, 121.45729875190739, 126.83596979657108, 127.35744441443578, 119.49745633902637, 119.16152059667397, 114.82970972676895, 114.24466507256372], [20.242176022673775, 15.340543306035086, 8.584568484755131, 7.885225652732392, 0.0, 10.291395642862293, 17.924600817907354, 58.33753112258286, 65.99483981102415, 74.51779484916086, 82.36656235716214, 89.64964007214239, 82.02338081052277, 72.78888673092231, 65.50128365214138, 35.96567405279302, 32.55250810312153, 28.895837278906956, 26.76546368332994, 24.602284725986447, 21.623709567696356, 21.295200948254255, 24.076131564865545, 26.818638416573908, 30.7264131107476, 64.96788145352996, 73.65697587298394, 80.09373308284925, 88.8026476564751, 94.01925338100982, 92.03757633521714, 86.20760381986278, 79.35792575724926, 72.42995225151344, 66.81719798846929, 37.18738524740626, 36.57481380087824, 41.167824147231364, 40.01362671415439, 50.588537745552735, 58.70170085582815, 65.3595090910293, 67.39940413167518, 65.89434114608368, 57.34175798502997, 52.11093605485145, 53.378634663224666, 61.23910132088855, 60.92530356500292, 64.39290501650214, 70.11951902090793, 73.67796120460308, 78.40141046511918, 86.43977669088173, 87.29965303597504, 83.81175269825434, 79.35122676707228, 73.9396677508836, 68.89832370154666, 61.41500578101814, 65.41851591230824, 72.11404523376997, 77.94784605407024, 84.20627094505038, 78.62820193563327, 72.7891882016077, 66.23850978168542, 45.98801044101983, 46.237232850286965, 49.623761703677246, 58.75649651272963, 73.71338376536437, 91.01845399199306, 97.16063481630073, 105.4179217176869, 117.65588122702447, 122.89212794483922, 123.67879329962206, 115.81167484676457, 115.34105219386923, 111.22678997244633, 110.54482307872489], [12.577045669880269, 11.657587368228597, 13.4493280926508, 17.79386859623825, 10.291395642862293, 0.0, 8.632723590201412, 48.75669888931703, 56.52005945475989, 65.02685535524134, 72.92586387765397, 80.53871507300325, 72.50366582261637, 63.12827927727235, 55.90937856406812, 29.712232044194593, 28.349232702919807, 27.38863039611919, 29.07467255364691, 30.481991540523413, 27.92071031589737, 23.52954990353543, 21.511712277071997, 21.754829309687743, 23.83998405008395, 55.70474254939015, 64.41185838398891, 70.90880930127177, 79.89683782271142, 85.1930881020032, 82.94108432365348, 76.88112494316987, 69.91165930750513, 62.93466752309431, 57.32891366994669, 27.792890976383582, 26.339166305619997, 31.69871803880925, 32.358525313615345, 43.26715055216427, 50.777143587853985, 56.79860601914554, 58.47353308200959, 56.404320252918765, 47.223373611110134, 41.83809024264638, 43.67325303287247, 57.951845733396, 55.889003689573684, 57.9662884574669, 62.94882562437137, 65.92948936403673, 70.43851443741289, 78.53406907593418, 80.05299247204093, 77.1593238125977, 73.29255213965455, 68.73040668841138, 64.52415007540526, 57.45199905156448, 59.763495504197714, 65.1966263167515, 70.37027414037746, 76.44849555689026, 71.12646544526987, 65.95758903406893, 60.66269285718545, 53.502521464336745, 54.651609185460046, 57.126415338260806, 64.13291500111829, 77.57029356374582, 92.83701946258734, 97.37251315839138, 101.39187660903035, 112.28083769712882, 116.59975918929017, 117.18880890136272, 108.83337619563397, 107.82408404566914, 103.71384667895016, 102.89916224848871], [7.698826407578107, 12.944301871215266, 19.121672359049196, 24.444305354846186, 17.924600817907354, 8.632723590201412, 0.0, 40.46562092450648, 48.13591387757209, 56.665782654439106, 64.52914375666369, 72.15430586586457, 64.27797534486209, 54.9749905787232, 47.68692289456652, 26.344174234089863, 26.83230276184797, 27.766468197556204, 31.34636887763584, 34.39003026130487, 32.365795565450355, 26.85483677194691, 22.190842270783822, 20.210611956767192, 20.23863700156325, 48.14009289666094, 56.55045151162805, 62.80033081900608, 71.49101715346903, 76.63717893526434, 74.43077308646494, 68.5348088066606, 61.7106329311393, 54.84940550852005, 49.394372791842635, 21.4408731077233, 20.86546147691903, 28.776720027823377, 31.33695552468097, 42.30359806939695, 49.22663897569069, 54.27362839771759, 54.525415307474816, 50.95503958500668, 41.89062601675269, 35.011828654370596, 36.113718230733724, 59.485828614735695, 56.4549935543046, 57.397549222814945, 61.40160252793247, 63.48385156267426, 67.22056539737927, 74.56753240451624, 77.23900148112081, 75.22553762845236, 72.22224125725484, 68.66510408272305, 65.25923446887899, 58.58184065824339, 59.706046393052496, 63.776390516098076, 67.77308137446505, 72.91546746831902, 68.58235639356882, 64.57658929696002, 60.63534876077711, 56.56834041501488, 58.43335334482015, 61.38284319717557, 67.72787803035801, 81.0610900487561, 95.1766901022052, 98.88534495523054, 100.84104554442696, 109.03454539277436, 111.80176666822503, 111.46001322230697, 102.0281097314221, 100.07444939501984, 95.3915286582284, 94.32587928148156], [40.828759050472854, 49.32351447770366, 58.45175916626417, 64.30847893969954, 58.33753112258286, 48.75669888931703, 40.46562092450648, 0.0, 8.976060430664557, 17.289526286901822, 24.35691720913837, 32.758993811154355, 24.108759042074187, 14.817221892540248, 7.552235328722815, 43.170322115385254, 49.74888742022452, 55.943623912073846, 63.649562542648894, 70.00341478110406, 69.04352987167191, 61.55734105375199, 52.73662458789621, 46.83317784875485, 41.122599495182044, 22.690383574993923, 25.528648656049032, 28.685502748700504, 35.343720554211, 39.020960256133804, 35.77006932543987, 30.494365420332343, 24.896061126845527, 20.00259856319933, 18.036422212435507, 29.000424113501875, 28.943182471518593, 36.24504069682403, 44.112320023869906, 49.17057819205348, 50.23711889920635, 48.75160698220161, 42.222948019097785, 31.491012100962532, 27.293086265622215, 17.303129586592622, 16.55857029539332, 72.69594324842281, 65.51304514310995, 60.840869995099816, 59.27229013354832, 56.54426400271829, 55.91360613177068, 58.76428718338867, 66.68856433498446, 69.31514376382816, 70.85395451484256, 72.56902690061594, 73.48542529019358, 70.06069332351214, 65.1712984679244, 61.831612507985376, 59.444022457475874, 59.47877010738675, 60.393662859172764, 62.69279032395353, 66.05259794847414, 89.09488362764978, 91.74532233429271, 93.56418747110607, 95.46309379731903, 105.11495132594268, 112.41927205442852, 111.26427426520529, 100.23834679915628, 96.6525113335569, 92.01949558969346, 88.08380239431911, 74.31590271921073, 67.55139030103855, 61.42331466151993, 60.04858270606481], [47.583607041362896, 55.90186691102531, 65.39210903926428, 71.80631491912261, 65.99483981102415, 56.52005945475989, 48.13591387757209, 8.976060430664557, 0.0, 8.62592078707317, 16.607460773904634, 27.059880389500417, 18.812178359819633, 11.043634347105032, 7.455427104454647, 47.20652510060965, 54.092139182593556, 60.69075949600806, 68.77418666858884, 75.73902190738896, 75.06017468563574, 67.29187861049802, 58.1797939473551, 52.11324994987208, 46.17466040590875, 19.18689840800503, 18.798910815560514, 20.387093533567704, 26.43615618707888, 30.410704859694818, 27.125645187156824, 21.571754153468948, 16.268893381493992, 12.541940785231686, 13.002865947562059, 34.53734185579401, 36.281172489827405, 43.855770411799746, 52.61582609210892, 57.143723543678966, 57.30195861145309, 54.87148145935298, 48.10043905493756, 36.94527802287533, 32.74084011041674, 23.201016255279228, 19.043726346695227, 81.09764355117566, 73.55585205190754, 68.28447284197404, 66.05405873124785, 62.732099295087046, 61.51239412193902, 63.491172693890434, 72.1542076935923, 75.50069140771893, 77.66039066057016, 80.00941120549054, 81.39424991363177, 78.3342854579201, 72.84551369390017, 68.62329440871159, 65.41408708312247, 64.65103434744603, 66.36635022879187, 69.48833539191634, 73.71439049250803, 94.2884483561857, 98.41901282379729, 101.31221899525585, 103.64370278333249, 113.56416318032429, 120.57138151745428, 119.11970235268619, 106.79614417138795, 101.0291882615986, 94.5530231680968, 89.34533159919629, 73.99133787167405, 64.8038662686827, 56.55130280940047, 52.75483093399497], [55.85163284760135, 64.0621832688892, 73.7016996481431, 80.31687253763243, 74.51779484916086, 65.02685535524134, 56.665782654439106, 17.289526286901822, 8.62592078707317, 0.0, 8.996296806277348, 21.61353449455989, 14.075441436460777, 10.617137976727484, 12.82868657074979, 53.988782906249185, 61.054865558914486, 67.91739055688775, 76.25073549441457, 83.55069580147472, 83.00038805186047, 75.04419061771274, 65.7518099918984, 59.605282925952004, 53.548946379896904, 21.335776678784136, 16.87207682241339, 15.260536842103065, 19.347811306421868, 22.938465953985695, 19.094302935840968, 13.421207245385041, 9.701011869518045, 10.293005110964291, 14.68317487143867, 42.07362798208094, 44.06730640678284, 50.99505491646956, 60.02900861005789, 63.68637787878975, 62.896907944137865, 59.49361908519727, 52.29756848862216, 40.98872585919238, 37.86644350435685, 29.833558723084614, 25.449549706905092, 87.79664291160834, 79.84366617275968, 73.9125078174864, 70.91219528751371, 66.94269932220988, 65.04390890270453, 66.06555887547509, 75.37462620759452, 79.46896595477591, 82.32330418074834, 85.4238703688081, 87.4020669893171, 84.86483945210327, 78.65825569405565, 73.43040865507592, 69.29679841610232, 67.66099494159148, 70.23480047049216, 74.28024226855162, 79.49748901894175, 101.77149128924147, 106.45461542875947, 109.55228908982673, 111.64614644819689, 121.21194996327199, 127.4062203338295, 125.32710823302321, 111.03060681709223, 103.1927896704953, 95.09503810798641, 88.99274957315674, 72.64820387989573, 61.647718614897435, 52.26573221389346, 46.99390996097397], [64.145574644419, 72.46504081080445, 81.89545392594297, 88.05134467019657, 82.36656235716214, 72.92586387765397, 64.52914375666369, 24.35691720913837, 16.607460773904634, 8.996296806277348, 0.0, 13.561938510206206, 8.523438643693341, 12.545691375919821, 18.08952927626421, 62.95038475250047, 69.96518607165306, 76.71826592476451, 84.84615414637335, 91.86973541578988, 91.31322426376478, 83.65926672439882, 74.5189836386626, 68.41908619155478, 62.41259912648261, 29.738080492549027, 23.672860448930525, 19.375663112563686, 18.067123288260753, 18.014537907690247, 13.438318033563911, 11.756581097823464, 13.661942973590763, 17.923319197699765, 23.246381422871217, 50.82951504115895, 52.049220911980996, 57.960838649651805, 66.03242456624821, 68.77239457670451, 67.52670214350641, 63.44419912656721, 55.09561893307849, 43.627709770664765, 43.671552730955476, 37.304451292986876, 34.31194607183418, 91.80722642480114, 83.88323487034444, 77.63941924047805, 73.89606960282549, 69.24266100094803, 66.29280191866279, 65.6713231125946, 75.74436168012323, 80.6665577209008, 84.338436907895, 88.25191266449737, 90.80823667606502, 88.82287946128776, 82.25881786770552, 76.18212249374143, 70.9153761834847, 67.85852485171618, 71.78894991576627, 76.95495575477236, 83.02595084890716, 109.22169018909379, 112.93521935226924, 115.30614545172601, 116.437077659898, 125.21111509858373, 130.0908309565871, 127.23809318532766, 111.3796920244314, 100.68554621257333, 90.82303823738958, 83.74260431303567, 66.62887279409857, 54.47572780458956, 45.28624637749939, 41.46451211038607], [72.75276573919554, 81.24736810386307, 89.99415884350721, 94.94905725769993, 89.64964007214239, 80.53871507300325, 72.15430586586457, 32.758993811154355, 27.059880389500417, 21.61353449455989, 13.561938510206206, 0.0, 10.916871749120215, 19.852613274636546, 25.75541844586972, 74.09319960771441, 80.77659295418134, 86.98874748828663, 94.35297903752183, 100.4150891470113, 99.76318449682287, 93.04276439900138, 84.49865115244224, 78.63313907458449, 72.90328488670251, 42.886582123800764, 37.051966375195875, 32.13178538485214, 26.886480542519884, 21.616314261315942, 18.53041675339562, 22.815242870044973, 26.95294745346672, 31.322777937242304, 36.28869121647528, 61.275008739149136, 61.17888766686, 65.92986959813821, 71.67051067214423, 73.5717034858852, 72.59058196833723, 68.35023682883039, 58.18250631525077, 46.77858531222985, 51.812488716496226, 46.93552354003068, 45.882652139225726, 93.67384134445243, 86.52510436468499, 80.57832517848563, 76.26209826072756, 70.99455734675557, 66.56532957704736, 63.2806780290417, 74.2176380073867, 80.01300797390898, 84.60026677715403, 89.3029630871772, 92.31547983713891, 90.85712624602837, 84.5960262245747, 78.06110646133007, 71.51239293586609, 66.28739355145284, 72.2429806156384, 78.66851792581033, 85.23128979648428, 115.93659775428945, 117.07751873476712, 117.84659002460008, 117.29520672217272, 124.88457388092328, 127.91125063451692, 124.24093817389358, 107.91693153852103, 92.90857369778168, 80.73660115187865, 72.10093399409897, 53.94602940639395, 41.066337630853376, 34.01839470509763, 37.13255644356565], [64.90456933681075, 73.40600983129164, 82.44236686198742, 87.82897509848252, 82.02338081052277, 72.50366582261637, 64.27797534486209, 24.108759042074187, 18.812178359819633, 14.075441436460777, 8.523438643693341, 10.916871749120215, 0.0, 9.724306659518716, 16.68025682320368, 65.79203836108218, 72.73695774761566, 79.29128498534648, 87.16917042778539, 93.62192189007409, 92.80352481600966, 85.4390576343555, 76.48770815270146, 70.45812838929133, 64.53555285122151, 34.84379605177651, 30.311876664977543, 27.210613422508025, 26.477925399971557, 25.02929320988038, 20.547936242808763, 20.03997445446947, 21.066841096518598, 23.789595927231424, 28.10185067046562, 52.283196701596026, 51.53075272013225, 55.834186954172495, 62.44925980915928, 64.27682751142498, 62.908335351059684, 58.606097565770966, 49.21719608331174, 37.7290349045894, 41.12593784741939, 36.622000509328885, 36.66296163786914, 86.09893442637771, 78.26816782580646, 71.94596503045942, 67.80107247060238, 62.80365483924458, 59.22329407991786, 57.76256757148544, 68.11251221173181, 73.35554222575578, 77.41632618872949, 81.75810405299318, 84.65761738268003, 83.08509691064386, 76.35925457723218, 69.875685471739, 63.99938027167026, 60.184144734314984, 64.82183591327869, 70.57964896586101, 77.0645397741626, 111.1020116236157, 112.72739630013643, 113.31890060025319, 112.98602478883753, 120.45353811699495, 124.09156432846959, 120.52839285113153, 103.49413558155102, 92.29664545700865, 82.66415254967866, 76.2553139537294, 60.23816102150724, 50.168066097154124, 44.62774165268305, 45.76396475161253], [55.60337495187172, 64.08761517455379, 73.20288455680799, 78.8007605327476, 72.78888673092231, 63.12827927727235, 54.9749905787232, 14.817221892540248, 11.043634347105032, 10.617137976727484, 12.545691375919821, 19.852613274636546, 9.724306659518716, 0.0, 7.3923569086407745, 56.76418833862727, 63.70244000844459, 70.26691581995738, 78.24776538996674, 84.76360477495048, 83.84365362170342, 76.26383905020356, 67.23331198902208, 61.192733051971494, 55.267020954946396, 28.193334303070927, 26.08650745741273, 25.577830012862663, 28.855087474202723, 30.18834567225922, 25.888981844724796, 22.252993379915363, 19.595723206399526, 19.08550660396244, 21.583765902238582, 42.794433870174906, 41.81644669275343, 46.55323380116889, 53.774805924289964, 56.37691174892495, 55.51026588427786, 51.912245281668035, 43.42160876010095, 31.796082428705972, 32.71151592436544, 27.101370303901625, 27.685905334782746, 79.32116381881117, 71.413572709304, 65.38400784077477, 61.98365620208568, 57.68015384915252, 55.20998610783594, 55.64472632460005, 65.14255792778889, 69.45662614687419, 72.63499315090961, 76.13362369930863, 78.45604980976395, 76.3343690173653, 69.92815015791062, 64.30133981697205, 59.6066876673389, 57.37016146024524, 60.50390039145514, 65.08636791784944, 70.7084270397925, 103.26064632359213, 105.20549963078707, 105.98482954660487, 106.25537494135843, 114.2331073435144, 119.04335698488784, 116.17292367558248, 100.62680073229922, 92.83898197550218, 85.4970285828099, 80.49353274349825, 65.75321053378548, 57.493175403488905, 52.1330922794779, 52.19891645093095], [48.323944831377936, 56.83411047691563, 65.87263187758806, 71.45524136004987, 65.50128365214138, 55.90937856406812, 47.68692289456652, 7.552235328722815, 7.455427104454647, 12.82868657074979, 18.08952927626421, 25.75541844586972, 16.68025682320368, 7.3923569086407745, 0.0, 50.34423074698995, 57.075496156226535, 63.40065906688428, 71.16082503118788, 77.48848687009621, 76.53680906592963, 69.10911569678758, 60.251091429839, 54.30539565585929, 48.51553878976018, 25.380524157507722, 25.588486025579144, 26.88638831283973, 31.85111886511766, 34.30412367547384, 30.580569736289103, 26.150421734155035, 21.854924691477706, 18.951321382877264, 19.359483971680856, 36.19990966108164, 35.44060526894251, 41.21539888867212, 48.50041343610762, 52.24259161217014, 52.386574460590765, 49.82597169560385, 42.015791709617005, 30.54557149124386, 29.514217785333578, 21.94480346349144, 22.267038195175687, 75.33010048956838, 67.82960489551616, 62.49201625939356, 59.96291798967024, 56.38865786412796, 54.73342796817705, 56.261139168282, 65.06909019179109, 68.58017631893826, 70.98829548080056, 73.6410558975846, 75.28455924684654, 72.52474024450369, 66.89615638778062, 62.38002422426696, 58.74449701164787, 57.517727053957955, 59.66598871816809, 63.19563561153124, 67.72129589912393, 96.09682171612162, 98.11511519517981, 99.23821459689322, 100.1561936179973, 108.88824186440777, 114.83185528801988, 112.77857850516541, 99.54933769047418, 93.68866429160035, 87.687715530623, 83.19505617105082, 68.93568172053608, 61.58007396908663, 55.972902459289394, 55.66128766654937], [19.355376710204688, 20.8868237089789, 30.525961199075223, 41.22259966723266, 35.96567405279302, 29.712232044194593, 26.344174234089863, 43.170322115385254, 47.20652510060965, 53.988782906249185, 62.95038475250047, 74.09319960771441, 65.79203836108218, 56.76418833862727, 50.34423074698995, 0.0, 7.714554512755874, 15.91737357384691, 26.403687182551092, 36.35429842479392, 36.016730473661184, 25.22713477033847, 14.959338209246893, 9.492211955709429, 6.138206631248657, 36.86915052485561, 46.03822881583282, 53.437477013696196, 63.94997533829837, 71.54151810408611, 69.82890597303445, 62.34319080944433, 54.82550263882032, 47.68518296952634, 41.49702591199143, 16.217677501771945, 26.82058248273016, 38.358697791342955, 48.922742919046854, 58.29892768079524, 61.72447301081831, 64.46358586393782, 66.24458394288081, 61.311879307091, 45.798178311579136, 36.3221911148655, 29.921411552834083, 81.24782594035156, 75.67362653835481, 73.99693276522633, 76.63749411925623, 77.79209388736173, 81.67298733058861, 89.672335064394, 93.41809970238187, 92.38771264407765, 90.12849562509196, 87.64125366836213, 85.3521025603685, 79.55293599549626, 77.88896840217087, 79.65392293207887, 82.85840790050287, 88.28947634852398, 83.84553055541076, 80.6713834513355, 78.94116719462049, 61.34181170042208, 74.02968628048295, 83.0065857641291, 92.44703915882923, 106.89490963882811, 121.39789043888136, 124.70800055425852, 122.47379271499602, 129.35325500539412, 129.6761665276302, 127.72586526351499, 115.26969276970291, 108.82145944285556, 99.47902048790411, 91.36038748812032], [19.477560186793212, 17.811502452130224, 25.895940569792206, 36.87121291978849, 32.55250810312153, 28.349232702919807, 26.83230276184797, 49.74888742022452, 54.092139182593556, 61.054865558914486, 69.96518607165306, 80.77659295418134, 72.73695774761566, 63.70244000844459, 57.075496156226535, 7.714554512755874, 0.0, 8.364874122209729, 19.06244251736998, 29.408120001233318, 29.262248721458743, 18.348014296729172, 9.010233217201982, 6.753995064322968, 9.569347152305587, 44.27886136822612, 53.28826397840348, 60.533819759123354, 70.70081052163363, 78.16884735167628, 76.68038671919803, 69.43658831138185, 62.05945181279582, 54.99363524288873, 48.865672872197, 22.642848432132784, 32.010521332252026, 42.80410744690277, 51.95549576321161, 61.800229718370105, 65.98727304504075, 69.48235980519581, 71.69982381293775, 67.29571522027442, 52.23529587512794, 43.193068772636494, 37.328019075540496, 82.98713888516023, 78.29168294794165, 77.51857733770356, 80.83162243768358, 82.51188514672337, 86.71649298770409, 94.92187078241359, 98.17682570992788, 96.65140253101836, 93.88762581698013, 90.73739661173936, 87.84321229121466, 81.63878074408336, 80.99688009429387, 83.74618630696436, 87.59565061397093, 93.3628402418456, 88.54806969740156, 84.72939060362539, 82.02892254780394, 54.88399007393781, 68.93786586584046, 79.16500854517348, 89.9320454009178, 105.27908985704487, 121.01168484713801, 125.26863672600744, 125.5069075320297, 133.48031438919548, 134.4841933819965, 132.6916600104634, 120.49880270614285, 114.42844020674667, 105.0339771826832, 96.97872297304806], [20.833615662180627, 15.981363510494184, 21.052677443719645, 31.76566963165533, 28.895837278906956, 27.38863039611919, 27.766468197556204, 55.943623912073846, 60.69075949600806, 67.91739055688775, 76.71826592476451, 86.98874748828663, 79.29128498534648, 70.26691581995738, 63.40065906688428, 15.91737357384691, 8.364874122209729, 0.0, 10.758763061879602, 21.3311683666813, 21.41876861734367, 10.890678285367724, 6.305207367098563, 10.322968968773516, 15.990540025025203, 51.9806834604619, 60.82036221175361, 67.84075016407107, 77.52267109974447, 84.69208857376762, 83.41544282256547, 76.53511010069577, 69.3449666104965, 62.35836386414908, 56.317605727338865, 29.387285095335365, 37.56355796879124, 47.65571589203279, 55.009449723551036, 65.28999950535417, 70.37268803312953, 74.62556949008282, 76.96313613077945, 72.96531994698924, 58.78677490964652, 50.02112636266283, 44.72086864670136, 84.21364462194909, 80.61710650029919, 80.87600503527837, 84.84188042785732, 86.99948727493724, 91.39179873846673, 99.60412027804824, 102.4264192272935, 100.4404221286216, 97.21856103885827, 93.42480994050993, 89.9036810152631, 83.27996311052476, 83.83132395176854, 87.60043193364652, 91.99360282095626, 97.91819433427611, 92.89905642693843, 88.53038582092336, 84.82783426990777, 47.179827387825256, 62.252605336623624, 73.73841381617659, 85.86869310746307, 102.2019277844039, 119.19023009497778, 124.48865357385732, 127.65054992450737, 136.47586905547013, 138.14255278746816, 136.46838919326444, 124.61361817359338, 119.09043876125409, 109.84108949510944, 102.27284834235714], [25.71203233099575, 18.755670339323675, 18.19037091179872, 26.910165858404678, 26.76546368332994, 29.07467255364691, 31.34636887763584, 63.649562542648894, 68.77418666858884, 76.25073549441457, 84.84615414637335, 94.35297903752183, 87.16917042778539, 78.24776538996674, 71.16082503118788, 26.403687182551092, 19.06244251736998, 10.758763061879602, 0.0, 11.01158641964109, 11.871782265809504, 6.550370647260276, 13.675911969789105, 19.423327156722554, 25.519410743081743, 61.51745709921095, 70.09540956805381, 76.78466515113908, 85.78344823381039, 92.4987983845303, 91.48996003384902, 85.12681866243834, 78.21970382502953, 71.37674463764027, 65.49067085013641, 38.43697862687842, 45.462506348801845, 54.81251593029911, 59.96475712646271, 70.59610316154006, 76.69565950370082, 81.71675854360177, 83.91847655927037, 80.24317190186221, 67.35184388979097, 58.7718022451086, 53.97170336831499, 86.48009713792133, 84.32847779427343, 85.82184699115284, 90.45443631590221, 93.07045674418563, 97.5264582300449, 105.53178530279277, 107.94494650224543, 105.50295610667469, 101.8373713238405, 97.37044699125113, 93.15080979928504, 86.08055016186402, 88.1011011952864, 92.98872121258931, 97.85858022664307, 103.76605072609804, 98.700106448858, 93.84147258848849, 89.0404544722116, 36.96356710304528, 53.34885807956105, 66.6903081214823, 80.64005166098002, 98.29385302259195, 116.80234704547087, 123.43617506419223, 130.42785535271335, 139.90133362756282, 142.22664652780728, 140.5824908864331, 129.11555942383208, 124.25863923413249, 115.22820306081687, 108.40695304918852], [30.688469965607784, 23.151390452265147, 17.293943603976075, 21.55152524753895, 24.602284725986447, 30.481991540523413, 34.39003026130487, 70.00341478110406, 75.73902190738896, 83.55069580147472, 91.86973541578988, 100.4150891470113, 93.62192189007409, 84.76360477495048, 77.48848687009621, 36.35429842479392, 29.408120001233318, 21.3311683666813, 11.01158641964109, 0.0, 3.2176441109111185, 12.450052930395476, 22.450701385009623, 28.281288763736985, 34.36617534039265, 70.46075028623572, 78.88892829802454, 85.29662851756409, 93.70904799048772, 99.82320402007224, 98.89509949771335, 93.03669721911729, 86.36109055440551, 79.6091983782287, 73.86864476145139, 46.32405581067, 51.728411180043885, 59.992175886469305, 62.66064472234268, 73.41648597131666, 80.5288501462032, 86.31888836441198, 88.31441601396368, 85.14172501783696, 73.88488112302187, 65.81955609707228, 62.11681849673352, 85.81096687818614, 85.2141527519756, 87.99508596480716, 93.26787197081475, 96.34516782267627, 100.82605767648215, 108.56750100832484, 110.45088037709586, 107.51913601470807, 103.41616397851264, 98.29810434811799, 93.40815483636464, 85.97234211368901, 89.51192605268153, 95.52073021087342, 100.84556743156026, 106.7009963056438, 101.60641003438884, 96.27717260396832, 90.37596314372658, 27.97110960510453, 43.178525743166055, 57.447094121062456, 72.7648989127565, 91.38153488786838, 111.14424653229062, 118.99561500240807, 129.778239415342, 140.05320565577458, 143.31079233858497, 141.99235205861567, 131.3826709205293, 127.73130576904398, 119.61288694192443, 114.37824963739541], [29.151111875399298, 21.360764958550543, 14.557661570021743, 18.62503271539596, 21.623709567696356, 27.92071031589737, 32.365795565450355, 69.04352987167191, 75.06017468563574, 83.00038805186047, 91.31322426376478, 99.76318449682287, 92.80352481600966, 83.84365362170342, 76.53680906592963, 36.016730473661184, 29.262248721458743, 21.41876861734367, 11.871782265809504, 3.2176441109111185, 0.0, 11.52025144920587, 21.644429467210262, 27.491158472308598, 33.59026540263516, 70.1719698316109, 78.72331476269491, 85.20417251825666, 93.74757065567907, 99.8010027188897, 98.71930207207936, 92.80515708156328, 86.0514540396059, 79.22420062494098, 73.44512152290649, 45.231060636284326, 49.96274571678119, 57.75533841740621, 60.00241623311772, 70.71230957831428, 77.93617681907187, 83.88349172475074, 86.02771899587103, 83.15287634235105, 72.09463430421326, 64.42046272689844, 61.34591089058876, 82.76331885249027, 82.25432253873512, 85.17335448196063, 90.56474922075766, 93.76691557803503, 98.35162832767622, 106.21513977249849, 107.88284495799549, 104.81387926322134, 100.5976101304961, 95.36792981491037, 90.40567520147125, 82.95391746111888, 86.60978613897792, 92.78510034149453, 98.26721758567354, 104.26554665000195, 99.0165456967823, 93.53148463869753, 87.46681496034132, 29.761009231031633, 42.793394588118325, 55.85040422887997, 70.65960450095501, 88.89999990911272, 108.51858370319941, 116.25897628535057, 126.91006564976612, 137.69355177969186, 141.33270932541043, 140.3605460462694, 130.16530242036004, 126.97089418492297, 119.38384920882929, 114.71791992768117], [21.9665046692378, 14.020504849092239, 12.891836914012448, 22.53972472590448, 21.295200948254255, 23.52954990353543, 26.85483677194691, 61.55734105375199, 67.29187861049802, 75.04419061771274, 83.65926672439882, 93.04276439900138, 85.4390576343555, 76.26383905020356, 69.10911569678758, 25.22713477033847, 18.348014296729172, 10.890678285367724, 6.550370647260276, 12.450052930395476, 11.52025144920587, 0.0, 10.56875002172698, 16.83135251752743, 23.198855303727147, 60.74034386229675, 69.63348586349734, 76.52186074562307, 85.86912363467647, 92.49410387211879, 91.13497213912517, 84.60085499788524, 77.48992084158684, 70.45721232836996, 64.45784414373242, 35.620960723581, 41.21767379813296, 49.633521746004305, 54.221408330477445, 64.77267976992383, 71.00879006766067, 76.3294540638288, 78.95679098550107, 75.92510792696794, 63.20728590768537, 55.48517795363964, 52.086402048855376, 80.37770537127984, 78.21935903590192, 79.86708797716467, 84.71631756873398, 87.58478797769413, 92.30613364611946, 100.65526001899157, 102.62480011952465, 99.90982416643583, 96.0179338956056, 91.35436357393472, 87.0395836549566, 79.97336209054541, 82.06723935227562, 87.21943284571935, 92.42814815575174, 98.7015485888881, 93.25477665912307, 88.0637654116703, 83.00238667614784, 40.1790117350502, 53.303335272369516, 64.4336188531373, 77.25984760489784, 94.00599892077919, 112.08515522204158, 118.38803280569802, 124.7665225582346, 135.32714550033828, 138.42095222270717, 137.50857088902615, 126.87485462733123, 122.91900322386846, 114.97166262847183, 109.27643265999485], [15.699083464271347, 10.524949048656959, 17.09016234770144, 28.116430263942004, 24.076131564865545, 21.511712277071997, 22.190842270783822, 52.73662458789621, 58.1797939473551, 65.7518099918984, 74.5189836386626, 84.49865115244224, 76.48770815270146, 67.23331198902208, 60.251091429839, 14.959338209246893, 9.010233217201982, 6.305207367098563, 13.675911969789105, 22.450701385009623, 21.644429467210262, 10.56875002172698, 0.0, 6.405144458890602, 12.822801659862211, 50.703522409740856, 59.7897113797063, 66.90603460388155, 76.754421935168, 83.68316945757253, 82.08701457462772, 75.16964941549394, 67.848714210605, 60.705684055844884, 54.59784772397767, 25.671514338959714, 32.43935910185135, 41.972088172044394, 48.82235682334278, 59.14614214291787, 64.44733829871726, 68.95713852562027, 71.41673796702281, 67.84800804439416, 54.058587897214736, 45.9336919938991, 42.0993492089658, 77.93709518877718, 74.32363970713406, 74.68984155353894, 78.78555718936433, 81.08984102225521, 85.60636055859351, 93.98454369379704, 96.52817395619931, 94.37671241483119, 91.038741657251, 87.15612999984228, 83.60247518437272, 76.98270447398373, 77.57490382779078, 81.50761302715834, 86.0792412814995, 92.18179024220038, 86.97100216577769, 82.4262859228968, 78.56759331793879, 49.21604852082928, 61.39098570145219, 70.93360230131424, 81.91612401816455, 97.44844376423777, 113.90363785999318, 118.84603274086375, 121.47430842670052, 130.89604661108896, 133.1243041045881, 132.01719345862563, 120.88776990081867, 116.24394036654321, 108.08567940495685, 101.84824591951339], [13.089861489268516, 11.819929485201593, 21.067791148853193, 31.854233228460807, 26.818638416573908, 21.754829309687743, 20.210611956767192, 46.83317784875485, 52.11324994987208, 59.605282925952004, 68.41908619155478, 78.63313907458449, 70.45812838929133, 61.192733051971494, 54.30539565585929, 9.492211955709429, 6.753995064322968, 10.322968968773516, 19.423327156722554, 28.281288763736985, 27.491158472308598, 16.83135251752743, 6.405144458890602, 0.0, 6.418255104588479, 44.43661545712221, 53.593015562855896, 60.7771647043397, 70.81054778992132, 77.81167466290718, 76.08108332500126, 69.0239943750065, 61.625923165268375, 54.44003808518865, 48.30158980399309, 19.460235482522226, 27.264603361934405, 37.77148557467929, 45.913809539097144, 56.0431933856313, 60.80339552743058, 64.73456460309467, 66.77911161621263, 62.694502834404176, 48.529738900962066, 39.93103895608489, 35.735969426884786, 76.53607959793554, 72.14664326709037, 71.74772045154877, 75.29629454303124, 77.15719407765094, 81.39610156280885, 89.59220597610205, 92.60273400026497, 90.88099176591268, 87.97419433331565, 84.65056486647254, 81.59915136081591, 75.2757483096284, 75.00239567708864, 78.11925854625319, 82.14542982507896, 87.94844795883101, 83.07097461001223, 79.07145706551955, 76.01942574690506, 54.22735244218986, 65.5361305834514, 74.1730729918074, 84.06374778157515, 98.93405915943995, 114.37306103423839, 118.52528585260637, 119.10470668065346, 127.47753192251544, 129.05397940415367, 127.72731816395464, 116.26763445512378, 111.23187411822182, 103.00585768241336, 96.6473330175332], [13.442829249707035, 15.895383301365529, 26.08520809374334, 36.40513238004648, 30.7264131107476, 23.83998405008395, 20.23863700156325, 41.122599495182044, 46.17466040590875, 53.548946379896904, 62.41259912648261, 72.90328488670251, 64.53555285122151, 55.267020954946396, 48.51553878976018, 6.138206631248657, 9.569347152305587, 15.990540025025203, 25.519410743081743, 34.36617534039265, 33.59026540263516, 23.198855303727147, 12.822801659862211, 6.418255104588479, 0.0, 38.21414327787627, 47.45676053925209, 54.72468886954609, 64.98184089610619, 72.06787063596752, 70.1781008682931, 62.95193381733451, 55.460724947017326, 48.22454752151715, 42.04835992348155, 13.435219228968649, 22.722620237641188, 34.24017793730736, 43.761314544263584, 53.52494928577225, 57.62293427418699, 60.87036383195478, 62.4524680884352, 57.801827198922595, 43.22392782868195, 34.07368450647539, 29.396983160972216, 75.66973016764076, 70.49029926103924, 69.26918860832447, 72.20154048582495, 73.56908689988248, 77.49196933707493, 85.47257470152618, 88.97686106978357, 87.72272918324576, 85.28712057715897, 82.57236932840785, 80.06773185397735, 74.09770647258186, 72.90417953606416, 75.12163567242433, 78.53977426010991, 84.00477330269156, 79.49902476446026, 76.10615006021706, 73.94109315392204, 59.58095286989267, 70.11234467983222, 77.8911402498154, 86.71410627147566, 100.874447231083, 115.26132678636027, 118.60765027344117, 117.06611932543576, 124.34540442998858, 125.23672537240816, 123.68746496981635, 111.89580137423475, 106.44058242397706, 98.15339243370472, 91.6588271514319], [44.95503070028949, 51.93025900976415, 62.33838773066128, 71.00911885082711, 64.96788145352996, 55.70474254939015, 48.14009289666094, 22.690383574993923, 19.18689840800503, 21.335776678784136, 29.738080492549027, 42.886582123800764, 34.84379605177651, 28.193334303070927, 25.380524157507722, 36.86915052485561, 44.27886136822612, 51.9806834604619, 61.51745709921095, 70.46075028623572, 70.1719698316109, 60.74034386229675, 50.703522409740856, 44.43661545712221, 38.21414327787627, 0.0, 9.582143982836303, 17.419033544067304, 29.29125876710188, 37.52498550595099, 35.064367248553935, 26.54124828489687, 18.75730988157633, 12.036814543536426, 6.761524487653137, 28.69584742649133, 35.016057878979936, 44.62230561795168, 57.1036584933568, 62.57370689615775, 62.073005789620936, 59.97486212119042, 56.965658113092665, 47.758948437187776, 35.612688072625716, 24.878315317596908, 13.31709119370698, 89.273