{
	"dissimilarities": [[0.0, 8.35222059153014, 18.030628159637065, 25.780777881072577, 19.728381894984445, 11.790568120837309, 6.574757564433003, 40.70813677271155, 47.620223780386354, 55.914711604976254, 64.17235405678156, 72.57245256187893, 64.78560118981811, 55.47712004108355, 48.178434228755606, 20.65107923298066, 20.924987915374025, 22.020687198067325, 26.465444645675824, 31.197001670632677, 29.497129146513736, 22.657194203248867, 16.97287233525313, 14.57481868813839, 14.749988808946027, 45.60084156393215, 54.22139631552881, 60.79684872331723, 69.28351642750212, 75.32829739964093, 73.2724651383067, 66.95532866220103, 60.46196404270097, 53.3240996487622, 47.63698767427317, 18.749720556180193, 20.74722644161407, 31.551480444079846, 35.35717260453252, 47.12399240511539, 53.770852351269994, 57.97232048514971, 57.77231202774254, 53.56034666172519, 43.15083429992837, 34.52097676354732, 34.23513976284663, 66.75657630201053, 63.24600094478327, 63.5343047185381, 66.8463509460613, 68.62779175532866, 72.79865748470137, 79.62019010926659, 82.00893007747878, 81.25920486675484, 78.85738842968054, 75.57324929576926, 72.30338855495984, 66.77930051756023, 66.29827123088515, 70.34886410386278, 73.17783442669887, 77.85578320776905, 74.06350106726364, 71.26344942433731, 67.26220747171917, 54.11089191011109, 59.03576425381751, 66.93563388688506, 76.4525532678899, 89.72317795161919, 100.82873011473323, 104.96231246607279, 108.80242518400931, 113.93292540838613, 117.24800436909231, 116.47915279593174, 106.18262687957716, 101.77507331865017, 96.07855180752955, 92.72715368064677], [8.35222059153014, 0.0, 10.339461146177443, 19.324227192286493, 13.588751037077465, 9.457498847976721, 11.284567170237633, 49.045624998540546, 55.882521395115795, 64.14340873276244, 72.46333407014001, 80.90546738832431, 73.13273486970134, 63.80418394176178, 56.516417901213856, 22.90920930912119, 20.3541284151902, 18.50202870245385, 20.54059862114352, 24.14893287544818, 22.05375621406371, 15.718518314428556, 13.244836649169555, 14.260013914991813, 17.65949038612522, 52.820130258283896, 61.64542191217221, 68.38500174092721, 77.10329146522649, 83.29407741141807, 81.34859119724226, 74.96835484218036, 68.30204655450507, 61.13215365533729, 55.31653033793709, 25.005822411015924, 27.383869075252136, 36.34524409843634, 38.979550050872795, 50.699404702201754, 57.749398512850355, 62.739218210444776, 63.69308286391669, 60.554831786505964, 49.8657775250718, 42.21122538417005, 41.87545363326509, 68.29875521970301, 65.67067178033399, 66.898440702512, 70.89642364247442, 73.37723470305441, 78.2134083686744, 85.50305496759947, 87.08959854339733, 85.63108502489284, 82.63196302299278, 78.52300695210747, 74.57847200831517, 68.68389406849397, 69.24737789620924, 74.2771636983235, 78.05113696303873, 83.53191926597373, 78.89695671175802, 75.16008230581853, 70.18821414218247, 48.44728535768932, 54.2414041680037, 63.29104580639368, 74.29526189409323, 88.25039217871917, 100.71079093775687, 105.85944555822933, 112.03921447817388, 119.1618683090143, 123.50447059025917, 123.21439608576465, 113.52801106685307, 109.57920014649349, 103.88410552354794, 100.34690988601761], [18.030628159637065, 10.339461146177443, 0.0, 9.810226118526518, 6.420875301694699, 12.20492859026197, 18.47741185358447, 58.34420458449695, 65.50742830458371, 73.83834179201222, 81.97035992414577, 89.8252116917813, 82.29600318044169, 73.04994223865909, 65.7161819397681, 32.0300096057088, 27.866944152283406, 23.281679997662906, 20.32994507361577, 19.07100574040108, 16.17284760292463, 15.257618523690288, 19.242115042866054, 22.786030676152116, 27.353965127062732, 63.13332847084954, 71.895447737988, 78.49713669132228, 86.92840461225752, 92.79974973838063, 90.98946498179792, 84.88354623395163, 78.40218770646223, 71.28165314753062, 65.53268631926477, 35.26487158206894, 36.405849427172676, 43.183529393390934, 43.13473328704382, 54.86364361288908, 62.920578966031215, 68.75705191658056, 70.22653994201009, 67.86501799481377, 58.28378084789801, 51.6872185655856, 52.07925417708227, 68.19118253855801, 67.19192914983773, 69.88872827662915, 74.6747308586047, 77.91227492797596, 83.18640065951476, 90.53837936940404, 91.3648365932684, 89.03669896489815, 85.4077372770123, 80.38708181686687, 75.53486202075503, 69.11948095448375, 71.4383173484213, 77.70550896802104, 82.45664602732421, 88.47006878459513, 83.22499571039165, 78.51024772568037, 72.30426842874466, 42.24870454787801, 46.15468854456485, 55.416569332228356, 67.7285589952362, 82.41758956511805, 96.51945028655103, 102.99986768149067, 112.81374865442699, 122.00934906894405, 127.57128305362751, 127.87843219155451, 119.3084589895153, 116.5156681724817, 111.50845093790339, 108.95717676175576], [25.780777881072577, 19.324227192286493, 9.810226118526518, 0.0, 7.391599662377894, 17.41141462856496, 24.288584827063183, 64.27879567900422, 71.91998363986956, 80.3127405804665, 88.05874225539816, 94.95223258388785, 87.78573408791387, 78.73802443572887, 71.40907034701237, 41.72578067617057, 37.62467893135044, 32.60368356285996, 27.63758508166612, 22.483315657904615, 19.560382679289507, 23.458244673013386, 28.97564879808036, 32.54536181162337, 36.85598702675732, 71.36787621259484, 79.88466132020058, 86.16666705696477, 93.97745073593083, 99.23271062410828, 97.49218848377261, 91.84259692239888, 85.79617328478729, 78.78397437220649, 73.25053006040797, 43.90082748154377, 43.22596459525281, 48.26566612696223, 45.328735152908315, 57.02815813017359, 66.19964623909654, 72.5538582606911, 73.74364631227425, 71.66500135999954, 64.02555530239036, 58.316252783583, 59.82730310847098, 65.58393160739863, 66.29335049989552, 70.35262991990236, 75.6697591600484, 79.3907483991634, 84.68266171098503, 91.6529564962752, 92.04708218905448, 89.05506544964618, 85.04403280083176, 79.43843407312343, 73.85183480982252, 67.0046217024655, 71.04842490233138, 78.25580750335878, 83.58824114425617, 89.63668531532286, 84.26993394681713, 78.96514042115045, 71.81487437329454, 40.28279278137911, 38.63793510696816, 46.096728246601025, 58.680625634760254, 73.7806898655765, 89.04094488236996, 96.56276538258551, 109.72555658292664, 120.2055221628216, 126.72068806420565, 127.5675819463404, 120.28519314702791, 118.96051609039162, 115.16387169380245, 114.40325715137632], [19.728381894984445, 13.588751037077465, 6.420875301694699, 7.391599662377894, 0.0, 10.284529842497369, 17.931006919834616, 58.368503211529024, 66.06434021748174, 74.44840347273633, 82.32605243486859, 89.65266535293317, 82.05991605419477, 72.82473136439735, 65.53627059497758, 36.17203573443232, 32.872514648099575, 29.134537189865124, 26.74390994191913, 24.644771199233602, 21.632354302037122, 21.500738629305925, 24.482711195957055, 27.178489959416986, 30.951174187522465, 65.17906291790335, 73.8569412809419, 80.40172193183086, 88.55666320113843, 94.09831028532199, 92.0781828511544, 86.06928331094345, 79.82860778796291, 72.68081437734486, 67.06637520410814, 37.31642559991027, 36.101201273885025, 41.11082875343236, 39.13758004889562, 50.873777848851844, 59.61885988693313, 65.80001702352293, 67.20623369561649, 65.32054653137563, 56.94635692632273, 51.50325080514698, 53.37116629290696, 62.26984841554437, 61.81937839382922, 65.08735656606389, 70.14487684350858, 73.66481503948116, 79.05044061836347, 86.37801468137607, 86.82854171051197, 84.13931599529235, 80.30611413837751, 75.0256686669321, 69.90475490523559, 63.340732427679264, 66.27433947453406, 72.97391756682337, 78.07033297742706, 84.26406824786984, 78.79583574635696, 73.73665349653415, 67.10241911059575, 45.76362788316794, 45.58516431810584, 52.000727713384805, 62.931111236739504, 76.77336639393717, 90.39017836847073, 96.7545645237592, 106.93506192456097, 116.99536809666306, 123.36951700677464, 124.34812811451192, 116.84173464256236, 115.18998686296041, 111.44694181985528, 110.33967010738023], [11.790568120837309, 9.457498847976721, 12.20492859026197, 17.41141462856496, 10.284529842497369, 0.0, 8.634111285101087, 48.779774444783456, 56.55702282317407, 64.90731166179306, 72.8389201576888, 80.51356281814743, 72.53424467159043, 63.15784453920141, 55.933598832388206, 29.919112476103063, 28.63857087512109, 27.56850250779177, 29.08317865135876, 30.56167127873155, 27.92497449520946, 23.625200149593546, 21.8320051142936, 22.081272956633843, 24.06440066636163, 55.90663993752988, 64.59444936147081, 71.27787682206127, 79.59939814756761, 85.30513225289044, 82.9764826020039, 76.68827641512964, 70.3799731728106, 63.149667002206606, 57.55228265885373, 28.257683430749893, 25.863100097944507, 31.649273313924823, 31.381631975614493, 43.389068409995645, 51.52992771012654, 57.118065487225664, 58.09144846622847, 55.80981054225794, 46.828059717608525, 41.268436831971634, 43.67254223498838, 59.00530877707029, 56.86277246083889, 58.76095796956877, 63.15808309885813, 66.07037566323953, 71.17094478933834, 78.58326763675726, 79.56819443519821, 77.59086540924784, 74.28692474034055, 69.82325162835255, 65.56853057231093, 59.506768800717424, 60.700229885102175, 66.31289622296178, 70.62165336901487, 76.49393682465502, 71.4161949876628, 67.1502097993833, 61.60592000780512, 53.26536978908627, 54.01969479396729, 59.33542465805365, 68.22022553460252, 80.712550957357, 92.1534045275833, 96.91501692725801, 103.05905327837206, 111.50308078338729, 117.122057046945, 117.92012089068459, 109.8551699912631, 107.65041058254855, 103.9525998550342, 102.63091263314726], [6.574757564433003, 11.284567170237633, 18.47741185358447, 24.288584827063183, 17.931006919834616, 8.634111285101087, 0.0, 40.487406816719435, 48.188516415568316, 56.566103739046326, 64.46604413509938, 72.12990177316581, 64.30563969285515, 55.002224446905544, 47.711033164427164, 26.582353756588034, 27.15567829656851, 27.9613560201916, 31.34938533925675, 34.45717435536122, 32.376973850929254, 26.961967271067234, 22.535176748518744, 20.59161525335798, 20.51549200966421, 48.38115730556434, 56.768122410249134, 63.16607555871941, 71.1820347434646, 76.73502669323507, 74.46284896001738, 68.34999531405755, 62.235114122250906, 55.11984064225091, 49.67274697773226, 22.267883537024822, 20.076648291225336, 28.70156046954566, 30.224067548552863, 42.44794771825324, 50.028121570246924, 54.60350236464095, 54.10582144971911, 50.2172252563261, 41.394816392707604, 34.17703574651589, 36.09442871867748, 60.55356486370021, 57.44873239098552, 58.21847682778622, 61.76601761129501, 63.77988411300411, 68.00204034420224, 74.75283531753814, 76.8774543631074, 75.81682309372387, 73.2648233706544, 69.80555370682829, 66.32707506092223, 60.65918747509029, 60.66999122561929, 65.08958997337157, 68.18567968084098, 72.96377723218485, 69.03639609671724, 65.97006399926504, 61.605022494129635, 56.364384945723664, 57.90872771083649, 63.463228195507455, 71.60015091683843, 84.03662238551443, 94.53431268444827, 98.45459127417993, 102.50520386532725, 108.26682324789047, 112.33153310662533, 112.2089234964271, 102.99605094175107, 99.8678854269334, 95.62157949242756, 94.05053496306816], [40.70813677271155, 49.045624998540546, 58.34420458449695, 64.27879567900422, 58.368503211529024, 48.779774444783456, 40.487406816719435, 0.0, 9.04519395199296, 16.914398943932387, 24.155849275481767, 32.66600036102594, 24.121190178973674, 14.822638946009613, 7.551537801782495, 43.27457049779028, 49.87987758058367, 56.01395895023838, 63.67920749251376, 70.08474776933204, 69.07749233351676, 61.587988176803705, 52.839534927465095, 46.95285786102483, 41.21992746382045, 23.062349519555596, 25.881663014093302, 29.3711109654325, 34.690158188609665, 39.18327137350071, 35.78640269170316, 30.03280732556835, 25.986442515277176, 20.56123895174172, 18.60455498552766, 30.80851700783642, 28.392551545203577, 36.15953289790864, 43.33334728263572, 49.10969739696993, 50.717895370537505, 48.873176270169196, 41.44537927019545, 30.246228770589752, 26.517824879279694, 15.597992424245053, 16.43808618615677, 73.58753796734108, 66.3943762105218, 61.64035319269215, 60.35643675507764, 57.601193928173274, 56.8584142169442, 59.70700380457922, 66.82414149310684, 70.52783393087543, 71.90494415201944, 73.61949909007421, 74.44158376002802, 71.86581187798038, 66.07256390757463, 63.87939076292858, 60.58917751318388, 59.50904168301021, 61.567717340219346, 64.80244384329619, 66.96116508543165, 88.99605232942216, 91.46338276499608, 95.12372203646345, 98.50755029187566, 107.65965707665018, 111.88824759403691, 110.89740482743183, 102.00005290994433, 95.77468975908003, 92.68835292122922, 89.05888212005148, 75.07381461264485, 67.24604849637156, 61.77718870319786, 59.611726476745], [47.620223780386354, 55.882521395115795, 65.50742830458371, 71.91998363986956, 66.06434021748174, 56.55702282317407, 48.188516415568316, 9.04519395199296, 0.0, 8.397768140136344, 16.657883168123046, 27.126057944197512, 18.9121267470859, 11.075568277838434, 7.557194811778376, 47.159688449507584, 54.09681333463651, 60.68532202086864, 68.80306022516355, 75.86702354170258, 75.13246834738206, 67.2891755636294, 58.19343896867138, 52.1242953317724, 46.14808131268347, 19.25128339254934, 18.928741460500984, 20.90836939431406, 25.755431252163493, 30.74627326855972, 27.199044644407884, 21.063759794890135, 17.280611574213772, 12.983928633886546, 13.333572746830084, 35.79734820319746, 35.58853460259897, 43.61466308378542, 51.80773102075043, 56.804228441068055, 57.21914217993267, 54.46687017998038, 46.94258914802903, 35.673175741373534, 31.865429838876313, 21.56943101038124, 18.681160903715966, 81.96462397623513, 74.37214346242415, 68.99728795911858, 67.1303134799381, 63.79093068676899, 62.39999166210664, 64.56436298504593, 72.30139125655369, 76.72729250978118, 78.63263016450307, 80.96317898361069, 82.29274535783901, 80.09161891128265, 73.66856444397506, 70.66187990338285, 66.56636697291569, 64.64532153949516, 67.54228644114777, 71.57945673752701, 74.547228956501, 94.34314759345479, 98.42791987879463, 103.08303314397557, 106.8271561354081, 116.22041118986259, 120.26583859396233, 118.94992334134825, 108.62583536351512, 100.32415954462087, 95.44154347850849, 90.6037393013525, 74.90720642631231, 64.72841799292776, 57.18799470537082, 52.493040937737995], [55.914711604976254, 64.14340873276244, 73.83834179201222, 80.3127405804665, 74.44840347273633, 64.90731166179306, 56.566103739046326, 16.914398943932387, 8.397768140136344, 0.0, 8.972447690720072, 21.174057587353772, 13.417740431689118, 9.646484504852843, 12.133738661671059, 54.25912645793194, 61.35746150369488, 68.18501344535764, 76.52791613119972, 83.83942558652676, 83.19553048087943, 75.20179497912966, 65.94179760481958, 59.799802952637094, 53.72391958003916, 22.05150405750599, 17.925596122876808, 16.928393535841845, 19.366703773504177, 23.93196737136838, 19.642598705514658, 13.439265654668823, 11.964789764779072, 11.55710652402988, 15.548417337120169, 43.31752998540638, 43.29937413468311, 50.39051739562382, 58.7380443615126, 62.62934891629389, 62.003696256729306, 58.298704226267326, 50.259066462974246, 38.94387057625832, 36.64289779670803, 28.32034460422784, 25.374538454104325, 87.82197939516931, 79.8382271021656, 73.81109909548928, 71.23663558847618, 67.22227532368022, 64.98086038923577, 66.24361710949434, 74.60806584568542, 79.79751793908768, 82.33671742277252, 85.4470283225984, 87.41795311553997, 85.74337404383546, 78.63298461896531, 74.66003851113179, 69.61087972410681, 66.65141258837751, 70.56275789620494, 75.54788823190998, 79.47595305825712, 101.99498421765549, 106.36002991949798, 110.90838375115116, 114.17806726385302, 123.11071087549752, 126.28481766996374, 124.25751956898901, 111.83823666039058, 101.4105656123294, 94.98109703376353, 89.3437834329287, 72.64579067887313, 60.95100275621105, 52.70988145017097, 47.01549065757236], [64.17235405678156, 72.46333407014001, 81.97035992414577, 88.05874225539816, 82.32605243486859, 72.8389201576888, 64.46604413509938, 24.155849275481767, 16.657883168123046, 8.972447690720072, 0.0, 13.094966543636147, 7.590280272041934, 11.855512399565109, 17.699325744340744, 63.203003246203245, 70.25757183277224, 76.98268460401508, 85.10816483528428, 92.14707383023472, 91.51279002748927, 83.83038132814625, 74.72162052882938, 68.62260235108226, 62.58930922954598, 30.321337733198565, 24.535330642616493, 20.82041565891843, 18.04778263450735, 19.228320197098157, 14.314590098444526, 11.765752927973839, 15.799371065167184, 18.884905787329256, 23.93579153538723, 52.165440568992274, 51.40584682850111, 57.42289046750721, 64.87939624965705, 67.9270958283166, 66.93258466344304, 62.5261445603534, 53.39858914259168, 41.7147824990984, 42.544690613603876, 36.04406223955081, 34.261787463279305, 91.82611331920982, 83.84996089462476, 77.49484445665196, 74.26599568854999, 69.586313453884, 66.17977585263912, 65.95045506822667, 75.17492056936051, 81.09839017600382, 84.3445808127693, 88.28602785244804, 90.81287079224005, 89.60884893056878, 82.20315243102242, 77.3916320318148, 71.3176635734823, 66.87406363509295, 72.21147244912054, 78.21241002328064, 82.9742998796938, 109.47435116126047, 112.8812753569205, 116.57816183513532, 118.81048256322914, 127.00804843842491, 129.05515446747881, 126.24028481439397, 112.1114450943318, 98.96261759748126, 90.71045362444627, 84.11957081021019, 66.55739198656279, 53.82095539658855, 45.92348608101116, 41.644516008924846], [72.57245256187893, 80.90546738832431, 89.8252116917813, 94.95223258388785, 89.65266535293317, 80.51356281814743, 72.12990177316581, 32.66600036102594, 27.126057944197512, 21.174057587353772, 13.094966543636147, 0.0, 10.66032141245596, 19.677930337529048, 25.65838249602529, 74.09162445334988, 80.83053467823376, 87.01656274443457, 94.32257260483188, 100.43784272946831, 99.77618185672567, 93.06430178729896, 84.56644879691048, 78.69507822027992, 72.91491093829853, 43.03040974890298, 37.27880157139451, 32.50011322113832, 25.83031513410475, 21.394280851052393, 18.383197397350546, 22.060624559849863, 28.283287612398777, 31.826937881202742, 36.6309868371102, 62.7176837383877, 60.68639686147473, 65.72729143582174, 71.04645376522683, 73.7464857643515, 73.37069169669552, 68.74892011343216, 57.994170233771676, 45.63547971692376, 51.02795820824594, 45.83404240053082, 45.6556425681675, 94.33752062299307, 87.08296650749077, 81.00172267096707, 77.31065812904905, 72.09210636483222, 67.160270781125, 64.5310909502214, 74.93550126536574, 81.45017314759858, 85.43919287189142, 90.17817468621055, 93.0273936880097, 92.13283421046444, 85.16753588666347, 79.86146657934081, 72.7999408423514, 66.27213359451335, 73.58187907627237, 80.55967106871135, 85.81450813367609, 115.94577549957434, 116.98043109159018, 119.04367913132725, 119.61446821275703, 126.86319762623741, 127.62355898329189, 124.06642297243832, 109.30863991265913, 92.31455507769363, 81.45993566696251, 73.23518203545947, 54.42017150387693, 40.86372413580559, 34.84157394233771, 36.834070052751244], [64.78560118981811, 73.13273486970134, 82.29600318044169, 87.78573408791387, 82.05991605419477, 72.53424467159043, 64.30563969285515, 24.121190178973674, 18.9121267470859, 13.417740431689118, 7.590280272041934, 10.66032141245596, 0.0, 9.735717165002944, 16.695352844010994, 65.88857717713356, 72.85585415048175, 79.36602966928487, 87.20632423374222, 93.69537555163637, 92.84384833172349, 85.48368532383955, 76.58726029359349, 70.56754018198092, 64.62562582077017, 35.14280193998546, 30.678283362615986, 28.037510001013867, 25.469078586855748, 25.170858693957502, 20.556311771623115, 19.203804231266886, 22.64879753704123, 24.382420767679918, 28.558330013031185, 53.929471066790875, 51.28080224625914, 55.79679260922772, 61.95656101475059, 64.3605184454964, 63.53616489792391, 58.94276429479786, 48.822812770948985, 36.742935648671995, 40.59161277035783, 35.86922157536366, 36.623382291341166, 86.82837253045257, 78.97365781433557, 72.57900140835815, 69.05156429604672, 64.08535235315931, 60.050256816702664, 59.07282910736971, 68.667872522627, 74.81120402292015, 78.35616231885457, 82.68321133761333, 85.46445985045386, 84.5365816543701, 77.09442447083691, 71.93255586723792, 65.4004724673852, 60.22631402364563, 66.25445113972256, 72.70267872074686, 77.80930990717384, 111.03195785336284, 112.4727136803286, 114.57197024874256, 115.51423893195629, 122.65144306878098, 123.61650657425497, 120.19504005380244, 105.11265671843327, 91.4236099742207, 83.3427322976462, 77.29096897159526, 60.7230859470603, 49.787630583804365, 45.12450243567343, 45.21987583535684], [55.47712004108355, 63.80418394176178, 73.04994223865909, 78.73802443572887, 72.82473136439735, 63.15784453920141, 55.002224446905544, 14.822638946009613, 11.075568277838434, 9.646484504852843, 11.855512399565109, 19.677930337529048, 9.735717165002944, 0.0, 7.386622704494997, 56.84787870177432, 63.804891606541595, 70.32470034514728, 78.28666221054732, 84.84802042308462, 83.88269751513316, 76.290130593547, 67.31125992844049, 61.2828518071389, 55.34261383467144, 28.48589963778025, 26.419588112121314, 26.471567972063802, 27.929043835952296, 30.398208939517488, 25.90248606185071, 21.45357982018444, 21.08321659458874, 19.639860953792976, 22.039190658188264, 44.51070022741333, 41.54844610994877, 46.500277124693035, 53.21899572789173, 56.346010501797245, 55.99764575437847, 52.10695613372167, 42.7757590979785, 30.69024662178807, 32.09958919047407, 26.232684322630593, 27.628357403532135, 80.10161198981119, 72.18757472283107, 66.09310572433168, 63.21663512821639, 58.9209196764076, 56.11558649967837, 56.84549810136604, 65.49410393837228, 70.82679805251847, 73.61528560717525, 77.08678145646726, 79.3141519572221, 77.92381238596776, 70.73192247933207, 66.41216325403828, 60.9401122974453, 57.39867078284204, 61.86250685755885, 67.25539103306475, 71.52131131409831, 103.17809818315516, 104.92722104259846, 107.37344167711726, 109.03162121878694, 116.63826673025855, 118.53332352049806, 115.81541859278167, 102.36665450203525, 91.91350186338603, 86.20960250391414, 81.55026115416034, 66.41497852672398, 57.18030524505286, 52.60221552509674, 51.682718796142524], [48.178434228755606, 56.516417901213856, 65.7161819397681, 71.40907034701237, 65.53627059497758, 55.933598832388206, 47.711033164427164, 7.551537801782495, 7.557194811778376, 12.133738661671059, 17.699325744340744, 25.65838249602529, 16.695352844010994, 7.386622704494997, 0.0, 50.42419411090078, 57.18385575924163, 63.46075563707251, 71.19036057271464, 77.57027502858271, 76.57529814659499, 69.13830337503549, 60.33940362051015, 54.40525288910237, 48.591843812971625, 25.694207183851695, 25.926381667584756, 27.669445411585304, 31.048297929463736, 34.47580015843649, 30.597115084965594, 25.518432412318003, 23.192721382859858, 19.54014552151291, 19.881238732477208, 37.96804711623217, 35.03072888604749, 41.11899409227586, 47.825906465322255, 52.22989825742249, 52.93992637912561, 50.03244645921343, 41.35212278506216, 29.298958062917546, 28.746855941817095, 20.66391435873673, 22.149059312940313, 76.16357497536079, 68.64206188378, 63.22056188017901, 61.10096193284854, 57.52056847017618, 55.64188769897622, 57.32971747802625, 65.3310908485418, 69.87889651385525, 72.00261309152067, 74.64685963172502, 76.18673947984327, 74.20742652777116, 67.732485328064, 64.43956853131378, 59.9791060510437, 57.54450500402837, 60.9308119036701, 65.3200742266523, 68.56646216910882, 96.02488287285566, 97.85547037445906, 100.71519842429495, 103.06512464657419, 111.3670934898871, 114.33848361467852, 112.44042896323906, 101.29187358470095, 92.81592877946652, 88.39932490334677, 84.23892900010283, 69.69351948589839, 61.314712274113184, 56.42853978388823, 55.222831594066434], [20.65107923298066, 22.90920930912119, 32.0300096057088, 41.72578067617057, 36.17203573443232, 29.919112476103063, 26.582353756588034, 43.27457049779028, 47.159688449507584, 54.25912645793194, 63.203003246203245, 74.09162445334988, 65.88857717713356, 56.84787870177432, 50.42419411090078, 0.0, 7.659659642325365, 15.861210690989859, 26.68307559772595, 36.77093158619723, 36.228267848043316, 25.157276275810162, 14.811491205184234, 9.353578312293372, 6.113839329384931, 36.87666159564899, 46.03007891115836, 53.53689416954613, 63.975325666346485, 71.90670140888511, 69.92298756457325, 62.42346055161346, 54.62062875024025, 47.612086014904484, 41.456492170943854, 13.932340696629947, 25.979124698823767, 38.326059107044856, 48.02262060890193, 57.2700040137673, 60.346804731208735, 63.1131110325849, 64.45870124117258, 60.621799227236885, 45.648769960999715, 35.71230812501633, 29.96155914910252, 82.32182942025761, 76.78776117815143, 75.05684033250033, 77.41137027308771, 78.45089206722756, 82.70029671038247, 90.21419281795622, 92.84328097252471, 93.0502895222829, 91.14250209047928, 88.60402004048328, 86.42166892290801, 81.80092407114633, 78.97951342351436, 81.47697325918006, 83.49440200616874, 88.31339982349688, 84.47552303318396, 82.49475140259689, 80.03522869770798, 61.321137387755314, 74.11394946439829, 85.55714839216036, 96.59639456907165, 110.12864912386867, 120.93933980035204, 124.42545919972675, 124.53974332230881, 128.5454219796004, 130.4514869986244, 128.76174333294725, 116.21689438561955, 108.59560875369532, 99.71325540284971, 91.05674624935163], [20.924987915374025, 20.3541284151902, 27.866944152283406, 37.62467893135044, 32.872514648099575, 28.63857087512109, 27.15567829656851, 49.87987758058367, 54.09681333463651, 61.35746150369488, 70.25757183277224, 80.83053467823376, 72.85585415048175, 63.804891606541595, 57.18385575924163, 7.659659642325365, 0.0, 8.403565581095387, 19.52142007637503, 30.015340991722034, 29.63416385964431, 18.37871818061208, 8.943612467958014, 6.728647401662609, 9.59296027751861, 44.277803869603794, 53.28397831025688, 60.57707524424718, 70.7770788383236, 78.52653921622137, 76.79549319712926, 69.55779182584526, 61.876802587153065, 54.95653984989423, 48.85001504981984, 20.55078886562253, 31.165930702240015, 42.72303100122205, 51.04250155904376, 60.84163458233454, 64.69730180139618, 68.18742053109358, 70.0306722806218, 66.61035231690676, 52.02379598979676, 42.54061902337485, 37.337280780151, 84.08853662259628, 79.38765817034516, 78.52598707804972, 81.46511115986294, 83.04152915178236, 87.69193251663376, 95.38674926379322, 97.58312221098309, 97.24042485845773, 94.88751363458556, 91.70639546618808, 88.91500147673972, 83.88413286841146, 82.05750260337904, 85.41168539449998, 88.12755681502328, 93.39536853824654, 89.07942155142598, 86.40370831501023, 83.09435905120843, 55.035757735508675, 69.25144307157684, 81.9634515880576, 94.27041115939161, 108.60293579060968, 120.67777748325905, 125.09401335233622, 127.54527664557314, 132.7886866032743, 135.3015388617817, 133.77087456453714, 121.54332880339354, 114.29464303459622, 105.33185205829795, 96.786724756742], [22.020687198067325, 18.50202870245385, 23.281679997662906, 32.60368356285996, 29.134537189865124, 27.56850250779177, 27.9613560201916, 56.01395895023838, 60.68532202086864, 68.18501344535764, 76.98268460401508, 87.01656274443457, 79.36602966928487, 70.32470034514728, 63.46075563707251, 15.861210690989859, 8.403565581095387, 0.0, 11.214690348450686, 21.92647794980548, 21.75805960899956, 10.88418913037264, 6.311964147256938, 10.343590642062072, 15.972601664755715, 51.995035762470344, 60.83535395897377, 67.82077368996949, 77.57735979349566, 84.95005020198664, 83.48886762731418, 76.6483173893566, 69.21604577225732, 62.36697492884525, 56.33721337448751, 27.51494377124911, 36.65817798429917, 47.536595869793736, 54.03916963569973, 64.50277113447959, 69.38485556101978, 73.56297651630041, 75.51568575582012, 72.23993681435515, 58.50829284093239, 49.256217606762625, 44.67413721361077, 85.28845180896634, 81.65526762116446, 81.80523590512635, 85.32049058267015, 87.39221403189397, 92.28721276603238, 99.9484187058871, 101.83487786554424, 100.9494476496998, 98.19229200943276, 94.39922855269327, 90.94582910985059, 85.45044426325487, 84.83304768691006, 89.07758242407787, 92.41639735590778, 97.93646989263078, 93.33021749678124, 90.03055184813864, 85.8349945437085, 47.27593272977582, 62.548109204573414, 76.52882147598596, 90.1274058260032, 105.3693186380703, 118.83415373516489, 124.29199117135123, 129.54568417652885, 135.82289345272795, 138.86619234860254, 137.43292676498316, 125.60182958254263, 118.90691569822054, 110.05453156015325, 102.08139899122612], [26.465444645675824, 20.54059862114352, 20.32994507361577, 27.63758508166612, 26.74390994191913, 29.08317865135876, 31.34938533925675, 63.67920749251376, 68.80306022516355, 76.52791613119972, 85.10816483528428, 94.32257260483188, 87.20632423374222, 78.28666221054732, 71.19036057271464, 26.68307559772595, 19.52142007637503, 11.214690348450686, 0.0, 11.12861202414088, 11.771263891583137, 6.797807985152936, 14.166212856117546, 19.799625886938852, 25.760959915238992, 61.722011811294756, 70.2771926665636, 76.79045235418928, 85.84584078408106, 92.6217851674148, 91.52965437138975, 85.29351518464061, 78.26949755090602, 71.56358892386095, 65.69124933021722, 37.02525333460374, 44.65708161770118, 54.85136807252926, 59.03732618468061, 70.2218014768998, 76.36373159655847, 81.2037047096395, 82.92369320338545, 79.54455420908319, 67.17150893681425, 57.99859670997333, 54.01500231521741, 87.52977556323414, 85.35467460945448, 86.75304858188875, 90.8665517168984, 93.41982735172344, 98.40077849765783, 105.7722618286853, 107.45610664624341, 105.99670400296442, 102.85087010521205, 98.43056741814166, 94.2025112100604, 88.15732868292288, 89.10596229268437, 94.33516976021295, 98.25633804693314, 103.82186890086705, 99.11737057209785, 95.22891785355743, 90.04870988500083, 36.4710561655599, 53.12065588250978, 68.99047641877678, 84.3276685480585, 100.86900733831317, 116.1845472318325, 123.01903329043233, 132.05250348248538, 139.2007933951868, 142.6741546377309, 141.20777645565838, 129.8292968877237, 123.83771563855696, 115.1614763595009, 108.10913856480842], [31.197001670632677, 24.14893287544818, 19.07100574040108, 22.483315657904615, 24.644771199233602, 30.56167127873155, 34.45717435536122, 70.08474776933204, 75.86702354170258, 83.83942558652676, 92.14707383023472, 100.43784272946831, 93.69537555163637, 84.84802042308462, 77.57027502858271, 36.77093158619723, 30.015340991722034, 21.92647794980548, 11.12861202414088, 0.0, 3.307093331647899, 13.136602031079349, 23.17195396893691, 28.862828486594555, 34.76697330928459, 70.78756291181273, 79.19202129336352, 85.38105295292719, 93.78188467350233, 99.90858191354681, 98.97021515051782, 93.23426500124128, 86.6248031646716, 79.95085500674752, 74.21522359678465, 45.38636159979725, 51.04062358768833, 60.10383924504664, 61.81723615471155, 73.44736908084, 80.81633209870209, 86.29202846231888, 87.76765249627739, 84.49544689206614, 73.703589200156, 65.05500808790175, 62.22286953474642, 86.8828740218996, 86.21832694827903, 88.87556943930244, 93.55405839046809, 96.59479062681804, 101.6509014371295, 108.71735812575895, 110.07547549634566, 107.99223276374921, 104.45988787907586, 99.44157221640089, 94.48001970260884, 87.96639880975668, 90.49454870802657, 96.67297535301631, 101.18308870349075, 106.81421815052302, 101.97721331577752, 97.49309357289519, 91.36222390188306, 27.338712903739594, 42.798786864743576, 59.646577361546754, 76.25198955070178, 93.68911817545073, 110.52751105016358, 118.58567903285866, 131.21732283614608, 139.46197346169296, 143.6740459005738, 142.50682044340334, 132.09396026214583, 127.33358675557646, 119.53989506069101, 114.1577500912572], [29.497129146513736, 22.05375621406371, 16.17284760292463, 19.560382679289507, 21.632354302037122, 27.92497449520946, 32.376973850929254, 69.07749233351676, 75.13246834738206, 83.19553048087943, 91.51279002748927, 99.77618185672567, 92.84384833172349, 83.88269751513316, 76.57529814659499, 36.228267848043316, 29.63416385964431, 21.75805960899956, 11.771263891583137, 3.307093331647899, 0.0, 11.937911309058384, 22.130013024645987, 27.865503998194793, 33.80642457920064, 70.37661456963967, 78.92031842799625, 85.25119797870485, 93.73980861696657, 99.87320442160411, 98.76199828997454, 92.90644553334748, 86.26371558465051, 79.46889870158698, 73.68577868662963, 44.24829552804924, 49.190334614999294, 57.71988284565256, 59.080113548439236, 70.64660612642167, 78.12914920607773, 83.75679256424321, 85.41105548992516, 82.45778382948444, 71.78019868234627, 63.593687089626194, 61.33997243384024, 83.79233311481427, 83.18087929602238, 85.95161262821385, 90.7298571684105, 93.89736291454005, 99.0922094151031, 106.29413919598407, 107.42835228086777, 105.20242203904165, 101.56859629118475, 96.43777684301013, 91.41575421498973, 84.8948352815838, 87.5073758918253, 93.81702174248038, 98.49927864510451, 104.32537471768215, 99.28321814257643, 94.62955962145958, 88.37016539463208, 29.43176754433131, 42.62552113195677, 58.32309644805606, 74.44304910685338, 91.46138339652953, 108.00976752574122, 115.93614472791532, 128.3754931388722, 137.13359129100516, 141.77269715468495, 140.97443784747477, 131.00356073305912, 126.67707685486654, 119.41839465936562, 114.53360744674062], [22.657194203248867, 15.718518314428556, 15.257618523690288, 23.458244673013386, 21.500738629305925, 23.625200149593546, 26.961967271067234, 61.587988176803705, 67.2891755636294, 75.20179497912966, 83.83038132814625, 93.06430178729896, 85.48368532383955, 76.290130593547, 69.13830337503549, 25.157276275810162, 18.37871818061208, 10.88418913037264, 6.797807985152936, 13.136602031079349, 11.937911309058384, 0.0, 10.668726834013558, 16.878639237185737, 23.160799178498586, 60.75899139646599, 69.65967449579755, 76.53062652478562, 85.83407926166979, 92.66949755195445, 91.17949999331593, 84.63251108055857, 77.49554454656285, 70.50558155793298, 64.50530222512965, 34.202927705339114, 40.351887718727575, 49.45009096173944, 53.22990827658414, 64.22062595791438, 70.46274619178634, 75.61048871654336, 77.83294393764291, 75.20724668639633, 62.82974873085335, 54.6959053776317, 51.98811732868403, 81.41776266794867, 79.1702045190354, 80.67064364502826, 84.95909557807707, 87.76189925154839, 93.07962558092528, 100.81974618072039, 102.01550110227866, 100.28946401249414, 96.94342238216326, 92.32030444748541, 88.03568419118953, 82.03330181167955, 82.97641095224714, 88.405741087323, 92.67523085428617, 98.70722027387869, 93.52187873599439, 89.29253395594041, 83.91875107417357, 40.28930676418588, 53.557401748974094, 67.31972533947958, 81.59429774765043, 97.16744355188406, 111.74390043782202, 118.20466026148252, 126.52360084804371, 134.73420775906195, 139.0899580290181, 138.40479477753985, 127.91604875734384, 122.77780145123027, 115.19867881597042, 109.11929828279669], [16.97287233525313, 13.244836649169555, 19.242115042866054, 28.97564879808036, 24.482711195957055, 21.8320051142936, 22.535176748518744, 52.839534927465095, 58.19343896867138, 65.94179760481958, 74.72162052882938, 84.56644879691048, 76.58726029359349, 67.31125992844049, 60.33940362051015, 14.811491205184234, 8.943612467958014, 6.311964147256938, 14.166212856117546, 23.17195396893691, 22.130013024645987, 10.668726834013558, 0.0, 6.386245266770217, 12.752625809731576, 50.682504545841105, 59.77889729746629, 66.97257015996021, 76.73784060489949, 83.97466574034411, 82.18180322676724, 75.20087033104451, 67.80029314418243, 60.69862200413312, 54.596942731842674, 24.048251619005928, 31.561344070413238, 41.782804819704076, 47.85065726245752, 58.35811408472831, 63.515410675270374, 67.93242498980754, 70.00939785807645, 67.15100180790515, 53.70016607576783, 45.21405700372008, 42.02612571217134, 79.03206742469705, 75.35422813928538, 75.58276127234699, 79.20184831290764, 81.41664498832127, 86.471159694825, 94.29677498616157, 95.91144442310666, 94.85661569132077, 91.99983906529987, 88.12179668677697, 84.64611749716204, 79.16967663900657, 78.55886728510251, 82.92448539077327, 86.45045703502788, 92.20128544916085, 87.35287640341372, 83.87042426133326, 79.55845179428708, 49.48432878715063, 61.775308928182184, 73.91274485883977, 86.44353435226556, 100.88665662348217, 113.64628765603801, 118.73811859176978, 123.43521761359496, 130.2861280763136, 133.94679898292677, 133.1001709721023, 122.0461462656814, 116.20465898624838, 108.45606617683252, 101.7239565890592], [14.57481868813839, 14.260013914991813, 22.786030676152116, 32.54536181162337, 27.178489959416986, 22.081272956633843, 20.59161525335798, 46.95285786102483, 52.1242953317724, 59.799802952637094, 68.62260235108226, 78.69507822027992, 70.56754018198092, 61.2828518071389, 54.40525288910237, 9.353578312293372, 6.728647401662609, 10.343590642062072, 19.799625886938852, 28.862828486594555, 27.865503998194793, 16.878639237185737, 6.386245266770217, 0.0, 6.366417049250933, 44.42971258190237, 53.591146576676344, 60.888966163487396, 70.78200136837263, 78.1331387636391, 76.18489169194014, 69.04716451910235, 61.58267693159531, 54.42961909527614, 48.30341747439941, 17.752527148569747, 26.34465191581058, 37.610619368889964, 44.9428689061233, 55.20102821604153, 59.79744640982705, 63.65419777603771, 65.28030487164641, 61.98978619886964, 48.19346879159087, 39.213811265553076, 35.68726702883837, 77.6377831786364, 73.21168112025097, 72.69271341264857, 75.83328033710289, 77.59499516093952, 82.31363858375806, 89.98745373707142, 92.0175542811804, 91.43983323237964, 88.96288409400346, 85.62992928052591, 82.66184472438259, 77.49883454503345, 76.02597122225853, 79.68058092014422, 82.61318255836436, 87.97422359758413, 83.54601329520601, 80.65461533678108, 77.04898003463123, 54.41766433536553, 65.81350272872206, 77.00701089423606, 88.49307703769287, 102.34674898564246, 114.06871815727267, 118.37831086735756, 121.11383038864679, 126.81539622504981, 129.88623362967138, 128.82655192015946, 117.3997462012764, 111.17082413037768, 103.37897131354892, 96.48749569371817], [14.749988808946027, 17.65949038612522, 27.353965127062732, 36.85598702675732, 30.951174187522465, 24.06440066636163, 20.51549200966421, 41.21992746382045, 46.14808131268347, 53.72391958003916, 62.58930922954598, 72.91491093829853, 64.62562582077017, 55.34261383467144, 48.591843812971625, 6.113839329384931, 9.59296027751861, 15.972601664755715, 25.760959915238992, 34.76697330928459, 33.80642457920064, 23.160799178498586, 12.752625809731576, 6.366417049250933, 0.0, 38.238311008891195, 47.47149879404275, 54.88678697326895, 64.91691164961357, 72.38961699306012, 70.26450185787424, 62.95089408196077, 55.416749832281305, 48.2054366421415, 42.05270896903572, 11.573807200327517, 21.770967846527288, 34.14324307182401, 42.80000656962723, 52.6415264461588, 56.57367242559759, 59.771002838065094, 60.8682135787955, 57.08680959040699, 42.94887199675491, 33.371285259432206, 29.383938741413157, 76.74898830590955, 71.57921109771318, 70.27264023191167, 72.8784621412708, 74.1369691818075, 78.4648195310284, 85.94314924051145, 88.42122802589193, 88.35925135708067, 86.29793994035975, 83.55700122660792, 81.13458093145611, 76.32659173468605, 73.96385215150457, 76.8392325184585, 79.11458303684184, 84.02729398194778, 80.07662466538605, 77.83843756687916, 75.00519027258977, 59.59468613936182, 70.16694330702926, 80.45880178786284, 90.91801904484561, 104.15532019814289, 114.82722497913525, 118.34820386366926, 119.0876256454643, 123.57410344899037, 126.01452237670065, 124.72780514971143, 112.91749025194746, 106.27792811246022, 98.44971094885133, 91.39641617093656], [45.60084156393215, 52.820130258283896, 63.13332847084954, 71.36787621259484, 65.17906291790335, 55.90663993752988, 48.38115730556434, 23.062349519555596, 19.25128339254934, 22.05150405750599, 30.321337733198565, 43.03040974890298, 35.14280193998546, 28.48589963778025, 25.694207183851695, 36.87666159564899, 44.277803869603794, 51.995035762470344, 61.722011811294756, 70.78756291181273, 70.37661456963967, 60.75899139646599, 50.682504545841105, 44.42971258190237, 38.238311008891195, 0.0, 9.560027476460254, 17.905702216196133, 29.381423712557325, 38.3320756621794, 35.36402994635178, 26.73562801939102, 18.34672764216074, 11.823570884220088, 6.591759792923891, 28.96059823447447, 34.50451283796213, 44.58922874304983, 56.42099513994773, 61.598968947820396, 60.652575490743146, 58.490777056576796, 54.915435721241266, 46.950573895450155, 35.39879053395324, 24.144532504851902, 13.484296953843906, 90.27119206487966, 8