{
	"dissimilarities": [[0.0, 8.285233376718727, 17.85063440697851, 24.754253216802987, 19.559697210681712, 11.793512311992599, 6.548587658914324, 40.591836801411745, 47.63263963107178, 55.9277161267681, 64.22415330558809, 72.69457399233592, 64.66278707631761, 56.24104693177126, 48.032532744536304, 20.5398152029102, 20.555554935484203, 21.869272246822618, 25.792456234527688, 30.819231658510407, 28.884022840092086, 22.631118214748653, 16.498203708355316, 14.337261427934346, 14.961770891583289, 45.34309075502307, 54.26252868859388, 60.507591619817774, 69.54948827437013, 75.56250672458624, 73.50583471948707, 67.23390581493098, 60.22174259443203, 53.31222337621535, 47.68757188230415, 19.20259344597231, 23.162351761617774, 32.90551574866235, 37.233779571131876, 47.443458298986315, 53.63614177702856, 57.72413775981677, 58.28383677892194, 54.32184480863381, 43.46121954320984, 35.53998368008986, 34.39070422739699, 64.6615558331623, 62.25746852338473, 61.03326601510303, 66.4975665899104, 67.47839965458414, 71.96427346092224, 80.26342794834079, 82.42388725760195, 80.68138697517205, 77.77729999823649, 75.45108689851185, 71.25304230485186, 64.70696359548434, 65.24635008374146, 68.83144449271917, 72.6234174001657, 77.84659761090833, 73.47207363104685, 69.65218144583545, 66.18602042369483, 53.90397628620911, 57.15499802223044, 64.05639049368479, 73.11849491965073, 86.2202257317786, 99.35331503271807, 103.59520008689539, 106.5707886942101, 114.12869012004145, 117.14862802485679, 114.73013340850224, 104.26247065472755, 100.07565861957016, 94.1029753327336, 93.43769086710519], [8.285233376718727, 0.0, 9.813043835700881, 17.47413569116542, 12.672951561438246, 8.415266763773388, 10.603260940135584, 48.83007633738105, 55.89108327906066, 64.16783224303322, 72.49694262555903, 80.9280438987264, 72.89803184920692, 64.46809036359264, 56.24806663728283, 23.487339363759123, 20.847325182808152, 19.307470926679493, 20.606285241307372, 24.292643729049956, 21.785724706131656, 16.473473440392407, 13.560716506356476, 14.788067284948022, 18.387451276092914, 52.86642389950832, 61.94835278819372, 68.38911137063698, 77.56612770233362, 83.68235737328567, 81.69772443030402, 75.36095486035937, 68.27463354182893, 61.282116762553706, 55.532543382554664, 25.86471069769621, 28.89842023693932, 36.894409719972536, 39.81013736358459, 50.15579737532364, 56.89941535997153, 61.85077849096381, 63.51704938063011, 60.643841054966266, 49.69990112206359, 42.813506066798496, 42.08665753662549, 65.18403519350773, 63.711591248707236, 63.554878030114644, 69.79057047653419, 71.5603790163661, 76.61578401789727, 85.42177789097141, 86.74386541689042, 84.27201670447018, 80.65737910492206, 77.43508160399885, 72.54167258082751, 65.61478485908194, 67.26234487871295, 72.03162347742573, 76.79076715363558, 82.72588334187299, 77.5967499740964, 72.82066674083127, 68.17683949335192, 48.70752455991848, 52.10893753780427, 59.74589689847462, 70.26773278709368, 83.81512452035095, 98.27570133350595, 103.50303004071941, 108.83484480055546, 118.49971712084619, 122.69203482018827, 120.93172039874888, 111.20559425874274, 107.66063560468794, 101.93282599181265, 101.24166129335242], [17.85063440697851, 9.813043835700881, 0.0, 8.447790687524993, 6.482150673304271, 12.00340164927318, 18.411097040977047, 58.19891188344203, 65.39301720914833, 73.74294396816124, 81.91274196117318, 89.9462207856682, 82.1660978586386, 73.81504693071798, 65.55910609417101, 31.398141555092938, 26.95988190873328, 22.592215820168708, 19.39086057615435, 18.923590385374784, 15.309759905172779, 14.747429913396607, 18.050630983811452, 22.015604127830088, 26.973165436790914, 62.609857598523014, 71.65616174888554, 78.06844038897565, 87.06433725550949, 92.99231803158871, 91.12410430255139, 84.97592564211106, 77.98069288461069, 71.03866956966431, 65.31362820377018, 35.515058238854884, 37.60790267914885, 43.838719325619664, 44.568244152745315, 54.66158300518914, 62.133706415766426, 67.90990873748035, 70.17765736387403, 68.27337630046102, 58.13648169506736, 52.122293007909185, 51.89408623755809, 66.12580755251876, 66.09769177957452, 67.46233437066357, 74.3837641474484, 76.93143540513218, 82.28828794137367, 91.20023786484802, 91.72429054748045, 88.55998462688716, 84.20761409532243, 80.03522104242143, 74.37511077549135, 67.05974946526374, 70.24884989525583, 76.36364808307633, 81.96151560656041, 88.31089700042695, 82.68967428645759, 77.06759432596029, 71.0885759429537, 42.63964595968687, 44.82937173476215, 53.02597130982973, 65.26174589928523, 79.43766872419471, 95.54136435400046, 102.07520239785619, 110.89813480329047, 122.39673346359791, 127.75673631844852, 126.66672524841474, 117.81086572300988, 115.18798382666073, 109.9458335925581, 109.70844712262532], [24.754253216802987, 17.47413569116542, 8.447790687524993, 0.0, 7.430542786624206, 16.99687593172069, 23.913052844091023, 63.99515535508738, 71.4044208020856, 79.88945880890162, 87.66883128998518, 94.95979158707739, 87.63680186292768, 79.47657858952955, 71.20518847382135, 39.70334305282118, 35.0589805647152, 29.956130999635334, 24.720205118185593, 20.420130889814715, 16.366214203441615, 20.757537456392967, 26.083866466958458, 30.336318254128518, 35.26357265085961, 70.00727475297589, 78.84453379642794, 84.96969711381993, 93.48437920467298, 98.90673214351312, 97.1201183253853, 91.4061699051789, 84.66913100820008, 77.91821600159173, 72.38780704199142, 43.196667606530745, 44.366097884692195, 49.435111348362526, 47.926469813497036, 57.55442363154904, 65.76817907274123, 72.02466517420571, 74.02716883237822, 72.65291584298252, 64.12214204607845, 58.65467228483621, 59.08867424609923, 65.39868560968591, 66.81321494047225, 69.61396471074842, 76.8350341256726, 79.8241204764749, 85.02176823345414, 93.49275495360523, 93.583125926199, 90.06388742145852, 85.25442572081556, 80.4934314168998, 74.31820210692861, 66.74909894299698, 71.35253914222068, 78.4468967968577, 84.36942557487482, 90.58947459267876, 85.00674858528794, 79.0331364734711, 72.08899185339014, 39.2612550685949, 37.52604441952551, 44.99954630953645, 58.183396445969045, 72.95618704898641, 90.26649152738149, 97.85963262959427, 110.01206010640087, 122.16180546209557, 128.2495187637411, 127.64389361602203, 119.61712548555717, 118.05912160576659, 113.63078839584352, 114.4961732560421], [19.559697210681712, 12.672951561438246, 6.482150673304271, 7.430542786624206, 0.0, 10.009550775375537, 17.83511588936222, 58.34262235536058, 65.86100351106022, 74.37777389746878, 82.18518708230829, 89.74114973121614, 82.01322076220966, 73.77146915357689, 65.48972562611611, 35.71868145083305, 32.18483723232421, 28.641502676490532, 25.86604040383642, 24.54681811913809, 20.648473896912265, 21.164055268712424, 23.59005557838491, 26.61676724501648, 30.72988561275715, 64.7248311354653, 73.7484668964736, 79.93953642730528, 88.77642447654006, 94.34767124071621, 92.26850887523885, 86.31567672083204, 79.41840281255774, 72.55947876589403, 66.9925748624175, 37.304929720976354, 37.372847084733266, 42.01745963485603, 40.764442794879386, 50.55407450190097, 58.57045090480363, 64.72888618009254, 66.93430355712223, 65.70854385785962, 56.91990064185869, 51.949407254540716, 53.271626842097426, 60.239972389721345, 60.78880506762709, 62.91170508381362, 70.02848124897808, 72.8949936738714, 78.23998694183732, 87.06521106449205, 87.17299548027354, 83.7295399161232, 79.10146522620848, 74.62911669054046, 68.74598138512381, 61.32088755932746, 65.12988543346418, 71.79271888445065, 77.65790297676072, 84.0890190619391, 78.33161673470322, 72.43070475083525, 65.9200036858912, 45.94307979305695, 44.033446070459156, 49.16264726116467, 59.9537087440682, 73.50231839829472, 89.24797466802944, 95.70272330920211, 105.0597741323625, 117.31944829542837, 123.47708332564929, 123.05152127762861, 115.23514036824653, 113.7212949312389, 109.75957196496435, 110.9963017315742], [11.793512311992599, 8.415266763773388, 12.00340164927318, 16.99687593172069, 10.009550775375537, 0.0, 8.619583560030026, 48.86396653811147, 56.41515874555669, 64.92353735638625, 72.76467988137912, 80.62089840405733, 72.54716373620583, 64.23589240113998, 55.96785841130459, 29.85301148550253, 28.367820453489234, 27.445824856457044, 28.203870066676792, 30.21836751878293, 26.975549942493597, 23.597447973473937, 21.441789461577923, 21.926864330410424, 24.21611027159139, 55.70051265783802, 64.765451885899, 70.91499480926994, 79.94338774183404, 85.61558578264147, 83.2880307152158, 77.15837375349794, 70.17257243659043, 63.27803484400679, 57.74782902777188, 28.26608261980011, 27.62352656777554, 33.07250314191874, 33.32427925287922, 43.50250456263948, 50.99003232427161, 56.51233561999848, 58.25625606447206, 56.400912899516605, 47.13585733948239, 41.957008303263436, 43.80888751636565, 56.93977127477279, 55.92396650057635, 56.54651769948924, 63.08349759668929, 65.28883656617398, 70.44689836491558, 79.33278597128476, 80.06732504814575, 77.19973549487833, 73.2299607601739, 69.65451933549679, 64.52510248717275, 57.4775989959544, 59.6891464816968, 65.10508922649244, 70.28038451168669, 76.46895314458926, 71.02909185653651, 65.82895685593412, 60.56200027971289, 53.047277668701106, 51.98386931210494, 55.97382720414663, 64.41057700618983, 76.88422952850114, 90.56597063095367, 95.46413443490792, 100.86205722971467, 111.69137951949796, 117.01623755053089, 116.20357419808069, 107.9172906505062, 105.8739115109657, 101.95012917259051, 103.2705565440826], [6.548587658914324, 10.603260940135584, 18.411097040977047, 23.913052844091023, 17.83511588936222, 8.619583560030026, 0.0, 40.524663382979085, 48.048006854422056, 56.57696827569343, 64.39093924446705, 72.24075739639255, 64.28282692722847, 55.98378050634049, 47.70283026484648, 26.430456367730507, 26.78134367858741, 27.781872102292656, 30.643537826209474, 34.22012981274143, 31.672771821042282, 26.907754196693357, 22.054405802641114, 20.340622588799317, 20.637333954436606, 48.07306494683399, 56.85921976255147, 62.76154840039731, 71.52373064151068, 77.04917609245393, 74.75181177308117, 68.76735445527811, 61.922429895980365, 55.167445413577504, 49.80147847668844, 22.017479468157248, 22.501155675227377, 30.2840127858972, 32.38245202892099, 42.50991498385186, 49.39012963042567, 53.88591488449669, 54.2179535829488, 50.905615517176486, 41.703775162642636, 35.09362925346179, 36.22950156962614, 58.47110758373045, 56.464073388304406, 55.87028512042166, 61.504638737043464, 62.7513339334843, 67.19255224585598, 75.39984064604056, 77.21595164444635, 75.24469342893468, 72.11186511386512, 69.58141927705049, 65.23175423931816, 58.588946770542876, 59.5879284350042, 63.631972023015706, 67.62883356825326, 72.89673136684344, 68.42947277287918, 64.3913979883964, 60.48787755988517, 56.221879523037806, 56.140539663390285, 60.52149764813126, 68.07680168342509, 80.49800355559469, 93.0723300790199, 97.10426835919985, 100.35703024323102, 108.48405337408171, 112.26257175879519, 110.50318119604609, 101.09797026457997, 98.14464561585525, 93.64197095126575, 94.73232253531577], [40.591836801411745, 48.83007633738105, 58.19891188344203, 63.99515535508738, 58.34262235536058, 48.86396653811147, 40.524663382979085, 0.0, 7.993876514946362, 16.59891865107703, 23.90788272662094, 32.93932013672008, 24.116656560847613, 15.656685654904713, 7.5423363694106085, 42.77078230978279, 49.30434244571216, 55.556577027623476, 62.91114035544169, 69.56422337300317, 68.46979429448702, 61.29954846603293, 52.405699519996716, 46.561597060909094, 40.94262065467825, 21.738679842806878, 25.330366270278702, 27.822196241897476, 34.69246613249972, 39.211293380464845, 35.89088505941704, 30.394494433111948, 24.715793864763818, 20.03772650955779, 18.2208502613695, 29.1287802855491, 30.167774418465555, 37.81980127265654, 45.39405050577904, 50.143277133715415, 51.22265007259302, 49.2254343788424, 42.848170930726816, 32.409622764735936, 27.67512783655638, 17.77789280857405, 16.275591925979402, 72.70616462503962, 66.42911083997683, 60.2325661751204, 60.331133070336726, 56.671710688702596, 56.90717030719934, 60.88675129852314, 67.72343205842483, 70.36822618660581, 71.80296011905088, 74.47662150715782, 74.43539736439061, 70.98535303647735, 66.03505897843793, 62.69072944102243, 60.32710632124391, 60.516296290130924, 61.27325896861277, 63.52353394641646, 66.90283383010913, 88.50213334845537, 90.13767092653691, 93.17557696117795, 95.69137803378361, 105.25566353575451, 111.28450173889897, 110.43219652516932, 100.70735628973084, 96.96101567036594, 93.41057934206165, 87.56140761496576, 73.50464402991797, 65.55906165048272, 59.26129096706778, 60.14587971160928], [47.63263963107178, 55.89108327906066, 65.39301720914833, 71.4044208020856, 65.86100351106022, 56.41515874555669, 48.048006854422056, 7.993876514946362, 0.0, 8.658322192006834, 16.720600499648416, 27.12518917755292, 18.038921170159846, 9.851777275971074, 5.444810533462573, 47.51022389176168, 54.36546529573546, 60.99543005068335, 68.76181073787934, 75.83859905392396, 75.00916911359549, 67.50891664892461, 58.35724413174052, 52.335210818596074, 46.47016368506598, 19.51633967257613, 20.04546247591943, 20.93245437549264, 27.15626256642241, 31.788840354287302, 28.21573942334792, 22.505559067550173, 17.20404014897925, 13.864267995146372, 14.418867428258501, 34.800455663741374, 36.6477646289543, 44.04764266349115, 52.32732702612485, 56.419565932915646, 56.51021520662816, 53.567668519939026, 46.78093685161978, 35.831432583758534, 31.682280223400475, 22.691109209716963, 19.236442729612794, 79.41912500517081, 72.68715317785862, 65.8062153329252, 65.13082902203294, 60.827226345335504, 60.43365104953104, 63.569174238079434, 71.12326326511885, 74.48839986878022, 76.62760252521218, 79.98426734235076, 80.51466633343057, 77.5203065198788, 71.86670457458924, 67.5239605603886, 64.26407252457511, 63.62607071966906, 65.21375772467191, 68.36350674623162, 72.72215831047104, 94.4413901875544, 97.1251883770564, 100.71181834771792, 103.20048692756689, 112.65866913171887, 118.12210933950976, 116.75808092851446, 105.25257568830443, 99.49945658484758, 94.33711103841628, 87.46481868595367, 72.13963832583269, 62.3488049965448, 54.621136366273944, 54.05629411420925], [55.9277161267681, 64.16783224303322, 73.74294396816124, 79.88945880890162, 74.37777389746878, 64.92353735638625, 56.57696827569343, 16.59891865107703, 8.658322192006834, 0.0, 9.589289544292058, 21.740383672330946, 12.780751725787848, 7.801547920179047, 11.456389941796019, 54.181014849043066, 61.2452628275804, 68.1501321591913, 76.21827621481461, 83.60682587038457, 82.95820801175309, 75.20836325012402, 65.87871164919692, 59.7438519531556, 53.72364199463921, 21.471140678979378, 17.967598061414833, 15.829466714464735, 20.242934032894766, 24.684324863024816, 20.530531386153307, 14.668788581837356, 10.831903206406986, 11.414484926657444, 15.577641330426568, 42.17409186140319, 44.19831649320899, 50.99605502922305, 59.64204240066785, 62.96305095141618, 62.08498810903297, 58.22299781877231, 51.05128604846645, 39.929345207770695, 36.84053249688464, 29.30351131331749, 25.443952295865536, 86.196368234144, 79.01193334426594, 71.48447869612767, 69.98629522576168, 65.05685665710166, 63.98559995355974, 66.18372178757346, 74.38638639799713, 78.48067178805888, 81.3535835966231, 85.4251564030309, 86.57905512781144, 84.10639021531391, 77.73260548186724, 72.37078543939401, 68.1904728931689, 66.68449928087072, 69.1294553994217, 73.20404898849456, 78.56529122356623, 101.93972165549312, 105.28746737283196, 109.06724217372268, 111.26163216852825, 120.41161575092418, 125.09025076291263, 123.07873870028247, 109.50661034540123, 101.71917588631396, 94.96287115646433, 87.15757827538938, 70.81015663540535, 59.270295621262136, 50.412390080301904, 48.55210660085984], [64.22415330558809, 72.49694262555903, 81.91274196117318, 87.66883128998518, 82.18518708230829, 72.76467988137912, 64.39093924446705, 23.90788272662094, 16.720600499648416, 9.589289544292058, 0.0, 12.73484576345882, 5.385330377814346, 9.319455215263336, 17.08704244726143, 63.60752344364952, 70.57615462181, 77.31098939552612, 85.12452272910565, 92.14675622589208, 91.41815197393291, 84.06329273509861, 74.92662644813463, 68.88417491006388, 62.95802469808341, 30.728915742835866, 25.673293180356527, 21.06336971073769, 20.156788973517486, 20.833215038001267, 16.109476500776836, 14.411006191323942, 15.81960598643863, 19.785707793468166, 24.849035171828803, 51.274423135202625, 52.37265972659147, 57.999849713255784, 65.46021611377026, 67.69375690172308, 66.40822502310611, 61.83586745564425, 53.26293810491578, 41.997466628925345, 42.698487469528494, 37.00469876367417, 34.80858870560761, 89.62740763132301, 82.45840948539261, 74.8745888440889, 72.40445793529793, 66.82182055806612, 64.46053279229089, 64.72335460342804, 73.80714429140944, 78.83817346976899, 82.52956923672409, 87.42473755513328, 89.26120340996249, 87.39094583837134, 80.69148755893517, 74.4627009653297, 69.02797460697437, 65.90916197623461, 69.88465445694486, 75.19197353972113, 81.43013808238827, 109.4707403582982, 111.61404124337771, 114.3403658144763, 115.24616212702598, 123.63027832885979, 126.92792391022603, 124.06698740448502, 108.9086880040225, 97.97786392119822, 89.35002799647167, 80.56972629851386, 63.45924439279012, 51.00370436588075, 42.80452691630091, 43.22411198337573], [72.69457399233592, 80.9280438987264, 89.9462207856682, 94.95979158707739, 89.74114973121614, 80.62089840405733, 72.24075739639255, 32.93932013672008, 27.12518917755292, 21.740383672330946, 12.73484576345882, 0.0, 11.06048939200002, 18.8059942532325, 25.977868149328554, 74.29374606578988, 80.8959169292261, 87.11889086435016, 94.27662386932886, 100.48409882286117, 99.6466774977919, 93.17567910241314, 84.56797072898331, 78.8188712828719, 73.21394495181087, 42.96722293465633, 37.619316029318796, 32.10774816502068, 27.031797639957816, 22.52879036365892, 19.217277611281002, 23.243237777335757, 27.402543447976612, 32.09124292896076, 37.10943301232062, 61.74140076195027, 62.17540004350354, 67.00850984349381, 72.51111330095307, 73.89005793264324, 72.91815527682381, 68.14963818831974, 57.8919743122839, 46.815023007968506, 51.83162369881276, 47.224822699439706, 46.20968554762626, 93.14654272351902, 86.63585844478526, 79.74084674760365, 76.51961597513147, 70.52619322224007, 66.60874048665886, 64.131525829034, 74.13521019453671, 80.10026063579436, 84.4616374910746, 90.00683848209037, 92.32681353603199, 90.91405882434195, 84.56666019212902, 78.00458986391135, 71.37719486431283, 66.17836114001855, 72.08333838253984, 78.55055548717704, 85.15925665217914, 115.78295350364512, 115.98641424740183, 117.39980578318463, 116.80584627772642, 124.48270697860934, 126.41884911343001, 122.92372058569747, 107.67560725911251, 92.31853179553731, 81.07058633236475, 70.69174766042805, 52.08759511893819, 38.432236562484796, 31.52045259393491, 37.54960138166098], [64.66278707631761, 72.89803184920692, 82.1660978586386, 87.63680186292768, 82.01322076220966, 72.54716373620583, 64.28282692722847, 24.116656560847613, 18.038921170159846, 12.780751725787848, 5.385330377814346, 11.06048939200002, 0.0, 8.648692260577262, 16.709538050996326, 65.49124955536132, 72.39744994651656, 78.99104574029116, 86.58209296984819, 93.28724633823985, 92.33162650785118, 85.23382886005162, 76.22677215305494, 70.24691907877687, 64.39193355611017, 34.111985470956306, 30.098425198451483, 26.117735080153448, 25.452300008060767, 25.208000692462583, 20.601512805317455, 19.74358006649972, 20.758720808584595, 23.807436940811435, 28.23067733369855, 52.32337136199071, 52.23450531959866, 56.869705148656124, 63.37623987593027, 64.9897450678455, 63.65230658923113, 58.91095735580736, 49.63589538344647, 38.3905725775346, 41.27542575836097, 36.76509709733873, 36.45904101308363, 86.12752671807597, 78.99987182390674, 71.50415984568792, 68.68694188583565, 62.92455389878392, 60.09076357548427, 59.75737635836956, 69.03912187617516, 74.30195641821291, 78.20850765666948, 83.35664295219729, 85.43727642636743, 83.82873848286242, 77.04293601556454, 70.57018210251064, 64.7339994936234, 61.108301397931, 65.55306961998907, 71.24618677174901, 77.73543636430493, 110.62717896789324, 111.4041149953286, 112.94871135459071, 112.87060930813877, 120.58346133764051, 123.09453385243775, 119.79498214279843, 103.98071037272969, 92.64002188638722, 84.14835213848295, 75.70431939170223, 59.31169237381737, 48.072976597122015, 42.27638328717975, 45.75471669971362], [56.24104693177126, 64.46809036359264, 73.81504693071798, 79.47657858952955, 73.77146915357689, 64.23589240113998, 55.98378050634049, 15.656685654904713, 9.851777275971074, 7.801547920179047, 9.319455215263336, 18.8059942532325, 8.648692260577262, 0.0, 8.282793922670358, 57.07527878728404, 63.97912130437229, 70.5892182275344, 78.23332139436529, 85.05116880913685, 84.05296083713873, 76.78915865638179, 67.71560926428596, 61.71135766724472, 55.84422598326399, 27.37725642582735, 25.421100660379167, 23.5838566513198, 26.562422459640143, 28.899964006815186, 24.534671059737036, 20.797426766548647, 18.425243477938142, 18.677729541095836, 21.67897251154533, 43.6973074993899, 43.78254845788269, 49.115141386204904, 56.22803074320028, 58.71248804107231, 57.894540124853194, 53.83335156977498, 45.46617304572063, 34.09978443095758, 34.404079239012006, 28.564090486426657, 28.106916841062468, 80.80872319191758, 73.73542313234579, 66.39521013616593, 64.44960451453014, 59.270224698650914, 57.538599597014766, 58.95397880393154, 67.44173788896232, 71.83203340676901, 74.96051633122671, 79.35706464815233, 80.80695800733099, 78.64192474593573, 72.21746854851098, 66.57816604159927, 61.85234471684269, 59.65476043356466, 62.74239181715575, 67.33452306602558, 72.98572597345935, 103.20037220353277, 104.39960970588116, 106.42772517369316, 107.18711695591385, 115.44732421351243, 119.07365064144241, 116.50601359050168, 102.29493396039537, 93.91832425874648, 87.37903257774441, 80.0165303183929, 64.59111714818076, 54.65048840486037, 48.62018513700138, 50.74222651663179], [48.032532744536304, 56.24806663728283, 65.55910609417101, 71.20518847382135, 65.48972562611611, 55.96785841130459, 47.70283026484648, 7.5423363694106085, 5.444810533462573, 11.456389941796019, 17.08704244726143, 25.977868149328554, 16.709538050996326, 8.282793922670358, 0.0, 49.89114792726191, 56.59905369177509, 62.994753035027514, 70.43289585465494, 77.0808605499471, 75.97905356329173, 68.83693990897497, 59.89425442801827, 53.98981128035482, 48.264684354213195, 24.293055398312703, 25.255816417511927, 25.77707740300723, 31.036757628431324, 34.53608787776502, 30.71396881566192, 25.965408977717622, 21.53687016852674, 18.856103831365296, 19.390666452300266, 36.1673798696519, 36.30927462718377, 42.45962357168046, 49.58252366648455, 53.0532041053187, 53.19036267631743, 50.11773848226005, 42.49457087825206, 31.339348502743988, 29.620639680003233, 22.069143634189228, 21.825975531768012, 75.33791185099999, 68.6488539426851, 61.875511546889356, 60.906060273418035, 56.44595933899223, 55.65391822687495, 58.37618053523299, 66.06254692546604, 69.5820555921981, 71.86616226751192, 75.43111540811574, 76.16071764847355, 73.37547105942062, 67.66049114065659, 63.13296206580567, 59.54117537050896, 58.51981945830846, 60.461582889383884, 63.92339075491301, 68.4748002520072, 95.60061893401567, 96.67535831047451, 98.91871861849468, 100.32778499073719, 109.11387783622892, 113.8128316636577, 112.04042750504354, 100.04042091940619, 94.08011526584255, 89.22531068424908, 82.77309219296997, 68.2388383703331, 59.6760783402943, 53.88856883426322, 55.83114598707136], [20.5398152029102, 23.487339363759123, 31.398141555092938, 39.70334305282118, 35.71868145083305, 29.85301148550253, 26.430456367730507, 42.77078230978279, 47.51022389176168, 54.181014849043066, 63.60752344364952, 74.29374606578988, 65.49124955536132, 57.07527878728404, 49.89114792726191, 0.0, 7.786763248227467, 15.970164682062515, 25.76248062858134, 35.68234846465184, 35.72546678962751, 25.185641418100296, 15.165683286551518, 9.448891569504802, 5.898240468026545, 36.88180320852708, 46.092681846665776, 53.51825743287465, 64.01560919847256, 71.92505194913917, 70.12480881679622, 62.50015685693258, 54.85921677218173, 47.58863868353575, 41.358797412242644, 16.13354524115484, 26.79613265837787, 38.58945672520101, 48.71885962866236, 58.31047970315143, 61.764530289574694, 64.3536361181385, 66.30116059412362, 61.3826544700925, 45.751380942535036, 36.33523075285502, 29.923278532072416, 80.15557328596105, 75.72776358793188, 71.9718198201438, 76.66408335537324, 76.85080791047005, 81.74510916243057, 90.88518852669625, 93.6449131095926, 92.46414674780634, 90.37047562303823, 88.88416739150642, 85.53968448177342, 79.70286675871243, 77.99943622933976, 79.71668216111028, 82.97465225301832, 88.54423339215158, 83.97849222556219, 80.75490413986056, 79.07994158672778, 60.9363903507857, 72.0111398453003, 82.62716734025096, 93.23771737276999, 106.40676276157835, 119.28272692799213, 122.84374901175404, 121.68228098137875, 128.72616280608895, 130.2672821622948, 126.68019359852057, 114.15266072301318, 106.8263184017837, 97.61629646102497, 92.02000709194436], [20.555554935484203, 20.847325182808152, 26.95988190873328, 35.0589805647152, 32.18483723232421, 28.367820453489234, 26.78134367858741, 49.30434244571216, 54.36546529573546, 61.2452628275804, 70.57615462181, 80.8959169292261, 72.39744994651656, 63.97912130437229, 56.59905369177509, 7.786763248227467, 0.0, 8.303329360855257, 18.26057698675726, 28.506767662521284, 28.874715876381124, 18.17771217633047, 9.118495118830193, 6.627032864697821, 9.508471877577806, 44.298176621203694, 53.29091528899887, 60.590193349986706, 70.73125960024527, 78.42497957412347, 76.86140824123488, 69.50583150799537, 62.02941063133588, 54.87022709841049, 48.718025832437206, 22.660021268713983, 32.14448467604113, 43.151759743442526, 51.86356553532035, 61.84161293135777, 66.07723652330162, 69.40928578222076, 71.73904163429252, 67.35018817976376, 52.227218959589514, 43.22830611390267, 37.348776737928965, 81.87432951180082, 78.33647843582891, 75.57771435499886, 80.88484936941836, 81.62635949152691, 86.78238162563646, 96.0503739411944, 98.36436381920116, 96.71716423133185, 94.08561639106766, 91.9293994410103, 87.99244218631497, 81.7490912492024, 81.08590334115654, 83.80393105056203, 87.69211382051954, 93.56923127997821, 88.65705853930635, 84.79958854428821, 82.13863281249654, 54.25591153642597, 66.68275177518078, 78.69026340478719, 90.76581516571734, 104.65722802404188, 118.82774559653677, 123.3628368355331, 124.73561555696973, 132.81494614269107, 134.95394204397888, 131.60533790389067, 119.31339266908805, 112.38453404818107, 103.11268185083726, 97.48929912738785], [21.869272246822618, 19.307470926679493, 22.592215820168708, 29.956130999635334, 28.641502676490532, 27.445824856457044, 27.781872102292656, 55.556577027623476, 60.99543005068335, 68.1501321591913, 77.31098939552612, 87.11889086435016, 78.99104574029116, 70.5892182275344, 62.994753035027514, 15.970164682062515, 8.303329360855257, 0.0, 10.008832768035843, 20.454255064156996, 21.200216898728307, 10.792268216931511, 6.313799289800159, 10.360079575889657, 16.1204877636583, 51.973689268337964, 60.77798153745486, 67.87438230968323, 77.56712995111528, 84.90022105933028, 83.54531423999323, 76.55267764867278, 69.277180561111, 62.24128517318072, 56.192885285806796, 29.52197252043706, 37.90954231100494, 48.12891634137413, 55.118058602673095, 65.35533691248031, 70.45548857353938, 74.49010724010793, 76.93634059824244, 73.00218648776324, 58.736888097441415, 50.059602696351135, 44.763010102536775, 83.14640879464922, 80.65854308979984, 79.03862079424377, 84.89773210261662, 86.15586829879744, 91.43964460855283, 100.6544933417146, 102.5692124806991, 100.50073978558773, 97.35001337657874, 94.54479073919276, 90.01778194384686, 83.37546777457987, 83.87871631575833, 87.61638938571555, 92.0409404280374, 98.07620937061824, 92.95432447457725, 88.54857030434505, 84.8851951460466, 46.62486870253933, 60.09015094761575, 73.47686584697573, 87.02770923479147, 101.67528386739842, 117.17146151209052, 122.74963143848731, 127.00584796131407, 135.9130829344973, 138.62541601900205, 135.52576302058338, 123.5551740110522, 117.18939621005005, 108.05717465573551, 102.76940151028936], [25.792456234527688, 20.606285241307372, 19.39086057615435, 24.720205118185593, 25.86604040383642, 28.203870066676792, 30.643537826209474, 62.91114035544169, 68.76181073787934, 76.21827621481461, 85.12452272910565, 94.27662386932886, 86.58209296984819, 78.23332139436529, 70.43289585465494, 25.76248062858134, 18.26057698675726, 10.008832768035843, 0.0, 10.640984327444341, 12.086976143688094, 5.309391665078967, 12.422304967854915, 18.605899565515507, 24.945693970240573, 61.11832697045282, 69.75181314736568, 76.59451804368572, 85.77557122360388, 92.63167213799154, 91.46031211939787, 84.90497645579157, 77.8622402110462, 70.96641072147162, 65.04856577132557, 37.908410464128096, 45.06779040940949, 54.308752295700565, 59.219224075247574, 69.55190858856523, 75.59748722110096, 80.36195416945327, 82.81559893671195, 79.40365895103903, 66.304217922254, 58.038797124351866, 53.491431347112496, 84.4346504582135, 83.24385288142356, 82.99060631240633, 89.40013113222066, 91.21728597486302, 96.56186985485981, 105.60470391216622, 107.06201780684454, 104.537094038294, 100.81681708191134, 97.29554624377394, 92.12500104827932, 85.08084093335036, 86.96902080923057, 91.84452905936323, 96.811852958775, 102.94066870652782, 97.656075129993, 92.68946845811853, 87.90671744421472, 37.563097662527724, 51.82873146763132, 66.76806690394154, 82.01589472616892, 97.48424653446033, 114.48524120828039, 121.29339635876023, 129.04186106401534, 138.82636526086586, 142.23310605919775, 139.48308052567228, 128.03103608085962, 122.47720142118135, 113.73308517975885, 109.13100932648827], [30.819231658510407, 24.292643729049956, 18.923590385374784, 20.420130889814715, 24.54681811913809, 30.21836751878293, 34.22012981274143, 69.56422337300317, 75.83859905392396, 83.60682587038457, 92.14675622589208, 100.48409882286117, 93.28724633823985, 85.05116880913685, 77.0808605499471, 35.68234846465184, 28.506767662521284, 20.454255064156996, 10.640984327444341, 0.0, 4.197006202802779, 11.626431809035566, 21.39830684451564, 27.666564477268555, 34.00434199623126, 69.98927723565598, 78.45996019589909, 84.98004933256551, 93.58766919721684, 99.83602377263705, 98.79010804048653, 92.74986195527894, 85.978427585679, 79.25031460255069, 73.5072865801797, 46.132221905070004, 52.041704652158366, 60.29027995519701, 62.952401259624516, 73.17354108680267, 80.16250875631168, 85.5609339365534, 87.76256013365247, 84.83551535289165, 73.26975863793604, 65.44442683706026, 61.78746643005341, 84.74105104295064, 84.9690502190713, 86.16763094994899, 93.00175497678484, 95.30955547787076, 100.55376624458948, 109.20968007291256, 110.25257137359372, 107.34098974197924, 103.10821066213516, 98.94204818303606, 93.18806779902563, 85.80903595707105, 89.14353090343684, 95.10007038166496, 100.47011423252914, 106.5139925651071, 101.22997414385964, 95.8347997199261, 89.9902324951238, 28.520800999135766, 42.15370230688703, 58.44129657362457, 75.28040544228122, 91.53313255883239, 109.95971570171419, 118.00425403002791, 129.47957747763067, 139.87539605544146, 143.96348216104056, 141.61824690295398, 130.87085439976627, 126.37036307310355, 118.34328451837571, 114.89704459172326], [28.884022840092086, 21.785724706131656, 15.309759905172779, 16.366214203441615, 20.648473896912265, 26.975549942493597, 31.672771821042282, 68.46979429448702, 75.00916911359549, 82.95820801175309, 91.41815197393291, 99.6466774977919, 92.33162650785118, 84.05296083713873, 75.97905356329173, 35.72546678962751, 28.874715876381124, 21.200216898728307, 12.086976143688094, 4.197006202802779, 0.0, 11.137530122530267, 20.90020144923455, 27.113110930238925, 33.4181017600367, 69.8836583801723, 78.53377633465286, 85.0532484843985, 93.75855978860874, 99.9191683789332, 98.69206675876285, 92.63613899583615, 85.8000181345124, 78.99905454573191, 73.2342779379982, 45.02854952136041, 50.03453620146024, 57.673052754850524, 59.6582582023571, 69.80516897975328, 76.99475928352093, 82.60182478537763, 84.9218372615118, 82.3649660379793, 71.19083251070165, 63.85911160289948, 61.03752272602505, 80.7634865781116, 81.17701849361406, 82.65119246661554, 89.60945016775612, 92.0949458620377, 97.41630320766481, 106.15141117492396, 106.94463538883369, 103.86077257631966, 99.48007577359097, 95.15502273065053, 89.2999716867749, 81.88625209236974, 85.43742516196212, 91.64041489312581, 97.1972294021708, 103.3797264726818, 97.93751835996997, 92.35460779881724, 86.26926864477274, 30.318355189404663, 40.858385670148344, 55.669458723949, 71.95421487673987, 87.88900765552849, 106.13267983305747, 114.09925505731145, 125.63762354688255, 136.61054068461124, 141.1960078909529, 139.2557427118239, 129.0892472392941, 125.17964741153335, 117.87832938347424, 115.26954140723178], [22.631118214748653, 16.473473440392407, 14.747429913396607, 20.757537456392967, 21.164055268712424, 23.597447973473937, 26.907754196693357, 61.29954846603293, 67.50891664892461, 75.20836325012402, 84.06329273509861, 93.17567910241314, 85.23382886005162, 76.78915865638179, 68.83693990897497, 25.185641418100296, 18.17771217633047, 10.792268216931511, 5.309391665078967, 11.626431809035566, 11.137530122530267, 0.0, 10.309775673233679, 16.829161158690297, 23.334931616956432, 60.67075763293782, 69.6125199757634, 76.5067387627373, 85.90825800260053, 92.71550286822557, 91.27366466204344, 84.62623992918256, 77.44570870454362, 70.4083236722901, 64.4200802567168, 35.787932978209554, 41.725104577285585, 50.21687852017421, 54.52959089429542, 64.83024139707143, 71.04384010379454, 76.0704270160747, 78.81890046491561, 75.91304262576865, 63.06497987363242, 55.4833745644446, 52.10372782946811, 79.35979864800333, 78.22887351169304, 78.1676519997917, 84.74374013297968, 86.78479519375608, 92.30616097058683, 101.57420645263844, 102.69627621224132, 99.94135036374708, 96.0474478566165, 92.35003021743364, 87.09015138899481, 80.03120598128508, 82.03474745521666, 87.15287962633734, 92.38955498721177, 98.78597240942891, 93.21929843644993, 87.98767558910934, 82.96757444201211, 39.80113425969961, 51.14304411114146, 64.2896152982977, 78.6825344684672, 93.60515657336342, 110.21830985887826, 116.80708732873538, 124.24731895638378, 134.87270098335475, 138.93666532501825, 136.72164986473197, 126.0060599296737, 121.1622078644335, 113.33855000440963, 109.76083273649242], [16.498203708355316, 13.560716506356476, 18.050630983811452, 26.083866466958458, 23.59005557838491, 21.441789461577923, 22.054405802641114, 52.405699519996716, 58.35724413174052, 65.87871164919692, 74.92662644813463, 84.56797072898331, 76.22677215305494, 67.71560926428596, 59.89425442801827, 15.165683286551518, 9.118495118830193, 6.313799289800159, 12.422304967854915, 21.39830684451564, 20.90020144923455, 10.309775673233679, 0.0, 6.556882619138082, 13.081153823135406, 50.75089405206535, 59.89186291715393, 66.95824998981941, 76.78209705182682, 83.92579721574192, 82.26355498689496, 75.26685263018604, 67.88455659142834, 60.71302829011364, 54.619343391051466, 25.893499816338657, 32.92243668222517, 42.61666877498321, 48.98852608192162, 59.26312198609414, 64.62023490466903, 68.89472013082877, 71.41881808654391, 67.90076588663457, 54.089269372169696, 46.030297197234184, 42.188746131024025, 76.83922044824506, 74.3752154952931, 72.92100499924801, 78.89088304766629, 80.30643177054846, 85.67324251495191, 95.00457076529385, 96.66957861113677, 94.44277913639134, 91.17314803362025, 88.27580971176744, 83.71109738119203, 77.06169875509515, 77.63702384318071, 81.5530071024656, 86.14461988549253, 92.33431308695452, 87.04212264604887, 82.4691393019917, 78.63660384971715, 48.40876168286552, 58.77797168963126, 70.20135393490797, 82.63139122781992, 96.69276621033178, 111.6282675912947, 116.88945003704426, 120.75983267477062, 130.21026974081573, 133.49640341607616, 130.90883054740323, 119.70443101805702, 114.16825965500144, 106.1435058770601, 102.23498153730397], [14.337261427934346, 14.788067284948022, 22.015604127830088, 30.336318254128518, 26.61676724501648, 21.926864330410424, 20.340622588799317, 46.561597060909094, 52.335210818596074, 59.7438519531556, 68.88417491006388, 78.8188712828719, 70.24691907877687, 61.71135766724472, 53.98981128035482, 9.448891569504802, 6.627032864697821, 10.360079575889657, 18.605899565515507, 27.666564477268555, 27.113110930238925, 16.829161158690297, 6.556882619138082, 0.0, 6.5243217311197155, 44.399546696642844, 53.669527621731625, 60.810671379200805, 70.87081444231241, 78.1773198862122, 76.35775566751458, 69.16976037604806, 61.67513399128028, 54.42806288988069, 48.28303315548274, 19.5562473814964, 27.583240314795972, 38.23058745387716, 45.953444686816766, 56.076639582147784, 60.83578835049169, 64.52756955922312, 66.73373987442062, 62.72649530839593, 48.41490355937223, 39.93443506822789, 35.74874414689961, 75.46605522335776, 72.18331384266546, 69.8350453911108, 75.32069414199559, 76.26522611811308, 81.43423575089989, 90.68859581723707, 92.76391706305235, 90.93917665088102, 88.12441436117318, 85.8027584494639, 81.73366016444389, 75.39506521249368, 75.04905117516147, 78.11773110137428, 82.18797067004058, 88.13239157816336, 83.12457267073431, 79.07722347482245, 76.08140126104675, 53.88399120766592, 63.465144565087805, 73.81904080319065, 84.99925105006497, 98.49848324358089, 112.33569747118534, 116.75501748253468, 118.42188754112418, 126.92587506992204, 129.6436523110188, 126.79172245972909, 115.28318965779036, 109.33446552994982, 101.24784320007772, 97.25478378256484], [14.961770891583289, 18.387451276092914, 26.973165436790914, 35.26357265085961, 30.72988561275715, 24.21611027159139, 20.637333954436606, 40.94262065467825, 46.47016368506598, 53.72364199463921, 62.95802469808341, 73.21394495181087, 64.39193355611017, 55.84422598326399, 48.264684354213195, 5.898240468026545, 9.508471877577806, 16.1204877636583, 24.945693970240573, 34.00434199623126, 33.4181017600367, 23.334931616956432, 13.081153823135406, 6.5243217311197155, 0.0, 38.14204848915011, 47.55890126475351, 54.77724175466507, 65.09741924900439, 72.57631028100916, 70.57927995062211, 63.181026579010144, 55.56409801878531, 48.23553865671034, 42.03578827870293, 13.454739669300258, 22.90638854627353, 34.559859639591984, 43.7058767210566, 53.51786181337297, 57.56944187590803, 60.57785956484413, 62.403068118269864, 57.848635701145845, 43.01822033834633, 34.03352303622596, 29.38334242362417, 74.64292640415742, 70.53891947698693, 67.25987955915855, 72.1842029356508, 72.60710044672354, 77.53174419543512, 86.66365729628195, 89.17953574993004, 87.7952429337048, 85.47803661489172, 83.77591747749572, 80.24666701121217, 74.27105770066117, 72.9666667245257, 75.11054073712016, 78.59224680335456, 84.24174020876595, 79.56718715588623, 76.11124503602333, 74.02651688972709, 59.53308141736035, 68.41375079270908, 77.78082552353615, 87.75863780146288, 100.66984092520956, 113.39526509401695, 116.9707417261122, 116.4066535428711, 123.89868415529588, 126.01110918032077, 122.8823691437051, 111.06820156627174, 104.68556201888072, 96.54645859728676, 92.47174686087081], [45.34309075502307, 52.86642389950832, 62.609857598523014, 70.00727475297589, 64.7248311354653, 55.70051265783802, 48.07306494683399, 21.738679842806878, 19.51633967257613, 21.471140678979378, 30.728915742835866, 42.96722293465633, 34.111985470956306, 27.37725642582735, 24.293055398312703, 36.88180320852708, 44.298176621203694, 51.973689268337964, 61.11832697045282, 69.98927723565598, 69.8836583801723, 60.67075763293782, 50.75089405206535, 44.399546696642844, 38.14204848915011, 0.0, 9.896680139901711, 17.482283939122485, 29.21430053862666, 38.03652798577602, 35.45353451500357, 26.767806400804098, 18.761984782362152, 11.604233281114139, 5.8977648968568595, 28.601718176457094, 34.94566001846239, 44.828289156234916, 56.87056906190463, 62.589036889017876, 62.1670422641458, 59.93515346194303, 57.03558795592964, 47.80406941886778, 35.620231515118455, 24.88516923005815, 13.231636685467675, 88.251063661044