{
	"dissimilarities": [[0.0, 8.9193548497819, 15.685510560057647, 24.375686282225736, 18.866910261274334, 13.342419446275361, 8.378807856186583, 41.12532861611629, 47.74924800006825, 58.17933999233181, 65.3342246008117, 72.40957549005009, 65.84659145468797, 59.00333505251713, 49.476375397161355, 21.13940181667185, 21.848343542232808, 24.27255316539729, 30.994086573877848, 35.91391589605604, 32.75302285146159, 26.792424482609142, 18.11363322548207, 15.20262675917047, 16.08679722809951, 48.396058982051485, 55.62082232421992, 63.336731096440026, 71.85792085818024, 77.99037971816838, 76.98818043378738, 69.64976378650753, 61.35402428886347, 52.99617705730927, 47.55162122565017, 17.511073884474534, 30.486203982574715, 38.74644488723407, 41.26165604844065, 48.66635558741239, 54.34268861520995, 59.23128366862491, 60.30825119764819, 57.52367392975517, 50.19546026684467, 39.3083301750733, 32.874222256006696, 67.94926967709797, 65.11926610803432, 60.90727260691457, 66.03773275651633, 67.37581987674109, 73.93571033550629, 82.04621867870996, 83.45304886098671, 86.58155724079573, 85.1733852634073, 81.68812508762971, 73.30705651102366, 68.36324245194034, 64.80696298841983, 67.97446615363077, 71.26690625730305, 77.91027099971122, 77.91013220614326, 75.94461195151035, 72.4457538453347, 51.557984790886955, 56.58935936616025, 69.5440256660116, 77.41818756828347, 89.28152525531381, 95.27285823814974, 98.15761345538554, 105.17221823740323, 111.77164727575328, 122.61276508993625, 117.76451226926892, 107.95561157592233, 104.42960999053012, 98.31011061131012, 93.82783184147034], [8.9193548497819, 0.0, 8.009348041366168, 19.026161725025048, 15.71567121464874, 13.606082727595439, 14.252587996150663, 49.78652716756352, 56.0203802843937, 66.27194002080479, 73.63224513378482, 81.0273947502422, 74.47797074545308, 67.63600570353954, 58.105027404405114, 22.05817258777673, 19.56887384636955, 18.78597049518864, 23.520307730227408, 28.2070242685543, 24.93521868999398, 18.777157074216802, 11.236996411113072, 13.4554530093937, 18.317237143612623, 54.778771856129396, 62.08947615175687, 70.0450685801157, 78.69541002035902, 85.3320009605663, 84.57662049359885, 76.98868731394224, 68.56723011125285, 60.188789685780364, 54.480952001012454, 24.4456052056612, 35.999851036963335, 43.55501969591128, 45.95910277736956, 53.606885691895556, 59.67447900764367, 65.50574306168375, 67.4495849773408, 65.35993214108514, 56.70088643198596, 46.56162240061579, 40.75334758669773, 71.56788553468652, 69.36550844996292, 65.95157665935285, 71.66720431248991, 73.74597362755563, 80.84818174003051, 89.49630472100833, 90.31072963176806, 92.6465734914297, 90.71185276389494, 86.45227289402438, 77.42467283829275, 72.86398086259683, 69.72750649553612, 73.65452091694918, 77.72290220527039, 84.82062172691057, 84.30654271637981, 81.67182176681901, 77.45658423023994, 45.4452852849043, 53.08207035492463, 68.32218839654881, 77.60612804827355, 90.15835556557019, 97.30213512458033, 101.58795147869026, 110.3588230636415, 118.86317255084812, 130.53944855673782, 126.01713614018102, 116.420400310112, 113.02421415574902, 106.65415158674213, 101.45403436975516], [15.685510560057647, 8.009348041366168, 0.0, 11.789179230762418, 11.523109597530476, 13.732505880004386, 18.23201789071188, 56.73768309126894, 63.40808989405467, 73.77481855085473, 80.93325450015634, 87.89971456865625, 81.47098662839794, 74.6121620870025, 65.09842198769775, 29.360362137378704, 25.600703496918715, 22.202547087601054, 22.58925811591773, 24.180376255023386, 20.263124516785783, 16.567997537060958, 14.28204775090267, 20.332941108323656, 26.03956606671974, 62.76614080084139, 70.0411669360143, 77.90531029744112, 86.38916327685735, 92.77713370161057, 91.98265534504283, 84.64883104424189, 76.37514125769594, 68.05164229629702, 62.40963958964089, 31.745151106651075, 41.480537620753886, 47.55877719574652, 47.90895505999874, 55.43312421163838, 62.49784366453631, 69.13954732204375, 71.51966486935702, 70.16748689548197, 62.12179802470574, 52.998197638729664, 48.229378783120545, 70.75320283345579, 69.54460615818267, 67.90068045477068, 74.11232490030697, 76.93897727938075, 84.05877293711401, 92.79623548033622, 92.92464378566531, 94.52209665709327, 92.03496227656878, 86.9630672249003, 77.06176725317944, 72.99483201217906, 70.93942516346993, 75.82754180894162, 80.56771801140215, 87.55249838053405, 86.49707666409213, 83.23727038002791, 78.1662022968332, 40.4910162212826, 46.86235139126415, 62.684576720327826, 72.75356404311977, 85.74862544523197, 93.88291633227983, 99.8141669622087, 110.95075315868986, 120.93605050854516, 133.4142953918031, 129.51817328304702, 120.51984058652423, 117.92389596434529, 112.46075269624599, 108.05281648937118], [24.375686282225736, 19.026161725025048, 11.789179230762418, 0.0, 10.978988720155744, 17.41125160358471, 23.834335798542863, 63.547433136572, 71.01320716691806, 81.5579806607189, 88.09974108366241, 93.97213470743662, 87.94619204604734, 81.2324328158232, 71.86691135449361, 40.94701167419694, 37.20544281364083, 32.88477831571206, 29.589097930000687, 26.066595907695255, 21.712100000679367, 23.1272840234309, 25.264602280682116, 31.971831107435275, 37.33070256000771, 72.59993768517131, 79.68082370119588, 87.12281085581502, 95.08715486891533, 100.57555989495656, 99.56168564942212, 92.98795609455135, 85.19621673233328, 77.09476233014199, 71.80325360555305, 40.86929946869887, 48.934901490573395, 53.08725056904058, 49.62882039927771, 56.50605185643365, 65.13934344530965, 72.35669484851242, 74.66315668539875, 74.027423411932, 68.48290395546938, 60.48145141162135, 56.683709443549354, 67.07846800829734, 67.52351721877956, 68.97131010803362, 75.53022221477168, 79.07799852309209, 85.5431703404758, 93.71895274345704, 93.0828352174401, 94.00994153069534, 90.93414210257988, 84.97008066248976, 73.82727687672345, 70.49723884455663, 70.4949545754924, 76.58677863384143, 81.8374873219609, 87.95049633695197, 86.33457285821393, 82.51296114474924, 76.37659405514428, 36.62147320345323, 36.35220444480732, 51.39562941888605, 62.14946620705367, 75.80469568937711, 85.24635065324442, 93.80703814881916, 108.50002747507052, 119.29930227705621, 132.13295010854873, 129.14347374193633, 121.08785375856151, 119.8405315034298, 116.20381340489054, 113.7972782110349], [18.866910261274334, 15.71567121464874, 11.523109597530476, 10.978988720155744, 0.0, 7.611333868390218, 15.788375978770484, 56.24575542582831, 64.29797733105157, 75.02823441319178, 81.76559511922086, 87.67888786237063, 80.9719564717967, 73.76450892971884, 64.49189791854464, 36.59511560568478, 34.68547277608856, 32.96804574306183, 33.907387486379186, 33.89048184139222, 29.622950182005066, 27.72454121501687, 25.075728512432956, 28.576357823393955, 32.17085922133857, 66.64581893993133, 74.01969342996783, 81.78666257967112, 90.29562029479362, 95.91246907147443, 94.63350675861513, 87.6767145455889, 79.42922489245385, 70.96500449164292, 65.58044405642453, 32.83949060284713, 38.63823099739568, 42.172231786681714, 39.18098808436658, 46.33122671079303, 54.50554789215863, 61.81910124392035, 64.56833076942362, 64.32512325676369, 57.93848352616619, 50.7913307902003, 48.95880660318926, 59.590119778147155, 58.88786058856616, 58.79737882691072, 65.34382093843831, 68.86947418606037, 75.87411649461431, 84.77706301699227, 84.08912554376273, 84.93054519653353, 82.00884691879008, 76.4085857312656, 66.07170531877104, 62.279273298504506, 61.0217091683485, 66.69845589116477, 72.0171426750212, 78.87703974937902, 77.2583671066007, 73.45319987716724, 67.7786734678926, 47.12537315738184, 45.545392077642035, 56.34751422660049, 64.33003743966417, 76.00901149608869, 83.24413724368857, 88.51344217916284, 100.36768392385194, 111.90769214097439, 126.39522244756931, 123.50340094646222, 115.78088317179075, 114.94595091791567, 112.0564568949771, 110.27596797665713], [13.342419446275361, 13.606082727595439, 13.732505880004386, 17.41125160358471, 7.611333868390218, 0.0, 8.578869109309043, 48.82597738242104, 56.95583922616027, 67.7072432065734, 74.50467771500689, 80.53001380516807, 73.62779878345033, 66.31975555317695, 57.05248439340596, 32.04377450930408, 31.700803030329894, 32.04475335732583, 35.719432208566026, 37.72837110569636, 33.69644673189465, 30.046909192026476, 24.467863566285207, 25.11660524325843, 27.064195226554457, 59.75930941530336, 67.14593326338192, 74.91645786228374, 83.53591565725945, 89.13785608298198, 87.76538878097844, 80.70721530607989, 72.36736409520846, 63.84443195391947, 58.51277151050265, 25.62977187506547, 31.78610133425905, 36.22158832988316, 34.54395976216236, 41.94009702477878, 49.41186240470053, 56.069332180814946, 58.42128911931247, 57.6371705883309, 51.087495329315985, 43.35853613733269, 41.47836645659538, 58.091800244953475, 56.307864978466846, 54.50425164243114, 60.62942574527011, 63.50105639641612, 70.49635252395647, 79.38049133967274, 79.26991702368473, 80.79927454222367, 78.39487645723153, 73.58378279967341, 64.1000162010212, 59.74979832532177, 57.406298059058464, 62.209455164342295, 66.93717942682967, 73.91885493857734, 72.77675536736497, 69.54429849904578, 64.68151863943355, 51.96754193320269, 51.14557316152938, 60.95863041627697, 67.81433128601049, 78.8040069976584, 84.78969382590374, 88.13362770637966, 97.53776036437661, 107.73735953250858, 121.78095251493096, 118.43446394963411, 110.34027344583143, 109.08421798460294, 105.89375488342111, 104.00411557657473], [8.378807856186583, 14.252587996150663, 18.23201789071188, 23.834335798542863, 15.788375978770484, 8.578869109309043, 0.0, 40.52286166983163, 48.5193457340905, 59.263852683675786, 66.00950186345622, 72.13195840143617, 65.32457140062036, 58.15277704616833, 48.80887046215189, 28.080042752993897, 29.486840582609048, 31.835964628144158, 37.62250625935711, 41.06914969687554, 37.407489461260894, 32.65774837081415, 25.06996747710603, 22.74452553304276, 22.63302040363314, 51.981758637069184, 59.20088915935241, 66.74720663455693, 75.20758325495652, 80.62724323267553, 79.21460231910592, 72.25808075283958, 64.0542844616733, 55.646918884454486, 50.50163816400401, 18.764161421641685, 27.602148042069373, 33.8999192485859, 33.84338375980335, 41.117548639463436, 47.66491233596681, 53.009611163457315, 54.27428428065265, 52.2744884925663, 46.420709576964775, 37.09594705921193, 33.55969942631823, 59.58578984341849, 56.912052471480926, 53.56224905386684, 58.906713031191394, 60.67834909380556, 67.15817449219799, 75.42196846956833, 76.29063850616085, 78.99121027310404, 77.33394577641266, 73.57695837662129, 64.97629038490193, 60.09788035293687, 56.95600014942811, 60.59199760666149, 64.23861645767224, 70.80386009618749, 70.45211775830661, 68.16936249020762, 64.33661419046831, 55.32431644870419, 55.58674223034009, 65.28533225757573, 71.61447606209438, 82.4713472815607, 87.66497823074525, 89.85081056828074, 97.10117755609713, 104.64276110867421, 116.97828087214504, 112.86240806344787, 104.00135778919467, 101.87007363356763, 97.85749595604692, 95.58598328159987], [41.12532861611629, 49.78652716756352, 56.73768309126894, 63.547433136572, 56.24575542582831, 48.82597738242104, 40.52286166983163, 0.0, 10.329477535848994, 20.49249724070978, 26.410477566121482, 32.73265134427938, 25.036351520565834, 17.882784338340883, 8.368915232819484, 43.185965887761924, 50.347042363151274, 58.050977191233045, 68.3102021575535, 74.91900907319139, 72.4323994525487, 65.91730551375399, 55.76158234773114, 47.07616359828846, 40.190102113693385, 26.62694422105167, 30.50883568493334, 35.010620211435075, 42.07957292509468, 45.332979024411856, 42.88080081132926, 36.773677067238324, 29.843300150679077, 23.413464318860374, 22.18912754879319, 28.614694189386036, 33.236400020603476, 40.728619082795944, 46.56528095218352, 49.79078414074435, 49.28542878742239, 46.34990268697146, 41.704245516221356, 33.4034797626195, 34.27078662990979, 22.22673813745676, 13.529164483036228, 72.90615341206096, 66.68170086918303, 56.82669395071497, 57.06147256550842, 52.995096829018756, 55.721534732211005, 59.87649537368087, 65.62222480665625, 73.3782290532273, 75.55505161192002, 77.32159731860784, 74.64297428571659, 68.47613790098875, 61.84979290106916, 59.03715276942899, 56.630893074040586, 60.45258787355531, 64.06797272975219, 66.68311734555459, 68.59401036499072, 88.16080585471177, 89.3689540541323, 95.41022463171446, 97.80859808921186, 105.6767778602114, 106.0146495615897, 100.98755448418261, 96.06137298848705, 91.6118357139265, 96.78286243632681, 89.20373668720718, 77.44446622043698, 71.29980594501322, 64.30538921774378, 61.672633859570404], [47.74924800006825, 56.0203802843937, 63.40808989405467, 71.01320716691806, 64.29797733105157, 56.95583922616027, 48.5193457340905, 10.329477535848994, 0.0, 10.80821286970538, 18.11186471748475, 27.023145348977156, 19.85608429421627, 14.672316754770561, 8.407117275593638, 46.040413855806, 53.40982249422525, 61.52559635148114, 72.24227810043715, 79.62005408239968, 77.57864044952116, 70.6660434790638, 60.447547028420814, 51.29558276099566, 44.1657823668382, 19.999445060247798, 21.80063070413852, 25.04561195709849, 31.88038776245841, 35.603216545706935, 33.361396992766366, 26.555824273649105, 19.622436512034508, 14.25133804101794, 15.258079807060064, 34.89348129529649, 40.71083754842986, 48.956088802740986, 56.36861304240959, 59.571846497478695, 58.18057733959697, 54.52264987095441, 49.63387535395585, 40.87586360495511, 40.69019284850615, 28.811922297417677, 18.170908199880213, 83.04262416528657, 76.61128609225264, 66.01921771935775, 65.76558180861649, 61.0889427518734, 63.406652561405984, 66.74064162238795, 73.25010363159221, 81.57722713029459, 84.24795774499705, 86.63341587617988, 84.55969656503864, 78.36936537494692, 71.37962141884373, 67.90132030437465, 64.8455863736749, 68.31725881626582, 72.44467802412682, 75.62257016248125, 78.13969122556368, 92.96941260841561, 96.61486457274792, 104.09663574282563, 107.11944894061321, 115.41518067466885, 115.90072316422498, 110.78120838338566, 104.57813512447066, 98.05513953558766, 100.61614237220171, 91.89368762075898, 78.92361192434825, 70.46997186702984, 60.13341713249799, 54.22829145237819], [58.17933999233181, 66.27194002080479, 73.77481855085473, 81.5579806607189, 75.02823441319178, 67.7072432065734, 59.263852683675786, 20.49249724070978, 10.80821286970538, 0.0, 8.90650277495651, 20.115824815546613, 14.286545204919243, 13.55037260912282, 14.78561829989825, 54.71725663917655, 62.12654528156148, 70.40964565825206, 81.2916992938577, 88.99547268781768, 87.19593307119304, 80.16387803084461, 69.99892147525814, 60.686320166818064, 53.493351053538056, 22.020568062284426, 19.861057322336947, 19.17979770341528, 23.925399707051856, 26.562354436817248, 24.02919358403211, 17.52897251397816, 12.873696488916693, 13.06219661820469, 18.031210516900163, 45.13425199203861, 50.18699730068729, 57.9984506874333, 65.91401016406284, 68.53747093996685, 66.1382515291935, 61.310306456053624, 55.749003540878334, 46.594484999112126, 47.404788696871734, 37.14036726405964, 28.106680182065066, 91.79032102935405, 85.05731165144051, 73.85063190040574, 72.74023086087543, 67.21786379025721, 68.58737540190188, 70.63310687520242, 78.0080132616449, 87.07076210183699, 90.4371485169154, 93.78159327929178, 92.75238456172602, 86.56926006202798, 79.28211067518667, 74.85547845674209, 70.79219671702856, 73.46263236673056, 78.24521046296474, 82.25407956427031, 85.69832979400417, 102.08410478465332, 106.46318678341943, 113.92495552967151, 116.6780155371147, 124.68228177306014, 124.60759292540745, 118.58127042309528, 110.26290280635058, 101.00863142842974, 100.96983063288053, 91.2285715409994, 77.44509897740492, 67.14064737494519, 54.504929409446575, 46.68731282204547], [65.3342246008117, 73.63224513378482, 80.93325450015634, 88.09974108366241, 81.76559511922086, 74.50467771500689, 66.00950186345622, 26.410477566121482, 18.11186471748475, 8.90650277495651, 0.0, 11.808702658033903, 9.413456582072337, 14.23574140684924, 19.435455666055837, 63.10742228076652, 70.35225900663694, 78.38458806974782, 88.8431509276435, 96.0525321122998, 94.22862384475448, 87.58348088856032, 77.74443247052534, 68.72415940818341, 61.717422288563164, 30.371571687505554, 26.93750787795222, 23.455851397032127, 24.216111337144635, 22.78745647559826, 19.277394127590327, 16.96156860635578, 17.633520102642525, 21.133742581397787, 26.653602888336334, 53.00489904956961, 57.605158751802506, 64.62592560989532, 71.29073235338545, 73.2233139218029, 70.766285916093, 65.09217194001677, 58.511117101963016, 49.02784091320975, 53.05967237615142, 44.03343935875781, 36.08531181264983, 95.02069165375329, 88.43519916732649, 77.79275362702067, 76.00894671762764, 69.90036502906136, 69.84539725840828, 70.12986668888676, 78.19317484553994, 88.01187531089646, 91.90801023142619, 95.9583469389881, 95.48615064849217, 89.4298071233222, 82.629297544365, 77.73662424184785, 72.78387948745609, 74.0191139826191, 79.34949378031129, 84.10902498609975, 88.12542643359117, 108.0511432373101, 111.17412855287083, 117.5064025828689, 119.55775011640955, 127.10782753630913, 126.47325330730764, 120.10477718540864, 110.89071815066671, 98.56457885436762, 95.73919686201923, 85.28743330978071, 70.9313267300817, 59.57327643276087, 46.299986826142074, 39.735742103720874], [72.40957549005009, 81.0273947502422, 87.89971456865625, 93.97213470743662, 87.67888786237063, 80.53001380516807, 72.13195840143617, 32.73265134427938, 27.023145348977156, 20.115824815546613, 11.808702658033903, 0.0, 9.687549806534772, 17.973551611379563, 25.31320472251115, 72.73369300961933, 79.81112047811597, 87.48110968898007, 97.33203720711143, 103.66269248395558, 101.62563325030969, 95.59374324755854, 86.13450724806623, 77.57042578851507, 70.7955242691421, 41.958098517634205, 38.69624958825086, 34.566463880340855, 32.96184809594338, 27.52466594228577, 23.351177498067095, 25.99559343416374, 29.122112295215278, 32.805105797892416, 38.024948300247424, 60.99303337944261, 64.52076104306529, 70.18573637298833, 74.68057677157351, 75.58626106478421, 73.28495448056105, 66.71759642080228, 58.89949893062061, 49.33600524894451, 57.934227948447564, 50.63762423412555, 44.53083962100191, 94.90610859751588, 88.64654066221925, 79.14328269858842, 76.56000698201466, 69.89197922752159, 67.8900434145136, 65.81816851940616, 74.55244893604068, 85.185820882935, 89.65383941163384, 94.49793426446435, 94.68989070308264, 88.89746237431771, 82.9683252728742, 77.65811403565905, 71.68904333326005, 70.90563345220605, 76.80968134268524, 82.43275064820925, 87.06235994415228, 114.28053457443116, 114.6547695346452, 118.69067009713878, 119.3862157184774, 125.9577538336078, 124.35439161522332, 117.4086911085173, 107.3111624102683, 91.31755948523785, 85.52037138924152, 74.51045990837213, 59.82610840680214, 48.09673117423783, 36.504735480887696, 35.89973158103343], [65.84659145468797, 74.47797074545308, 81.47098662839794, 87.94619204604734, 80.9719564717967, 73.62779878345033, 65.32457140062036, 25.036351520565834, 19.85608429421627, 14.286545204919243, 9.413456582072337, 9.687549806534772, 0.0, 8.534835387113041, 16.947057835524873, 65.82914197181437, 73.21522879618438, 81.2262073471419, 91.6132245165657, 98.36168679854512, 96.16821677066163, 89.74465644400809, 79.77154869784982, 70.84735600238491, 63.75313919264022, 35.96111918025342, 34.00357098673475, 31.99493798721087, 33.543341645138845, 31.41936423992245, 27.579259267357763, 26.253601015515894, 25.851123746041544, 27.26139480449075, 31.7049890227348, 53.21116749647521, 55.525218068667435, 61.05977013577317, 66.49926566218707, 67.56818953537235, 64.75917349884, 58.34230551295845, 51.076944198354376, 41.531203830189995, 48.45442976523574, 41.286530220713196, 36.39523220822714, 88.41613341750937, 81.67925503678315, 71.15473184493645, 68.78264519569034, 62.27683454141314, 61.410807380522755, 61.06480802259048, 69.34005732957564, 79.40874507085758, 83.58902402137117, 88.12731066328233, 88.36527396395391, 82.38718675576632, 75.63103678574797, 70.26509555232924, 64.73915197108562, 65.35075668104498, 70.92290285529536, 76.08730071107851, 80.6143759337046, 110.28500520563122, 110.85327525367747, 115.01004905654304, 115.69794378260713, 122.07117259490335, 120.33201559079626, 112.62794355235928, 102.18101642284309, 89.42270750465634, 87.80113232719029, 77.86431437204254, 64.40019113961924, 54.882953507273974, 45.763534257706326, 44.59493022814509], [59.00333505251713, 67.63600570353954, 74.6121620870025, 81.2324328158232, 73.76450892971884, 66.31975555317695, 58.15277704616833, 17.882784338340883, 14.672316754770561, 13.55037260912282, 14.23574140684924, 17.973551611379563, 8.534835387113041, 0.0, 9.537105003866529, 59.34358046267955, 66.86362592088845, 74.98999923793816, 85.60736954147957, 92.47872400275799, 90.11756187442116, 83.52089838509674, 73.26060566322673, 64.21862960352291, 56.99011403146325, 32.24884291905127, 32.13754532368286, 32.57052422319625, 36.71496232521478, 36.94694954316014, 33.51058781629725, 29.745085524849674, 26.256979377185104, 24.725326511952275, 27.695677879809786, 45.67757007840702, 47.08192693357184, 52.54682642429038, 58.45679927999162, 59.786282244255915, 56.922493804184676, 50.95747955945649, 44.277115753790056, 34.81214131825454, 40.26549952724985, 32.78909495598049, 28.960763308979597, 81.74137163748081, 74.77924016188206, 63.74462409275373, 61.794428533615864, 55.674311741527205, 55.94484030482584, 57.265032107907466, 64.89319233640364, 74.3138171797984, 78.0545880629765, 82.05790741783512, 81.97633286587727, 75.87086097326653, 68.64934087773567, 63.551512369194505, 58.672143325597716, 60.531261109615556, 65.64035625541892, 70.2045840231807, 74.34910504499517, 105.23732256876454, 105.65007958140609, 109.82993278857754, 110.572678277525, 116.89013369176266, 115.24156647530829, 107.36287763758557, 97.43624351667707, 87.72562630817673, 89.52878474843345, 80.60845464155646, 68.15850385829862, 60.471304828031585, 53.18155481238947, 52.10110375564968], [49.476375397161355, 58.105027404405114, 65.09842198769775, 71.86691135449361, 64.49189791854464, 57.05248439340596, 48.80887046215189, 8.368915232819484, 8.407117275593638, 14.78561829989825, 19.435455666055837, 25.31320472251115, 16.947057835524873, 9.537105003866529, 0.0, 50.41028906951657, 57.79644860767183, 65.76067054661408, 76.24793113288938, 83.04324034709929, 80.64003175885189, 74.05100677796078, 63.82101895550259, 54.90687840718787, 47.8044137641886, 27.569991201141338, 29.52792629433422, 32.25836419280826, 38.254806723536916, 40.348643075217645, 37.459723003031485, 32.09868178491494, 26.346226243268994, 21.864689600497833, 22.829670056311304, 36.438528319910134, 39.3482835657424, 45.89595719064295, 51.94839700484212, 54.251904124099475, 52.50909511228368, 48.02736035257675, 42.33341448547569, 33.24103429243959, 36.23973692171026, 26.234736724223726, 20.100430045523975, 77.01161178388351, 70.37574083706764, 59.810340681103305, 58.97940463199986, 53.8681597705431, 55.49696099779856, 58.40887593819738, 65.08857478446382, 73.68122265114921, 76.61364808285745, 79.46004442056214, 78.02969647113396, 71.85273893873877, 64.85526225292664, 60.89044329830508, 57.27398269532906, 60.24545081731952, 64.60167790946642, 68.16465394426629, 71.17234886549052, 96.08243658925844, 97.03732926740864, 102.2569220965678, 103.89241719528565, 111.05121431712647, 110.45194665710338, 104.0496078733336, 96.71118898058297, 89.81274273528541, 93.43545443033061, 85.19555505058943, 73.03380945754252, 66.0947922812326, 58.76092209911231, 56.56401907535802], [21.13940181667185, 22.05817258777673, 29.360362137378704, 40.94701167419694, 36.59511560568478, 32.04377450930408, 28.080042752993897, 43.185965887761924, 46.040413855806, 54.71725663917655, 63.10742228076652, 72.73369300961933, 65.82914197181437, 59.34358046267955, 50.41028906951657, 0.0, 8.141579336929471, 17.47953308264116, 30.37225946423976, 40.76904419097541, 39.43100539318154, 30.31004842699663, 19.135237733722487, 9.244143650996506, 5.613344180467203, 37.932041741811645, 45.31628026408913, 54.014487784607105, 63.59521474273307, 72.22744513344274, 72.0922797854345, 62.98551776907328, 53.79910546615773, 45.420957759203844, 39.13001633032372, 19.54089334280731, 33.36349654127114, 44.332603627127135, 53.76847063611869, 61.16910864749709, 63.53521402367066, 67.2087727718477, 68.70298057384618, 64.98160898695201, 52.25530200788812, 40.08590702055588, 31.20314740438613, 84.64542144476533, 80.18328991193835, 72.01793005931933, 76.3929125393888, 76.69515545097323, 84.2086585562568, 93.02704954515079, 95.40970749777968, 99.07622786916475, 98.38759276756704, 95.9878457380786, 89.42984125379571, 84.02564291050747, 77.96330499090719, 79.33841814641065, 81.89719755109456, 89.81355609538755, 90.49690394733481, 89.1993107731423, 87.13611277935279, 60.09836191424211, 73.68213185896408, 89.74062737531685, 98.38921220880572, 110.19482238252048, 115.68795247304793, 116.45910709338752, 119.43914816313595, 125.54487044771221, 135.59013197268828, 129.38794714292504, 118.15734640345337, 112.04534733260758, 101.93224180648662, 92.42080216467275], [21.848343542232808, 19.56887384636955, 25.600703496918715, 37.20544281364083, 34.68547277608856, 31.700803030329894, 29.486840582609048, 50.347042363151274, 53.40982249422525, 62.12654528156148, 70.35225900663694, 79.81112047811597, 73.21522879618438, 66.86362592088845, 57.79644860767183, 8.141579336929471, 0.0, 9.448494536778966, 22.539043110544892, 33.454388658987284, 32.484412935811555, 23.144244601217515, 12.876647831305087, 6.764436775355211, 10.969309785950891, 45.2638600234585, 52.365426877894734, 60.803233105959265, 69.9990098699857, 78.57846219946191, 78.61712517870097, 69.76557966085305, 60.89622273399073, 52.788673452039625, 46.61918611730537, 25.814435200814486, 39.27671709526887, 49.49771716948564, 57.66550335735386, 65.3191567198989, 68.60259729516288, 73.07173325200861, 74.92876543569486, 71.62852382345663, 59.14306645197746, 47.44003379699611, 38.85196909737584, 87.30611438856985, 83.57247692810428, 76.63402655852767, 81.53081239393819, 82.43665456070366, 90.08029457484554, 99.01284718999798, 100.96618545309742, 104.16562704882185, 103.0413432489519, 99.95606902511571, 92.55831012498373, 87.45016324204849, 82.14434487075887, 84.32898502838702, 87.46330703365349, 95.37032295711305, 95.67661414912223, 93.88836440471356, 91.09894572313956, 53.44436962070064, 69.29426804189227, 87.16689813869199, 97.02713109837026, 109.6359824538859, 116.26687033711002, 118.70936687743513, 123.76193551303236, 130.84610549849916, 141.0166731428378, 135.05506472395436, 123.91039203065561, 117.94976952190318, 107.76735551563638, 98.03505895806025], [24.27255316539729, 18.78597049518864, 22.202547087601054, 32.88477831571206, 32.96804574306183, 32.04475335732583, 31.835964628144158, 58.050977191233045, 61.52559635148114, 70.40964565825206, 78.38458806974782, 87.48110968898007, 81.2262073471419, 74.98999923793816, 65.76067054661408, 17.47953308264116, 9.448494536778966, 0.0, 13.184564041244181, 24.519880411858807, 23.998657099529115, 14.636564675530458, 7.990859851583309, 11.796459371874255, 19.068303077826453, 54.03799348175617, 60.90155493666831, 69.01747071537099, 77.74656778679811, 86.03115352174501, 86.16219852433889, 77.72223227117209, 69.22888769091766, 61.35527682894356, 55.345692101645646, 33.138468840963974, 46.21426557861692, 55.53161573747486, 61.90012957090711, 69.6915039718692, 74.08131763912432, 79.33599495309373, 81.44992851149757, 78.58218642928996, 66.81824093357565, 55.55035997408787, 47.227839830771956, 89.59450987475438, 86.79113568587685, 81.4668467130334, 86.88512846897595, 88.42731260783243, 96.05642329751805, 104.96988434668837, 106.44188972277472, 109.1526926141765, 107.5493283707314, 103.70692750724399, 95.33541449016808, 90.60908801037371, 86.33117819914249, 89.4348228079782, 93.14630234250778, 100.87223334456827, 100.76926235423181, 98.46914292315807, 94.85677616425691, 45.12512479136337, 63.26796358801166, 83.05741164298071, 94.2492121981334, 107.7407756866364, 115.68504480178783, 120.17485343381937, 127.75526132585443, 135.76308622285683, 145.99511844748935, 140.37887360697349, 129.43039953649222, 123.8074266733258, 113.85890762335383, 104.32710756452556], [30.994086573877848, 23.520307730227408, 22.58925811591773, 29.589097930000687, 33.907387486379186, 35.719432208566026, 37.62250625935711, 68.3102021575535, 72.24227810043715, 81.2916992938577, 88.8431509276435, 97.33203720711143, 91.6132245165657, 85.60736954147957, 76.24793113288938, 30.37225946423976, 22.539043110544892, 13.184564041244181, 0.0, 12.065143398244382, 12.928155827168467, 6.472236097086152, 14.073697947664892, 23.30269515922716, 31.130959542452796, 65.91602282520783, 72.46525480990391, 80.09175779884137, 88.12824227203618, 95.83071021938018, 96.03027846235753, 88.26393996081362, 80.33960875285374, 72.79941297521918, 67.05543130593085, 43.93196765488677, 56.70664124680975, 64.97093787875313, 68.82307968630525, 76.56849663837463, 82.34849601720946, 88.35096766236876, 90.52986464562093, 88.0618869141246, 77.72507515612445, 66.8256546397298, 58.55772815545245, 93.30152088253946, 91.82329964242399, 88.78582839548886, 94.71494962064607, 96.92636018778398, 104.27589514676983, 112.88326067466791, 113.8279371287947, 116.04645279873824, 113.90082252725477, 109.18036278136236, 99.5784506667344, 95.40133642408028, 92.65104238961695, 96.85073695568978, 101.11870904517522, 108.33558865777603, 107.7926674197103, 104.96504689369823, 100.36226037673718, 33.0945924669665, 54.72764934934741, 77.19156109204071, 90.23167841042718, 104.94888624815498, 114.72882170174107, 122.20020779072335, 133.24258457086697, 141.93603141704472, 151.82383035440796, 146.64786475703679, 135.96890964976475, 130.80429366371538, 121.2747521268368, 112.26109960076025], [35.91391589605604, 28.2070242685543, 24.180376255023386, 26.066595907695255, 33.89048184139222, 37.72837110569636, 41.06914969687554, 74.91900907319139, 79.62005408239968, 88.99547268781768, 96.0525321122998, 103.66269248395558, 98.36168679854512, 92.47872400275799, 83.04324034709929, 40.76904419097541, 33.454388658987284, 24.519880411858807, 12.065143398244382, 0.0, 4.369023559466118, 10.940642996440978, 22.551489294141863, 32.67974632930312, 40.47216552621148, 75.37708585734485, 81.80395048966338, 89.03781045693951, 96.52997439850338, 103.38098738088358, 103.42736252753109, 96.3979992398207, 88.93755169600306, 81.5526455746578, 76.07170177986745, 51.44590616602045, 63.747426344197564, 70.92630157371032, 72.05959503646001, 79.54060756890527, 86.63780755310299, 93.15786401109084, 95.21762651273058, 93.1494096451067, 84.7402292675109, 74.29363296842732, 66.4007121040091, 92.91234684679634, 92.7216107520878, 92.01614335520526, 98.28005996004303, 101.03225104426856, 107.8834524359843, 115.99951132109149, 116.43429416915431, 118.2405524731479, 115.64381285540765, 110.21009453556943, 99.55276146025214, 95.92437881536203, 94.76379481695234, 99.91939448235853, 104.57482259982766, 111.07671044701432, 110.1483626082818, 106.91756839524147, 101.46444767778259, 21.803548102773824, 44.3318515518662, 68.44664128573203, 82.79332266157512, 98.40340453752606, 109.64601304355725, 119.76289157227345, 133.96380486235148, 143.0040575862731, 152.6489349947991, 148.0765834431595, 137.94657179723126, 133.64800918938286, 125.29534547382184, 117.75623183312986], [32.75302285146159, 24.93521868999398, 20.263124516785783, 21.712100000679367, 29.622950182005066, 33.69644673189465, 37.407489461260894, 72.4323994525487, 77.57864044952116, 87.19593307119304, 94.22862384475448, 101.62563325030969, 96.16821677066163, 90.11756187442116, 80.64003175885189, 39.43100539318154, 32.484412935811555, 23.998657099529115, 12.928155827168467, 4.369023559466118, 0.0, 9.477080174229034, 20.661397619244376, 30.885439430708104, 38.586487158582514, 74.17520537740413, 80.77273819572754, 88.10941333689418, 95.74745002448047, 102.43403907029017, 102.30831891587918, 95.29263192447175, 87.71411204670873, 80.1505427393014, 74.64428869224464, 48.73754639535793, 60.57742609632465, 67.40671058701048, 68.02207011599937, 75.45480823615137, 82.73689278104086, 89.37244432795917, 91.49512007001918, 89.62958551261173, 81.51642978001432, 71.37174557648349, 64.03699259017236, 88.55368237964477, 88.41752946576177, 87.94129413985058, 94.25624015594079, 97.12366071750327, 103.9589910528271, 112.12403416823433, 112.4058468629855, 114.08045907454589, 111.41608547689198, 105.91101939598961, 95.2070574459487, 91.60927040459065, 90.55961541443563, 95.83383093337464, 100.58355003333833, 107.07250991437893, 106.04558491891142, 102.726645257143, 97.18846636669147, 23.213096693343306, 42.24849703788818, 65.38293741282409, 79.28394181760224, 94.63079096770541, 105.6064563846271, 115.44792695623853, 129.65650111166875, 139.00020537753676, 149.17287026533566, 144.8314517111609, 135.00089923048293, 131.15505588501625, 123.50657615685486, 116.74297681239332], [26.792424482609142, 18.777157074216802, 16.567997537060958, 23.1272840234309, 27.72454121501687, 30.046909192026476, 32.65774837081415, 65.91730551375399, 70.6660434790638, 80.16387803084461, 87.58348088856032, 95.59374324755854, 89.74465644400809, 83.52089838509674, 74.05100677796078, 30.31004842699663, 23.144244601217515, 14.636564675530458, 6.472236097086152, 10.940642996440978, 9.477080174229034, 0.0, 11.711169084430042, 22.003802731279837, 29.891551812095337, 66.03460842821822, 72.81536555785908, 80.50181714330297, 88.61836006238907, 95.88689394105873, 95.8089126306383, 88.2310213967028, 80.24115227140338, 72.46692454111347, 66.73549249578107, 41.22202428538931, 53.433685540339155, 61.08591710063701, 63.73566479397551, 71.40842070278637, 77.71290338473798, 83.97579783845417, 86.19791787705985, 84.05490228255145, 74.51586550600409, 64.04307618804087, 56.5651496223565, 87.25473894998713, 86.06560838727364, 83.74590121593096, 89.8142247838568, 92.27329798830503, 99.50510137101364, 108.079024368914, 108.73915371331849, 110.73214253975084, 108.42020867399194, 103.48094517085491, 93.61442860994559, 89.55919146920469, 87.23912767349101, 91.77419651608203, 96.23396308673698, 103.29235824703494, 102.55717661340039, 99.54823006948595, 94.67863858506321, 31.921986556353367, 50.00533684285734, 71.43220240131052, 84.08464726730357, 98.60179681102427, 108.27743062408086, 115.86280811826174, 127.4947218877024, 136.59351394621638, 147.08907526569286, 142.32485786378408, 132.13438818349817, 127.73746602604955, 119.38902000886105, 111.75292027022977], [18.11363322548207, 11.236996411113072, 14.28204775090267, 25.264602280682116, 25.075728512432956, 24.467863566285207, 25.06996747710603, 55.76158234773114, 60.447547028420814, 69.99892147525814, 77.74443247052534, 86.13450724806623, 79.77154869784982, 73.26060566322673, 63.82101895550259, 19.135237733722487, 12.876647831305087, 7.990859851583309, 14.073697947664892, 22.551489294141863, 20.661397619244376, 11.711169084430042, 0.0, 10.417814835337685, 18.3120566313653, 55.53940589980179, 62.656829536885354, 70.74936579825906, 79.45219393629561, 87.05015998788896, 86.82257489523936, 78.74674941437121, 70.26553771408396, 62.12821815969366, 56.185506574431024, 30.11837121091348, 42.71600686627169, 51.256754151977695, 55.86798827648136, 63.64230529199696, 68.87503195677735, 74.54680596610122, 76.69537706529185, 74.24250404137992, 63.68736486390528, 52.902664158938784, 45.57686612179782, 82.36559162361904, 79.98972536385264, 75.71634812076468, 81.37432385409129, 83.2786433343046, 90.7404160388519, 99.58922011473501, 100.68093010103017, 103.10871022818331, 101.26080409037102, 97.08017537827381, 88.25779725664164, 83.6885464015212, 80.04786373857367, 83.66887861321787, 87.66584528294557, 95.14971573612266, 94.78328550087808, 92.22394869218193, 88.19711967077521, 42.62574195477943, 57.152861437876524, 75.71082851950618, 86.48426962199468, 99.79404232400141, 107.71285820975719, 112.54801327024867, 121.12965892667667, 129.6255376049223, 140.532404910273, 135.4469690367168, 125.10099716466878, 120.46716373794128, 112.03698002538817, 104.32733115468434], [15.20262675917047, 13.4554530093937, 20.332941108323656, 31.971831107435275, 28.576357823393955, 25.11660524325843, 22.74452553304276, 47.07616359828846, 51.29558276099566, 60.686320166818064, 68.72415940818341, 77.57042578851507, 70.84735600238491, 64.21862960352291, 54.90687840718787, 9.244143650996506, 6.764436775355211, 11.796459371874255, 23.30269515922716, 32.67974632930312, 30.885439430708104, 22.003802731279837, 10.417814835337685, 0.0, 7.972117618918703, 45.698719906213725, 53.04157711192707, 61.43884002865003, 70.600450217398, 78.52951613872553, 78.22945367118267, 69.7111179241764, 60.84968551027702, 52.478416288080595, 46.37238452724105, 21.34699466267053, 35.03678616986907, 44.88169071508458, 51.78732406263928, 59.4599529527572, 63.368645958911976, 68.09286844582503, 69.89730019944157, 66.845707028009, 55.410668596255825, 43.913126765908444, 36.04990918148546, 80.85156778119547, 77.33443490413013, 71.05846296798536, 76.09848620319124, 77.21196512332763, 84.69988113962701, 93.56265411691274, 95.28196241401184, 98.35336359351314, 97.09587101050452, 93.83461701295049, 86.16364605942341, 81.10893656845113, 76.20330844363454, 78.70494037253216, 81.99020128369327, 89.69279480084323, 89.8487980469655, 87.92811586160698, 84.89985981459698, 52.07209091041869, 64.93031236026815, 81.4948593892449, 90.8038569647053, 103.14536553792207, 109.57433296214197, 112.0544329432283, 117.64345732024302, 124.92137955106428, 135.5802944072847, 130.00616458762505, 119.31651172929742, 114.14740746953568, 105.23958607030026, 97.10363698444797], [16.08679722809951, 18.317237143612623, 26.03956606671974, 37.33070256000771, 32.17085922133857, 27.064195226554457, 22.63302040363314, 40.190102113693385, 44.1657823668382, 53.493351053538056, 61.717422288563164, 70.7955242691421, 63.75313919264022, 56.99011403146325, 47.8044137641886, 5.613344180467203, 10.969309785950891, 19.068303077826453, 31.130959542452796, 40.47216552621148, 38.586487158582514, 29.891551812095337, 18.3120566313653, 7.972117618918703, 0.0, 38.55071533316447, 46.12158720537534, 54.74165583870327, 64.26086975000628, 72.2882658252033, 71.84627415143711, 63.052298113139784, 53.8900115768378, 45.28150706250773, 39.071735987164914, 14.898940431704196, 29.416646495725345, 40.21171383529781, 48.69189593168096, 56.110366112010645, 58.95811523929628, 62.81708691661394, 64.24892171016113, 60.71166164231526, 48.86859409016307, 36.781382612723874, 28.529846508507088, 79.23478781608628, 74.8988313401605, 67.19928654256401, 71.67592547151163, 72.12485385782321, 79.51660890261978, 88.29214392148255, 90.49653216669239, 94.08121611821218, 93.2996452796003, 90.78440056905399, 84.04105474714842, 78.65679312374922, 72.87286753185033, 74.47152998834228, 77.13436163488828, 84.89461788562434, 85.4691142278735, 84.08225645506374, 81.85614358809774, 59.26072054180169, 70.44939677269024, 85.31800352828233, 93.4307813955198, 104.95179369971851, 110.21005589053729, 110.9177730434089, 114.24445461587706, 120.48566580616779, 130.96355589866255, 125.08202429284178, 114.23332059945494, 108.80029271675903, 99.79775334873423, 91.69071539738755], [48.396058982051485, 54.778771856129396, 62.76614080084139, 72.59993768517131, 66.64581893993133, 59.75930941530336, 51.981758637069184, 26.62694422105167, 19.999445060247798, 22.020568062284426, 30.371571687505554, 41.958098517634205, 35.96111918025342, 32.24884291905127, 27.569991201141338, 37.932041741811645, 45.2638600234585, 54.03799348175617, 65.91602282520783, 75.37708585734485, 74.17520537740413, 66.03460842821822, 55.53940589980179, 45.698719906213725, 38.55071533316447, 0.0, 7.980544711280615, 17.222515140272773, 27.95859520314678, 37.36279469938904, 37.211713871553364, 26.814737535928277, 16.877052255489964, 9.295209158108115, 4.759990163136265, 35.20325998595059, 43.59496794282008, 54.07139665935513, 65.45057156549957, 70.11217906791104, 68.22551525443842, 66.07860965483381, 63.49016494266538, 55.96063359359994, 48.00364128224713, 35.19249124312745, 22.522593861180464, 95.91451312034245, 89.27062461154057, 77.351