{
	"dissimilarities": [[0.0, 8.61415910240814, 15.903459162763331, 25.21137080932857, 18.191264675353437, 11.853736085328284, 7.385788985512514, 42.08442987194887, 49.08094255533756, 59.5255497010833, 66.68944272857794, 73.4983093544516, 67.21731239564645, 60.221262515068666, 50.8079842729986, 21.710230755343435, 22.2629599181961, 24.51795957478611, 30.755585038204032, 38.73326128832662, 34.293219904500624, 26.21736126282296, 18.27597949632629, 15.45841901795465, 15.830754297265342, 49.908839664608834, 57.199125188816836, 64.63964285210719, 72.89042414558466, 78.87501900327878, 77.69650469066961, 71.04079725927075, 63.039321142508356, 54.25761298030812, 49.12750467353535, 17.99273935281607, 25.087325442846755, 37.11053965400904, 38.566054859718676, 46.154471491278564, 53.55214081904837, 58.036328396354946, 58.13855245107447, 56.24527324019071, 49.44532249302344, 37.56974965641, 33.78652712539644, 65.11231157363072, 59.86658311377874, 59.531846853271105, 63.554668312530964, 66.43147642674994, 72.71290308673929, 81.42950795476682, 85.00810129944527, 86.43670050451522, 84.6740397184809, 81.14129920182711, 74.79254543871333, 66.28992184841101, 62.958908141242496, 66.26174794281958, 69.81942347849936, 79.00728484166919, 79.20331902561999, 75.82550529000689, 73.14769371516202, 58.61695615457707, 66.41805428877315, 75.16049826152268, 83.71311870501242, 95.18179613388776, 109.00454396265458, 116.57306987793116, 114.18969198093258, 128.4626537542397, 122.93455631277058, 116.69990647171278, 109.61087298213606, 106.11279961681493, 101.31839365705828, 95.12003396677966], [8.61415910240814, 0.0, 8.003199235529875, 19.26580970485746, 13.526927572659023, 10.554329787317666, 12.662332247083592, 50.5673069041209, 57.37507620480253, 67.73851030178031, 75.02851729281018, 81.99284372212146, 75.732558564205, 68.7067363967241, 59.3054474999404, 23.778806625565487, 21.413305132897612, 20.524445267871993, 24.39249532256749, 32.10698694812508, 27.20343268978834, 19.04253916350871, 13.026169587839933, 14.626383749397013, 18.776498636035317, 56.68899737882574, 64.06260188836421, 71.76746703420642, 80.17407393633925, 86.56928869110854, 85.61859327630691, 78.64450896040401, 70.48825562696112, 61.77230392065562, 56.33596407208813, 24.968724396971364, 31.195973021298393, 41.774463129991155, 42.612758161733055, 50.49090301626592, 58.32949289991611, 63.756786323497565, 64.69624463756895, 63.35207356351504, 55.6144953239731, 44.971332385139505, 41.33299894655258, 67.57838233457606, 63.05011996988527, 63.71989041690517, 68.50593576854176, 72.22722915370004, 79.08628164781491, 88.23967946343458, 91.13886419180895, 91.62055577955229, 89.21995471719924, 84.86355107470496, 77.96219425258857, 69.37555841360377, 67.15228854349395, 71.18218088816954, 75.53778840329797, 85.59609859826034, 84.73761475516709, 80.63197310502268, 77.14945251307492, 53.655423079379005, 63.12113987159621, 73.70733500276644, 83.28517346997427, 95.27364654784792, 110.0653189365594, 118.77637367382395, 118.5311292734426, 134.31887913207987, 130.01311380964944, 124.24562919273077, 117.48776075463572, 114.27146193878133, 109.57177940608905, 102.98771361585675], [15.903459162763331, 8.003199235529875, 0.0, 12.165430593889639, 9.566162987610497, 12.157124660555102, 17.892725387431756, 57.93963792652775, 64.93923425099419, 75.3464940255757, 82.48300413682034, 89.14673085803399, 83.01622323208197, 76.05338031002924, 66.63073312761927, 30.747137414903474, 26.921507403224975, 23.294976183012402, 22.56621753503491, 27.071752742168, 21.7037684141693, 16.360159871903484, 15.68898991168335, 20.821230693607596, 26.254344111719686, 64.56205340159138, 71.85988473865582, 79.46557884540871, 87.65565269129716, 93.86732223980408, 92.94975683237779, 86.23056300106835, 78.23515315340154, 69.59923777610804, 64.23082110927791, 32.87851121502622, 37.981510908624024, 47.139597777899446, 45.92526791421164, 53.9352355917153, 62.57752250740698, 68.8701862180305, 70.13270389281088, 69.37340193776141, 62.10468627600138, 52.39630277691049, 49.25985058411938, 67.9026087806976, 64.69487610418018, 66.8280509828158, 72.31207036473417, 76.73254243221217, 83.70708808814388, 92.61619985413648, 94.91368993963442, 94.68283900638733, 91.68033420703304, 86.50652770748822, 78.91183892325866, 70.21426861836964, 69.80917830592688, 74.67033521704126, 79.66684855668933, 89.78740566658695, 88.18680921326943, 83.4461064815092, 79.1266654633081, 47.85301651782953, 57.15909615716499, 68.82502638391588, 79.24182529437557, 91.74829945279052, 107.32365956721952, 117.20399534664263, 120.0166562283191, 136.47424001937918, 133.5284361188322, 128.39411676611505, 122.07621364353139, 119.40152772600808, 115.36969968676537, 109.31618220430049], [25.21137080932857, 19.26580970485746, 12.165430593889639, 0.0, 10.833184615679505, 18.088920644724638, 24.79159984676037, 65.45168557260146, 72.91610281018893, 83.38776608730232, 89.98185830385631, 95.73051541500004, 89.97202504444742, 83.27883860283511, 73.9096487272459, 42.49048081868423, 38.51326559660859, 33.71389210227827, 28.616644530153657, 25.86775189632533, 20.944572963686248, 22.84095914350523, 26.603736643681803, 32.541022064346734, 37.819719687989334, 74.62723320627195, 81.65787239891942, 88.74363774560248, 96.23168679075701, 101.5446233494348, 100.47376959538569, 94.72630369037189, 87.30663421553642, 78.83622811485132, 73.93928518833518, 43.0070024858669, 46.82679716110916, 54.531260770164465, 49.523257467741864, 57.414535119738055, 67.33609828275779, 74.44981700337371, 75.44874121935078, 75.38795000034496, 70.22779845141685, 61.23129600866015, 58.88460415111597, 65.87930583360867, 65.1545864397837, 69.58962296045485, 75.74662562462403, 80.74287475607632, 87.2032388124447, 94.84919272391963, 96.54578573955266, 95.8213486017576, 92.18484180733135, 86.08472640583352, 77.48593521707501, 68.6460434461807, 71.42337718184338, 77.35311932069943, 82.84399790093586, 91.87715376330334, 89.85855283940226, 84.53441602949707, 79.20891410401799, 39.98286228337438, 45.58638647747735, 57.60751327024554, 69.0234315326116, 82.36872291223834, 98.69928128321526, 110.13922625210895, 118.15027832879143, 134.01534914956295, 132.845401078543, 128.69520965214778, 123.02497425776896, 121.31465123312954, 118.74481396771228, 114.40022062231498], [18.191264675353437, 13.526927572659023, 9.566162987610497, 10.833184615679505, 0.0, 8.059330967871341, 16.031557579339378, 57.84106907308676, 65.6411294045236, 76.23504737510281, 83.01145470419877, 88.9960693266646, 82.58072296775538, 75.49681729372612, 66.1216493075223, 37.00868634411508, 34.68494174325239, 32.417050024201124, 31.91163160972735, 33.977875053928784, 28.624364798602365, 25.652512350040414, 24.702338840058545, 28.04278278969514, 31.754804797813055, 67.9594047206589, 75.30443756229992, 82.67036608130513, 90.7170122394835, 96.14214933200886, 94.72633391305844, 88.68823050464847, 80.8753759337293, 72.0220891010931, 67.03201848162469, 34.7121373481527, 36.687987025300885, 43.73355517281321, 39.36710679734694, 47.34133552652874, 56.894028352497365, 63.95848097839323, 65.31178382300665, 65.37370017840419, 59.69830648458695, 51.70621557935226, 50.7682909091801, 58.82991988698151, 56.47322907910881, 59.808145411465176, 65.78360846591072, 70.7451503977713, 77.63735245501898, 86.24192031834345, 87.87472421891698, 87.06583316198031, 83.66393760209775, 78.02864944029602, 70.0623598532124, 61.317576611451976, 62.19907123079828, 67.7133809534355, 73.17402169328996, 83.21344298558515, 80.90956629484415, 75.7199691891621, 70.86098353812497, 50.522721602859335, 54.26247162381818, 62.22936912698193, 71.32465079309617, 83.08239816282024, 98.45250113165957, 108.02866964141003, 111.26717989686743, 128.66834163447334, 127.16477446052804, 122.81899414646372, 117.56173910587107, 115.96253339106275, 114.00589082292902, 110.29778192189362], [11.853736085328284, 10.554329787317666, 12.157124660555102, 18.088920644724638, 8.059330967871341, 0.0, 8.41094045330865, 50.20215687866078, 58.03432965369221, 68.63677878395441, 75.51152356431963, 81.69318518041838, 75.04248996460997, 67.82758384070152, 58.45360054235627, 31.696875871556202, 30.98093354091987, 30.979703646588845, 33.80008857265705, 38.633568146459545, 33.42882479356282, 27.89238140317678, 23.46176996629574, 24.05959288437271, 26.03340165006926, 60.65393565406951, 68.06656259356144, 75.47539446308076, 83.71758962994828, 89.1881195910193, 87.64003273290118, 81.45939338467623, 73.51509340494307, 64.54149024908773, 59.573096621876154, 27.04270814193153, 28.831705122095986, 36.88267654667121, 34.12088587279401, 42.128184799336104, 51.0651124658764, 57.42486808695836, 58.506690201635415, 58.12219181388151, 52.16488937944374, 43.65816676865662, 42.93501315982946, 57.18742639048626, 53.2955962868731, 55.106629078342266, 60.44583131953814, 64.79229154774826, 71.64869416986498, 80.60520463218167, 82.77712635700213, 82.62670229882431, 79.81241619801834, 75.00528415821476, 67.7662175565485, 59.10963115077102, 57.98466690009632, 62.70240057794346, 67.59368492255213, 77.71841182450744, 76.05717308470504, 71.4608395018356, 67.44357955229341, 56.45351079238723, 60.4350465520514, 67.08543363398886, 75.09598825869696, 86.13756889697515, 100.58346904396342, 108.79643920824736, 108.57033384707276, 125.52945892690329, 122.7786615805583, 117.86379450666344, 112.31248309059653, 110.31461374057956, 108.0133002925625, 104.15264452060003], [7.385788985512514, 12.662332247083592, 17.892725387431756, 24.79159984676037, 16.031557579339378, 8.41094045330865, 0.0, 41.863959722701864, 49.691412826567806, 60.29794052679657, 67.12313213189657, 73.31766357795664, 66.72650053850221, 59.57623698943251, 50.18185762960157, 28.024594060368223, 29.21466636785185, 31.395984177383546, 36.57930477452307, 42.82666130303278, 38.08443907586551, 31.41507746280352, 24.6668937368902, 22.399465251390936, 22.026170630302424, 53.127207879595076, 60.399689097684146, 67.5789325675839, 75.67561786240104, 80.94141586853209, 79.3085111530466, 73.27535250598167, 65.4638554532996, 56.52506239933601, 51.790647092661665, 20.14636237802492, 23.146118429159223, 33.35313754336781, 32.206954044921574, 39.920431650183616, 48.12386829472891, 53.24544710877339, 53.39534669499339, 52.189603498960395, 46.77892945198497, 36.542516288547105, 35.24415166784982, 57.788292328508646, 52.873791822657175, 53.22125307576323, 57.586370948211844, 60.86498030858904, 67.13792897498406, 75.7298945927258, 78.83237424371559, 79.87329346184966, 77.85971605041557, 74.07205291783538, 67.53299657531929, 58.977833419062456, 56.27003669303504, 60.00694392248781, 63.9041258682689, 73.13061976233638, 72.8132209386359, 69.12882030928567, 66.13877907365392, 60.54553389652106, 64.76364252800624, 70.79206537559311, 78.19609862656279, 88.95819324218773, 102.4620589817216, 109.60337437457694, 107.06597598938829, 122.12926655058628, 117.66226426634643, 112.02061209001602, 105.80111455190999, 103.19677718680002, 100.1987632412366, 96.06192200827321], [42.08442987194887, 50.5673069041209, 57.93963792652775, 65.45168557260146, 57.84106907308676, 50.20215687866078, 41.863959722701864, 0.0, 9.033727277251787, 19.211128480134736, 25.576478633547154, 32.33027060394322, 25.235614007867966, 18.222898840356933, 8.939976902220778, 42.55912096560447, 49.869698256897344, 57.78707694897539, 68.11422825155765, 77.32899545938213, 74.09314352779073, 65.64144627479642, 55.68354292217683, 47.68184759907487, 40.52142144384682, 25.594917157276385, 29.551782278856773, 33.391931516676465, 39.99284360418684, 43.12042672045518, 40.2263677625473, 35.53945662456379, 29.268056809619406, 21.629139708575327, 21.337965795832456, 28.718143668814704, 30.976797016713977, 40.15380302939749, 46.77914938011988, 49.025501965780194, 49.70916584351688, 46.07139446057535, 40.806540934552515, 34.31756718184159, 34.769352448147245, 19.374497357058065, 16.22834492367096, 73.45601982439184, 64.9789789603316, 58.34758948860356, 56.53587018828118, 53.07373770694326, 54.65412104849881, 60.167476561203735, 68.07490539550788, 75.17387974223384, 77.63190788332908, 79.51800697239283, 77.63376789505818, 71.46779620848038, 61.64223985304052, 59.335186119339404, 56.91530420824706, 59.78877649877955, 66.77810055567649, 68.6080986945296, 71.38575756240417, 93.4786235189376, 97.48648976909948, 99.93591503612518, 103.84591823631527, 111.97179036749944, 120.47929374825053, 121.83507932599262, 106.36214613655751, 112.08593290684234, 98.47900816533374, 88.82689890060627, 79.3247822739288, 72.98175771244333, 65.84918982103649, 60.54296224204202], [49.08094255533756, 57.37507620480253, 64.93923425099419, 72.91610281018893, 65.6411294045236, 58.03432965369221, 49.691412826567806, 9.033727277251787, 0.0, 10.617470528312241, 17.90810150281389, 26.221008798835562, 19.788904690800475, 14.032371683683305, 8.447515412519945, 46.379229260698686, 53.893235854767575, 62.181527307910585, 73.01356393062052, 82.84298570583273, 79.95086429609863, 71.16722103493025, 61.041254997796784, 52.72167965580783, 45.37158676597818, 20.66949535722017, 22.603170430562567, 25.072947058982756, 31.342741855177174, 34.683306369563475, 31.875467270309358, 26.63333438262299, 20.6251208115637, 14.067721382696668, 16.11054268756292, 34.83549895042741, 38.24139944773008, 47.303667540777006, 55.27434375088143, 57.157010572898066, 56.80102868413826, 52.09251361526892, 46.631410645889076, 39.57177063646352, 39.60959883318204, 25.00566048006261, 19.891014696980193, 81.99730108999644, 73.22293394864546, 65.87976926996103, 63.39049054107385, 59.12765870241469, 60.05105086245584, 64.95298684105424, 73.49134971349899, 81.33778848448472, 84.39596996214236, 86.97668302469235, 85.66754407416242, 79.82345040360394, 69.32298348251184, 66.29793735679718, 63.10632929559254, 65.04831666694118, 72.97431309134794, 75.54039120684703, 78.9816257796755, 99.32051205702166, 104.74774437488627, 108.05613220738184, 112.19676897559609, 120.41560459983492, 128.57573971886342, 129.5306154967499, 112.72477606097371, 116.61664586544018, 101.0537625569718, 90.45556614032527, 79.86551187327397, 72.10528980025676, 62.35132968219094, 54.49626357904334], [59.5255497010833, 67.73851030178031, 75.3464940255757, 83.38776608730232, 76.23504737510281, 68.63677878395441, 60.29794052679657, 19.211128480134736, 10.617470528312241, 0.0, 8.386781483687173, 18.350132683427304, 13.28546414263732, 11.518724565447425, 14.065009216541489, 55.293130229610455, 62.87012981614794, 71.33303212208708, 82.38697747525153, 92.42821015814606, 89.7668659206479, 80.90822392116408, 70.75312745283225, 62.310985969603735, 54.905527459241306, 23.151708578307844, 21.431491563169672, 20.16220631964535, 24.240745664208102, 26.19635644200004, 22.821593897260993, 18.415805469568877, 15.013688553192285, 13.602730289048372, 19.158915774969522, 44.92800685950631, 48.015764832321395, 55.994329119459906, 64.46180349216631, 65.57717814166783, 64.02762027193009, 58.02582218037756, 52.05695964619557, 44.64249856670841, 45.79051886243932, 33.47548582882594, 29.140031888947153, 90.25233756435536, 81.25465797852112, 73.15273594086524, 69.71269360597196, 64.37180194961097, 64.12620753721144, 67.84577552204581, 77.08690877573459, 85.93821125119649, 89.82168630841359, 93.40712047946154, 92.96407140646684, 87.6982032162307, 76.49135654640078, 72.53486435171436, 68.25462866913186, 68.55565200095448, 77.72392832529837, 81.32328290418475, 85.69598397885062, 108.62540752255498, 114.28901082002146, 117.35710486542804, 121.09028764924106, 128.90697574716611, 136.19445506222942, 136.1656548593966, 117.15299888537214, 118.64100657187416, 100.86850279183535, 89.30302737416551, 77.83341390840167, 68.76747543639955, 56.92895627659092, 47.656814961494376], [66.68944272857794, 75.02851729281018, 82.48300413682034, 89.98185830385631, 83.01145470419877, 75.51152356431963, 67.12313213189657, 25.576478633547154, 17.90810150281389, 8.386781483687173, 0.0, 10.353167810091412, 8.40030835789568, 12.388724735223558, 18.833077214078134, 63.39661448805472, 70.85324820897311, 79.11809864133896, 89.79120721789663, 99.25409193355962, 96.71631712362691, 88.30851794821994, 78.40587381181143, 70.14356544890327, 62.86038999082449, 30.790537231474396, 27.701193911928794, 23.874430627604692, 24.242103714605506, 22.471636724412246, 17.9526722698576, 18.014585181237702, 19.11813861831771, 20.968477305029232, 27.10391374598875, 52.722833545915016, 55.292782401353556, 62.49338388414224, 69.94215327042201, 70.50306591044368, 68.66448586597605, 62.0460058925693, 55.31738922505391, 47.94954099505251, 51.4523381318037, 40.5412520990649, 37.24178284729015, 93.86728618023777, 85.25593558334306, 77.164187901292, 73.14809626236506, 67.07475689284381, 65.49541429587944, 67.39450371893984, 77.23172195281306, 87.04658382080918, 91.51856462179556, 95.78214831927247, 95.81097452462123, 90.95870279718183, 79.98047629301692, 75.58383990738193, 70.48801994122935, 68.60600622681736, 79.01905182167725, 83.4074426091889, 88.35492264882996, 114.1897705015333, 118.81587652827284, 120.94776302088984, 124.06236512836449, 131.43289698736865, 137.7699417276516, 136.93794333698798, 117.21501973215672, 115.86342812800451, 96.45655934371686, 84.27068111374383, 72.1123828191858, 62.258656493449635, 49.542025346256736, 41.136339296318994], [73.4983093544516, 81.99284372212146, 89.14673085803399, 95.73051541500004, 88.9960693266646, 81.69318518041838, 73.31766357795664, 32.33027060394322, 26.221008798835562, 18.350132683427304, 10.353167810091412, 0.0, 9.399168757260028, 17.20469517511569, 24.867262455526987, 72.22140302994056, 79.48476318223665, 87.38509046059534, 97.37985438304736, 105.83432842106753, 103.36751226861671, 95.70453165765701, 86.21569113637058, 78.29258925174601, 71.22371972264699, 40.95383258199811, 37.64683496327506, 32.8130039544625, 30.378276841681245, 24.5204536723681, 19.266060279946675, 24.766922642501147, 28.53857782331078, 31.131186145587982, 37.222985813086666, 60.6645391496229, 62.48512842020721, 68.81780099780583, 74.43583147872907, 74.42034739339188, 72.64355145060192, 65.69182347543743, 58.07730773303767, 51.06465280013446, 57.609087305835104, 48.01665494369379, 45.970751149112566, 95.53178393735406, 87.71131209431756, 80.04090995712917, 75.56201229666112, 68.86440254701101, 65.66278507950501, 65.02714169258854, 75.4409160693321, 86.31200307751558, 91.33306186229787, 96.21487463736722, 96.62342878905454, 92.23170749866081, 82.03144968740553, 77.38349099168924, 71.51298126023529, 66.77605252900362, 78.58716059382348, 83.75654696290377, 89.178791899052, 118.8691594154357, 121.56770311486152, 122.14121941857587, 124.33954863537774, 131.07069807492874, 136.18557116428806, 134.4426189038347, 114.6347428076027, 109.67672130609692, 88.64625162921241, 75.90793777000049, 63.02342948036818, 52.511586376265676, 39.71430959711235, 34.9587756158432], [67.21731239564645, 75.732558564205, 83.01622323208197, 89.97202504444742, 82.58072296775538, 75.04248996460997, 66.72650053850221, 25.235614007867966, 19.788904690800475, 13.28546414263732, 8.40030835789568, 9.399168757260028, 0.0, 8.132155280624193, 16.874251388638875, 66.11274702940314, 73.6533672746209, 81.85526715565457, 92.31831576196369, 101.29505265087752, 98.44450615585257, 90.28965621745832, 80.40678496490372, 72.2489961714742, 64.93029013999234, 36.288972094104224, 34.4791545078145, 31.77516342552971, 32.619038652768566, 29.90240888315711, 24.953488845628986, 26.35838506304984, 26.786434217946724, 26.860024218656953, 32.15209971240743, 53.56339559820738, 54.20714178302769, 59.84576923682279, 66.11028694953916, 65.93028445032492, 63.73946796302929, 56.71271133021722, 49.3866449097789, 42.20707925490539, 48.2270654996367, 39.27375371179941, 38.651331515082106, 88.25724264883821, 79.76386624507454, 71.59222501364049, 67.1278982302027, 60.591429007396584, 58.199721012892745, 59.344495786944734, 69.33914664137897, 79.51447298662985, 84.2814931912, 88.9756300321736, 89.4572544880957, 85.05194086721406, 74.0009015272134, 69.25327848180565, 63.64642769002051, 60.7249365581487, 71.60931588587324, 76.42801008742472, 81.78078182390702, 115.59223627339922, 118.07576701667885, 118.20740731308038, 120.1758183232292, 126.62360395680382, 132.19067921464207, 130.4481991841642, 109.31914402281524, 108.0055411050678, 88.93114254162255, 77.00009040682185, 65.69819968838436, 56.837575647092045, 47.40049371875129, 44.04743060430443], [60.221262515068666, 68.7067363967241, 76.05338031002924, 83.27883860283511, 75.49681729372612, 67.82758384070152, 59.57623698943251, 18.222898840356933, 14.032371683683305, 11.518724565447425, 12.388724735223558, 17.20469517511569, 8.132155280624193, 0.0, 9.42689000099699, 59.40139083811542, 67.05161779203473, 75.36668867949571, 86.0491130828194, 95.32806216383382, 92.21982374354364, 83.76901441739578, 73.68070416341313, 65.43370913832993, 58.0138135968054, 32.104585959113365, 32.02843761854113, 31.578227723218998, 35.02964309782134, 34.709479580242466, 30.293653027245394, 28.87017310998611, 26.378845079226252, 23.653815809574702, 27.674018155613073, 46.14607710024511, 46.1766982782226, 51.79499692692221, 58.563285777467506, 58.60644124726035, 56.54175937188126, 49.90442343391517, 42.99994944684998, 35.68330847955875, 40.6010523136808, 31.174990372803613, 31.37950524657575, 82.0462383903459, 73.13471040310942, 64.84994925424898, 60.769904096156786, 54.769611055113856, 53.521026334281416, 56.49115751259847, 65.90994006297801, 75.19560152791666, 79.45210375543752, 83.60249080272371, 83.7607870289002, 79.07222461952391, 67.66153912803665, 63.202042113745236, 58.22882734808176, 57.355324703638125, 67.07890210241726, 71.2246154132796, 76.14961916866625, 110.54068374148238, 113.12568468328142, 113.35757767197327, 115.48815985106131, 122.0333267036167, 128.29446863589973, 127.03911414917907, 106.10522359696593, 107.89885102395085, 90.77286929796381, 79.66198991322587, 69.45528350524947, 61.82184724176581, 54.17163888373691, 50.899482454824295], [50.8079842729986, 59.3054474999404, 66.63073312761927, 73.9096487272459, 66.1216493075223, 58.45360054235627, 50.18185762960157, 8.939976902220778, 8.447515412519945, 14.065009216541489, 18.833077214078134, 24.867262455526987, 16.874251388638875, 9.42689000099699, 0.0, 50.90659246923359, 58.417861304810096, 66.54142091859346, 77.02871240669981, 86.21096623456565, 82.9899959675114, 74.57240883738734, 64.55081885239129, 56.43762333195376, 49.132539099215606, 28.38237360794044, 30.43992913986562, 32.324427272147446, 37.64220315748584, 39.16968997578194, 35.48054251699786, 32.22234444813204, 27.460947110138537, 21.76917100971135, 23.79090898373917, 37.078728290813814, 37.63332789443954, 44.60309190989869, 51.20866723033343, 52.18469341101205, 51.38172563068565, 46.097637424577776, 39.81146574396187, 32.72292300353155, 35.882028147870045, 23.722918712756343, 23.246840362558995, 76.21154154260367, 67.44465528961521, 59.88094510583908, 56.84584862320898, 52.02661043313179, 52.19862828946242, 56.58105982199581, 65.27277998542618, 73.48384295018735, 76.85148782750665, 79.90253958883372, 79.07876830232415, 73.67304114729748, 62.923082630351566, 59.46467740387939, 55.70472915670777, 56.77605161869703, 65.15519744632597, 68.16284274960083, 72.07040111551862, 101.80112216211212, 104.76085562880598, 105.77579621369614, 108.61937407434955, 115.82947928457413, 123.14913838834615, 123.10259820847426, 104.71541216413581, 108.7393129962737, 93.58016173891883, 83.300757059875, 73.60894997867952, 66.84339382328729, 59.89228444640222, 55.961575318789315], [21.710230755343435, 23.778806625565487, 30.747137414903474, 42.49048081868423, 37.00868634411508, 31.696875871556202, 28.024594060368223, 42.55912096560447, 46.379229260698686, 55.293130229610455, 63.39661448805472, 72.22140302994056, 66.11274702940314, 59.40139083811542, 50.90659246923359, 0.0, 8.234534512197152, 17.819125142533967, 31.301813546571065, 45.43624183853103, 42.21063096323875, 30.26600095981684, 19.099031243643196, 10.3397682865278, 6.009283672523789, 38.18384635497714, 45.58056166749656, 54.1546709124802, 63.66655248188607, 72.17190139482823, 72.00293969901331, 62.917993568965635, 53.91931524106738, 45.71889923368366, 39.3292360637228, 17.7589653323913, 29.57864635094267, 42.888407257517144, 52.00106739172016, 58.489129151155986, 62.49690763206533, 64.72011918133529, 65.25916783891603, 61.77920600749285, 50.48006145429296, 37.07537728171801, 28.72709061860141, 82.58119123628519, 74.89520320391425, 71.3568792383603, 73.92869251520692, 75.50251020654532, 82.16867828805213, 92.330192225943, 96.86648000595298, 99.04432883638573, 98.26006084375133, 96.05762515881781, 91.20715201711896, 83.362484074282, 76.29747827654087, 77.70336370884733, 80.14380660693212, 90.36656522551351, 91.39224049829205, 89.08823674155299, 87.90197986839907, 70.20725051176132, 84.5373182872506, 96.24543624342955, 105.37989734990416, 116.82817284428222, 130.43090953681423, 137.15622706911518, 129.88411564540337, 144.15108307181026, 135.75364483740208, 127.89247688236931, 119.29562154086867, 113.66420141008444, 104.88190288658367, 93.67519680267621], [22.2629599181961, 21.413305132897612, 26.921507403224975, 38.51326559660859, 34.68494174325239, 30.98093354091987, 29.21466636785185, 49.869698256897344, 53.893235854767575, 62.87012981614794, 70.85324820897311, 79.48476318223665, 73.6533672746209, 67.05161779203473, 58.417861304810096, 8.234534512197152, 0.0, 9.715766304004747, 23.52522194553722, 38.334219703958496, 35.31640730499429, 23.085626201030543, 12.703897075453702, 6.999136257507353, 10.402892265181402, 45.61291837886633, 52.7162099304411, 61.090011031749775, 70.22934118688805, 78.73495208657336, 78.80851845974695, 69.88328949214932, 61.14462781380188, 53.22831939640107, 46.93955510183161, 24.344755591723942, 35.50083822480672, 48.22004790500293, 55.86483933676556, 62.85407134268442, 67.75595004059964, 70.87905909574987, 71.75782926160794, 68.71800561010349, 57.522172922769855, 44.70741152922632, 36.70249617205678, 85.16528976543927, 78.34024971649318, 75.92050244253468, 79.19077000843465, 81.43367450249339, 88.35076531785636, 98.44120997458442, 102.59236389010019, 104.23158478175796, 102.93334665833771, 100.00858856951521, 94.49759307221406, 86.3940190441772, 80.64751188217795, 82.80407677678856, 85.86527889494879, 96.30644189507656, 96.77172416008678, 93.89212650830069, 91.97844512825587, 64.1989180855379, 80.45423398882896, 94.07295868164685, 104.27915978967823, 116.43958434118252, 130.85065588076282, 138.73954651121872, 134.14938774742774, 148.8540099297926, 141.2925806615368, 133.77712098277573, 125.2253765067488, 119.77919844539203, 110.96011960876243, 99.4554997505739], [24.51795957478611, 20.524445267871993, 23.294976183012402, 33.71389210227827, 32.417050024201124, 30.979703646588845, 31.395984177383546, 57.78707694897539, 62.181527307910585, 71.33303212208708, 79.11809864133896, 87.38509046059534, 81.85526715565457, 75.36668867949571, 66.54142091859346, 17.819125142533967, 9.715766304004747, 0.0, 13.989976888502207, 29.359906783363495, 26.635130980357314, 14.44896786328511, 7.733970082422679, 11.201677163335143, 18.363994174691115, 54.5822425989747, 61.422344616050886, 69.4860743459443, 78.11492922697066, 86.35549649163103, 86.58584218681499, 78.06411549263052, 69.68395760621642, 61.9753206917375, 55.88254318053349, 32.10674874601055, 42.54264522048518, 54.62730388370952, 60.19905765476575, 67.65423475389586, 73.64373806241845, 77.71925747275681, 78.78969178792931, 76.23436024396105, 65.61096149749434, 53.22030471426982, 45.60266893838826, 87.45715704911353, 81.84115750175808, 80.83808164895188, 84.85566375256884, 87.7852136481508, 94.81592774621403, 104.58572496249597, 108.32499282231745, 109.43646949882239, 107.57119120932616, 103.83378775391618, 97.53574555507662, 89.15815314874176, 85.16029379717261, 88.18547508556411, 91.87805438259495, 102.2741888430836, 102.2170093482741, 98.72746520500975, 95.98588246515295, 56.201120234904295, 74.4328514922063, 90.18492602285461, 101.60290676348859, 114.5773777733718, 129.838103637752, 139.0975505596424, 137.9887768637749, 152.86900972766426, 146.34317702125642, 139.30059151006148, 130.86216085664617, 125.74223583028774, 117.14196325316037, 105.72627010078627], [30.755585038204032, 24.39249532256749, 22.56621753503491, 28.616644530153657, 31.91163160972735, 33.80008857265705, 36.57930477452307, 68.11422825155765, 73.01356393062052, 82.38697747525153, 89.79120721789663, 97.37985438304736, 92.31831576196369, 86.0491130828194, 77.02871240669981, 31.301813546571065, 23.52522194553722, 13.989976888502207, 0.0, 15.912807231832415, 14.124309011728327, 6.369131263810944, 14.4387588055961, 22.856976841401966, 30.629033232849206, 66.95167343924079, 73.46477777525648, 81.0057407969353, 88.82779701068587, 96.41439749081466, 96.7454893773919, 89.02474420147267, 81.2315885580052, 73.75668382786267, 68.03444186301122, 43.26816912544621, 52.89446319659208, 64.25457651514986, 66.75977157228088, 74.62679985426432, 82.04567619336784, 87.17668758340915, 88.20151067642817, 86.21516740027408, 76.9105227766809, 64.77433114323475, 57.5846728269245, 90.45324754282251, 86.76864560791695, 87.7666094977919, 92.6317432694651, 96.28908957564424, 103.17295059079028, 112.11272800029414, 115.3924795794033, 115.99670674512302, 113.45656872701288, 108.71805061830463, 101.37045925197471, 92.69063381789778, 91.32550300771896, 95.45121893085953, 99.80112435043142, 109.62465513190975, 109.12576332262255, 104.95739428947525, 101.17946240900677, 43.65938094197135, 64.55743058151707, 83.361216453664, 96.47529446629369, 110.59826023826507, 126.85236459277303, 138.02617114464877, 142.24193579470037, 156.65363861759752, 151.51171134969778, 145.1718331652064, 136.90689769538008, 132.31741775621433, 124.23713279036912, 113.3913015667178], [38.73326128832662, 32.10698694812508, 27.071752742168, 25.86775189632533, 33.977875053928784, 38.633568146459545, 42.82666130303278, 77.32899545938213, 82.84298570583273, 92.42821015814606, 99.25409193355962, 105.83432842106753, 101.29505265087752, 95.32806216383382, 86.21096623456565, 45.43624183853103, 38.334219703958496, 29.359906783363495, 15.912807231832415, 0.0, 5.682049106174106, 16.534944789892105, 27.434513805960123, 36.12282155739557, 43.58524249202442, 79.32811134070616, 85.54184610775476, 92.41998999286324, 99.29248416975342, 105.77997504308017, 106.01255931011556, 99.48437314678826, 92.42296066272702, 85.11809420477839, 79.93758718901009, 54.412934186014766, 63.085889718215824, 73.70895131137661, 72.69322836059736, 80.71032050446703, 89.56172706034529, 95.54972251334635, 96.19962933063398, 94.78425298842168, 87.56109505080447, 75.59707974211892, 69.05807650127203, 91.69394953269317, 90.35755030094447, 93.51985837408652, 99.06407980672176, 103.25386574212726, 109.60973259721996, 117.1740580928143, 120.03663679292264, 120.33761346900883, 117.21316308460685, 111.58079866369715, 103.20106763959659, 94.32673654517161, 96.00732816975562, 101.18092481131407, 105.98275799076796, 114.57216173720971, 113.89231850677847, 109.19935638988672, 104.4614432210041, 28.15273092577537, 51.08456222424079, 72.95617754312629, 87.75822367857096, 103.04898173959923, 120.02826881506978, 133.14526164673205, 143.5268049088874, 156.5826675166922, 152.975994264476, 147.53143554851553, 139.61324218992243, 135.82094838559965, 128.84558009600565, 119.48817868045869], [34.293219904500624, 27.20343268978834, 21.7037684141693, 20.944572963686248, 28.624364798602365, 33.42882479356282, 38.08443907586551, 74.09314352779073, 79.95086429609863, 89.7668659206479, 96.71631712362691, 103.36751226861671, 98.44450615585257, 92.21982374354364, 82.9899959675114, 42.21063096323875, 35.31640730499429, 26.635130980357314, 14.124309011728327, 5.682049106174106, 0.0, 12.668415772987958, 23.580217829687683, 32.445514854748566, 39.93687739776645, 76.91747062019013, 83.43096221648622, 90.55683240329694, 97.79992778666345, 104.31570388031966, 104.3113009820296, 97.65893854109075, 90.31936558558077, 82.6749104985427, 77.37597170482299, 50.374171588517164, 58.34446996243555, 68.52853943874784, 67.39905708177368, 75.4187548706485, 84.26808017592624, 90.44532984626171, 91.34094238930254, 90.13961393526868, 82.77520356850056, 71.40211164349151, 65.55596533165043, 86.63328337167486, 85.06266479614897, 88.17951348400301, 93.81902385605764, 98.1825182630823, 104.75393638014118, 112.6758597475092, 115.30107089349882, 115.32400333332502, 112.11531305981865, 106.43897567584249, 98.13604594404397, 89.30362768718346, 90.75582115771266, 95.97410725260093, 100.93749748366987, 109.98702051351583, 108.93459544249085, 104.1126569073964, 99.32956587302898, 31.412680822097894, 51.20028790232114, 71.23346744813166, 85.31906534761279, 100.11928417645346, 117.00838609735244, 129.6480141456286, 138.7944258668072, 152.90667302436486, 149.6943319141893, 144.40813713743793, 136.9157103426482, 133.43428293233126, 127.16591542685808, 118.51787615900912], [26.21736126282296, 19.04253916350871, 16.360159871903484, 22.84095914350523, 25.652512350040414, 27.89238140317678, 31.41507746280352, 65.64144627479642, 71.16722103493025, 80.90822392116408, 88.30851794821994, 95.70453165765701, 90.28965621745832, 83.76901441739578, 74.57240883738734, 30.26600095981684, 23.085626201030543, 14.44896786328511, 6.369131263810944, 16.534944789892105, 12.668415772987958, 0.0, 11.493126221929387, 20.665267008585538, 28.50474171119638, 66.54177096990566, 73.37404285958625, 81.03789201109913, 89.0633633478045, 96.33899955545517, 96.31854584274033, 88.79793086417662, 80.85756401636132, 72.97240681700546, 67.25828475565788, 40.15919941440299, 48.70856639319213, 59.476228880752565, 61.09673419697528, 69.01675308129141, 76.75910801094327, 82.28688080549789, 83.4806535319727, 81.86612039559313, 72.92236646361667, 61.489922997646524, 55.369491883582775, 84.23387823849046, 80.71859141868958, 82.07463129769994, 87.17287532749187, 91.12093374453919, 98.11679976811735, 107.14175111515378, 110.08086797946486, 110.34579788496275, 107.6135665139685, 102.67672271629688, 95.22650383547875, 86.55460462956376, 85.50687379711242, 89.88390457047157, 94.49046619043921, 104.53403774965369, 103.61168317113629, 99.21320270351777, 95.21688968060641, 43.555981161534966, 61.62202110320122, 78.8428653641329, 91.38008265007245, 105.12208831240557, 121.31289989680093, 132.26159039310068, 136.28037166956742, 151.49327897616996, 147.1077090767812, 141.15059281232422, 133.47004641100523, 129.44700039665938, 122.52709968410835, 113.00890557121234], [18.27597949632629, 13.026169587839933, 15.68898991168335, 26.603736643681803, 24.702338840058545, 23.46176996629574, 24.6668937368902, 55.68354292217683, 61.041254997796784, 70.75312745283225, 78.40587381181143, 86.21569113637058, 80.40678496490372, 73.68070416341313, 64.55081885239129, 19.099031243643196, 12.703897075453702, 7.733970082422679, 14.4387588055961, 27.434513805960123, 23.580217829687683, 11.493126221929387, 0.0, 9.236744854423609, 17.12788142342614, 55.96761186240168, 63.09406563410462, 71.08929499200632, 79.66706807658548, 87.24341091211478, 87.0462500093629, 79.08189568911389, 70.7398651489036, 62.57786361673446, 56.65778184452259, 29.313897689825883, 38.55959665704626, 50.18230272437225, 54.04111233480004, 61.706868556145416, 68.44988037377954, 73.14478373918895, 74.24347974668254, 72.17202151374289, 62.4782965176674, 50.672301844203474, 44.39644035254978, 80.27049962753682, 75.18003543096461, 74.92968672596093, 79.33078818007674, 82.65380468298687, 89.68713803933863, 99.25642137820154, 102.62507511846385, 103.40719242890567, 101.2601507741705, 97.1775791649954, 90.56359649739917, 82.08852160845879, 78.92104497858841, 82.41571242641758, 86.44977785550876, 96.79544506905309, 96.34453495544116, 92.53642463416351, 89.41104027713446, 53.24641694171313, 68.82880552293197, 83.22250719367347, 94.22418530784145, 106.98258225930839, 122.2318131672057, 131.5153015134987, 131.20275891300187, 146.52460404323722, 140.97441199344556, 134.46177373810792, 126.65313304263523, 122.26696272601512, 115.11191920419913, 105.46209108945513], [15.45841901795465, 14.626383749397013, 20.821230693607596, 32.541022064346734, 28.04278278969514, 24.05959288437271, 22.399465251390936, 47.68184759907487, 52.72167965580783, 62.310985969603735, 70.14356544890327, 78.29258925174601, 72.2489961714742, 65.43370913832993, 56.43762333195376, 10.3397682865278, 6.999136257507353, 11.201677163335143, 22.856976841401966, 36.12282155739557, 32.445514854748566, 20.665267008585538, 9.236744854423609, 0.0, 7.958784611817626, 47.17049556244904, 54.49400414149053, 62.70590356661645, 71.6741727806031, 79.4643426725794, 79.14726381679381, 70.84930717786565, 62.22971852148567, 53.89723799791765, 47.837645175103404, 21.063877366330114, 31.55401795237998, 44.222540392738374, 50.22728847296014, 57.481618948848556, 63.17997053938512, 66.87980512110185, 67.68764466830318, 65.05620177921061, 54.87224114993108, 42.33240020355182, 35.52629978995529, 78.75379613399018, 72.42174961259394, 70.7035083637585, 74.32427246962764, 76.90172808509583, 83.77512002942595, 93.596853377919, 97.47588697915049, 98.89770275124276, 97.36115517202492, 94.13135688031205, 88.29832842172277, 80.05988813003125, 75.10063176673881, 77.69826831153786, 81.04693432836956, 91.33181832697909, 91.53762000087191, 88.38930383288148, 86.13333869243084, 60.96591103063338, 75.08742016867525, 87.59028968586888, 97.4624414852202, 109.48372747305372, 123.86461002388565, 131.81087705034525, 128.12338090181112, 143.0009651931325, 136.24972971185738, 129.18989833282765, 121.13718386014968, 116.33159805996982, 108.78092108412444, 98.88679299191206], [15.830754297265342, 18.776498636035317, 26.254344111719686, 37.819719687989334, 31.754804797813055, 26.03340165006926, 22.026170630302424, 40.52142144384682, 45.37158676597818, 54.905527459241306, 62.86038999082449, 71.22371972264699, 64.93029013999234, 58.0138135968054, 49.132539099215606, 6.009283672523789, 10.402892265181402, 18.363994174691115, 30.629033232849206, 43.58524249202442, 39.93687739776645, 28.50474171119638, 17.12788142342614, 7.958784611817626, 0.0, 39.93978578518192, 47.4804966023222, 55.83403644254953, 65.11682714327627, 72.92798702865089, 72.40932457985757, 63.946078790858586, 55.10727790306601, 46.54301906699939, 40.419071933909876, 14.010250775960042, 25.77094053301076, 39.33074107567538, 47.024703697036976, 53.772210070107654, 58.51707351566396, 61.25280438586996, 61.68842376424809, 58.55277508920897, 48.21555970963629, 34.90499822560879, 27.685440289844912, 77.0704725178739, 69.78946383302988, 66.84232187200196, 69.71653755534976, 71.57320762036485, 78.19411664396455, 88.10639031568093, 92.43302667933132, 94.45420823394124, 93.47140941666318, 91.01267320645714, 85.87718293557684, 77.89864807092296, 71.49399726199943, 73.28227818394797, 75.96481494821761, 86.02712674763089, 86.86344967613513, 84.3340690996738, 82.86026515884565, 67.40393524747505, 79.9729194826671, 90.71315444383367, 99.54360761443027, 110.86918609062437, 124.42480757280174, 131.19357711432852, 124.72369403586471, 139.08077338492575, 131.36071404960978, 123.88537963065565, 115.70046637209673, 110.62382814160122, 102.94940166133303, 93.17241150605759], [49.908839664608834, 56.68899737882574, 64.56205340159138, 74.62723320627195, 67.9594047206589, 60.65393565406951, 53.127207879595076, 25.594917157276385, 20.66949535722017, 23.151708578307844, 30.790537231474396, 40.95383258199811, 36.288972094104224, 32.104585959113365, 28.38237360794044, 38.18384635497714, 45.61291837886633, 54.5822425989747, 66.95167343924079, 79.32811134070616, 76.91747062019013, 66.54177096990566, 55.96761186240168, 47.17049556244904, 39.93978578518192, 0.0, 8.040130764108133, 17.027687824445042, 27.82601658546981, 37.15574467960331, 36.97706166785291, 26.314316555973438, 16.59051658579756, 9.849122467623447, 4.598416383327309, 34.388434264964275, 41.767598484046474, 52.75124141512742, 64.6884643849089, 67.73423037523054, 67.07252302964072, 63.213880928406965, 60.10698945577622, 53.36882497732876, 46.423010693328045, 31.373859080301504, 20.568729787908733, 95.07569