{
	"dissimilarities": [[0.0, 8.616077617979542, 15.941093660497891, 25.311658345608468, 18.630737577175015, 12.610349671699119, 7.392129662711551, 42.07718243650767, 49.05786771037855, 59.51780405111759, 66.69259480910196, 73.57401367894349, 67.2083046549535, 60.39156673469186, 50.79285608776326, 21.727687061824458, 22.27045791683101, 23.5876049050595, 30.765761139212113, 38.17307966844074, 34.39463433406318, 26.21707641265298, 18.280003378300865, 14.279396464113809, 14.731021252253015, 49.9230459113751, 56.80213682396842, 64.63126323089273, 72.87844557506985, 78.85777274084123, 77.66817495443408, 71.03000574624812, 62.7329488436472, 54.26072939538844, 49.14019489072771, 17.998118932251614, 26.96726283018011, 36.836979830557375, 38.34244928189782, 46.04116245167901, 53.48668398168361, 58.11880195444117, 58.4809542558153, 56.31160214534504, 49.21629261738509, 37.69646116014698, 33.83260570632704, 66.15258867112523, 59.82676192626349, 59.477586382363334, 63.94415311892797, 66.41162505503767, 72.7201486138256, 81.41652198623612, 85.9044393295162, 86.77362701514167, 84.65216307204307, 81.10889505223018, 74.77818306286736, 66.27943848335481, 62.98136191612865, 66.7368779193607, 69.8702235272518, 78.99700324129074, 79.18158248128951, 75.80064505124032, 73.11690548579631, 58.61930482629638, 67.40317612821119, 76.07929673948048, 84.2127418337656, 95.36636758309702, 106.77773879873995, 114.3200179189885, 113.97062747325856, 128.3415230815067, 122.71559919514841, 116.71925116381979, 109.63875151007758, 106.81423946880194, 101.03657149028493, 95.0471677673735], [8.616077617979542, 0.0, 8.395233691700664, 19.438872633270552, 14.2753786174587, 11.578590383976369, 12.673407624725561, 50.555269281751805, 57.394492886257396, 67.72378712927856, 75.0610713928014, 82.08775766919813, 75.72126017433477, 68.87857388805912, 59.28771042287976, 23.76468811542104, 21.395482397472907, 19.50299105975335, 24.419089047392536, 31.533386352174546, 27.36556187599957, 19.05604263572269, 13.020796069529197, 13.534079733548271, 17.97154610234384, 56.68374518073182, 63.73036208780786, 71.74997747472105, 80.15846326171311, 86.5532273760414, 85.5906244894512, 78.62865694293976, 70.23991228937892, 61.762020086448175, 56.33064375649959, 24.947161761372335, 32.91569767919535, 41.50340904704194, 42.40299745356607, 50.372369144064976, 58.24504298794529, 63.80278733209623, 65.12705955739078, 63.55793995661975, 55.55320224794483, 45.046730109057485, 41.347918166945874, 68.74209390279137, 63.00231276760778, 63.65105843204989, 68.96946337573323, 72.18974181038753, 79.07722682109923, 88.220240256031, 91.9890367139601, 92.02562768887458, 89.18981270630414, 84.82625638058109, 77.9460074642263, 69.36261546834697, 67.15688189971176, 71.72058246538462, 75.56513077755451, 85.57865775942712, 84.70774338943619, 80.59887024450862, 77.11356793073035, 53.70576770359531, 64.21216702571834, 74.69256011770108, 83.82708073082274, 95.48890186439806, 107.95036414741541, 116.63365369150905, 118.24972020693815, 134.21417320350724, 129.8148995961355, 124.27790618938242, 117.53037419308184, 114.99364944297889, 109.30330854359565, 102.93220081058925], [15.941093660497891, 8.395233691700664, 0.0, 11.600226674374298, 9.497351475774023, 12.309752669624846, 17.46342662148371, 57.87494384308745, 64.94639435396525, 75.41269133172725, 82.49972087892178, 89.13978309035788, 82.92223716847847, 76.10270583735328, 66.52173874514439, 31.509910304738224, 27.865219882658543, 23.455396105194662, 23.58676968916655, 26.836029541515007, 22.368971166701144, 17.371588533185587, 16.7722879589206, 20.75338932909326, 26.184806560629315, 64.9663388728675, 71.93233284685441, 79.8075804969033, 87.95790066825259, 94.0571570387683, 93.07771110707324, 86.46975827751955, 78.26441994332107, 69.8654019104406, 64.55784192030887, 33.06677100738771, 39.67556152690994, 46.603055988257566, 45.01174432108741, 53.14563105398963, 61.964641222111936, 68.47792732006263, 70.13104383737938, 69.17982018585828, 61.93588949457524, 52.45190613017323, 49.46682889814631, 68.1429014287639, 63.785895113238276, 66.06333888394286, 72.22585058635583, 76.1070178365783, 83.07780008562857, 91.89799845425277, 94.96122013574367, 94.3422188931474, 90.80443096883187, 85.5623592735724, 77.92849839069177, 69.23006625518532, 69.04278095718506, 74.61446533725585, 79.04696605830806, 89.05342277639303, 87.3862075065584, 82.5983342414623, 78.20660924903883, 47.83403851367482, 57.60393852924787, 68.81045109950404, 78.67698121037303, 90.82051211780556, 104.1917638751675, 114.0912020712945, 118.68444327418933, 135.41715113932324, 132.53581216972287, 127.69997716301867, 121.49068262904186, 119.6549179123375, 114.8565986544865, 109.255951744567], [25.311658345608468, 19.438872633270552, 11.600226674374298, 0.0, 11.673882355405587, 18.703499123440967, 24.85171138298147, 65.49377329546772, 72.81679750587786, 83.43033669089267, 89.92761716284079, 95.75576170567176, 89.98751776753524, 83.4106551805736, 73.92631482180293, 42.63209559357524, 38.647578531900315, 33.0341050891467, 28.64724568386917, 24.80695041990553, 20.949254399958154, 22.910900504969117, 26.747101626968927, 31.7766656323245, 37.199175163798415, 74.72410039103647, 81.37885557639524, 88.79008377727104, 96.2574356679989, 101.55018294282118, 100.48354306622677, 94.75794232133184, 87.05149070022394, 78.90834830965834, 74.03149323270746, 43.12466195989368, 48.90343055008473, 54.408119016490836, 49.30006662654864, 57.36626437220235, 67.3828856390049, 74.65988475852774, 75.9815127142869, 75.5139947647519, 70.28720248330873, 61.465564345639784, 59.02766761850132, 67.14347945010854, 65.16659946820067, 69.62243744260513, 76.48344645744218, 80.81494370788252, 87.29427728606963, 94.89514190103984, 97.36683259711923, 96.37485154555105, 92.21450119747333, 86.07850714373373, 77.4829957573794, 68.68365868906905, 71.55278480824984, 78.21310103907724, 83.00482694479219, 91.92879747754115, 89.8883690252262, 84.56219409871734, 79.21008270539238, 39.81269077928497, 46.500946121321505, 58.38547548754935, 69.3683049206125, 82.4340156422246, 96.86440828631837, 108.44169451050415, 117.71351582221735, 133.87991443830444, 132.6401152174622, 128.6655810799768, 122.99398066171146, 122.03005895133445, 118.51718556448064, 114.31744569029736], [18.630737577175015, 14.2753786174587, 9.497351475774023, 11.673882355405587, 0.0, 8.05662497945902, 16.051985025962647, 57.85152793304738, 65.54262243190608, 76.32954592799841, 82.96105664999429, 88.97754590449381, 82.54192756783334, 75.44774162880398, 66.06097128682394, 37.59053789759507, 35.41677717041129, 32.32823540004387, 32.95343197781325, 34.0865895705506, 29.724445119184043, 26.679116497457443, 25.604588816418318, 27.705325955105764, 31.381727314143486, 68.28352276003972, 75.19950979789698, 82.99225484439154, 91.05734257724482, 96.42638354389263, 94.94775783597207, 88.95692237250722, 80.77518078176432, 72.26327570898478, 67.30350044935273, 34.87130183187687, 38.32366408022431, 42.87888147480396, 38.2132745181998, 46.323966600568774, 56.00516420415697, 63.32286540588865, 65.1639650722274, 65.0205881907384, 59.23615075881946, 51.630248546766346, 50.91251534234627, 59.026736879593344, 55.390911081779876, 58.80616548811682, 65.53573785229, 69.92349701042511, 76.88187034078454, 85.50983994796965, 87.824361684002, 86.64963912033208, 82.66410697480372, 76.96100589975381, 68.99911262879466, 60.28422326305104, 61.265843112276315, 67.54444893650232, 72.40015657700687, 82.45509335867692, 80.00132725272402, 74.74577570692419, 69.82003731786683, 51.29433099218211, 55.588935328057296, 62.96349341671827, 71.34281603993207, 82.59264657300159, 95.58089051733197, 105.10782959661303, 109.89986658725987, 127.82193429832711, 126.40352153665879, 122.35913953605957, 117.25131943847776, 116.68099723474671, 113.87004627142721, 110.49672192519843], [12.610349671699119, 11.578590383976369, 12.309752669624846, 18.703499123440967, 8.05662497945902, 0.0, 8.621079306332707, 50.24218975949478, 57.97224322062845, 68.76116349008022, 75.48932993775789, 81.69297561947617, 75.02327154820927, 67.78867118683505, 58.416168429418875, 32.40583129930303, 31.83012516967687, 30.918373135874027, 34.824686031580846, 38.753772912935716, 34.43100714615283, 28.87833678716545, 24.44808036548025, 23.794664691738063, 25.697516000148653, 61.03400925918174, 67.97458585403767, 75.8451476156774, 84.10166948974319, 89.50919813144517, 87.89095289874633, 81.76772249131709, 73.43552861267142, 64.82794610808237, 59.89596392785816, 27.28991110374528, 30.48179567089301, 35.93746101590452, 32.89084556755434, 41.03981091608667, 50.10841046488993, 56.72953905153865, 58.28245518865084, 57.73446902844578, 51.605798994579246, 43.5788820630236, 43.125509890362046, 57.309649691264966, 52.18509863668699, 54.05168398783632, 60.069842203342105, 63.918503400385845, 70.84630541210008, 79.83481892275188, 82.73268569537335, 82.12958850429658, 78.78638564077099, 73.92504048531993, 66.69986785726836, 58.059927120133814, 56.99815721200062, 62.39675892685169, 66.76460805849277, 76.91969331665004, 75.1142021006558, 70.45368578455724, 66.3814945524645, 57.16286378837591, 61.71519848203124, 67.84907037267604, 75.16569919500203, 85.69449838446133, 97.57529194234579, 105.6829495651678, 107.26986516954858, 124.66935292334448, 121.99262803082237, 117.40178436680421, 112.00544428450539, 111.05063694424557, 107.87884816750042, 104.37387538512797], [7.392129662711551, 12.673407624725561, 17.46342662148371, 24.85171138298147, 16.051985025962647, 8.621079306332707, 0.0, 41.865005524342045, 49.51593184880013, 60.299877995492906, 67.01193786595509, 73.28469111018481, 66.7209903832395, 59.630408602885495, 50.17397316670816, 28.07647588164259, 29.25000602826894, 30.43878077325534, 36.578473768253566, 42.102579736407414, 38.14401885057815, 31.407161460055715, 24.682564217871423, 21.256515518537885, 20.9080981703484, 53.16477522368729, 59.91404105979263, 67.58320617284933, 75.66773785023814, 80.92114392841674, 79.27884228776956, 73.27070934044764, 65.06085200093617, 56.54508245526519, 51.825058793661874, 20.197721315531957, 25.285546350245113, 33.10486940426346, 31.958831056567803, 39.82000765243735, 48.095636877330094, 53.38478567014878, 53.78863848521747, 52.258530368681214, 46.56844350004425, 36.722766152951856, 35.32368495280503, 58.82411730808314, 52.848101319478964, 53.19385922933376, 58.05345696443469, 60.876621663603515, 67.171458534546, 75.72634107555194, 79.71702016278722, 80.24941068745439, 77.85222095223375, 74.04829431450932, 67.52255943912229, 58.97274715295305, 56.32455910726884, 60.57001308281516, 63.99195348853082, 73.1311340227764, 72.80597475915758, 69.1187985863211, 66.11740129978544, 60.48889632682238, 65.69363882461865, 71.69098198255153, 78.66844586464121, 89.1081983254046, 100.09339222097562, 107.22964099327605, 106.82760934883548, 121.98189732861569, 117.41417737083569, 112.01612881412137, 105.80109268837339, 104.03091514261638, 99.96691274854, 95.9657772736753], [42.07718243650767, 50.555269281751805, 57.87494384308745, 65.49377329546772, 57.85152793304738, 50.24218975949478, 41.865005524342045, 0.0, 8.421332783595064, 19.21206277275449, 25.408093828535094, 32.34972980216303, 25.239159422987623, 18.50116323394967, 8.926886014937125, 42.56360075434448, 49.867338998550245, 57.294030814487094, 68.11617818219122, 76.96389585354612, 74.14480204843356, 65.63374160879192, 55.67448773296042, 47.237581571841666, 40.015865543774375, 25.63292860067214, 28.60962182869863, 33.39155585096862, 39.983792830089904, 43.10065971068718, 40.18207445612571, 35.53304869734908, 28.44552105023209, 21.652935040518663, 21.379099999638477, 28.72132173872912, 30.996513467487496, 39.93914051087079, 46.64327487309609, 48.94224427895473, 49.65366256060674, 46.17648030887266, 40.305996152333236, 33.31199769055331, 33.31571858291509, 19.604141881850627, 16.320287733970037, 73.74142845793689, 64.95218385172372, 58.30425079457931, 56.22531547113351, 53.06023490867581, 54.67044827613582, 60.153587273843186, 69.11143584269618, 75.00824142987086, 77.615173237226, 79.49621013688112, 77.62960476973906, 71.45597060327377, 61.66152612147011, 59.13375181647467, 56.97570182837014, 59.777987126319246, 66.76156609040889, 68.58917625198794, 71.36510963494712, 93.46534847778574, 98.2037352547529, 100.67073580052842, 104.26832079569051, 112.13061896298679, 117.95443227253028, 119.16474237347221, 106.54796994663543, 111.94451469825545, 98.20509907986703, 88.85632563993948, 79.3672313408488, 73.55482543035107, 65.50567559347105, 60.432585622986636], [49.05786771037855, 57.394492886257396, 64.94639435396525, 72.81679750587786, 65.54262243190608, 57.97224322062845, 49.51593184880013, 8.421332783595064, 0.0, 10.919665730424992, 17.89117984192753, 26.06954845054716, 19.31371854268851, 14.067968064203658, 7.411017484548596, 46.86306819673412, 54.34753049281788, 62.197652657344356, 73.3201058575815, 82.7154886967547, 80.13020741432851, 71.38286947141142, 61.29846306491496, 52.732806662287615, 45.37437244243853, 21.83521230243216, 22.753298732734073, 26.077640787378677, 32.11107929378083, 35.116701099760725, 32.15389706545549, 27.323832958256094, 20.66953867406029, 15.223197574044294, 17.280083869097652, 34.98132784375809, 37.888306979366824, 46.831264579412974, 54.59550785847564, 56.44599952555017, 56.145616195294046, 51.5582131733925, 45.28847927845271, 37.797221844369595, 37.87469683857233, 25.042015041169527, 20.314830718210228, 81.3936289423868, 72.43279960136474, 65.11977987235665, 62.235434557454234, 58.31862355806466, 59.15674529062397, 63.893145608840946, 73.5067338432992, 80.13772691909632, 83.44595727928932, 86.05215841151583, 84.77259978756892, 78.9428984592487, 68.53223952008283, 65.18176782436908, 62.295945315367675, 64.00098334201115, 72.00461608735117, 74.60594519657808, 78.07099755702565, 99.26418448928546, 105.04733907901428, 108.10334322065253, 111.81464287658154, 119.69607512052359, 125.12715145387665, 125.8456566737559, 111.92354733608619, 115.33171711362272, 99.67752290399208, 89.42197460071525, 78.91164300898045, 71.57731334725263, 61.32783564015505, 54.285168321986454], [59.51780405111759, 67.72378712927856, 75.41269133172725, 83.43033669089267, 76.32954592799841, 68.76116349008022, 60.299877995492906, 19.21206277275449, 10.919665730424992, 0.0, 8.87283990345819, 18.829981802397366, 13.318890279424258, 12.561232954451725, 14.074855159971595, 55.28439645836374, 62.85878754186676, 71.03548670005071, 82.39083515717395, 92.21119050999656, 89.82039504855733, 80.90116849345533, 70.73971644968766, 62.11229640781293, 54.69105914416381, 23.16997575279221, 20.48291068368932, 20.156996059795762, 24.23525249522344, 26.18465811659862, 22.75891224908012, 18.410942266222715, 13.930299742974164, 13.61706512075117, 19.1791302538959, 44.91853576779168, 47.53683620634635, 55.83863917042924, 64.38089438829907, 65.5153358618036, 63.97145074807095, 58.080176165129714, 51.33803535855002, 43.555438288465034, 44.34326171088321, 33.5691294378116, 29.165068803389197, 90.3801890987317, 81.23037247066189, 73.10928219162953, 69.18320045684314, 64.34654624393775, 64.1252172635675, 67.82541831809101, 78.08861431690138, 85.58617914908503, 89.80169379511555, 93.38898949951526, 92.96320333531422, 87.68377443008782, 76.49019683228441, 72.08941546450974, 68.2824463796381, 68.53738787823825, 77.70467720795887, 81.30236786746596, 85.67851206111122, 108.62701609250358, 114.95042196661304, 118.03324988788631, 121.48760179136256, 129.06566936037743, 133.73994879647765, 133.53067328838392, 117.4889779074099, 118.51472242583675, 100.60822137180077, 89.35318867232014, 77.90308011030375, 68.93192167016947, 56.41910746375198, 47.548728160120746], [66.69259480910196, 75.0610713928014, 82.49972087892178, 89.92761716284079, 82.96105664999429, 75.48932993775789, 67.01193786595509, 25.408093828535094, 17.89117984192753, 8.87283990345819, 0.0, 10.163843463807973, 7.351998012651391, 12.529261874499868, 18.423830435651187, 63.74908272130996, 71.20082398387554, 79.13908477576395, 90.05822563584789, 99.18208390031144, 96.89095304910732, 88.50053429905518, 78.61855647756397, 70.14295277924853, 62.846573930048855, 31.582289284946693, 27.811917673602046, 24.947192380837848, 25.28609994136055, 23.240299171616403, 18.58719788359507, 19.087143467061225, 19.148177359354754, 21.78121306141791, 27.820272215554628, 52.82047086638737, 54.77381283611102, 62.091737751522416, 69.38046385813595, 69.90575520267689, 68.08960293486561, 61.569304146579654, 53.789074723603534, 45.95908578168715, 49.645432442470764, 40.55549925402794, 37.47207592338041, 93.1409568758545, 84.56888190459408, 76.49302974043117, 71.87591711708092, 66.33722472765616, 64.66678046894657, 66.3918023759176, 77.2586873155818, 85.6949910186537, 90.6348104832227, 94.93452859987389, 95.01137102319565, 90.19700503115457, 79.28989523653276, 74.35936360794065, 69.75564215856333, 67.62933618491564, 78.11663785769007, 82.55330491552924, 87.53463662816489, 114.20015819192662, 119.13439002627675, 121.04158766276507, 123.77039831387201, 130.8262411850787, 134.51778172871082, 133.4325448429135, 116.60656665995812, 114.6304880886827, 95.0977516123442, 83.23000961752857, 71.14240697116108, 61.36061849925272, 48.39651059765728, 41.007142285603905], [73.57401367894349, 82.08775766919813, 89.13978309035788, 95.75576170567176, 88.97754590449381, 81.69297561947617, 73.28469111018481, 32.34972980216303, 26.06954845054716, 18.829981802397366, 10.163843463807973, 0.0, 9.060499044453238, 17.299774164156823, 24.718043859246368, 72.55538074556809, 79.82387416491605, 87.38261591121439, 97.68365217440041, 105.8102390885162, 103.60447689566263, 95.9422272242193, 86.46015649033012, 78.22013727699824, 71.12254162277794, 41.603054954923046, 37.6260364211306, 33.70908767911641, 31.410733072375024, 25.55887138195288, 20.30012587023364, 25.773447764771827, 28.430655223444816, 31.792849116529997, 37.81859171529555, 60.78785200570128, 62.09627082132012, 68.3817565107601, 73.86779381960578, 73.8296280211017, 72.05294450332224, 65.21229832996072, 56.39584329657022, 48.78557199932737, 55.65355155357255, 48.06047661204338, 46.21151632500901, 94.70024198156847, 87.04407067615965, 79.36604248440572, 74.222518233009, 68.1203356258711, 64.85023321825676, 64.07151771063837, 75.45892865339196, 84.85153022082518, 90.45214720651634, 95.37065430674521, 95.84998643856868, 91.5290195455115, 81.37305761558642, 76.12740776966724, 70.80723128238155, 65.84833047460242, 77.69100660589037, 82.91194281043698, 88.3720594290577, 119.03310314565019, 122.00114440533982, 122.35164697303125, 124.18062344556009, 130.5994369539305, 133.17047204231503, 131.1888177665112, 114.09669109338572, 108.55241356081672, 87.41407449190092, 74.97752500379583, 62.20235216865198, 51.70093019978704, 38.937855440060815, 35.3034794248844], [67.2083046549535, 75.72126017433477, 82.92223716847847, 89.98751776753524, 82.54192756783334, 75.02327154820927, 66.7209903832395, 25.239159422987623, 19.31371854268851, 13.318890279424258, 7.351998012651391, 9.060499044453238, 0.0, 8.428858865521356, 16.86636907370312, 66.12723897834408, 73.65906522458548, 81.46908924632454, 92.31233332554915, 100.96597953119323, 98.46824641602413, 90.27731116534463, 80.3999228528448, 71.90886534897028, 64.56502033254642, 36.347944673986355, 33.60011424161892, 31.79656303929992, 32.61423809900336, 29.863559766810617, 24.882390249048683, 26.363123194884743, 25.759901810930373, 26.911118270827505, 32.21184199512216, 53.576816124126765, 53.80366913809645, 59.72479282121938, 66.01643961046842, 65.87990474748128, 63.72308235371416, 56.84037441845272, 48.45046594715112, 40.71200203376262, 46.649854273107444, 39.4317829144379, 38.718010420985294, 88.15676285239, 79.74947670534057, 71.5755076111969, 66.51033906441353, 60.60677463024778, 58.240196757801044, 59.34105547337917, 70.32574007706785, 79.03635312953192, 84.27589551870075, 88.96068338844117, 89.45288957847883, 85.04156299681927, 74.0342623029182, 68.73993627689039, 63.72970208861006, 60.725206275992754, 71.60464958876634, 76.42088269294327, 81.76740756622121, 115.54743568310738, 118.62794083746826, 118.78701475318141, 120.50078988542376, 126.72885639270092, 129.66679021621053, 127.75201628185484, 109.72877570693937, 107.83572848428744, 88.60805553536724, 76.99373110033025, 65.69782366116745, 57.094944586169596, 46.94629489362727, 43.8489808122626], [60.39156673469186, 68.87857388805912, 76.10270583735328, 83.4106551805736, 75.44774162880398, 67.78867118683505, 59.630408602885495, 18.50116323394967, 14.067968064203658, 12.561232954451725, 12.529261874499868, 17.299774164156823, 8.428858865521356, 0.0, 9.620322106410525, 59.84114831620223, 67.49025796780009, 75.34838074937382, 86.46100613970329, 95.32921904086554, 92.58225605224915, 84.10201011165577, 74.01452512513269, 65.41277222143874, 57.95874662753105, 32.96950833013284, 31.974198547259103, 32.59741144645731, 36.0371868009307, 35.59411620881976, 31.088110187102092, 29.860273810983614, 26.327147524264948, 24.608691006955695, 28.527939563858535, 46.368278722487865, 45.62123224784421, 51.29976782440846, 57.99533973553435, 57.94560019410104, 55.81678928514233, 49.24199517277734, 41.28802205733262, 33.459239789767345, 38.506817369236074, 31.213271375095065, 31.76909098659919, 81.31904183848066, 72.3999524434323, 64.06191569403097, 59.347733515998755, 53.863901828683744, 52.55030224525204, 55.44552193607858, 65.88920982956408, 73.80505477423266, 78.48978060723057, 82.7015683052929, 82.94978405876222, 78.31397657760309, 66.88002222476597, 61.84792473647834, 57.35271980560809, 56.32685074724809, 66.0898428116057, 70.29001198339198, 75.27887489349247, 110.82466758667252, 113.80573528891644, 113.80475642554283, 115.49760923953515, 121.66538422169545, 125.07220802890183, 123.48308672227368, 105.48640937366224, 106.8493729389008, 89.65349710087075, 78.93836905808033, 68.90416350958168, 61.967344604101044, 53.85783331427803, 51.30285503253253], [50.79285608776326, 59.28771042287976, 66.52173874514439, 73.92631482180293, 66.06097128682394, 58.416168429418875, 50.17397316670816, 8.926886014937125, 7.411017484548596, 14.074855159971595, 18.423830435651187, 24.718043859246368, 16.86636907370312, 9.620322106410525, 0.0, 50.93055445152116, 58.42897689297826, 66.06722751021947, 77.02124224771413, 85.81589652570538, 83.01631665599581, 74.55579811238502, 64.5416634307858, 56.02433405186953, 48.67776212647354, 28.457671299370435, 29.453945854268916, 32.341607636765076, 37.62448333834496, 39.11756116181944, 35.39704500019048, 32.21195009776622, 26.488488157029366, 21.823312005778064, 23.867727883681724, 37.102899442023045, 37.41435101101466, 44.47874022702731, 51.1220900560334, 52.14326728704273, 51.38278578833974, 46.262513791803414, 39.153191411139574, 31.51341858130858, 34.364422689667784, 23.97542990665406, 23.353541268087735, 76.3358973351292, 67.43819249819444, 59.87692811625101, 56.42808254207167, 52.057922578042266, 52.24554018450404, 56.565697723411326, 66.308850046072, 73.21914821559248, 76.85175884179326, 79.89589706893345, 79.08060050220644, 73.6594218621531, 62.963718487421794, 59.14694479170803, 55.79673992548185, 56.766069599235045, 65.15660310284066, 68.16251557710194, 72.06468752815972, 101.73299182436654, 105.37821435051823, 106.41981968381567, 108.9698341086681, 115.93130927976449, 120.5147035452368, 120.29842740762955, 104.98356424833031, 108.5448847832868, 93.23299200539262, 83.27336984823097, 73.58268304663159, 67.37000199482125, 59.48379902353424, 55.76264117425711], [21.727687061824458, 23.76468811542104, 31.509910304738224, 42.63209559357524, 37.59053789759507, 32.40583129930303, 28.07647588164259, 42.56360075434448, 46.86306819673412, 55.28439645836374, 63.74908272130996, 72.55538074556809, 66.12723897834408, 59.84114831620223, 50.93055445152116, 0.0, 8.236590690903672, 17.53343427442819, 31.371424888340254, 45.36994273498112, 42.38974808059113, 30.294767147463425, 19.093031858493326, 11.016191653300792, 7.200474040266516, 38.17771777403392, 45.492463175160815, 54.146643673686484, 63.65530274571906, 72.1566380198341, 71.95694127794268, 62.90576561508634, 53.95356924153155, 45.707295570023184, 39.320664959888894, 17.758161210613444, 30.193671644153913, 42.759928448387065, 52.00221161449556, 58.465669185965496, 62.456815889503126, 64.74163854115751, 65.62846551503853, 62.1798048593836, 50.486293962693075, 37.10456817846428, 28.722970302024457, 83.6156931196048, 74.89171908899267, 71.32991487844062, 74.15331588817565, 75.4824142497716, 82.15356301674395, 92.29435073196228, 97.7918790998812, 99.32345468952253, 98.248624227189, 96.06265257120461, 91.23044089431346, 83.35119376089537, 76.28281224641599, 77.93473892602222, 80.1368016926277, 90.33301718743989, 91.38239544445801, 89.07909836142386, 87.90652759242332, 70.23770328484184, 85.51924068260075, 97.15524821281824, 105.89238885778906, 117.03247263592122, 128.13040801744552, 134.70472546334707, 129.79358375866371, 144.02533682368684, 135.51464898082176, 127.93007378136394, 119.34506808314232, 114.12466371396411, 104.42562360354415, 93.59866108104845], [22.27045791683101, 21.395482397472907, 27.865219882658543, 38.647578531900315, 35.41677717041129, 31.83012516967687, 29.25000602826894, 49.867338998550245, 54.34753049281788, 62.85878754186676, 71.20082398387554, 79.82387416491605, 73.65906522458548, 67.49025796780009, 58.42897689297826, 8.236590690903672, 0.0, 9.531810503854242, 23.59864953374195, 38.33655989511934, 35.503357790038656, 23.112355757819888, 12.692339853235493, 8.18503812284946, 11.294397695571952, 45.60878804237704, 52.69543112337249, 61.07970377771495, 70.2154962185373, 78.71662966577814, 78.76492446556597, 69.86895464313614, 61.2151839082319, 53.217422514801164, 46.932951119814796, 24.340304991037254, 36.336966921028356, 48.087435130023835, 55.83643553918425, 62.819504017639474, 67.71484005024449, 70.90473765814048, 72.1710132867089, 69.11998531385713, 57.60186919037629, 44.74309110810786, 36.70381224293049, 86.27887965195697, 78.33002898480375, 75.89038557406934, 79.4953045711454, 81.41330532186126, 88.33712596454438, 98.40747291464666, 103.50090046651607, 104.55883150964898, 102.91891867086024, 100.0061767679323, 94.51194159931373, 86.38054831967176, 80.63631563534794, 83.12193600824686, 85.86372536151434, 96.27497842828812, 96.75846298386544, 93.87914591156864, 91.97567391948388, 64.2223250193111, 81.4382417833786, 94.96286927385823, 104.77182380267712, 116.63097610777719, 128.67756661390806, 136.44316033146583, 133.9953106646437, 148.72958169141089, 141.0626890721594, 133.80534152616565, 125.26387264745976, 120.19487548798783, 110.49388983108562, 99.37873297282346], [23.5876049050595, 19.50299105975335, 23.455396105194662, 33.0341050891467, 32.32823540004387, 30.918373135874027, 30.43878077325534, 57.294030814487094, 62.197652657344356, 71.03548670005071, 79.13908477576395, 87.38261591121439, 81.46908924632454, 75.34838074937382, 66.06722751021947, 17.53343427442819, 9.531810503854242, 0.0, 14.208113737368414, 29.368326675739002, 26.62450973334123, 14.146918200364558, 6.750867364070485, 11.126969926157482, 18.232377276647416, 54.50656477276899, 61.40040413680955, 69.48013962701789, 78.13641474289211, 86.30798949480703, 86.45644477160621, 78.00050673006021, 69.66939530256028, 61.814528214888284, 55.72925302595445, 31.425927287302645, 42.83119335148715, 53.59740439559248, 59.12111850589801, 66.61569308498812, 72.66810151482507, 76.88854875551084, 78.38964967203962, 75.8060024578395, 64.98615104343298, 52.637688824709514, 45.163591836646624, 87.59853803652774, 80.7925460514481, 79.81870782952284, 84.30071554984993, 86.86036347849716, 93.9221291342638, 103.68906873469089, 108.29412802074985, 108.84650209654512, 106.5588193191972, 102.79893766253244, 96.50324685379701, 88.11004416404728, 84.15823419772745, 87.6463780420819, 90.96464463291267, 101.36037102240073, 101.24911440816072, 97.72527861569918, 94.95846357814875, 56.11766286056028, 74.92699869884146, 90.30989543079394, 101.23409725264773, 113.8522425376563, 126.91090315697487, 136.04616113097558, 136.7517206523709, 151.86081887102083, 145.35593973211624, 138.60736715725668, 130.27024220783326, 125.61228168183901, 116.35790658017785, 105.55294287338361], [30.765761139212113, 24.419089047392536, 23.58676968916655, 28.64724568386917, 32.95343197781325, 34.824686031580846, 36.578473768253566, 68.11617818219122, 73.3201058575815, 82.39083515717395, 90.05822563584789, 97.68365217440041, 92.31233332554915, 86.46100613970329, 77.02124224771413, 31.371424888340254, 23.59864953374195, 14.208113737368414, 0.0, 16.044452836731764, 14.229612318225996, 6.377889680980456, 14.508847027277428, 23.098510144589415, 30.84135311253244, 66.99222277099368, 73.50258516668828, 81.01414275000185, 88.82419508338312, 96.3982258619922, 96.72406764051632, 89.0239861083702, 81.29585043407803, 73.77912248985362, 68.07021194305369, 43.30276152472392, 54.33684873480657, 64.1211199397098, 66.62434573331888, 74.56926860337018, 82.03163055428047, 87.26981281657528, 88.66085593430265, 86.46147072451609, 77.0182148594603, 64.89225484547559, 57.64655335411428, 91.68758886236574, 86.75117904422626, 87.75078410131913, 93.145439993314, 96.29837650104265, 103.19595389622417, 112.10845457531806, 116.2723905019459, 116.43022858627621, 113.45013492912803, 108.69930594419992, 101.35959971582456, 92.68589828389216, 91.36243286302177, 96.02606933370208, 99.86092524284572, 109.62348242000633, 109.11958336291909, 104.94955310338092, 101.16289173606656, 43.57194073512838, 65.41914106191724, 84.07807986725464, 96.83209677063512, 110.70416152520569, 125.1375184198591, 136.30945417529946, 141.91259892012755, 156.5282287433519, 151.30810451314204, 145.15968117391745, 136.89767704191124, 132.61669316845087, 123.77684105269415, 113.30668776256302], [38.17307966844074, 31.533386352174546, 26.836029541515007, 24.80695041990553, 34.0865895705506, 38.753772912935716, 42.102579736407414, 76.96389585354612, 82.7154886967547, 92.21119050999656, 99.18208390031144, 105.8102390885162, 100.96597953119323, 95.32921904086554, 85.81589652570538, 45.36994273498112, 38.33655989511934, 29.368326675739002, 16.044452836731764, 0.0, 4.723235162773606, 16.309707046720643, 27.252697118561223, 35.72494278637739, 43.21816965724373, 79.31211715392382, 85.49336833221808, 92.42986582600238, 99.32564196311144, 105.7563339515421, 105.94283884044407, 99.45084121516123, 92.33577492379072, 85.02983589348729, 79.86608987427601, 54.03567768241415, 64.25444737865675, 72.83440213952609, 71.59524082495653, 79.75387857545803, 88.73105122907067, 94.92360241289647, 95.88571254978241, 94.15426622882417, 86.95902277085564, 75.27560637782693, 68.82369703546128, 91.90155392166497, 89.36061819331266, 92.60509801419394, 98.80743786352862, 102.46028558668404, 108.85413364764896, 116.39941158018507, 120.0371270976951, 119.88867926490157, 116.26176882510123, 110.5606854618314, 102.16570222468052, 93.33526652562708, 95.15325821684206, 101.01355671001211, 105.24481584100897, 113.78210491919411, 113.00173904144076, 108.26674689816183, 103.4658933720865, 28.00794416160003, 51.274635593840536, 72.7156986095203, 87.12154706167847, 102.15525098583167, 117.7427537344072, 130.92956548301748, 142.1099581557574, 155.62286843253128, 152.09167247419754, 146.85367329376854, 139.03469424289344, 135.64383647779147, 128.18225424968136, 119.36340559953545], [34.39463433406318, 27.36556187599957, 22.368971166701144, 20.949254399958154, 29.724445119184043, 34.43100714615283, 38.14401885057815, 74.14480204843356, 80.13020741432851, 89.82039504855733, 96.89095304910732, 103.60447689566263, 98.46824641602413, 92.58225605224915, 83.01631665599581, 42.38974808059113, 35.503357790038656, 26.62450973334123, 14.229612318225996, 4.723235162773606, 0.0, 12.856618098351138, 23.791839237310473, 32.341728561727145, 39.887505125504596, 77.03396750044615, 83.42636464215153, 90.61807347385667, 97.83751523536455, 104.33004278990548, 104.33147108098368, 97.70248276956545, 90.3161533786848, 82.76229816784159, 77.48551591297293, 50.50236626878123, 60.18773884494299, 68.45101680343265, 67.24533125798143, 75.39828288909314, 84.32650571832458, 90.64210771797732, 91.85187248076596, 90.30182075067346, 82.89583646907892, 71.63202638944988, 65.71059693017939, 87.91036280973837, 85.0861606743203, 88.2234074962408, 94.4919794340364, 98.25954340111241, 104.84499660324778, 112.72442863319405, 116.1819309287913, 115.8430708042188, 112.1516892747639, 106.44515460325096, 98.14319853315297, 89.34300024139488, 90.87502861218665, 96.74507759254337, 101.08704739258391, 110.04058268670441, 108.97134030170875, 104.14788158184435, 99.34211900821978, 31.171440541938168, 51.95485210840083, 71.8265837688912, 85.57660314768813, 100.15995727523874, 115.51193580332034, 128.24432350220692, 138.38862905991667, 152.7829499193866, 149.507569798435, 144.37811392915015, 136.88312730841156, 133.78916630623834, 126.77913259769358, 118.43865547520006], [26.21707641265298, 19.05604263572269, 17.371588533185587, 22.910900504969117, 26.679116497457443, 28.87833678716545, 31.407161460055715, 65.63374160879192, 71.38286947141142, 80.90116849345533, 88.50053429905518, 95.9422272242193, 90.27731116534463, 84.10201011165577, 74.55579811238502, 30.294767147463425, 23.112355757819888, 14.146918200364558, 6.377889680980456, 16.309707046720643, 12.856618098351138, 0.0, 11.53001265376331, 20.593677458586, 28.480465602287143, 66.55899146660445, 73.30389179548838, 81.03197355052946, 89.05216186068382, 96.32104454851807, 96.29386512232459, 88.78814655717278, 80.82923272128807, 72.9777495219542, 67.27301684090259, 40.167676918649015, 50.21366770392118, 59.29807520064973, 60.93236379531283, 68.93363982246093, 76.71510314747357, 82.35438219067531, 83.94694074988793, 82.115947592612, 73.01040436117303, 61.58214734145107, 55.40715547893317, 85.47607693604691, 80.68481998186355, 82.03477916342271, 87.69382250815644, 91.1079026383199, 98.12328156859988, 107.1294954973996, 110.93314817786025, 110.78913482365911, 107.59391509674919, 102.64576445354226, 95.207983512488, 86.54364684741255, 85.52752430078917, 90.47106809827929, 94.53307641149375, 104.52431086078734, 103.59226779449959, 99.19142470129609, 95.1879486041074, 43.537222040375866, 62.59683240520251, 79.65537826156704, 91.79952400596834, 105.26684122018129, 119.54271781556716, 130.48749066939672, 135.93538567739242, 151.3791692666012, 146.91349640286506, 141.1537176473681, 133.47899000700582, 129.88233772004955, 122.1337795129177, 112.9386262194045], [18.280003378300865, 13.020796069529197, 16.7722879589206, 26.747101626968927, 25.604588816418318, 24.44808036548025, 24.682564217871423, 55.67448773296042, 61.29846306491496, 70.73971644968766, 78.61855647756397, 86.46015649033012, 80.3999228528448, 74.01452512513269, 64.5416634307858, 19.093031858493326, 12.692339853235493, 6.750867364070485, 14.508847027277428, 27.252697118561223, 23.791839237310473, 11.53001265376331, 0.0, 9.177355124529562, 17.131898421757846, 55.964245936399294, 62.97371415034789, 71.07473341682466, 79.65234978403362, 87.22656790435781, 87.01427895607108, 79.06687809097028, 70.69240858359751, 62.56842690268826, 56.65339370692411, 29.30152804102484, 39.88833861656283, 49.98747308713834, 53.917023212141864, 61.62856359791114, 68.38755903291543, 73.17972857544717, 74.68654763518119, 72.47877374273551, 62.534119782752526, 50.72924798749653, 44.40759435273595, 81.45995435621431, 75.14814722126697, 74.87935630825262, 79.75611664577313, 82.62421420107349, 89.67591954108526, 99.23161595023491, 103.49695988867131, 103.79987245854201, 101.23593981552543, 97.15341407991126, 90.55739262220872, 82.07471848566142, 78.91880254506087, 82.88745979927798, 86.46402361205186, 96.77266899545184, 96.32092255762453, 92.51120368687441, 89.3877374114059, 53.2883840393179, 69.86728841589373, 84.13136073985089, 94.72018464953865, 107.17634414014893, 120.22759160279325, 129.4509378922252, 130.94339634702268, 146.41469774073678, 140.7715647631347, 134.48807912771574, 126.68920079970609, 122.77223403959763, 114.72625595368554, 105.40019536935239], [14.279396464113809, 13.534079733548271, 20.75338932909326, 31.7766656323245, 27.705325955105764, 23.794664691738063, 21.256515518537885, 47.237581571841666, 52.732806662287615, 62.11229640781293, 70.14295277924853, 78.22013727699824, 71.90886534897028, 65.41277222143874, 56.02433405186953, 11.016191653300792, 8.18503812284946, 11.126969926157482, 23.098510144589415, 35.72494278637739, 32.341728561727145, 20.593677458586, 9.177355124529562, 0.0, 7.959460852432783, 47.37390487288402, 54.548777229484045, 62.87112325597351, 71.79076783997743, 79.44499659437982, 79.0432372464808, 70.88841963805179, 62.248115899585635, 53.92437438247288, 47.92558844554397, 20.571297751890082, 32.14846818624442, 43.4268815378476, 49.21556891008598, 56.53545471586089, 62.38030240528974, 66.25159827750176, 67.39093441647938, 64.7258198391281, 54.446465032442404, 41.990396125083244, 35.3317753441613, 78.79788898118527, 71.42276791528452, 69.80223869322207, 73.8574261470507, 76.1027238503877, 82.96020075210761, 92.69109547655937, 97.46672566032427, 98.31890626957454, 96.39228256809834, 93.12893760840991, 87.2626133234904, 78.98188564764014, 74.1695234078381, 77.21955342527612, 80.22899356979703, 90.41232103768506, 90.61017669225534, 87.43023586141928, 85.13322318984198, 60.53176737059373, 75.22755276604977, 87.42020886198364, 96.81650489009075, 108.50644299336454, 120.49462781865259, 128.34812268924085, 126.89363833463125, 141.81057964870448, 135.06748678354768, 128.3267358381545, 120.35662493408005, 116.14095659064786, 107.87045657185692, 98.5718215898429], [14.731021252253015, 17.97154610234384, 26.184806560629315, 37.199175163798415, 31.381727314143486, 25.697516000148653, 20.9080981703484, 40.015865543774375, 45.37437244243853, 54.69105914416381, 62.846573930048855, 71.12254162277794, 64.56502033254642, 57.95874662753105, 48.67776212647354, 7.200474040266516, 11.294397695571952, 18.232377276647416, 30.84135311253244, 43.21816965724373, 39.887505125504596, 28.480465602287143, 17.131898421757846, 7.959460852432783, 0.0, 40.19222326139978, 47.5157331161229, 56.03036541110373, 65.25322610864667, 72.9134958520362, 72.29926136831672, 63.99776066183643, 55.11128526237801, 46.5853939832846, 40.535211816066415, 13.311871997259889, 26.068217499915562, 38.48141660143193, 45.99679342333703, 52.790421226482394, 57.673332119990214, 60.57308365734887, 61.286292482819235, 58.15428331682991, 47.66415518628636, 34.49357349678308, 27.450509607136457, 77.01567873650393, 68.77150809957561, 65.90692179913552, 69.12132393751372, 70.72743019143786, 77.3286013512784, 87.14878641111434, 92.40220602053833, 93.78701615518456, 92.47370337957835, 89.99220701904774, 84.82925325310542, 76.80102454914352, 70.52264525691517, 72.66879408011974, 75.09517586456002, 85.05581890240559, 85.89797295297372, 83.3419221498145, 81.83722871850502, 67.02066543535047, 80.15284375833218, 90.59253617235903, 98.93834231536786, 109.9188002401941, 120.93469687922216, 127.56918450369237, 123.53737024711931, 137.85777656015733, 130.13144053502805, 122.99145658184032, 114.88962564127863, 110.42503748383383, 102.00975081710534, 92.83974368396385], [49.9230459113751, 56.68374518073182, 64.9663388728675, 74.72410039103647, 68.28352276003972, 61.03400925918174, 53.16477522368729, 25.63292860067214, 21.83521230243216, 23.16997575279221, 31.582289284946693, 41.603054954923046, 36.347944673986355, 32.96950833013284, 28.457671299370435, 38.17771777403392, 45.60878804237704, 54.50656477276899, 66.99222277099368, 79.31211715392382, 77.03396750044615, 66.55899146660445, 55.964245936399294, 47.37390487288402, 40.19222326139978, 0.0, 7.733252500528415, 17.04762432818664, 27.84453871213565, 37.1713392781974, 36.932531834867994, 26.328623731687326, 16.816895148075613, 9.851604105634824, 4.595981724718886, 34.38835430686351, 41.17775301404357, 52.64774728050028, 64.70758022163842, 67.71814536076529, 67.02836129381727, 63.22144511476878, 59.8717819326881, 53.140250079839866, 45.613421180696214, 31.393065030009822, 20.561799652058887, 95.58659725