{
	"dissimilarities": [[0.0, 7.311771169688912, 16.408794261507975, 24.683480270257153, 17.88131769834486, 11.994893726097116, 8.612401337809393, 43.133766037762584, 49.986799205998466, 59.318080922218726, 67.66622726629433, 74.87547798504131, 67.24019186152523, 60.06305162260708, 50.84261079512764, 20.50513249921575, 20.58922296914541, 21.128760356668202, 26.78103481724873, 33.32075526901606, 30.210599184792876, 22.41823983977765, 15.69433906884791, 12.867718992111616, 14.84657792479021, 49.27454895363452, 56.9649307666615, 63.54199554707495, 72.80385088558272, 78.86265051090315, 78.15938963897585, 70.99626547056137, 63.15847731898153, 54.46375718933694, 47.86576209394457, 20.44974409989976, 27.09419899669658, 37.63365813539417, 39.591044736389506, 47.83942150892743, 55.50814252277944, 59.67969568184965, 59.65368190122194, 57.3245775440537, 48.736605389134304, 37.8820862370301, 35.29427454517671, 66.06824955066119, 62.9219565756212, 63.92375369181807, 67.9042523406093, 71.22219660822991, 74.88081533440455, 81.72735628238135, 84.04410910708202, 84.45227022476435, 81.0695156787911, 77.51840628921062, 71.93357907778545, 67.49703962205972, 67.911089651613, 71.9432423252608, 75.15235553249614, 79.52947842197536, 76.00183526014558, 72.79238811923699, 69.71319696759015, 56.80711519341961, 61.63975723979173, 71.81647104744881, 78.6295297516102, 88.62934022205228, 102.81938084779702, 113.93085516845035, 111.50974145245995, 126.12138642353963, 123.58428793327069, 117.46735518207828, 111.07752812572468, 107.46012808954353, 103.39821423887416, 96.80554818864086], [7.311771169688912, 0.0, 9.442881234207759, 18.525309918707542, 12.465677445651842, 9.471172966990414, 11.875055350674412, 50.37695655764827, 57.2971839962015, 66.62984343915944, 74.96552221667865, 82.07776069756741, 74.48117535749223, 67.29431953827739, 58.04329304378583, 24.365674510355426, 22.129915201835253, 20.043682068314347, 22.581428103930033, 27.66202411951724, 24.208628031432884, 17.206910839914467, 13.569556871539984, 15.095773609393259, 19.77003932368912, 56.193883534500024, 63.87053372487475, 70.5392161078471, 79.82404600398812, 85.99917741088447, 85.35500246477858, 78.18416293104058, 70.30006194103068, 61.63819931967991, 54.95253618675639, 26.94693228537343, 32.36400081661422, 41.4836422590469, 42.08272895797169, 50.56907550167475, 58.84535295248124, 63.972007447008636, 64.59760683345291, 63.013646161421065, 54.17231526566201, 44.409997292387004, 42.359652812498226, 66.72075467914455, 64.39126196652632, 66.44145838667102, 71.1351171917475, 75.10414814717501, 79.32426634180796, 86.48374934386055, 88.01315254316339, 87.81041714791105, 83.76069812239625, 79.47695545411558, 73.29692473662202, 68.7164407697747, 70.15805663293004, 74.98318660671372, 78.82704052959215, 83.97536265310971, 79.6354910084931, 75.79501009157687, 71.89589345049548, 52.09353363371086, 57.35121314293722, 68.6235738542719, 76.17507310731187, 86.68772294403942, 101.73349605674592, 113.86261583858379, 113.47327971492412, 129.5285663939299, 128.2291808868655, 122.66706040961876, 116.69428690539708, 113.53378909281614, 109.91178523609756, 103.50846637461116], [16.408794261507975, 9.442881234207759, 0.0, 9.698412053818553, 7.452842221641754, 11.601922878367407, 18.08433393672629, 58.81677139474317, 66.02598530672009, 75.37886174271287, 83.50995428618852, 90.1445185447948, 82.81386759569006, 75.70872293765396, 66.385512123065, 32.96982831097671, 29.331588584975517, 24.979123871470854, 22.301251451920045, 22.566565063932675, 18.733225532529335, 16.163781327439537, 18.65303618916564, 23.345807942320715, 28.957798899548102, 65.54309100180399, 73.14815846506116, 79.6849731761852, 88.64994436873516, 94.55427580291638, 93.88096016335113, 87.09913277635907, 79.4266804184858, 70.82110128988505, 64.2454009830198, 36.19942201651151, 40.253106712699676, 47.661502166202666, 45.670746336634636, 54.34238977019158, 63.55000243157781, 69.64675080281738, 70.58694398840613, 69.60340450081334, 61.60595632102862, 52.95091296793758, 51.60186320434056, 66.65899417075975, 65.79360769121719, 69.33974828693246, 74.82601265911073, 79.43603336116857, 84.09377919488692, 91.1870530431512, 91.93114361193446, 91.03016935941402, 86.25316640940595, 81.12995333337983, 74.18331168128114, 69.44813813022178, 72.47705350207038, 78.21040146340674, 82.70170816854704, 88.46531606743856, 83.42907663598353, 78.93380272574272, 74.04087261220141, 45.6977844146166, 49.92935516126149, 62.121309297057564, 70.60420557164109, 81.88719201367283, 97.86433886296338, 111.2596837021956, 114.18091067264325, 131.3383574703552, 131.6585353124444, 126.90163650383003, 121.4742343234404, 119.04064658285228, 116.31636463953065, 110.76107325090187], [24.683480270257153, 18.525309918707542, 9.698412053818553, 0.0, 10.15849750020784, 17.32884252355137, 24.19478517244485, 65.07261457100944, 72.64771596051591, 81.96692995463606, 89.69024104904769, 95.51905985098533, 88.68405941595016, 81.78848705008824, 72.442854546756, 42.4301599920902, 38.67713356200011, 33.679377797796775, 28.102470504033363, 22.94243631924321, 19.52680920128586, 22.53175403857139, 27.707491724450662, 32.82550502717644, 38.25647541517287, 73.67318231250425, 81.14629674747518, 87.32413992692761, 95.65114006717062, 100.89141432722657, 100.0944645106782, 94.06848712079362, 86.86590270073738, 78.36203766987023, 72.1051557829172, 44.647077061917294, 47.67843604611349, 53.80845265045504, 48.898549281346426, 57.61781997284042, 67.76112642332652, 74.40030972196874, 75.07637177797068, 74.26234061015607, 68.12398938461529, 60.19439446977209, 59.47527059735178, 65.4177220343674, 66.27872734906695, 71.24202037607557, 77.25146438412291, 82.18256245154308, 86.89456451356833, 93.3950209531491, 93.716656358529, 92.32159225223648, 87.08435671545466, 81.37856775523287, 73.78539097914384, 68.95331606156044, 73.63031450694498, 79.99716545595837, 84.84252797983892, 90.70252744717037, 85.46803297969035, 80.5993246755375, 74.94177219189449, 40.23994812080961, 40.895686869366436, 53.21090360986482, 62.57091933940636, 74.77580919087106, 91.3724073151192, 105.82406626683265, 112.46790022550881, 129.6138265726836, 131.3614919744325, 127.41845909563666, 122.48381615157042, 120.84861628606826, 119.2811247415769, 115.12939741381695], [17.88131769834486, 12.465677445651842, 7.452842221641754, 10.15849750020784, 0.0, 7.868790008744996, 15.892225135664928, 57.672176149375815, 65.47590589086931, 74.86668678714733, 82.76669315085252, 88.9697652728503, 81.4133289451367, 74.26989289458142, 64.89610690542791, 36.4353342072136, 34.11425412815063, 31.014877472032854, 29.680144804475937, 29.306269695266856, 25.484851225205396, 23.480858851636178, 24.443517177692925, 27.27154839469844, 31.454244895478467, 66.63376799243974, 74.44184735222608, 80.89349951909439, 89.83880962506286, 95.12743077445826, 94.12771217906334, 87.682033891139, 80.15014851455545, 71.31813910225122, 64.89899850722549, 36.297475811341435, 37.95680414878636, 43.69143151284958, 39.64946014417208, 48.35347007192415, 58.11089557647077, 64.67210731993951, 65.70715022293433, 65.27820510981175, 58.268281173388715, 51.06242830702965, 51.48061454196477, 59.28853658514173, 58.73482318978058, 62.772805759553876, 68.54860247747933, 73.4345514804113, 78.33575685802558, 85.52639193861627, 85.71335701820337, 84.47625841152818, 79.43017296981843, 74.06973456412986, 66.95696849812147, 62.19970293145817, 65.6572144981171, 71.69528968438442, 76.45510183297571, 82.59609330245738, 77.14182239356627, 72.37762274556319, 67.15079791783886, 49.8352325383034, 49.585053021747036, 58.282460650697104, 65.35559066209649, 75.70108555174212, 91.42236860214174, 104.50227954418261, 106.98600881090347, 125.16708220415826, 126.41192268890204, 122.19660438553213, 117.62165912427331, 116.1076552243631, 114.8966422651456, 111.01929469480605], [11.994893726097116, 9.471172966990414, 11.601922878367407, 17.32884252355137, 7.868790008744996, 0.0, 8.407931005787155, 50.12391956156566, 57.95266929981294, 67.34825737142147, 75.32078985946887, 81.74237574007651, 73.91180697521378, 66.68447859539663, 57.320426960777084, 31.200812622870675, 30.44080318015004, 29.23575286062772, 31.233571072149164, 33.78599671974675, 30.06963743148514, 25.35647043746677, 22.734963818244225, 22.894689688730747, 25.499386694800172, 59.327549887591516, 67.2263696270689, 73.70625246341501, 82.83622069183373, 88.09948019093346, 87.0147283074077, 80.41356802912658, 72.80149766370015, 63.86852378890042, 57.458028959827544, 28.820989128892453, 30.39390559883619, 37.04841096368809, 34.4836448251634, 43.208050992687795, 52.446124232429206, 58.32235684254779, 59.051911740372454, 58.22668703866506, 50.896916433131096, 43.21513643383467, 43.80822744942576, 57.42271997165207, 55.59101968889329, 58.40312535964965, 63.564601833361124, 67.96204146494333, 72.54138733294079, 79.80691584745213, 80.57218040243175, 79.87910197163276, 75.41305995303512, 70.74898030244262, 64.27037159231115, 59.62816107503027, 61.756831612811105, 67.06949878033141, 71.32689215281952, 77.01359059220952, 72.07732066951864, 67.82199177930565, 63.39469277366651, 55.357450302714604, 55.44754693823781, 62.892070350994345, 68.8889206862396, 78.36111424469331, 93.1329360561151, 104.9921827804386, 104.49174607097567, 121.86537660877866, 121.92079787137995, 117.14478718946904, 112.30761951743324, 110.42768034597486, 108.9028941948183, 104.85157560410022], [8.612401337809393, 11.875055350674412, 18.08433393672629, 24.19478517244485, 15.892225135664928, 8.407931005787155, 0.0, 41.804000886358466, 49.63568743128369, 59.02612860982151, 66.95119335885695, 73.38081763963174, 65.62147486524808, 58.43731069575651, 49.06782146859976, 27.621647148492958, 28.77730442995914, 29.520512226441106, 34.02809635483043, 38.30146171872015, 34.92434244492785, 28.961794525354275, 23.720124435756002, 20.940059497527578, 21.222446188497617, 51.751057418393486, 59.5630529763813, 65.82464874259597, 74.7547677275768, 79.80209769425998, 78.66142002988673, 72.2005744105642, 64.7555828447656, 55.86079847690186, 49.656954951246995, 22.261591442983047, 24.90460024044219, 33.43742512674888, 32.41601542168251, 40.95709755499386, 49.54667222788902, 54.177790391242844, 53.92283902459346, 51.99859682884761, 45.27909792781064, 36.122612631538686, 36.16200901321598, 57.733755423952154, 54.9583325758458, 56.458935361405494, 60.69771147435236, 64.22571323262628, 68.02023703635535, 74.76309486938749, 76.65320264152832, 76.77980139454405, 73.18959675292614, 69.47341029243431, 63.71987982106248, 59.24153176814679, 60.131048255350336, 64.41895551862372, 67.83115176626671, 72.42671533026636, 68.63235445073852, 65.21411905026713, 61.83870809956059, 59.34227419973608, 59.77143053641418, 66.63835027762639, 72.07077453546816, 81.1877134664554, 94.9263328303706, 105.62558170179837, 103.02842652913769, 118.24740519005474, 116.68457011835699, 111.18416398393866, 105.69858350766214, 103.18806976605813, 101.04387410142758, 96.74469362398806], [43.133766037762584, 50.37695655764827, 58.81677139474317, 65.07261457100944, 57.672176149375815, 50.12391956156566, 41.804000886358466, 0.0, 9.053258039997644, 17.831009259103254, 25.3580128544677, 32.664783915666256, 24.125732730062026, 16.981650078813985, 7.960690093218301, 42.30510508996493, 49.562531638015486, 55.94746289942395, 65.94660499979847, 73.98552913859432, 71.64087835695334, 63.65070043772807, 54.31296404546959, 46.05647430011015, 39.01960035559863, 23.101427170480527, 28.098974533538282, 31.342014526902908, 38.43834956247031, 41.13159021071855, 39.09583254773563, 33.55102995814367, 27.9337062713905, 20.23037687456628, 18.64117563065447, 28.570916196097528, 30.9251034874363, 39.35242192215789, 46.05135215844475, 48.946591548808215, 50.25140529899562, 46.3612649199308, 40.635950276902285, 32.07677770666138, 32.00558666519509, 18.98714952470238, 15.83288167226301, 72.16326998493447, 65.51175114166261, 60.30363883667631, 58.69630760683381, 56.654229305634274, 55.214927927249065, 58.16591342290872, 66.06440426241085, 70.67676505921871, 72.28666833018184, 73.948077165846, 72.90067608877143, 70.21642323826427, 64.75819686144793, 62.86284516077939, 61.02938422729602, 58.779848078751726, 61.97225736142951, 63.740725685041184, 66.47515954322034, 92.30214122079535, 93.20965240482218, 96.56599392256466, 98.75718946936655, 104.83660313584483, 113.17422473187996, 117.62005267654965, 103.21674710159627, 107.68145547539868, 97.19710792293098, 87.65667886074549, 79.06225615650547, 72.7883175764157, 66.9576393623743, 61.47947761525767], [49.986799205998466, 57.2971839962015, 66.02598530672009, 72.64771596051591, 65.47590589086931, 57.95266929981294, 49.63568743128369, 9.053258039997644, 0.0, 9.40087437235952, 17.94551270245665, 26.96816128513127, 18.74306251419858, 12.544251920239523, 8.390760964373255, 46.17624931663273, 53.630313038049835, 60.46324851202897, 70.99096504405003, 79.7799411603202, 77.68286316948104, 69.32899247754297, 59.683533780880055, 51.24868070819225, 44.02332133265191, 18.259809058556936, 21.060128687246216, 22.994743563082434, 29.735371718111967, 32.7304735614292, 30.85106024421827, 24.56946592371389, 19.16690156953306, 12.542566433616289, 13.978655784244278, 34.33339887903256, 37.85122981672108, 46.366402436111315, 54.46488800525177, 56.83753046280239, 56.99253247287143, 52.072899927750676, 46.239196045569656, 37.37020955064909, 36.98151926343175, 24.60697760523945, 19.054986048740627, 80.62174402692652, 73.60968864113252, 67.72194333656147, 65.43787772916795, 62.70032291131297, 60.53123493548239, 62.78718781155243, 71.49377158150905, 76.71759322569352, 79.04372260430262, 81.34529925043762, 80.8607110016084, 78.39787418418669, 72.27283201620098, 69.66382158289618, 67.1581370577041, 63.92724993825131, 68.10557738543838, 70.54818256679052, 73.99064093804853, 98.12702822583654, 100.59096281122629, 104.85383151293208, 107.32212298272461, 113.51299954476407, 121.49151393642573, 125.40851740470082, 109.7881939105844, 112.22655782923985, 99.79214554817803, 89.28598620666345, 79.60468670422145, 71.76613229555271, 63.43279209296131, 55.482086173529716], [59.318080922218726, 66.62984343915944, 75.37886174271287, 81.96692995463606, 74.86668678714733, 67.34825737142147, 59.02612860982151, 17.831009259103254, 9.40087437235952, 0.0, 9.177310254082675, 19.64438225121317, 12.165152740369436, 9.416956118521153, 13.290192492631022, 54.49338787338488, 62.000238541647015, 69.00885383927883, 79.69246989312694, 88.65578222054882, 86.67707739629842, 78.2939617558171, 68.58479924432082, 60.114402105180694, 52.83704533946519, 21.487016411314393, 20.717706250202436, 19.47559694582287, 23.645964642093524, 24.99133091487674, 22.66900881658365, 17.12383083626488, 14.482587654637172, 12.730796648806784, 18.266130799487122, 43.293848437500294, 46.34474596011937, 53.873217930848426, 62.22358810244702, 63.76270874770957, 62.794638273701516, 56.69091167810303, 50.313716582580234, 41.07354288322617, 42.362308976037205, 32.12973046478065, 27.365574704793723, 87.27007698257933, 79.98191860035301, 73.3484913292096, 70.16651137988674, 66.48873397537328, 63.27607004870364, 64.36006374253691, 74.0155748701215, 79.96642507294334, 83.24242165343838, 86.43064732027489, 86.73559148845004, 84.63403540354595, 77.78870620271688, 74.21954311249522, 70.80571349359231, 66.1979684613421, 71.7228978458212, 75.06914260751381, 79.42426873360311, 106.47106349160975, 109.00924320650884, 112.86881524706853, 114.93459070669202, 120.6768563419716, 127.7464291622801, 130.58317239436442, 113.15019174213724, 113.07479177754924, 98.63683033668894, 87.259630205243, 76.83483488911216, 67.84117347411122, 57.99177426980945, 49.22714957491424], [67.66622726629433, 74.96552221667865, 83.50995428618852, 89.69024104904769, 82.76669315085252, 75.32078985946887, 66.95119335885695, 25.3580128544677, 17.94551270245665, 9.177310254082675, 0.0, 11.17996533709993, 7.454476887732163, 11.570481786719947, 19.29276536265978, 63.55595199124806, 70.97865795352449, 77.8468067363999, 88.22535488212708, 96.74630842902721, 94.82973197355219, 86.82868852988986, 77.34686906960933, 68.99432190227449, 61.81089130373975, 29.839905124277607, 27.354797459625363, 23.63354495274524, 23.17628022576354, 20.322526921094557, 16.910335316603277, 16.064682495768754, 18.624875655525063, 20.68019333896927, 27.07746245712495, 52.18760043309342, 54.567631456397535, 61.11608825274459, 68.51493704886657, 69.44462856424575, 68.01190753673113, 61.111549756985816, 53.89513285134358, 44.23468570535791, 48.4784091817952, 40.03354406654136, 36.41279171244211, 91.53501904984162, 84.40912243610877, 77.4398058349351, 73.53148091610261, 68.98959241306854, 64.64367316468842, 64.03515621385156, 74.71055773636193, 81.31005157105938, 85.47648532620455, 89.45911306116214, 90.3937480001668, 88.62122183624717, 81.5143251460038, 77.14606533823161, 72.8811163907618, 66.71887747660905, 73.72593833310684, 77.91247734979311, 82.98062436522666, 113.28806699567906, 114.88217647477417, 117.71659909926456, 119.18455377278354, 124.41637804788505, 130.3666093666664, 132.05349703890144, 113.60889150837687, 110.38246258550555, 94.10410497880909, 82.00937167802701, 70.86598206007208, 60.9711568194784, 50.37523963691054, 42.62044432701325], [74.87547798504131, 82.07776069756741, 90.1445185447948, 95.51905985098533, 88.9697652728503, 81.74237574007651, 73.38081763963174, 32.664783915666256, 26.96816128513127, 19.64438225121317, 11.17996533709993, 0.0, 11.321198431876413, 18.357337021387877, 26.112732533880113, 72.83506608552179, 80.03036342992858, 86.46423622541893, 96.07974308013267, 103.55446414771882, 101.67506319390316, 94.48695071417627, 85.55058690553716, 77.50433657362309, 70.58922317247661, 40.69108630908716, 38.07125134175379, 33.51627800661192, 29.66734738447093, 22.412028183939647, 18.264794187411038, 23.739783444617245, 28.920198648629196, 31.58107379072493, 37.77253486816741, 60.86536294198671, 62.51589385881329, 68.13118551275953, 73.45931151548436, 74.01881292734666, 72.8101227632786, 65.57693134757238, 57.29958644337767, 47.22754658741484, 55.35661224224521, 48.27605780379505, 45.86760836052118, 93.36269865927434, 86.93393359017223, 80.12716077279227, 75.7220111307238, 70.44562019597507, 64.90569798068631, 61.97174234615661, 73.74525322279888, 80.87558568547352, 85.83369930974696, 90.47183398024299, 91.82974729362398, 90.34849989478363, 83.54414421151482, 78.59774832567498, 73.58215443017176, 65.68711969676292, 74.30437475309847, 79.2247184878607, 84.7403138969949, 117.97150087600583, 117.65427167101248, 118.87343811737627, 119.57684518320636, 124.26692983467399, 128.84872560032682, 129.32736297350084, 110.99657884366876, 103.6896033043622, 85.66496435131245, 72.95746250043658, 60.89570970300104, 50.216105424545376, 39.80221901858673, 36.0986038211635], [67.24019186152523, 74.48117535749223, 82.81386759569006, 88.68405941595016, 81.4133289451367, 73.91180697521378, 65.62147486524808, 24.125732730062026, 18.74306251419858, 12.165152740369436, 7.454476887732163, 11.321198431876413, 0.0, 7.702933002836842, 16.71072995732113, 64.74713081316655, 72.27920139016707, 79.07682673306857, 89.3530544277642, 97.4578759339045, 95.30531822470202, 87.4415433484961, 78.00337402117722, 69.60285094968089, 62.3389870495915, 33.28935424025215, 32.31157572664006, 29.85725823170783, 30.590755603205505, 27.309666054193414, 23.590471878881548, 23.32754248095744, 24.62398237599574, 24.62611971214105, 29.886444827497865, 51.8052900075604, 52.41581952522718, 57.55984023757162, 64.06851285007475, 64.38636769705644, 62.650321440968305, 55.40786109627496, 47.70753661360679, 37.91163660172919, 44.2977706509768, 37.70444564832736, 36.55640786473113, 85.75262771143277, 78.53851067156562, 71.31703352948354, 67.0620295398372, 62.19599072076944, 57.51753385023996, 56.651788238150196, 67.42338977418969, 74.1495881524212, 78.5676961991261, 82.85804062636684, 84.15197058678064, 82.5961722817467, 75.21852282087369, 70.4857289945256, 65.92917587677483, 59.41961292688968, 66.75005142124053, 71.21986934280329, 76.61174832901979, 114.01793227887583, 113.78007832367753, 114.88284839426422, 115.37585306095745, 119.71335101657355, 125.07689513227054, 126.1276446537487, 106.47273607830397, 103.83772801117327, 88.1423907383339, 76.41949482248859, 66.33061329845324, 57.82601261101195, 50.36055725002787, 46.653382471994085], [60.06305162260708, 67.29431953827739, 75.70872293765396, 81.78848705008824, 74.26989289458142, 66.68447859539663, 58.43731069575651, 16.981650078813985, 12.544251920239523, 9.416956118521153, 11.570481786719947, 18.357337021387877, 7.702933002836842, 0.0, 9.375006803104679, 57.71018656962233, 65.30258929130306, 72.1388439974482, 82.56022313127242, 90.83074327720935, 88.55862684633037, 80.47517723759275, 70.91106419296155, 62.433694945752045, 55.10062986665802, 28.336576778967125, 29.139700648512743, 28.642784576302173, 32.30336917860974, 31.50801924576359, 28.329386649173014, 25.264538449859973, 23.51413485037036, 20.648276846816756, 24.439754135165373, 44.290348074446676, 44.72891212396208, 50.231329447438256, 57.224182401638664, 57.913191595639574, 56.54885181215479, 49.88280351828667, 42.67268154357131, 33.016760227632176, 37.63114104186904, 30.077431585776946, 29.253284214772073, 80.3858032373488, 73.00291211144074, 66.00346489634715, 62.3021737883027, 58.12143012020609, 54.38644290406441, 55.03500716086201, 64.91184973212219, 71.08410877286069, 74.75495315942436, 78.40905819093575, 79.21603752759417, 77.40912202138627, 70.19465408927005, 66.08073633887747, 62.21461988848301, 57.03481824729885, 63.09896976065538, 66.88374471000203, 71.72327074501275, 108.34080331269077, 108.31356279342066, 109.78297460188394, 110.52737611165757, 115.09075020737322, 121.27859030090175, 123.18788665140637, 104.2183418850299, 104.48123573347854, 90.5930843061946, 79.63000471590495, 70.38586594403023, 62.9321129056232, 56.50097608539981, 52.35537407850058], [50.84261079512764, 58.04329304378583, 66.385512123065, 72.442854546756, 64.89610690542791, 57.320426960777084, 49.06782146859976, 7.960690093218301, 8.390760964373255, 13.290192492631022, 19.29276536265978, 26.112732533880113, 16.71072995732113, 9.375006803104679, 0.0, 49.73308096516628, 57.17070915842068, 63.74236321751953, 73.88877692086139, 81.89649683647524, 79.52984659493634, 71.56152818051929, 62.15382313354071, 53.79953377430138, 46.61237707753138, 25.62947561365593, 28.910066613226558, 30.59409266284648, 36.34775459723432, 37.394419658560956, 34.76069439103012, 30.323104790894053, 26.210329583798007, 20.200442485648427, 21.161810557627106, 35.714946568414355, 36.424263476981174, 42.94350478880745, 49.550006779884114, 51.209900556526065, 51.18043917422786, 45.83820407003933, 39.14992465858021, 29.748803364327795, 32.62747269583358, 22.70768559289374, 21.84160823889097, 74.0452154354514, 66.98682156979635, 60.83114383166327, 58.14961975295696, 55.03173304360645, 52.47713867153865, 54.42023295575775, 63.26702561067002, 68.6307934433969, 71.23213633837624, 73.88673476808982, 73.77607612715104, 71.5381098499677, 65.15445332112537, 62.12956005239369, 59.28886532721101, 55.64673915195694, 60.209641268074755, 62.97314484334002, 66.77840618310341, 99.75860002151471, 99.70495391274065, 101.68097126160305, 102.92461586350746, 108.06812499807619, 115.26713334404337, 118.3961495880683, 101.60789862921021, 104.37876056514405, 92.55528677416991, 82.48827020178645, 73.84392212256677, 67.37909812644394, 61.91821722137832, 57.718582685768034], [20.50513249921575, 24.365674510355426, 32.96982831097671, 42.4301599920902, 36.4353342072136, 31.200812622870675, 27.621647148492958, 42.30510508996493, 46.17624931663273, 54.49338787338488, 63.55595199124806, 72.83506608552179, 64.74713081316655, 57.71018656962233, 49.73308096516628, 0.0, 8.111565405340885, 16.26855347853515, 29.379989320163975, 42.06314790621655, 39.959008150329986, 28.604178795348172, 17.580227335669072, 9.685742054467593, 6.730647439051461, 38.105062477602274, 45.41821052065246, 52.93200769903902, 63.69627164957364, 72.06752611379177, 72.1198112869066, 62.82713323204874, 53.84999357902314, 45.782993156677655, 38.487626792448125, 17.2497457446656, 28.922197708057215, 41.63053448029071, 50.91406856406423, 57.48252860334073, 61.77789407498332, 63.9842959136215, 64.56737609038042, 61.74594547607025, 48.73050712099443, 36.025892478643485, 29.074243687830037, 81.30791800845388, 75.88025455760793, 74.35445436143713, 76.96079504322145, 79.31121685607657, 82.49878407692442, 90.00901143807876, 93.21901437692176, 94.6025230978722, 92.25505493383332, 89.86849211892803, 85.63185248763581, 81.64417758064909, 79.38587358574439, 81.9612266045488, 84.22436362959137, 87.99633660678386, 85.22129776365993, 82.98230209143912, 81.49709656766747, 68.69637296716854, 79.59806218001664, 92.08727474993188, 99.12209109888755, 108.73223556426586, 122.48862480174729, 132.61461075256094, 125.64079970992968, 139.5826938915461, 134.25912769456716, 126.55287363778099, 118.84877524171107, 113.10598516150773, 105.49755103482572, 94.4035951413633], [20.58922296914541, 22.129915201835253, 29.331588584975517, 38.67713356200011, 34.11425412815063, 30.44080318015004, 28.77730442995914, 49.562531638015486, 53.630313038049835, 62.000238541647015, 70.97865795352449, 80.03036342992858, 72.27920139016707, 65.30258929130306, 57.17070915842068, 8.111565405340885, 0.0, 8.42324126781781, 21.8508588093396, 35.24731090328436, 33.377762271561, 21.78326253421734, 11.484853095616547, 7.853368162708342, 11.836281988198026, 45.595915441331556, 52.58287857970346, 59.917713313736805, 70.29257643140966, 78.76544318581742, 78.9852454545372, 69.89819811070717, 61.11004842064428, 53.29792581902318, 46.12928855988386, 24.22327081204902, 34.994336775521624, 46.98373880847791, 54.847895836750546, 61.942675519985684, 67.06297996796137, 70.13337124103596, 71.06466268609749, 68.60763395281252, 55.75149715409922, 43.583947958135624, 36.97852378490329, 84.07868913949055, 79.44239315846494, 78.89103248744551, 82.14869978655581, 85.03551711209913, 88.61884792900373, 96.22017385169761, 98.98373006143072, 99.91776052913389, 97.01810933492102, 93.99126808594946, 89.14308207205906, 84.95681938067932, 83.69213466175067, 86.9805998571273, 89.76400819908729, 94.04522488308257, 90.72909441305157, 87.9695480530208, 85.74995777700806, 62.79877861789242, 75.66821405852437, 90.0428862900351, 98.14634464410862, 108.59459402355334, 123.18255046180131, 134.36486608927248, 129.7319566780029, 144.36600951728025, 139.86520146948993, 132.4984704003221, 124.80396015983027, 119.18090268303835, 111.50745095504594, 100.14338670220386], [21.128760356668202, 20.043682068314347, 24.979123871470854, 33.679377797796775, 31.014877472032854, 29.23575286062772, 29.520512226441106, 55.94746289942395, 60.46324851202897, 69.00885383927883, 77.8468067363999, 86.46423622541893, 79.07682673306857, 72.1388439974482, 63.74236321751953, 16.26855347853515, 8.42324126781781, 0.0, 13.49551090313053, 27.236675743942865, 25.57095218375917, 14.065982143435344, 6.611649731323491, 11.12210876483448, 18.205431552085276, 53.32983130675351, 60.16133409176876, 67.23944489045951, 77.09181705315879, 85.33648262445753, 85.60239608554444, 76.967385057565, 68.47465625492418, 60.755123206094716, 53.73698232395296, 30.799568929723854, 40.727211180139676, 52.009985077562156, 57.8870629976894, 65.52543549456527, 71.66203963752221, 75.5646521114765, 76.60678298733733, 74.39464618429037, 62.274098398256534, 50.50229698005422, 44.381210927044485, 85.37334517771231, 81.75207863448048, 82.3109375317567, 86.21845002776135, 89.59947415296938, 93.48858958508869, 100.98821576513927, 103.35481871161281, 103.83791581789363, 100.400744421487, 96.73615784671316, 91.2337803886341, 86.84742689675828, 86.76031513279463, 90.76664042637667, 94.03781663106012, 98.70958590308483, 94.9554899873075, 91.70233856644349, 88.71990679649106, 55.43332341273632, 69.75401070738329, 85.82675059773732, 94.97621967208038, 106.29066759949816, 121.62765974729155, 133.8628625347571, 132.00112503066433, 147.06980814234672, 143.54167472103669, 136.6333816403485, 129.04207072672725, 123.72450357064282, 116.35608337449457, 105.28870914548935], [26.78103481724873, 22.581428103930033, 22.301251451920045, 28.102470504033363, 29.680144804475937, 31.233571072149164, 34.02809635483043, 65.94660499979847, 70.99096504405003, 79.69246989312694, 88.22535488212708, 96.07974308013267, 89.3530544277642, 82.56022313127242, 73.88877692086139, 29.379989320163975, 21.8508588093396, 13.49551090313053, 0.0, 14.39547932223199, 13.603405753783314, 6.337673485682977, 13.656851550828728, 22.287811842255554, 30.023275929156185, 65.32790679632652, 71.91634045852241, 78.54296392168048, 87.5062285977604, 95.25289738293809, 95.55954338416268, 87.73367626791823, 79.7749212425607, 72.23000354941497, 65.50677565419628, 42.056035005557526, 50.9884672915952, 61.3053324645304, 64.15675176578735, 72.40937930356772, 79.93738994403178, 84.8066712552623, 85.75357052018349, 83.69909109238965, 73.06221774691977, 61.67367132048565, 56.04166413115722, 88.32784603242284, 86.39798414226485, 88.58279914897544, 93.30657991696968, 97.25148172703788, 101.39600878201186, 108.47717404716454, 110.42042666205062, 110.32532403056828, 106.21925143960314, 101.72362650083592, 95.31694309751194, 90.68679766365719, 92.40513129112531, 97.33633627641339, 101.18076205975731, 106.17037967916437, 102.01521688642845, 98.173821095493, 94.17081651784316, 43.19596077702698, 60.09245435485767, 79.09279668826609, 90.00324902020523, 102.76264992183154, 119.09118092724864, 132.8877544170264, 135.63283522827635, 150.77321383333603, 148.6212552299318, 142.41096038192828, 134.92457398775284, 130.05854288750106, 123.18721844835596, 112.74957451242173], [33.32075526901606, 27.66202411951724, 22.566565063932675, 22.94243631924321, 29.306269695266856, 33.78599671974675, 38.30146171872015, 73.98552913859432, 79.7799411603202, 88.65578222054882, 96.74630842902721, 103.55446414771882, 97.4578759339045, 90.83074327720935, 81.89649683647524, 42.06314790621655, 35.24731090328436, 27.236675743942865, 14.39547932223199, 0.0, 3.9797221374832152, 14.428879315791503, 25.222874262451924, 33.72891505603994, 41.24666735376071, 76.49009776976472, 83.04450958918041, 89.19602409002468, 97.25690159501589, 104.06082323439541, 104.19662792423446, 97.43611385206444, 90.09857131468874, 82.54460951214307, 76.16615866031772, 52.02512398339891, 59.62767244177172, 68.78927145785437, 68.17713556696236, 76.84317027188712, 85.76687476433287, 91.45121546238192, 92.05894500543528, 90.12752468966528, 81.64734293877704, 70.86126245589595, 66.18260164109321, 88.0295968267886, 88.02360021587246, 91.8739473260338, 97.30048383286872, 101.68716875549092, 105.93720182285719, 112.33415539054691, 113.85765186708282, 113.19222098587987, 108.50842407982077, 103.28508420927761, 96.05358446889915, 91.25703033208848, 94.89365464206622, 100.63886866088157, 104.94793193764293, 110.07072949315996, 105.67258809024999, 101.34521187566371, 96.3929296554812, 29.822007125823358, 47.292956023811186, 68.6019484664519, 81.06521319108074, 95.14258627090437, 112.15968381098574, 127.32444124182479, 134.97996397675206, 149.83867592386525, 149.34043567573707, 144.07310743411244, 137.0120370472744, 133.01675239257924, 127.43405470084109, 118.71100045014298], [30.210599184792876, 24.208628031432884, 18.733225532529335, 19.52680920128586, 25.484851225205396, 30.06963743148514, 34.92434244492785, 71.64087835695334, 77.68286316948104, 86.67707739629842, 94.82973197355219, 101.67506319390316, 95.30531822470202, 88.55862684633037, 79.52984659493634, 39.959008150329986, 33.377762271561, 25.57095218375917, 13.603405753783314, 3.9797221374832152, 0.0, 11.967751970019853, 22.770572287178513, 31.23154143196352, 38.725531749487914, 74.71048486274326, 81.49439933912879, 87.78276472989396, 96.0972457202846, 102.82159557672405, 102.82370114213731, 95.97664719083575, 88.50825783908554, 80.72985106173901, 74.25195029869919, 49.216685455820546, 56.29093727565213, 65.13532111294352, 64.37559043908283, 73.02219168339496, 81.96797480554703, 87.78541999551257, 88.54608349953449, 86.84993372826526, 78.28268286590271, 67.89200755614553, 63.75171491362764, 84.34181202524714, 84.2121630321933, 88.05550372897804, 93.53881752941213, 98.01914241268544, 102.40311119758316, 108.99770667605205, 110.30619206399388, 109.54855410572505, 104.79151987251394, 99.52707354026028, 92.31440858117102, 87.52694573723255, 91.0970283423926, 96.89442519994626, 101.28906148443474, 106.61280317699796, 102.0143431342204, 97.60504324749992, 92.60998048146952, 32.34712709214215, 47.29364624267197, 67.21476846410894, 79.08536781068764, 92.7194589771202, 109.67082723970509, 124.62942083469576, 131.53620709335814, 147.03068707641953, 146.77661857685564, 141.62863004964106, 134.89216226806627, 131.19237534046474, 126.11658749561325, 117.90033604729054], [22.41823983977765, 17.206910839914467, 16.163781327439537, 22.53175403857139, 23.480858851636178, 25.35647043746677, 28.961794525354275, 63.65070043772807, 69.32899247754297, 78.2939617558171, 86.82868852988986, 94.48695071417627, 87.4415433484961, 80.47517723759275, 71.56152818051929, 28.604178795348172, 21.78326253421734, 14.065982143435344, 6.337673485682977, 14.428879315791503, 11.967751970019853, 0.0, 11.203991913564733, 20.137092001793945, 27.943090843601855, 64.8624663652191, 71.86569296176776, 78.60749765377432, 87.77338295947214, 95.11957103925393, 95.14584155162693, 87.4526260637754, 79.42861292783769, 71.47345760038046, 64.65577329223329, 39.24847754889085, 46.998250956388794, 56.61741342574058, 58.553237464276805, 66.88457011501248, 74.7565597923095, 80.01709791623115, 81.12824449054489, 79.47544250252763, 69.15654157287776, 58.53058778040039, 54.08010698963465, 82.1649361640284, 80.39181237106267, 82.87553405487672, 87.82664134316937, 92.0074203948379, 96.38484053230556, 103.63605064029464, 105.15932384653578, 104.80846654146201, 100.47834390804128, 95.78514714959228, 89.25540255724799, 84.60905155021325, 86.57989003213031, 91.74780727805643, 95.8168813158942, 101.14658365279246, 96.63063967824691, 92.56633213253617, 88.31614017056178, 43.62316565118936, 57.31951305812678, 74.64252080419237, 84.89522133926346, 97.18182084688382, 113.46828947053403, 127.16698883845768, 129.71889520603568, 145.74717722050016, 144.3285207252636, 138.51712422294582, 131.65106899837832, 127.46932771133979, 121.74920375353075, 112.60543176802933], [15.69433906884791, 13.569556871539984, 18.65303618916564, 27.707491724450662, 24.443517177692925, 22.734963818244225, 23.720124435756002, 54.31296404546959, 59.683533780880055, 68.58479924432082, 77.34686906960933, 85.55058690553716, 78.00337402117722, 70.91106419296155, 62.15382313354071, 17.580227335669072, 11.484853095616547, 6.611649731323491, 13.656851550828728, 25.222874262451924, 22.770572287178513, 11.203991913564733, 0.0, 9.08798773586485, 16.982826667488485, 54.413561977043855, 61.64731509750409, 68.69059346357068, 78.476125820171, 86.10253561536949, 86.06471545772727, 77.82735772271465, 69.43825930864365, 61.301734385918316, 54.275123526756936, 28.797643931589977, 37.49028356713825, 48.1715991351085, 52.584812942223095, 60.49903252013408, 67.30656347720618, 71.7158808655223, 72.76771657426998, 70.86238356168231, 59.502551040440785, 48.378753473627526, 43.58559239488263, 79.23807173851844, 76.01677778449735, 77.08984804860187, 81.31847087686451, 84.97187827692389, 89.06509614964338, 96.57493987096314, 98.56851631464993, 98.76576407944589, 95.05515353790238, 91.11742325979428, 85.3611076330631, 80.9065536366357, 81.32877149005036, 85.67162314169174, 89.20465357022915, 94.16115222991874, 90.0899063128446, 86.57255938570394, 83.22864901832682, 53.33123607307053, 65.12183830978265, 79.95010439858189, 88.69131562655014, 99.77825662640564, 115.12499997157016, 127.42824734256071, 126.11899012989429, 141.7824238456036, 139.10058213381762, 132.6690549781865, 125.64948867113051, 121.06711999961176, 114.94547721350352, 105.38516696360452], [12.867718992111616, 15.095773609393259, 23.345807942320715, 32.82550502717644, 27.27154839469844, 22.894689688730747, 20.940059497527578, 46.05647430011015, 51.24868070819225, 60.114402105180694, 68.99432190227449, 77.50433657362309, 69.60285094968089, 62.433694945752045, 53.79953377430138, 9.685742054467593, 7.853368162708342, 11.12210876483448, 22.287811842255554, 33.72891505603994, 31.23154143196352, 20.137092001793945, 9.08798773586485, 0.0, 7.899219312114967, 45.83362393767775, 53.314936912820464, 60.52435562052151, 70.70239842111971, 78.3335439936274, 78.17142525717192, 69.66036366789169, 61.069423553544155, 52.73014403958329, 45.58912986033821, 20.031492753573286, 29.87372274304316, 41.657195538584425, 47.950716373531954, 55.41211412001288, 61.32788851055887, 64.83768394383048, 65.57646566035523, 63.27460442982592, 51.50621265236671, 39.7407721301376, 34.63874058608825, 76.60778687495686, 72.33058656915004, 72.22269502263772, 75.73984009623449, 78.82195033876388, 82.5178731580675, 90.01726961291523, 92.53615999244141, 93.25961647181123, 90.16476721172148, 86.94936362813101, 81.88306060481447, 77.62412621130237, 76.81371372060559, 80.36261204141222, 83.33160962833912, 87.76490912710247, 84.26506846485128, 81.315072456404, 78.80886705641154, 60.612524607763476, 70.57478308303601, 83.33644342992596, 90.85967969435657, 100.99898152035844, 115.42650106653451, 126.51602925137277, 122.31979203406111, 137.2414961799345, 133.4977180509429, 126.59160771328457, 119.455664901156, 114.61114358635213, 108.33660316217929, 98.77312327206204], [14.84657792479021, 19.77003932368912, 28.957798899548102, 38.25647541517287, 31.454244895478467, 25.499386694800172, 21.222446188497617, 39.01960035559863, 44.02332133265191, 52.83704533946519, 61.81089130373975, 70.58922317247661, 62.3389870495915, 55.10062986665802, 46.61237707753138, 6.730647439051461, 11.836281988198026, 18.205431552085276, 30.023275929156185, 41.24666735376071, 38.725531749487914, 27.943090843601855, 16.982826667488485, 7.899219312114967, 0.0, 38.6101541207096, 46.358222557524115, 53.70213932418686, 64.23173502956489, 71.79298129208203, 71.48675570518537, 62.752872826461015, 53.9914681178514, 45.43486884867554, 38.19624855496174, 12.63713300787995, 23.941676830335048, 36.74435528562225, 44.79197641726673, 51.664310964996524, 56.63251588525054, 59.185297707854076, 59.55954404085976, 56.837372351880035, 44.78423844572806, 32.31545646903755, 26.875698591464833, 74.86083633150616, 69.67589699257985, 68.4600955018988, 71.25548769471408, 73.74961949945776, 77.0206545168762, 84.45150025154737, 87.47841321993407, 88.70516915020583, 86.21579876355447, 83.70305302873665, 79.31347747620032, 75.27278744485858, 73.33315491602681, 76.09256270729885, 78.4907715084366, 82.37439949532201, 79.4639444657321, 77.08559557816645, 75.39677045058318, 67.15138523627652, 75.62333867683466, 86.63193136035709, 93.09412327132398, 102.37281931700319, 115.92680160792554, 125.90919984271855, 119.18827238558445, 133.35449860557918, 128.65636970887343, 121.33640658649095, 114.12092211711854, 109.06510146330184, 102.71246582031816, 93.25256449610802], [49.27454895363452, 56.193883534500024, 65.54309100180399, 73.67318231250425, 66.63376799243974, 59.327549887591516, 51.751057418393486, 23.101427170480527, 18.259809058556936, 21.487016411314393, 29.839905124277607, 40.69108630908716, 33.28935424025215, 28.336576778967125, 25.62947561365593, 38.105062477602274, 45.595915441331556, 53.32983130675351, 65.32790679632652, 76.49009776976472, 74.71048486274326, 64.8624663652191, 54.413561977043855, 45.83362393767775, 38.6101541207096, 0.0, 8.391920782432647, 16.097995603781886, 28.251056753287674, 36.802036115582275, 36.79025067315521, 26.01832244467168, 16.344300848965457, 9.215841817520415, 4.540831964945409, 31.848624269314804, 38.9460770805317, 49.531965038908766, 61.487065517619115, 64.46662340522029, 64.05772840461067, 60.062789779277935, 56.777439822874314, 49.9139655962399, 42.10653553132176, 28.454597886970568, 17.56961757033482, 91.19058665740508, 83.522184936086