{
	"dissimilarities": [[0.0, 7.369289531324439, 16.290434243149015, 25.27993437193764, 18.149558725449246, 12.049643926065242, 8.678266602470622, 43.09026469294192, 49.937349379777196, 59.27842302261575, 67.6267440156459, 74.7452927136771, 67.18737011953633, 59.988496279794056, 50.59235570563811, 19.349470686609003, 20.234763458253468, 20.94534150413122, 26.01630860562868, 33.69775325264204, 30.357413466882186, 22.416524009050153, 15.550350272229304, 12.459505126850184, 14.558417737089703, 49.15586773057434, 56.855076487546235, 63.47324036313018, 72.72351097379097, 78.75516502049098, 78.03125987636861, 70.92422942446073, 63.06378775037397, 54.369482193097944, 47.768082556130445, 19.93964223838996, 26.25109825457969, 36.331016569510496, 39.79061603239661, 47.73591381283034, 55.88847599743987, 59.65771416894481, 59.688048458619875, 57.38557044604333, 48.646239724607845, 37.74640658890409, 35.23539792040944, 67.07483893748348, 60.82226098248695, 61.22820924950389, 65.26593782750729, 69.09825090146931, 74.1105150793885, 83.30791150906128, 87.57963250824776, 85.92025967986505, 83.93885697629425, 80.21704562893649, 74.6692374370592, 67.30681966479038, 65.05629699039473, 68.94384661895863, 72.57397681101419, 80.82276560244699, 78.71099972234383, 75.11129289458289, 72.22142521015842, 53.062401950441206, 60.008494068270046, 69.4945696842337, 78.3830100834243, 90.04947814068684, 105.88392025131152, 114.19238318219467, 114.81682953332724, 128.81333669427755, 122.41943421256664, 116.62795278802729, 108.80446970594568, 105.61119502896582, 100.32639379887739, 95.97511697914595], [7.369289531324439, 0.0, 9.487256904742804, 19.805441026841237, 13.64332951345129, 10.568738907854474, 12.67614844230474, 50.45937876417791, 57.257943766156, 66.56170974301648, 74.94733989191346, 82.05335678819992, 74.55322506859493, 67.3569449395592, 57.959354011162525, 22.716314983297558, 20.870491599480978, 18.798957526052504, 20.771141744502177, 27.585993227353242, 23.921960305168135, 16.39810152195327, 12.358305378689508, 13.923230995850709, 19.040406560793393, 55.797639055970315, 63.44700846902294, 70.17179903242275, 79.46314221224505, 85.71741625554291, 85.10468250010499, 77.91960033651272, 69.98657515178213, 61.3656087443826, 54.65285810042334, 26.495500674636908, 31.986813870556112, 40.83352183173019, 43.13534485410852, 51.30007559018273, 59.92570562325727, 64.59436797394659, 65.26847903986747, 63.63891950825417, 54.49851095543131, 44.508157860666685, 42.24243065687501, 68.74265259759464, 63.195468754200704, 64.62164339709312, 69.34627335745971, 73.87496995940306, 79.35609705665753, 88.74846781490308, 92.39153815713941, 90.03368839627275, 87.47331863350293, 82.99129356845101, 76.77923273160259, 69.41181579054849, 68.3205929427696, 72.88005810407641, 77.19594250035216, 86.0706451559854, 83.1618374350597, 78.91411107767527, 75.26645159686959, 48.00062780567886, 55.99884301574786, 66.98663344241467, 76.93104710443306, 89.10223712330003, 105.80726098945738, 115.15210279563783, 117.72289865301703, 133.03732645813267, 127.85324552187144, 122.52476086571689, 115.03259132057643, 112.20435551789004, 107.1358759023113, 102.65168580647351], [16.290434243149015, 9.487256904742804, 0.0, 11.239705230128594, 8.515879783109964, 12.158220982263932, 18.408518274350353, 58.8402257207467, 65.95257539914817, 75.3275276920214, 83.42344886997616, 90.09218792491251, 82.81700737942535, 75.69865388508045, 66.24921811640547, 31.5868702289466, 28.256935178340804, 23.827051393530883, 20.168062695615486, 22.13086431052337, 18.072101846186182, 15.082893036896206, 17.580125108516548, 22.41557127955573, 28.361882584754312, 65.16582053617532, 72.74155525716813, 79.32969491762076, 88.2944338212059, 94.26227279907927, 93.6252510742506, 86.81885406839311, 79.10615002545649, 70.54183308343673, 63.95041019857797, 35.74105442148305, 39.81567259236705, 47.07485683696453, 46.695634573122426, 55.01025411370562, 64.62431847230064, 70.23692027212907, 71.2164335288084, 70.18645849052234, 61.897925424794586, 53.00473562816247, 51.47467363917049, 68.57413229643007, 64.59867794190895, 67.68054496938629, 73.20992438788964, 78.46970898620887, 84.18275631782288, 93.23510637487172, 96.1158284069612, 93.07797286887816, 89.79611317028179, 84.36534665701848, 77.14967855632182, 69.80761487771336, 70.83395927079907, 76.23317542630218, 81.2754567336011, 90.35151720241272, 86.63798854420392, 81.66779055070344, 77.00594477344146, 41.33205318717466, 48.3766318248539, 60.39918563547278, 71.47108493452825, 84.27856015191516, 101.8792517073408, 112.54524577580807, 118.25889184768083, 134.68819445996715, 131.33923576742262, 126.78641905098195, 119.88458157321723, 117.83466516072832, 113.66641264472311, 109.91684075264274], [25.27993437193764, 19.805441026841237, 11.239705230128594, 0.0, 9.59713702008641, 17.259400696143853, 24.24805463931181, 65.17221542485838, 72.821536983636, 82.27543252949431, 89.70079874331418, 95.47870735578779, 88.62434840190018, 81.7233391818931, 72.29646300011963, 42.42032951083559, 39.319492032141646, 34.50328493092735, 28.206379142147064, 23.987738824063282, 20.55728372792393, 23.654192089344505, 28.52760841787916, 33.34683992934491, 38.797280605918424, 74.05196743460992, 81.53043435473039, 87.71766092317357, 95.98928480175296, 101.085241599501, 100.25283857542114, 94.3105424697009, 87.14162741969447, 78.63999386883651, 72.43915629735979, 44.692248262476895, 47.15481817995299, 52.91611628413104, 48.94757347504134, 57.17837771448247, 68.03134855278336, 74.225071500502, 74.92329202361351, 74.1936581909196, 68.12919786779972, 60.28695968725489, 59.81787345451917, 65.34599566345538, 63.68776492435654, 68.67498059726826, 74.81077322311549, 80.51787431128811, 85.98539329154369, 93.98137447579316, 96.18933150768171, 92.80341754758024, 88.90449639103761, 82.66595193233502, 74.36056336071483, 67.0993544012572, 70.86019791074067, 76.96919019326586, 82.46748872137937, 90.97159258927752, 86.78885468402554, 81.31011175426298, 75.68604942672135, 36.60072542034617, 38.239251797136134, 49.61404302571094, 61.47968172521931, 74.96657607933096, 93.13846739887533, 105.0110869708376, 114.43179550618402, 131.1032570183568, 129.80114371936355, 126.20442738409186, 120.08412521693127, 119.14256121434997, 116.5642528435206, 114.54044089672462], [18.149558725449246, 13.64332951345129, 8.515879783109964, 9.59713702008641, 0.0, 8.086770595468995, 16.016182030159932, 57.75498721462605, 65.56520678168964, 75.1051672983243, 82.76408895833842, 88.85850684234128, 81.41916562848238, 74.2916085596089, 64.90176872417686, 35.928985429554366, 34.265742592832, 31.165351440156627, 28.681884007540123, 29.271139696790698, 25.316426564272987, 23.572974636081742, 24.639329648546795, 27.41756401200378, 31.734647363492336, 66.80948812395361, 74.58103984503133, 81.01185626167018, 89.84500061470548, 95.04135864239214, 94.03584192761893, 87.7106032457507, 80.2294457100535, 71.43739137737873, 65.07097719712075, 36.375859754089085, 37.807053400235546, 43.38836968011849, 40.41425044742096, 48.72374478857775, 59.127032862229484, 65.18726253011127, 66.1587446111402, 65.66588795359847, 58.74588892134156, 51.381852179166806, 51.77523209650402, 60.29367954836229, 56.94671018389566, 60.82970564148261, 66.69949058723341, 72.29104707632266, 78.04588097168445, 86.87438053768825, 89.2022956980804, 85.82208613315882, 82.24248085379668, 76.50167670951346, 68.97858451286716, 61.643704260674305, 63.56292297286392, 69.31755902215721, 74.68177035429274, 83.84017900920851, 79.62117524820623, 74.32869711783843, 69.26411121890364, 45.22946375175215, 46.78508271579494, 54.86927495138078, 64.56404823354407, 76.65262378320125, 94.0305812286439, 104.36759946904922, 110.03278577319455, 127.34273113705157, 125.07172920847945, 121.16469900945926, 115.02033901899668, 114.1064072959726, 111.75235148874236, 109.99131082301798], [12.049643926065242, 10.568738907854474, 12.158220982263932, 17.259400696143853, 8.086770595468995, 0.0, 8.397522370836294, 50.115864533377156, 57.94758659912505, 67.50207799907727, 75.28397988565824, 81.59513528213891, 73.87162794041319, 66.6422256221898, 57.281007270815316, 30.321772588216177, 30.359836393787713, 29.20033311343555, 30.220006995933172, 33.93575874167734, 30.031917315809544, 25.33559293671437, 22.72700365173106, 22.811042586722134, 25.526166028488124, 59.343819159434496, 67.2269085189271, 73.71130981949456, 82.77518440406696, 87.978479870315, 86.87911634312741, 80.37259616886097, 72.77774916694112, 63.8649442068165, 57.48048784720824, 28.648239700039966, 29.897658004017003, 36.31168258610274, 34.97507952291239, 43.32296588400311, 53.164277961701046, 58.5645360901455, 59.28718944136335, 58.436826579023496, 51.089451735181456, 43.30303095738194, 43.91244418595691, 58.423630880127405, 53.59933935329871, 56.088388334924474, 61.34514936030142, 66.4047288111822, 72.02568037614571, 81.20505818199659, 84.09160773855416, 81.22058135697586, 78.22317660059879, 73.28023819208445, 66.63424876820956, 59.24285671437445, 59.28087944867268, 64.37502673982287, 69.19551023028507, 78.29577762840509, 74.64281366684642, 69.90502727987331, 65.68077121619454, 51.18956462700269, 53.24951982046539, 59.93932655912479, 68.28160783781638, 79.56182675071904, 96.00416972926084, 105.01104974216716, 107.67346921326337, 124.24808940476623, 120.5673852489533, 116.11619427821879, 109.63007131318633, 108.33177763613429, 105.68676964359712, 103.84475871835014], [8.678266602470622, 12.67614844230474, 18.408518274350353, 24.24805463931181, 16.016182030159932, 8.397522370836294, 0.0, 41.79601588831828, 49.62852930555579, 59.185818002967224, 66.90904203700141, 73.24466486147759, 65.57534667195232, 58.38042483243271, 48.98723619020253, 26.583460742018936, 28.62437044153881, 29.441016385280737, 33.132382329047, 38.4743500165615, 34.928320070894465, 28.93983958161308, 23.67048713242879, 20.778819374812876, 21.174749374139214, 51.73328887662548, 59.53543892039099, 65.81667802558609, 74.69615119985833, 79.6904601049401, 78.53522898944065, 72.1540596875064, 64.71320923133905, 55.834961686629796, 49.651572635825815, 21.941971479383025, 24.167421299007515, 32.46265175317403, 32.883648363161306, 41.00989032264541, 50.23053555369917, 54.36257706792859, 54.13011229500258, 52.20635368516736, 45.408418646848865, 36.15822827268475, 36.24142707181941, 58.736972112024986, 53.03261237111666, 54.11966473906596, 58.42369838755542, 62.49797450666307, 67.43278703205785, 76.27348326862004, 80.1371158864591, 78.29765844622784, 76.10257844306088, 72.18758036811059, 66.38525107627574, 58.97183426982764, 57.49448644203729, 61.663734144291766, 65.51139381545752, 73.6470291192004, 71.1944618030706, 67.37258757822823, 64.1806600283722, 55.44187643596877, 57.86366614967047, 63.9751227533493, 71.47802274553122, 82.43514503575066, 97.83946862436414, 105.72313218741873, 106.29260175687334, 120.7851302709628, 115.36939733768811, 110.19622375867854, 103.09581752700085, 101.08735185119484, 97.79120908434729, 95.74176911787028], [43.09026469294192, 50.45937876417791, 58.8402257207467, 65.17221542485838, 57.75498721462605, 50.115864533377156, 41.79601588831828, 0.0, 9.049862734081385, 18.240736967992, 25.402940034972602, 32.503252626924905, 24.13776863823593, 16.92111558474553, 7.565551866335, 41.609567028641024, 49.41404191099964, 55.86188313469286, 65.49892507193454, 74.13785914976546, 71.66203284861676, 63.60492048734841, 54.24844935393065, 45.94229240043842, 38.90586883735698, 22.95190984239771, 27.978450651477218, 31.306468972416628, 38.386006135649446, 41.03409006673891, 38.95730258158941, 33.516189459890306, 27.842902112419047, 20.118886177411188, 18.5165179583521, 28.25690356689791, 30.26785015429811, 38.32984686610635, 46.18531716094769, 48.85667303494954, 50.66769460905154, 46.37410074198629, 40.736888127779345, 32.251460608413524, 31.930334453644246, 18.804810637904783, 15.785546319851045, 73.00916453501478, 64.36312662638528, 58.49138452120481, 56.72957712593353, 54.32508174817419, 54.3285292382621, 60.20460466543281, 69.02087313229961, 72.86888864115437, 75.24770058153548, 77.10692137178326, 76.56679774693924, 70.7382497952354, 62.064789900865165, 60.4615519525296, 58.18378292436662, 59.7461417341995, 64.3680439905358, 66.16546849371316, 68.91483264349255, 89.23965614436692, 91.99982304101667, 94.68930615843583, 97.94617440623537, 105.96759276817951, 115.86920118235204, 117.77770808891374, 106.62251945948303, 110.66437493357685, 95.73189400612672, 86.55099522109685, 76.32769584413651, 70.00038051026164, 62.897941482012925, 60.15168956652092], [49.937349379777196, 57.257943766156, 65.95257539914817, 72.821536983636, 65.56520678168964, 57.94758659912505, 49.62852930555579, 9.049862734081385, 0.0, 9.578059633848026, 18.082225988591805, 26.780340080311486, 18.812879388835643, 12.536851023397421, 7.485571622885589, 45.664047739081354, 53.49785494139456, 60.387034786854805, 70.65247531748052, 79.93688930299943, 77.70618536460806, 69.28255371265742, 59.62535088287521, 51.15275519404704, 43.919927701737144, 18.077351730446196, 20.91332380372477, 22.957648849959313, 29.683035246597576, 32.62876860725476, 30.68862773112004, 24.551685253622995, 19.06432668883016, 12.387763243419693, 13.818649773566554, 34.08821806065836, 37.34167421025259, 45.38563804311818, 54.529962721962484, 56.73979168723158, 57.302613557222756, 52.05203855811081, 46.29222744315914, 37.4754389084686, 36.88512371237637, 24.446950426448492, 18.99428599231148, 81.45211915238832, 72.50047864672361, 65.90379010307616, 63.4613710266116, 60.249276992958336, 59.589521930394774, 64.86076481348296, 74.30673065865575, 78.93148918471545, 81.9361499058579, 84.50197390151654, 84.60120912785563, 79.01989161270839, 69.59324275051385, 67.31800294520394, 64.28166445597259, 64.87006133735785, 70.50063861831705, 73.04289530190357, 76.48731375848209, 95.16840796865888, 99.43944209406537, 103.07109154428902, 106.5387081965781, 114.62621236298058, 124.13766217316132, 125.57920499291234, 113.16825144078824, 115.24971646124517, 98.36540535504143, 88.22113213748034, 77.10770979488329, 69.02185460035442, 59.30260837591913, 54.12090948923753], [59.27842302261575, 66.56170974301648, 75.3275276920214, 82.27543252949431, 75.1051672983243, 67.50207799907727, 59.185818002967224, 18.240736967992, 9.578059633848026, 0.0, 9.905458847170985, 19.994147511539992, 13.197178430661532, 10.499322404499539, 13.430589957449708, 53.76308247893673, 61.545064769466386, 68.634608386674, 79.16299186060105, 88.66112881969752, 86.58276383031861, 78.0737466915701, 68.32724462189155, 59.82470470661795, 52.5398854626001, 20.535283685816008, 19.544607102242246, 18.3483567507361, 22.716062723325162, 24.39673228732826, 22.128408670744243, 16.320469775151572, 13.28085183799733, 11.67463446833814, 17.481671689837274, 43.04339837082186, 46.12822137952486, 53.35874415745836, 62.81428505682596, 64.28814391693406, 63.663062538679334, 57.320028804717076, 51.12475602724533, 42.001173262087555, 42.71092785882829, 32.24835218506302, 27.183580189207913, 88.84482336301903, 79.78067952978573, 72.47140146402222, 69.174900991155, 64.9467779504733, 63.27797576012028, 67.45821911288816, 77.54902400903183, 83.17371040448539, 86.94454658451093, 90.42627688289612, 91.34511521263629, 86.1598506493993, 76.0410925802114, 72.92660453979917, 68.91429182311607, 68.02348477367293, 74.89077301981122, 78.38450146107921, 82.68716678940086, 103.58463844224032, 108.18719856156673, 111.70204337616319, 114.77472094763162, 122.49786908344561, 131.15798809351725, 131.69456010160405, 117.49765148801274, 117.19459506266993, 98.26447484139165, 87.21804550272286, 75.41308657618958, 65.83703404928823, 54.210157282144465, 47.744890635650286], [67.6267440156459, 74.94733989191346, 83.42344886997616, 89.70079874331418, 82.76408895833842, 75.28397988565824, 66.90904203700141, 25.402940034972602, 18.082225988591805, 9.905458847170985, 0.0, 10.392725545316639, 7.471101750558882, 11.597218322240122, 18.882139635603927, 63.28630202444986, 70.96413432478711, 77.82898599111692, 87.91192665480804, 96.74733675800304, 94.74820652980962, 86.77086118375081, 77.3280315440715, 68.97606950764143, 61.83851840508336, 30.039964478767725, 27.555632667261662, 23.8819616950708, 23.170873007432352, 20.006274275804806, 16.48648890206623, 16.154799252309946, 18.80445933787869, 20.89251783177836, 27.290843871782304, 52.14921570841581, 54.38680056661214, 60.647059383577705, 68.74335084808318, 69.55260798969621, 68.61953150507544, 61.44744278259886, 54.24471073343601, 44.598462273480024, 48.81743519578947, 40.23804804102253, 36.629830982681376, 92.24564867332491, 83.82266604995137, 76.39577199123588, 72.37470009769505, 67.14660521662722, 64.00151892081787, 66.0355155008573, 76.85037767822163, 83.75376342231027, 88.23980260326728, 92.58010931522978, 94.07566690620591, 89.3167944128385, 79.36180779695091, 75.54189592004285, 70.50460773607547, 67.21626502805775, 75.61642212076605, 80.12415497930219, 85.13118121171432, 110.33924623077824, 113.5786922648435, 115.86240478509019, 118.02221311518025, 125.14583654821215, 132.4975658213196, 131.97098782244336, 116.7394569105301, 113.13998467464556, 92.44060122218836, 80.6617995801579, 68.24922452862398, 57.55772976364681, 45.2367641366499, 40.34503836342762], [74.7452927136771, 82.05335678819992, 90.09218792491251, 95.47870735578779, 88.85850684234128, 81.59513528213891, 73.24466486147759, 32.503252626924905, 26.780340080311486, 19.994147511539992, 10.392725545316639, 0.0, 10.575484676277913, 17.715274570708154, 25.500467136382184, 72.16756341510273, 79.71569058619411, 86.22631986190623, 95.64611234135045, 103.55836988034007, 101.60784423646713, 94.34538982669936, 85.34294591585488, 77.22289912199635, 70.31440924390608, 40.2932281036848, 37.6720733796972, 33.26006846262704, 29.576340495188816, 22.37475214731372, 18.241813833220643, 23.449736624185803, 28.49428473670578, 31.181291532246796, 37.40914987097356, 60.411246721919326, 61.79719701501395, 67.19437174191152, 73.45373802933841, 73.74463039108662, 72.9541955255212, 65.32700592678164, 57.179380190802426, 47.2403672459009, 54.9933380814014, 47.89956267129275, 45.605868883233725, 93.84414606007616, 86.4076823262421, 79.24106100984412, 74.72418265439292, 68.73243121522134, 64.13555137833966, 63.65623202077366, 75.04836088490795, 83.16586402741771, 88.20767042377372, 93.22239833119461, 95.07673124649502, 90.73896159076575, 81.44069933708418, 77.13176022567693, 71.25719291616035, 65.41531841291771, 75.2375867566213, 80.61107968448808, 86.09663257703352, 115.55372728779459, 116.90343824100826, 117.63563679361062, 118.76245054325061, 125.22552892871657, 131.17235766087225, 129.64034518004064, 113.98753452110644, 106.87721862291549, 84.70991006829496, 72.32893506731801, 59.33826289497006, 47.6838733919328, 35.45205725725774, 34.62318366589132], [67.18737011953633, 74.55322506859493, 82.81700737942535, 88.62434840190018, 81.41916562848238, 73.87162794041319, 65.57534667195232, 24.13776863823593, 18.812879388835643, 13.197178430661532, 7.471101750558882, 10.575484676277913, 0.0, 7.6783843779223515, 16.699302097232597, 64.32649593903396, 72.23494487624137, 79.03870108476093, 88.95084084223751, 97.47818325425398, 95.23525668966064, 87.37616424525528, 77.96724275163066, 69.56196345721459, 62.331105327250945, 33.3864719714262, 32.40168859489156, 29.97992104136889, 30.550547754691944, 27.074801934568036, 23.279888524727625, 23.34576270043628, 24.68759783041236, 24.722650567906125, 29.99845779545885, 51.72794883640667, 52.17973058870973, 57.12682111299466, 64.26420494890456, 64.45293755619672, 63.22361969522164, 55.68895721962541, 48.02335955112003, 38.259951041974965, 44.560719060954625, 37.83669386301082, 36.69918516145067, 86.42045167309986, 78.05653852649748, 70.42979136139286, 66.05137340344218, 60.44867628723705, 56.877742882996024, 58.64009886079078, 69.48754259809039, 76.57702722175473, 81.25852042505113, 85.91980583233105, 87.80888256479562, 83.3346985756455, 73.15211669321799, 68.9910469967239, 63.60228473262169, 59.88158266978807, 68.51144665046627, 73.3130762808333, 78.64393297799145, 111.046351017391, 112.51542546543432, 113.0339001692109, 114.17554918712466, 120.46476862881805, 127.23839620975569, 126.03724048255171, 109.61489296431706, 106.60966146695989, 86.33297677150985, 74.92929793720229, 63.17420442611438, 53.96935526018396, 45.066042491931846, 44.481326031625926], [59.988496279794056, 67.3569449395592, 75.69865388508045, 81.7233391818931, 74.2916085596089, 66.6422256221898, 58.38042483243271, 16.92111558474553, 12.536851023397421, 10.499322404499539, 11.597218322240122, 17.715274570708154, 7.6783843779223515, 0.0, 9.46874228597922, 57.26032973135634, 65.27247309188738, 72.1086327583114, 82.12356283258386, 90.85772974419383, 88.47879974492908, 80.40035539477859, 70.87856822712781, 62.40520073609812, 55.10149974711397, 28.452746381313084, 29.236957997165575, 28.736225955767768, 32.194453799237856, 31.211572328642383, 27.949285274015917, 25.23942887187969, 23.56697203442519, 20.749048682701307, 24.568815273721157, 44.235049893304314, 44.51724910265276, 49.78586678345461, 57.409414955087875, 57.99449911081439, 57.15601815791434, 50.200839129269944, 43.00610224497409, 33.35503636815444, 37.95556459578364, 30.253017308026003, 29.418567133412413, 81.11134408037394, 72.35033892269178, 64.86002006407348, 61.01141135876327, 56.14635051219566, 53.65637137233304, 57.0923544745101, 67.37294580768526, 73.46292871029735, 77.5636665998486, 81.55331808371068, 82.97643075276186, 78.17931612050155, 67.94457381239764, 64.31548665366705, 59.6919706016796, 57.79295166850855, 65.21691348421062, 69.23031335668973, 74.01505376971578, 105.1893822522773, 106.9151968982896, 107.75493955295693, 109.29512255272728, 115.86184313219435, 123.51380916344968, 123.03990575702625, 107.45081682933203, 107.2014952659305, 88.64699159621938, 78.02001662370778, 66.94703401224704, 59.05622358150475, 51.33278708343398, 50.26166694576029], [50.59235570563811, 57.959354011162525, 66.24921811640547, 72.29646300011963, 64.90176872417686, 57.281007270815316, 48.98723619020253, 7.565551866335, 7.485571622885589, 13.430589957449708, 18.882139635603927, 25.500467136382184, 16.699302097232597, 9.46874228597922, 0.0, 48.82381689805592, 56.71672040686541, 63.29489645497243, 73.0071597499136, 81.55226756456553, 79.11864256495943, 71.15622454299401, 61.78997200359891, 53.440738322609334, 46.31006928042925, 25.017785760033718, 28.18220858676997, 29.824419295523896, 35.37993888008873, 36.408768457164875, 33.79530762565389, 29.534767941178227, 25.444807718797403, 19.497411351495096, 20.589911726570396, 35.49129929193837, 36.407080069472656, 42.97022975945214, 50.468254924284516, 52.11211735205243, 52.77695515041626, 47.17411449961742, 40.580263218735006, 31.23952072855828, 33.78687361252695, 23.31794295162783, 21.802162943665703, 75.6450510608223, 67.01401958366209, 60.41085482136748, 57.65165361547722, 54.061638595722094, 52.843907641889345, 57.54967717273408, 67.11855248573154, 72.04929043711999, 75.22404650878062, 78.07338715889725, 78.41311546916837, 73.04420017252185, 63.69961090400639, 61.140597380859624, 57.734234552717346, 57.60274267607974, 63.58450150748677, 66.43027400122979, 70.13156464603426, 96.10487213434003, 98.10181465961759, 99.7214381033578, 102.07738887353163, 109.39021145779587, 118.19300147039682, 118.98138962856038, 105.88369107163982, 107.91679342888769, 91.42004520952204, 81.62613346415642, 71.02789247767156, 64.12866863982191, 56.97744249361525, 55.248164768157245], [19.349470686609003, 22.716314983297558, 31.5868702289466, 42.42032951083559, 35.928985429554366, 30.321772588216177, 26.583460742018936, 41.609567028641024, 45.664047739081354, 53.76308247893673, 63.28630202444986, 72.16756341510273, 64.32649593903396, 57.26032973135634, 48.82381689805592, 0.0, 8.566750712734146, 16.53123932461753, 29.192061008191697, 42.26968916061662, 39.77194705752799, 28.354996873679973, 17.401066048558896, 9.304631935879307, 5.674317359901276, 38.07633591011952, 45.4714719987743, 52.94076658450439, 63.5886378312792, 71.78152338200644, 71.72062263478314, 62.70872926018892, 53.78130677604867, 45.62302706929803, 38.32655230361382, 16.38490410955322, 27.845772313632708, 39.59586221908983, 49.83627542814438, 56.46158744764568, 61.107051260045345, 63.18093175820379, 63.71067392668759, 60.845600156445, 48.036803081002596, 35.3203476377785, 28.586924803775954, 81.32738798191407, 72.64165792135302, 70.20029257255602, 72.84242266521159, 75.52537493845804, 80.54654757287247, 90.91979422263636, 96.13904945993295, 95.13934975134254, 94.1946480640901, 91.79264182691888, 87.96626165682393, 80.9834133177323, 75.20805574008752, 77.66717580464623, 80.24419604263326, 88.83049981980248, 87.6855105469048, 85.11687424016525, 83.80226173842146, 64.53644401061688, 77.11626565885456, 88.70708952877723, 97.6788047596439, 108.9611104028986, 124.34344965924883, 131.56826859623592, 128.0108011006868, 141.223464369981, 131.8103449821777, 124.54190221427686, 115.4874628060362, 110.15080705893092, 101.52345581700638, 93.18528528053011], [20.234763458253468, 20.870491599480978, 28.256935178340804, 39.319492032141646, 34.265742592832, 30.359836393787713, 28.62437044153881, 49.41404191099964, 53.49785494139456, 61.545064769466386, 70.96413432478711, 79.71569058619411, 72.23494487624137, 65.27247309188738, 56.71672040686541, 8.566750712734146, 0.0, 8.372513456682528, 21.550439170714572, 35.41939490559291, 33.20878042913172, 21.51820616530825, 11.378777339752897, 7.857013337074464, 11.821206944608235, 45.5940236614754, 52.56485461393438, 59.85555371056545, 70.10602098434111, 78.50517505778963, 78.68163877406664, 69.80213938617786, 61.060969628242844, 53.25803914009762, 46.11134221103186, 24.20413651988521, 34.868255382496685, 45.96427497839845, 54.856447761141446, 61.960431139148056, 67.38665261116104, 70.26466326252402, 71.13255816899145, 68.58960835814514, 55.8840228313522, 43.62480256106219, 36.98680527823529, 85.12259254628322, 77.19433497418757, 75.77898785059945, 79.07406081988783, 82.34921356433449, 87.66101755338802, 97.98285767941124, 102.84587229386636, 101.38731210651132, 99.9453097869603, 96.8480258656292, 92.28260543039342, 85.16838041310953, 80.62001009422016, 83.72439033281742, 86.87058276615755, 95.75211420732772, 94.0972075940556, 90.99205068050142, 88.96394701550652, 58.553587413175215, 73.50996469745756, 87.33089682212207, 97.6119266338647, 109.69823429976246, 125.93604300298597, 134.30663689598333, 133.06482979137212, 146.8818492846446, 138.33947839411118, 131.3330882242215, 122.32077036641805, 116.9965772052821, 108.05859588496274, 99.08870965574846], [20.94534150413122, 18.798957526052504, 23.827051393530883, 34.50328493092735, 31.165351440156627, 29.20033311343555, 29.441016385280737, 55.86188313469286, 60.387034786854805, 68.634608386674, 77.82898599111692, 86.22631986190623, 79.03870108476093, 72.1086327583114, 63.29489645497243, 16.53123932461753, 8.372513456682528, 0.0, 13.275164872507268, 27.491461930086604, 25.461580741258192, 13.855061013905711, 6.581381398504725, 11.104695909842373, 18.230953247364496, 53.33627811678507, 60.15304770814101, 67.20803470990839, 76.96348156545382, 85.14149012834419, 85.37546107911238, 76.8986562729722, 68.43923735226019, 60.732432299950574, 53.73652063124276, 30.73763455828654, 40.52566165058158, 51.00827131772952, 57.98213929812186, 65.55203016499433, 72.02099314813997, 75.69215207052844, 76.69566431225854, 74.42752711354431, 62.391968252590225, 50.54503554961284, 44.42133366780249, 86.40672213616057, 79.51155064142152, 79.30797757226325, 83.27179594281411, 87.12840439652739, 92.62093873609412, 102.68239731312428, 107.14423440551465, 105.26157196009298, 103.29208996735052, 99.47236233488495, 94.08155291469492, 86.84848546853333, 83.81718654499578, 87.59984053719808, 91.30283573396241, 100.29732302083019, 98.14464266129302, 94.50073527350422, 91.70244802900031, 51.21344704837968, 67.65691271127844, 83.23951979090342, 94.64980790205695, 107.45590147898444, 124.42090292016626, 133.91036003351903, 135.27516139566518, 149.60101930693494, 142.2206912372441, 135.64981449095808, 126.85742937051934, 121.8644427893173, 113.20392511163952, 104.40359356403182], [26.01630860562868, 20.771141744502177, 20.168062695615486, 28.206379142147064, 28.681884007540123, 30.220006995933172, 33.132382329047, 65.49892507193454, 70.65247531748052, 79.16299186060105, 87.91192665480804, 95.64611234135045, 88.95084084223751, 82.12356283258386, 73.0071597499136, 29.192061008191697, 21.550439170714572, 13.275164872507268, 0.0, 14.618578701257592, 13.141613429653951, 5.301132474002229, 13.026892465060842, 21.68279769915914, 29.578123481348864, 65.19585977830943, 71.84692235026935, 78.50677917086115, 87.45514804180907, 95.0843897167833, 95.33093874553369, 87.60279539924268, 79.64028716843217, 72.0389732547543, 65.31645508642936, 41.36703066508506, 49.93481574694598, 59.50786664202953, 63.43051543628673, 71.49614627849397, 79.47241696009355, 84.10179273224773, 85.0758138452749, 83.0747853705912, 72.46584008299722, 61.13252146605727, 55.71876000634898, 88.26903688372781, 83.22115688114695, 84.87278433114095, 89.70504996770887, 94.27030523793486, 99.82530548920975, 109.21522409029153, 113.12350030186644, 110.75450935944056, 108.05820697538815, 103.23889901535544, 96.62146410095156, 89.28874527619003, 88.72723635664912, 93.42475581406082, 97.81321786311506, 106.64922274898542, 103.91626946172188, 99.58516203013457, 95.69309294431895, 39.0599044651592, 57.646137624674, 76.01799417393448, 89.16039340138373, 103.0660477359103, 120.9650722896925, 132.1539748643612, 137.78125068308958, 152.46751490770254, 146.91353292579257, 141.05931426366556, 132.66257733129268, 128.2575642433735, 120.23514505019753, 112.05225300786667], [33.69775325264204, 27.585993227353242, 22.13086431052337, 23.987738824063282, 29.271139696790698, 33.93575874167734, 38.4743500165615, 74.13785914976546, 79.93688930299943, 88.66112881969752, 96.74733675800304, 103.55836988034007, 97.47818325425398, 90.85772974419383, 81.55226756456553, 42.26968916061662, 35.41939490559291, 27.491461930086604, 14.618578701257592, 0.0, 4.276672037634287, 15.01800193377538, 25.542262753047332, 33.87523461723028, 41.53665767965876, 76.68875671748793, 83.21221118247047, 89.36957547723179, 97.35300082701296, 104.07304938060997, 104.21861350254287, 97.51137359053094, 90.20681887838894, 82.6932085983201, 76.36570084096999, 52.05702191154344, 59.438240478345875, 68.16391536699194, 68.79133170968058, 77.11731938839468, 86.57952387840298, 91.8560730905939, 92.44787060638264, 90.5092196359108, 82.02551449707278, 71.13678514379596, 66.49208423975008, 88.99855547234282, 86.21472629055377, 89.75323101512893, 95.25344910341788, 100.28384020670283, 105.57325086786138, 113.82267832669736, 117.25890522790556, 114.65932579162194, 111.35024809107703, 105.68700661367455, 97.87524414835647, 90.54383237041739, 92.71821506761754, 98.17107240305366, 103.01203898417675, 111.15480227356817, 108.11415126512357, 103.29309829209281, 98.41629478330387, 25.037318121013463, 45.02836705332568, 66.3052609559351, 81.16842554266381, 96.21280043981027, 114.72912180477894, 127.57844043909571, 137.94573616997806, 152.25190133864913, 148.64022595805827, 143.61159773584362, 135.72820449543516, 132.08348365924732, 125.10470550472819, 118.17564408855922], [30.357413466882186, 23.921960305168135, 18.072101846186182, 20.55728372792393, 25.316426564272987, 30.031917315809544, 34.928320070894465, 71.66203284861676, 77.70618536460806, 86.58276383031861, 94.74820652980962, 101.60784423646713, 95.23525668966064, 88.47879974492908, 79.11864256495943, 39.77194705752799, 33.20878042913172, 25.461580741258192, 13.141613429653951, 4.276672037634287, 0.0, 12.137571760265315, 22.72873705742063, 31.064518808055112, 38.72018091900347, 74.71341342794382, 81.48553715170078, 87.80397032086158, 96.08699129108253, 102.76069987891196, 102.76670244908377, 95.94223616406887, 88.47499725054028, 80.71813169852221, 74.26581997830999, 49.00066036687866, 55.84011591917965, 64.24410143812786, 64.76704473071123, 73.07839767193609, 82.52168370009672, 87.9463005627611, 88.72848454103776, 87.05011774861232, 78.39837408433179, 67.93483863683795, 63.84277258711136, 85.22620774880004, 82.21824115175312, 85.7117367840359, 91.27358024845648, 96.42122543200077, 101.87929123304083, 110.38657653241209, 113.64087726277637, 110.85470583961266, 107.49263231770898, 101.8007321566003, 94.07112057371239, 86.75540451744754, 88.74020832480475, 94.23483274494636, 99.18973887884968, 107.65206552981901, 104.37303775955137, 99.45197780788556, 94.55695334664887, 27.951546660987233, 45.29794521716319, 65.01658439476421, 79.29768310811531, 93.9445742402403, 112.42098140370025, 124.95133135884795, 134.49895323228787, 149.4955139855367, 146.04242903732705, 141.14002657022226, 133.47608504633507, 130.16835493659448, 123.73097758423911, 117.35487448910229], [22.416524009050153, 16.39810152195327, 15.082893036896206, 23.654192089344505, 23.572974636081742, 25.33559293671437, 28.93983958161308, 63.60492048734841, 69.28255371265742, 78.0737466915701, 86.77086118375081, 94.34538982669936, 87.37616424525528, 80.40035539477859, 71.15622454299401, 28.354996873679973, 21.51820616530825, 13.855061013905711, 5.301132474002229, 15.01800193377538, 12.137571760265315, 0.0, 11.05427878941064, 19.911417994617054, 27.845009170096354, 64.79866867415276, 71.79831610397551, 78.56078822838032, 87.69363158524409, 94.99992950574062, 95.01075093814653, 87.38196365424422, 79.3555591858596, 71.40972028771887, 64.60277970841369, 39.00925153631637, 46.54847897154266, 55.56561162358009, 58.73243071306624, 66.84637653476011, 75.10882903888673, 80.05554937774777, 81.18556415167728, 79.53486799204587, 69.1555508724426, 58.482777958614584, 54.073453101822096, 83.1252374767675, 78.18520147043975, 80.10717689344408, 85.13673477938892, 89.93522742478812, 95.64831210372783, 105.13785090080258, 108.7270522535526, 106.09143378776051, 103.22335358725343, 98.22991579096252, 91.5139165069176, 84.20188919921836, 83.87621867965889, 88.75844739125557, 93.36896563296122, 102.46666466531033, 99.38055369109924, 94.84093306722042, 90.75791189189603, 39.50800694923168, 55.44432148523003, 72.32503035267902, 84.9520702462185, 98.50927623790949, 116.38460159399068, 127.4235606557558, 132.8603351318486, 148.2946408410006, 143.32674196062962, 137.8107695026765, 129.8192000677483, 126.04112618740375, 119.01874061647527, 111.94340191790548], [15.550350272229304, 12.358305378689508, 17.580125108516548, 28.52760841787916, 24.639329648546795, 22.72700365173106, 23.67048713242879, 54.24844935393065, 59.62535088287521, 68.32724462189155, 77.3280315440715, 85.34294591585488, 77.96724275163066, 70.87856822712781, 61.78997200359891, 17.401066048558896, 11.378777339752897, 6.581381398504725, 13.026892465060842, 25.542262753047332, 22.72873705742063, 11.05427878941064, 0.0, 9.0132508663617, 16.9972199918392, 54.41050405840161, 61.631506262321714, 68.66337983488611, 78.36806839430434, 85.9339642653411, 85.8679006302304, 77.76607234408623, 69.40108186274826, 61.2774232510097, 54.27092634189849, 28.68922629956359, 37.20248780082422, 47.170904074073164, 52.73100610532333, 60.524169578877284, 67.7055295660033, 71.8395195421678, 72.8673383075709, 70.91960390573333, 59.60712562729237, 48.412337015150406, 43.629275133963844, 80.26794277448653, 73.79929616833252, 74.18089453030234, 78.4772776032381, 82.6581050194791, 88.25591358777017, 98.20969064994708, 102.31268614459923, 100.15700409172257, 97.92162507699446, 93.7974821752856, 88.09422348813688, 80.82581954929042, 78.45995954991646, 82.57067432168593, 86.57446205560734, 95.69281213349706, 93.15937466106193, 89.22720005892154, 86.07550495759715, 49.06347488907761, 63.03696166007167, 77.34136995199432, 88.37925085427388, 100.99024942438182, 117.9700711794721, 127.50476547465992, 129.3769627128577, 144.30471815927575, 137.8052608064764, 131.7066849899002, 123.39870974636888, 119.19858373047246, 111.8118407423315, 104.5043430228756], [12.459505126850184, 13.923230995850709, 22.41557127955573, 33.34683992934491, 27.41756401200378, 22.811042586722134, 20.778819374812876, 45.94229240043842, 51.15275519404704, 59.82470470661795, 68.97606950764143, 77.22289912199635, 69.56196345721459, 62.40520073609812, 53.440738322609334, 9.304631935879307, 7.857013337074464, 11.104695909842373, 21.68279769915914, 33.87523461723028, 31.064518808055112, 19.911417994617054, 9.0132508663617, 0.0, 7.987291275029984, 45.85983315173188, 53.32039688718595, 60.49389153717718, 70.55181856561148, 78.10484400894015, 77.9060751860789, 69.58369228422, 61.038093151624736, 52.71433131111476, 45.6028015759555, 19.989290892650423, 29.671135778093582, 40.67720806429456, 48.06907394967578, 55.471465853966315, 61.77995399522103, 65.02868018263995, 65.7081992087941, 63.327494973594305, 51.69681170198754, 39.82858806950214, 34.705795136024854, 77.64982538856108, 70.14953844490181, 69.27323871729294, 72.84027760138274, 76.3544867832617, 81.6555317781351, 91.73261227571425, 96.34513595985969, 94.75006213251666, 93.1085621343678, 89.79226360683862, 84.9361265753134, 77.74755986795685, 73.8391428009916, 77.21613173163828, 80.57131639918866, 89.38911678272389, 87.49483369559202, 84.18628917331864, 81.87254876343493, 56.27622597400986, 68.36566226411972, 80.54859255029393, 90.25417698647112, 102.0912246961915, 118.17435167314041, 126.45060524972915, 125.63212127486585, 139.72814170287074, 131.98029522136784, 125.42834588053698, 116.8833532832, 112.38974857041566, 104.87159154926293, 97.68680863460138], [14.558417737089703, 19.040406560793393, 28.361882584754312, 38.797280605918424, 31.734647363492336, 25.526166028488124, 21.174749374139214, 38.90586883735698, 43.919927701737144, 52.5398854626001, 61.83851840508336, 70.31440924390608, 62.331105327250945, 55.10149974711397, 46.31006928042925, 5.674317359901276, 11.821206944608235, 18.230953247364496, 29.578123481348864, 41.53665767965876, 38.72018091900347, 27.845009170096354, 16.9972199918392, 7.987291275029984, 0.0, 38.59396997269671, 46.331435026758975, 53.64802754449537, 64.07735056081836, 71.57708233246369, 71.22333034900873, 62.68248562412765, 53.951250718129906, 45.40064378869804, 38.17542118244053, 12.56493412921711, 23.667272477515297, 35.60049428239088, 44.8166072134234, 51.6606678686157, 56.96751356931029, 59.27981913573544, 59.618949386356505, 56.82896402234274, 44.86938612644289, 32.33144046391861, 26.88518440861996, 75.93237394189619, 67.52143787758462, 65.42147419701882, 68.23413321543187, 71.0658327619301, 76.06110372122383, 86.25098468159653, 91.31932182967044, 90.25093609506554, 89.18280125145118, 86.65241759826722, 82.64063737166133, 75.60040363500913, 70.23317168994693, 72.86362895264321, 75.56587372889615, 84.08143779712701, 82.79478422921682, 80.10302005350665, 78.61296126866425, 63.12961994219587, 73.68734258719964, 84.02515896259723, 92.51439034695552, 103.5770241868373, 118.79443175616846, 125.90724296901053, 122.59606721742384, 135.95936864029383, 127.09135555797398, 120.1426980378147, 111.42004456123806, 106.69480900468835, 99.13333766894178, 92.1567530088374], [49.15586773057434, 55.797639055970315, 65.16582053617532, 74.05196743460992, 66.80948812395361, 59.343819159434496, 51.73328887662548, 22.95190984239771, 18.077351730446196, 20.535283685816008, 30.039964478767725, 40.2932281036848, 33.3864719714262, 28.452746381313084, 25.017785760033718, 38.07633591011952, 45.5940236614754, 53.33627811678507, 65.19585977830943, 76.68875671748793, 74.71341342794382, 64.79866867415276, 54.41050405840161, 45.85983315173188, 38.59396997269671, 0.0, 8.385568222171292, 16.01289043935373, 27.996433150277664, 36.48610739708102, 36.371820957346884, 25.96720360719862, 16.347211291954782, 9.205753914802091, 4.5164443941278645, 31.85724636680824, 38.83154600473323, 48.578306187099955, 61.4049472023812, 64.42265824637374, 64.23620411203132, 60.093847536368365, 56.78587956750948, 49.852205074571074, 42.13323707145928, 28.439240774089697, 17.5443833735141, 92.14877890477213, 82.001053574484, 75.1753