{
	"dissimilarities": [[0.0, 8.90433499414442, 15.892201625172953, 24.87825416076084, 18.51148825537463, 12.586417406848305, 8.435956236779859, 40.908105239894866, 48.94804661607086, 59.36510067492002, 66.53401214581841, 73.61648843051042, 67.18222101889158, 60.177292901916864, 50.636065493276966, 23.02317531043939, 23.477601474861736, 24.664249093933364, 31.22632363993395, 37.30269486351015, 34.18467094519628, 27.4218944819054, 19.235491505101034, 15.79398134178219, 16.516523256771716, 49.68677807509292, 56.939602838434425, 64.72926983500477, 73.03194439541824, 78.79822912733171, 77.92564406402253, 70.82974742643368, 62.73153143105293, 54.35735622435515, 48.91221862333695, 17.54271897292156, 30.819847121249857, 43.39622848277579, 41.74862899196449, 49.728582299789245, 56.000081823217016, 59.59603307797346, 60.79702012544669, 57.43551572161971, 50.90956791363098, 39.35248110345493, 32.99731023110128, 68.0787083995326, 63.247907575323374, 61.14035809324873, 65.80618308136818, 67.9095042926513, 74.69567370035914, 82.51048276966505, 86.50830975122483, 88.46306402034473, 87.1895242443496, 83.83220701209572, 78.70586975088368, 69.3308584239528, 65.05572806732505, 68.35099615813307, 70.63296922245624, 79.15097396367938, 80.0301295498268, 78.20117485783584, 74.48249201309314, 57.44299961796891, 61.18927671689347, 73.71350912881074, 80.87727431522751, 93.72320189138077, 103.36757162544035, 109.91586408017496, 115.78268311752052, 126.60843895612864, 122.3698335908813, 117.1278720667328, 109.11974738284431, 106.11029909816081, 100.09689576605645, 95.07776484229697], [8.90433499414442, 0.0, 7.841842853002411, 19.43088218258577, 15.005266588416681, 12.622888071753666, 14.290914287329132, 49.53876146035596, 57.2516438186536, 67.51037469568375, 74.8566178851923, 82.22217202459053, 75.86556410020548, 68.8544132535248, 59.30294274655979, 24.19208731597497, 21.679419832259278, 19.690179297001485, 23.989823249640565, 29.66972874135807, 26.33765665367073, 19.643691472827683, 13.182342054584877, 14.14534162697759, 18.794484455276603, 56.16498893772348, 63.48721153996029, 71.48249470384947, 79.94299764798961, 86.27490571640226, 85.63705274538806, 78.22358852437064, 69.96956679038439, 61.584660851709316, 55.89488293799517, 24.826943578447203, 36.563867242828564, 48.14882453024304, 46.45542351724398, 54.82485270628024, 61.55475196920664, 66.01010813881997, 68.0073533169932, 65.23691949121563, 57.569278769486836, 46.82814971147519, 41.00198109532984, 71.5731898545367, 67.29712873721158, 66.17923504267218, 71.53974052866971, 74.36541380286927, 81.7490912862701, 89.90956234237707, 93.46123948185974, 94.44160431764813, 92.64050784177005, 88.50830736743137, 82.84568987026782, 73.52194219311154, 70.05746796989793, 74.11785807377572, 77.07059381227926, 86.23031261631282, 86.40303100570948, 83.90621743168887, 79.39193519221864, 51.877017847813065, 57.819510795569265, 72.75523419706188, 81.11008865507006, 94.59711900592862, 105.37576546645398, 113.15420288389664, 120.96288869582908, 133.3599788694335, 130.16111781873886, 125.26824819852457, 117.46816431743747, 114.61953645451884, 108.45932458575835, 102.76810740321557], [15.892201625172953, 7.841842853002411, 0.0, 12.784571568105209, 11.593456971919679, 13.743680268100825, 18.8523810734025, 56.78495013754721, 64.73165201345518, 75.03494196715987, 82.20408428100127, 89.23101460262275, 82.99874996301388, 76.04830771091052, 66.51302588268942, 30.93197608682342, 27.004833495368565, 22.477857357513482, 22.43437235405747, 24.91659333294353, 21.269712496347406, 17.304935747595657, 15.823722431600409, 20.325659984705393, 26.126556920488795, 63.92429211651048, 71.18335130932392, 79.07697468488318, 87.35613521187685, 93.50806052887177, 92.86620555472506, 85.71160877521218, 77.60798328480736, 69.31435033057527, 63.674695515873246, 32.19597745658985, 42.49911046944433, 52.81985293880749, 49.038102808441906, 57.77152326327455, 65.25396165946663, 70.4256679709533, 72.8412627732993, 70.69372148322167, 63.512336551864514, 53.637984443052915, 48.6005526305963, 71.7381439728039, 68.43424416461629, 68.97547963693987, 74.95968349802584, 78.4084893763367, 85.84589560215393, 93.92080812707326, 96.95298737280709, 97.14570165368903, 94.82940417376973, 89.92230561238313, 83.60713628334884, 74.27156900435473, 72.24916260398278, 77.2193756960036, 80.82286044901225, 89.92017117536119, 89.42170615342681, 86.37810347187337, 80.93155043513082, 46.25903492378172, 51.98679595729257, 68.05472965146231, 77.23322624786213, 91.19915911833928, 102.9346688374613, 111.95723545551624, 122.1826456669045, 135.6312406506326, 133.71721828215155, 129.38035273758928, 122.02635615344244, 119.76142351824387, 114.30082942823074, 109.16553042398901], [24.87825416076084, 19.43088218258577, 12.784571568105209, 0.0, 10.55906082511343, 17.36631273747666, 24.156039973418178, 63.909810477994384, 72.57330023945107, 83.02687526994806, 89.50619079833594, 95.32188317083055, 89.39547752490336, 82.70128492881497, 73.34993739148746, 43.41071886705647, 39.608604210003165, 34.40134924674663, 30.84972062596778, 27.2466357502426, 23.840415455671756, 25.70138309397395, 28.001748853691513, 32.905319876169905, 38.22280885854153, 74.26930506147606, 81.30800876624971, 88.72486734008135, 96.36974497942136, 101.4003318234876, 100.47836288369949, 94.3581513307108, 86.82627376100068, 78.79595332821718, 73.54768452509069, 41.32797110794395, 49.99244708480746, 58.5338787865734, 49.710874752750975, 58.75518095662279, 67.48723214629281, 73.28998150823783, 75.69306910247879, 74.38218329603843, 69.84710494466154, 61.13429868531755, 57.283583271551976, 67.213152110209, 65.87379449033612, 69.52173796075033, 76.12669767628697, 80.17401455042082, 86.84412562004815, 94.1121363862439, 96.36538763956223, 95.85819499615438, 92.9292572720285, 87.0673266821265, 79.75295687238018, 70.32937258910164, 71.17878385852238, 77.47113927918093, 81.825553025112, 89.74438459522969, 88.45830585410579, 84.92724201439981, 78.10793277368349, 40.30861738268848, 40.49065801764692, 55.84888537356634, 65.68134078144507, 80.20184893700835, 92.99877011193922, 103.7433584016198, 117.86856522372015, 131.70729008555494, 131.73348766113443, 128.3947929565302, 121.94994268293553, 120.98296814919686, 117.51457856015494, 114.64311333206139], [18.51148825537463, 15.005266588416681, 11.593456971919679, 10.55906082511343, 0.0, 7.7374175350738925, 15.810389832383825, 56.57589002821284, 65.50945484074451, 76.191268894354, 82.9208506848322, 88.87173052780838, 82.25196652557393, 75.12456535351228, 65.80984304877144, 38.465006476726884, 36.32999965373764, 33.36616111291195, 33.885686748421506, 34.31260012206996, 30.628810905767626, 28.674809944997524, 26.64850592423979, 28.824087207592555, 32.51372818236469, 67.9096209924345, 75.24848764621385, 83.01261219664651, 91.15123878760548, 96.25317932982179, 95.11644440005513, 88.63068171496741, 80.71831261351862, 72.30887409128577, 66.94320362454621, 32.795922632556795, 39.78473755850736, 47.977152853135266, 40.093570051714515, 49.07968393439576, 57.46247050617426, 63.27188128957053, 66.0091407519962, 64.87161363354294, 59.53301911603545, 51.47943092884467, 49.258700191714915, 60.55049238337117, 57.87917365282359, 60.026495506078, 66.49603978888969, 70.50949705377319, 77.77468553195197, 85.74007519049809, 88.10946165491133, 87.49908913985344, 84.77795005497204, 79.36134793494166, 72.66385258804534, 63.33272456921721, 62.44870913964499, 68.23784971390899, 72.4605627934158, 81.35240725684285, 80.10377584368776, 76.59052680442372, 70.44590943699482, 50.545579316804286, 49.24739542272459, 60.522559881544346, 67.84512087845802, 80.95366595278826, 92.12244167235855, 100.71030949246267, 111.38272009603688, 126.28191197626575, 126.17297465558511, 122.80848783316188, 116.64353859460375, 115.90888327079463, 112.97714527746975, 110.6943907477344], [12.586417406848305, 12.622888071753666, 13.743680268100825, 17.36631273747666, 7.7374175350738925, 0.0, 8.392104359553507, 49.08216795086073, 58.041676022790185, 68.76569738783404, 75.58211143814324, 81.67374467120723, 74.84366530557993, 67.59890384261965, 58.2778560599002, 33.70801660642892, 33.086572504491606, 32.11234998165601, 35.47880771052383, 38.2967236245911, 34.68517305379341, 30.595685971676104, 25.606540886924225, 25.226794145583185, 27.252113293022266, 60.8928747166675, 68.26357010555954, 76.05978589698762, 84.31305347408406, 89.38753921029273, 88.16959589430478, 81.56789742588805, 73.57088232601402, 65.0806106871975, 59.752370289738, 25.307426301656477, 32.806238155412046, 42.07157617387125, 35.66665180118069, 44.4621250757975, 52.255947317122185, 57.43329051773187, 59.785030733132935, 58.12338413756731, 52.57401798217889, 43.90932957845177, 41.62615662757528, 59.10018970031839, 55.310716914272064, 55.72603861838871, 61.62030484399033, 65.05349113868166, 72.29722679022719, 80.40290020733319, 83.27292505053053, 83.43758331793859, 81.23243892608761, 76.61089904883896, 70.59167100006071, 61.22108035221722, 58.76149739228086, 63.66631536408904, 67.27958315758018, 76.28389233427521, 75.67822293795844, 72.70101735985395, 67.50194739588687, 55.87138231979127, 54.94869117376838, 64.93774384933998, 71.23376778310731, 83.7059855190153, 93.73574370711287, 100.8908018138403, 108.93391871676587, 122.8707304483642, 121.59357811706562, 117.75134649954097, 111.25443304105191, 110.12045785055074, 106.83300586986934, 104.42730726474495], [8.435956236779859, 14.290914287329132, 18.8523810734025, 24.156039973418178, 15.810389832383825, 8.392104359553507, 0.0, 40.77314273863864, 49.7622579469343, 60.48137857200975, 67.21387750968086, 73.31715299634271, 66.55002717764937, 59.384708639618204, 50.029913637807184, 30.336335284962505, 31.46206392802972, 32.5297753029164, 38.06613400447683, 42.39686543378585, 39.03573477298392, 33.719144423191686, 26.67056455915152, 23.69489798297281, 23.545618734253175, 53.48432589104559, 60.69559744810894, 68.27213622558403, 76.36116630445225, 81.17803012277372, 79.88689530830327, 73.43058094245022, 65.57858030639585, 57.197005508870184, 52.077299689503455, 18.589742889778574, 28.310449278965887, 39.31489231251113, 34.26635960949399, 42.5465712058515, 49.55699629793357, 53.583063168537414, 54.947019150700704, 52.309883086032016, 47.460977507058956, 37.37292105893221, 33.83764090445535, 59.718021557171625, 55.14825877598665, 53.97296999812777, 58.946995381375594, 61.40600256464392, 68.04780917648527, 75.81071308518656, 79.38601403457493, 80.88221051482151, 79.37777155228443, 75.7553725166112, 70.42871448095008, 60.98971905934131, 57.3080039751412, 61.11621753292624, 63.79792182574384, 72.15421920099388, 72.56574266902017, 70.47178680217898, 66.35151387653202, 59.93929810290754, 59.42725144393459, 68.68549379854875, 74.43555965205007, 86.55629128969026, 95.61784374162842, 101.67604650908619, 107.59889481452224, 119.34521073428147, 116.36452133853427, 111.82883966982182, 104.70924849807666, 102.90724003598237, 98.95264495083956, 96.31845583441252], [40.908105239894866, 49.53876146035596, 56.78495013754721, 63.909810477994384, 56.57589002821284, 49.08216795086073, 40.77314273863864, 0.0, 9.959465438309227, 20.513710523208374, 26.888199525487387, 33.796162231442054, 26.44986359948333, 19.41287248239861, 9.897422193744692, 42.45494025440361, 49.54983522834738, 56.756688287156244, 67.14692200595228, 75.20383102955223, 72.8024718566899, 65.07943305914552, 54.93986885244355, 46.69986596498934, 39.74927898591426, 25.712091469227623, 29.824219810626612, 34.674077718330174, 41.366845081073386, 44.07322420181684, 41.97582976103616, 36.286162653550306, 29.732100244397483, 23.06907478568607, 21.540159107402733, 28.20466201074677, 34.09283389204342, 44.78459054758736, 49.25298137464909, 51.49566783697262, 51.7617441490148, 48.514960655804856, 44.18200552089967, 36.17081700429144, 36.39778447450153, 23.043607532187202, 12.98345734025298, 75.31422550590753, 68.01924119997007, 59.488331756484456, 58.66822946366562, 55.47352293251844, 57.927114401176695, 63.01124562534331, 70.02278915528763, 77.88752394873534, 80.09547892194371, 81.81519186180103, 80.72300295473835, 73.01372751741079, 63.930018781353546, 61.316135920728755, 58.51404223824885, 62.67800736309675, 68.3768586672253, 70.94713057770552, 73.03567710199819, 91.94614785846882, 92.586111893111, 98.17119634756249, 100.90917327737782, 110.2367083668879, 114.41756011974034, 114.62286794753388, 108.71369088279862, 110.12021238966702, 98.23084078057418, 89.97169888694702, 79.794856191303, 73.85299914709236, 65.66903080012955, 61.53412007929782], [48.94804661607086, 57.2516438186536, 64.73165201345518, 72.57330023945107, 65.50945484074451, 58.041676022790185, 49.7622579469343, 9.959465438309227, 0.0, 10.814751652501409, 18.339869047475123, 27.3906137582922, 20.538837706519253, 14.710293693857679, 8.450288317949513, 46.724114004469854, 54.14707604138421, 61.971442344960366, 72.8625863294774, 81.67959637989952, 79.52801465342021, 71.36518542647998, 61.07214187330081, 52.5629609115682, 45.31558841825454, 20.335644392297677, 22.272062059592706, 25.767646327993575, 32.161592099380854, 35.130229414490564, 33.144993508348755, 26.734599201523203, 20.328415369470513, 14.883648480489484, 15.767696151431918, 35.848768243288944, 41.44354795143554, 51.687590635662595, 58.37656370628171, 59.95853269156977, 59.12133519095175, 54.95174805739739, 50.13281018625636, 41.69040056903012, 41.362541633558266, 29.01234458351319, 18.9110100403709, 84.36776892293575, 76.77198167526363, 67.23263339952499, 65.60386802252354, 61.63158097968405, 63.48322821801923, 67.95715708719928, 75.45015244503398, 84.19469925867575, 86.98842620198097, 89.51169439895665, 89.0811827682769, 81.77306267126373, 71.99269622846835, 68.44316443601801, 64.82523650484974, 68.37728178212627, 74.846108453293, 78.0716307301476, 81.09785215248623, 98.88940618161797, 101.1033806111463, 107.44440399150564, 110.37549135871086, 119.64288236025747, 123.46003082896057, 123.07873125386587, 115.36812086121681, 114.73164517345154, 100.68878100552226, 91.41518642959552, 80.28269438423374, 72.61518533104845, 61.773276786437705, 54.97474388096816], [59.36510067492002, 67.51037469568375, 75.03494196715987, 83.02687526994806, 76.191268894354, 68.76569738783404, 60.48137857200975, 20.513710523208374, 10.814751652501409, 0.0, 9.021685893858532, 20.252826815012863, 15.251699927917905, 13.581826649543464, 14.810789991177918, 55.32366499499578, 62.777150802724755, 70.83615421523078, 81.82998981864846, 90.91041634518506, 88.9593329754371, 80.70777055405256, 70.4992892078243, 61.98013747810792, 54.71241347722188, 22.45778568481554, 20.455232139730633, 20.0498858190375, 24.20127846815034, 25.89414733133099, 23.69137669464641, 17.670699480450086, 13.79468365237228, 13.759809084360544, 18.55439008443783, 46.3214626072589, 51.242234407754665, 60.5886590816545, 68.14494342029059, 68.98711445974723, 67.21485314855278, 62.0702893053353, 56.53048425714407, 47.87297537179862, 48.52596115561917, 37.8746721085412, 29.142407465459726, 93.23679467322017, 85.55043255642997, 75.37433004923226, 72.85319451791764, 68.02712814254126, 68.75711127404651, 72.1365238727441, 80.05889160161149, 89.89463685177857, 93.35336029141271, 96.79190606085338, 97.06531726545408, 90.22283236976752, 80.07235359607087, 75.61741907756897, 71.13233397426167, 73.41074197311633, 80.73239854676595, 84.77040878425032, 88.767803420772, 107.77209234238487, 110.59473811690432, 116.8578874571879, 119.61597652583201, 128.55360913582686, 131.70031952163558, 130.50611249369905, 120.86966208849793, 117.4700713320503, 101.07940761961241, 90.78987211678256, 78.78523072838655, 69.43734182482167, 56.198576818317925, 47.372166166649784], [66.53401214581841, 74.8566178851923, 82.20408428100127, 89.50619079833594, 82.9208506848322, 75.58211143814324, 67.21387750968086, 26.888199525487387, 18.339869047475123, 9.021685893858532, 0.0, 11.825863416410913, 10.483139778908084, 14.325625596240082, 19.54698248285842, 63.76814787067694, 71.02438416657955, 78.80736313191966, 89.35705496845239, 97.84871147365033, 95.96345804776256, 88.17691262282082, 78.30305637944247, 70.0212623232765, 62.959201006779, 30.780069493636496, 27.415260296804203, 24.115258568590402, 24.204485297825546, 21.4129350587263, 18.138657082846816, 16.96411455850334, 18.3579660621214, 21.733491772756924, 27.172209085251882, 54.156842540279676, 58.77242371171463, 67.3860681040572, 73.49304580454161, 73.85572089735324, 71.86488555392877, 66.03359081198512, 59.54471884906564, 50.81558419342675, 54.39853543484534, 44.90492339096704, 37.18397269398649, 96.64823085605839, 89.36951599763313, 79.55373461449119, 76.41157339749743, 70.93186830887892, 70.05534542892025, 71.86460301540114, 80.05539335500215, 91.04351508503284, 95.00698195479113, 99.10365794614806, 99.74794981359521, 93.2037183945271, 83.54469279957576, 78.66934147053634, 73.58112850317387, 73.82737389471801, 81.89424887411224, 86.7156908371386, 91.2486430169104, 113.11037082549899, 114.91840838922305, 120.03275883621559, 122.29068912171373, 130.72693200139693, 133.1131449235898, 131.31724139883627, 120.87849223521205, 114.32220890241814, 96.09923902623835, 85.09632690867059, 72.42697756260719, 62.042121756954195, 47.82876196325373, 39.879557819390506], [73.61648843051042, 82.22217202459053, 89.23101460262275, 95.32188317083055, 88.87173052780838, 81.67374467120723, 73.31715299634271, 33.796162231442054, 27.3906137582922, 20.252826815012863, 11.825863416410913, 0.0, 9.919864721899538, 18.116879506481823, 25.500800343711255, 73.5534766424087, 80.60486446789089, 87.94096696654846, 97.87454693079201, 105.37700475761702, 103.43531107374847, 96.35932797106614, 86.86850874115271, 78.89132617191075, 72.0749176171124, 42.40257881205059, 39.1452835412179, 35.08932898710269, 32.71594171545293, 25.499396229908584, 21.32729528378512, 25.925890129625152, 29.754659832932575, 33.447583374378766, 38.623346013482376, 61.98194048450645, 65.72320239734228, 73.13501942000345, 76.74057614961413, 76.43226171372643, 74.32026894428853, 67.79141626651015, 60.18837126770926, 51.687612153807194, 59.40139912379742, 51.52730935436451, 45.61629343674581, 96.75877867822544, 90.15815749949346, 81.13374574683432, 77.2997912531425, 71.14283835939894, 68.11199162497034, 67.78718308453807, 76.13446725660454, 88.42481856196973, 92.93199806121444, 97.76424848590867, 98.8361923273353, 92.7662149731548, 83.9971937627466, 78.75387020893105, 73.0553666023851, 70.52609901130928, 79.36846413585369, 85.10574390967662, 90.19081806593061, 118.45234817970731, 117.90449565241035, 120.66187518716008, 121.8178719192252, 129.26800384340734, 130.4442764064001, 127.70040954191046, 116.36218577706092, 106.14022182375413, 86.18431485160069, 74.59679056290877, 61.46690542654804, 50.529562576147725, 37.17206405707325, 34.77244942810573], [67.18222101889158, 75.86556410020548, 82.99874996301388, 89.39547752490336, 82.25196652557393, 74.84366530557993, 66.55002717764937, 26.44986359948333, 20.538837706519253, 15.251699927917905, 10.483139778908084, 9.919864721899538, 0.0, 8.490389557516783, 17.108894744363678, 67.20198273132048, 74.5742729662829, 82.17519348076385, 92.61377709759554, 100.54695063399946, 98.36883362197497, 90.87520997034333, 80.89619694185112, 72.59197562417572, 65.46055306297269, 37.385326607765094, 35.61686120116418, 33.85014237686237, 34.642902900530466, 30.78254533105154, 27.015693726215435, 27.347585693359992, 27.7644656292966, 28.957434766946673, 33.2108169989839, 54.30995483484341, 56.6345155157913, 63.52883240338782, 68.23658029979794, 67.68210328426478, 65.19485847532093, 58.705047926855066, 51.48656321191775, 42.87606841098407, 49.542791287872646, 42.07572561475466, 37.69945524410283, 89.44464379425686, 82.22934358134016, 72.39324004758082, 68.61864690088143, 62.62741022922464, 60.70713218144983, 61.859130537660455, 70.12888883806502, 81.5588557602218, 85.83381118241516, 90.45739073949632, 91.61218012455012, 85.58172620312135, 75.87699911592311, 70.49408925340153, 64.93517086575973, 64.1331214085423, 72.53895565195106, 77.8153054039514, 82.94304403754768, 115.16010041312488, 114.29282430093383, 116.8176893077743, 117.59481314104545, 124.88942575524881, 126.1309659852813, 123.09561373015835, 111.07713494891559, 104.54573324554042, 86.86559437873987, 76.32556745961979, 64.57821266007397, 55.81402919896784, 45.81272184499229, 44.31587155145458], [60.177292901916864, 68.8544132535248, 76.04830771091052, 82.70128492881497, 75.12456535351228, 67.59890384261965, 59.384708639618204, 19.41287248239861, 14.710293693857679, 13.581826649543464, 14.325625596240082, 18.116879506481823, 8.490389557516783, 0.0, 9.554128746054294, 60.39018522173159, 67.90456632901737, 75.59730353694381, 86.30336011038395, 94.4888107608829, 92.14992915854302, 84.39894551790051, 74.13826238182843, 65.67129131832397, 58.390252717805204, 33.010828533377904, 32.976521002661634, 33.55615910670433, 36.939266867025644, 35.71398714696343, 32.428489562556656, 29.870238967930437, 27.2828753176595, 25.69253471858839, 28.569285259412492, 46.547250471756556, 48.19034396172532, 55.1818126366072, 60.669514693684576, 60.293871686734526, 57.890963510563495, 51.82100067088294, 45.2203775935219, 36.495674727991286, 41.5548396915604, 33.58845945048849, 29.9689965281602, 83.32849948304882, 75.69753352985737, 65.4674361295155, 62.122907806953044, 56.609807020060195, 56.08532989913299, 58.80859709908752, 66.83958407822635, 77.20435800252217, 81.03429303515598, 85.11323790184258, 86.00282525340043, 79.75620154434104, 69.5112461227077, 64.40186000294914, 59.307906102830586, 60.383066186113844, 68.11716007336842, 72.71280225445737, 77.44332994298351, 110.23340154822937, 109.3844354456839, 112.1730741287761, 112.99212824193498, 120.46720736452775, 122.15536940079716, 119.4132485144849, 107.89462771219947, 104.67954159217211, 89.17602201621472, 79.58105945907677, 68.82402155698605, 61.58869490554105, 53.28754566162099, 51.61530492258882], [50.636065493276966, 59.30294274655979, 66.51302588268942, 73.34993739148746, 65.80984304877144, 58.2778560599002, 50.029913637807184, 9.897422193744692, 8.450288317949513, 14.810789991177918, 19.54698248285842, 25.500800343711255, 17.108894744363678, 9.554128746054294, 0.0, 51.47805543969448, 58.85106977108727, 66.35272302812609, 76.94736068249408, 85.08058770011016, 82.6933200830414, 74.9441958784757, 64.70855878924343, 56.31849706456323, 49.14783907318346, 28.296440466597808, 30.302730553711903, 33.15440535841155, 38.472242706620904, 39.37663881322127, 36.66248487046522, 32.22747616314605, 27.262282097320814, 22.800729945718906, 23.71318123451227, 37.238917545478735, 40.33189236527214, 48.89749834902666, 54.03642679057338, 54.779234537268636, 53.53108118930656, 48.68318802756517, 43.058542715796236, 34.428380625843396, 37.31238044671994, 26.747933036974295, 20.976878940462495, 78.43760900315219, 70.87273508897066, 61.28550724929583, 59.08488767915253, 54.61916311244021, 55.614826979060304, 59.64574069641074, 67.2337786684117, 76.394777491711, 79.45075565343174, 82.41740306892902, 82.38774411117767, 75.43058010836816, 65.58468056027337, 61.58553559791654, 57.54001777456483, 60.24890179053285, 67.02988069786105, 70.65932593336669, 74.17817470840623, 101.32032556713298, 101.02760518521217, 104.97768854341382, 106.60372741868555, 114.90450817681126, 117.72941254513893, 116.32111517827157, 107.38946400227809, 106.64620939425812, 93.04474125267564, 84.1650024825884, 73.75284670082765, 67.29151945418315, 59.210309884398924, 56.37491127764792], [23.02317531043939, 24.19208731597497, 30.93197608682342, 43.41071886705647, 38.465006476726884, 33.70801660642892, 30.336335284962505, 42.45494025440361, 46.724114004469854, 55.32366499499578, 63.76814787067694, 73.5534766424087, 67.20198273132048, 60.39018522173159, 51.47805543969448, 0.0, 8.270007509340966, 17.488673146087528, 30.552835230877115, 42.935277145310124, 40.92065026127254, 30.18386258930745, 19.070820956166884, 10.76236315845149, 6.838827782393485, 38.01364753347035, 45.37849794816908, 54.15794200793163, 63.765351683064694, 72.58992626047988, 72.71951199540113, 63.1838441064513, 54.00478594896475, 45.619019750203854, 39.32093225513359, 22.10475738420782, 35.20160915273262, 48.888953606059715, 57.03546249808368, 63.365116058956325, 66.7926800572408, 69.04807832317347, 70.3338302160603, 65.75891092873624, 53.90980948073296, 41.19091371933819, 31.67473389364553, 86.8153920096098, 80.11354577726782, 74.04177571114627, 77.47218152794018, 78.5706227944634, 86.32348503423226, 95.03653246806766, 99.98433481293887, 102.64096418657962, 102.1661834198445, 100.04021104400307, 96.30227889324053, 87.62697416353853, 80.0989961116195, 81.34528264154714, 82.40252964451166, 92.43916700942329, 94.32686568849144, 93.12539767459845, 91.30179597775117, 68.96088647513427, 80.17801520591387, 96.00335302714056, 103.83034055668355, 116.65653015600714, 125.94521092594886, 131.30004609834182, 133.04694750242393, 143.38341218409002, 136.3443952108191, 129.57566260961548, 120.09713026332423, 114.58640720186078, 104.31093158305112, 93.7688742944281], [23.477601474861736, 21.679419832259278, 27.004833495368565, 39.608604210003165, 36.32999965373764, 33.086572504491606, 31.46206392802972, 49.54983522834738, 54.14707604138421, 62.777150802724755, 71.02438416657955, 80.60486446789089, 74.5742729662829, 67.90456632901737, 58.85106977108727, 8.270007509340966, 0.0, 9.422091302208607, 22.609018461652553, 35.52507070142868, 33.72947643501158, 22.77241311973551, 12.587654298236588, 7.909141629645913, 11.204261080245004, 45.44402295101286, 52.499606258919925, 60.972116631228445, 70.19663667132488, 79.00625600982038, 79.28585874198178, 70.01869732074756, 61.133510140773936, 53.05152846530122, 46.896362122156354, 27.89959270101551, 40.981193312045434, 54.164126636193096, 60.623474702606636, 67.61307555766405, 71.88418853489725, 74.86750442055026, 76.51964214926312, 72.340801239313, 60.78106446265104, 48.46600085249513, 39.2559256617457, 89.32828133490757, 83.31642956431625, 78.53935268001044, 82.61926817013308, 84.28605660930205, 92.18255814008326, 100.87706279094273, 105.50092744697838, 107.61375112056153, 106.70535628071414, 103.88891171317013, 99.51786361674503, 90.64173256009533, 84.2164196694383, 86.29351738180154, 87.93304957774151, 97.9933447066577, 99.3980150805559, 97.74305360168825, 95.07880259592308, 62.61228607272241, 75.83576652348201, 93.62498057121505, 102.57547188709907, 116.09592458194031, 126.40819873319512, 133.04751910840258, 137.06442987768173, 148.01327798819725, 141.71388232675193, 135.20631626552645, 125.78774497321601, 120.43644467456889, 110.14656029481382, 99.35716251358167], [24.664249093933364, 19.690179297001485, 22.477857357513482, 34.40134924674663, 33.36616111291195, 32.11234998165601, 32.5297753029164, 56.756688287156244, 61.971442344960366, 70.83615421523078, 78.80736313191966, 87.94096696654846, 82.17519348076385, 75.59730353694381, 66.35272302812609, 17.488673146087528, 9.422091302208607, 0.0, 13.259555768138423, 26.448440803671303, 24.80092493136798, 13.769550135672294, 6.741880706306585, 11.135199144260556, 18.33784908715398, 54.21794419272124, 61.07795147239175, 69.22669802253091, 77.99982503863431, 86.45162367010317, 86.74960385783909, 77.97487566114515, 69.43006806292416, 61.55126497277275, 55.55395661425957, 34.047532769380766, 46.94974858754532, 59.495583405741776, 63.48482136029964, 71.15401928815416, 76.43204524210277, 80.18959907174069, 82.15932938739567, 78.46273342226357, 67.67022235713449, 55.78950741554369, 47.049452895345745, 90.46615384452538, 85.38420594396695, 82.28329963558316, 87.06814026825369, 89.35375281195913, 97.25886967125409, 105.81597889877077, 110.02038425365534, 111.52910835956438, 110.12134388444288, 106.51440009779239, 101.39949679625755, 92.32144518600123, 87.35023648921783, 90.40690645300033, 92.70555586481835, 102.59756070128026, 103.4346706872835, 101.28718614628046, 97.62948617732413, 54.483227282606066, 69.37097065166539, 89.03786817377275, 99.13632391317894, 113.34270562216759, 124.74810037227662, 132.8440727229469, 139.60689194449935, 151.1876902280578, 145.92986126419564, 139.85136156082032, 130.66341680142665, 125.73597503330802, 115.89897784672988, 105.49491635747411], [31.22632363993395, 23.989823249640565, 22.43437235405747, 30.84972062596778, 33.885686748421506, 35.47880771052383, 38.06613400447683, 67.14692200595228, 72.8625863294774, 81.82998981864846, 89.35705496845239, 97.87454693079201, 92.61377709759554, 86.30336011038395, 76.94736068249408, 30.552835230877115, 22.609018461652553, 13.259555768138423, 0.0, 13.889114862110333, 13.115591076937593, 5.270992020754349, 13.785772722475805, 22.580972857753096, 30.46065951595101, 66.1630324375448, 72.68214700917805, 80.3115689759708, 88.38313091047208, 96.29138985995174, 96.63687375197915, 88.59592886324683, 80.59804422444095, 73.09612071351434, 67.3731832811581, 44.61842452785829, 57.37479659858272, 69.19646482577653, 69.97149473446164, 78.3016641622474, 84.7205683785163, 89.1978337037604, 91.30680079938406, 88.0567207217739, 78.59688143678213, 67.03857305600253, 58.43900260406093, 94.11058912181716, 90.40911905954464, 89.53066995797161, 95.02585068533405, 97.90524745821169, 105.52855380300568, 113.65299940541377, 117.39003755118149, 118.3674851178614, 116.41236113128191, 111.90248561177431, 105.86366697579507, 96.57256957310935, 93.65457107479958, 97.84437453565587, 100.82160653264442, 110.11953344216228, 110.39108981605791, 107.77875959105855, 102.92957407240586, 42.977429538159804, 61.00214172571981, 83.63541946498646, 95.51585650944429, 110.68832144510624, 123.58998564185391, 133.76776933615506, 144.36688718982663, 156.1138885247105, 151.9561616314331, 146.34637173935985, 137.35049376917434, 132.83219878857312, 123.41060651369631, 113.40254625199388], [37.30269486351015, 29.66972874135807, 24.91659333294353, 27.2466357502426, 34.31260012206996, 38.2967236245911, 42.39686543378585, 75.20383102955223, 81.67959637989952, 90.91041634518506, 97.84871147365033, 105.37700475761702, 100.54695063399946, 94.4888107608829, 85.08058770011016, 42.935277145310124, 35.52507070142868, 26.448440803671303, 13.889114862110333, 0.0, 3.778269021963499, 13.3037238545605, 24.677203027310938, 33.71330910704344, 41.551077152839966, 77.19510004543972, 83.51916989869368, 90.65006844469316, 98.00350758957593, 104.88491414182532, 105.0578152144895, 98.0348639547793, 90.6234839225285, 83.37469592475384, 77.97069268884506, 53.363544431077635, 65.84910348064288, 76.91447073677294, 73.78478478443147, 82.60288695867912, 90.16866619314668, 95.20363403697442, 97.23894882155669, 94.47790175416858, 87.09572387567339, 75.92629550332998, 67.74430764411524, 94.24641524278974, 92.1612415367994, 93.76282595455191, 99.8320980744159, 103.1908840435746, 110.18695700192752, 117.59281925025363, 120.79410613625066, 121.35915300907158, 118.90461338216298, 113.57291242430502, 106.63039504151023, 97.18911231550794, 96.63695834549662, 101.93720469159744, 105.51950033637304, 113.77791946055366, 113.51392486767942, 110.55051198917133, 104.5264278586163, 29.728849290584538, 49.38301542844675, 74.33043195684384, 87.77406885096775, 103.73320518567752, 117.93152428133753, 130.12522181590438, 144.73412156301848, 156.24853613768116, 153.42704954959268, 148.49132371304964, 139.96162762595614, 136.2403918212856, 128.0126289785576, 119.49791710248856], [34.18467094519628, 26.33765665367073, 21.269712496347406, 23.840415455671756, 30.628810905767626, 34.68517305379341, 39.03573477298392, 72.8024718566899, 79.52801465342021, 88.9593329754371, 95.96345804776256, 103.43531107374847, 98.36883362197497, 92.14992915854302, 82.6933200830414, 40.92065026127254, 33.72947643501158, 24.80092493136798, 13.115591076937593, 3.778269021963499, 0.0, 11.162152824960112, 22.24792349773922, 31.278579989898695, 39.106189882393274, 75.52553980497555, 82.03570889318934, 89.33375915500524, 96.87594900422728, 103.68484975716113, 103.73395891788742, 96.65481517811135, 89.09552867884149, 81.64619736961721, 76.166652985939, 50.38773688074241, 62.509363404828136, 73.37554642890666, 70.09982994062715, 78.92007181332663, 86.5143108807666, 91.64280984904318, 93.79912465377348, 91.18725368788702, 83.77619247221475, 72.85840754317104, 65.1711748775296, 90.67067238548327, 88.4873888169021, 90.05825396610042, 96.17542633045932, 99.61515298131008, 106.71889523011683, 114.24989281773743, 117.37302180024398, 117.77791866445843, 115.28730172579391, 109.93728895021938, 103.03193150944709, 93.62221592026992, 92.96345803589229, 98.29292354177079, 101.94429401032338, 110.37181590817906, 109.99658559691717, 106.95430725364274, 100.93117993215111, 31.43232524579093, 48.77319587740088, 72.66393775194042, 85.59345836671773, 101.32402420621177, 115.2742674122756, 127.11783984440049, 141.28271112708055, 153.28488946396044, 150.75199371847557, 145.9646870013239, 137.66064069797665, 134.21798463165436, 126.46955970468629, 118.49857639238343], [27.4218944819054, 19.643691472827683, 17.304935747595657, 25.70138309397395, 28.674809944997524, 30.595685971676104, 33.719144423191686, 65.07943305914552, 71.36518542647998, 80.70777055405256, 88.17691262282082, 96.35932797106614, 90.87520997034333, 84.39894551790051, 74.9441958784757, 30.18386258930745, 22.77241311973551, 13.769550135672294, 5.270992020754349, 13.3037238545605, 11.162152824960112, 0.0, 11.653699332421871, 20.926353987707223, 28.936664465013603, 66.00657896324053, 72.75441609257469, 80.48914195669084, 88.6335011328104, 96.13969599592185, 96.2550095080482, 88.41592941300544, 80.36434561371644, 72.6310989430792, 66.88247922512521, 41.812639696569434, 54.17037377325849, 65.67741158282337, 65.3830649399418, 73.83774107123241, 80.55111655778413, 85.24691485887773, 87.46066428249348, 84.48488613776877, 75.51170340626784, 64.30100306793008, 56.43055382099251, 89.00868986830177, 85.49197389985933, 85.0635675165509, 90.72577922232635, 93.7864854896164, 101.38362638368908, 109.49314741423098, 113.0343076043824, 113.7714689583958, 111.68677217732174, 107.01173723893105, 100.84542083220934, 91.54505477060786, 88.95887933176971, 93.40105210987062, 96.57392397576261, 105.8268372477512, 105.87333304128487, 103.11670418511052, 98.04641928882786, 41.92145324398775, 57.5783463827374, 79.21050105023613, 90.69519084831383, 105.69935160738993, 118.48751211183485, 128.58625909842735, 139.4032709325586, 151.61213627178626, 148.0726032308419, 142.79292703507735, 134.18726972278887, 130.21647953850223, 121.72968507635892, 112.86789605899982], [19.235491505101034, 13.182342054584877, 15.823722431600409, 28.001748853691513, 26.64850592423979, 25.606540886924225, 26.67056455915152, 54.93986885244355, 61.07214187330081, 70.4992892078243, 78.30305637944247, 86.86850874115271, 80.89619694185112, 74.13826238182843, 64.70855878924343, 19.070820956166884, 12.587654298236588, 6.741880706306585, 13.785772722475805, 24.677203027310938, 22.24792349773922, 11.653699332421871, 0.0, 9.333231755474095, 17.37879389049525, 55.514877510021094, 62.609846965170206, 70.76557606047842, 79.46503819902713, 87.22382469483617, 87.21185066392682, 78.88090595457719, 70.39255819472274, 62.27677313466885, 56.31612793101132, 31.01711332586435, 43.71652595621131, 55.96951143421212, 58.07795272308589, 66.04428527544866, 71.88498996665217, 75.9904401664959, 78.05591678652033, 74.71838763047552, 64.84397300376745, 53.32016779758426, 45.48348250896005, 84.2819142098873, 79.56211616896057, 77.26934876601422, 82.34508262676204, 84.90490291895848, 92.70331511772793, 101.16091238456285, 105.0949828657124, 106.31499683554547, 104.70242806384879, 100.80777062179095, 95.42274060759613, 86.2603114812583, 81.92520016132372, 85.42759819731383, 88.03462599100784, 97.7424580836672, 98.27313855562963, 95.92589756135362, 91.86275130468876, 51.748044355128364, 64.20552754402496, 82.82170430370887, 92.57868041561457, 106.6652013654645, 118.05013375317934, 126.25917097078566, 133.72916977621418, 145.75118159832837, 141.3301814114693, 135.69878796580332, 126.99407835906896, 122.79672865912423, 114.2029989809004, 105.36938631273806], [15.79398134178219, 14.14534162697759, 20.325659984705393, 32.905319876169905, 28.824087207592555, 25.226794145583185, 23.69489798297281, 46.69986596498934, 52.5629609115682, 61.98013747810792, 70.0212623232765, 78.89132617191075, 72.59197562417572, 65.67129131832397, 56.31849706456323, 10.76236315845149, 7.909141629645913, 11.135199144260556, 22.580972857753096, 33.71330910704344, 31.278579989898695, 20.926353987707223, 9.333231755474095, 0.0, 8.05154971818053, 46.87020450231006, 54.213603580006165, 62.652672579602616, 71.73806431489584, 79.63283418223376, 79.51768703229638, 70.84291006053944, 62.053818321481565, 53.669311438096365, 47.5738642309931, 22.917125779868602, 36.339621928389256, 49.4689922136534, 53.76422248558141, 61.126256127400836, 66.06301242942278, 69.42742764104177, 71.15200086852384, 67.34176276874288, 56.909957583658034, 44.84256583303276, 36.636202697286855, 81.8509978923731, 76.1839670687475, 72.24587059760229, 76.64546716495288, 78.60055115833656, 86.36671481018008, 94.95262680105287, 99.30036056658143, 101.14442375266825, 100.02694239078835, 96.91800527929738, 92.25899167630267, 83.25513276406707, 77.47468119394036, 80.03170558612956, 82.00081735272363, 91.84008868591266, 92.93455797109283, 91.0839249793494, 87.99242435025059, 59.58951889767576, 70.09207961514446, 86.50933412217371, 94.97699786015785, 108.30834313028507, 118.51678039748907, 125.20668064524527, 129.93019676311775, 141.30004222228612, 135.91004405164975, 129.89864945633278, 121.01887159325646, 116.51569896831397, 107.70052660375259, 98.82677586161186], [16.516523256771716, 18.794484455276603, 26.126556920488795, 38.22280885854153, 32.51372818236469, 27.252113293022266, 23.545618734253175, 39.74927898591426, 45.31558841825454, 54.71241347722188, 62.959201006779, 72.0749176171124, 65.46055306297269, 58.390252717805204, 49.14783907318346, 6.838827782393485, 11.204261080245004, 18.33784908715398, 30.46065951595101, 41.551077152839966, 39.106189882393274, 28.936664465013603, 17.37879389049525, 8.05154971818053, 0.0, 39.67370683940568, 47.25999675558341, 55.94444530145482, 65.36557291477294, 73.30573876645141, 73.06802951859395, 64.11800790885509, 55.06601751402439, 46.41944325541551, 40.21239215176424, 16.712664215254343, 30.704468472941162, 44.569303162553105, 50.86736929288224, 57.522857811788846, 61.53229799360368, 64.11228605795267, 65.44771908293872, 61.170752332566366, 50.33243420086819, 37.70427302638509, 29.072323999131406, 80.26621763784951, 73.8191845503074, 68.41385380248462, 72.11551971332072, 73.45471409281846, 81.10424391836345, 89.74092523176732, 94.46470649180185, 96.91091926296862, 96.26437133537695, 93.9008900064534, 89.92639866810916, 81.12878311213467, 74.10234448585523, 75.74622278494267, 77.08044337501656, 86.93840952044742, 88.572814325331, 87.21367223217355, 85.03995361935243, 66.48278249843229, 75.43136495553074, 89.99123459302061, 97.34976362587634, 109.97503812498137, 119.13260864251394, 124.49098794533722, 126.79924026979093, 137.489489236566, 131.23251012137874, 124.8933035802314, 115.88227102549644, 111.12634860143461, 102.17623062944311, 93.3759103542658], [49.68677807509292, 56.16498893772348, 63.92429211651048, 74.26930506147606, 67.9096209924345, 60.8928747166675, 53.48432589104559, 25.712091469227623, 20.335644392297677, 22.45778568481554, 30.780069493636496, 42.40257881205059, 37.385326607765094, 33.010828533377904, 28.296440466597808, 38.01364753347035, 45.44402295101286, 54.21794419272124, 66.1630324375448, 77.19510004543972, 75.52553980497555, 66.00657896324053, 55.514877510021094, 46.87020450231006, 39.67370683940568, 0.0, 8.058114798790905, 17.451702359188488, 28.144514418924786, 37.66310179708488, 37.901502247557694, 26.830399245057556, 16.928143739102435, 9.147719825584351, 4.590672055313144, 37.27324765007806, 45.28362109641031, 57.190549933831726, 68.55311192236262, 71.17432385368399, 70.4408723828896, 67.61221290470539, 64.85359347132744, 57.18354020995457, 49.786454256127314, 36.67934894025862, 23.936664191662235, 97