{
	"dissimilarities": [[0.0, 8.919295063941771, 15.88430027306444, 25.357939492978108, 19.16544828830229, 13.428530141372509, 8.529196417137722, 41.015278920114575, 49.0676079702872, 59.508092524859585, 66.68890625031216, 73.73524605929943, 67.34586540446558, 60.33466474803758, 50.753612227891516, 20.86940431523164, 21.25261362908831, 23.56189247850151, 30.710634619137213, 37.94502467223735, 33.81358625032112, 26.15480590269452, 18.31896738869113, 14.512224881079606, 15.303407742357063, 49.31377105231057, 56.64357753728337, 64.49435053289355, 72.90091134761985, 78.81479557201759, 77.88178780694882, 70.7497980529641, 62.640736361763885, 54.18289304384817, 48.62597554378857, 16.805553299788436, 26.73236958195354, 39.267499725668785, 39.1841803062533, 47.48848862912116, 54.799011811000405, 58.35989524574791, 58.99464852864224, 56.060740788083535, 48.303651056086025, 37.49932251262064, 33.33556925999123, 67.20070321223257, 60.664679821927514, 59.95014080614705, 64.24571843895536, 66.62386564473131, 72.87178705059036, 80.76775478019597, 85.82737820647523, 88.16330501948389, 86.51221052301305, 82.11217406043134, 75.79058341626244, 67.37692324556976, 63.603425809266284, 67.03467035110022, 70.11222402968457, 79.24915580886841, 79.51968218471252, 77.66138116362394, 73.75483635598665, 59.852494541936316, 63.229636177237914, 75.62969803012888, 82.1668246639614, 94.55449695126833, 111.39274580200704, 115.63381067936669, 116.06030320286247, 129.36402040290548, 124.580076505717, 118.2839562601669, 109.50489298209634, 106.80660795748814, 100.1801633789782, 95.4742114379108], [8.919295063941771, 0.0, 8.141029659091718, 19.935549365954547, 15.964466684348997, 13.697431980670318, 14.371484498172169, 49.67728690891171, 57.40939563662722, 67.69177000440102, 75.0317550832334, 82.35404198185246, 76.05217346327923, 69.04587978382696, 59.46110944563086, 22.566890341204502, 19.67921726615248, 18.508225183187445, 23.41930117423415, 30.49086803652669, 26.010557311519293, 18.13541467241, 12.104195647428584, 13.062259117780123, 18.04640636916021, 55.97347225247525, 63.34269790288994, 71.37419873660612, 79.91494201124812, 86.36060645347511, 85.6595871182295, 78.2325486648583, 69.98666755579706, 61.55244317948302, 55.78151823329283, 24.025478421708026, 33.10010416639493, 44.42664105721865, 43.99943830658847, 52.67626729583133, 60.36200993899048, 64.80697994420991, 66.3171237297769, 63.925060309734874, 55.25034015340652, 45.20146703869994, 41.10230482210641, 70.70987504110617, 64.74355492059436, 64.9837359914403, 70.0933321508037, 73.17533392709383, 79.98727969059573, 88.3320067189062, 92.82373965948464, 94.2611736799622, 92.00726123883176, 86.83577259951956, 79.99052717497803, 71.60076315926375, 68.65362695103995, 72.86889013778608, 76.61303727764108, 86.58440183621833, 85.89962546462387, 83.38725669776778, 78.67649047753376, 54.58310902268902, 59.892599511767735, 74.63135288932222, 82.49470852208272, 95.50384979601111, 113.33990096744918, 118.79083776254976, 121.3051131503692, 136.03476487847175, 132.29380344864774, 126.38533246664936, 117.84912930624971, 115.30301518698047, 108.57542048565281, 103.24047400796447], [15.88430027306444, 8.141029659091718, 0.0, 12.63946568606426, 11.619104414945843, 13.818183957159095, 18.332997789524004, 56.846974221281684, 64.91188581442974, 75.28071363859398, 82.42449511392265, 89.31101027032732, 83.09196230780897, 76.12150754596712, 66.55180630760087, 30.150265265583155, 26.08366226807687, 22.31032605195292, 22.543183854344047, 26.172560364982907, 21.145282221054153, 16.339203518937484, 15.77118212508923, 20.141267403226564, 25.97513248145913, 64.06433319504777, 71.383958646685, 79.29625798759223, 87.61629016987372, 93.78560497200719, 93.05954515069452, 85.96007471486435, 77.8810044555885, 69.50590880320671, 63.80869422668164, 31.69524709706585, 39.171316887352106, 48.935958562893006, 46.068636927431896, 55.12290335868925, 63.661467686340394, 68.85847242738392, 70.78753517110397, 69.13080699086403, 61.079123794284456, 52.05179792107633, 48.89478438318569, 69.8954264349925, 65.15997244973653, 66.92133061710481, 72.88884193100591, 76.66172477161412, 83.6299999670264, 91.84900799316527, 95.60517179256196, 96.23232868532514, 93.36339897113517, 87.41290667957799, 79.83338209526359, 71.47413831473398, 70.14202013577068, 75.33121132426118, 79.69833037805539, 89.80719276759844, 88.24353948146582, 85.10844024872206, 79.41475520424642, 49.034929088250095, 53.66412413534357, 69.14047340482784, 77.79162030689092, 91.22375298545853, 109.77618566742815, 116.38622981812044, 121.65589959498735, 137.33671399693085, 135.03493887955884, 129.82287855671126, 121.87425145454561, 120.00351831805192, 114.22826139960264, 109.61876902361328], [25.357939492978108, 19.935549365954547, 12.63946568606426, 0.0, 11.508160845541996, 18.198520629154693, 24.40126360747459, 64.30200300030664, 72.96502855574745, 83.41031648823069, 89.9192674740681, 95.64244768198745, 89.79786805238219, 83.11965174093854, 73.70157554306836, 42.3884697008272, 38.36402599321193, 33.641929144976345, 29.645863499336055, 26.54746117851133, 21.878143290033112, 23.912487337293935, 27.473179693051073, 32.449423770060704, 37.94753707656908, 74.3058709548721, 81.3790462852999, 88.7704765307794, 96.35493194530434, 101.4859278210682, 100.59533384873939, 94.53169859927581, 87.0518344455935, 78.93046377448347, 73.61587318493692, 41.790616599697174, 47.7977805241917, 55.943361448967046, 48.61832209617771, 57.92270059857007, 67.7548777988452, 73.42108963593287, 75.11406085705036, 74.2942770314826, 68.55048749446756, 60.52846055904123, 58.40275813621862, 66.62844000422733, 64.42940841974425, 68.60916880223982, 75.42963600618675, 79.79442204176604, 86.26330014851604, 93.37804342461264, 96.21307180829461, 96.23789230043042, 92.74922751254779, 85.98884159810332, 77.26548994705409, 68.97783043314443, 70.6884932470847, 77.09243634610047, 81.95367620420942, 91.00558284528881, 88.80081740930335, 85.12351878215988, 78.14290728299767, 41.33760319460512, 41.859061171095334, 57.172854097059506, 66.8894341191339, 81.07134702773763, 100.20978824617836, 108.57541897651393, 118.6098258582745, 134.01816334464485, 133.50344709499467, 129.3368012851134, 122.26586230897587, 121.45290694105294, 117.48441092279268, 114.66793179473306], [19.16544828830229, 15.964466684348997, 11.619104414945843, 11.508160845541996, 0.0, 7.824749170638064, 15.928111756530656, 56.84613120684498, 65.8670882267587, 76.58840504702098, 83.29252528322438, 89.09832275287793, 82.49102626359188, 75.34819262646118, 66.01819360351058, 37.5042242328165, 35.309593223345026, 33.26628735423674, 33.977107025522024, 35.256958548792525, 30.175814218922888, 27.7088044409582, 26.63454957676176, 28.6871993237468, 32.37397921469218, 68.03677157596752, 75.44012420519904, 83.22853568664259, 91.41084651004881, 96.53900692226661, 95.32508494125283, 88.88530230942325, 80.98947480982831, 72.49001692907933, 67.06335942532937, 33.717861286377655, 37.333980740342525, 44.56075449670161, 37.64104998654498, 46.91496105463426, 56.47732713016148, 62.26947418224244, 64.44401931442975, 63.90757303986476, 57.64718682907496, 50.693095077475384, 50.51059205507013, 58.70657104870407, 54.839460938755494, 57.963794081273065, 64.62863289354505, 69.0234479755588, 75.96177343438113, 84.01315012494949, 86.8755199217785, 86.70714474293382, 83.37172020443158, 76.93304874899216, 68.91540302516874, 60.598261573926216, 60.56225223536919, 66.59052674621884, 71.48307858297431, 81.62767237014472, 79.10657212672, 75.46058059730082, 69.04650593142131, 52.658034948139466, 51.0488653043445, 61.74579868633827, 68.310930880875, 80.85139784821098, 99.2751529986039, 105.31438073060987, 110.8932294288154, 127.96229545573958, 127.44295817549008, 123.17924370316598, 116.40600612653712, 116.06999106659563, 112.82497918004904, 110.93917327240011], [13.428530141372509, 13.697431980670318, 13.818183957159095, 18.198520629154693, 7.824749170638064, 0.0, 8.639372192924958, 49.317563335381124, 58.373180273967925, 69.14100422757808, 75.91828676847864, 81.86492800625157, 75.0389096161618, 67.7745754728944, 58.45125685136275, 32.563922853446215, 31.93480693558813, 32.023572778663684, 35.72096759074044, 39.41886663211328, 34.482355882210946, 29.747363450431536, 25.589206743152022, 25.050060859952932, 27.028722962062893, 60.95667004757023, 68.39879874287847, 76.23506147759998, 84.56678289755838, 89.66838599575595, 88.3467615357014, 81.77697807127878, 73.78613140094744, 65.20985154314312, 59.81486500406913, 26.41539914479177, 29.90072907324517, 38.14746361606701, 32.6912066341228, 41.85191689464628, 50.88950624169801, 56.079754110966455, 57.882830282634465, 56.842152133483275, 50.35612928521384, 42.92469499993908, 42.93019223832232, 57.17098368765696, 51.92467439289988, 53.55444148060867, 59.47850309439613, 63.29638188874294, 70.13571646146221, 78.37172959278114, 81.86824808412977, 82.43116187849073, 79.67205091604608, 73.98855477378555, 66.69800628219522, 58.29356741357347, 56.58071517127589, 61.73603903304168, 66.09966758348298, 76.20982504698677, 74.43248952966138, 71.35313220678213, 65.87709211638645, 58.14924970120587, 56.85155459850939, 66.30737235288638, 71.69310781160306, 83.57148345526976, 101.12124060074017, 105.75576169436695, 108.30036173507328, 124.6565393275738, 122.9555868838713, 118.14053489173581, 110.98584188150774, 110.29776807854486, 106.6698811342991, 104.72480175051425], [8.529196417137722, 14.371484498172169, 18.332997789524004, 24.40126360747459, 15.928111756530656, 8.639372192924958, 0.0, 40.936016723933115, 49.94802298781599, 60.681831005665224, 67.39910374006506, 73.41780110744868, 66.73877371762126, 59.59688197138131, 50.19647298282838, 28.37454495866071, 29.455084702353666, 31.54791288256884, 37.37481442450804, 42.567762782353064, 38.09664958967674, 32.14714841336984, 25.78770162702016, 22.665658570243682, 22.579264376479696, 53.130537940197016, 60.404539198571065, 68.00758492270883, 76.14600175582025, 81.06549503350692, 79.72240116003152, 73.28250859990794, 65.45131145711532, 56.99124917594627, 51.778428593402666, 19.57232037403621, 25.110142468779262, 35.72565028413139, 32.13272154340466, 40.78990832567872, 49.05341893484761, 52.98867910761405, 53.628323400165264, 51.51329740367559, 45.49152087362442, 36.374350403246595, 35.15197425440015, 58.84552329736067, 52.807801680965625, 52.93562468394246, 57.67701544626658, 60.44923933065826, 66.6084668932508, 74.29702779310288, 78.79482672984584, 80.72176024108968, 78.81054924751326, 74.15339501360722, 67.53643556042267, 59.07198824332986, 56.11893912488149, 60.100388766076165, 63.49892933526351, 72.5226493612691, 72.24827493772061, 70.10884750625878, 65.7573370242114, 61.41468491940412, 60.930316937324136, 70.17781066261034, 75.24455651466884, 86.96930005908862, 103.53727578027846, 107.3015835273922, 107.87828021516492, 121.90502507106567, 118.32281088566067, 112.70304187203455, 104.76971184771725, 103.26114674032154, 98.68336278168736, 96.26827782598983], [41.015278920114575, 49.67728690891171, 56.846974221281684, 64.30200300030664, 56.84613120684498, 49.317563335381124, 40.936016723933115, 0.0, 9.962124514322989, 20.547651602781713, 26.903947092348663, 33.726299011451204, 26.485772802895312, 19.46316529925639, 9.894560560393169, 41.2155692784675, 48.47274289555623, 56.37225793135646, 67.08791557641278, 75.77147497365752, 72.72833310659952, 64.56523695755205, 54.69067827154103, 46.33104866327333, 39.26650675888433, 24.60246414426415, 28.869970953128114, 33.860388727583576, 40.80193044113743, 43.743084414393344, 41.49856860595479, 35.705805437930806, 29.07145530598802, 22.15051095100122, 20.414381517297137, 28.4515374052477, 31.29816287488638, 41.38922930789262, 47.421819832226404, 49.59034223676423, 50.60480999789611, 47.133896967156424, 41.873991526886336, 34.14550615070466, 33.1391519131625, 20.536662951087596, 14.644467881542536, 74.6193651095592, 65.78290853547428, 59.06971300350718, 57.040499176235635, 53.974180964901336, 55.6319455416556, 60.1351044796822, 69.1247285468897, 76.99193265774058, 79.35429984572758, 80.1278919259366, 78.10914217920404, 71.2781134698196, 62.533339685840055, 59.917710311032494, 57.86908621569092, 60.82099977043069, 67.68234418022232, 70.30377080535408, 72.25668591978956, 93.65300819341779, 94.13545172509927, 99.75240122211024, 101.501442223608, 110.48276548965265, 121.90092129790013, 120.25268188204349, 108.54523724161115, 113.10770803723794, 100.73399881494169, 91.19827314862921, 80.01086207680048, 74.51361623885768, 65.41747930833017, 61.67832978183498], [49.0676079702872, 57.40939563662722, 64.91188581442974, 72.96502855574745, 65.8670882267587, 58.373180273967925, 49.94802298781599, 9.962124514322989, 0.0, 10.844592243971602, 18.239377362149046, 27.18324931975089, 20.500946564103085, 14.745487549517275, 8.492451166766578, 45.93533532963948, 53.445991167697485, 61.77493216282354, 72.96207682355933, 82.35389930576241, 79.65730474820208, 71.093743474679, 60.992139267493954, 52.41394515956907, 45.09902654177229, 19.281380669531938, 21.267031429718298, 24.87470967324222, 31.58485242345099, 34.79775231858881, 32.594276974630674, 26.064935184078283, 19.5731253408878, 13.864459124644208, 14.674524843570369, 35.69293469168157, 39.04912999143918, 48.69150814681959, 56.58676207237739, 58.075002711332736, 57.815297603408816, 53.42036197129357, 47.786068074543294, 39.49511365847452, 38.320616257144415, 26.685815348450884, 19.250480539113195, 83.71673639288, 74.55899312780323, 67.00024717653004, 64.05196118464497, 60.14780264376388, 61.06284274403586, 64.90371502818758, 74.5283825259366, 83.22377582323375, 86.26410770105863, 87.85968615409294, 86.57938498033099, 80.09021861416865, 70.60194628663439, 67.04653068993629, 64.19404145260386, 66.14253841312144, 74.06712651650209, 77.39025205315752, 80.29071077553982, 100.71756537136044, 102.60301598028327, 108.95636173113876, 110.92116663009054, 119.84887052719706, 130.7268588777197, 128.58430631237997, 115.11570178575393, 117.70217239871754, 103.21201095153882, 92.66519826089018, 80.51589652240986, 73.3327221540445, 61.5496543001834, 55.35425495303257], [59.508092524859585, 67.69177000440102, 75.28071363859398, 83.41031648823069, 76.58840504702098, 69.14100422757808, 60.681831005665224, 20.547651602781713, 10.844592243971602, 0.0, 8.688423535177254, 19.866530532828776, 15.137116726213385, 13.61193801291168, 14.855927213598417, 54.847842189923426, 62.34127915181873, 70.76679487207348, 82.0106114691175, 91.59980046335527, 89.19178942866105, 80.59458078176118, 70.52952193511503, 61.96714130933079, 54.659211134049094, 21.719371898532632, 19.556808114062097, 19.040457051987513, 23.48831209851668, 25.454054713145293, 22.943350157570666, 16.75941703370744, 12.894666694583195, 12.946632993477227, 17.88161327499074, 46.06062839986577, 49.243108233483746, 58.0063397417572, 66.53102496740749, 67.27296217042854, 65.98504506422516, 60.622809252927645, 54.339049944941536, 45.81407613331994, 45.860110074512626, 35.95674892097529, 29.0985151675392, 92.65439155518773, 83.49227733611286, 75.33669878231903, 71.43546881311283, 66.64914717093606, 66.41571112694962, 68.98849800463779, 79.17017458664965, 88.86625820119515, 92.68266885091981, 95.2366655230915, 94.71531357973247, 88.65898578022355, 78.78816835984416, 74.32061187858726, 70.56426683219216, 70.81308667087085, 79.99187459166492, 84.13681575693236, 88.02099587896706, 109.5709580975941, 112.00792316349964, 118.28369377907444, 120.08102461695472, 128.7032003885904, 138.66174334564028, 135.80754373221325, 120.55180389065679, 120.406388717746, 103.60951356761615, 92.06479039123138, 79.04021846713997, 70.19549283095608, 55.9611309839041, 47.88094242085556], [66.68890625031216, 75.0317550832334, 82.42449511392265, 89.9192674740681, 83.29252528322438, 75.91828676847864, 67.39910374006506, 26.903947092348663, 18.239377362149046, 8.688423535177254, 0.0, 11.805014410422633, 10.505153013514892, 14.23157390914308, 19.44542888812916, 63.10963381556992, 70.45098172801984, 78.63931840076059, 89.4456891331618, 98.45773428033571, 96.15859928869152, 88.03356745099694, 78.26232408012278, 69.88394025799836, 62.743818761545214, 29.84268488174352, 26.361454941985148, 22.934379569521937, 23.219219329478438, 20.934593709012603, 17.43515226223918, 15.950975308075337, 17.42116137350903, 20.789867405080805, 26.292491725927142, 53.89308606618467, 56.65262239519619, 64.67469507438084, 72.04256918294831, 72.28690179789068, 70.76567537899776, 64.71715652883972, 57.4939878680132, 49.02708665798976, 51.64225563061, 43.00851642215125, 37.26778760838023, 96.12296151371268, 87.5324356998968, 79.44998001106805, 74.94423414490242, 69.53456960950288, 67.96244475046726, 68.73284867868524, 79.250487097318, 89.92386981464651, 94.34184655852907, 97.63110926420894, 97.49840938732652, 91.8050923802246, 82.3664669682264, 77.42373559060404, 72.95806045719007, 70.97382418383766, 81.34456391824983, 86.18237962640933, 90.65198044674594, 114.88046546411708, 116.4790867321839, 121.6480709735774, 122.9179022499658, 131.0718904275631, 139.91677449182353, 136.48143400431738, 120.59963409410675, 117.44220915212206, 98.93575612467836, 86.76755206477671, 73.1607560490671, 63.311695146795664, 48.097712015775485, 40.68440852796923], [73.73524605929943, 82.35404198185246, 89.31101027032732, 95.64244768198745, 89.09832275287793, 81.86492800625157, 73.41780110744868, 33.726299011451204, 27.18324931975089, 19.866530532828776, 11.805014410422633, 0.0, 9.769874465548932, 17.845386813245266, 25.209262010104347, 72.65173030176192, 79.81350729814744, 87.61966832638785, 97.74576788756865, 105.70332810618791, 103.36666844483564, 96.02199229942708, 86.68639745996967, 78.5828646121601, 71.67967216891738, 41.38345187546449, 38.07022193123645, 33.8889143653929, 31.441927076774338, 24.549134520373222, 20.33446432813252, 24.927661717204067, 28.86710088814305, 32.42787153181009, 37.6196936432323, 61.99656820696627, 63.749492649167614, 70.59041382488552, 75.68410887556627, 75.28695001136371, 73.76396343239581, 67.04032722274549, 58.62752333546763, 50.59811637443511, 56.96515161952086, 50.04002420344195, 46.24885000775359, 96.29475571454039, 88.74441973948188, 81.09856300348831, 75.99776178799037, 69.97488191198438, 66.6023717993908, 64.75998427207671, 75.47097430033566, 87.27912074511697, 92.35469327968624, 96.48307379047598, 96.74410485666601, 91.59282115487694, 83.1141333111473, 77.78136844035193, 72.53899771095631, 67.43116947304716, 79.18380485800562, 84.81213515144617, 89.85135270031304, 119.74533850674295, 119.26194271490834, 122.12706867764602, 122.26736089681219, 129.51344170744113, 136.73003491668436, 132.4304696860448, 116.09597103709505, 109.19678925897695, 89.03081843848386, 76.35045292874528, 62.29347041739407, 51.83739238330182, 37.234920562426524, 34.68334345798977], [67.34586540446558, 76.05217346327923, 83.09196230780897, 89.79786805238219, 82.49102626359188, 75.0389096161618, 66.73877371762126, 26.485772802895312, 20.500946564103085, 15.137116726213385, 10.505153013514892, 9.769874465548932, 0.0, 8.38091256398544, 17.022406662352918, 66.3084832961645, 73.7834578755465, 81.91961819464008, 92.60701594349764, 101.03834354672261, 98.33933626493, 90.51092766451997, 80.75042391091907, 72.34742461022918, 65.13336223723181, 36.41750152519393, 34.595964862998116, 32.77204343671392, 33.6947519296803, 30.090139595890232, 26.11595424346836, 26.366218604071122, 26.830195495546096, 27.962639205812355, 32.25328337869393, 54.69127877318043, 55.08395119963368, 61.23357915203336, 67.17341565652862, 66.47992886896206, 64.53076350652191, 57.83088115141917, 49.78630019232084, 41.56660195437415, 47.26315764034617, 40.920772031766965, 38.69362225169484, 88.97298926949333, 80.63914724308692, 72.44008435032787, 67.32134115023521, 61.41576668528311, 58.854946030905126, 58.72267685479081, 69.3408771217938, 80.42541901702091, 85.21110545376895, 89.07545312513118, 89.49592940521373, 84.29438921548986, 74.87614735537774, 69.42864672197275, 64.40621380888415, 61.15162245033632, 72.07196552636098, 77.36033672346264, 82.41195578859005, 116.5744859395782, 115.69940997367668, 118.2955207998433, 117.96982134711995, 124.98918254401313, 132.8960270973453, 128.27864402385208, 110.73581884735256, 107.6201542222762, 89.61135037328023, 77.77155826042555, 64.92121445514309, 56.67500219156304, 45.447730457943095, 44.188693031046995], [60.33466474803758, 69.04587978382696, 76.12150754596712, 83.11965174093854, 75.34819262646118, 67.7745754728944, 59.59688197138131, 19.46316529925639, 14.745487549517275, 13.61193801291168, 14.23157390914308, 17.845386813245266, 8.38091256398544, 0.0, 9.5948058324186, 59.462219764285244, 67.07631214539914, 75.35485253299466, 86.34372512911767, 95.05689515426295, 92.11100337816325, 83.98096228575693, 73.98693886827067, 65.44065164959194, 58.081001725003645, 32.0467995012505, 31.98079871264389, 32.56184176724377, 36.167019321370056, 35.11800033695575, 31.569032796161142, 28.92754284933501, 26.33281625435709, 24.689609821322065, 27.600879894987496, 47.154977318786834, 46.81748299307486, 52.93305478043196, 59.49421572382031, 58.95242405740887, 57.08802132998696, 50.786526251774696, 43.304046284929086, 34.8707971394126, 39.247591971665265, 32.55338526605102, 31.264098840112585, 82.8007457883589, 73.89146833128834, 65.50608008162784, 60.77688237616706, 55.31882946854348, 53.9185519495342, 55.61450596149175, 65.9348470432585, 76.10151989502991, 80.3548959430835, 83.61152029377264, 83.78138087659592, 78.31239225264493, 68.367499737909, 63.219214823305315, 58.74648023573917, 57.617518496454146, 67.4211642496163, 72.11516068518138, 76.73935031378912, 111.70268934087872, 110.77956306253884, 113.61242643412345, 113.299326237297, 120.45351487320829, 129.24178990675162, 124.87517402094146, 107.51446291223773, 107.69629350805367, 91.76069739129507, 80.76125218890435, 68.82965902500138, 62.12205814720393, 52.680895588234655, 51.43065628946578], [50.753612227891516, 59.46110944563086, 66.55180630760087, 73.70157554306836, 66.01819360351058, 58.45125685136275, 50.19647298282838, 9.894560560393169, 8.492451166766578, 14.855927213598417, 19.44542888812916, 25.209262010104347, 17.022406662352918, 9.5948058324186, 0.0, 50.47156478231621, 57.94935461321374, 66.06413730259995, 76.9253063507395, 85.59101300091532, 82.57994760838304, 74.45473446938006, 64.51761655662712, 56.05269555390282, 48.810945221127085, 27.328603571494003, 29.362540390307732, 32.24743749207923, 37.75816147440504, 38.81386091335416, 35.889047295595795, 31.419830608418835, 26.44224347581731, 21.832425125774115, 22.710137063836914, 37.820148674364155, 38.54720410259489, 46.30558794024809, 52.627394447623054, 53.253912066925245, 52.6889401911743, 47.608014415887936, 41.00757503279471, 32.647600445394175, 34.72443077493231, 25.31228227944248, 22.59480551230771, 77.81991309696336, 68.88477862384676, 61.20206545391204, 57.689185216875146, 53.31045495718383, 53.40428745229287, 56.5696365020364, 66.32108364071433, 75.41698701058186, 78.76633930099356, 80.8400850242231, 79.96990628511598, 73.82785802187857, 64.36191493177476, 60.360790640842616, 57.008115782233716, 57.91335368004251, 66.34180833633022, 70.06131171045521, 73.4383497744474, 102.7483709446085, 102.33027266601547, 106.31472043415138, 106.88078794969535, 114.86155189306528, 124.89836859845643, 121.78444313464038, 107.08226835334135, 109.53164605202977, 95.43340197112929, 85.18966411438059, 73.64971712415404, 67.65700890783005, 58.535250316031295, 56.13123547941029], [20.86940431523164, 22.566890341204502, 30.150265265583155, 42.3884697008272, 37.5042242328165, 32.563922853446215, 28.37454495866071, 41.2155692784675, 45.93533532963948, 54.847842189923426, 63.10963381556992, 72.65173030176192, 66.3084832961645, 59.462219764285244, 50.47156478231621, 0.0, 8.258065018165032, 17.796539051592337, 31.377139323597078, 44.32375552320645, 41.41605303128497, 30.04208028201877, 18.822860015092925, 10.328974320501482, 5.82325657739387, 38.15707459642283, 45.58441823208392, 54.37344983201571, 64.10661713398493, 72.6625829592398, 72.47203946549081, 63.11534313488164, 54.00367494667652, 45.632654956330875, 39.33845271908224, 17.352825087722778, 29.871076721118204, 43.5615678459551, 51.969450229472024, 58.52305509957013, 62.649327081660616, 64.99380036042864, 65.99682843739274, 61.58363244886449, 49.58995194029107, 37.21226408850886, 28.719624313119922, 83.76602569996658, 74.91126898068498, 71.15292935977831, 73.8429051178406, 75.08675334770592, 81.70748410974377, 90.81427180793094, 97.0520103655051, 100.09779439085452, 99.2962136713266, 96.01494596392197, 91.30228677560736, 83.31517797313164, 76.1569707761334, 77.64477777136976, 79.76852554281837, 89.93291132211802, 91.15532465384445, 90.09813904533688, 87.99215837943503, 71.68996296097055, 80.81824907398267, 95.98515380373246, 103.02465781458393, 115.25154456343886, 131.87847387699583, 135.0694996298488, 130.92675674198665, 144.14667376838466, 136.77307895318435, 128.9571063688979, 118.77522058450343, 113.93500053304977, 103.46013630934586, 94.29456458821201], [21.25261362908831, 19.67921726615248, 26.08366226807687, 38.36402599321193, 35.309593223345026, 31.93480693558813, 29.455084702353666, 48.47274289555623, 53.445991167697485, 62.34127915181873, 70.45098172801984, 79.81350729814744, 73.7834578755465, 67.07631214539914, 57.94935461321374, 8.258065018165032, 0.0, 9.65170484379117, 23.47090218972055, 36.99333958982499, 34.308633767119424, 22.653274485139445, 12.05127252900626, 6.953166694010869, 10.388758932198884, 45.55579678858929, 52.68669714209034, 61.181966384023056, 70.52008970485082, 79.11750161149477, 79.12618832055502, 70.01197782234047, 61.17781982953556, 53.07745847585142, 46.906937954969244, 23.68705222520063, 35.875610258940895, 48.953747921471724, 55.6881266247471, 62.9397831299631, 67.94753329778719, 71.04207211400002, 72.4260637510126, 68.46538036703068, 56.663602029335436, 44.758759164335856, 36.636137008535904, 86.31634666778362, 78.2427156457551, 75.61799784950858, 79.10838361760608, 80.95604450215146, 87.83104490917749, 96.90942846916221, 102.72416540440331, 105.23315665344815, 103.93448363985365, 99.96542418778422, 94.56042661186669, 86.42418958254443, 80.41653891675904, 82.74505042483028, 85.42475191169976, 95.80582248472541, 96.43461148087474, 94.87175019733426, 91.92399544877514, 65.58636847091998, 76.50164638954209, 93.6260121324921, 101.93309638724256, 114.86867946279298, 132.25894200478007, 136.7053746437796, 135.10016722861275, 148.81591800055833, 142.20852343922928, 134.72827823710483, 124.66725490092088, 119.94084433125464, 109.47584169396596, 99.9725176249646], [23.56189247850151, 18.508225183187445, 22.31032605195292, 33.641929144976345, 33.26628735423674, 32.023572778663684, 31.54791288256884, 56.37225793135646, 61.77493216282354, 70.76679487207348, 78.63931840076059, 87.61966832638785, 81.91961819464008, 75.35485253299466, 66.06413730259995, 17.796539051592337, 9.65170484379117, 0.0, 13.95285409795634, 27.937738622027894, 25.54101236641754, 13.852038270337474, 6.6407949509650575, 11.192393031858915, 18.442272368471137, 54.454292861485975, 61.32808488655736, 69.45640048478752, 78.27061476100764, 86.63621002987247, 86.77521275378653, 78.11747583191912, 69.64736294665114, 61.78168150536634, 55.77516157894747, 31.25584108556962, 43.00191016168385, 55.40844469900189, 59.845605744693074, 67.79367704360605, 73.8412334372194, 77.66494398576306, 79.29656248976579, 75.83122152256318, 64.62967836048514, 53.140495097881555, 45.434117326408156, 88.55708366393918, 81.5965108021918, 80.37932063826828, 84.72411361791774, 87.19552125600643, 94.20307114549239, 103.05280699315013, 108.36993965410915, 110.33768278241466, 108.49839998310796, 103.77975266235076, 97.55273612950472, 89.28468973504133, 84.80551448953487, 88.0848381706674, 91.33238551460002, 101.69952701878574, 101.73420598429246, 99.64277135035626, 95.72847744512194, 57.660836066106896, 70.43213794608477, 89.67879894127563, 99.43444480359233, 113.1493687504926, 131.30018115010915, 137.24331306822404, 138.83562501623376, 152.85932691571088, 147.20055117955116, 140.18037967038862, 130.33905926147204, 125.86342085200228, 115.68852201944206, 106.20485965051867], [30.710634619137213, 23.41930117423415, 22.543183854344047, 29.645863499336055, 33.977107025522024, 35.72096759074044, 37.37481442450804, 67.08791557641278, 72.96207682355933, 82.0106114691175, 89.4456891331618, 97.74576788756865, 92.60701594349764, 86.34372512911767, 76.9253063507395, 31.377139323597078, 23.47090218972055, 13.95285409795634, 0.0, 14.640266340625502, 13.471787248598341, 6.387498552674359, 14.483945800472812, 23.181034801641815, 31.08372558638136, 66.75867650868415, 73.26352167092688, 80.79396882880837, 88.7529521449531, 96.55218809280478, 96.82425030778242, 88.98981939822289, 81.13303940716459, 73.62915442735972, 67.92006396472415, 42.742468736370235, 54.12844096771414, 65.86216288114545, 67.07557161851203, 75.73237696078228, 83.0772368679047, 87.56605768182548, 89.17597175003341, 86.2227479801966, 76.28716871607325, 65.07353286425607, 57.603155301957486, 92.43100899548071, 87.2799709867033, 87.98588313259827, 93.26416157595956, 96.36350885143231, 103.23927542853015, 111.40264952784862, 116.13192919380782, 117.61995132352556, 115.18033066985483, 109.60578048028552, 102.28244291393618, 93.90812761038079, 91.72908335118818, 96.14939847371895, 99.9565148412783, 109.77656269749401, 109.30387393223866, 106.67131224663119, 101.55515515202391, 45.4759590136108, 61.237327799430915, 83.63080749984215, 95.58663917361993, 110.40673718139767, 129.3472769447378, 137.49507578131235, 143.90366545928083, 157.56322541099345, 153.0203863096258, 146.62008790951114, 137.05609893561112, 132.87860619713538, 123.16320670906595, 113.90619964274293], [37.94502467223735, 30.49086803652669, 26.172560364982907, 26.54746117851133, 35.256958548792525, 39.41886663211328, 42.567762782353064, 75.77147497365752, 82.35389930576241, 91.59980046335527, 98.45773428033571, 105.70332810618791, 101.03834354672261, 95.05689515426295, 85.59101300091532, 44.32375552320645, 36.99333958982499, 27.937738622027894, 14.640266340625502, 0.0, 5.324776943264859, 15.38157058234877, 26.363307754151528, 35.11606487005634, 42.91350677938697, 78.32610114246853, 84.61256721559197, 91.57794874687197, 98.67873655479445, 105.44168259570453, 105.63036965669069, 98.88835495911086, 91.67421367343074, 84.40270754211278, 79.03019992374013, 52.78965461764087, 63.497198994610955, 74.48553429234303, 72.03741844289581, 81.17806070554464, 89.80999248292153, 94.77199452568307, 96.12227349420175, 93.75548202083509, 85.6917294821616, 74.90198052632685, 68.10452923227666, 93.07666853697239, 90.07141458952667, 92.80752718148278, 98.87939796253164, 102.49857898199824, 108.97035217185004, 116.10678734956366, 120.15133525527004, 121.2461387258753, 118.27455835389728, 111.96727928130515, 103.57445173916712, 95.21281453433082, 95.63657588837721, 101.13558535181163, 105.37987164311379, 114.20760751536932, 113.32258605154526, 110.24482491666049, 103.97746165352561, 31.380867106727585, 48.942387776208086, 73.87444281731682, 87.82034306506846, 103.5687874142787, 122.94916421731504, 133.24096215450635, 144.76150819882557, 157.60993609402365, 154.43346629108473, 148.8795808685734, 139.88573038072948, 136.38955537870848, 127.92421426128853, 119.93499463520563], [33.81358625032112, 26.010557311519293, 21.145282221054153, 21.878143290033112, 30.175814218922888, 34.482355882210946, 38.09664958967674, 72.72833310659952, 79.65730474820208, 89.19178942866105, 96.15859928869152, 103.36666844483564, 98.33933626493, 92.11100337816325, 82.57994760838304, 41.41605303128497, 34.308633767119424, 25.54101236641754, 13.471787248598341, 5.324776943264859, 0.0, 12.019467525352438, 22.959865498094295, 31.74607628233936, 39.554426305356344, 76.15832477149095, 82.72222082204878, 89.96301205203237, 97.3941749543682, 104.10109851151793, 104.10192748790895, 97.22272143242321, 89.76173621361674, 82.20187619114856, 76.70170158033979, 48.997022662143316, 59.041257446405695, 69.62919681205581, 66.99924115709858, 76.13867919500254, 84.80205429974633, 89.93681772711975, 91.5259691040376, 89.39603185820502, 81.24441704147864, 70.90556629505903, 64.8726503416684, 88.2149206140353, 85.00681154198158, 87.72664459303827, 93.90066208328152, 97.66286373572636, 104.31332895683154, 111.73621103101988, 115.60917252841853, 116.44121469352005, 113.38175033012965, 107.01415453052722, 98.69915604813839, 90.3634204936082, 90.61057682480781, 96.17601193236379, 100.55134003195808, 109.76303315539485, 108.56667138186043, 105.36413175202262, 99.07340001833036, 33.980459907402114, 48.58650093093346, 71.9607805406963, 85.03208908296321, 100.40435942981381, 119.81472060623834, 129.54504309521752, 140.14817150625834, 153.90182304298187, 151.1605408639494, 145.77511721490177, 137.07913907636106, 134.01301162849293, 126.19917244211113, 118.94699631555592], [26.15480590269452, 18.13541467241, 16.339203518937484, 23.912487337293935, 27.7088044409582, 29.747363450431536, 32.14714841336984, 64.56523695755205, 71.093743474679, 80.59458078176118, 88.03356745099694, 96.02199229942708, 90.51092766451997, 83.98096228575693, 74.45473446938006, 30.04208028201877, 22.653274485139445, 13.852038270337474, 6.387498552674359, 15.38157058234877, 12.019467525352438, 0.0, 11.448592263311895, 20.631800114460926, 28.68235876686487, 66.21292619169927, 73.05337038225741, 80.81234544950398, 88.99327315219458, 96.42586254790717, 96.41549893647513, 88.68541366891526, 80.66073195106947, 72.8142645517161, 67.01477883788385, 39.38109261359398, 49.822694803025925, 61.00108377831304, 61.298196393586004, 70.06282237921324, 77.70965466935473, 82.49137472434963, 84.32136146738989, 81.76878666090165, 72.12172770879168, 61.52981360144476, 55.23589083736769, 86.20097603615983, 81.1634957466197, 82.1886082724805, 87.72541814870686, 91.08492912565352, 98.08924527830553, 106.38724041303584, 110.78905469563547, 111.91595502209105, 109.28995991369946, 103.53348027629491, 96.1225193242603, 87.77718650855698, 85.83031748901479, 90.51523631379457, 94.55021156859259, 104.62078686773857, 103.71976942224569, 100.87290271601164, 95.53830059666619, 45.41103053573786, 58.36917991210763, 79.24869215837035, 90.44705502992528, 104.92823953913219, 123.88822210095866, 131.71086848683535, 137.92182366542878, 152.43207017864938, 148.66444627983128, 142.64054437953502, 133.56519594146306, 130.07568001182963, 121.48499385272655, 113.51638234204891], [18.31896738869113, 12.104195647428584, 15.77118212508923, 27.473179693051073, 26.63454957676176, 25.589206743152022, 25.78770162702016, 54.69067827154103, 60.992139267493954, 70.52952193511503, 78.26232408012278, 86.68639745996967, 80.75042391091907, 73.98693886827067, 64.51761655662712, 18.822860015092925, 12.05127252900626, 6.6407949509650575, 14.483945800472812, 26.363307754151528, 22.959865498094295, 11.448592263311895, 0.0, 9.262883783058221, 17.351562660208938, 55.694670384172674, 62.8256839188892, 70.98653005924781, 79.74649764555791, 87.46387846658703, 87.31115147284339, 79.06192777785513, 70.62079101150539, 62.482562901199124, 56.490307617356784, 28.73411825850602, 39.74031375369361, 51.76623110899523, 54.52225972663633, 62.781921412846145, 69.46587694498169, 73.63715159400724, 75.34021903150918, 72.31233319575502, 61.851852656976526, 50.87103406526895, 44.405265409013616, 82.38772649480025, 75.85660757034216, 75.27547058995405, 80.00551232605812, 82.79225797467993, 89.81691616779776, 98.55395802919037, 103.50611669864884, 105.16521082373436, 103.09205493687972, 98.1010349256076, 91.57808632388344, 83.27116280024552, 79.44313073835067, 83.16202085769844, 86.67998230786246, 97.0260299070794, 96.67853472876828, 94.34662065935622, 90.03563357679874, 55.02590842370959, 65.59390202804856, 83.7147899726736, 93.03973671206361, 106.60557272797777, 124.7875374306681, 130.752907660439, 133.0193334979601, 147.49005056416726, 142.67657879338594, 136.11355522394922, 126.7706456919217, 123.01883415885837, 114.09272591205408, 106.0672880826676], [14.512224881079606, 13.062259117780123, 20.141267403226564, 32.449423770060704, 28.6871993237468, 25.050060859952932, 22.665658570243682, 46.33104866327333, 52.41394515956907, 61.96714130933079, 69.88394025799836, 78.5828646121601, 72.34742461022918, 65.44065164959194, 56.05269555390282, 10.328974320501482, 6.953166694010869, 11.192393031858915, 23.181034801641815, 35.11606487005634, 31.74607628233936, 20.631800114460926, 9.262883783058221, 0.0, 8.091150695732102, 47.05733723849026, 54.417633876962036, 62.84556833791702, 71.99918647630776, 79.79942731008161, 79.49753246276019, 70.9358676060984, 62.217935441009054, 53.8539614567204, 47.74805072827148, 20.175069441348498, 32.119977536176286, 45.14398477514432, 49.979121505333374, 57.63722836628424, 63.41286925659669, 66.84244539289105, 68.19607840528386, 64.64363498045155, 53.776649217292714, 42.21359133308732, 35.36485097647095, 79.88594734386294, 72.27177592411421, 70.31321342086343, 74.19843980170243, 76.34855615789603, 83.19104976441534, 92.06759721067374, 97.55283639743121, 99.83216402136301, 98.31733098904652, 94.08494270822449, 88.33781494158477, 80.11684666572891, 74.81780020288839, 77.6059180646416, 80.54141100829204, 90.7867050805759, 91.10892354675158, 89.33257120144523, 85.97186190675488, 62.448374306587986, 71.27951390439733, 87.25363324425423, 95.14385764823868, 107.95531995645166, 125.32609614495188, 129.8275108487427, 129.0398038869587, 142.99510008267416, 137.18106446768388, 130.1509185686407, 120.55995845693793, 116.55264686639067, 107.3704944049382, 99.41090051640307], [15.303407742357063, 18.04640636916021, 25.97513248145913, 37.94753707656908, 32.37397921469218, 27.028722962062893, 22.579264376479696, 39.26650675888433, 45.09902654177229, 54.659211134049094, 62.743818761545214, 71.67967216891738, 65.13336223723181, 58.081001725003645, 48.810945221127085, 5.82325657739387, 10.388758932198884, 18.442272368471137, 31.08372558638136, 42.91350677938697, 39.554426305356344, 28.68235876686487, 17.351562660208938, 8.091150695732102, 0.0, 39.818920374002275, 47.41606060866482, 56.095271417506275, 65.61962054919272, 73.43658692503728, 72.96661231074702, 64.1313034114708, 55.151586400527975, 46.5554819202428, 40.34691853454712, 13.301464951040241, 26.16299157343122, 40.05129015591545, 46.91120089679437, 53.81985859166176, 58.613811465954434, 61.249536391974736, 62.22302453927004, 58.1510216981531, 46.94774538776677, 34.78641271061477, 27.5360165334167, 78.27074496772715, 69.7490753834817, 66.50534431934177, 69.52551715458385, 71.02707665643402, 77.64046525077352, 86.60368380084292, 92.57442486765858, 95.43437422143042, 94.45413609489209, 90.95735698390149, 85.96726366057102, 77.89875569999595, 71.27989838886265, 73.14519818886401, 75.48760807829086, 85.56678872349268, 86.53271283809143, 85.29854921351053, 82.85704414730522, 69.21169113945119, 76.6452067464351, 90.77541340659235, 97.41070915523048, 109.49716974185671, 126.08199490585123, 129.2832729219773, 125.76633980722329, 139.21244944350258, 132.51291954103223, 125.07775418669513, 115.29615125550137, 111.0849800511652, 101.73673402773272, 93.93643557641967], [49.31377105231057, 55.97347225247525, 64.06433319504777, 74.3058709548721, 68.03677157596752, 60.95667004757023, 53.130537940197016, 24.60246414426415, 19.281380669531938, 21.719371898532632, 29.84268488174352, 41.38345187546449, 36.41750152519393, 32.0467995012505, 27.328603571494003, 38.15707459642283, 45.55579678858929, 54.454292861485975, 66.75867650868415, 78.32610114246853, 76.15832477149095, 66.21292619169927, 55.694670384172674, 47.05733723849026, 39.818920374002275, 0.0, 8.042245495240616, 17.46360838698068, 28.467315102835915, 37.712336820911766, 37.4758891031504, 26.50524250836234, 16.667149578918647, 9.114680865098785, 4.625489080675037, 35.265604746908764, 42.00057907295378, 53.428350575805304, 65.28268506277037, 67.78553045160434, 67.34792670305359, 64.31503621212329, 61.046672718520654, 53.26202869357341, 45.78515562843202, 32.91229112426683, 20.5844