{
	"dissimilarities": [[0.0, 7.358915417630852, 16.216276195229195, 24.779693940425283, 17.511989706004513, 11.994797849612684, 8.624751962382106, 43.129858502205565, 49.99541808798492, 59.3414120075093, 67.65861842384145, 74.76257167249327, 67.09890781606607, 59.89036385337836, 50.644049607028435, 20.481445357475287, 20.53800595681309, 22.022271621673863, 26.766323654024852, 33.95593810410523, 30.250933789549862, 22.433933838714694, 15.632738139219601, 13.984946888327714, 15.81496813004013, 49.64080484939714, 56.96041915062242, 63.83908362410427, 72.78735007160786, 79.09398044124573, 78.150861401224, 71.19581867889137, 63.13983752394311, 54.71959732157338, 48.19142473960176, 20.434750440348076, 27.034822623251294, 36.36817287006705, 39.54305516606548, 47.804817457411936, 55.42029551325696, 59.73789916400916, 59.67078276526368, 57.32218978659831, 48.85884079600562, 37.982627615250976, 35.333727201199586, 66.0581282235926, 62.90853655293269, 63.91345957172578, 67.89752813481859, 71.22827800644693, 74.87820783675468, 81.7166317582204, 84.03886975149197, 84.45612928636949, 81.07388192842751, 77.53433260101704, 71.92579551939284, 67.49398285474663, 67.8967022716966, 71.90968969048745, 75.13292175890578, 79.51956107883949, 75.9819415867349, 72.76265212482934, 69.70293572684476, 56.75137295743508, 61.26519501948447, 71.55405487161907, 80.04753660066808, 89.21081196602493, 106.29515817413886, 113.98999382859981, 113.37839550780785, 128.51019863010978, 123.47046350808587, 117.10986837928849, 110.02900430726619, 106.3331517266079, 100.77144726849927, 96.66950022956068], [7.358915417630852, 0.0, 9.546089205702721, 19.371381162644912, 12.861199551576865, 10.566868600748093, 12.702541770856454, 50.478826073063004, 57.262674771733295, 66.59027754619343, 74.97355165598846, 82.09275884890006, 74.45307962794651, 67.23257118185715, 57.98955326224621, 23.415028483370612, 20.95133840352203, 19.799116087617723, 21.690722216197347, 28.072810810245, 23.98432032259093, 16.451766943865607, 12.305123371956334, 15.02535487043943, 19.746331010307763, 56.10021302248763, 63.45549239228476, 70.43247928609995, 79.51680618683848, 86.04589407681874, 85.2420535879942, 78.13409092713097, 70.00320339101974, 61.58849468604319, 54.90943197666131, 26.682984582881744, 32.40817690469048, 40.61747634864158, 42.7698741815446, 51.213342409864836, 59.28634928828225, 64.47903439324088, 65.11777328096342, 63.49056288302492, 54.47510772752359, 44.54297614178277, 42.1972846039878, 67.72377173764393, 65.27318451759683, 67.20806595123685, 71.85476268103568, 75.80471202733597, 80.00988493073221, 87.21284528853876, 88.790103147439, 88.6377645632366, 84.62513675709383, 80.39284266081643, 74.24230587489745, 69.68102482222696, 70.98475031153025, 75.73794671829174, 79.5635312356344, 84.70917085754056, 80.38063854983037, 76.56406041612703, 72.74670747135035, 52.17438897854397, 57.69816776385779, 69.41240061415067, 78.77846978957753, 88.4518321239244, 106.41070838530608, 115.11191198804883, 116.34642436416438, 132.8744448247726, 128.99599008984364, 123.11229601454511, 116.38389250350141, 113.01921555830398, 107.68860353296546, 103.43159581717785], [16.216276195229195, 9.546089205702721, 0.0, 10.57473711017452, 7.470511588046766, 12.207276429585347, 18.415208992499245, 58.85816139097751, 66.0237001481525, 75.37121192367287, 83.47800476300283, 90.12908248762106, 82.7669420746656, 75.63102128842817, 66.30878053734892, 32.25736365860278, 28.40789685128195, 24.771274331296095, 21.23231630888408, 22.816917547909643, 18.075414229945107, 15.046018280210383, 17.56766909594958, 23.406396147084795, 29.05931945765396, 65.512440175971, 72.78201360336996, 79.59787272735075, 88.3452160395471, 94.55847440769057, 93.72783963039014, 87.05091140643177, 79.14225899477859, 70.8197584285502, 64.26481638669001, 35.988437412329574, 40.3050898202704, 46.931037268764584, 46.28910858609841, 54.95769374220587, 64.0019082377886, 70.17450488353276, 71.09273394048994, 70.03727453086618, 61.94133906692806, 53.09614924611045, 51.471075259285854, 67.63243016974931, 66.6493756283011, 70.09124772357843, 75.53204369681497, 80.11919298307497, 84.74732169715242, 91.85884687003866, 92.67338721323232, 91.83527510562774, 87.10033291232664, 82.03929555169104, 75.10208699172163, 70.38843953420616, 73.28145023147347, 78.93753915123402, 83.40798789889443, 89.15049564698221, 84.14312047099386, 79.67467976022017, 74.8686180409762, 45.49056751674199, 50.05047678472704, 62.76223934324646, 73.11132659539096, 83.53239846424587, 102.35036653836642, 112.40390042956302, 116.81182579275952, 134.42169663029244, 132.31170212306066, 127.25773383186028, 121.11444309380005, 118.50076938571537, 114.14147672929315, 110.59354995839455], [24.779693940425283, 19.371381162644912, 10.57473711017452, 0.0, 9.573535749447698, 17.444181688350593, 24.251032677870757, 65.1248347563044, 72.87588881886467, 82.1854713872961, 89.71179018376559, 95.51865621920695, 88.65072488450184, 81.72970942185867, 72.37893814163951, 42.52555290681251, 38.73830228561811, 34.501024270542885, 28.20825324610787, 23.982234330671965, 19.529181097789486, 22.533164537518495, 27.698549789229872, 33.754460996903184, 39.08933931605195, 74.12316502016759, 81.20664387611438, 87.65311123351162, 95.69020189497674, 101.1226264274934, 100.10191835101399, 94.3264321324459, 86.8874314896784, 78.74673796464594, 72.5578504719494, 44.743116085293046, 47.7493061943478, 52.986721778941906, 48.92642466029237, 57.676376591791886, 67.77506910529314, 74.57843485819818, 75.18878082812806, 74.3331428438679, 68.36577828447345, 60.3994101896625, 59.60535740191744, 65.47300378679375, 66.32951162054466, 71.31494598137344, 77.32813516390345, 82.27222658314935, 86.95981338930076, 93.42940613986383, 93.77105132567034, 92.40133327960042, 87.16671611812785, 81.49432488312698, 73.83494591596798, 69.03058924966373, 73.68352959901272, 80.01663105839357, 84.88051704400377, 90.73944728303347, 85.50323684360531, 80.62227324159197, 74.99830099084174, 40.03042616193393, 40.27450522291349, 52.788898942337795, 63.93705429668775, 75.20056929458451, 94.50546022000732, 105.80609452201406, 113.79165238963279, 131.54102167966667, 131.22999668409707, 127.11977438057981, 121.63592569302429, 119.99179536473518, 117.11394559758354, 115.00648778045915], [17.511989706004513, 12.861199551576865, 7.470511588046766, 9.573535749447698, 0.0, 8.18742366732472, 15.96065463566836, 57.70511873127917, 65.61301096578859, 74.9919904124052, 82.72486309818422, 88.95613595734478, 81.456780392935, 74.3158887579814, 64.94097304398773, 36.03625674064639, 33.525497085599824, 31.181720310528508, 28.69662868260211, 29.21572682087663, 24.436365710125827, 22.500753593836542, 23.6570063090614, 27.752690905341105, 31.996570656577635, 66.881162218849, 74.21791348199001, 80.9874000828062, 89.53311988461013, 95.1469240458769, 93.91137831332782, 87.74471392829275, 79.94884747275015, 71.52968877490174, 65.17736470007054, 36.31990565760558, 38.369463151050155, 43.50846514631824, 40.57454154308987, 49.32046657033408, 58.985275385372084, 65.60396852311908, 66.49886324762328, 65.89459545289101, 59.00882930995062, 51.47824266393392, 51.52833596452593, 60.36338373401263, 59.81594035949294, 63.81367709023593, 69.53691260006815, 74.36773938639227, 79.1745257570447, 86.26241598527992, 86.59457702713183, 85.44455709930162, 80.46046906923982, 75.17186031542695, 68.02916765379045, 63.28519390214257, 66.70066711066262, 72.65425549736771, 77.36668488242178, 83.39661556040569, 78.05533849327014, 73.3422789000358, 68.19913881482144, 48.76452402577646, 48.672631958721944, 58.081342316181235, 67.20506520571706, 76.9022082255803, 95.56489517021772, 105.27339640128453, 109.56565427334792, 127.98387141892539, 126.77592040295916, 122.26889280001204, 116.97569309742079, 115.28123674060221, 112.44674544083803, 110.56517424274912], [11.994797849612684, 10.566868600748093, 12.207276429585347, 17.444181688350593, 8.18742366732472, 0.0, 8.409820367794131, 50.12130512239362, 58.138945539078236, 67.52234156601732, 75.31256185221676, 81.75939825171774, 73.91342208419961, 66.67161636285937, 57.31041847639375, 31.18762123844063, 30.405828225401144, 30.212827506700577, 31.223970839912738, 34.68812902567114, 30.101445981471194, 25.36000863479918, 22.683145850007005, 23.979889147637984, 26.475432290731156, 59.80152992731563, 67.22320136740764, 74.09433981315968, 82.82155394310206, 88.41503492624972, 87.00468351573339, 80.7115112615166, 72.78400898226896, 64.2463464485505, 57.907881074572565, 28.81373730165806, 30.344708714648572, 36.007892890884605, 34.42876810283231, 43.17355532829818, 52.355750564982806, 58.39206938564782, 59.07575292370008, 58.22786127788917, 51.026093687705945, 43.31356620357485, 43.845114382368635, 57.41749793899257, 55.579217943187, 58.396983454650645, 63.56269281596543, 67.97441878533641, 72.54295816801428, 79.79855604299004, 80.571053352944, 79.89023531427388, 75.42498108573336, 70.77741150383363, 64.26588957803625, 59.632786800049665, 61.74471657756217, 67.03447407785364, 71.3087350303121, 77.00554229338152, 72.05844144761603, 67.79127139406701, 63.38751177784546, 55.29294343004433, 55.033542172052435, 62.59402946366754, 70.32569451917256, 78.98702697596286, 96.74861914288172, 105.05032951145645, 106.30690396619049, 124.20224167645726, 121.80457715326526, 116.79182165997742, 111.36918830810909, 109.43375658983504, 106.45152027826869, 104.72219502595915], [8.624751962382106, 12.702541770856454, 18.415208992499245, 24.251032677870757, 15.96065463566836, 8.409820367794131, 0.0, 41.80979945446381, 49.849402606548374, 59.223814295593264, 66.94672800831545, 73.38456583324398, 65.60837254320269, 58.40609217670631, 49.03547065177706, 27.636835870961317, 28.76390882410529, 30.466406429951366, 34.019604710939134, 39.052122337952206, 34.93513289714996, 28.962505473513822, 23.68182105903879, 22.106488435179863, 22.380952176667975, 52.29701362584415, 59.57608508381361, 66.25313752112875, 74.7462847875167, 80.1331871787436, 78.65080187181876, 72.52455485884119, 64.74628952564588, 56.29474827182119, 50.18135583299472, 22.289029178241794, 24.888465612927167, 32.27783830052209, 32.381031793467024, 40.94704466273298, 49.482468405730685, 54.28659042039102, 53.97430156884748, 52.01841125674349, 45.4647689407357, 36.276316172087576, 36.233793037891495, 57.73303675434549, 54.959429313350746, 56.472105811662416, 60.71579888421895, 64.25789923964962, 68.03678285483538, 74.7607382830732, 76.662731315312, 76.80363154772333, 73.21442662116843, 69.51533091677477, 63.723565541366774, 59.25445421330192, 60.13364571079982, 64.39729643883798, 67.82622408319722, 72.42731574277974, 68.62612300031353, 65.19640065387819, 61.84506580920687, 59.24337660050928, 59.34210274470844, 66.31530494283112, 73.42210666029958, 81.76055286872585, 98.44870984566636, 105.65889734147754, 104.85213279709123, 120.62364267896335, 116.54747336192513, 110.80309711181437, 104.68101230097547, 102.10914014621716, 98.49401626204397, 96.59265121909485], [43.129858502205565, 50.478826073063004, 58.85816139097751, 65.1248347563044, 57.70511873127917, 50.12130512239362, 41.80979945446381, 0.0, 9.778859771332545, 18.2766382850826, 25.36071515018776, 32.64606763142884, 24.02733837227771, 16.78102791930852, 7.574254008664022, 42.27247895335091, 49.52744613458687, 56.401394385464386, 65.93033587180877, 74.38225824878286, 71.66665247318156, 63.66147695625437, 54.295616846523934, 46.481364649339945, 39.51234611273546, 24.108897758789574, 28.073751919122248, 32.1420570002557, 38.4214738514693, 41.75639566087635, 39.10617659026091, 34.17567765874616, 27.890536613136113, 21.196019837033106, 19.749722764394264, 28.5336875580368, 30.840662491397453, 38.315702020304116, 45.99763294742961, 48.892353934133645, 50.12596361171286, 46.397426609255, 40.63416433820921, 32.056387714497184, 32.134658145045975, 19.122913824363586, 15.871329884698948, 72.14810847834033, 65.48885260954525, 60.27556951868667, 58.67040333492799, 56.645080416093585, 55.20158280792258, 58.15530532429983, 66.05348006347546, 70.6734644408624, 72.28127752126333, 73.95061592505039, 72.8864297785125, 70.20406500367973, 64.73109537904024, 62.81393443649832, 60.99550439145025, 58.765095227078554, 61.93863290454149, 63.69679940017763, 66.45340779919415, 92.28902849208669, 92.97530790560383, 96.3900674010035, 99.88015202890422, 105.38373409943006, 116.41160603851412, 117.70656702609524, 105.21799306622759, 110.43332396303404, 97.09307188020617, 87.2274622055214, 77.7336999659797, 71.2870460689009, 63.768662262120145, 61.319964728563676], [49.99541808798492, 57.262674771733295, 66.0237001481525, 72.87588881886467, 65.61301096578859, 58.138945539078236, 49.849402606548374, 9.778859771332545, 0.0, 9.395743818739897, 18.145327783788115, 27.179113007739197, 18.8642713340269, 12.5575736695759, 8.506583801441858, 45.6883720506843, 53.161229669817104, 60.406849301709705, 70.69509940744317, 79.94975149401068, 77.61236383315764, 69.15269860760729, 59.42178482398489, 51.206232126619604, 43.98823033608725, 18.08705429791189, 19.870996667896407, 22.83112312145441, 28.999105180819303, 33.00244765880399, 30.653574932831535, 24.577233144542635, 18.198647775055594, 12.479424705147709, 13.926827013215213, 34.14458113921063, 37.907659226592585, 45.6996646575941, 55.01086386948758, 57.42029226693585, 57.46356315532729, 52.698900547507236, 46.98258532256473, 38.20745549512124, 37.42709021524118, 24.859380645633593, 18.736739873533978, 81.44709847483028, 74.38551035843366, 68.47942172545727, 66.22868329257705, 63.550379240656454, 61.4487129181827, 63.817474403915725, 72.46613893227435, 77.67125138869031, 79.961958149398, 82.23166753295457, 81.71943356394324, 79.23755460353767, 73.08209981761766, 70.49229950302822, 68.03981149920548, 64.91471798907101, 68.99425724887848, 71.38980895453953, 74.82299919155071, 98.1606531753496, 100.75797439924328, 105.34993880383787, 109.22567919463773, 114.91945388183376, 125.6250053741748, 126.55567956580445, 112.88728557513977, 116.1426505370837, 100.81577714608638, 89.94118274419964, 79.2170315351118, 71.02975756090039, 60.6196299718669, 55.42298924188248], [59.3414120075093, 66.59027754619343, 75.37121192367287, 82.1854713872961, 74.9919904124052, 67.52234156601732, 59.223814295593264, 18.2766382850826, 9.395743818739897, 0.0, 9.71694707022509, 19.96671906732463, 12.384314096520406, 9.469425590645454, 13.386923506720132, 54.09229496239511, 61.60610604412497, 68.95529028179011, 79.4389189773115, 88.81251530524112, 86.62798803166292, 78.15126365921999, 68.37064469833874, 60.066086422095104, 52.79298858043274, 21.325911751557587, 19.55820366589046, 19.287710986634913, 22.778768910371955, 25.375027340018494, 22.47886954054427, 17.154200156436264, 13.266564257545847, 12.65539086375739, 18.2081001488649, 43.16050889704925, 46.40245459646623, 53.29646613551842, 62.71263078019752, 64.29008505772603, 63.22684776340814, 57.268850932424435, 51.00746990695647, 41.8560418067643, 42.75604858499898, 32.339355096757686, 27.172738106713517, 88.0412059979868, 80.70386884892437, 74.05442933488226, 70.91092633251732, 67.29863293941217, 64.16578580602933, 65.38288228449575, 74.96628717210643, 80.88985136744746, 84.12148055299352, 87.27005609866498, 87.54438114266537, 85.41954925047659, 78.54820900735362, 75.00624710981977, 71.6521461536099, 67.16652543253691, 72.57702574439534, 75.86919913745527, 80.2074081406152, 106.52077404059261, 109.18024235459181, 113.3472983228129, 116.75146100593334, 122.02672843987744, 131.7439829126613, 131.7040199435792, 116.20604829499148, 117.00694630759381, 99.70080554944398, 87.96077249978403, 76.45616138862498, 67.08895321080357, 55.1165489860194, 49.21783355322443], [67.65861842384145, 74.97355165598846, 83.47800476300283, 89.71179018376559, 82.72486309818422, 75.31256185221676, 66.94672800831545, 25.36071515018776, 18.145327783788115, 9.71694707022509, 0.0, 10.667729234592192, 6.398665033120113, 10.825074902673839, 18.87435031882422, 63.54688142756347, 70.96221458203482, 78.11994998099344, 88.2074833288935, 96.9878469157575, 94.83462390025542, 86.83008369044359, 77.3340256580605, 69.22534613541278, 62.06985911709764, 30.536146381143414, 27.36663069202818, 24.527876441823025, 23.17064744212427, 21.295463170357063, 16.903966408616675, 17.094203429574893, 18.584068669976578, 21.49914670902085, 27.759178550432612, 52.18203859245711, 54.54175867277077, 60.39873339532032, 68.48867964114453, 69.42330385355159, 67.94749996660717, 61.1779045072884, 53.92407749276137, 44.24194582918144, 48.6137278901466, 40.137702168782646, 36.45851471205356, 91.52135959436093, 84.39841935778324, 77.433444363726, 73.52957202802693, 69.00230897774287, 64.64850213512419, 64.02901479022061, 74.71090901167713, 81.31883041657777, 85.48244757982103, 89.47077391727886, 90.38531677574727, 88.61376411258402, 81.503652700764, 77.11849270058732, 72.86579141614686, 66.71305212216707, 73.70995464663504, 77.88818343737513, 82.97277044199718, 113.24066150651134, 114.64866432570857, 117.52910592857228, 120.11648351996887, 124.84489618396275, 133.18579681723324, 132.09555513648306, 115.42535444668228, 113.02623707780357, 93.9606818341914, 81.52984239521115, 69.29541775590704, 59.09471306099331, 46.64144769805226, 42.34001983498666], [74.76257167249327, 82.09275884890006, 90.12908248762106, 95.51865621920695, 88.95613595734478, 81.75939825171774, 73.38456583324398, 32.64606763142884, 27.179113007739197, 19.96671906732463, 10.667729234592192, 0.0, 11.074028980206025, 18.08198161988287, 25.942129823716343, 72.49080192543488, 79.66381995657787, 86.42304694516271, 95.76953535823527, 103.57278158385625, 101.46766005215433, 94.2358910178199, 85.2678477723074, 77.5585823129804, 70.68872882029838, 40.808537580868204, 37.35964600802885, 33.428211686540095, 28.697738844474433, 22.39519854621675, 17.221928870960593, 23.71612041904234, 28.071142056138896, 31.80451859689319, 37.9995123936613, 60.714419168475445, 62.54659825241534, 67.69276754100962, 73.82184451102357, 74.47028597583417, 73.23584380051201, 66.19746814402758, 57.95361918893457, 47.86315511013149, 55.80148342445141, 48.46210613252786, 45.7119112927637, 94.01650132552703, 87.56280306344338, 80.78097350349742, 76.43224985917855, 71.23243148571845, 65.7559198433757, 62.92660819380856, 74.66328946316338, 81.78290223442676, 86.68236757909176, 91.28262711857163, 92.54510436420243, 91.04184132950314, 84.23426955991108, 79.3162063407883, 74.372873128848, 66.58790004866789, 75.1012393036253, 79.95650235514053, 85.45312911529984, 117.74036052266526, 117.53286554132968, 119.04143456627372, 120.8770324243435, 125.22404189397126, 132.09071733524874, 130.17893210153878, 113.44049337270624, 107.17902009821522, 86.53227066779117, 73.4998860973187, 60.19506398300579, 49.038930522735654, 36.31221565010632, 35.33920752112228], [67.09890781606607, 74.45307962794651, 82.7669420746656, 88.65072488450184, 81.456780392935, 73.91342208419961, 65.60837254320269, 24.02733837227771, 18.8642713340269, 12.384314096520406, 6.398665033120113, 11.074028980206025, 0.0, 7.6612099430328255, 16.702139943677697, 64.41323326420503, 71.92098106556007, 79.09052660814119, 88.99627959383959, 97.47413015201353, 95.05077162857481, 87.17606958306429, 77.72490380165819, 69.66544902494456, 62.452821272374315, 33.50663786189539, 31.545394664431463, 29.89814132947697, 29.533184111818795, 27.324444778599364, 22.625489175431436, 23.351495433965557, 23.70113110652479, 24.895202547254804, 30.17478642017451, 51.68336890350838, 52.55032555558301, 57.31964200635313, 64.54373218764049, 64.98098768307331, 63.280757099571595, 56.25070185825308, 48.57362876208416, 38.75590207381514, 44.96636079980097, 37.996671928589286, 36.40168702264455, 86.44421088164182, 79.26451178404653, 72.10731330113184, 67.9262212132705, 63.13793331451347, 58.509602328739724, 57.66642937424939, 68.43196106999758, 75.13968126782909, 79.50300195715621, 83.73799065229711, 84.93789621296003, 83.3416739300692, 76.02638783444014, 71.34816657466423, 66.86105341746756, 60.42163152460122, 67.68459865717892, 72.09014979985977, 77.43282759129663, 113.65076193824629, 113.47495406031679, 114.88028187956334, 116.62179378677509, 120.65040492517271, 128.535428308578, 126.8744222463589, 109.27829863421522, 107.412069884753, 88.77448810754896, 76.64055686891543, 65.32240457552753, 56.31290456778813, 46.585445480443575, 45.72017468456511], [59.89036385337836, 67.23257118185715, 75.63102128842817, 81.72970942185867, 74.3158887579814, 66.67161636285937, 58.40609217670631, 16.78102791930852, 12.5575736695759, 9.469425590645454, 10.825074902673839, 18.08198161988287, 7.6612099430328255, 0.0, 9.375466579413473, 57.350443851733424, 64.91799151050833, 72.15864001488367, 82.15957730384865, 90.82814789524622, 88.26344161765267, 80.18031068750508, 70.60837059186754, 62.49061841622111, 55.215843808454586, 28.59087138887664, 28.307594964152923, 28.697000832301658, 31.253675655690596, 31.485642414116075, 27.464446717662714, 25.256837893872405, 22.558958889062012, 20.92020635832565, 24.75968350201482, 44.162956463778784, 44.92015994319497, 50.03897678927959, 57.77230416124178, 58.59830383503271, 57.295774484968454, 50.859864745915715, 43.66772347219174, 33.99729113497012, 38.46325253835377, 30.463126731352446, 29.069667756756246, 81.1109960657112, 73.79011533854168, 66.87437095399521, 63.252112808401876, 59.14488701252295, 55.443037852624904, 56.06230893883173, 65.95682169252558, 72.11401867599143, 75.73786606979746, 79.33467978693862, 80.04806825847855, 78.19552415727895, 71.07125969760101, 67.01832746728768, 63.21552634045284, 58.075082601608706, 64.10020771033244, 67.82625365965472, 72.60800845214288, 107.89720609648123, 107.91865636724951, 109.70667367628741, 111.78082278960161, 116.02854645013977, 124.85859963536818, 123.89725606847338, 107.15731443849424, 108.05202107527721, 91.12602126775442, 79.73317950638538, 69.29401217827916, 61.36314628939679, 52.72028656978649, 51.40160366900097], [50.644049607028435, 57.98955326224621, 66.30878053734892, 72.37893814163951, 64.94097304398773, 57.31041847639375, 49.03547065177706, 7.574254008664022, 8.506583801441858, 13.386923506720132, 18.87435031882422, 25.942129823716343, 16.702139943677697, 9.375466579413473, 0.0, 49.315075554120476, 56.72990588584363, 63.764019682293686, 73.44668578411789, 81.89422306920612, 79.20435171657083, 71.22949080397007, 61.806240300991604, 53.87877190299596, 46.764740127729674, 25.9243729382035, 28.075278039423562, 30.64860503009814, 35.4323756904868, 37.38387392121199, 34.07370414379659, 30.327723189233478, 25.36144882878825, 20.50665185914322, 21.558080340766843, 35.558360045802495, 36.65575460572357, 42.69072724357459, 50.18037231746358, 51.98169593564403, 51.99779485492132, 46.89943190951229, 40.23413242676166, 30.838501856878278, 33.58647631993028, 23.2272855524002, 21.60551347544707, 74.83784044368706, 67.8451582921299, 61.775381344580055, 59.166726162751495, 56.113789297727116, 53.57491201414946, 55.46629639901416, 64.3434347959661, 69.70236105381963, 72.26757861960901, 74.8748135107115, 74.67212981667217, 72.39441567577767, 66.09879183073527, 63.12475768213119, 60.33910234262887, 56.71700300146968, 61.2589180013581, 63.97262622502877, 67.72939483161281, 99.28770436928603, 99.29454131921986, 101.61582741329406, 104.26734909759485, 109.06185536945553, 118.98451234051865, 119.14304465779728, 104.58017771374286, 107.93861877757959, 93.09241292245618, 82.60874860352546, 72.83033203775456, 65.94841444511455, 58.36750842066076, 56.87614573642912], [20.481445357475287, 23.415028483370612, 32.25736365860278, 42.52555290681251, 36.03625674064639, 31.18762123844063, 27.636835870961317, 42.27247895335091, 45.6883720506843, 54.09229496239511, 63.54688142756347, 72.49080192543488, 64.41323326420503, 57.350443851733424, 49.315075554120476, 0.0, 8.126753866202424, 16.610001875483515, 29.298452255486914, 42.26777375112585, 40.00324764115471, 28.687460889901537, 17.666535097245784, 9.030146144645117, 5.5464914941232, 38.088768980295555, 45.41260066753231, 53.02755458601491, 63.632188403217214, 72.15217461027909, 72.10542157804964, 62.80389189256733, 53.853801524186885, 45.62685599671835, 38.33474032027785, 17.247720902657253, 28.911040958403383, 40.43118072636501, 50.91282195260167, 57.47461136196957, 61.744245406782106, 64.01564124786695, 64.57016929744154, 61.73860747282324, 48.799305399955905, 36.052270732110344, 29.068184120855673, 81.27350602523734, 75.87395722477059, 74.34801319636911, 76.95504406943594, 79.30550113224636, 82.48792575141248, 89.98453330785628, 93.19965075700372, 94.57666960313956, 92.23325256114305, 89.83577123165317, 85.6171074892159, 81.60948103689482, 79.37873957119952, 81.95567109225226, 84.21780669599725, 87.9849744338464, 85.21513506902018, 82.97725758482686, 81.4885449576688, 68.60820383213989, 79.2041768075596, 91.80453228382079, 100.51473560587108, 109.32558123059697, 126.0446847104126, 132.6623116900948, 127.91850870109518, 142.18333864411005, 134.11493707274363, 126.1165844384817, 117.59688423423614, 111.69669115225071, 102.43046290651964, 94.20838621687196], [20.53800595681309, 20.95133840352203, 28.40789685128195, 38.73830228561811, 33.525497085599824, 30.405828225401144, 28.76390882410529, 49.52744613458687, 53.161229669817104, 61.60610604412497, 70.96221458203482, 79.66381995657787, 71.92098106556007, 64.91799151050833, 56.72990588584363, 8.126753866202424, 0.0, 8.642103227415067, 21.722300389241695, 35.3407672587844, 33.38700677346607, 21.84273293994948, 11.551094978073076, 6.678350629434262, 11.0166159160888, 45.52828845830826, 52.58170548411095, 59.943627132778964, 70.23189048430854, 78.78266017583469, 78.9602637857226, 69.82512882110059, 61.108924547483355, 53.11847832712222, 45.95417171270205, 24.226641347733285, 34.99475025204761, 45.83415033906492, 54.84552356042555, 61.94123951388336, 67.04324629320082, 70.18188384495971, 71.07830504680126, 68.60489715962257, 55.83819213082918, 43.626338541710055, 36.98476044286903, 84.04325985361707, 79.43717516111874, 78.89121309856841, 82.15077211560376, 85.03790887463242, 88.61285095036231, 96.19500273491785, 98.96750829635539, 99.89797413735917, 97.0022221824151, 93.9670514229639, 89.1283538546408, 84.92475469893388, 83.68839147379794, 86.97716987297265, 89.7604079235438, 94.03387102722569, 90.72543304585983, 87.96644969933904, 85.74446862250441, 62.655649695455764, 75.21964824653816, 89.72166685025643, 99.53267010134635, 109.14006508122671, 126.64798016761645, 134.38517596347592, 131.89975110871717, 146.84951462391322, 139.7069147951793, 132.06858187953134, 123.57144576938522, 117.80744283654658, 108.52358745369975, 99.93791969708077], [22.022271621673863, 19.799116087617723, 24.771274331296095, 34.501024270542885, 31.181720310528508, 30.212827506700577, 30.466406429951366, 56.401394385464386, 60.406849301709705, 68.95529028179011, 78.11994998099344, 86.42304694516271, 79.09052660814119, 72.15864001488367, 63.764019682293686, 16.610001875483515, 8.642103227415067, 0.0, 13.280563907508526, 27.34510379735681, 25.82230188472444, 14.515790826017923, 7.625985997043595, 11.206247402985573, 18.35605607359274, 53.380380467113724, 60.20066678983453, 67.23952485275038, 77.02736367185668, 85.36746624818925, 85.68546418948367, 76.95420371609858, 68.56227838553683, 60.77254573846912, 53.789373251188884, 31.467236232120257, 41.544464792437196, 51.770575945352206, 58.880854692071374, 66.507490711476, 72.56846254970826, 76.48993424765325, 77.47078902637453, 75.17916781311116, 63.117386458518865, 51.203980724991894, 44.84014242665473, 86.38429793895871, 82.77575630170024, 83.30741364867764, 87.18501851218366, 90.53338880658164, 94.37590061615964, 101.82606505030603, 104.26444807712006, 104.784871541754, 101.38281699366418, 97.74205645679363, 92.25245180704061, 87.85810858259647, 87.76351140746607, 91.73293936670596, 94.97405599652441, 99.58752847692632, 95.8937640020877, 92.67157485996856, 89.72500867472021, 55.30763480810211, 69.75769208872961, 86.22712099894147, 97.20452924807243, 107.70803110999582, 125.90002390453176, 134.8307389468493, 135.0015856478396, 150.28776570991656, 144.14749737428966, 136.93265697804765, 128.46131394869974, 122.91591133505682, 113.81208001861275, 105.16771369860567], [26.766323654024852, 21.690722216197347, 21.23231630888408, 28.20825324610787, 28.69662868260211, 31.223970839912738, 34.019604710939134, 65.93033587180877, 70.69509940744317, 79.4389189773115, 88.2074833288935, 95.76953535823527, 88.99627959383959, 82.15957730384865, 73.44668578411789, 29.298452255486914, 21.722300389241695, 13.280563907508526, 0.0, 14.452991143489221, 13.754220969882265, 6.312648198155352, 13.490377409021033, 22.014439064134816, 29.80915077077727, 65.26054215886232, 71.88274299668493, 78.49415261063943, 87.48516975822106, 95.2172340187616, 95.54881057774364, 87.64280883101873, 79.73582213693984, 72.1181082081803, 65.40857894249014, 42.00173278391941, 50.901718886268334, 60.11822877727017, 64.08990320369234, 72.34548816368914, 79.82405844875352, 84.79920881698006, 85.72713759202651, 83.66737930437733, 73.09316549807644, 61.69630869685549, 56.03253653884706, 88.30807292759323, 86.36202215155109, 88.54135949137265, 93.26683114570909, 97.22330596257392, 101.36660515103021, 108.45322465449529, 110.394302255085, 110.30497229033813, 106.19861099958288, 101.71319259354539, 95.29182677826738, 90.66790615150845, 92.36549860434, 97.28082160553494, 101.1376554132528, 106.1422841973384, 101.97234324255304, 98.12203230283791, 94.1361960632124, 43.23913694759513, 59.818502742780026, 78.93143582977896, 91.52276133432507, 103.29334883848641, 122.29669686330892, 132.97017535483513, 137.33690791614535, 152.95714925343142, 148.54710649473859, 142.13328725438694, 133.92424984674685, 128.98731179423484, 120.6910956321261, 112.66000531416482], [33.95593810410523, 28.072810810245, 22.816917547909643, 23.982234330671965, 29.21572682087663, 34.68812902567114, 39.052122337952206, 74.38225824878286, 79.94975149401068, 88.81251530524112, 96.9878469157575, 103.57278158385625, 97.47413015201353, 90.82814789524622, 81.89422306920612, 42.26777375112585, 35.3407672587844, 27.34510379735681, 14.452991143489221, 0.0, 4.9562925498397465, 14.700858928675217, 25.434674459163983, 34.20133496222954, 41.727620279557044, 76.69300531499563, 83.12155684660576, 89.24457287386974, 97.26875138325325, 104.07414607074243, 104.27683503662426, 97.48725882902326, 90.17857322093383, 82.74731968370581, 76.42249693425678, 52.49013264121632, 60.24385231669125, 68.47307145950417, 69.04938354335685, 77.73300905578814, 86.56644110468982, 92.32637818669924, 92.86075763963392, 90.83511492832571, 82.42940834747652, 71.49681605973832, 66.58866599332642, 89.07802238970847, 89.02176184922473, 92.82908602477646, 98.22222764909873, 102.58376781824653, 106.78132580491283, 113.13599842736033, 114.74338764162957, 114.14156507035747, 109.4965093547426, 104.33340294054183, 97.07393250332599, 92.30051711808377, 95.86168695303536, 101.54021384397056, 105.82855126232027, 110.90089414127375, 106.5554480160056, 102.25386350141069, 97.37172351617752, 29.480748663533397, 47.38077501978467, 69.13589432792945, 83.34738394200298, 96.46297959982154, 115.91355061957927, 128.29778644727574, 137.25998105557366, 152.5234464999174, 149.93878586185215, 144.4542685267695, 136.61675827806184, 132.48601156493274, 125.43256105531258, 118.62896938130393], [30.250933789549862, 23.98432032259093, 18.075414229945107, 19.529181097789486, 24.436365710125827, 30.101445981471194, 34.93513289714996, 71.66665247318156, 77.61236383315764, 86.62798803166292, 94.83462390025542, 101.46766005215433, 95.05077162857481, 88.26344161765267, 79.20435171657083, 40.00324764115471, 33.38700677346607, 25.82230188472444, 13.754220969882265, 4.9562925498397465, 0.0, 11.89625903096234, 22.696320251054402, 31.518861646252045, 38.98350389890168, 74.85457661315765, 81.52424519690497, 87.86032333965613, 96.11981506244938, 102.8459492576266, 102.82160592839135, 96.00390931216079, 88.5060355775666, 80.8269659683457, 74.38976130955423, 49.25720938630549, 56.30177647430437, 64.11549901685409, 64.36188810126212, 73.03004496787993, 81.9365457046848, 87.88957554565229, 88.60384403971861, 86.88025077926427, 78.44188139664219, 68.02882821414323, 63.83415561132574, 84.36402202215147, 84.22490305965724, 88.08122866948612, 93.56868127118095, 98.06185642294598, 102.43102244856513, 109.0088777159172, 110.32895570788587, 109.58914747857972, 104.83259909108361, 99.5915965288265, 92.33147557552738, 87.56313893559805, 91.11145202540061, 96.88382611586492, 101.29459807609271, 106.62330369375206, 102.0182145441041, 97.59780311710806, 92.62824321465288, 32.171204790274345, 46.82384730584297, 66.9262300650842, 80.48536504897986, 93.10998525084085, 112.5908081546975, 124.63890547954455, 132.9042396217425, 148.94645999006815, 146.66940208569363, 141.36007902116526, 133.96966431170688, 130.24245641824183, 123.85141126193143, 117.79113151978073], [22.433933838714694, 16.451766943865607, 15.046018280210383, 22.533164537518495, 22.500753593836542, 25.36000863479918, 28.962505473513822, 63.66147695625437, 69.15269860760729, 78.15126365921999, 86.83008369044359, 94.2358910178199, 87.17606958306429, 80.18031068750508, 71.22949080397007, 28.687460889901537, 21.84273293994948, 14.515790826017923, 6.312648198155352, 14.700858928675217, 11.89625903096234, 0.0, 11.19440512388126, 20.31113553491333, 28.084705429919488, 64.97795615008907, 71.90446182322832, 78.6953840747801, 87.76978347064838, 95.15234391061495, 95.13356497538221, 87.4656447933882, 79.44061578875375, 71.5107187506073, 64.73060592723097, 39.31165847130281, 47.04555381605135, 55.606046710710494, 58.56777601565119, 66.91749836058754, 74.76704670642346, 80.13687800625532, 81.19613282790046, 79.5125155742964, 69.32901155508164, 58.66539979238006, 54.162319622261116, 82.16783156297443, 80.41353913950181, 82.91436658940081, 87.86936547886731, 92.05606923406543, 96.41637205860276, 103.63950893383857, 105.17871553584824, 104.83808380832694, 100.5107102735685, 95.82738537960311, 89.26983501379716, 84.62592071274398, 86.60572504723065, 91.75970058771813, 95.83681171229978, 101.15939426224236, 96.64900368984871, 92.57960669984432, 88.34186289521782, 43.368845094083404, 56.76148950006464, 74.2642426293065, 86.2601216821574, 97.61587693072447, 116.64060028867807, 127.14888038048841, 131.42895088157846, 147.87646954007246, 144.17558917326352, 138.15906515212333, 130.58992890544715, 126.33822397557331, 119.18124546493846, 112.43553766375865], [15.632738139219601, 12.305123371956334, 17.56766909594958, 27.698549789229872, 23.6570063090614, 22.683145850007005, 23.68182105903879, 54.295616846523934, 59.42178482398489, 68.37064469833874, 77.3340256580605, 85.2678477723074, 77.72490380165819, 70.60837059186754, 61.806240300991604, 17.666535097245784, 11.551094978073076, 7.625985997043595, 13.490377409021033, 25.434674459163983, 22.696320251054402, 11.19440512388126, 0.0, 9.165375578757915, 17.023955712499433, 54.52130125922359, 61.67471384438522, 68.80056694874838, 78.44101808360588, 86.15589577926384, 86.03621262717664, 77.84024970522616, 69.44528841896162, 61.301685210697514, 54.311115287723105, 28.850959709704306, 37.53760662753675, 47.103397434593674, 52.59756821560964, 60.52795207303183, 67.32227833579492, 71.82714098300718, 72.82490212868491, 70.88781526868986, 59.66659035383197, 48.493388616963465, 43.64639793834497, 79.21677043650892, 76.02907030590131, 77.12014177540006, 81.35295408813388, 85.00882990384397, 89.08502995117638, 96.56262021568332, 98.57365484901418, 98.77575359598255, 95.06880670067912, 91.13167970357564, 85.36126671442611, 80.89788700922067, 81.34665653621093, 85.68306587507524, 89.21969821672747, 94.16361039359009, 90.10367545672248, 86.58440613074191, 83.24449826970387, 53.075341294979886, 64.55254024498127, 79.54123632532458, 90.02703906693661, 100.24840598807153, 118.46440876346797, 127.4003408309424, 128.0633357390367, 144.083493146009, 138.91846984422034, 132.2462343037369, 124.483806081491, 119.7987564241853, 112.14927826268101, 105.17022066818186], [13.984946888327714, 15.02535487043943, 23.406396147084795, 33.754460996903184, 27.752690905341105, 23.979889147637984, 22.106488435179863, 46.481364649339945, 51.206232126619604, 60.066086422095104, 69.22534613541278, 77.5585823129804, 69.66544902494456, 62.49061841622111, 53.87877190299596, 9.030146144645117, 6.678350629434262, 11.206247402985573, 22.014439064134816, 34.20133496222954, 31.518861646252045, 20.31113553491333, 9.165375578757915, 0.0, 7.923638477097883, 45.794016048208974, 53.12986965436811, 60.50376739972156, 70.55253037995452, 78.46302562880348, 78.23841544608932, 69.67121392194228, 61.00832368266341, 52.702644295887, 45.56949010103099, 20.485305212450342, 30.492820858655946, 41.1405807291421, 48.901028031525115, 56.30069345203616, 62.05285880466898, 65.5838866768881, 66.32863592449249, 63.99563193795529, 52.12257170425, 40.25498206760422, 34.8794147485363, 77.65107232289185, 73.32864429942768, 73.14758446892057, 76.62598164042882, 79.6837522639812, 83.36045394824006, 90.87232962162489, 93.42951189947497, 94.18259397690541, 91.11956801871742, 87.92942322622287, 82.9040146419629, 78.64525050464462, 77.77300817195584, 81.2764712241537, 84.22198522854679, 88.63732057628066, 85.16088676228837, 82.23667419270613, 79.77940160132957, 60.83907091367879, 70.927796252373, 84.05049924461072, 93.35787780096037, 102.70093752469995, 120.08558120235739, 127.71634024337375, 125.5082557764754, 140.77054800207358, 134.29037079419285, 127.04647516150843, 119.06492111367591, 113.98007401598558, 105.90735781807854, 98.7888962496532], [15.81496813004013, 19.746331010307763, 29.05931945765396, 39.08933931605195, 31.996570656577635, 26.475432290731156, 22.380952176667975, 39.51234611273546, 43.98823033608725, 52.79298858043274, 62.06985911709764, 70.68872882029838, 62.452821272374315, 55.215843808454586, 46.764740127729674, 5.5464914941232, 11.0166159160888, 18.35605607359274, 29.80915077077727, 41.727620279557044, 38.98350389890168, 28.084705429919488, 17.023955712499433, 7.923638477097883, 0.0, 38.57130712089527, 46.121996137688065, 53.71091050744298, 64.06040717507742, 71.98249925441867, 71.56865415600056, 62.796269549989184, 53.91457067550124, 45.409732144610146, 38.17264280443288, 13.261861911773964, 24.65062686239279, 36.21731245685157, 45.787253017592015, 52.58697092519239, 57.380039458625426, 59.95339542530072, 60.35312395556989, 57.61706018390797, 45.42650316782537, 32.881875182889694, 27.13314806373866, 75.91839905850543, 70.69558908000901, 69.41061846329775, 72.17112574322213, 74.6449706326342, 77.90438585353438, 85.35578348248505, 88.40937729145719, 89.65734935329745, 87.1952886252588, 84.6984054087258, 80.35535991183076, 76.31057125776354, 74.31894384700298, 77.04108490557782, 79.41918528414898, 83.29357822510158, 80.39783964575778, 78.04160103542537, 76.3932996044095, 67.40350683127852, 75.99053809270721, 87.35581435476062, 95.57594179819533, 104.11113179074403, 120.67472454973756, 127.14730662165286, 122.52604188988089, 137.04433302429052, 129.5034833870978, 121.82582100298676, 113.74729415744832, 108.43051709676939, 100.22110534339674, 93.29601346739463], [49.64080484939714, 56.10021302248763, 65.512440175971, 74.12316502016759, 66.881162218849, 59.80152992731563, 52.29701362584415, 24.108897758789574, 18.08705429791189, 21.325911751557587, 30.536146381143414, 40.808537580868204, 33.50663786189539, 28.59087138887664, 25.9243729382035, 38.088768980295555, 45.52828845830826, 53.380380467113724, 65.26054215886232, 76.69300531499563, 74.85457661315765, 64.97795615008907, 54.52130125922359, 45.794016048208974, 38.57130712089527, 0.0, 7.974679050722793, 16.22931213494303, 28.02979994557317, 37.13553192024248, 37.052154415163535, 26.133337940004832, 16.514522646124803, 9.134582529161035, 4.453323867904288, 32.306704166690004, 39.59193495473777, 49.29073622594, 62.32776307932571, 65.33114364258533, 64.8842673729499, 60.98472814707827, 57.75716641548498, 50.941203766106845, 43.01243044702648, 29.346503923660634, 18.324312371156605, 92.09565116898531, 84.4477