{
	"dissimilarities": [[0.0, 8.918438734512842, 15.934340336222867, 25.11962463079044, 18.59324474203435, 12.620373025490212, 8.476835472898717, 40.9907381126507, 49.077553506278996, 59.54075208561719, 66.67742733089203, 73.63833020594531, 67.18517430543076, 60.122181431569736, 50.56183307950131, 21.901108821484726, 23.31871492446966, 24.581153863802772, 31.401965931145156, 37.90979980619402, 33.962439501368145, 27.470002837967783, 19.248049621780382, 15.685006542189806, 16.386530441011942, 49.708609584717344, 56.99872197595527, 64.82318417772923, 73.21450056261943, 79.04040221001299, 78.06451205967532, 70.96832709550205, 62.87696384693008, 54.44180023671346, 48.96358832322588, 17.0891051085314, 27.539321905783396, 38.45165560815634, 39.293128070039145, 47.58706177121707, 54.88873983048591, 57.69076249971684, 58.304455232292526, 55.77184235320036, 48.10777095855601, 36.55287940488967, 33.28113103353071, 67.13969204785833, 60.64604449545102, 59.97419900071658, 64.28157263768588, 66.54856135747036, 72.7644103219816, 80.9587445901176, 85.77327035205047, 87.18738763673643, 86.4565882318387, 82.06987220256319, 75.74476214283824, 67.32869304224916, 63.65406799303713, 67.0942648917495, 69.50286525525632, 78.09548497000152, 79.40378385328034, 77.5396494532949, 73.66206703407146, 58.745581748208345, 62.712847288203925, 72.67504957360494, 80.1268067275266, 93.3188848611911, 108.87699827036208, 112.6732278472186, 114.47605331626762, 127.75692825731312, 123.64362994368851, 117.78030343426816, 109.30662170569146, 106.39661174842362, 100.28583054319478, 95.3362801855693], [8.918438734512842, 0.0, 7.858714035941249, 19.68452099152785, 15.080869160612295, 12.657294542818304, 14.334699833245795, 49.64267219633464, 57.33757041803328, 67.65490923140094, 74.96697750659614, 82.2254851818245, 75.86133754263538, 68.79773847647368, 59.22604003458744, 23.325522190917212, 21.54266348193712, 19.595624263008435, 24.196013387891938, 30.38019227758471, 26.119747662318183, 19.663587038243378, 13.193515290189609, 14.062185877115478, 18.73388860588362, 56.230384281794464, 63.58273513616335, 71.6070053765424, 80.15045175639901, 86.52776664054467, 85.78696846041458, 78.37781213551898, 70.13205580199174, 61.70042777261974, 55.98440183877936, 24.168146200169865, 33.67534103260405, 43.57342759341769, 44.057887674175085, 52.723331918916564, 60.393386955637226, 64.10545729392643, 65.61432752220234, 63.65207145473962, 55.02920397550695, 44.319856544440334, 41.02476848943665, 70.76397841988961, 64.70322495091571, 64.96913550451212, 70.0869195129242, 73.07260445954607, 79.86602514231993, 88.43554076649671, 92.76496544763715, 93.28951234405902, 91.93587226097246, 86.77702867890517, 79.93721314789815, 71.54279243287874, 68.66891745519646, 72.88761045964817, 75.966219247551, 85.29903152557046, 85.78226221363143, 83.26103909318559, 78.58484643374457, 53.379088972739225, 59.4256005065731, 71.63976108375631, 80.46338563804309, 94.28525121715852, 110.86430694220256, 115.88167208804852, 119.6661491698694, 134.48447685418597, 131.40239974193577, 125.91054758119016, 117.66604204957686, 114.91600440973178, 108.67037445668304, 103.09301813386833], [15.934340336222867, 7.858714035941249, 0.0, 13.05346810118678, 11.634044445618516, 13.763084385924476, 18.88435388390445, 56.90710128468323, 64.86683293989036, 75.20613375392848, 82.36035827700066, 89.2841212369838, 83.03326105809853, 76.03912113985042, 66.4811596071664, 30.198870356124438, 26.876750724094364, 22.346915700896286, 22.499709364940383, 25.583248164768243, 20.82967898808323, 17.339701250746305, 15.833193038283436, 20.26119259079697, 26.09126293051596, 64.00328755446034, 71.29120137484499, 79.20911794634779, 87.55065207560631, 93.75715954207026, 93.03752041096874, 85.88794334745062, 77.7940079538796, 69.4446829273567, 63.77853148625094, 31.799536556173663, 39.98352776797923, 48.607789188326954, 46.9308140728365, 55.93628480742304, 64.35407251393134, 68.83553923628132, 70.75659981722877, 69.35046511444995, 61.206259042723154, 51.437479679704865, 48.76019266824172, 71.08640314207958, 66.05141119492075, 67.72008313852426, 73.63617056738919, 77.2549761465565, 84.20805972354866, 92.57651437891903, 96.33793313442818, 96.17371662828448, 94.19242528149535, 88.29945622664893, 80.76620716423052, 72.42022699847102, 71.03549598412067, 76.15156525314875, 79.88527871604798, 89.20146502608286, 88.93672478568298, 85.83511006151912, 80.2271637976202, 47.721347375831606, 53.64409092374948, 66.91287164790586, 76.70839963331291, 91.0053567665109, 108.3475918855359, 114.60901752049647, 121.01018149858034, 136.7407779716993, 134.92230123539534, 130.02253747619466, 122.25234644414205, 120.07165898077062, 114.52293589911774, 109.46039541180876], [25.11962463079044, 19.68452099152785, 13.05346810118678, 0.0, 10.71926461793951, 17.567899491780423, 24.306882713619853, 64.1415725326105, 72.95837012362271, 83.37448196303276, 89.86550989801815, 95.53998871240242, 89.58482721280077, 82.88691839213395, 73.50939913795591, 42.850595802007625, 39.68214201638074, 34.41887297729654, 30.700686855530332, 27.411457946163846, 22.870256733738017, 25.924953929297345, 28.222458975768106, 33.05875891803479, 38.40789142975501, 74.47927264158267, 81.52961733121623, 88.93393212831202, 96.55604121183441, 101.64384131024707, 100.70824407197489, 94.63215755046069, 87.14473923075874, 79.04398076332413, 73.78163177953103, 41.75100589004818, 48.178975626193676, 55.06232962389332, 48.5409823036846, 57.808123484088654, 67.57685939965465, 72.73832779081772, 74.46998755488855, 73.72519542243427, 68.05713397944756, 59.546632153321596, 58.1246855502118, 66.89357998496156, 64.24810640233758, 68.42240981182093, 75.25615322588428, 79.48826859444831, 85.94729656524191, 93.09324713894799, 95.99725755950863, 95.31365824001911, 92.55385052402443, 85.8238666844925, 77.11453934924144, 68.90440060807704, 70.60433358480742, 76.98858595229645, 81.4735499037871, 89.51470232205406, 88.44995010629275, 84.76581753059169, 77.77913186025572, 40.800877815278746, 41.734671528126114, 54.40177018986954, 65.09603173263926, 80.00574497325206, 98.02042657423088, 106.08917509079318, 117.07702791031912, 132.71984330655738, 132.77898815991207, 128.95251181877728, 122.13436761934476, 121.2104603946809, 117.63585898397865, 114.69816854773424], [18.59324474203435, 15.080869160612295, 11.634044445618516, 10.71926461793951, 0.0, 7.783860435833176, 15.85165641733147, 56.720899146202704, 65.86111467997436, 76.54429652873115, 83.24325311805732, 89.06507036422256, 82.44176578500701, 75.29387929389421, 65.97724406292483, 37.65064101860111, 36.326471456206036, 33.35354374171983, 33.94721010026074, 34.75421272499046, 29.890026194020425, 28.746337092553514, 26.735719966234015, 28.868214604078943, 32.578512223576126, 68.04335908319425, 75.40308164328808, 83.17818582225787, 91.35727610096681, 96.50049293093629, 95.29375448735378, 88.83044999295886, 80.94045303642551, 72.48044149456123, 67.09613168912772, 33.57073012708258, 38.059546522346444, 44.37813629654451, 38.514982088245844, 47.75423856314608, 57.20146753159141, 62.38445341281866, 64.51818141244605, 64.02600578787197, 57.714866218168126, 50.14881009103371, 50.216075381109874, 59.96486672309782, 55.767149397248886, 58.802392729318264, 65.40835438664922, 69.61387510258892, 76.51277278307779, 84.55291405650304, 87.57319304496326, 86.71331006676131, 84.2189780092218, 77.84982351225229, 69.86266839573723, 61.56455290606395, 61.50403390278685, 67.44998008821817, 71.81616003097481, 80.87666758038203, 79.76860593542854, 76.17106293834553, 69.83558441738201, 51.25012048390631, 50.54951228645869, 59.104928027013706, 66.95752621397456, 80.48897838641794, 97.6243229878764, 103.35338093224351, 110.24705629167023, 127.29426750079008, 127.26351387447032, 123.31919216604241, 116.71998566011095, 116.06613229773372, 113.04353845461382, 110.72199024377329], [12.620373025490212, 12.657294542818304, 13.763084385924476, 17.567899491780423, 7.783860435833176, 0.0, 8.412194581430635, 49.194482902373366, 58.37268259994718, 69.11107332913613, 75.87951489056952, 81.83974967826462, 75.01307229351904, 67.73874214991078, 58.42521366286903, 32.74850649858123, 33.05539502649286, 32.1012831216851, 35.626560383707854, 38.82323198610036, 34.11872830029394, 30.646614565910753, 25.665058783382925, 25.236446741349262, 27.269164193745397, 60.990164144382476, 68.38613253336665, 76.20263435939904, 84.52148184255212, 89.63524011831437, 88.32418304283027, 81.73704207668767, 73.7554942810888, 65.21886204400144, 59.86912893894503, 26.236533717978464, 30.7830819231332, 38.03461839705041, 33.70961828333273, 42.81990871097537, 51.74014480507414, 56.249773127185435, 57.99460668548604, 57.05835847653556, 50.51741346404054, 42.41198511433725, 42.6334135242042, 58.31494305074189, 52.92466159112338, 54.49598229924553, 60.360612513535884, 63.988299129336525, 70.77691035590942, 79.0710696733739, 82.63831920956888, 82.445349557101, 80.5799760613003, 74.9567473688077, 67.68579568927737, 59.283500733327216, 57.60094158143927, 62.684461368732464, 66.44646019889939, 75.58457943347673, 75.18595665877734, 72.15321837142318, 66.75967579488704, 56.703911986906114, 56.27737148748719, 63.624011324681355, 70.25432134933187, 83.14252085963534, 99.36550544257815, 103.64774923468735, 107.65732180188665, 123.91345067451269, 122.73735610125047, 118.27167512629515, 111.30807189907, 110.26944042306694, 106.89106936831318, 104.46395530420081], [8.476835472898717, 14.334699833245795, 18.88435388390445, 24.306882713619853, 15.85165641733147, 8.412194581430635, 0.0, 40.87605959463668, 50.1000186170936, 60.82239612595737, 67.50300451165593, 73.45288419240467, 66.6871845295359, 59.49289600498946, 50.14364359098877, 29.29994533557437, 31.433541332814002, 32.525410322241804, 38.204845980137826, 42.87115907801986, 38.56576909775306, 33.77900606880294, 26.739557961787735, 23.711501358313715, 23.56699324649874, 53.571017233646415, 60.80661945249115, 68.39861272103337, 76.54644401920432, 81.4060266122251, 80.02134609331652, 73.58815305068825, 65.76079697323956, 57.326851303688436, 52.186152862084874, 19.658736867226494, 25.77891316525856, 34.812521447064206, 32.15341755589813, 40.7786974299093, 48.9910830413953, 52.267266238038914, 52.926738278188104, 51.06501830460048, 45.07488149554653, 35.42359014425046, 34.97286513398456, 58.784986574821886, 52.72212505393792, 52.85025362767552, 57.60185769033796, 60.24850754374387, 66.40475903879602, 74.35922085009766, 78.70251471957118, 79.72875890670048, 78.70258975119195, 74.06567669877462, 67.46938996712309, 59.02185109144779, 56.104661688159865, 60.07789821991686, 62.90388965076909, 71.26469202992752, 72.05505860547439, 69.90374084873862, 65.59339059797901, 60.7359895588475, 60.65901779556108, 67.4340728969162, 73.38455591713522, 85.91447925959537, 101.14039168165493, 104.4022758155165, 106.31082462213207, 120.40180570007114, 117.52848752876483, 112.35328887594913, 104.74696786107387, 103.03935518775896, 98.98246724524446, 96.32510437501098], [40.9907381126507, 49.64267219633464, 56.90710128468323, 64.1415725326105, 56.720899146202704, 49.194482902373366, 40.87605959463668, 0.0, 10.61630961908539, 20.990031302992833, 27.156397153363514, 33.74828727238039, 26.3817329733997, 19.191404981737683, 9.609712425932111, 41.83434440785029, 49.58211786687958, 56.84849252597902, 67.41104714316606, 75.70492408780893, 72.78115717893094, 65.20285737876951, 55.04919453383857, 46.766159163422536, 39.77978370393272, 25.631817250494393, 29.792972022080995, 34.692103369430306, 41.53924027559067, 44.32403400615871, 42.02832899607137, 36.34922523534456, 29.822668124003176, 23.065887806479616, 21.49119803311323, 28.56981037679405, 31.901873865722465, 40.77758189048946, 47.484256404209816, 49.67188571293921, 50.70760564710021, 46.43304790625747, 41.04829160493625, 33.76428378443029, 32.91458168872547, 19.230935420794772, 14.58818291907563, 73.97005023746144, 65.75922614841737, 59.095122331981706, 57.09043530934022, 53.91218810710011, 55.53202002764372, 61.030427563076685, 69.09234697889869, 75.95220254512311, 79.30719943640352, 80.0872042190671, 78.06351698797106, 71.21030027415317, 62.57436414221614, 59.98639095988833, 57.20333614725836, 60.709514914626546, 67.58853032374154, 70.20486862135658, 72.20144982667038, 92.87844354638209, 93.71653857671346, 97.41584940949204, 99.80637237893204, 109.43257463184433, 119.55151613814333, 117.3341921960824, 107.26655380397112, 111.3169148502473, 99.6504091818664, 90.63209210042174, 79.83909916394143, 74.03187146990423, 65.69972524143739, 61.58731070837895], [49.077553506278996, 57.33757041803328, 64.86683293989036, 72.95837012362271, 65.86111467997436, 58.37268259994718, 50.1000186170936, 10.61630961908539, 0.0, 10.845922540077723, 18.3361810643249, 27.420405108958636, 20.693385255598905, 14.756044991980103, 8.537241372687726, 45.90192280131782, 53.781414054622495, 61.7187890328583, 72.8456202814194, 81.99432793302337, 79.45532217898712, 71.24713148235699, 60.93341797593361, 52.37271429090466, 45.07899000430658, 19.201172250009606, 21.14844735421941, 24.820224516404302, 31.625911915969617, 34.98032916436944, 32.816045723730234, 26.11426421790212, 19.510996597753433, 13.804510568282453, 14.668035659861648, 35.691155434820324, 39.64220087393288, 48.382671548561234, 57.217418439442476, 58.785806628549594, 58.52622106768388, 53.367811412258796, 47.74324865439328, 40.05585173713011, 38.568002207454626, 25.830723832038426, 19.01643077168649, 83.86599574619994, 75.31046463775911, 67.7605473929485, 64.86981327584697, 60.919557004739005, 61.91018918036219, 66.99548305344918, 75.5418098346733, 83.15270190004304, 87.16798495307869, 88.7287165522885, 87.43583465095315, 80.88851492340092, 71.43610795934947, 67.92515627845287, 64.32661288448428, 67.28479775045886, 74.97976186346737, 78.25571035309552, 81.18180985154196, 99.92382354184339, 102.54190827236917, 107.30091203036037, 110.02654236887965, 119.66141121771673, 129.37536541834805, 126.73772195505578, 114.92446586074765, 117.02265390327442, 103.16907779785046, 93.0934355181379, 81.27530175282295, 73.62274350319147, 62.33187767437657, 55.22961567259951], [59.54075208561719, 67.65490923140094, 75.20613375392848, 83.37448196303276, 76.54429652873115, 69.11107332913613, 60.82239612595737, 20.990031302992833, 10.845922540077723, 0.0, 8.727415296367017, 20.001287531867213, 15.286908230884166, 13.608372621924966, 14.849644745643749, 54.86625702484764, 62.603955258075224, 70.71997404949303, 81.87070439587309, 91.19826498093697, 88.94356563758552, 80.65534334832854, 70.47068547357587, 61.94266056028663, 54.67324279094734, 21.788082675946065, 19.555817043951446, 19.024941206961905, 23.48310957517341, 25.545269318123562, 23.088061217355623, 16.784733805776277, 12.880703668438308, 13.023746255306342, 18.01439780919798, 46.16661309637754, 49.87436536833544, 57.87880200150661, 67.15513802272842, 67.99788598250876, 66.76592818748767, 60.69414820918318, 54.388756067076685, 46.44983218595694, 46.30413843770681, 35.451996996531186, 29.13753580570795, 92.69130572519279, 84.22822230753349, 76.12254492843944, 72.29560041994975, 67.47943568812606, 67.30036704043376, 71.20082156296806, 80.16740739110081, 88.8260289830104, 93.58516050421288, 96.0929686098129, 95.52820619700573, 89.40321107067858, 79.61962801212742, 75.22080912733439, 70.7512877136331, 72.22655400464551, 80.90127358257337, 85.00024216946632, 88.88196437859489, 108.6803339297308, 111.81064955213687, 116.57512347046087, 119.09305561428165, 128.38732089373818, 137.22714308614457, 133.92526417289918, 120.43215246142285, 119.61930739185512, 103.4134231958641, 92.33060600084573, 79.61953610253455, 70.27966477751717, 56.55845806519638, 47.48034547102397], [66.67742733089203, 74.96697750659614, 82.36035827700066, 89.86550989801815, 83.24325311805732, 75.87951489056952, 67.50300451165593, 27.156397153363514, 18.3361810643249, 8.727415296367017, 0.0, 11.897649266480245, 10.509363446195064, 14.201256600394558, 19.44294534973022, 63.16110540789362, 70.74569434290393, 78.6172150253593, 89.33915165223245, 98.12086013140576, 95.9480242807683, 88.13472559497576, 78.22950526897561, 69.8950135650999, 62.797353749606884, 29.952799297710726, 26.397858166738928, 22.939405228853126, 23.20522248963164, 20.973118186873116, 17.519756853521397, 15.93386307860702, 17.435534010683384, 20.914498866893965, 26.471112254052834, 53.98701980224983, 57.26849818866709, 64.57698703316436, 72.62474974036928, 72.97083166479045, 71.50913012376243, 64.83758109618893, 57.59302597283548, 49.51983397598431, 52.012225965427575, 42.49587014132678, 37.245492187949324, 96.07465487301096, 88.22564591187198, 80.19902042512493, 75.77380597088064, 70.31896200187214, 68.79409402516153, 70.98847899887818, 80.19822150009739, 89.91850450002512, 95.21672372617257, 98.45924436113937, 98.26923397996167, 92.52248945736592, 83.17320076189769, 78.3031800228175, 73.23975617208225, 72.64600414963468, 82.17889228099443, 86.97678254878282, 91.42453822059106, 114.05000594348276, 116.24814216291684, 120.04726491789168, 121.97843357947472, 130.74627728649318, 138.541139652841, 134.71684289978333, 120.62715104054351, 116.67452523114612, 98.71097302746058, 86.98421645961517, 73.6812163050974, 63.343131488404154, 48.6562340424604, 40.1996409338334], [73.63833020594531, 82.2254851818245, 89.2841212369838, 95.53998871240242, 89.06507036422256, 81.83974967826462, 73.45288419240467, 33.74828727238039, 27.420405108958636, 20.001287531867213, 11.897649266480245, 0.0, 9.580986321015647, 17.890457353647665, 25.285251306991633, 72.78008733353784, 80.24531789491624, 87.65665138157642, 97.70452862287227, 105.4667135323879, 103.22265907558814, 96.25100062391121, 86.7142462736057, 78.67088161623128, 71.81901428220903, 41.58323019271281, 38.18927229803072, 33.96532808299231, 31.470143824909638, 24.5368953626847, 20.328633491760186, 24.937816723468675, 28.963209410209963, 32.64663777781554, 37.89796415000792, 62.05426340168708, 64.37128633948231, 70.56616569765589, 76.22799106127316, 75.93998929079963, 74.4847919787971, 67.28259574385596, 58.85110738838786, 50.88015650854351, 57.24030529695705, 49.52215473702875, 46.12052927294783, 96.15399698136713, 89.39776281710327, 81.82251639051076, 76.8140290465306, 70.71483960172941, 67.37069199889702, 67.03124478156327, 76.35630335895763, 87.3611999554286, 93.21179813989065, 97.29387683522715, 97.47272771209606, 92.29223880006508, 83.91562574559205, 78.6640721666972, 73.02578536832651, 69.44251157870247, 79.91671424528548, 85.51809195872023, 90.50503672358627, 118.99313421629395, 118.94695354452595, 120.65054903753021, 121.38329073921854, 129.17244655454522, 135.41826916987273, 130.8202609228255, 116.34986490588064, 108.45273141243644, 88.75437912466032, 76.48561001595942, 62.715597778660644, 51.76359777905926, 37.68939672351189, 34.100927284747314], [67.18517430543076, 75.86133754263538, 83.03326105809853, 89.58482721280077, 82.44176578500701, 75.01307229351904, 66.6871845295359, 26.3817329733997, 20.693385255598905, 15.286908230884166, 10.509363446195064, 9.580986321015647, 0.0, 8.554701981951387, 17.120371557426232, 66.45148236500785, 74.28400028338591, 81.94175170727401, 92.50356812418724, 100.66372643792204, 98.09838214540218, 90.73543742920563, 80.75323038951656, 72.415557342951, 65.26601492412608, 36.66856471292059, 34.76913326155747, 32.86832268673927, 33.67629621461569, 29.997791060990757, 26.045082181849242, 26.378410821291435, 26.954522284750702, 28.20608600934954, 32.558227688231455, 54.68008534695887, 55.69376333731552, 61.33949745909083, 67.74315673385634, 67.19936825111049, 65.37669684175958, 58.18077225042227, 50.08639493749808, 42.06119370541599, 47.70555253442202, 40.582981470420016, 38.533819857446794, 88.82807096557448, 81.34096082127974, 73.25334335758603, 68.24841904885042, 62.297088179507405, 59.76115753528332, 61.03119197897561, 70.30929768378967, 80.5077515843809, 86.13185070740052, 89.93467895099087, 90.25274310718, 84.98113461467885, 75.7311754607984, 70.39583057033941, 64.88609723855309, 62.97770901059763, 72.93230470511801, 78.18147922880428, 83.17688885580947, 115.60851859302429, 115.19888156018472, 116.48779836998125, 116.8456935010617, 124.5102471126424, 131.3082857909326, 126.31662099349467, 110.79806840920051, 106.6571374910293, 89.1709434154007, 77.79409843865317, 65.23918733301393, 56.39955586958849, 45.66928830114738, 43.40874777037758], [60.122181431569736, 68.79773847647368, 76.03912113985042, 82.88691839213395, 75.29387929389421, 67.73874214991078, 59.49289600498946, 19.191404981737683, 14.756044991980103, 13.608372621924966, 14.201256600394558, 17.890457353647665, 8.554701981951387, 0.0, 9.582899583307862, 59.50358733469831, 67.54591432128115, 75.31495493544453, 86.19760421799721, 94.63959771477138, 91.84528036540111, 84.19912265424016, 73.93229782875677, 65.42797021728522, 58.11432468270739, 32.13469137833413, 32.01024064747513, 32.557828342775146, 36.13173108201455, 35.11695462231191, 31.603928767390386, 28.916950923839426, 26.335656993649142, 24.760384089332923, 27.727427295383283, 46.985897384554534, 47.25578361731396, 52.87582653234904, 59.99985201598128, 59.60099738951197, 57.83152148772209, 50.965214822998846, 43.44744579570732, 35.3610677613457, 39.52133433896528, 32.062139059399286, 30.888578716792814, 82.6860993061267, 74.56755373578386, 66.25640654283976, 61.628845298219936, 56.13544573984917, 54.79663244990785, 57.859570829550805, 66.92921064522425, 76.09812706919357, 81.2548901746131, 84.45127856527088, 84.54801924801056, 78.9923700190992, 69.17107314584733, 64.11956381465502, 59.05405764377839, 59.14886105995678, 68.31013701827568, 72.95154358825577, 77.55225744046064, 110.76096181858111, 110.37187664891616, 111.77852248877308, 112.20288195257369, 120.06438377128555, 127.66814666010848, 122.83288814111583, 107.4221884218404, 106.788241097721, 91.47175245176817, 80.97780974710031, 69.38512977068393, 62.10158481204262, 53.176093641214, 50.93108839346547], [50.56183307950131, 59.22604003458744, 66.4811596071664, 73.50939913795591, 65.97724406292483, 58.42521366286903, 50.14364359098877, 9.609712425932111, 8.537241372687726, 14.849644745643749, 19.44294534973022, 25.285251306991633, 17.120371557426232, 9.582899583307862, 0.0, 50.513921321364755, 58.45710051025905, 66.0292479420946, 76.79094117917373, 85.1821866135816, 82.32772439381426, 74.69932669421948, 64.47036460567259, 56.0479303728676, 48.85297862958706, 27.398341950066538, 29.36499889404692, 32.23043260090906, 37.73646802323856, 38.8456302867903, 35.95214331141978, 31.414308887763614, 26.429028325935956, 21.888839381527767, 22.83705342716223, 37.665023490810185, 39.115903685467394, 46.17745403967882, 53.229368103667085, 53.988044644815076, 53.4874866499897, 47.74742244715937, 41.12016355595738, 33.17353818980915, 35.00709867017205, 24.575077011558704, 22.13007477704488, 77.86348699553463, 69.63153587430817, 62.01190266239681, 58.58809175897268, 54.15548891584569, 54.298909835862965, 58.6837904464912, 67.335040432226, 75.40354267382858, 79.69905580926364, 81.72671834906075, 80.80218831759292, 74.58951939493551, 65.23389928760668, 61.313275502516, 57.30755929708241, 59.15549832755699, 67.25820104544165, 70.93285095102596, 74.30298901860151, 101.81146807463992, 101.99086236730602, 104.4607037377181, 105.80324468176002, 114.51741888717962, 123.35294458124537, 119.76871215417978, 106.91838110060431, 108.69128733312104, 95.21411027084078, 85.45438483002633, 74.23651577041232, 67.71654949196129, 59.06379176052586, 55.75605862883048], [21.901108821484726, 23.325522190917212, 30.198870356124438, 42.850595802007625, 37.65064101860111, 32.74850649858123, 29.29994533557437, 41.83434440785029, 45.90192280131782, 54.86625702484764, 63.16110540789362, 72.78008733353784, 66.45148236500785, 59.50358733469831, 50.513921321364755, 0.0, 8.683877617237593, 17.777220909089085, 31.18298245622694, 43.63573863651345, 41.07652776650086, 29.94379074665755, 18.78278022993199, 10.247847077075512, 5.761935120502054, 38.12149287102918, 45.55856751535972, 54.37714103509154, 64.14930034334098, 72.78848004931702, 72.62087333178248, 63.17809454490825, 54.007057304656286, 45.605887067885725, 39.302940989549995, 18.271125393842656, 30.966733619916923, 43.31695308528993, 52.95810060181866, 59.49112756799028, 63.547444619634, 64.92179194706355, 65.9315028173436, 62.36509624161698, 50.18213103093097, 36.951379533140084, 29.251178562772967, 84.62710603392308, 75.8949334362848, 72.09474000691743, 74.75531331991661, 75.94187153268268, 82.58286857223541, 92.2303012777038, 98.05299862546802, 99.99826329678659, 100.25377274061428, 96.98325324245378, 92.31780377042817, 84.26280419235553, 77.1154200473077, 78.57795989863698, 79.72683862220265, 89.85529685242682, 92.17058751923103, 91.10628365476798, 89.11077361370813, 70.5638319593529, 81.01880840563628, 93.9656483748723, 101.99785255283012, 115.07940858815883, 130.4173138364354, 133.06217944156234, 130.24920925023824, 143.46806409508906, 136.71437098866812, 129.31136541666615, 119.38420810244352, 114.13665096024023, 104.01117731711473, 94.1773506205975], [23.31871492446966, 21.54266348193712, 26.876750724094364, 39.68214201638074, 36.326471456206036, 33.05539502649286, 31.433541332814002, 49.58211786687958, 53.781414054622495, 62.603955258075224, 70.74569434290393, 80.24531789491624, 74.28400028338591, 67.54591432128115, 58.45710051025905, 8.683877617237593, 0.0, 9.490141121490973, 23.1245945423989, 36.272432334313905, 34.09393404509493, 22.519329190388287, 12.439111790628939, 7.864125215348558, 11.231592608417875, 45.55912522174135, 52.62418218770859, 61.114807003963065, 70.46992073523393, 79.23531592545784, 79.31734255166414, 70.08170177218554, 61.21639792142511, 53.16591622180837, 47.009810145691894, 25.34390178604956, 37.812149780589955, 49.603214556932464, 57.690267619939824, 64.88742816756297, 69.7619491892643, 71.8723998448456, 73.24034841511563, 70.00149028547756, 57.991137571736715, 45.1696338371993, 37.629549142012756, 88.31489445109278, 80.24865974855756, 77.53782244586264, 80.95900968075284, 82.70400709808345, 89.57576983197998, 99.11504607699749, 104.62050899557364, 106.11616823598514, 105.87335629258115, 101.94376873681632, 96.59976551418801, 88.41139271607352, 82.37560220133025, 84.63546326557909, 86.3504515595537, 96.551181111598, 98.37076725626719, 96.83390169662117, 94.01913527215136, 64.55484427830187, 77.27203657514232, 92.37606154517039, 101.79274747321467, 115.61234056960257, 131.78084418397168, 135.7801865129192, 135.42885687729353, 149.08512118772288, 142.94499516758177, 135.78857072607988, 125.8847791611864, 120.66966089417927, 110.32657746892866, 99.97718540134917], [24.581153863802772, 19.595624263008435, 22.346915700896286, 34.41887297729654, 33.35354374171983, 32.1012831216851, 32.525410322241804, 56.84849252597902, 61.7187890328583, 70.71997404949303, 78.6172150253593, 87.65665138157642, 81.94175170727401, 75.31495493544453, 66.0292479420946, 17.777220909089085, 9.490141121490973, 0.0, 13.73847465384171, 27.15905100647876, 25.1767059841271, 13.415991587684678, 6.622970160298625, 11.201388074532323, 18.45705174896405, 54.379653618401626, 61.24472835719715, 69.39555088831237, 78.24738895369305, 86.67609590461258, 86.8274455249223, 78.09669853083547, 69.5857724074031, 61.716140611807425, 55.718683116814546, 31.93823778721271, 43.98529463865626, 55.117684319528905, 60.78451607712393, 68.69057711132506, 74.64608642179968, 77.57586438480328, 79.21406567877301, 76.40164557583148, 65.0723349485322, 52.72831621054196, 45.789829853502034, 89.6120756055194, 82.53373920943513, 81.24966410741881, 85.55356238831993, 87.93700208248895, 94.95080049584938, 104.19256633536665, 109.24743374213631, 110.23236748848052, 109.3861699205564, 104.69858265373574, 98.52353415319556, 90.22683088011206, 85.72005939025898, 88.95268336307585, 91.34055891549488, 101.39391467699586, 102.6042229907309, 100.52286208608436, 96.70762156935342, 56.463833418518966, 70.78579837167662, 87.75181589566412, 98.48593412254175, 112.98761970771521, 129.95751531925342, 135.4566868777644, 138.14883119788763, 152.25165630133958, 147.12318321232053, 140.4482007087006, 130.81362661743844, 126.00027311833506, 116.10281107952405, 106.08453705397544], [31.401965931145156, 24.196013387891938, 22.499709364940383, 30.700686855530332, 33.94721010026074, 35.626560383707854, 38.204845980137826, 67.41104714316606, 72.8456202814194, 81.87070439587309, 89.33915165223245, 97.70452862287227, 92.50356812418724, 86.19760421799721, 76.79094117917373, 31.18298245622694, 23.1245945423989, 13.73847465384171, 0.0, 14.067491797853087, 13.341699229422545, 5.328972345256165, 14.336483576539859, 23.073249985724075, 30.970932869874783, 66.56662655721912, 73.05913407377241, 80.62775151760965, 88.65203555775034, 96.52141466684698, 96.79518111965734, 88.8694321443425, 80.96611242268389, 73.4685240691752, 67.77106846569518, 43.18529174843284, 54.9178527620924, 65.36367114722871, 67.85532207355114, 76.4542215021551, 83.6732206275479, 87.34993971117073, 88.99263843562122, 86.52037804773163, 76.46036146337255, 64.38730384970326, 57.73517163313472, 93.56083597795975, 88.08560342882797, 88.68589056261276, 93.92069435279114, 96.90865375032183, 103.80036772744474, 112.30305730856685, 116.85835816059137, 117.46145457184349, 115.94443624727163, 110.41676536970601, 103.15982732309377, 94.80166182473295, 92.5218458517442, 96.87493964202862, 99.9496690402605, 109.324295596813, 109.97749361321733, 107.3614061608896, 102.33252911467663, 44.527844538640494, 61.954512593800175, 82.05007616495192, 94.88386704727174, 110.36875427193641, 128.26224520419143, 136.03904876063123, 143.25343234518363, 157.08538582438538, 152.99269971619563, 146.87321428656549, 137.4801889724603, 133.0334276681003, 123.53522172292888, 113.85185890681889], [37.90979980619402, 30.38019227758471, 25.583248164768243, 27.411457946163846, 34.75421272499046, 38.82323198610036, 42.87115907801986, 75.70492408780893, 81.99432793302337, 91.19826498093697, 98.12086013140576, 105.4667135323879, 100.66372643792204, 94.63959771477138, 85.1821866135816, 43.63573863651345, 36.272432334313905, 27.15905100647876, 14.067491797853087, 0.0, 5.034590447747063, 14.542519625321223, 25.64339796474923, 34.51387994023001, 42.34105469657257, 77.7954824457509, 84.08387790731003, 91.12902330018821, 98.35642891350476, 105.22660354584585, 105.40446927510543, 98.51781505996146, 91.22419870923655, 83.94989998311692, 78.57472130610591, 52.668864271874185, 63.78908685120454, 73.4678325656349, 72.37896149519676, 81.45621655692722, 89.91961453471082, 94.18886370238772, 95.62592430541669, 93.5274204771418, 85.29182454051288, 73.66192746660626, 67.71787059625561, 94.09421873168706, 90.51764305781225, 93.08733169943085, 99.1218285321986, 102.60851299808573, 109.13305982251774, 116.59381042605463, 120.56440727511716, 120.8828207222095, 118.73772602462145, 112.49030474631708, 104.18760802965775, 95.89013599549556, 96.08810586394185, 101.49710948439969, 105.18205884073966, 113.47494737789685, 113.60522157610434, 110.54199144836512, 104.34902264422217, 31.07870205367515, 50.25738877648501, 72.83915154354555, 87.47937348889455, 103.7231576854935, 122.22447379408132, 132.18548574912919, 144.0927893538293, 157.2743398171042, 154.4639983487747, 149.11436888384947, 140.25384489315377, 136.5628805713452, 128.2430182397459, 119.92309537202074], [33.962439501368145, 26.119747662318183, 20.82967898808323, 22.870256733738017, 29.890026194020425, 34.11872830029394, 38.56576909775306, 72.78115717893094, 79.45532217898712, 88.94356563758552, 95.9480242807683, 103.22265907558814, 98.09838214540218, 91.84528036540111, 82.32772439381426, 41.07652776650086, 34.09393404509493, 25.1767059841271, 13.341699229422545, 5.034590447747063, 0.0, 11.9473807654984, 22.62804015973552, 31.492894564754163, 39.30793680213553, 75.85121540388332, 82.39805909108665, 89.68368803041977, 97.19374705350452, 103.97087836178036, 103.96596179203364, 96.98825396566004, 89.48135213939287, 81.93740739668482, 76.45314180264307, 49.088345235071166, 59.593388732627936, 68.92788798320208, 67.5617063315803, 76.6459067886642, 85.16661223061193, 89.60529796881445, 91.242788136231, 89.37098173985225, 81.1074852396388, 69.94768080807417, 64.67904528631908, 89.35697216894503, 85.63900941635325, 88.22707767939744, 94.36134916000945, 97.98371782524222, 104.65493576160999, 112.31905772392169, 116.1508554942287, 116.22367391436552, 113.99835518355718, 107.69096518571993, 99.44530977630953, 91.163115510129, 91.2519177539783, 96.73624727875577, 100.5395803120741, 109.10183688819272, 109.01054025681742, 105.8312001174475, 99.60906304831212, 33.165570704344134, 49.466421107302274, 70.55125751660825, 84.4647057489244, 100.4269281654711, 118.88144887213674, 128.31478233792987, 139.51916741287403, 153.49830163959422, 151.13869354056737, 145.98148168321757, 137.42457935510015, 134.13835057034225, 126.48742087671678, 118.88939533734832], [27.470002837967783, 19.663587038243378, 17.339701250746305, 25.924953929297345, 28.746337092553514, 30.646614565910753, 33.77900606880294, 65.20285737876951, 71.24713148235699, 80.65534334832854, 88.13472559497576, 96.25100062391121, 90.73543742920563, 84.19912265424016, 74.69932669421948, 29.94379074665755, 22.519329190388287, 13.415991587684678, 5.328972345256165, 14.542519625321223, 11.9473807654984, 0.0, 11.570669109514371, 20.798400587009112, 28.852069813178346, 66.05449222223781, 72.8354043563962, 80.60373801007206, 88.8228167100931, 96.39628629260268, 96.43534030060604, 88.58602353021833, 80.53309110684513, 72.74133608413494, 66.96089497759915, 40.21307251781879, 51.2166514109141, 61.23977982038159, 62.99815691954605, 71.6822616417632, 79.13779754337673, 83.08086508687443, 84.91407259911709, 82.73857773755375, 72.88328940600086, 61.36939539933062, 55.618448632658044, 88.3791640571446, 82.9689739818926, 83.81534852805696, 89.25957348653996, 92.45894097059322, 99.46577845876583, 108.05260096538868, 112.38468358676757, 112.69578003663041, 111.01743523648881, 105.34244528314038, 98.02173390893819, 89.68641004648134, 87.57834399991646, 92.14256739107844, 95.4231969558667, 104.94777411531828, 105.30017531662575, 102.50713056153401, 97.30746855058526, 44.46481396566729, 59.52790441563834, 78.3467020539364, 90.59860935073313, 105.83720684242498, 123.70376395046505, 131.18689548318372, 138.24976089816016, 152.81355773089277, 149.3791846954782, 143.57926304151454, 134.59698616308512, 130.7118603230177, 122.1506435886616, 113.52261565058262], [19.248049621780382, 13.193515290189609, 15.833193038283436, 28.222458975768106, 26.735719966234015, 25.665058783382925, 26.739557961787735, 55.04919453383857, 60.93341797593361, 70.47068547357587, 78.22950526897561, 86.7142462736057, 80.75323038951656, 73.93229782875677, 64.47036460567259, 18.78278022993199, 12.439111790628939, 6.622970160298625, 14.336483576539859, 25.64339796474923, 22.62804015973552, 11.570669109514371, 0.0, 9.288979494125549, 17.36835940600018, 55.60506920647366, 62.72483438824531, 70.9101863228287, 79.7119196377703, 87.49311651705325, 87.35106867567491, 79.02575660377404, 70.5439865566826, 62.406015397256645, 56.42529497415549, 29.25186787265965, 40.67092124074365, 51.41695135395416, 55.43773403069885, 63.64661180150648, 70.22022354116291, 73.53594531100815, 75.25036959962891, 72.77973838388982, 62.17659205654173, 50.36605142838195, 44.594080887651856, 83.46969386688063, 76.77741424409518, 76.11428848288901, 80.79857450855135, 83.48084440103912, 90.5126306174658, 99.59384585105508, 104.34882691792802, 105.06200907267632, 103.96030314632327, 99.00747451609294, 92.54143717257136, 84.21660870246919, 80.34343880212568, 84.00562603020707, 86.71475657752683, 96.641362494645, 97.50272386935855, 95.1854781549813, 90.97637151961203, 53.85764462813436, 65.9163245546306, 81.75968974342587, 92.09685823953188, 106.46731640338386, 123.45177523053106, 128.98017643254605, 132.34306635345584, 146.9018796495437, 142.61446439601104, 136.39152049118223, 127.25245295411028, 123.16704845183953, 114.50812147122302, 105.96048316456414], [15.685006542189806, 14.062185877115478, 20.26119259079697, 33.05875891803479, 28.868214604078943, 25.236446741349262, 23.711501358313715, 46.766159163422536, 52.37271429090466, 61.94266056028663, 69.8950135650999, 78.67088161623128, 72.415557342951, 65.42797021728522, 56.0479303728676, 10.247847077075512, 7.864125215348558, 11.201388074532323, 23.073249985724075, 34.51387994023001, 31.492894564754163, 20.798400587009112, 9.288979494125549, 0.0, 8.082552876335425, 46.97308525422879, 54.33422325841328, 62.79820378450522, 72.00520488069716, 79.88712449544944, 79.60009436699318, 70.94516673940736, 62.17021022280093, 53.79135942463545, 47.68565387788059, 20.80438898277248, 33.1085218931338, 44.76638712035118, 50.93174253589564, 58.53705768108611, 64.19629127011312, 66.72281535661473, 68.0985193136611, 65.20329188361916, 54.13590431053699, 41.731913925998036, 35.60025749994806, 80.87541615918654, 73.22177238698517, 71.18212953836735, 75.0233467874326, 77.08311970383474, 83.94668749964323, 93.26334735530324, 98.46575326863393, 99.72691023583037, 99.22249937836983, 95.0196539269551, 89.3353844678435, 81.08026777408719, 75.74090204543101, 78.47733505755002, 80.53921428275095, 90.52890494322047, 92.00991458104505, 90.23876545614667, 86.9926069418702, 61.404679268384136, 71.59998697025807, 85.32020002981378, 94.21456499499797, 107.85802578509681, 123.97420684579241, 127.97292126377798, 128.3774860738204, 142.39936390165917, 137.16184299147162, 130.5066910864974, 121.14704429925777, 116.77262654451313, 107.89486332126062, 99.34481799770184], [16.386530441011942, 18.73388860588362, 26.09126293051596, 38.40789142975501, 32.578512223576126, 27.269164193745397, 23.56699324649874, 39.77978370393272, 45.07899000430658, 54.67324279094734, 62.797353749606884, 71.81901428220903, 65.26601492412608, 58.11432468270739, 48.85297862958706, 5.761935120502054, 11.231592608417875, 18.45705174896405, 30.970932869874783, 42.34105469657257, 39.30793680213553, 28.852069813178346, 17.36835940600018, 8.082552876335425, 0.0, 39.75841908684677, 47.364417036401754, 56.08361467786421, 65.66291967206979, 73.5715655148038, 73.12149355229245, 64.18580009736947, 55.140209219036684, 46.518057766261705, 40.30180641502658, 14.117501363618171, 27.23831645229914, 39.69136009529976, 47.892611987159405, 54.759470828221794, 59.44636497183064, 61.14007443813985, 62.13730818074893, 58.817650262062344, 47.37663346519119, 34.36105970431137, 27.84425334400716, 79.16290978042123, 70.72326880685952, 67.41226190418922, 70.3950652127511, 71.82100680338965, 78.4627917658377, 87.94520142197437, 93.55179396857389, 95.33561543234457, 95.39612397461715, 91.91848661326868, 86.98832741067194, 78.86781080464264, 72.22832899224764, 74.0532621240112, 75.46717958392723, 85.43532031242603, 87.50719259215367, 86.2691840828071, 83.94636002273677, 68.20302544282656, 76.90210111197447, 88.82251938460742, 96.45676019103468, 109.39887183946071, 124.68591747850206, 127.33837312791064, 125.11768790536998, 138.5895069838013, 132.50825888575105, 125.48013627804933, 115.95339255273453, 111.34312665431064, 102.33355312567899, 93.88078375089219], [49.708609584717344, 56.230384281794464, 64.00328755446034, 74.47927264158267, 68.04335908319425, 60.990164144382476, 53.571017233646415, 25.631817250494393, 19.201172250009606, 21.788082675946065, 29.952799297710726, 41.58323019271281, 36.66856471292059, 32.13469137833413, 27.398341950066538, 38.12149287102918, 45.55912522174135, 54.379653618401626, 66.56662655721912, 77.7954824457509, 75.85121540388332, 66.05449222223781, 55.60506920647366, 46.97308525422879, 39.75841908684677, 0.0, 8.074851678082576, 17.535581872951976, 28.56711028500429, 37.925826394579516, 37.73443266267691, 26.667203375183536, 16.74190815823791, 9.104194832688338, 4.565091335615314, 35.71808310715774, 42.80771040184553, 53.27867521771916, 66.0708876715181, 68.64108503557081, 68.23443466588449, 64.2861836566216, 61.00772631699001, 54.21721688991008, 46.524690809197885, 32.67915955079318, 21.388076017872343, 96.36