{
	"dissimilarities": [[0.0, 9.579830212978672, 15.893796414099999, 25.444073105167142, 18.88676191550256, 13.434786353646452, 8.62786537913904, 41.16510467049709, 47.772546761536105, 57.18513493386919, 65.37252373483174, 72.30041415749503, 65.95341616077599, 57.85244853277402, 49.49663597987538, 16.228633622619924, 16.660667245761616, 19.387614051170864, 27.92234763178327, 35.98767633018982, 31.869950859884078, 23.954412405060697, 15.166594500397606, 9.64650602199962, 10.522858351199972, 46.414050330762066, 53.776612541862924, 61.37456630648876, 70.01491174267618, 76.74284780660942, 75.64290321569374, 68.44313166488854, 60.45094456949175, 52.00914944683143, 46.32129498190726, 17.75336370683632, 26.534872017468974, 35.452601192268, 38.068766769154685, 46.869475545428585, 53.740480740087555, 59.12653147581005, 59.45684603099217, 56.74749494333516, 50.38058532249107, 38.772772060306075, 34.21675610089948, 65.86667748761262, 62.41542090633059, 61.94971459215084, 67.29622999954934, 68.84317438303937, 73.31547935254686, 81.08813607181422, 81.08975880311333, 80.78395097500994, 78.66160862191558, 73.94215568319844, 69.40098861337022, 66.00253139205756, 65.89629739816564, 69.52320223352922, 73.00499346025605, 78.77725351559236, 73.7742931350848, 70.2879926079885, 66.77887486549815, 56.64910767057982, 61.380402392179, 74.0807933403972, 83.18222248500086, 91.97112123359933, 100.6290640433405, 106.6484607730574, 107.14043444265135, 112.79778789618844, 119.4023169102652, 113.75795380992807, 105.92167754325746, 103.47621380860421, 97.24722775685268, 94.80743090767687], [9.579830212978672, 0.0, 7.416518061903781, 18.942454132021567, 14.129491564669303, 11.766616954001433, 14.243827327068841, 50.693520488976404, 57.151897100946755, 66.4177117322339, 74.72218629544885, 81.7866914057783, 75.48424773271131, 67.37598735416944, 59.03899852571167, 19.977327034725867, 16.34214006401013, 14.326560211643722, 20.26776253334368, 28.390541978754506, 23.72787650718945, 15.182583580547316, 8.19143206466879, 10.543073839834568, 16.47202282715854, 54.75101285881441, 62.1066129890727, 69.90088893354451, 78.55234896583305, 85.55317125705807, 84.67410612042367, 77.32241841934008, 69.22468445258863, 60.83583170885068, 54.99225301912372, 25.935114408189182, 33.5541674770375, 41.091754392396744, 42.67961502453989, 51.68437804888996, 59.112029480468635, 65.4849721461507, 66.68382800749923, 64.83009349568884, 57.49318468388972, 47.222278836178425, 43.04033291344175, 68.58181646783734, 65.96311879864467, 66.76548933263807, 72.75523662428458, 75.15221594948521, 80.20058958696173, 88.5367053919444, 87.74131928615746, 86.73971524323018, 83.89043694509138, 78.21848453760123, 72.98233268002463, 69.25760688535031, 70.26863202384378, 74.92829704051829, 79.27090590303811, 85.95181195511708, 80.01407345480374, 75.67506206069218, 71.13432109603905, 50.714204187161656, 57.26884744683343, 71.95000961852358, 82.4077417370817, 91.60571545985403, 101.4814311679528, 108.95349875677668, 111.69936050289915, 119.47897009646964, 127.21705581419499, 122.10314894659311, 114.65095576407295, 112.54265589416231, 106.39744730017442, 103.50890453275977], [15.893796414099999, 7.416518061903781, 0.0, 11.97351165086358, 9.628020021480948, 11.366819397819121, 17.750900605011626, 56.79493114069018, 63.57237290254064, 73.01979045519636, 81.12840117155474, 87.75910987954859, 81.55329592453312, 73.4839347171464, 65.09181107834009, 27.281441484499936, 22.862901701153948, 18.30480339161243, 18.73784210038405, 23.72449228490011, 18.468840807761865, 12.662625577983187, 12.158747474144901, 17.796490653256363, 23.862328317982406, 61.92595191459544, 69.24830139246434, 76.9068494027263, 85.31397796363079, 92.01273945035271, 91.14275023649881, 84.09342581520393, 76.1538773430001, 67.78209326647954, 62.039178743033204, 32.85152267986315, 39.208596006975924, 45.23090723648923, 44.48090425834388, 53.68338651493751, 62.030926107320425, 69.20560090083686, 70.61510266525899, 69.37631705427796, 62.80684812955105, 53.40686688159819, 49.92208149029735, 67.87980853792438, 66.35801423113277, 68.65883424437297, 75.0726675772832, 78.11336785412384, 83.31537907589342, 91.573511359263, 90.28123457404807, 88.81614146282305, 85.3719150465466, 79.00238206585333, 73.01640961973004, 69.04405505645263, 71.3498520756187, 76.99207930074341, 81.89720242538894, 88.8779709870129, 82.56091668293301, 77.65297825046532, 72.13422168926925, 45.69822079621573, 51.15538737812528, 66.36026926567443, 77.55918203818422, 87.09321536266981, 97.818863218, 106.44702024557412, 111.75583253519423, 120.93400104497273, 129.4230142314464, 124.93520523386655, 117.98136427292029, 116.47206903089555, 111.13982157710227, 108.93172980851291], [25.444073105167142, 18.942454132021567, 11.97351165086358, 0.0, 10.238469619731456, 16.444561480217434, 24.217560359300688, 64.10077263420457, 71.33954141364805, 81.08074213123537, 88.6594638698626, 94.27898630297966, 88.39010799207387, 80.54572076539893, 72.13996447278062, 38.868806046988546, 34.61847301687897, 29.119294536859847, 24.105602500446256, 21.659238034282623, 16.74955109526587, 19.068714636170526, 23.581485425314174, 29.41192823489539, 34.86521683066762, 71.61045509802517, 78.78722509053844, 86.0029405824153, 93.78630482688011, 99.67593665330676, 98.76517117744115, 92.49138052292547, 85.01180120291922, 76.74842849429572, 71.33945466509202, 42.72770079898857, 47.74952031926136, 51.88587089583634, 47.22116408719292, 56.50708295783418, 66.25538574134873, 74.25637189824648, 75.41975073911478, 74.78355117109064, 70.45115592160086, 61.80120746187139, 59.1522356247486, 65.99354040808325, 66.41025954429944, 71.04216918434912, 77.79772134241375, 81.51827589039806, 86.52552489906367, 94.0313635410163, 92.34606095080362, 90.45379955198027, 86.30710800584671, 79.20308913315054, 72.09626360453724, 67.85593026653173, 72.2353542330569, 79.17959993230602, 84.56674801382391, 91.36003697891552, 85.06934835909412, 79.65624371957195, 72.8366556222833, 39.15783900582587, 39.89247542473575, 55.134221122866826, 67.39956777836427, 77.68085748933584, 89.59551840332296, 99.93283770333925, 109.7134161888949, 120.16363428359676, 129.1785460274465, 125.63852307892714, 119.43729420278353, 118.83891862598504, 114.99246941903097, 114.32016201809604], [18.88676191550256, 14.129491564669303, 9.628020021480948, 10.238469619731456, 0.0, 6.876352172786019, 15.913659552094233, 56.597230529476626, 64.33631470672508, 74.1503770303571, 81.84641202068555, 87.71651767049156, 81.26089183857565, 73.08770375442191, 64.7505919017574, 32.9483710333525, 30.271363622879925, 27.427393819819336, 27.827937545602133, 29.803840772229123, 24.472054969868676, 21.72798452217131, 21.01484711159843, 24.0847675635337, 28.271146751040096, 64.69974069196317, 72.1420140402259, 79.588838419506, 88.05895568155618, 94.13383607533149, 92.78756106109608, 86.12827707006066, 78.34790055709702, 69.8243203338374, 64.30009795857407, 34.66099087590343, 38.069903745213885, 41.684147594184815, 37.75903350675091, 47.03428119233168, 56.383842862959014, 64.29705092794423, 65.74791781375164, 65.34800471017581, 60.43575509339534, 52.614344019035016, 51.214190915331365, 58.96484787344012, 58.197810184783634, 61.767254746013414, 68.44877672586885, 72.04428224110802, 77.28802456107128, 85.41577144681146, 83.5718756345152, 81.69529982226383, 77.78033505307286, 70.96889321714418, 64.47618355096199, 60.382401392742885, 63.62701364778937, 70.05380221760245, 75.38667025298726, 82.59023004729256, 75.95601361005026, 70.61232665406253, 64.32397315058108, 48.969749887429096, 48.150959723815284, 59.734990547486206, 69.38851307992944, 78.20876401733572, 88.55253159169847, 97.02869847258145, 103.01002307806513, 113.33599707097524, 123.07789602544045, 119.42076208911246, 113.38673977386789, 113.22089173197324, 110.08741168646326, 110.17155613428325], [13.434786353646452, 11.766616954001433, 11.366819397819121, 16.444561480217434, 6.876352172786019, 0.0, 9.417390890163741, 50.04384771492357, 57.855644775173545, 67.65031301349417, 75.4147256161854, 81.47944200847297, 74.83738103721092, 66.56225269208416, 58.25023577785543, 27.937411685911147, 26.67986673055525, 26.027108792509765, 29.789285240874143, 34.05718125014024, 28.906738327326124, 23.914968103199865, 19.707618040030763, 19.8987161668875, 22.707611386649408, 58.23330571711294, 65.73427007688545, 73.22368961013987, 81.9275053627349, 88.0901902191585, 86.59331071198106, 79.77064129817815, 71.8958679498024, 63.305764016087345, 57.76665079746705, 28.042272945887856, 31.393757113045403, 35.78951295621446, 33.3490714046737, 42.67165979854898, 51.45699583071578, 58.8128284948364, 60.04130995020999, 59.22285861965149, 54.034847207826004, 45.764652895608, 44.462446886217684, 57.339552153613994, 55.47314028498047, 57.702531482920314, 64.05000446764792, 67.11736281879692, 72.23924551477229, 80.45736204518906, 79.0031538883211, 77.52066628002487, 74.11751088485536, 67.93370103812438, 62.119155522560305, 58.253375764421726, 60.273322716996724, 65.86160725571285, 70.72714624101528, 77.70150068163505, 71.36138370704151, 66.49148996065837, 61.04540175270876, 53.84693260495574, 53.508136353192015, 64.06146785161201, 72.61762646592416, 80.92433292131787, 90.2281263753692, 97.38884981796481, 100.73390325987316, 109.8233179402125, 119.08377391789705, 114.9647294796918, 108.62397477615346, 108.1888225218372, 104.81476342009535, 104.8626475287222], [8.62786537913904, 14.243827327068841, 17.750900605011626, 24.217560359300688, 15.913659552094233, 9.417390890163741, 0.0, 40.711483446556024, 48.4931749776628, 58.32786185699128, 66.02268542343987, 72.08427557920923, 65.4814814805756, 57.25504215132577, 48.91263759251212, 23.61299471462267, 24.838550160638082, 27.066966470372112, 33.6728335249013, 39.41214789262563, 34.88520035137356, 28.82768138987838, 21.820285182563794, 17.71628639048537, 17.402508475398395, 49.57441712927784, 56.97392479550357, 64.2462700874503, 72.84516349527739, 78.84134454919655, 77.25439461024122, 70.54159375075275, 62.79269818501588, 54.24811238479957, 48.8787229697329, 20.340197913610403, 24.936281444530376, 31.341257283475404, 30.789305795363266, 39.9461882815573, 47.90940226145609, 54.01114209899037, 54.25129761996648, 52.271614714649, 47.79459771497754, 37.74385583845309, 35.748302413476495, 57.618801088408006, 54.63374789318889, 55.11770407811705, 60.69508400966939, 62.682370592245704, 67.16371260547879, 74.79749475876493, 74.37274080271854, 73.76829738841381, 71.28297241914129, 66.26121807677893, 61.33520755251138, 57.86251108297664, 58.39942720292775, 62.648608239441515, 66.45787824440126, 72.37359420974458, 67.14575376661229, 63.32503588407966, 59.21300051641203, 58.60409299821928, 58.70030527853747, 68.4496558821979, 76.11765834623563, 84.25867148820264, 92.40731124618875, 98.10296130731744, 98.9490483869083, 105.40868471344271, 113.0793444078309, 108.15838005899565, 101.1376300629358, 99.97520820329976, 95.92359426601361, 95.83322372429902], [41.16510467049709, 50.693520488976404, 56.79493114069018, 64.10077263420457, 56.597230529476626, 50.04384771492357, 40.711483446556024, 0.0, 9.588379765685755, 19.163387845039587, 25.954764397866935, 32.420251901751385, 25.082072614995877, 16.706333150784257, 8.417318909611241, 40.38359733069486, 47.78168249914299, 55.74472952442034, 66.70388515400114, 74.8034226021847, 71.69925958745979, 64.30124407771459, 54.43362749306243, 45.03432026670301, 37.7155208837291, 20.95381269157842, 25.33201674144094, 29.523939457142877, 37.53375634699475, 42.03525987765273, 39.005752958902775, 32.886325005734136, 26.445482186840838, 19.24196680645014, 17.522856465742482, 27.79338990642128, 29.44776496569767, 37.27224377593279, 44.504088779503995, 47.625947383716294, 48.107629515612146, 45.71446035232228, 40.83544469853899, 32.45788143753629, 33.835940403251364, 18.43451102086264, 14.361853566204923, 71.10122312335523, 64.32585765297144, 57.244267035213355, 57.792698475279956, 54.040269502305264, 54.371016322672695, 57.98990532091042, 62.821358821971096, 66.54560346040513, 68.85934043378188, 69.90097877265477, 69.90979504154932, 68.76822064729325, 62.93505182646591, 60.05841969286933, 57.973941706094784, 57.64953520215326, 58.82688885477737, 60.8407698120096, 63.764252446599514, 91.32863890548889, 91.87532957438975, 97.66309212243243, 101.15185753358688, 107.32223812783596, 110.37131202164915, 109.54868274013857, 98.24273677221194, 92.61864363147303, 92.71031354000964, 83.8941114424926, 73.83435889215635, 68.97356092858357, 61.77484495937165, 61.757909464292155], [47.772546761536105, 57.151897100946755, 63.57237290254064, 71.33954141364805, 64.33631470672508, 57.855644775173545, 48.4931749776628, 9.588379765685755, 0.0, 10.046094162208664, 17.690368313646186, 25.773617756510127, 19.31809721043328, 12.519402183182908, 7.466665635331677, 44.79589258936723, 52.203235110758676, 60.37935543759087, 71.54236312809326, 80.11965623537701, 77.45435406246601, 69.86318978640051, 59.96350728653956, 50.50161534803728, 43.18910255122815, 16.22465390171935, 17.961442580233694, 20.484232712780678, 27.967357192716314, 32.73045431704407, 29.875768322949824, 23.399380693900213, 17.299874445133987, 11.353074314141036, 12.462169482736504, 34.02540142599214, 37.27933524528648, 45.76141008555379, 53.98549770479277, 56.823747757363456, 56.46775651058237, 53.04905801375426, 47.90836520228266, 38.97070511654326, 39.899267864669326, 24.99535348587529, 18.366529709233724, 80.41627735847688, 73.46644005328892, 65.7740008952046, 65.75030272149088, 61.31343356768398, 60.99737460430408, 63.65937933611542, 69.40507474495445, 73.75487236094898, 76.72066600500911, 78.45167322903205, 78.92259755145643, 77.95995844142286, 71.68511059226931, 68.05404159243639, 65.21340229790223, 63.80448674439408, 66.07613479998861, 68.84626098700363, 72.5104380886388, 96.18603619509982, 98.6270405132363, 105.48273185658351, 109.48224141200909, 116.00470996863402, 118.97323741636644, 117.8693978229069, 105.76086817015533, 97.87743322995625, 95.54043397107006, 85.61737843717545, 74.4253110273808, 67.46369536451414, 57.06694309299194, 54.29664598108449], [57.18513493386919, 66.4177117322339, 73.01979045519636, 81.08074213123537, 74.1503770303571, 67.65031301349417, 58.32786185699128, 19.163387845039587, 10.046094162208664, 0.0, 9.161887450885546, 19.513007823285502, 14.263637363027883, 11.659043200125215, 13.6978252341164, 52.7064829099194, 60.15561362261478, 68.56644373798386, 80.02244947873633, 88.9906806676298, 86.52536882494869, 78.69877696189609, 68.68060490129865, 59.16785017599846, 51.843900756891756, 17.981555214305406, 15.240512778200705, 13.510473034065573, 19.846437439080145, 24.36551842028743, 20.97656270617117, 13.962305325193435, 9.526664214974462, 9.493829690149383, 14.979533817355932, 42.83726891942673, 45.758621071604416, 53.81632667814805, 62.88237522392412, 64.9159548072224, 63.31444927456125, 58.585475709189815, 53.15010275632967, 43.88767768575817, 44.967158082082804, 31.988313914156414, 26.126143813110918, 88.61754634670973, 81.25770102636349, 72.61473353065865, 71.76648605674058, 66.50698777691339, 65.4541590329749, 67.1967253729756, 73.77385297937695, 78.77748259988391, 82.55137083288429, 85.23562780245068, 86.5078953315274, 85.88810787244985, 78.8039517519506, 74.0946246816588, 70.32819666792103, 67.81008621889292, 71.19959316768538, 74.89560648437707, 79.62249540769177, 104.84828809309643, 108.12282577795774, 115.0224294682687, 118.76034918692588, 125.07669708977068, 127.43840712671853, 125.44406775344966, 111.28530635528257, 101.11698546791278, 96.79936804805621, 85.9338731389699, 74.02872949075363, 65.53752822748146, 52.99382696222197, 48.39032250176795], [65.37252373483174, 74.72218629544885, 81.12840117155474, 88.6594638698626, 81.84641202068555, 75.4147256161854, 66.02268542343987, 25.954764397866935, 17.690368313646186, 9.161887450885546, 0.0, 11.03439252992293, 8.550895771313026, 12.604947866932017, 18.57997830590106, 61.671129990573434, 69.05188330996981, 77.28556373913491, 88.34519001981184, 96.80322575297221, 94.45826512369887, 87.06833590705985, 77.27846021661469, 67.85220062731617, 60.57472972545449, 26.846970223395452, 22.77734220562902, 17.773737943220304, 18.93909994951645, 19.43092311306856, 14.705158470298814, 12.115316254622865, 14.237044131139198, 18.196227691161432, 24.059459947691305, 51.480118453225074, 53.665005339698816, 60.71573029838045, 68.8021025503672, 70.16262923328779, 68.14976799831261, 62.569564178371586, 56.278297497977576, 46.77662108754849, 50.520071186613855, 39.218604631282886, 34.86325382633426, 92.72795249747962, 85.48103598586769, 76.63894976183259, 75.00834887238872, 69.06411349740391, 66.90238791385477, 66.86354801617699, 74.47687620102482, 80.2137226257871, 84.68405114530432, 88.30175928832912, 90.07668491751573, 89.80355680321802, 82.47026910906432, 77.05661334362178, 72.33681442160227, 68.11943707219493, 73.12202402064447, 77.76337176637871, 83.19669554534053, 111.64114042233878, 113.8751547610903, 119.62855069087036, 122.5579021412111, 128.5416117457133, 130.0283358159526, 127.04916586294216, 111.84514050265456, 98.9475816042694, 92.27545970635047, 80.66811898565939, 68.16462327584078, 58.532171958944524, 45.1698071208356, 41.60023141663752], [72.30041415749503, 81.7866914057783, 87.75910987954859, 94.27898630297966, 87.71651767049156, 81.47944200847297, 72.08427557920923, 32.420251901751385, 25.773617756510127, 19.513007823285502, 11.03439252992293, 0.0, 9.020135503046284, 17.479245719789088, 24.31440837509778, 70.4135485417164, 77.62712759341923, 85.43316249464425, 95.67615435909686, 103.10127241633846, 100.86276852617846, 94.31430107702602, 85.00232432538779, 75.80292928781255, 68.66993826304754, 37.44603140363573, 33.6409426136335, 28.083233294662108, 25.740942123345235, 21.286065524453807, 16.35812536982016, 20.306423888297665, 24.95117656424679, 28.883150301246935, 34.42519729821395, 59.5524682854596, 61.053214453118656, 66.94558556335033, 73.00761705264429, 73.87660183200305, 72.09175478339878, 66.15600304710921, 58.83729044340722, 49.344538011332816, 56.73495499691755, 46.68892026854826, 43.69635495077077, 94.33802148428296, 87.64607666516335, 79.25452423319064, 76.98775846979031, 70.5973219751582, 67.18554543180842, 64.79344280094972, 73.49154135171682, 79.92291487974322, 84.90607499683601, 89.31701801241037, 91.29414780260416, 91.32945150327281, 84.26207509718385, 78.55004829606975, 73.00102950425449, 66.79435482645432, 73.62958166511507, 79.09117555394091, 84.83811542656024, 116.38067297934258, 116.56509427773068, 120.53579666391367, 122.40330835795665, 128.02625051641536, 128.548910123026, 124.65379930283892, 109.45352353522573, 93.59112821974276, 84.13357190376767, 71.88447462466408, 58.71693108446069, 47.967228553722975, 34.627448917237025, 35.24835307165917], [65.95341616077599, 75.48424773271131, 81.55329592453312, 88.39010799207387, 81.26089183857565, 74.83738103721092, 65.4814814805756, 25.082072614995877, 19.31809721043328, 14.263637363027883, 8.550895771313026, 9.020135503046284, 0.0, 8.893563533215302, 16.70880778625995, 63.96288295994061, 71.43996333826054, 79.56287118053412, 90.37432263501958, 98.21343487871279, 95.59342170888007, 88.57376945095551, 78.86538233241122, 69.44912826129314, 62.10933851572213, 31.767108486886134, 29.26962095182645, 25.700932074802072, 27.37473906051572, 26.325752336296734, 21.22527341619876, 20.577060596195995, 21.809634865245634, 23.553631588743443, 28.432745042673897, 52.36034618177926, 52.788206948176494, 58.303596905109764, 65.02779144943389, 65.68385339573429, 63.54059747395274, 57.60373604074947, 50.59660192888809, 41.05919330386014, 47.720441669314255, 38.00871516107226, 36.205382956950714, 87.0731336093577, 79.94994814647096, 71.1499318318591, 69.04932015700068, 62.80413120188807, 59.97982431524009, 58.99110881096129, 67.01709621458926, 73.0665115113526, 77.8199054859051, 81.93786730728543, 84.01035086739253, 84.0007036275799, 76.56569219192531, 70.83125857556767, 65.62214834650291, 60.50986581596897, 66.33203896331936, 71.45161575068857, 77.21241170723098, 112.78834914614038, 112.62354151313475, 116.40401723223272, 118.04655882812078, 123.29343150371471, 123.9155439639178, 120.08171213828733, 104.03423257217948, 90.45103956310284, 83.98637098847857, 72.60236452314152, 60.512684025822004, 52.15014342957293, 42.297894754708246, 43.90408245347082], [57.85244853277402, 67.37598735416944, 73.4839347171464, 80.54572076539893, 73.08770375442191, 66.56225269208416, 57.25504215132577, 16.706333150784257, 12.519402183182908, 11.659043200125215, 12.604947866932017, 17.479245719789088, 8.893563533215302, 0.0, 8.430449017134379, 56.010642330980566, 63.59228379372481, 71.82678302318804, 82.916669853655, 90.98509326113914, 88.10078163406034, 80.80068080054411, 70.89220744714491, 61.39430623523364, 53.97302938129734, 26.155808191499, 25.72383344912, 24.975802548286232, 30.064216152633154, 31.7143693475847, 27.189613066906066, 23.380666759015472, 20.837287385575046, 19.107771111394705, 22.49443623164324, 43.88807104979161, 43.89730320476689, 49.608485996351284, 56.81616905204319, 57.820134072888465, 55.979587795054506, 50.693386413818935, 44.19478634730636, 34.661396452713696, 39.980883793409575, 29.270228625292777, 27.90763676763878, 80.18123009931081, 72.89202713953325, 64.18936784051908, 62.70985386022175, 57.01747805535118, 55.16219747574091, 55.92165157795901, 62.942315966303575, 68.32272082860771, 72.45435527815103, 75.78954361671077, 77.483999347586, 77.21889271513338, 69.9001426695869, 64.71879651041611, 60.315870200359655, 56.78338521832608, 61.103947257377975, 65.41778359090945, 70.62320698709694, 106.50734895007905, 106.32995441245156, 110.4292366394813, 112.35164678401591, 117.62588105319016, 118.8076256669609, 115.64742303512818, 100.24391097000803, 89.47214031772978, 85.83496304047257, 75.42776150558089, 64.26674130306866, 57.69523858339024, 49.65354156715983, 51.08875945017316], [49.49663597987538, 59.03899852571167, 65.09181107834009, 72.13996447278062, 64.7505919017574, 58.25023577785543, 48.91263759251212, 8.417318909611241, 7.466665635331677, 13.6978252341164, 18.57997830590106, 24.31440837509778, 16.70880778625995, 8.430449017134379, 0.0, 48.3491577894682, 55.802357177770546, 63.83142418119857, 74.71823749741492, 82.6651218431201, 79.72289670922609, 72.50600343896618, 62.708434272338266, 53.30253957818116, 45.967337935561595, 22.731593887137038, 24.60504559441244, 26.353114072617622, 32.971670650630216, 36.08222870571786, 32.409699780828504, 27.394894619617816, 22.62972239690666, 17.73839157073036, 18.8993313916378, 36.04968073542248, 36.899237392689024, 43.556923509450314, 50.50732411729909, 52.5573078062614, 51.96083118456703, 48.07609943090253, 42.15657531900819, 32.95154810665271, 36.889345837400704, 23.72956936078472, 21.11422749930553, 75.34199437726087, 68.38033531301362, 60.552779566279746, 60.05544067100845, 55.27574740534582, 54.406092703160176, 56.42675318625744, 62.481984694486506, 67.11051171199918, 70.35589458785684, 72.58151334549393, 73.3914424643156, 72.6927230083073, 66.17551150602104, 62.151961676508215, 58.83734453436031, 56.73439402927818, 59.64774905914655, 62.87838784803468, 66.93838050606124, 98.43740419001944, 98.4906757997053, 103.35043424204716, 106.04271773289692, 111.8235543915755, 113.9260991778504, 111.94745417310898, 98.82769010139822, 90.44089311951274, 88.48782632343224, 78.84508016639393, 68.14182798795116, 62.3707652266503, 54.68336738216911, 55.423470080486204], [16.228633622619924, 19.977327034725867, 27.281441484499936, 38.868806046988546, 32.9483710333525, 27.937411685911147, 23.61299471462267, 40.38359733069486, 44.79589258936723, 52.7064829099194, 61.671129990573434, 70.4135485417164, 63.96288295994061, 56.010642330980566, 48.3491577894682, 0.0, 8.063342100927754, 17.573039083500667, 31.637606345250884, 43.74619905690871, 40.33815957378512, 29.55693399302759, 18.34230986231562, 9.521415369815822, 6.427361923748576, 38.04685156758117, 45.33200512657459, 53.72148543605623, 63.26612714444291, 71.59234690894107, 70.85908636193716, 62.28391317322304, 53.60441175683036, 45.434094183230265, 39.20326664975326, 14.73554441393317, 26.481733737817507, 38.09173009014038, 46.86956536521842, 54.22645242048284, 58.18572033399336, 61.79583496267856, 62.64664355880798, 59.106617583713465, 48.64982659247481, 36.23157716959703, 29.065217075069643, 76.82870692825966, 71.60610254701042, 68.37968124169949, 72.96706719088047, 73.53532423321477, 78.13210466639514, 86.7041745967517, 87.17688119119012, 87.3636642942075, 86.1547464191667, 82.4058350466897, 79.31979008335647, 76.34549649072711, 74.00053446867615, 75.82847788563178, 78.5631837173744, 84.44415279895293, 79.52387743260884, 76.80690628954282, 75.0597771239163, 66.02080554238036, 75.82581586529572, 90.12898024435653, 99.33592305777994, 107.76335271505275, 115.87726403466647, 120.8024638915992, 117.18627207519432, 121.56940563933235, 127.3288012308213, 120.52561078152088, 111.74157767217014, 107.77486164115388, 98.86274404464375, 93.18210642341727], [16.660667245761616, 16.34214006401013, 22.862901701153948, 34.61847301687897, 30.271363622879925, 26.67986673055525, 24.838550160638082, 47.78168249914299, 52.203235110758676, 60.15561362261478, 69.05188330996981, 77.62712759341923, 71.43996333826054, 63.59228379372481, 55.802357177770546, 8.063342100927754, 0.0, 9.710634532928834, 24.1753692253573, 36.95484692539863, 33.70279785562418, 22.490564956738236, 11.857100113740668, 7.164392028898825, 11.177003713644773, 45.47680961988831, 52.521615153439704, 60.769549262814756, 69.86994877827374, 78.167060847003, 77.74574523808667, 69.36762672865896, 60.864753369403175, 52.89015511438913, 46.748973200276886, 21.981673625951668, 32.90655155383725, 43.501165765172715, 50.73683815161598, 58.64028207126693, 63.4788540932034, 67.96081398585339, 69.18552137277675, 66.12914040742281, 55.732815209723306, 43.96494500993265, 37.011883774543904, 79.6186661268741, 75.18120682813002, 73.14224550282763, 78.26180610150047, 79.45468646651184, 84.35013781348444, 93.0652584727673, 93.11230980102971, 92.87077898617098, 91.10709644488364, 86.62700134544535, 82.84262803182799, 79.5711135638358, 78.27242482318859, 81.01064585909879, 84.3510103705107, 90.6740939077849, 85.27177596545756, 81.95027696296242, 79.29937274121109, 59.90271785094469, 71.7436251296304, 87.8548476934951, 98.33902294527921, 107.36987597519283, 116.52584885735875, 122.71678172498689, 121.42740386437406, 127.06300168840384, 133.25506455772413, 126.77236728243642, 118.11565595754733, 114.2101997634013, 105.12463854928173, 98.96782394989609], [19.387614051170864, 14.326560211643722, 18.30480339161243, 29.119294536859847, 27.427393819819336, 26.027108792509765, 27.066966470372112, 55.74472952442034, 60.37935543759087, 68.56644373798386, 77.28556373913491, 85.43316249464425, 79.56287118053412, 71.82678302318804, 63.83142418119857, 17.573039083500667, 9.710634532928834, 0.0, 14.655554609539722, 27.920399356016286, 24.919683518339916, 13.605875393553918, 6.496908418117113, 11.796998155493839, 18.865941722777293, 54.42715323546809, 61.280687567514654, 69.26510349258007, 77.76414017932082, 85.759186067058, 85.60687968753565, 77.65480320586603, 69.43876178903376, 61.60287119587817, 55.6137294232719, 30.323329771388252, 40.608267715422855, 50.08798345485312, 55.016368076949924, 63.507412687273266, 69.51700513392925, 74.94249862147292, 76.32606132741019, 73.7176871113083, 64.07661249496122, 52.70454452003688, 45.98555944178831, 82.1251296542412, 78.80783745502599, 78.33138969910792, 83.9928857526529, 85.84705529593647, 90.91658717196758, 99.52087663920582, 99.1854424886099, 98.52352039389702, 96.13817755630157, 90.8725448169019, 86.20495471881418, 82.60755563580004, 82.69231643671621, 86.51615349490889, 90.45756264271617, 97.04504088583343, 91.30642334093338, 87.37807988622694, 83.64892206971959, 51.40632934045556, 65.26548121800153, 83.38128739456346, 95.36377401523897, 105.16785076601691, 115.53995541536324, 123.27090188932021, 125.16538526002375, 132.0436052230233, 138.57835247145607, 132.54091329273956, 124.09094284737454, 120.36416921908776, 111.37554909438936, 105.14389649200125], [27.92234763178327, 20.26776253334368, 18.73784210038405, 24.105602500446256, 27.827937545602133, 29.789285240874143, 33.6728335249013, 66.70388515400114, 71.54236312809326, 80.02244947873633, 88.34519001981184, 95.67615435909686, 90.37432263501958, 82.916669853655, 74.71823749741492, 31.637606345250884, 24.1753692253573, 14.655554609539722, 0.0, 13.928303992958721, 12.338498207663484, 6.735982718277194, 15.290487451850908, 24.202297699281488, 31.549894526350638, 67.08042418599409, 73.64158537400287, 81.1185608902725, 88.62054349000094, 95.93620211938732, 96.12546982926521, 88.98509439221807, 81.30847617720075, 73.70678745120658, 68.02865258120512, 42.854726864218115, 52.669059688439404, 60.94801258201362, 62.58251005859695, 71.66497995286895, 79.21001234754185, 85.61607184033618, 86.82943429149036, 84.57157458084829, 76.60700470906335, 65.29767453712616, 58.66085645090254, 86.59345693040257, 85.00743516346022, 86.68976460363257, 92.87393643224063, 95.41370607352847, 100.42479801145001, 108.43842747217553, 107.84395905200596, 106.80331226169473, 103.71125145752853, 97.59573568940822, 91.74312980059977, 87.7813982433572, 89.82932380623582, 94.99101637095471, 99.48881231347445, 105.98668288816128, 100.2136515434776, 95.71170767225097, 90.6492912946294, 37.61843880600959, 54.77918933288265, 76.02365574893415, 90.31787825317241, 101.41238655106831, 113.49013282904619, 123.44258383445002, 130.32438112728516, 138.31308612539763, 144.80688906724393, 139.36712917294554, 131.17019259171397, 127.62017357806062, 118.83974123957577, 112.77060257175496], [35.98767633018982, 28.390541978754506, 23.72449228490011, 21.659238034282623, 29.803840772229123, 34.05718125014024, 39.41214789262563, 74.8034226021847, 80.11965623537701, 88.9906806676298, 96.80322575297221, 103.10127241633846, 98.21343487871279, 90.98509326113914, 82.6651218431201, 43.74619905690871, 36.95484692539863, 27.920399356016286, 13.928303992958721, 0.0, 5.76993537390541, 15.932482188383672, 26.68492572145296, 35.33681972444008, 42.31977873581399, 77.71926629601184, 84.16114712245748, 91.15617622612226, 97.88659846895766, 104.30561085473678, 104.5441363889929, 98.28066656848918, 91.113336713011, 83.59885950439492, 78.24104104776296, 52.887001025386965, 61.84569230906431, 68.8396526851907, 67.20647095903391, 76.57167993273869, 85.47333283274521, 92.64634667666047, 93.52111459195778, 91.63595221621765, 85.77498913728776, 74.71058499838156, 68.658272545864, 87.6398436489474, 87.76349671473507, 91.46513741491157, 97.9684862295115, 101.05868712498885, 105.84070823808506, 113.0494580575328, 112.25100698383419, 110.91695873213021, 107.23502936336695, 100.50178970736071, 93.62764997537228, 89.43106368334453, 93.30718202553537, 99.61171698867072, 104.48499835599097, 110.67380151123507, 105.06635570602235, 100.16813887972472, 93.96544865107305, 24.547942895656025, 42.52474427824813, 65.97967764289784, 82.05566227951905, 94.2090512224124, 107.59891871199974, 119.40587127029096, 131.0100129720507, 139.8230687805992, 146.3371869081908, 141.67433917552202, 134.0011711330681, 131.03868220907907, 123.31278084158888, 118.47039359437277], [31.869950859884078, 23.72787650718945, 18.468840807761865, 16.74955109526587, 24.472054969868676, 28.906738327326124, 34.88520035137356, 71.69925958745979, 77.45435406246601, 86.52536882494869, 94.45826512369887, 100.86276852617846, 95.59342170888007, 88.10078163406034, 79.72289670922609, 40.33815957378512, 33.70279785562418, 24.919683518339916, 12.338498207663484, 5.76993537390541, 0.0, 11.865502687797516, 22.655956184598637, 31.499833238761898, 38.57995280127856, 75.16455090017696, 81.88696393423369, 89.12288967205708, 96.35212484409519, 102.89452066478415, 102.84343102339236, 96.32858344194011, 88.90517037597431, 81.11890999859305, 75.60928813453675, 48.985116271186996, 57.18400571973053, 63.69930916572731, 62.01478854596292, 71.32230588987575, 80.19105618427666, 87.54369801111979, 88.69543163420357, 87.14400140942261, 81.01685351021237, 70.5918804670971, 65.27566049014644, 82.56737952923575, 82.50846091273077, 86.1613641069536, 92.75327994093504, 96.00460547019205, 100.99117023906614, 108.55900380124297, 107.45987032238281, 105.94181059696503, 102.16129356669892, 95.32500576237517, 88.5236506188707, 84.32553949909324, 88.0778702666173, 94.43500150901839, 99.48591226011628, 106.0456620887365, 100.07757628597798, 95.00733956410195, 88.75649105276226, 29.224024175930214, 43.200783772011796, 64.86401263817302, 79.96431113773735, 91.5065185145247, 104.49330507741956, 115.81841757188835, 126.35202041001884, 135.76907836433438, 143.1119424208699, 138.64775296672315, 131.28599568629758, 128.85073975415239, 121.89800849809124, 117.81178444169066], [23.954412405060697, 15.182583580547316, 12.662625577983187, 19.068714636170526, 21.72798452217131, 23.914968103199865, 28.82768138987838, 64.30124407771459, 69.86318978640051, 78.69877696189609, 87.06833590705985, 94.31430107702602, 88.57376945095551, 80.80068080054411, 72.50600343896618, 29.55693399302759, 22.490564956738236, 13.605875393553918, 6.735982718277194, 15.932482188383672, 11.865502687797516, 0.0, 11.484425813559728, 21.09417830072063, 28.639482757665878, 66.01704313835093, 72.9524145236561, 80.65425527779078, 88.67904282363818, 95.94565657423189, 95.73663450755126, 88.45186653570059, 80.53754322599804, 72.575194317927, 66.7549196310522, 39.60855081484761, 48.15485332412472, 55.568292555000795, 56.65620936543406, 65.70369433594765, 73.42181834566631, 80.20819238265746, 81.7408328674356, 80.0061543778142, 72.04159820712414, 61.671516856444526, 56.23260926408785, 80.28953529733612, 78.71836244501914, 80.64180290727639, 86.9951367427619, 89.84143396704201, 95.0866549830707, 103.43428231743584, 102.40596582359198, 101.07384380834756, 97.75661743022164, 91.41480906581558, 85.50766096689746, 81.51770659146817, 83.67564691371733, 89.08512875928696, 93.8794287561666, 100.81408548351551, 94.59339169708436, 89.79967565418882, 84.49639356557205, 40.32167424790163, 53.564343462480096, 72.96563806027088, 86.28389208003173, 96.74914928143329, 108.48182850156448, 118.09994318097745, 124.4024758000995, 133.29689107473249, 140.86454536976962, 135.8409775578647, 128.16758424483044, 125.44236301198168, 117.93654905510132, 113.18129593634586], [15.166594500397606, 8.19143206466879, 12.158747474144901, 23.581485425314174, 21.01484711159843, 19.707618040030763, 21.820285182563794, 54.43362749306243, 59.96350728653956, 68.68060490129865, 77.27846021661469, 85.00232432538779, 78.86538233241122, 70.89220744714491, 62.708434272338266, 18.34230986231562, 11.857100113740668, 6.496908418117113, 15.290487451850908, 26.68492572145296, 22.655956184598637, 11.484425813559728, 0.0, 9.87323018159994, 17.54695643680886, 55.462684661244815, 62.62586816204245, 70.61870843635182, 79.29480046027246, 86.91205984504492, 86.4150858040394, 78.65315728687334, 70.40964876442767, 62.254472195991106, 56.25448197930747, 28.653417782323178, 37.64944180713995, 46.14663966851546, 49.669348561212864, 58.37259936162859, 65.01581015871444, 71.00834902817795, 72.49358214329507, 70.37434649911029, 61.475955108217256, 50.82368332887199, 45.37587873891463, 76.06030613771819, 73.1013420095025, 73.29564063369098, 79.19922961684318, 81.42644088757429, 86.6129228916351, 95.2605196550111, 94.56520266727885, 93.6296835605686, 90.93210597109096, 85.34904835887312, 80.37440045120563, 76.68616766704564, 77.26802008340493, 81.581879341128, 85.84411437135081, 92.67313324679928, 86.64850882275091, 82.39799785521934, 78.18961143867452, 50.35299991980534, 61.217626045311164, 78.03556013049632, 89.45657190221151, 98.96666539491895, 109.24400859888037, 117.00694140575033, 119.4216392355584, 127.09253791620722, 134.44205015511457, 128.9097801493595, 120.99186254405393, 118.09666061834612, 110.47890476675941, 105.77733345183387], [9.64650602199962, 10.543073839834568, 17.796490653256363, 29.41192823489539, 24.0847675635337, 19.8987161668875, 17.71628639048537, 45.03432026670301, 50.50161534803728, 59.16785017599846, 67.85220062731617, 75.80292928781255, 69.44912826129314, 61.39430623523364, 53.30253957818116, 9.521415369815822, 7.164392028898825, 11.796998155493839, 24.202297699281488, 35.33681972444008, 31.499833238761898, 21.09417830072063, 9.87323018159994, 0.0, 7.685755762036417, 45.94302193840049, 53.265642570727735, 61.358309632068405, 70.40535742658427, 78.10186722057807, 77.35422814686794, 69.38667738581103, 60.995324949571454, 52.70123854521312, 46.642315696237475, 18.966899360411283, 29.213506581671858, 39.18170181179078, 44.71847673900286, 53.013169776835824, 58.701887574789154, 63.70280281366411, 64.72490457044923, 61.94506484918498, 52.92048556827135, 41.35098779570119, 35.52348526934091, 73.1955961424827, 69.15428427297712, 67.80729670849495, 73.11334181052484, 74.5623063868241, 79.40587342836643, 87.89790181515993, 87.79062381293409, 87.42110509325856, 85.4254769029498, 80.7367861742581, 76.60756064757761, 73.25483070873344, 72.47763202416937, 75.67142461760695, 79.19429030658605, 85.47891237545535, 80.05791427725329, 76.54749735475436, 73.45471985641495, 57.89045866206027, 66.83299873743246, 81.61430706786086, 91.54878618645394, 100.42501611740524, 109.42898995497474, 115.60982018378057, 115.06499642073572, 121.02403131336189, 127.6436421392114, 121.5889567944539, 113.35601390377693, 110.17433720516841, 102.40808720405782, 97.89442745608257], [10.522858351199972, 16.47202282715854, 23.862328317982406, 34.86521683066762, 28.271146751040096, 22.707611386649408, 17.402508475398395, 37.7155208837291, 43.18910255122815, 51.843900756891756, 60.57472972545449, 68.66993826304754, 62.10933851572213, 53.97302938129734, 45.967337935561595, 6.427361923748576, 11.177003713644773, 18.865941722777293, 31.549894526350638, 42.31977873581399, 38.57995280127856, 28.639482757665878, 17.54695643680886, 7.685755762036417, 0.0, 38.79802037939664, 46.279633289567954, 54.42413207738624, 63.78911614892482, 71.47947358359568, 70.47231502444313, 62.36871752457097, 53.86795791251005, 45.42919020374756, 39.337635699452925, 11.495920239786201, 23.22394924470567, 34.478267874773074, 41.63894630339192, 49.40346781935473, 54.20496498913804, 58.267814647935744, 58.81524665997015, 55.433195477965626, 46.48988931704901, 34.012522998168194, 27.84852756085623, 71.35401617910625, 66.49632567353416, 63.89273859817687, 68.62920398867334, 69.38606361672888, 73.87778149488368, 82.15896712067396, 82.5688876034646, 82.6925344658801, 81.30187210784983, 77.40153218253056, 73.99437626067494, 70.95221162096367, 69.07832431831608, 71.30244816975629, 74.15338758176802, 79.90239458824628, 75.05876938597152, 72.21791316059769, 70.08799667421852, 64.0127435037761, 71.43978013944158, 84.58529762054663, 93.32050841277463, 101.65575610496215, 109.62565514034169, 114.54199120113852, 111.68503748460355, 116.20584445591007, 122.21210472679938, 115.75747926466339, 107.30168674848082, 103.93218771583717, 96.15803792285807, 91.95860270397331], [46.414050330762066, 54.75101285881441, 61.92595191459544, 71.61045509802517, 64.69974069196317, 58.23330571711294, 49.57441712927784, 20.95381269157842, 16.22465390171935, 17.981555214305406, 26.846970223395452, 37.44603140363573, 31.767108486886134, 26.155808191499, 22.731593887137038, 38.04685156758117, 45.47680961988831, 54.42715323546809, 67.08042418599409, 77.71926629601184, 75.16455090017696, 66.01704313835093, 55.462684661244815, 45.94302193840049, 38.79802037939664, 0.0, 7.860543767632683, 16.44525281584625, 27.614138416702446, 36.499845036808935, 35.044623732075095, 25.266088211802494, 16.07142132180763, 8.66067222464446, 3.8367741837113623, 31.070448032883675, 36.695100808958216, 47.30810675977541, 59.14792903966128, 62.53079292232678, 61.46114959835218, 58.55380497285, 55.558168825502236, 47.69979800277144, 41.67139087818103, 26.68064966122506, 16.06790946640682, 88.20077592758601, 80.61844447621169, 72.