{
	"dissimilarities": [[0.0, 7.3320631609485565, 16.58602430100128, 25.647143708298966, 18.72248926367185, 12.883262779132346, 9.695899977713724, 43.094599090850465, 49.94009790870742, 59.26433137008718, 67.62599876434275, 74.87111491009709, 67.34459296033732, 60.16692156622897, 50.78099011329475, 18.999679682128885, 19.94591679162743, 20.798780380171237, 26.100590516896908, 34.192917699111156, 30.76691803099215, 22.54099785743384, 15.41104722138395, 12.248849759086811, 14.22156803893196, 49.42150117679302, 56.77125623366332, 63.73486450824662, 73.07353272932534, 79.07412003045643, 78.08194980914745, 71.13913839540308, 63.032603130598545, 54.584338262221415, 48.03055358354789, 19.703806136303417, 25.56691763863112, 37.05430649710022, 39.58279512180408, 47.78604241401533, 55.805461048121934, 59.77837626564618, 59.803507681144666, 57.379120235660906, 48.73365190618485, 37.748747300220614, 35.16740485522396, 67.05537477884917, 60.85265699138787, 61.26396086144744, 65.32318139019029, 69.12960752750979, 74.20126540951622, 83.30075223708407, 87.5930565619085, 86.87149697368368, 84.93056911844023, 81.24386212347108, 75.71732729327121, 67.23129973303544, 65.16561687800551, 68.53427618069232, 72.7125266873671, 81.09712405710538, 79.6508959793731, 76.0850944938682, 73.24929113212686, 54.29066110976387, 62.41965732412517, 71.66998824028313, 80.05044703314874, 91.36928191304403, 106.68318679443207, 115.4641868826244, 115.95581279235923, 129.7721843037582, 123.21251371789894, 118.41678090976112, 110.90232686013401, 107.62214147320125, 102.55513562502054, 95.87393873901381], [7.3320631609485565, 0.0, 9.602041298816939, 19.626273383888353, 13.51809275880599, 10.527971202671957, 12.639340114497514, 50.34881180501806, 57.26641753615527, 66.59205326154473, 74.92355626518292, 82.04993813436249, 74.57342377113339, 67.39250823130932, 57.98811607861524, 23.211447875914722, 21.613901330189464, 19.737007730198492, 21.718920478915383, 28.53392398700624, 24.746649076822283, 17.295132664996185, 13.270682860836551, 14.650789659221306, 19.401446903794984, 56.375815455050095, 63.73767945226015, 70.73664398720983, 80.06435724146037, 86.16973102873392, 85.26410657213883, 78.31690948490167, 70.20863913238408, 61.77922509205671, 55.145681244421105, 26.4649909220882, 31.182201507541894, 41.09200420197937, 42.15525138233083, 50.608271775341336, 59.25063008386224, 64.17662874047443, 64.81886126020014, 63.118552851126275, 54.29279652278894, 44.387524333158865, 42.320654610076886, 67.5877018028359, 62.31078010283804, 63.86368452079629, 68.65955123427678, 73.20497381936731, 78.73730480261496, 87.98201142260253, 91.58224447171209, 90.09660088349072, 87.54125181375997, 83.05611632155768, 76.81352225035538, 68.21618517865767, 67.5737998193345, 71.70600281942257, 76.56848433317379, 85.45962711379423, 83.22851486305156, 78.9784323690474, 75.3337258561642, 49.32691865368677, 57.966656126110145, 68.30408117433356, 77.58925784427072, 89.35308681428182, 105.50893742308172, 115.3040010107594, 117.81335464893775, 133.00570713057235, 127.79920030671889, 123.4967488806572, 116.43869129657416, 113.66607486306562, 109.02483698526744, 102.55549607659526], [16.58602430100128, 9.602041298816939, 0.0, 10.862919672984516, 8.488093981977167, 12.336541019347607, 18.517396029057384, 58.84984581783419, 66.0561314697029, 75.40010974786274, 83.48016874537619, 90.11114457654811, 82.88891671904393, 75.78789868723968, 66.33458806543281, 32.12623062316151, 28.986684434958303, 24.740564099780364, 21.222387186636336, 23.160662127170195, 19.03522704518538, 16.064368757218503, 18.42379830271036, 23.102596087679586, 28.795252040912686, 65.8238714963065, 73.09124087167832, 79.93086654462375, 88.89494236598372, 94.71404251914616, 93.80758241802235, 87.25920103320415, 79.38376173320162, 71.05551852472976, 64.55104218449283, 35.89498430867056, 39.289040955504355, 47.49062539345664, 45.911196611984145, 54.54984761157381, 64.17529892741902, 70.04325673523877, 70.97201537047688, 69.83875772523155, 61.92093400174837, 53.08444270498966, 51.68793703551663, 67.36990209187562, 63.86874241405392, 67.11173261491356, 72.71340272243678, 77.97687795296335, 83.73428218375216, 92.61261477069485, 95.41987358688172, 93.20472087909644, 89.93165367321281, 84.49826665571972, 77.23663354272351, 68.55638802991687, 70.27226629644102, 75.39425940751262, 80.83234561680288, 89.72569898027126, 86.77211063877795, 81.80084437923254, 77.1473586173239, 42.493321955042184, 50.218842918352486, 61.548559477828555, 71.96858815041142, 84.40522681750689, 101.48505202907458, 112.60234203794955, 118.33168168567441, 134.60161753352304, 131.2424680987001, 127.6020950857036, 121.16742600740334, 119.19854533277046, 115.40523976415311, 109.7917894370906], [25.647143708298966, 19.626273383888353, 10.862919672984516, 0.0, 9.648172574125898, 17.334450867137793, 24.287612627257097, 65.22716812481589, 72.93736593423684, 82.25007958082814, 89.80393890777893, 95.493450393071, 88.65996274524284, 81.74535982378964, 72.32238861471816, 42.675477743915586, 39.71235554576215, 35.060408515877555, 29.02208437243876, 25.137857247173514, 21.599123239289526, 24.226128056486576, 28.986148460381646, 33.74982022404153, 38.99695154514779, 74.66011137985372, 81.76371366205449, 88.27537704827263, 96.58094825699804, 101.57544365999036, 100.45639389670059, 94.77018765888077, 87.35078579359225, 79.17852711453571, 73.0451066750719, 44.70238568125352, 46.42919622041476, 53.004803354388656, 48.020978624548526, 56.647665057811686, 67.40854326829634, 73.9047990683683, 74.62024830049953, 73.80242203435726, 68.00398185468478, 60.266161371743095, 59.92887151942869, 64.05184661950531, 62.91767537871183, 68.02018170743604, 74.23158569429522, 79.947090374806, 85.53335371451215, 93.44993711076849, 95.49790439873365, 92.81601012883242, 88.93082868310589, 82.6982130291175, 74.3852191817304, 65.71995853693751, 70.28701554855898, 76.3661654521542, 82.02918297399023, 90.23354573692092, 86.82848691467252, 81.32746518154997, 75.74570576213783, 38.03550893701016, 40.67963978293886, 51.1740199135921, 62.2713500678979, 75.31634627050074, 93.00014484090703, 105.23933230750701, 114.49100370345117, 131.15337358553325, 129.82741378206302, 126.98412777457557, 121.39870697585872, 120.58417924912479, 118.30525337668783, 114.54138132692343], [18.72248926367185, 13.51809275880599, 8.488093981977167, 9.648172574125898, 0.0, 8.109935282284622, 16.021291947838197, 57.830680296785175, 65.71063187878353, 75.08648391098377, 82.87498958414567, 88.87037863936018, 81.43144579418063, 74.29839687013566, 64.90982354625662, 36.35007000174361, 34.853149236445205, 31.934916685679582, 29.68509313292739, 30.549877555406557, 26.515612474417523, 24.50108728349012, 25.376271448727646, 28.02921699647639, 32.10732936737783, 67.52880263000056, 74.88113942821427, 81.69453630333126, 90.57439752896049, 95.65982577144844, 94.29316162169832, 88.27215628751722, 80.49466049109118, 72.0495373876474, 65.75880843019547, 36.48035003641746, 37.113387785231495, 43.429089638230636, 39.42047139011036, 48.08445131015035, 58.42192035584779, 64.78542045590676, 65.77724601014734, 65.23450224840752, 58.57159743472321, 51.357553291463844, 51.93619069221728, 59.01709196812644, 56.07768578086122, 60.07940387897206, 66.03042683734822, 71.6456922690736, 77.50552805034403, 86.24260558946207, 88.45473444361443, 85.81935537554307, 82.24909164589535, 76.51228336140274, 68.98614006927943, 60.30233077526772, 62.8716873282353, 68.45389053102937, 74.1340249650091, 83.09669399095739, 79.63737987754378, 74.32804210483326, 69.29238118960193, 46.74888412570802, 49.23680872382216, 56.59706938372299, 65.5023296832082, 77.09436892671405, 93.90191364556898, 104.65829423903443, 110.12878381424851, 127.41639546466297, 125.11462090650828, 122.1394313934411, 116.62960770553028, 115.72718437019209, 113.6597315564617, 110.00079057515583], [12.883262779132346, 10.527971202671957, 12.336541019347607, 17.334450867137793, 8.109935282284622, 0.0, 8.398925059076193, 50.19442447570382, 58.10655015436457, 67.48857836875365, 75.39495311084738, 81.61045699575709, 73.87465677500659, 66.64360682365138, 57.28309817548403, 30.857799378857298, 31.067475366590955, 30.072964659755197, 31.24628869607157, 35.17419411657487, 31.17985627487422, 26.33909353194988, 23.599962736966916, 23.577613589612877, 26.030643724835578, 60.14247936747818, 67.56810662217987, 74.4746098779988, 83.59286393880176, 88.67467464587779, 87.16937106385673, 80.99569899108988, 73.07657209466014, 64.52834109854818, 58.23049516180755, 28.804482332520767, 29.114684644535203, 36.31821301666067, 33.87029981779297, 42.56918698553052, 52.362334136123465, 58.07527653914018, 58.821347457357874, 57.940080333116306, 50.84846118328603, 43.24956121644133, 44.09815292544505, 57.232961958320516, 52.65337581045725, 55.24862232325134, 60.588386962348366, 65.67974492206889, 71.40323120054458, 80.48933415870266, 83.28668381537511, 81.21041949842727, 78.22025147131744, 73.28084989623855, 66.6363927582655, 57.99112961460845, 58.494014008776944, 63.30662771512997, 68.55510759354127, 77.58872893715713, 74.64781983565993, 69.89591334298197, 65.69408195804826, 52.71530003104114, 55.6365205050709, 61.69270071816445, 69.27605882645146, 80.05088086640096, 95.89467233908056, 105.3416882222419, 107.79410941890691, 124.34306596856882, 120.6275909507393, 117.21973956269746, 111.37920456785112, 110.04954059366942, 107.71021604213763, 103.86699735298663], [9.695899977713724, 12.639340114497514, 18.517396029057384, 24.287612627257097, 16.021291947838197, 8.398925059076193, 0.0, 41.86633234040615, 49.79415559640458, 59.169306083786154, 67.01945593015607, 73.2582727741979, 65.58094435823361, 58.383945988944475, 48.99147508596929, 27.162926174323964, 29.344341905133497, 30.274997903618242, 34.035864897595836, 39.530833458435275, 35.878452887619375, 29.78102579413359, 24.468101645379214, 21.57549142661659, 21.73953014010979, 52.61379627025346, 59.90428156566338, 66.63618978386235, 75.56381724721412, 80.4198295060057, 78.83631060135785, 72.81418347635655, 65.03245861946046, 56.56190582844663, 50.485592323469746, 22.10777461414868, 23.151838556381865, 32.49552105015559, 31.68062161040913, 40.20230494413265, 49.377165680570556, 53.8350335239671, 53.615507041548675, 51.637126542040164, 45.13506625145032, 36.080390003576014, 36.44554500463652, 57.685626430757026, 52.064651721029854, 53.24188521570724, 57.62359120469131, 61.7214629824646, 66.76293428092221, 75.5047134561123, 79.28228326393122, 78.29250329418552, 76.10543618304635, 72.19387213813681, 66.39033201096507, 57.8457443649972, 56.6761515631484, 60.53637431094903, 64.83151668127505, 73.01599654056383, 71.2052813205319, 67.36897130124655, 64.2001198525263, 56.83156865768041, 60.041887805572905, 65.59721377143596, 72.40757065651223, 82.89061116029812, 97.71596472591132, 106.03706143422914, 106.4098008393573, 120.87073616944609, 115.42103451866119, 111.32724226058949, 104.8007234246977, 102.79398421687102, 99.85009061112024, 95.75486697874511], [43.094599090850465, 50.34881180501806, 58.84984581783419, 65.22716812481589, 57.830680296785175, 50.19442447570382, 41.86633234040615, 0.0, 9.040426040715891, 17.815646848490264, 25.390441978257034, 32.583016436327256, 24.289844893876246, 17.14512248914851, 7.920273892706614, 41.47511673325094, 49.32660784574425, 55.83821795616864, 65.56959648714918, 74.42520952597967, 71.89299066829011, 63.70529864714685, 54.24305597522088, 45.90698427034435, 38.807709705464376, 23.77590468884625, 27.800215653191398, 32.03046252154363, 39.20565559671563, 41.79039873171762, 39.05023808410292, 34.150234867093445, 27.75992199031224, 20.982453748695168, 19.490541786900284, 28.11031124361431, 29.73020957876332, 38.8319519391083, 46.028595839553915, 48.89194820243261, 50.565792705723275, 46.50464876399454, 40.881533014934575, 32.22402459130847, 32.03268077592811, 18.78223878284285, 15.625493544334915, 73.59336534181416, 64.38342395360702, 58.516883098294514, 56.780147836227016, 54.35042726356683, 54.4354695517834, 60.185537909297025, 69.03027803766669, 73.89269960614888, 76.26016718717179, 78.08546805734863, 77.50234484176092, 71.29578841066603, 62.1596365288644, 60.04799696565167, 58.335766730912184, 60.731600363721185, 65.40580523373848, 67.16555103743242, 69.89004653554217, 90.00033262822923, 93.63680103283447, 96.31613385551184, 99.27350326907116, 107.0617821009652, 116.54832100430984, 118.9737018343465, 107.79128960254661, 111.72355148098637, 96.67753225243538, 88.84166798071348, 78.74678589294466, 72.33653179990583, 65.56721013951243, 59.884917262599274], [49.94009790870742, 57.26641753615527, 66.0561314697029, 72.93736593423684, 65.71063187878353, 58.10655015436457, 49.79415559640458, 9.040426040715891, 0.0, 9.393773763381201, 18.040944979487772, 27.058352935336067, 19.27628980378382, 13.25823578748402, 8.502407027488863, 45.57670410552612, 53.446149464090325, 60.386232679805445, 70.73012286387676, 80.21402622894777, 77.93050620289367, 69.39676433265568, 59.64076841581055, 51.141039960806054, 43.864085406156775, 18.874093053321026, 20.73275465169281, 23.750952003824963, 30.57966904355196, 33.41793801711294, 30.7999748736369, 25.212556900151103, 18.984841696927816, 13.363777729475224, 14.758281482924968, 34.00528662315557, 36.98237648142504, 45.95909762725437, 54.43524815034958, 56.787155299454426, 57.25096532330882, 52.196107367107764, 46.43599431933876, 37.4761117009897, 37.01418669680494, 24.47203113416894, 18.914164504551557, 82.06706919215799, 72.52649766580667, 65.94382480449913, 63.524211411229196, 60.29169647862731, 59.688435688855186, 64.82260151159171, 74.3171325961157, 79.95643590681897, 82.94156833767863, 85.46673065579095, 85.51523880384283, 79.62156878598091, 69.67917766989333, 66.82505129660834, 64.41650860852778, 65.97517095050654, 71.53186914194512, 74.0335568167921, 77.44064084836837, 95.94997243252769, 101.02760400947477, 104.63024162249127, 107.80851557955883, 115.6760050276939, 124.78559965847285, 126.73135468961064, 114.32108270927269, 116.29160621223815, 99.31549786226904, 90.54564000094217, 79.37151163520424, 71.28426681638149, 62.08936089777812, 53.88257973220906], [59.26433137008718, 66.59205326154473, 75.40010974786274, 82.25007958082814, 75.08648391098377, 67.48857836875365, 59.169306083786154, 17.815646848490264, 9.393773763381201, 0.0, 9.415026233807001, 19.860631553067716, 13.085976341866317, 10.477630477986663, 13.383502593098154, 53.999412417943155, 61.8358776713396, 68.93714982065394, 79.47161223245449, 89.06034231686913, 86.90546107795763, 78.35428406924561, 68.54351355854801, 60.01695656127766, 52.695214695313666, 21.94278676686022, 20.377530312949137, 20.31269240263659, 24.678086227061474, 25.878479826807812, 22.63559518975998, 17.99794305745937, 14.248935436040124, 13.44168607398659, 18.78515551461816, 43.0280381876789, 45.64289792459836, 53.502776814048836, 62.175607603941444, 63.695190452488376, 62.99384212145265, 56.77247516328474, 50.465356444549606, 41.14629233115567, 42.35516253697871, 31.997934417834053, 27.244227516716144, 88.72430688100822, 79.05401765657156, 71.7584248922747, 68.43730181064616, 64.13342726364493, 62.428514308627676, 66.37624213702786, 76.54671044262193, 83.2148300165646, 86.98762428771815, 90.46482094056495, 91.36147486840052, 86.01237750833954, 75.31194418239575, 71.58595606334991, 68.13318035974203, 68.22741331664544, 74.93018510718514, 78.42426541544215, 82.71995275877661, 104.38154469976395, 109.43582732264481, 112.66886376268943, 115.3303064632829, 122.75124090133274, 130.93076238034598, 131.87364716182313, 117.60342918676974, 117.16572209872929, 98.19009588187645, 88.59727197040236, 76.650509165436, 67.25028309079993, 56.6046431629353, 47.51190258676263], [67.62599876434275, 74.92355626518292, 83.48016874537619, 89.80393890777893, 82.87498958414567, 75.39495311084738, 67.01945593015607, 25.390441978257034, 18.040944979487772, 9.415026233807001, 0.0, 11.097865995029176, 8.500303453551584, 12.23908208714465, 19.24037210078176, 63.156575148727384, 70.87018730156842, 77.79001688133916, 87.95801335315493, 96.97541934130128, 94.92789811854017, 86.8333681575298, 77.30532793976269, 68.92874791037521, 61.74111557733975, 30.460203717200024, 27.26694212948414, 24.530817465653485, 24.21365133266458, 21.212974957136232, 16.667597797700452, 17.071170632873894, 18.560275974703018, 21.476928682294613, 27.762135274708882, 52.025130911877284, 54.01472627871004, 60.985239446827514, 68.59703204502893, 69.54432527402939, 68.48451170787828, 61.491379609551856, 54.31392374750765, 44.532472086504185, 48.8161362599085, 40.1688227750125, 36.50139417869264, 92.98562681067733, 83.81927807493783, 76.38167533617649, 72.37783833929102, 67.12785668192261, 64.07588769048034, 66.03877747780956, 76.84931796128743, 84.67587596103807, 89.13472522845481, 93.42778791616597, 94.87812899048043, 90.03943361569131, 79.41805519889047, 75.16759363134747, 70.61639651436957, 68.53096895021697, 76.5420867639193, 80.98588790676364, 85.96153770037887, 111.02847408388872, 114.99105825682084, 117.27864229100408, 119.20853481626928, 126.15051675226395, 133.17537822520623, 133.1138425392293, 117.8503218928197, 114.26104964754352, 93.51796662934828, 83.13044913310598, 70.38895201706758, 59.88065560816177, 48.35742810895044, 40.15878890966934], [74.87111491009709, 82.04993813436249, 90.11114457654811, 95.493450393071, 88.87037863936018, 81.61045699575709, 73.2582727741979, 32.583016436327256, 27.058352935336067, 19.860631553067716, 11.097865995029176, 0.0, 10.719901191407782, 17.746961196679557, 25.53131558024, 72.36610252299789, 79.96345581693761, 86.50411629126273, 95.95161084316726, 103.93502466793454, 101.91995675293641, 94.58771814484328, 85.55507651102411, 77.43298404970123, 70.46953423507885, 41.38236236076912, 38.175017878588505, 34.69898145706866, 31.4312729496927, 24.454112764998733, 19.261032093611547, 25.19717447123707, 29.106951608310908, 32.46301547857783, 38.521317445346156, 60.45224178930509, 61.34492975927899, 67.25170280442393, 72.89843002720882, 73.31933726283413, 72.38012570857377, 64.93172144879662, 56.74081243703697, 46.607913241383905, 54.80856072089758, 47.8563033404775, 45.753582104411365, 94.00365402830057, 85.83063406717429, 78.6627071727987, 74.12496625560729, 68.04579634093392, 63.483608724576094, 62.811791075982235, 74.14167257899156, 83.17420328224617, 88.22783594902758, 93.245912139118, 95.09444381608148, 90.8403703554654, 80.90119826424446, 76.37015831469884, 70.69447869785773, 65.88290583171987, 75.26934187037193, 80.62414827479427, 86.13527214380508, 116.19954701501555, 117.95868818251395, 118.48710383700893, 119.29041953145722, 125.50248032784138, 131.06692301382185, 129.86569108553195, 114.07036632246682, 106.93647409104739, 84.73729379095013, 73.67548728436275, 60.27184007154043, 49.09462327081827, 38.15530211941985, 34.58294693622446], [67.34459296033732, 74.57342377113339, 82.88891671904393, 88.65996274524284, 81.43144579418063, 73.87465677500659, 65.58094435823361, 24.289844893876246, 19.27628980378382, 13.085976341866317, 8.500303453551584, 10.719901191407782, 0.0, 7.630930366283654, 16.69045971113151, 64.59519384124663, 72.55644084946668, 79.39200171411392, 89.3452499319612, 97.99319319825533, 95.67351361531436, 87.73456150767761, 78.25778329182933, 69.83134616977244, 62.554770878187604, 34.74980540067143, 33.0697140256551, 31.775538731562445, 32.6718574402097, 29.228990421766778, 24.328598081011, 25.37273677150908, 25.514466223531485, 26.346619414594237, 31.367385405325418, 51.818676857705846, 51.76816007181148, 57.09229400893766, 63.68849467370779, 63.91989141208826, 62.51867604147747, 55.11899280024167, 47.396442143740174, 37.46333384728424, 44.222184061847784, 37.73395808794002, 36.89909688249215, 86.50983136883228, 77.39262446009579, 69.73552721601206, 65.3148816766056, 59.61781139283179, 56.05207884446462, 57.63028212859942, 68.49934470912015, 76.55257110474285, 81.24260348014337, 85.90957590754039, 87.80786010525904, 83.3852882443318, 72.47886936173695, 67.89764291705671, 62.86296772288585, 60.22960955182165, 68.50183012532399, 73.29239260742837, 78.64148157029283, 111.90075899048253, 113.84627503048164, 114.12355420830308, 114.8788970791779, 120.86009764443415, 127.18618936356259, 126.3677024312795, 109.75498782914974, 106.75626065170455, 86.45343270498947, 76.61218417168224, 64.89290446386401, 55.90561918805195, 47.95882025861532, 44.591796211871376], [60.16692156622897, 67.39250823130932, 75.78789868723968, 81.74535982378964, 74.29839687013566, 66.64360682365138, 58.383945988944475, 17.14512248914851, 13.25823578748402, 10.477630477986663, 12.23908208714465, 17.746961196679557, 7.630930366283654, 0.0, 9.465977462555148, 57.61499569977422, 65.67138128295417, 72.52604757140377, 82.5639889370236, 91.41225128969035, 88.95506313752972, 80.81331452594175, 71.22584038200891, 62.7363434525795, 55.40095713412415, 30.11279627227181, 30.07017251086395, 30.689037043772245, 34.27416901983921, 33.133658238854096, 28.830109955991254, 27.177344884183167, 24.514564802996343, 22.69929786329881, 26.265182393964032, 44.399981759783735, 44.14441063611721, 49.814255246264125, 56.82667492924609, 57.444157241312126, 56.45720567056816, 49.64047761258936, 42.35750495450304, 32.504306219944134, 37.652760278959924, 30.20652933556376, 29.743632587423313, 81.11517204700685, 71.65679403542752, 64.14891824522391, 60.26027724031091, 55.30223365003807, 52.799149605880885, 56.02464957129042, 66.36359907154478, 73.46482642355778, 77.57091554387299, 81.56220381399596, 82.98384181725724, 78.14883876701872, 67.23770646739169, 63.10484660837823, 58.91689263191189, 58.02812823999197, 65.22720303840707, 69.23406929731767, 74.0261550494472, 106.07495572676247, 108.29546017793942, 108.87063095440813, 109.99252747881589, 116.23293027386458, 123.39823585020463, 123.33547616779497, 107.59127148129666, 107.29229119594787, 88.70235188887597, 79.6603814908848, 68.76896788184736, 60.976049297405275, 54.050678824736295, 50.26204779763879], [50.78099011329475, 57.98811607861524, 66.33458806543281, 72.32238861471816, 64.90982354625662, 57.28309817548403, 48.99147508596929, 7.920273892706614, 8.502407027488863, 13.383502593098154, 19.24037210078176, 25.53131558024, 16.69045971113151, 9.465977462555148, 0.0, 49.19108698558646, 57.13287251554749, 63.733582017259586, 73.47131341390384, 82.13512824817897, 79.61678856960327, 71.58114704513763, 62.150619132177184, 53.79027422067314, 46.61850749802619, 26.7922772669417, 28.97864007274817, 31.61512951089141, 37.200953264242756, 37.99546788539636, 34.491716975205335, 31.121897265546405, 26.260775206283398, 21.460180740627653, 22.49109771198618, 35.63889280914157, 35.85966640727859, 42.98897528961949, 49.75238646854286, 51.47081476397445, 51.97748318466897, 46.54443249804051, 39.862148633283454, 30.278981349939055, 33.39817200130965, 23.19095886078051, 22.162319009737992, 75.50671984713502, 66.24500135732214, 59.6207440971802, 56.830124375085106, 53.15524331870132, 51.95699950847048, 56.488600772355916, 66.08870971609961, 72.045247471844, 75.22675927946817, 78.0788663444051, 78.41906191867525, 72.85678938846556, 62.93214406595456, 59.87325386944707, 56.92190092677391, 57.67241722851612, 63.5921652330703, 66.42846230072313, 70.1424753418795, 97.04329955064976, 99.56666077640588, 100.89934564675974, 102.81173622454035, 109.78052760148026, 118.08680835786596, 119.28920146192172, 106.02168642696273, 108.01703390942555, 91.48572923051749, 83.17821591787327, 72.81522311269111, 66.01921938503311, 59.589017635128464, 55.26712544962547], [18.999679682128885, 23.211447875914722, 32.12623062316151, 42.675477743915586, 36.35007000174361, 30.857799378857298, 27.162926174323964, 41.47511673325094, 45.57670410552612, 53.999412417943155, 63.156575148727384, 72.36610252299789, 64.59519384124663, 57.61499569977422, 49.19108698558646, 0.0, 8.580338680770945, 16.542601051256153, 29.23709090444441, 42.60672195652296, 40.0349871930426, 28.589898051678507, 17.424188941443013, 9.2065114772172, 5.652508178859895, 38.11978483584865, 45.4963675464398, 53.08701913374179, 63.8221717616679, 71.93668445211682, 71.70765536308812, 62.73560051577771, 53.79469186462059, 45.51083411359668, 38.229643198499325, 16.388204046692397, 27.785949584301953, 40.756496514949234, 49.86710629837933, 56.547148177875115, 61.23268737262598, 63.40564916109607, 63.842741850680426, 60.88128710831621, 48.27528398429265, 35.41525809745006, 28.605535023452436, 81.32803314296798, 72.65644734627276, 70.28887394522646, 72.95064388693612, 75.6166760538399, 80.58472555883176, 90.74944183750235, 96.11407788180169, 96.16527405491279, 95.23621067168517, 92.8377231687511, 88.96973821236375, 80.99606661333989, 75.25374244559525, 76.81651513671673, 80.3011258284899, 89.26914847320207, 88.6748455463203, 86.14850558087053, 84.81700051778735, 65.68668244250853, 79.1501338407527, 90.49130241002811, 99.00222173569168, 109.99173814406531, 124.83439945554828, 132.59866557914822, 129.10738826086876, 142.00381475631755, 132.45778338142776, 126.39535732530754, 117.48776641059607, 112.0306902309222, 103.79515681746028, 92.97439524430632], [19.94591679162743, 21.613901330189464, 28.986684434958303, 39.71235554576215, 34.853149236445205, 31.067475366590955, 29.344341905133497, 49.32660784574425, 53.446149464090325, 61.8358776713396, 70.87018730156842, 79.96345581693761, 72.55644084946668, 65.67138128295417, 57.13287251554749, 8.580338680770945, 0.0, 8.362494749944, 21.575224379770557, 35.75769822035062, 33.46623498582404, 21.754860857067783, 11.382054160801156, 7.7777776454837015, 11.826377285769215, 45.56426292380952, 52.599424706100294, 59.919359300017135, 70.2517649621927, 78.58625958893563, 78.67598589968476, 69.77156742448156, 61.085531978117395, 53.113183379739816, 45.97771397439062, 24.229077029710584, 34.80433771943793, 47.10240122128408, 54.88925933195464, 62.070644075678224, 67.5277943265619, 70.50475031420557, 71.28711275893528, 68.64542153642932, 56.13185590007676, 43.740819879731355, 37.031367151094415, 85.0510772856142, 77.23239071338064, 75.8884099782853, 79.20284955051807, 82.45940845942678, 87.7273406365672, 97.85462977508004, 102.84138516905494, 102.41082661401106, 100.98911643695165, 97.90199410115434, 93.30251125630845, 85.10196303617815, 80.6960448474896, 82.953268764148, 86.95887217413558, 96.14499982868209, 95.08566363315461, 92.02376404710182, 89.99002744087673, 59.80466060037684, 75.61148466505492, 89.13503826671926, 98.94856061030177, 110.74583994930943, 126.45681998685585, 135.34089105738735, 134.15561341794273, 147.6635709175744, 138.9914849025481, 133.1016801158039, 124.19226386973358, 118.80617106952482, 110.27640451480255, 98.93807806957358], [20.798780380171237, 19.737007730198492, 24.740564099780364, 35.060408515877555, 31.934916685679582, 30.072964659755197, 30.274997903618242, 55.83821795616864, 60.386232679805445, 68.93714982065394, 77.79001688133916, 86.50411629126273, 79.39200171411392, 72.52604757140377, 63.733582017259586, 16.542601051256153, 8.362494749944, 0.0, 13.315018347783262, 27.86744924509534, 25.74692489950266, 14.106302565332173, 6.591637811244636, 11.132909050303477, 18.25557246298223, 53.32786853085567, 60.196125344866516, 67.25523698066856, 77.07832088210539, 85.20250015792745, 85.39126630474676, 76.87179331751933, 68.47969011423943, 60.64067881099183, 53.66421132150399, 30.78310424805361, 40.417311647973655, 52.10518583892717, 58.00702475894985, 65.69970253480358, 72.17151076963101, 75.95633160837271, 76.88743345072159, 74.51034245071195, 62.65836754338169, 50.69294871204819, 44.4971076288518, 86.28449179759295, 79.58691125492264, 79.44659453031684, 83.42980793508352, 87.26369183597738, 92.73308778278252, 102.6215344805893, 107.171727103703, 106.28225917687652, 104.33973051482073, 100.53868237076581, 95.12532696621199, 86.71618480366446, 83.9443860806962, 86.98032279749997, 91.4450544234988, 100.64214624038264, 99.13545797863749, 95.53374904673167, 92.74713817486762, 52.56520280403608, 69.84686910448903, 85.0859035223057, 96.02322345133645, 108.54338232652194, 125.00087360733484, 134.97046415137498, 136.36571778458878, 150.40260662531705, 142.8919276428973, 137.32926299239162, 128.62605301311328, 123.62715459755725, 115.36181422264056, 104.30998669534954], [26.100590516896908, 21.718920478915383, 21.222387186636336, 29.02208437243876, 29.68509313292739, 31.24628869607157, 34.035864897595836, 65.56959648714918, 70.73012286387676, 79.47161223245449, 87.95801335315493, 95.95161084316726, 89.3452499319612, 82.5639889370236, 73.47131341390384, 29.23709090444441, 21.575224379770557, 13.315018347783262, 0.0, 14.979553015792895, 13.385920327361099, 5.266188977484382, 13.048618733155667, 21.80482386090532, 29.64412829998558, 65.26797639051394, 71.91793431843428, 78.56517502355308, 87.5442568831111, 95.12511834600497, 95.37309847680287, 87.60493795993129, 79.71352811153496, 72.06275564972069, 65.3761158020145, 41.46099489888588, 49.78622214328838, 60.57308644225503, 63.45925927912432, 71.7359929490017, 79.67760812183239, 84.44904837495133, 85.36132942831306, 83.22051729300534, 72.80949650020438, 61.36013376989134, 55.859651543221624, 88.09522796056378, 83.3808406034675, 85.08928553045199, 89.942417343594, 94.47488272762529, 100.03761800798574, 109.27865552098224, 113.21563815097348, 111.782199454898, 109.1227818354982, 104.33286670973432, 97.70318490645062, 89.07610603737315, 88.96811566457514, 93.11383132505652, 98.07366750443668, 106.93814834733885, 104.92206802700224, 100.62949920754814, 96.7747186117115, 40.45939671530808, 59.86476090851572, 77.83557176457316, 90.52148807953101, 104.1671583939293, 121.60593380108145, 133.21761680912144, 138.85929133082453, 153.27482361715084, 147.5906025403598, 142.55452015925158, 134.21941227588175, 129.90299122273032, 122.2438349885169, 112.003702099666], [34.192917699111156, 28.53392398700624, 23.160662127170195, 25.137857247173514, 30.549877555406557, 35.17419411657487, 39.530833458435275, 74.42520952597967, 80.21402622894777, 89.06034231686913, 96.97541934130128, 103.93502466793454, 97.99319319825533, 91.41225128969035, 82.13512824817897, 42.60672195652296, 35.75769822035062, 27.86744924509534, 14.979553015792895, 0.0, 4.341296544200707, 15.076016431216766, 25.894042571551108, 34.33083399557016, 41.887592655593444, 77.04861321541009, 83.45923643994185, 89.60003465524674, 97.53160369628573, 104.17823943209228, 104.35161574073301, 97.67054214979755, 90.43660498334086, 83.01342835441902, 76.75865319602408, 52.414315005656235, 59.45788332075653, 69.42802460224071, 68.99965411709725, 77.65547611671607, 87.0588652248884, 92.50933576082869, 93.02135158742573, 90.87543251735818, 82.6808533021764, 71.65034302769855, 66.8829764007133, 88.91266957960471, 86.6262692059573, 90.23653672427952, 95.75827943285441, 100.73221100194888, 106.04664419494985, 114.1322457747387, 117.52815924696404, 115.80925600277304, 112.54939613909589, 106.92475117600868, 99.09266720686219, 90.37957781387266, 93.2548849299362, 98.4251938238279, 103.56610206508971, 111.49736443153893, 109.25135852358423, 104.46828684898227, 99.65381675321649, 26.00614024467264, 46.933353476578915, 67.85125812748463, 82.35020388932394, 97.21990738718142, 115.35037669953954, 128.56849962348497, 139.03511270922547, 153.0225583760371, 149.2906210157487, 144.84173007552226, 136.9780659693425, 133.53667241303316, 126.86882560929651, 118.12512107637603], [30.76691803099215, 24.746649076822283, 19.03522704518538, 21.599123239289526, 26.515612474417523, 31.17985627487422, 35.878452887619375, 71.89299066829011, 77.93050620289367, 86.90546107795763, 94.92789811854017, 101.91995675293641, 95.67351361531436, 88.95506313752972, 79.61678856960327, 40.0349871930426, 33.46623498582404, 25.74692489950266, 13.385920327361099, 4.341296544200707, 0.0, 12.115042870315605, 22.99806349935912, 31.439177250986724, 38.999697369302766, 75.05573440636255, 81.68497378416666, 88.03431512639357, 96.279887612425, 102.88371029670125, 102.87133917451304, 96.10146285201503, 88.66167136915679, 81.01554080873643, 74.63232167357226, 49.29323679237575, 55.80817541136948, 65.4279204607335, 64.92673073496746, 73.55618794884913, 82.94227888469199, 88.53767048564103, 89.24111769297004, 87.36392493107711, 78.98825048847674, 68.3830883321625, 64.1711740160148, 85.09157468935388, 82.57478389149276, 86.1387659874989, 91.72192243884301, 96.81574031522624, 102.29552652977547, 110.63837768307155, 113.8660789957119, 111.95983261642073, 108.64697497053069, 102.99428703141992, 95.2462599858267, 86.54835187782372, 89.216538061437, 94.40498353340698, 99.68272401822064, 107.93385949062039, 105.46110399830067, 100.58034743880118, 95.7460438876967, 28.884944629209954, 47.278615032150284, 66.62737813812039, 80.50626223991401, 94.95413178031025, 113.01753794839597, 125.9405996225687, 135.57070991321234, 150.25080804724948, 146.67052928155854, 142.4041630866868, 134.83403069513082, 131.6725300755899, 125.51810678656686, 117.26091505593298], [22.54099785743384, 17.295132664996185, 16.064368757218503, 24.226128056486576, 24.50108728349012, 26.33909353194988, 29.78102579413359, 63.70529864714685, 69.39676433265568, 78.35428406924561, 86.8333681575298, 94.58771814484328, 87.73456150767761, 80.81331452594175, 71.58114704513763, 28.589898051678507, 21.754860857067783, 14.106302565332173, 5.266188977484382, 15.076016431216766, 12.115042870315605, 0.0, 11.283621832210219, 20.21004279348656, 28.074075961601483, 65.0500903895676, 71.95337653827832, 78.75134640863644, 87.86989579376014, 95.09852678655622, 95.05228656569813, 87.47970251659713, 79.48674005940016, 71.5760995069313, 64.8301976505768, 39.23953757069991, 46.54406110323153, 56.776798218604696, 58.86406642124934, 67.21322742472302, 75.47718538036254, 80.56309682472305, 81.59139054870187, 79.76638931837417, 69.67270435369072, 58.844340254207026, 54.32262515787902, 82.95602554422537, 78.42334988408749, 80.4384070061223, 85.49100981656309, 90.2463235531999, 95.94054523022868, 105.22732669768843, 108.85904901520796, 107.16829145341126, 104.3397556765402, 99.37424238055118, 92.6223198858424, 83.99666656755788, 84.20912905092106, 88.57706219690954, 93.71788676001657, 102.74180401597245, 100.42687625804716, 95.93497059293314, 91.88329180799957, 40.42561695034085, 57.350592659335526, 73.92209872673997, 86.11710870086218, 99.44634857989986, 116.84757334779094, 128.35628534576455, 133.91455629538908, 148.9921086291452, 143.89670287038837, 139.2176849906619, 131.36589005140345, 127.6237287874048, 120.90734068301393, 111.75383528928688], [15.41104722138395, 13.270682860836551, 18.42379830271036, 28.986148460381646, 25.376271448727646, 23.599962736966916, 24.468101645379214, 54.24305597522088, 59.64076841581055, 68.54351355854801, 77.30532793976269, 85.55507651102411, 78.25778329182933, 71.22584038200891, 62.150619132177184, 17.424188941443013, 11.382054160801156, 6.591637811244636, 13.048618733155667, 25.894042571551108, 22.99806349935912, 11.283621832210219, 0.0, 9.092185719590697, 17.0371267230769, 54.54138672767028, 61.68165466694823, 68.80776578036107, 78.5593862426141, 86.06413301788132, 85.8866173448805, 77.82759536567318, 69.44870212019256, 61.31716804843828, 54.34914889764741, 28.75190152810026, 37.059769080862615, 48.25374078763069, 52.752034556098074, 60.708028522067835, 67.88082423953995, 72.14545961012591, 73.09667607616451, 71.02094194983545, 59.916042387885675, 48.593572607408696, 43.726012485388615, 80.13339854165866, 73.89800358118984, 74.34784288928508, 78.66527886818118, 82.81778179098875, 88.39898322255542, 98.17429850986822, 102.3532421284313, 101.17405079456687, 98.9710384837909, 94.87022853950633, 89.14459705848269, 80.67175308746208, 78.62411346712439, 82.06662839822901, 86.75567781023732, 95.98598756981895, 94.14607969959773, 90.25910106362453, 87.12788119793711, 50.26553332951224, 65.1929381855424, 79.17720744437334, 89.73475824429555, 102.05890160608242, 118.52449573110276, 128.5497821401923, 130.4579461431035, 145.08416704160288, 138.44688434241692, 133.3376910568132, 125.20461295963436, 120.96667450743924, 113.9069670335108, 104.34907728881596], [12.248849759086811, 14.650789659221306, 23.102596087679586, 33.74982022404153, 28.02921699647639, 23.577613589612877, 21.57549142661659, 45.90698427034435, 51.141039960806054, 60.01695656127766, 68.92874791037521, 77.43298404970123, 69.83134616977244, 62.7363434525795, 53.79027422067314, 9.2065114772172, 7.7777776454837015, 11.132909050303477, 21.80482386090532, 34.33083399557016, 31.439177250986724, 20.21004279348656, 9.092185719590697, 0.0, 7.947551541381157, 45.98946315994242, 53.33616150671378, 60.672624240303456, 70.81088403257344, 78.30587412772509, 77.93816129740351, 69.67638490888652, 61.064233463152206, 52.73780000674166, 45.65771605150461, 19.989948008503802, 29.462161719352807, 41.732510340652844, 48.058868926277526, 55.58167780509006, 61.86788433925809, 65.24665814224213, 65.86464089142741, 63.37995648700291, 51.91509948470142, 39.93670201785503, 34.74578352815582, 77.60503711216336, 70.1978677757727, 69.37358172163952, 72.9593835763696, 76.45196945614121, 81.73868660593845, 91.64790040118129, 96.35483944002556, 95.7608250168192, 94.1464256946865, 90.84883444699256, 85.97612291656591, 77.69093721805048, 73.9356609824703, 76.55853808175334, 80.68385353559579, 89.74700302607425, 88.47842792402874, 85.21211446534524, 82.91085655881577, 57.550152423317094, 70.59668046185362, 82.491188906842, 91.7091247855318, 103.23472450015086, 118.78632513301905, 127.568834598972, 126.74715735391183, 140.5722563188073, 132.6826650586812, 127.22310300964124, 118.87482530541283, 114.29641526753069, 107.11537223718223, 97.55600297504446], [14.22156803893196, 19.401446903794984, 28.795252040912686, 38.99695154514779, 32.10732936737783, 26.030643724835578, 21.73953014010979, 38.807709705464376, 43.864085406156775, 52.695214695313666, 61.74111557733975, 70.46953423507885, 62.554770878187604, 55.40095713412415, 46.61850749802619, 5.652508178859895, 11.826377285769215, 18.25557246298223, 29.64412829998558, 41.887592655593444, 38.999697369302766, 28.074075961601483, 17.0371267230769, 7.947551541381157, 0.0, 38.79572745330188, 46.357177224853864, 53.89276385117855, 64.39172695589151, 71.81120451727492, 71.22782636555425, 62.80543193754046, 53.97322816583663, 45.44286271884708, 38.26228984079094, 12.583913251718919, 23.517086460933463, 36.75688734986208, 44.8323234052863, 51.77243316068731, 57.09350912251919, 59.52991986448513, 59.78225965769061, 56.87956574369018, 45.136284765620175, 32.459231015140666, 26.92781615529061, 75.95568439450302, 67.55595578364122, 65.52728463567283, 68.36117184706396, 71.17151600878742, 76.12883876400358, 86.11494893281296, 91.30976629660334, 91.28049264681894, 90.23251090001038, 87.70964993132114, 83.66068577243153, 75.62412419245553, 70.31156870231966, 72.12078885771865, 75.6599292228296, 84.49992481487782, 83.79222419776595, 81.14291439964589, 79.64563851516496, 64.21274993377617, 75.7188030734018, 85.83294266552836, 93.86118736607652, 104.62773696028857, 119.3054709585854, 126.95971861562256, 123.70042726680283, 136.75498586062986, 127.74691966988091, 121.98521954781138, 113.47412428786596, 108.61069637282009, 101.38381132982887, 91.92321453899945], [49.42150117679302, 56.375815455050095, 65.8238714963065, 74.66011137985372, 67.52880263000056, 60.14247936747818, 52.61379627025346, 23.77590468884625, 18.874093053321026, 21.94278676686022, 30.460203717200024, 41.38236236076912, 34.74980540067143, 30.11279627227181, 26.7922772669417, 38.11978483584865, 45.56426292380952, 53.32786853085567, 65.26797639051394, 77.04861321541009, 75.05573440636255, 65.0500903895676, 54.54138672767028, 45.98946315994242, 38.79572745330188, 0.0, 7.983927571993937, 16.16459012326827, 28.368925981656286, 36.90997951663202, 36.613440969528405, 26.115569345447284, 16.472537582181804, 9.083627122916099, 4.389519432318872, 32.33681250008755, 39.48199622606366, 50.22144285342437, 62.27846556198963, 65.34701979040995, 65.16984831947954, 61.166540979655814, 57.86253557396337, 50.89701187696354, 43.167759826899385, 29.371193373125802, 18.301954916