{
	"dissimilarities": [[0.0, 8.986704062474187, 15.80063156055153, 24.48075994404177, 18.18743587273748, 11.851714969322627, 7.429413342425498, 41.06056299884075, 47.82205365775829, 58.33763400869459, 65.41715429442456, 72.18263912601235, 65.84027938805792, 58.76616562098186, 49.370093866666714, 16.37334303781625, 17.98004400048234, 19.653247441675283, 27.66873155333302, 35.32043556583404, 31.914396358726474, 24.39602411076086, 15.251651750469689, 9.545336801747386, 10.204798253311525, 46.86148923412179, 53.93067802134033, 61.77301927145116, 70.3462598898391, 76.92857795599843, 75.78736722667945, 68.70035320648935, 60.533851701659195, 52.03306656995889, 46.3226693541837, 18.095804853537434, 27.532584936359353, 37.28187203018027, 37.92080985378398, 46.92982796919204, 53.27839964608851, 58.97925959769723, 59.48505543347625, 56.30477810545883, 49.76567621828782, 39.497886530172444, 35.10244701965971, 64.85755450431685, 62.46914962167886, 61.27876712371757, 66.64638180153995, 68.24072233213055, 73.38346478351515, 80.33104420696958, 80.31040898000509, 79.09149196055077, 77.80930945384388, 73.08442981104373, 69.47347362705025, 64.95037491909873, 65.0559551886813, 68.80141320243156, 72.71425060158272, 78.82959745691578, 74.25552870233649, 69.54183328122286, 65.93448862914164, 56.4881042388405, 63.02468838192465, 72.55121366452339, 82.31510200462033, 90.6682471871191, 102.3515479437069, 105.4871229522456, 106.099276818364, 111.96674724499758, 120.02099733086465, 114.1467110256072, 105.18081537423534, 102.97012415910386, 96.82591063519085, 94.66206934569311], [8.986704062474187, 0.0, 8.417829670812004, 19.06800184933329, 14.695985103870445, 11.772016351114452, 13.612474744147589, 49.66298383821194, 56.10322896229205, 66.39171502340618, 73.67316578649763, 80.76067400254092, 74.44478672515284, 67.36136582205707, 58.00802589930025, 18.33983407815774, 15.786084758745313, 13.43484282176379, 19.949018942734053, 28.378073005738457, 24.62743938075534, 16.01963179742815, 7.38048834814303, 8.679457903770318, 14.75977893574135, 53.669297433612705, 60.835259715867195, 68.8556144950556, 77.52728129232482, 84.52904081251658, 83.64298266652239, 76.27430252060265, 68.01498515287217, 59.59689145846328, 53.69154434589508, 24.82969627583187, 33.54493661186752, 42.352372746028365, 42.95608870778733, 52.0146928693362, 58.60236700987547, 65.14712579770611, 66.48741271148998, 63.99857236911221, 56.379209896106, 46.862010190560326, 42.71725056686145, 68.43466220879327, 66.63571058055386, 66.33383619810704, 72.25059581007687, 74.55032924056624, 80.25846334055827, 87.84088288479965, 87.12542506193708, 85.32487693304587, 83.42849120781061, 77.88758958409908, 73.75028757756515, 68.86542917015353, 69.89267111649906, 74.43160828372046, 79.17136329549412, 86.07071182673779, 80.70069164241383, 75.18096166036433, 70.77451921715576, 51.499838890076326, 60.37234161370905, 72.05635918782598, 83.16468947338574, 91.88302866073718, 104.69490533799606, 109.07432924647772, 111.39606931681797, 119.12549172815818, 128.1040642672325, 122.60216014060057, 113.90893074826057, 111.8331150441875, 105.45874884650162, 102.51181893735723], [15.80063156055153, 8.417829670812004, 0.0, 11.111127781172934, 9.620027758281626, 11.989800079780188, 17.755560415825652, 56.80531275477263, 63.577540194754484, 74.04241922887319, 81.12827033357328, 87.75400034391805, 81.55119728992256, 74.5041574846723, 65.09267765955681, 26.597428518008176, 22.884026280744912, 17.499794351850568, 17.653143610417978, 22.666256168146628, 18.440380396801476, 12.6628446359219, 11.118820592472384, 16.921938347536607, 23.135924817424804, 61.89741073650464, 69.01156101161438, 76.91010890875691, 85.31268415094273, 92.00618247582422, 91.14127838934432, 84.09276394719268, 75.97014115079153, 67.55290727591789, 61.74884693815094, 32.79020024575202, 39.953539582195724, 47.35158880569902, 45.476835168802644, 54.36634307784923, 62.10262392534726, 69.44489840646936, 71.06765341286587, 69.39322983168584, 62.57533211650154, 53.967420646935075, 50.62692318027634, 67.88368510363674, 67.23140045928325, 68.69641231535913, 75.10498129892521, 78.14491684442204, 83.96219734589782, 91.57674573389065, 90.27930065838848, 88.00156287895479, 85.36071979803738, 79.02682706942367, 74.00611210589845, 68.72529251876391, 71.34844522696044, 77.00748934516224, 82.45774814025897, 89.58738105878163, 83.81857411498838, 77.66225391152554, 72.14549385582276, 45.72726895702114, 53.5853104231133, 65.93080156182347, 77.9254742219339, 87.03591600291607, 100.77759499827526, 106.53739141026617, 111.75736866849063, 121.08607429123695, 130.85079950943842, 126.0627695674982, 118.01371254834727, 116.58724716084289, 111.10567406815899, 108.86659500454009], [24.48075994404177, 19.06800184933329, 11.111127781172934, 0.0, 10.371158043350311, 17.334536544707213, 24.177027947817773, 64.0337978473313, 71.17241158795987, 81.85884646577439, 88.50524457623858, 94.22985732738086, 88.35212471405966, 81.49431469611179, 72.07997973607297, 37.37255700411559, 33.714435219895364, 27.39876989816506, 22.12470228105106, 19.665937335339347, 15.795056226308947, 17.8890914676479, 21.63913923982312, 27.647774821175553, 33.303407539312275, 71.13441992066305, 78.0620212291927, 85.61241227956512, 93.41502335939029, 99.398822564887, 98.52894479703964, 92.18480296806204, 84.41204611498702, 76.06026737353358, 70.54530794821048, 42.25298592403917, 48.24052873323439, 54.35159660117746, 49.05000274385272, 57.45172452506601, 66.68672547572436, 74.56900421723437, 76.01596308513665, 75.05018404350172, 70.07797404146254, 62.1832528959361, 59.415514673651934, 66.86304441057445, 67.83948100279137, 71.61228055342646, 78.34476977196455, 82.01343403851969, 87.52060902905716, 94.59391823159136, 92.93151448453631, 90.34881259824442, 86.95908970837912, 79.96009211108668, 73.83322022147227, 68.1801300560627, 72.8838633034904, 79.75661522284436, 85.68270425889841, 92.49044229037044, 86.76560738507779, 80.24222261522125, 73.5231129416353, 38.97602959104462, 43.11855603741679, 55.81140891791808, 68.94120732026894, 78.83467292673458, 93.57615951677452, 101.16188025559958, 110.62408187046175, 121.0878793978111, 131.1721495854169, 127.25836391753498, 120.00234793833248, 119.33094164899795, 115.12792152289494, 114.17310793427315], [18.18743587273748, 14.695985103870445, 9.620027758281626, 10.371158043350311, 0.0, 7.900743126614236, 15.92174713062263, 56.60693020836428, 64.3387973295095, 75.15033084280343, 81.84339058891352, 87.71167777993749, 81.25857834696706, 74.10654073737922, 64.74795794530988, 32.02782496938108, 30.269490948561476, 26.522640310984993, 26.78503939784883, 28.675864531411634, 24.467118878827172, 21.728373700454828, 19.885441767059064, 22.930920564393684, 27.205103201037193, 64.65699417173799, 71.76239517081464, 79.58417628628457, 88.05302924671402, 94.12740746724027, 92.78391089105651, 86.12198608940467, 78.02627752873524, 69.43026548653481, 63.83096426019687, 34.576541032116, 38.59836059478524, 44.08032762485966, 39.01139218093958, 47.5644305591309, 56.45023102503184, 64.34508172327855, 66.04694868420036, 65.35569597924248, 60.101350324528795, 53.00988625256801, 51.85306783957514, 58.97048056952512, 58.992705932905885, 61.79855874221046, 68.47353618554527, 72.06833497045294, 77.8313571124661, 85.41644250323506, 83.56157184488718, 80.92729922734445, 77.7563757038096, 70.99312951521077, 65.44251095370221, 59.99167533815985, 63.61402875894776, 70.06007497221047, 75.97586073663311, 83.2098847384556, 77.15749015059038, 70.61168239140603, 64.32866129212076, 49.02435576792521, 50.87345730697969, 59.31063001987343, 69.80856740287707, 78.17078390276565, 91.61307394836747, 97.13654152501965, 103.01089939623967, 113.48550650861766, 124.46304043902033, 120.49304594960448, 113.42765095528104, 113.34321928805709, 110.0643855613597, 110.11832171910505], [11.851714969322627, 11.772016351114452, 11.989800079780188, 17.334536544707213, 7.900743126614236, 0.0, 8.384606416958992, 48.997296126168884, 56.815110534231266, 67.61608206163645, 74.36978061379996, 80.44049312937824, 73.78511914034473, 66.53694635158318, 57.19740173258887, 26.28292035729656, 26.337261837594752, 25.07157815523008, 29.191188764610597, 33.6971485851886, 29.61926699487638, 24.433371526145898, 18.673848338434183, 18.19180141416949, 20.778219253829477, 57.20997120281607, 64.33847151031571, 72.22324581376412, 80.93755812352599, 87.08805686100777, 85.57647191680772, 78.74922395569693, 70.54425067784534, 61.88655640757592, 56.276123817944324, 27.001818580202354, 31.067380235882908, 37.438569647422426, 33.84806814496919, 42.7531907884486, 50.88841133726154, 58.182823396407166, 59.59101652541407, 58.31570233979319, 52.74984340596693, 45.1766074250928, 44.091096576069084, 57.16624391432719, 56.02567398027355, 57.21414901513564, 63.48688255761942, 66.45280698302903, 72.1160204277507, 79.69213912683745, 78.3178328295669, 76.10156412460012, 73.59155057196168, 67.56180772650333, 62.83195507333969, 57.75536919190065, 59.83537454422921, 65.30274157540286, 70.60669390020831, 77.65128251393655, 71.9297221786245, 65.93370188424122, 60.63001348424245, 54.549034920739444, 56.88951795712287, 64.16644708310172, 73.42190180311161, 81.21578954659273, 93.5382283563334, 97.49822478047646, 100.39131291103168, 109.40614164514973, 119.8541363094416, 115.32910525669978, 107.82130138476259, 107.42410791746423, 103.84549850808102, 103.86556694331566], [7.429413342425498, 13.612474744147589, 17.755560415825652, 24.177027947817773, 15.92174713062263, 8.384606416958992, 0.0, 40.71395985828543, 48.48986852921432, 59.320367202656605, 66.0162282491616, 72.08143657403691, 65.47493494101067, 58.27366292569634, 48.90635472882436, 22.407865187861784, 24.813199988970126, 26.163784464242514, 32.788016518989465, 38.55946157081908, 34.89504172038823, 28.826486078497513, 20.845528603621716, 16.331885038518642, 15.875755302940837, 49.51133351940797, 56.50961741405441, 64.2323924879795, 72.8369144548524, 78.83505088400244, 77.25179938079036, 70.53049954519763, 62.415322549174235, 53.785809761422705, 48.313884221455666, 20.192385971204573, 25.66917392727842, 33.74688780640268, 31.638282587878344, 40.62158714135288, 47.95452723399709, 54.120725703449885, 54.65045152002873, 52.26426853554701, 47.11535980804146, 38.250199708953836, 36.26775669937998, 57.61522189748194, 55.52091050494119, 55.12975916628319, 60.701806870230754, 62.689652251440435, 67.81358337939984, 74.79152297711279, 74.35457251082947, 72.88540522848969, 71.25142409175085, 66.2710140565898, 62.35833455495207, 57.75712383463227, 58.3749354069002, 62.639160884532686, 66.88429192026551, 73.1102070757122, 68.30410625696916, 63.30973216810315, 59.20499590987761, 58.68510523026194, 61.38396515699742, 68.09315823553885, 76.55801806796372, 84.24808623007557, 95.50731676594489, 98.23641194606594, 98.95355193004575, 105.59348687923304, 114.6465248471916, 109.39329097307542, 101.20204488813852, 100.1375026832873, 95.91383773235584, 95.78436521989121], [41.06056299884075, 49.66298383821194, 56.80531275477263, 64.0337978473313, 56.60693020836428, 48.997296126168884, 40.71395985828543, 0.0, 9.58688450612325, 20.03592534218959, 25.956352754373523, 32.44744444649278, 25.080747509043128, 17.73414348809564, 8.430954487851775, 39.778219711105585, 47.7576467000516, 55.31492909248007, 66.22498940395977, 74.33722343342323, 71.71558695852437, 64.3025816955868, 54.11644018993125, 44.63799331713837, 37.21943225269822, 20.807984735329804, 24.333332763905688, 29.49113226061512, 37.53397014359719, 42.04617796876815, 39.025472336303864, 32.87395283472722, 25.628126154839375, 18.10409756372355, 16.12823788225859, 27.700428389276688, 29.97232574475776, 37.89878897976611, 43.96440143237448, 48.26390859758644, 48.11217804316103, 45.94233176823764, 41.440758993651514, 32.42347806379195, 31.80626646021824, 19.316400556408247, 12.94611094353443, 71.09064940884954, 65.13643160576032, 57.230041495774124, 57.77474739173751, 54.02334766499971, 55.21987600982788, 57.980165059998306, 62.797566784913975, 65.52941299825763, 68.82600522009415, 69.89263374996277, 70.81692896337435, 69.3223277554054, 62.90510932067166, 60.031039872612276, 57.7565229855296, 58.6289434334767, 59.518089256573504, 60.810279366423785, 63.74510871576646, 91.41607993133228, 94.2657972360985, 97.42237528370883, 101.5547569127621, 107.34305790207358, 113.21171032460401, 109.70785353709013, 98.25760874535604, 92.8750033209579, 94.71629060204702, 85.57143982138642, 73.96988883548111, 69.26814414535694, 61.81213698728791, 61.725613475963044], [47.82205365775829, 56.10322896229205, 63.577540194754484, 71.17241158795987, 64.3387973295095, 56.815110534231266, 48.48986852921432, 9.58688450612325, 0.0, 10.972639759486182, 17.691691296677433, 25.791207152828058, 19.310230198748872, 13.309382601564995, 7.47483023682264, 44.41201467339253, 52.18956289006037, 60.09416381235623, 71.18060946971377, 79.7525636806238, 77.4591750244942, 69.8608800982941, 59.78928538127773, 50.28788315897724, 42.92221313597139, 16.074316515040568, 16.945539024348147, 20.458409176228535, 27.968878481013018, 32.734505948939415, 29.893613643237444, 23.38957207932706, 16.444245799555237, 10.005924280221043, 11.05944052388117, 33.96364672825552, 37.8827563122974, 46.11529906139473, 53.39367935730679, 57.4873111982974, 56.489544258547994, 53.39700476987682, 48.58124959719827, 38.958817272503026, 38.05053284075572, 25.93162171903641, 16.882044093509705, 80.40541203713936, 74.27483586201973, 65.77391493953647, 65.74800647914054, 61.3130114785737, 61.87480710172663, 63.65253574397535, 69.38977125302088, 72.75649995689683, 76.69807688886107, 78.44886881932801, 79.8101384146481, 78.54958870657681, 71.6665133798183, 68.04119002807981, 64.91915295512648, 64.7997396644881, 66.69409372109966, 68.82991748992534, 72.49998116943455, 96.24580447927782, 100.85295112026346, 105.22674660177042, 109.83034172947747, 115.9989636555031, 121.67310472167458, 117.9988294555279, 105.77042233648946, 98.1115039314163, 97.54097970682425, 87.31836873699885, 74.53281532639542, 67.73296779713975, 57.071755638487666, 54.22862508470516], [58.33763400869459, 66.39171502340618, 74.04241922887319, 81.85884646577439, 75.15033084280343, 67.61608206163645, 59.320367202656605, 20.03592534218959, 10.972639759486182, 0.0, 8.167593380257676, 18.65958710057262, 13.59474102210432, 11.663561924426947, 14.313450568154801, 53.51836984339944, 61.17840764825597, 69.38386275839467, 80.71447540930114, 89.64210806759829, 87.50961826391519, 79.70911821907595, 69.62765124312793, 60.123392634308985, 52.79189230157136, 18.7586495734125, 14.896511214434105, 13.444131625860742, 19.31275190887145, 23.545604429047113, 20.06905408491733, 13.215453489512079, 8.305883918843861, 9.355869090792476, 15.211645673261458, 43.85388891314271, 47.267078033744234, 54.70175629587615, 62.98283511778295, 66.32115905697614, 64.01504493829317, 59.56997227413, 54.33099175709067, 44.327668090139696, 43.91908901999943, 33.64794621113571, 25.871890563901683, 89.27334388974312, 82.70753562724845, 73.23105384952738, 72.28917823659873, 66.94562672581064, 66.66122557903059, 67.331341384664, 74.0207999430943, 78.14512157394407, 82.96350368674123, 85.76746997274486, 87.95245612180682, 87.20123492639964, 79.38698561103858, 74.58678510602863, 70.31119229193928, 69.0262333630116, 72.08496356229344, 75.37773047275583, 80.20256461717747, 105.76329673564135, 111.08275933046703, 115.50457350067975, 119.75207632771087, 125.70164232570107, 130.60276823511435, 126.00708713722064, 111.58582548214201, 101.34194066543323, 98.5685607225875, 87.32438686499201, 73.67844825982672, 65.20948106361769, 52.21487992916791, 47.49553776786451], [65.41715429442456, 73.67316578649763, 81.12827033357328, 88.50524457623858, 81.84339058891352, 74.36978061379996, 66.0162282491616, 25.956352754373523, 17.691691296677433, 8.167593380257676, 0.0, 11.045264143933046, 8.534624276306543, 11.929043194847818, 18.578629925677244, 61.4097134409905, 69.04429730246514, 77.07750736055637, 88.06113792353213, 96.50194423217117, 94.4544860735593, 87.06281229278947, 77.1550503882628, 67.70422665909184, 60.39399515417554, 26.764135887849587, 22.037108584142022, 17.75805884658895, 18.936386829716618, 19.425671868749507, 14.723350691472506, 12.09944054962774, 13.238693381071641, 17.4031944282482, 23.37803603793589, 51.441318904622904, 54.123680674914866, 60.72567724054092, 68.08760783194626, 70.71633240376397, 68.17993455394091, 62.879435091234875, 56.868728455037584, 46.77702719710396, 48.68746156002211, 39.8795145196738, 33.54868477826906, 92.7179022706203, 86.18871681009516, 76.6471810857964, 75.01565213272214, 69.07414966569182, 67.71762117319497, 66.85962363618988, 74.4658486259587, 79.28982490496354, 84.66652549883025, 88.3035303010631, 90.86833049942892, 90.51525095083717, 82.45790540283087, 77.05255007163038, 71.82369498170048, 69.06071076959388, 73.44516832623462, 77.75542483236192, 83.19148056371085, 111.67637383303432, 115.94703586113316, 119.38222191279493, 122.84994861284324, 128.5195433209603, 132.4936814880626, 127.15458353096791, 111.85043918575055, 99.1612387495962, 94.30560267918989, 82.43550694260692, 68.25722208527587, 58.80496550364901, 45.14475314803408, 41.48682284982394], [72.18263912601235, 80.76067400254092, 87.75400034391805, 94.22985732738086, 87.71167777993749, 80.44049312937824, 72.08143657403691, 32.44744444649278, 25.791207152828058, 18.65958710057262, 11.045264143933046, 0.0, 9.07923934604381, 16.528413012388757, 24.312495915660715, 70.04444950553338, 77.62082501320083, 85.19089284666245, 95.40461718858433, 102.80381600690897, 100.85687209931633, 94.30887374368484, 84.7839158016484, 75.50477313070743, 68.29791129612927, 37.358277429627954, 32.924806534011424, 28.073308446660665, 25.722259273822004, 21.285813788859915, 16.348981335260767, 20.284280480998905, 24.033219512517025, 27.966788179600282, 33.586382634808146, 59.49635145592043, 61.45657536596254, 67.16113483616031, 72.42260903765978, 74.26705923144732, 72.13983214015806, 66.23367400280145, 59.21336794467458, 49.35423877936513, 54.69801183885443, 47.252068934236036, 42.314013261562714, 94.33669770374404, 88.22287606969978, 79.27481939131286, 77.00672141447143, 70.62049960952679, 67.85062961443852, 64.79784447758718, 73.47697450638852, 79.08444078497571, 84.87948444058519, 89.33311619557277, 92.02324218356542, 92.0600209290984, 84.24787721693701, 78.55219578920226, 72.36946798106129, 67.59548296162937, 73.69227423665178, 79.08694118415838, 84.8376907519165, 116.40344902319995, 118.54500317649148, 120.31282814940165, 122.65386779401763, 128.0008156869902, 130.77231744730312, 124.73981785216293, 109.45279801179049, 93.7470043942807, 86.07894169389103, 73.60151400688824, 58.79454813309347, 48.22472878731518, 34.587680004095645, 35.13319815140734], [65.84027938805792, 74.44478672515284, 81.55119728992256, 88.35212471405966, 81.25857834696706, 73.78511914034473, 65.47493494101067, 25.080747509043128, 19.310230198748872, 13.59474102210432, 8.534624276306543, 9.07923934604381, 0.0, 7.833189486594588, 16.6964901965629, 63.541109895526255, 71.4182861727684, 79.24426839887022, 90.01081893953341, 97.84459833291902, 95.5959607881199, 88.56690156122461, 78.61590644495543, 69.1449185203627, 61.745552045568964, 31.65314342108984, 28.340864231187183, 25.657203772246984, 27.36053436975024, 26.334970078952377, 21.241479736745294, 20.543185289038433, 20.684227749338888, 22.463882288647035, 27.453865491942114, 52.297153184125754, 53.08781148885889, 58.370222727759725, 64.31032630810529, 66.10701966775221, 63.5485706126576, 57.714151581986656, 51.023250332023636, 41.031978916081165, 45.63485493071515, 38.46239531203089, 34.857718877851845, 87.06092475834949, 80.57031442489757, 71.13973902808976, 69.03621081540048, 62.79261395143294, 60.70324586668027, 58.980755632446915, 66.99016451875151, 72.16180726745556, 77.78393662457633, 81.93145196531957, 84.75091016012904, 84.74255572507015, 76.5365258171324, 70.807491686635, 65.02416910633653, 61.39039706248254, 66.50809046267112, 71.42404758906645, 77.1940585073608, 112.84508557743925, 114.79028670881873, 116.19178968756012, 118.37110375728622, 123.29895601398593, 126.38440361228956, 120.21170583953915, 104.04131194178764, 90.67927703951625, 86.08118047624136, 74.42743088129289, 60.65498901043126, 52.49524509412169, 42.336534421063355, 43.85462747177698], [58.76616562098186, 67.36136582205707, 74.5041574846723, 81.49431469611179, 74.10654073737922, 66.53694635158318, 58.27366292569634, 17.73414348809564, 13.309382601564995, 11.663561924426947, 11.929043194847818, 16.528413012388757, 7.833189486594588, 0.0, 9.431479578311402, 56.55477526924637, 64.57004616802713, 72.45311064557566, 83.45989425479422, 91.50396582509765, 89.07021705853788, 81.79037780324785, 71.63657377271397, 62.100542676335806, 54.62976009127869, 26.705844764406816, 25.052923858020744, 24.957896426637024, 29.72133102407757, 31.095135791107346, 26.499461075034883, 22.954783143478856, 19.689863330877873, 18.333629372427875, 22.05645598220535, 44.8848493961942, 45.25635121128465, 50.706924639986816, 57.010453230458936, 59.176620928055655, 56.79165403319161, 51.55717270295334, 45.31929908622822, 35.23658606155382, 38.68984260807626, 30.767162494746767, 27.60881749810964, 80.91454001641894, 74.33004310357369, 64.90108745490521, 63.32273844593313, 57.5452094471008, 56.360996792940945, 56.09347637876071, 63.23761640199094, 67.78452807651198, 72.92699320549539, 76.4004120649813, 78.9511484549441, 78.66552542572099, 70.56397323377662, 65.29370324962919, 60.2915566144635, 58.00044353517164, 61.91053488538284, 65.97983206825889, 71.2863511130149, 107.40387084961905, 109.40056404010741, 110.936192242233, 113.3804594073226, 118.28685840410519, 121.99713199583005, 116.24735902911519, 100.57735989096557, 89.69857760476947, 87.6056646990917, 76.78225958443092, 63.84893150527354, 57.296278348253395, 48.812379156999036, 50.23945281906641], [49.370093866666714, 58.00802589930025, 65.09267765955681, 72.07997973607297, 64.74795794530988, 57.19740173258887, 48.90635472882436, 8.430954487851775, 7.47483023682264, 14.313450568154801, 18.578629925677244, 24.312495915660715, 16.6964901965629, 9.431479578311402, 0.0, 47.834105727633215, 55.798104387329126, 63.44694984413755, 74.27238877483711, 82.21009111069672, 79.71785855237889, 72.5011153674718, 62.41391947300261, 52.942264398216984, 45.52840494795328, 22.64482159978846, 23.56722362467208, 26.34771776606213, 32.97005110614372, 36.07417586078429, 32.414711212259995, 27.38949360552301, 21.628308214377427, 16.419437265246117, 17.549908054637235, 35.99933404581643, 37.35345523319449, 44.00745645055144, 49.90735302243335, 53.12863343155021, 52.01256549094357, 48.29858971599355, 42.74130778757385, 32.96236221610815, 34.81680096417521, 24.480193566359496, 19.751304826494223, 75.33427168470246, 69.13320672010897, 60.57237754225176, 60.07368198908574, 55.29759182420491, 55.2500307692865, 56.42556591878672, 62.472950638913055, 66.14190093013036, 70.3384635066986, 72.59069370507949, 74.2482891619197, 73.33225288091526, 66.16527781186224, 62.154448962020574, 58.49973076868783, 57.708807688074124, 60.178818266055586, 62.875453081119296, 66.93787035441115, 98.4711253557438, 100.75467995622299, 103.06436971935752, 106.36543097682548, 111.7933126454393, 116.59840765789546, 112.05931083161195, 98.83357630494051, 90.66707020721599, 90.49238246090735, 80.53309752395458, 68.22515059461611, 62.6172394187645, 54.64860567125183, 55.32405401933721], [16.37334303781625, 18.33983407815774, 26.597428518008176, 37.37255700411559, 32.02782496938108, 26.28292035729656, 22.407865187861784, 39.778219711105585, 44.41201467339253, 53.51836984339944, 61.4097134409905, 70.04444950553338, 63.541109895526255, 56.55477526924637, 47.834105727633215, 0.0, 8.406284091005904, 17.30524355128716, 30.949468229038153, 42.92956064459395, 39.978675636771804, 29.313504126030562, 18.29193229360996, 9.74090618812423, 6.838529229015988, 38.093569335888006, 45.35574007924564, 53.79986034515002, 63.33946914200563, 71.53641224444276, 70.76263601181901, 62.259047830198156, 53.61723100384063, 45.47465159232662, 39.23345713125381, 13.925065258680084, 26.78776411590012, 38.26832678807849, 45.756724982904295, 54.25188479504292, 57.350719191931404, 61.70460609528962, 62.65926725989437, 58.3231568266897, 47.953976080318355, 36.479634297841855, 29.648036907847594, 75.71541692581076, 71.64323343363459, 67.44642343913924, 72.06173307262596, 72.6663578987712, 78.16787648451081, 85.77144124762103, 86.23524970226337, 85.41884663663336, 85.16592933199308, 81.37732871546376, 79.27687967654866, 75.35868148636818, 72.99169604023015, 74.88745881141017, 78.0110210758156, 84.49499120616474, 79.92416849569204, 75.85474895452536, 74.04116158055848, 65.7329075886334, 77.36252516342527, 88.72707687902367, 98.61040418321005, 106.57311258178332, 117.81694735915185, 119.72860540688977, 116.10680941060193, 120.76569997166104, 128.12125902972784, 121.0533913514513, 110.95171943664572, 107.22487017240363, 98.32140225258321, 92.87326896740001], [17.98004400048234, 15.786084758745313, 22.884026280744912, 33.714435219895364, 30.269490948561476, 26.337261837594752, 24.813199988970126, 47.7576467000516, 52.18956289006037, 61.17840764825597, 69.04429730246514, 77.62082501320083, 71.4182861727684, 64.57004616802713, 55.798104387329126, 8.406284091005904, 0.0, 9.470641354287942, 23.57332055226894, 36.46367645793809, 33.6931477589818, 22.479022620082574, 12.512509821270712, 8.568405717746447, 12.247758580731947, 45.46613995136961, 52.52307580446566, 60.76679120914838, 69.87338806829877, 78.15447052510223, 77.74899231355553, 69.36746003660383, 60.94547636037922, 53.05237689451247, 46.89694288985372, 21.97654695911703, 33.90912170696919, 44.584560580624334, 50.87383815313664, 59.63102303356626, 63.50119347397359, 68.62114804361391, 69.97951886407515, 66.12771565872994, 55.69568324563272, 44.72723342165239, 37.91588833901063, 79.59882135229417, 76.23891268862708, 73.146734695542, 78.26550325791466, 79.45838914210393, 85.2371037125544, 93.05421854928142, 93.10997691185237, 91.90540201787175, 91.10611228059923, 86.61769050916381, 83.8646639449059, 79.5583340372882, 78.26902774431974, 81.0084359962739, 84.767910141627, 91.61481788002757, 86.61925623850166, 81.94672750651546, 79.2948138948995, 59.96454678323628, 73.96521184310936, 87.4754980228248, 98.72673555927783, 107.33077342808042, 119.60758327300235, 122.83476168348173, 121.43591994152156, 127.29255132623398, 134.96702649723142, 128.1657546266715, 118.17221066371499, 114.3780832462139, 105.09372703775504, 98.88731145855674], [19.653247441675283, 13.43484282176379, 17.499794351850568, 27.39876989816506, 26.522640310984993, 25.07157815523008, 26.163784464242514, 55.31492909248007, 60.09416381235623, 69.38386275839467, 77.07750736055637, 85.19089284666245, 79.24426839887022, 72.45311064557566, 63.44694984413755, 17.30524355128716, 9.470641354287942, 0.0, 14.260105303910423, 27.515906799335657, 24.813908942284474, 13.394466510566408, 6.663539275303553, 11.744303733517665, 18.7204004831222, 54.29127066990542, 61.2348549494157, 69.2410937093072, 77.81482699196617, 85.76789816576756, 85.55903264720168, 77.60001517801415, 69.41704237919579, 61.555003710037326, 55.52158367093293, 29.70404902641229, 40.76436481309, 50.55751288531027, 54.45261760224274, 63.421702181144866, 68.60076713818047, 74.6125605594561, 76.18196707721431, 72.9533820845325, 63.29605991427057, 52.82911170018274, 46.417079095930156, 81.07965345533654, 78.782267595893, 77.3538908887203, 83.04037945460205, 84.94051656485289, 90.84837292919762, 98.66946838402754, 98.27624337840885, 96.65571098947507, 95.15194866960977, 89.8589413020044, 86.19276993851513, 81.43224770773068, 81.67847014584939, 85.54805480895898, 90.00585857333073, 97.04737210928879, 91.7143399560077, 86.40541898375737, 82.63741201479617, 51.65232923716023, 67.05921951579045, 82.41552349961161, 95.00252435929836, 104.30730042946064, 117.65190406708652, 122.45103954862086, 124.18141743487423, 131.37422468542675, 139.4659801683185, 133.19597357684245, 123.57767121421699, 120.08355145821952, 111.1377802577409, 105.10255865395456], [27.66873155333302, 19.949018942734053, 17.653143610417978, 22.12470228105106, 26.78503939784883, 29.191188764610597, 32.788016518989465, 66.22498940395977, 71.18060946971377, 80.71447540930114, 88.06113792353213, 95.40461718858433, 90.01081893953341, 83.45989425479422, 74.27238877483711, 30.949468229038153, 23.57332055226894, 14.260105303910423, 0.0, 13.97054907097047, 12.208731578755469, 5.5109143966537, 14.631798045207468, 23.452964239442895, 30.79327638701576, 66.72304133323898, 73.40040426447469, 80.93246664376542, 88.55433578155328, 95.88790037062158, 96.00663762437047, 88.81029463855991, 81.10776031124348, 73.40962944923346, 67.65375256721254, 42.0688231089567, 52.63678341505765, 61.61654799747883, 62.3293662954045, 71.32123412007856, 78.15858233143628, 84.95580212031693, 86.42578352081766, 83.70943126141296, 75.5112229339816, 65.26728516971662, 58.77425676573419, 85.5024208485532, 84.7773929232972, 85.59705578721407, 91.80546091853314, 94.39602600962937, 100.15218116422334, 107.5454578278988, 106.86101371523141, 104.91820827605677, 102.63108925069106, 96.5095402858756, 91.63843651255404, 86.36627612646917, 88.7151774951022, 93.91586972645442, 98.97569183348367, 105.81928017891686, 100.4560964818648, 94.63458451412262, 89.54972803309872, 38.365476412120564, 56.606400719274575, 75.34201150349683, 90.12173443908205, 100.71754858870946, 115.49771967822231, 122.71284945880289, 129.32236970766118, 137.62267105260068, 145.60872377899324, 139.96863385208619, 130.7440702149943, 127.41317760126249, 118.70954576869849, 112.81973172912484], [35.32043556583404, 28.378073005738457, 22.666256168146628, 19.665937335339347, 28.675864531411634, 33.6971485851886, 38.55946157081908, 74.33722343342323, 79.7525636806238, 89.64210806759829, 96.50194423217117, 102.80381600690897, 97.84459833291902, 91.50396582509765, 82.21009111069672, 42.92956064459395, 36.46367645793809, 27.515906799335657, 13.97054907097047, 0.0, 4.573909896940799, 15.19210332892852, 25.822615390417308, 34.29599863015657, 41.24082512013759, 77.34133342001442, 83.83547104964036, 90.94790675291937, 97.77853514136608, 104.22115970271776, 104.38791309761164, 98.07718467315242, 90.8024219523422, 83.13551889206039, 77.69099713590367, 52.13761723297282, 61.84334654436971, 69.95027765707299, 67.33326503721526, 76.06035260553588, 84.47929827503245, 91.81410007269481, 92.97613249735164, 90.80326969170325, 84.5615952422329, 74.70853383788862, 68.64171953000161, 86.5241332426888, 87.37432602683388, 90.40152016587298, 96.92819620744697, 100.07157424179978, 105.44835561364292, 112.1594988881013, 111.26356329802674, 109.11283466670805, 106.13821419028223, 99.42294607700669, 93.45457668588989, 87.83016517736786, 92.18563535956838, 98.55189988130238, 104.00019386825814, 110.37416321253822, 105.20460542105742, 99.1011935400132, 92.8652612655357, 25.40741558721323, 43.93464057814823, 65.17251399864412, 81.66694832712818, 93.39147085725149, 109.20104251313752, 118.56667845239573, 129.96616600091448, 139.0326023014869, 146.8942614739805, 142.0683400057899, 133.52257937524777, 130.7546579272905, 123.1402886234573, 118.48212550629684], [31.914396358726474, 24.62743938075534, 18.440380396801476, 15.795056226308947, 24.467118878827172, 29.61926699487638, 34.89504172038823, 71.71558695852437, 77.4591750244942, 87.50961826391519, 94.4544860735593, 100.85687209931633, 95.5959607881199, 89.07021705853788, 79.71785855237889, 39.978675636771804, 33.6931477589818, 24.813908942284474, 12.208731578755469, 4.573909896940799, 0.0, 11.87063059082019, 22.372078335338095, 31.037717763756383, 38.082551473236734, 75.10659413237038, 81.77838881180357, 89.11427092721183, 96.34014026387034, 102.88928443096498, 102.83517269532244, 96.31728462811672, 88.81480177684514, 80.95131610500646, 75.38678331160138, 48.888087685917036, 57.98098501362588, 65.7764337994123, 63.17481764365116, 71.89296886413621, 80.24376512571263, 87.7110331084024, 89.08291721804898, 87.14728269365187, 80.7151357572821, 71.24897191370427, 65.83358449257469, 82.57635383358387, 83.26521763093686, 86.18530945111966, 92.77156821752864, 96.0228214686166, 101.56707408024654, 108.55913504892838, 107.44429606098419, 105.15947504349973, 102.13047743561617, 95.34835821928955, 89.46566651773685, 83.85411458458992, 88.05979312717716, 94.43623451744045, 100.02775034141834, 106.67887297234508, 101.25217577970122, 95.0018600137574, 88.75720095285068, 29.305390893460146, 45.02837681066132, 64.53817034008473, 80.2813451855502, 91.48124107949634, 107.06689413357729, 115.89515469140326, 126.34641132987376, 135.8588538594464, 144.36755361564877, 139.65797034453485, 131.31418311857198, 128.93961729274656, 121.88065310409216, 117.77271734351955], [24.39602411076086, 16.01963179742815, 12.6628446359219, 17.8890914676479, 21.728373700454828, 24.433371526145898, 28.826486078497513, 64.3025816955868, 69.8608800982941, 79.70911821907595, 87.06281229278947, 94.30887374368484, 88.56690156122461, 81.79037780324785, 72.5011153674718, 29.313504126030562, 22.479022620082574, 13.394466510566408, 5.5109143966537, 15.19210332892852, 11.87063059082019, 0.0, 11.454528083511603, 20.929963529260966, 28.453079206456813, 65.97529976742145, 72.87920284122863, 80.64645585900651, 88.67263024941956, 95.93809139785434, 95.73300908825968, 88.44415747588793, 80.5051322357602, 72.5206463014911, 66.65742473397734, 39.53868671102352, 48.97367338650558, 57.34321753696551, 57.49867837950842, 66.43496313275459, 73.45865313450204, 80.5534360943405, 82.26852720635968, 80.00523742338989, 71.90818607430482, 62.320291888245286, 56.94498157848502, 80.2857823426976, 79.60299464583049, 80.65506464822938, 87.00462293310476, 89.85086553315611, 95.77212033998464, 103.4289275940975, 102.39466613855731, 100.22570916361762, 97.73697876362795, 91.42284761560425, 86.4847650819988, 81.18115272456595, 83.66202772803547, 89.08260901543969, 94.41479157381826, 101.55741851306703, 95.87072753672423, 89.79283762951542, 84.49331065339513, 40.40830576925562, 55.62306618190017, 72.61180594891879, 86.65083008128222, 96.72299056704843, 111.33008458003748, 118.20041886881621, 124.40352406468136, 133.44785928041452, 142.2990147063186, 136.9965288907986, 128.20996824212747, 125.56527419101077, 117.91727127773774, 113.12960595063461], [15.251651750469689, 7.38048834814303, 11.118820592472384, 21.63913923982312, 19.885441767059064, 18.673848338434183, 20.845528603621716, 54.11644018993125, 59.78928538127773, 69.62765124312793, 77.1550503882628, 84.7839158016484, 78.61590644495543, 71.63657377271397, 62.41391947300261, 18.29193229360996, 12.512509821270712, 6.663539275303553, 14.631798045207468, 25.822615390417308, 22.372078335338095, 11.454528083511603, 0.0, 9.76013229613954, 17.389311581107776, 55.561691720064566, 62.677190137190884, 70.75437066351802, 79.43031941888293, 86.95347165935848, 86.41453995195894, 78.70740785527074, 70.43801733436956, 62.25291602908999, 56.22701931247639, 28.37103781323454, 38.089835840075565, 47.18326792063179, 49.35314600763855, 58.366620621944946, 64.33509370209254, 70.82374233023054, 72.45965146456085, 69.78229721017185, 60.97764446532206, 51.16883379523121, 46.05864491732589, 75.01971444170267, 73.11819899223629, 72.48367332565775, 78.41594989669667, 80.6921611008898, 86.62598153922603, 94.47202628843728, 93.74149791986592, 91.88783056031507, 90.0314900862713, 84.42039538917183, 80.38990426876025, 75.48916287050288, 76.352177859103, 80.75533018933821, 85.55483779975958, 92.7058693190334, 87.16499630196817, 81.55715307935606, 77.27057902238882, 50.19205352593947, 62.71168192269148, 76.63583799451212, 88.73841896482064, 97.79574667394174, 111.10949157638501, 115.97134157729258, 118.4099405766075, 126.34266393432239, 135.15175751751008, 129.39050183336838, 120.34237901496257, 117.66754344846926, 110.09929478820335, 105.61767707530204], [9.545336801747386, 8.679457903770318, 16.921938347536607, 27.647774821175553, 22.930920564393684, 18.19180141416949, 16.331885038518642, 44.63799331713837, 50.28788315897724, 60.123392634308985, 67.70422665909184, 75.50477313070743, 69.1449185203627, 62.100542676335806, 52.942264398216984, 9.74090618812423, 8.568405717746447, 11.744303733517665, 23.452964239442895, 34.29599863015657, 31.037717763756383, 20.929963529260966, 9.76013229613954, 0.0, 7.638948888675522, 46.17826236786865, 53.38407277957413, 61.569990484936156, 70.55697304057661, 78.10252408774215, 77.32299506127336, 69.46620313112139, 61.05469956079309, 52.74848592779893, 46.683720504172534, 18.74345752708016, 29.892269649781277, 40.25036097473436, 44.13671364143303, 53.08604856213306, 58.11184957562072, 63.67376703367337, 64.79788910776487, 61.370589310938556, 52.47870864671449, 41.86582844586254, 36.30223467130468, 72.11061647832703, 69.21227968236602, 67.04658256358655, 72.3834027009223, 73.8764727771937, 79.49047906598, 87.06496639220994, 86.95457193735638, 85.6409217870782, 84.52998916146812, 79.80949254109623, 76.61495940660159, 72.16288133828562, 71.5744838229772, 74.88002487166527, 78.85597845673631, 85.5400579064097, 80.57316856270218, 75.73566403667735, 72.54121657706884, 57.38114470783185, 68.0875643030121, 79.90827310470588, 90.55716264929889, 99.01645170560046, 111.12296552283566, 114.3866880261234, 113.98699105757537, 120.1672768306443, 128.2533432667606, 121.95558885389546, 112.51014860305263, 109.54875607075411, 101.81872299348262, 97.55463758865473], [10.204798253311525, 14.75977893574135, 23.135924817424804, 33.303407539312275, 27.205103201037193, 20.778219253829477, 15.875755302940837, 37.21943225269822, 42.92221313597139, 52.79189230157136, 60.39399515417554, 68.29791129612927, 61.745552045568964, 54.62976009127869, 45.52840494795328, 6.838529229015988, 12.247758580731947, 18.7204004831222, 30.79327638701576, 41.24082512013759, 38.082551473236734, 28.453079206456813, 17.389311581107776, 7.638948888675522, 0.0, 39.14125400365299, 46.422642892684614, 54.687610462390865, 63.946482101065904, 71.44317657187632, 70.409854607029, 62.45869778325253, 53.92487817840731, 45.485721511219644, 39.40274763945152, 11.28863811141561, 24.09254085908902, 35.515626170819544, 40.80826862970158, 49.50443881079689, 53.65730380554486, 58.32231306609966, 58.94061932193687, 54.8428342119592, 46.02578516585911, 34.655726939017306, 28.690404374056858, 70.23350282640324, 66.56134251673298, 63.14800259540585, 67.91524028284503, 68.71131568304348, 73.99141326236825, 81.2728443950075, 81.70323644985385, 80.865247150999, 80.39195209732098, 76.45998641723443, 73.97846475287243, 69.94327902460968, 68.1675679043258, 70.5149744590655, 73.74253107139005, 79.96436628282818, 75.53640211142508, 71.40601175444131, 69.16234737703903, 63.36422750903713, 72.60400284112615, 82.73717218761988, 92.18680890607988, 100.12049055881366, 111.21578622091302, 113.20475318962035, 110.55305479031804, 115.26675644384598, 122.75314987517184, 116.04242043331672, 106.30944097343811, 103.16216175488816, 95.41415035216461, 91.4884824356202], [46.86148923412179, 53.669297433612705, 61.89741073650464, 71.13441992066305, 64.65699417173799, 57.20997120281607, 49.51133351940797, 20.807984735329804, 16.074316515040568, 18.7586495734125, 26.764135887849587, 37.358277429627954, 31.65314342108984, 26.705844764406816, 22.64482159978846, 38.093569335888006, 45.46613995136961, 54.29127066990542, 66.72304133323898, 77.34133342001442, 75.10659413237038, 65.97529976742145, 55.561691720064566, 46.17826236786865, 39.14125400365299, 0.0, 7.521365314609442, 16.40936440495335, 27.568616527943274, 36.399428214645596, 34.987614431453, 25.222365790194264, 16.190155590253294, 9.404115795937276, 5.1033844471492635, 31.076771956625933, 37.46422882389628, 47.16893823550974, 58.35331701215235, 63.448230348580005, 61.50334606646196, 59.358172483283596, 56.54148195650628, 47.70562007135162, 40.7156212002156, 27.757844200781207, 15.450265233729484, 88.16174543798577, 81.59098538037573, 72.37003106594378, 73.0655633698058, 69.29