{
	"dissimilarities": [[0.0, 8.5441663972761, 15.78451787343291, 24.563353740883265, 18.590877763455175, 12.633223947549652, 7.792251000970773, 40.84278835354661, 47.61911382040366, 58.06240771004656, 65.24124597553285, 72.2780199760333, 65.71319136629543, 58.68571152264077, 49.17768696580084, 16.349069411497798, 16.56920401149322, 18.948516677181832, 26.718031521743328, 33.32777868922518, 30.331759159842367, 23.194698436804174, 14.745413264461531, 9.29579740461984, 10.581173977907081, 46.352616262776564, 53.658532195878465, 61.17494733821493, 69.80756788516331, 76.67545356460703, 75.54413996134981, 68.22031494173609, 60.271883704430856, 51.88893119505617, 46.23599767878275, 18.623066405285087, 28.116429520803063, 35.946094667526154, 39.20812804959015, 48.01160769130827, 53.78192645844638, 59.24503135505992, 59.97319335707688, 56.56599582242471, 47.763316510413404, 37.867367597928975, 33.85161007650541, 66.75341243110026, 64.01523358899556, 62.46894691863592, 67.70698324231103, 68.7077849066339, 73.08492648142875, 81.65100974138713, 81.54566095071445, 79.91298997576328, 78.21640270542916, 74.50853086285535, 70.17887057043804, 66.78204766584005, 65.62566843307344, 69.95202041606474, 73.31999194493046, 79.27048498177398, 74.12303247143564, 70.73298575980732, 67.39171520345559, 52.50828230236473, 57.846762486641886, 67.95969006593826, 76.22504640854514, 89.51636154108535, 93.95730118748122, 99.85943495983906, 104.27080195035298, 110.95648460455617, 120.30720278444375, 115.0875527185431, 106.58247813286184, 103.14273680015222, 96.13459903206645, 93.64874743284072], [8.5441663972761, 0.0, 8.158942539520972, 18.401944230876854, 14.247074568703079, 11.653253702162928, 12.8949595550339, 49.33102987471497, 55.941110993580715, 66.20642704221233, 73.54626009715693, 80.70169469160322, 74.18390607592812, 67.16784253602171, 57.66491205164169, 19.416193891168295, 15.929417467874872, 14.005999025879376, 19.37070561415758, 25.84249175839631, 22.51174486127126, 14.998194492308663, 8.041369354713163, 9.718051152392079, 15.70243935469372, 53.65999126748439, 60.96253243191607, 68.67141915327221, 77.31508263174422, 84.43771586230022, 83.52136341933527, 76.0539906411807, 68.00070048490609, 59.66429947241101, 53.86281326403717, 25.549826981242166, 34.09593334017443, 40.92296632126736, 43.32800489792571, 52.23929814647786, 58.54593093483569, 64.92616299086333, 66.5329056601865, 63.91579768750156, 54.646050173029145, 45.613518955526125, 41.720504251004975, 69.33185491403249, 67.31368451319744, 66.87316537975603, 72.68738166522881, 74.36180922905044, 79.27116761114245, 88.38813817794977, 87.60099616194286, 85.3100923484674, 83.04494921807569, 78.46990847499903, 73.51822754329741, 69.71960626325235, 69.66515455948382, 74.89250913949442, 79.03058283381958, 85.77772483270547, 79.8097529338507, 75.65919939063552, 71.40657840566351, 46.48654005298069, 53.61553510133676, 65.55046878790684, 75.26472360321803, 89.1749240996021, 94.75661977610773, 102.13081877687948, 108.52884831679282, 117.1047694789253, 127.3912105514228, 122.59973666919501, 114.37166703695372, 111.22216714513, 104.18732339058053, 101.20957226420026], [15.78451787343291, 8.158942539520972, 0.0, 10.760949417136157, 9.489212868200344, 11.936829119981946, 17.196743511528485, 56.4010987690012, 63.331156824356285, 73.7893845856699, 80.85817235749093, 87.62377627318125, 81.21493249172042, 74.2273339309954, 64.72268240363029, 27.23759579140504, 22.741629467357786, 17.95231600046782, 17.522207935422095, 20.539940720283013, 16.72208238537994, 11.851564633978969, 11.712538450343414, 17.508034934171164, 23.76935959839501, 61.718827105349405, 69.001076546506, 76.60062446526547, 85.01709903857996, 91.84000945842234, 90.93436790793824, 83.77857600230541, 75.86977624207417, 67.54623513395848, 61.82173323985198, 33.24588168557172, 40.18368151264999, 45.460937376675055, 45.4178681388584, 54.17213037596317, 61.59900829132632, 68.8172792545796, 70.77809172628268, 68.96125657553195, 60.51785569480473, 52.424338483704894, 49.45411300441925, 68.62491157625158, 67.67993543831156, 68.95582753471804, 75.25963341555249, 77.60007854509789, 82.73323393613938, 91.92161607278639, 90.51179464891248, 87.67991484456618, 84.80120282698194, 79.36957183328128, 73.63659121344004, 69.39995494344939, 70.98112664584991, 77.20430610797553, 81.98883605926946, 89.14110663052482, 82.68825139363906, 77.8838811626336, 72.55463820046333, 41.4529921559273, 47.1435147893939, 59.49600979583103, 70.13584034732759, 84.48911133534736, 91.15922325339568, 100.05737488055148, 109.07625656837169, 119.17585208274484, 130.30409675569936, 126.18570421578492, 118.48675768668018, 116.12972320928833, 109.99428345080211, 107.7806297184349], [24.563353740883265, 18.401944230876854, 10.760949417136157, 0.0, 10.448370131895208, 16.976636447521457, 23.40605688342934, 63.41497201654601, 70.74701462204649, 81.48044838916586, 87.91771300728398, 93.88173693832734, 87.80447300408632, 81.04312430991791, 71.59683235566902, 37.79223763620086, 33.36800824207431, 27.678048236010895, 22.5343609449512, 19.00908659964879, 15.693373542139403, 17.675873726647573, 22.005397033287217, 28.052210077313923, 33.83748540877566, 70.77834611073793, 77.92507049691034, 85.12725234709278, 92.94689396691322, 99.02152022656504, 98.10406109804754, 91.7043521984726, 84.2232893700173, 76.01185324914152, 70.5665390473914, 42.57850096424338, 48.23300603772386, 51.95695462681934, 48.4267564040218, 56.670122541232985, 65.64528026788483, 73.46416197805192, 75.177124409329, 74.00032949600656, 67.46423352871354, 60.0863313818792, 58.07013942972579, 67.1841301687276, 67.81770040479056, 71.45483758899829, 78.0817748213296, 80.99581228671518, 85.94984167858023, 94.55179947625038, 92.70929415602455, 89.5541746456117, 86.06429868367461, 79.83721196350041, 73.13709861937049, 68.40901844889875, 72.29488075188242, 79.53661766638731, 84.74109318745477, 91.72762761925213, 85.30194024490191, 80.05055885420025, 73.53044637137702, 36.54404894546943, 37.19639302767034, 49.44168751606024, 61.10051572270259, 76.30655382962895, 84.56384945278997, 95.5034550647981, 108.28213119469056, 119.20637519158008, 130.58834534029128, 127.28074649779418, 120.21909860138419, 118.87254821568825, 114.08168249381369, 113.32833249630939], [18.590877763455175, 14.247074568703079, 9.489212868200344, 10.448370131895208, 0.0, 7.6151165140196, 15.754172553187239, 56.25465163559495, 63.996567076146725, 74.92327246587504, 81.47015315145876, 87.5457836038872, 80.9617075395557, 73.743277165344, 64.44469151006722, 32.27637666571155, 29.526608887644024, 26.588013244904293, 26.713337697748408, 27.390341473151352, 23.53599420854749, 20.7874653396321, 20.002321789769557, 23.13406748851479, 27.53937612006173, 64.28825690957903, 71.71178110912665, 79.13585061564372, 87.67220006908833, 93.91182405598047, 92.51626858437109, 85.70756105256577, 77.92317079590863, 69.43172523419932, 63.89878294238675, 34.77731561814906, 38.5108507942591, 41.588755864924885, 38.470638556801866, 46.91256619562169, 55.425104109173546, 63.239899593616926, 65.33559748213966, 64.49355914463932, 57.53132760025455, 51.063519115810315, 50.496525610426055, 59.58131478131729, 59.18863075425572, 61.71176639417313, 68.28640704579466, 71.1273378119508, 76.3448919489359, 85.57499956849757, 83.5552148669275, 80.30789629200466, 77.0041343463384, 71.08448816122714, 64.93325069062853, 60.50748135216611, 63.069263568787136, 69.94691957506832, 75.1610569435435, 82.6207581225999, 75.77931575597144, 70.53636478281074, 64.48709731598207, 46.56359661966352, 45.77244296311795, 53.78023226386601, 62.910856941070364, 76.13545809161778, 82.07501009205704, 90.74857233258814, 100.4390670082644, 111.72845833564712, 124.33388252118603, 121.05023596386164, 114.26413549689313, 113.36115240184758, 109.44842853400547, 109.53754050004628], [12.633223947549652, 11.653253702162928, 11.936829119981946, 16.976636447521457, 7.6151165140196, 0.0, 8.617489571561899, 48.8251333206053, 56.60832195653419, 67.55127726602838, 74.15573190932955, 80.36076632523994, 73.62594477696882, 66.30254558592411, 57.024981059180526, 26.935966045508355, 25.8322635534373, 25.329049721039357, 28.947852458720632, 32.013510911500305, 28.29933858160609, 23.437125263344093, 18.95548169388312, 18.69879054971275, 21.462421108239724, 57.083174182733124, 64.53903031530547, 71.95394628575413, 80.67470916214883, 86.96110254661924, 85.41171156360069, 78.47124341599014, 70.63137401779602, 62.08957840881552, 56.58290765067598, 27.60260957206666, 31.491930100018067, 35.44676098061382, 33.85999376169207, 42.6111882562698, 50.39356932593045, 57.54970950280596, 59.238359120201316, 57.791575509150555, 50.500900414289426, 43.52207023505508, 43.00405898276871, 57.98849497093842, 56.523319248738055, 57.50269320375405, 63.66168055578386, 65.92059670253333, 70.91721967750917, 80.0768570318069, 78.58361110497354, 75.825886283882, 73.06709038039477, 67.94804992524465, 62.513062522630534, 58.50761809359141, 59.52241330671684, 65.52543155685515, 70.16093375177321, 77.25216669250055, 70.84382524957368, 66.1845267679339, 61.08728577723147, 51.42407429804139, 51.369526962342725, 58.50479561679417, 66.37352491737313, 78.94196751965384, 83.58393491746112, 90.57212071258776, 97.67758049562363, 107.54246734388535, 119.57360071859922, 115.79091177362506, 108.66570249799045, 107.34102177697527, 103.14554493508146, 103.18735460548837], [7.792251000970773, 12.8949595550339, 17.196743511528485, 23.40605688342934, 15.754172553187239, 8.617489571561899, 0.0, 40.57274728965804, 48.25392338065037, 59.20499994175006, 65.72278410199193, 71.94933488893541, 65.33137036517958, 58.17000324285005, 48.797685134599675, 23.030694468417686, 23.968322107189085, 25.82812502632419, 31.763442076242118, 36.22251414649737, 32.99589249306128, 27.37405389577492, 20.5809105740027, 16.53607370383263, 16.65718392985183, 49.34504407884724, 56.644971857061996, 63.80281781934632, 72.2771510597799, 78.39568515701917, 76.8592687493587, 70.09192785707236, 62.43421642124142, 53.99480623139111, 48.66414503408469, 21.341592184684675, 27.212025696875674, 33.05107130824383, 33.24638560067525, 41.970473551167004, 48.92625359317059, 54.828242816976726, 55.33153896690086, 52.567968946064305, 45.53739055198172, 36.91505333698881, 35.40433274059642, 59.52775945096462, 57.22071159110056, 56.714435618212526, 62.12816380686877, 63.447012078271634, 67.73524473701595, 76.11010879778006, 75.66004962655586, 73.83544233894744, 71.84522595101583, 67.84470554366352, 63.16017700280004, 59.62461560827347, 59.277162057413285, 64.08859799725661, 67.6774375975044, 73.63355918140617, 68.40359199445194, 64.77848136115468, 60.886840001854885, 54.62072819011482, 55.455253153159504, 62.695418619996445, 69.78843658441178, 82.3865662307734, 86.34834604784838, 92.09389080437151, 97.22925077959742, 104.39264439228188, 114.600884277178, 110.02524380714077, 102.20220235885112, 99.97936951475086, 94.92670747228131, 94.63734383024837], [40.84278835354661, 49.33102987471497, 56.4010987690012, 63.41497201654601, 56.25465163559495, 48.8251333206053, 40.57274728965804, 0.0, 8.968180972782049, 20.09188478331742, 25.717961787302144, 32.42687022798002, 25.108138027831092, 17.854345062896652, 8.343341529821071, 39.96269031343987, 47.19297809510861, 54.93132337242603, 65.34936205058861, 72.55284227335517, 70.2508134974177, 63.31114698917406, 53.75387879652886, 44.4560989161163, 37.27931736436825, 20.814356923883018, 24.991267172957755, 28.942255313463097, 36.722701713287016, 41.45822305892395, 38.52916196550558, 32.2755629682511, 25.998202095307935, 18.975240567714707, 17.373819340257054, 28.37802029968863, 31.362852304611422, 38.758864102789005, 46.11533564333708, 50.38986640241076, 50.18266252487566, 47.97720288703015, 42.79667502410572, 33.5539302095432, 30.33517105424982, 17.77735220896737, 14.118096625572512, 72.71123792488224, 66.71979533940181, 58.94948754120726, 59.51138531554457, 55.934981624032176, 56.11094527187571, 59.91257694766778, 64.60826320767869, 67.43295751226147, 69.61150186612797, 71.56737398871186, 71.58999024956633, 70.97440500656903, 63.80357818506261, 61.764457843407556, 59.63753295891866, 59.501505683371015, 60.51773983062108, 62.55241165685078, 65.44578562278646, 87.88678347452372, 89.60331372692605, 93.84942701231002, 96.3589547104456, 105.9132718361956, 105.06597350510197, 103.44365057858258, 96.27788488599904, 91.44732678189413, 94.14285695967321, 85.84467260869948, 75.33600860809152, 68.94430901193573, 60.85030624450592, 60.48316404904736], [47.61911382040366, 55.941110993580715, 63.331156824356285, 70.74701462204649, 63.996567076146725, 56.60832195653419, 48.25392338065037, 8.968180972782049, 0.0, 11.275523866311312, 17.91929611483278, 26.194767739729457, 19.190006305313553, 13.274515952075015, 6.465526413459232, 44.67256109523542, 51.966327347950546, 59.98082037759709, 70.70165331754006, 78.44626437347218, 76.3935229114036, 69.26628516441784, 59.62031882247559, 50.24387739006935, 43.03403943792874, 16.517080867332005, 18.15063212531525, 20.46212742286122, 27.90563609805824, 32.97719206789398, 30.084977044086493, 23.318507711467515, 17.346962807765053, 11.609273463975084, 12.753681196588932, 34.356814884442564, 38.31081477897762, 46.11436564507254, 54.65498976040389, 58.628913781861606, 57.422802741527775, 54.2329877157998, 48.75455170187292, 38.99189995625617, 35.701280813370914, 23.95654738266533, 18.003207156914016, 81.12196451793399, 74.85289784359033, 66.30484844017465, 66.2532020511718, 62.07277641434508, 61.66924679371517, 64.52691874452319, 70.07950294240469, 73.58638762218688, 76.35717931645617, 79.03727428797595, 79.60367935507014, 79.26429255672387, 71.44599625676567, 68.57236489346008, 65.6951839902655, 64.56873950979164, 66.59037706235432, 69.37921310705508, 73.0995897970726, 93.18487392541304, 96.5891328468222, 101.8383525350966, 104.55923395493345, 114.33219162533506, 113.44119264694768, 111.35170447074539, 102.79368126311523, 95.84832336125015, 96.25040985696326, 86.91652267161642, 75.51090974323148, 67.15876280853358, 56.33843798001343, 53.537142289618465], [58.06240771004656, 66.20642704221233, 73.7893845856699, 81.48044838916586, 74.92327246587504, 67.55127726602838, 59.20499994175006, 20.09188478331742, 11.275523866311312, 0.0, 9.39609643247051, 19.764369052673423, 14.149053512459197, 12.674070783447362, 14.29663242160681, 53.48282668659835, 60.77468447687797, 69.00258566774241, 79.97745216945759, 88.15890512195628, 86.29021383636382, 78.99407165808941, 69.28746691786878, 59.90233120254403, 52.708811674348055, 18.648724853412823, 15.283967746889356, 12.541118658414211, 18.4095594226583, 23.4299169361677, 20.096518752238932, 12.46199564119993, 8.695780454537477, 10.068812041012983, 15.811457841804406, 44.10468864891298, 47.88644769916889, 55.45379830892108, 64.87531173806703, 68.24447700363652, 65.8227564072079, 61.398532995042416, 55.544799726576635, 45.50708324105528, 42.79602673624179, 32.88817964161618, 27.080589166661273, 90.75631986425074, 84.09203376931733, 74.58779821153311, 73.69658083332695, 68.7929812301129, 67.62841779246395, 69.28325524023003, 75.77776915680302, 80.10198563045503, 83.61852198643798, 87.26817902642726, 88.61589778909149, 88.70758437838217, 80.01097078190513, 76.03881376529881, 72.21195313880004, 69.86847303871023, 73.10826490337453, 76.85179696081319, 81.6501470507624, 102.36778095337107, 106.94442298169317, 112.60220220026216, 115.13689834626511, 124.71130456196616, 123.35877803070238, 120.29188807549986, 109.5572880713591, 100.0777679215601, 97.99530618804762, 87.57468248287414, 75.42454760412254, 65.06170471091981, 51.600466395835255, 46.253083873817566], [65.24124597553285, 73.54626009715693, 80.85817235749093, 87.91771300728398, 81.47015315145876, 74.15573190932955, 65.72278410199193, 25.717961787302144, 17.91929611483278, 9.39609643247051, 0.0, 10.531484147506939, 7.402351222094436, 12.224150816481654, 18.21077373868321, 62.00494777318404, 69.20282291239269, 77.15420543177345, 87.62307696445065, 95.17809155576151, 93.38799666029014, 86.58302467574508, 77.1343844440989, 67.86410537738975, 60.74981560882016, 28.032562076766975, 24.0632177721748, 18.82724213251155, 19.0218333567526, 19.143026224759424, 14.478603328187358, 12.733289856836333, 15.562921080824802, 19.440437133603275, 25.162508808988527, 52.16314523121942, 55.10779985704742, 61.69325627891138, 69.62582660221624, 72.21155494266755, 69.83347210132007, 64.59205515356597, 57.51541405216533, 47.226974005484756, 47.74279264283657, 39.28067949473486, 35.29846666380263, 93.3447860663493, 86.85449336439044, 77.56275593612628, 75.95286068902725, 70.5305416014428, 68.183060110722, 67.78116347051768, 75.29447607841249, 80.55010671468284, 84.58364547513924, 89.02622247746724, 90.75949793857473, 91.1671103053823, 82.56109141005592, 77.93077340425317, 73.15923378215614, 68.9791924931289, 73.95022285299453, 78.62191811192669, 83.96557932979228, 108.42054066826243, 111.39612898589145, 115.8343096474191, 117.36828914948856, 126.36949115940784, 124.4702987529181, 120.55375362394352, 109.04333144150067, 96.50786771356252, 91.73065770416879, 80.62496761747357, 67.97643848538279, 56.61585026226158, 42.8500258399733, 39.614611469721034], [72.2780199760333, 80.70169469160322, 87.62377627318125, 93.88173693832734, 87.5457836038872, 80.36076632523994, 71.94933488893541, 32.42687022798002, 26.194767739729457, 19.764369052673423, 10.531484147506939, 0.0, 8.603982353848075, 17.105717844777196, 24.524140770352876, 70.70278117128507, 77.78180774761563, 85.38559495495716, 95.23730660701999, 101.9881258519262, 100.2450708808066, 94.03328600609734, 84.91435987245383, 75.82086595716173, 68.83299819033721, 38.3411782177275, 34.57127641720637, 28.842422221445794, 25.98070697333373, 21.250603418364218, 16.330175196805328, 20.89614218264848, 25.88369392553333, 29.82785301993697, 35.28384504002948, 60.30934703436515, 62.34896052333137, 67.82985769129029, 73.8520243466005, 75.59502298163748, 73.5196346772582, 67.66004764503633, 59.37813676184765, 49.16279941433898, 53.149799178741, 46.128970558622946, 43.922885023177464, 94.81716919046265, 88.68033016956826, 79.94409011687065, 77.6662119335342, 71.85430411903877, 68.25998547323381, 65.51220971287412, 74.00188185671499, 80.17650993336696, 84.64085042182367, 89.80550146555201, 91.8366036355347, 92.54220106997109, 84.3130454583179, 79.17072575413921, 73.51567495123648, 67.35973268097266, 74.16343673590201, 79.70278603702815, 85.41987391649404, 114.23346764088905, 115.0329834287055, 117.83101160656501, 118.13886191574218, 126.37064962516968, 123.86331532595806, 119.08445159488639, 107.12069161595383, 91.30563633636737, 83.53332836364537, 71.78998066304753, 58.66379774741107, 46.431305023973444, 33.34888575054119, 35.102829577384746], [65.71319136629543, 74.18390607592812, 81.21493249172042, 87.80447300408632, 80.9617075395557, 73.62594477696882, 65.33137036517958, 25.108138027831092, 19.190006305313553, 14.149053512459197, 7.402351222094436, 8.603982353848075, 0.0, 8.586493592266283, 16.863164528858302, 63.792564604149185, 71.11053539857905, 79.01218312953063, 89.34507725645818, 96.43437028744123, 94.4518056556328, 87.82271709987667, 78.38692686867117, 69.08974897080314, 61.89334208732126, 32.00783832212142, 29.347129091214185, 25.385158395288, 26.39059553538777, 25.283455117952453, 20.24553073867349, 19.89822659780494, 21.69190015123797, 23.728899325880285, 28.671742324610374, 52.841665295978714, 54.111387535103475, 59.49171717987577, 66.22352025750834, 68.08311282503573, 65.6509730524006, 59.949060398225775, 52.170383128241504, 41.87947684709581, 44.70298521843858, 37.72058830484067, 36.2577308261738, 88.3171928503377, 81.83266000377924, 72.62033313166057, 70.59598300735098, 64.94739889388477, 62.030111490192745, 60.83864430420219, 68.65741125789857, 74.25848952797487, 78.50425172724403, 83.34747345180133, 85.37236442137285, 86.03230311119484, 77.353101460697, 72.35256374148628, 67.1414783970503, 62.22384626923954, 67.87502600564319, 72.9732840757364, 78.62300136364937, 109.91865066749956, 110.82208880894088, 113.50825935423171, 114.00061253184977, 122.04831562785144, 119.34123093455074, 114.57837124950758, 102.31542880206617, 89.15614331538953, 84.79594581875462, 73.96560055538939, 61.760932014475436, 51.656099735739694, 41.24404098803534, 42.7509744474631], [58.68571152264077, 67.16784253602171, 74.2273339309954, 81.04312430991791, 73.743277165344, 66.30254558592411, 58.17000324285005, 17.854345062896652, 13.274515952075015, 12.674070783447362, 12.224150816481654, 17.105717844777196, 8.586493592266283, 0.0, 9.577280542164619, 56.7173734370828, 64.20587549192346, 72.29631053318208, 82.96472509398008, 90.25263689316073, 88.03869548538555, 81.09429644237943, 71.43147055662074, 62.00731239066403, 54.66628194040724, 26.991202482068616, 26.239868740628754, 24.982326629292018, 29.647298689165343, 31.310029590941785, 26.68672120247441, 22.89878217924294, 20.905766412206134, 19.729889034592617, 23.34385478101353, 45.156225168759065, 45.632532180536614, 50.94829215379283, 58.23118807211254, 60.33457831752869, 57.80341879237339, 52.529328511687815, 45.36328540564726, 35.06311517143618, 36.447083784524516, 29.154660135270127, 28.68318567382086, 81.51429543371968, 74.80193054008762, 65.3493540275499, 63.76374455174547, 58.44646068549623, 56.38017213455381, 56.96109766570291, 63.88763077878278, 68.74112568394554, 72.60002164901746, 76.91178866601432, 78.74968541788405, 79.26731696304263, 70.3713503207404, 65.76053552403965, 61.206815555778185, 57.776488551909246, 62.02132080335037, 66.46517357308822, 71.79974925263637, 104.84311868521237, 105.67839373483565, 108.23789814740634, 108.95946965564973, 116.9067251364921, 114.1634050005471, 109.66685711843168, 97.68310662388683, 87.43454876247148, 86.39048896679635, 76.56873080677774, 65.29572591235221, 57.166208654222785, 48.839125776083755, 50.36799651641193], [49.17768696580084, 57.66491205164169, 64.72268240363029, 71.59683235566902, 64.44469151006722, 57.024981059180526, 48.797685134599675, 8.343341529821071, 6.465526413459232, 14.29663242160681, 18.21077373868321, 24.524140770352876, 16.863164528858302, 9.577280542164619, 0.0, 47.76794996059482, 55.11069504990999, 62.99527340114327, 73.47861877009754, 80.68538496365517, 78.4625694013605, 71.5767239236743, 62.00684155911684, 52.665272287992615, 45.425919551288, 22.214329303652228, 23.922525416974292, 25.481403736097388, 32.02875174272547, 35.52413789208269, 31.919238691868454, 26.579086131151104, 21.875658457711644, 17.110859725840868, 18.36993809793362, 36.273972744291534, 38.0883806164915, 44.498659436031026, 51.770106143697994, 54.99800821549575, 53.72372573739596, 50.001602651043925, 43.70289583487706, 33.68184396395145, 32.81628898655674, 22.61541816992191, 20.524113383476205, 76.7991764351015, 70.48241278783999, 61.9285097732729, 61.462253816846534, 57.016353278831616, 56.082565666896905, 58.313478001322146, 64.13904460986288, 67.97523926219564, 70.96026690927191, 74.0479330602891, 74.90443449546913, 74.81548479627472, 66.85366618483482, 63.58656265918687, 60.26595162533043, 58.49109162580552, 61.11609897098273, 64.33225533925304, 68.38735380120687, 95.49844608491847, 96.80398676260543, 100.29673114925636, 101.9632862028872, 110.83939474394133, 109.15862626770374, 106.2369178021107, 96.94098802936593, 89.40816523583655, 90.17253187124675, 81.10494908872023, 70.11866413526045, 62.807218604329556, 54.35337116305237, 54.68229803186923], [16.349069411497798, 19.416193891168295, 27.23759579140504, 37.79223763620086, 32.27637666571155, 26.935966045508355, 23.030694468417686, 39.96269031343987, 44.67256109523542, 53.48282668659835, 62.00494777318404, 70.70278117128507, 63.792564604149185, 56.7173734370828, 47.76794996059482, 0.0, 7.991287928938483, 17.336028922800597, 30.532334334608233, 41.139867386496306, 38.525058904920265, 28.878364118618506, 18.332656753885207, 9.754823831263176, 6.624925278580053, 37.895849498890755, 45.24018898620126, 53.687267738408615, 63.497010744964385, 72.1177096250201, 71.25776451287727, 62.28524697296293, 53.48808991978784, 45.254651508205754, 39.00864948526654, 13.860774024655662, 26.512853039430727, 36.95319219215906, 46.65701600663936, 55.005148391337094, 57.449380382990036, 61.565065988227424, 63.11167156820603, 58.944931576013595, 46.30817342935575, 35.70010074360693, 28.597984127911694, 77.0971258118067, 72.68644262941649, 67.99736454063894, 72.53559150507378, 72.73636928047975, 77.41490253098846, 86.83102092594017, 87.18266363955581, 85.86673449957418, 84.99861102307366, 82.32089196843751, 79.39215914946345, 76.70400910097906, 72.72360889470012, 75.47607180070663, 78.26121582293922, 84.54818824274835, 79.25305830576531, 76.4867391247982, 74.89404737244932, 61.164700119840795, 72.19642510314335, 84.0037726434485, 92.42956146444861, 105.15671664783106, 108.55720560715835, 112.7695876963817, 112.92304494696866, 119.12694038650164, 128.18597448386154, 121.91251264594804, 112.61193049023335, 107.47057894232235, 97.86212246189642, 91.95382617011676], [16.56920401149322, 15.929417467874872, 22.741629467357786, 33.36800824207431, 29.526608887644024, 25.8322635534373, 23.968322107189085, 47.19297809510861, 51.966327347950546, 60.77468447687797, 69.20282291239269, 77.78180774761563, 71.11053539857905, 64.20587549192346, 55.11069504990999, 7.991287928938483, 0.0, 9.539811946176354, 23.04824486825843, 34.24128714827643, 31.758034317396824, 21.857087543101645, 11.977757130544145, 7.472926905286176, 11.239405887884331, 45.18367017905641, 52.29160626729311, 60.60415089081937, 69.96585221050148, 78.54465068195123, 77.99721189732074, 69.24951643530271, 60.6306955728022, 52.59431384282823, 46.426918465090175, 21.22811914303999, 32.87427073389141, 42.34118891554335, 50.516921964173044, 59.17046835180458, 62.562924947701774, 67.5327102053795, 69.48837322426667, 65.82049956023161, 53.46552283710434, 43.30455868145235, 36.40996021540431, 79.80984938449329, 76.14938300836488, 72.6828414117088, 77.7504650889724, 78.50761446588338, 83.48462941243575, 93.09091356708886, 93.00920623865082, 91.24857296164693, 89.88144526746595, 86.4496735921754, 82.83990547684151, 79.7328560252494, 76.95120560488313, 80.57554963927471, 83.95559170051544, 90.66506514378578, 84.9078673398143, 81.54678810215249, 79.05483105061016, 54.66638349415405, 67.7455585159924, 81.36829362165284, 91.07155665995738, 104.62587407432066, 109.22360624627206, 114.90715146449706, 117.25162451407654, 124.61456912665732, 133.9775538458898, 127.98616490039143, 118.76912747248603, 113.74673794475237, 103.94299826635682, 97.59199674587806], [18.948516677181832, 14.005999025879376, 17.95231600046782, 27.678048236010895, 26.588013244904293, 25.329049721039357, 25.82812502632419, 54.93132337242603, 59.98082037759709, 69.00258566774241, 77.15420543177345, 85.38559495495716, 79.01218312953063, 72.29631053318208, 62.99527340114327, 17.336028922800597, 9.539811946176354, 0.0, 13.627029476541171, 25.23139186155471, 22.960298207640836, 13.148346770785368, 6.624980773887424, 11.69539493957425, 18.687437965875635, 53.955305321639365, 60.87246540035304, 68.92065845713674, 77.66799504763749, 85.91912824198685, 85.63880709327529, 77.366615353306, 69.04475878341555, 61.15315282288627, 55.125831169423776, 29.63055693029826, 40.490012740764854, 48.876772988538086, 54.75729142508104, 63.615497637455334, 68.30608611389115, 74.14651947109067, 76.26546799735483, 73.07450169666208, 61.54374723529882, 51.6884409083177, 45.150725460277535, 82.12298198304902, 79.50138443646212, 77.68966508225297, 83.2928679193175, 84.63872740440443, 89.77999164787657, 99.33746270588448, 98.84228369371824, 96.67002730716446, 94.73670234170713, 90.47712812546693, 86.02125235944132, 82.42288949909926, 81.25992900936721, 85.88651486042707, 89.84392659593493, 96.79535150908795, 90.72681862438506, 86.77924668149387, 83.21763882653691, 46.00890181519446, 60.96548356642001, 76.59487694577007, 87.72616328418766, 102.27603363533291, 108.3752917164611, 115.88385487029855, 121.14852139811786, 129.55227456295717, 139.07416275824968, 133.48431806482012, 124.433613562221, 119.7105427912137, 110.02179164029423, 103.70275289582264], [26.718031521743328, 19.37070561415758, 17.522207935422095, 22.5343609449512, 26.713337697748408, 28.947852458720632, 31.763442076242118, 65.34936205058861, 70.70165331754006, 79.97745216945759, 87.62307696445065, 95.23730660701999, 89.34507725645818, 82.96472509398008, 73.47861877009754, 30.532334334608233, 23.04824486825843, 13.627029476541171, 0.0, 12.287191124592194, 11.10104712397083, 6.478669502255382, 14.15212913550028, 23.08393146737507, 30.549436655659658, 65.994131307368, 72.65245771188661, 80.24735071092556, 88.07244240969912, 95.67914900250197, 95.71345787183792, 88.24532464739112, 80.4206973109587, 72.74380174315722, 66.97131180300002, 41.68263784261771, 51.90165551912469, 59.1301629360745, 61.92594475775679, 70.7888412997122, 77.14348248860664, 83.82887783514684, 85.8135523948078, 83.05375647761782, 72.96286844294143, 63.27812741603662, 57.08489261121061, 86.05707297749974, 84.9364866773879, 85.37871589857352, 91.49997091791388, 93.46583046428646, 98.57738202925125, 107.71512994863095, 106.85775006521035, 104.33236476467604, 101.74772689799681, 96.56148818383521, 91.02942222284223, 86.8383506212626, 87.92143225067484, 93.70675627005576, 98.2014960757163, 105.11424486777356, 98.97359475242187, 94.46734950824222, 89.61713284030597, 33.12077550047346, 50.8430380027584, 69.55120489221869, 82.67032116000331, 98.6780826973199, 106.99849965305168, 117.07279680939777, 126.51610648131022, 135.73965339105806, 145.02434832153938, 139.9647862965612, 131.14211303490129, 126.82772339243745, 117.42447888587898, 111.44247468779238], [33.32777868922518, 25.84249175839631, 20.539940720283013, 19.00908659964879, 27.390341473151352, 32.013510911500305, 36.22251414649737, 72.55284227335517, 78.44626437347218, 88.15890512195628, 95.17809155576151, 101.9881258519262, 96.43437028744123, 90.25263689316073, 80.68538496365517, 41.139867386496306, 34.24128714827643, 25.23139186155471, 12.287191124592194, 0.0, 4.276543584214012, 13.57730766645822, 23.66315948907071, 32.53861348515192, 39.816683525388825, 75.60842663725863, 82.2056506086509, 89.40020577242508, 96.56979110340075, 103.3546396821307, 103.40390416460376, 96.75943750165872, 89.3692043188784, 81.73130139665744, 76.20274674809629, 50.61538899929189, 59.82536139819097, 65.83350365686192, 65.55320938697459, 74.15991077870213, 82.03002081157437, 89.34137278809128, 91.03817868652965, 88.77046335180644, 80.41788102008044, 71.15909977722315, 65.87958539303743, 86.10064311954775, 86.40030770995567, 88.97217326263781, 95.43259706524084, 97.91521575624898, 102.85630020613671, 111.41984742062238, 110.22251509537347, 107.4353468250924, 104.29010042797678, 98.37290890483114, 91.93142417059927, 87.28387193373761, 90.45845208279621, 97.19911985494885, 102.07441841814632, 108.7895569342102, 102.72172994595694, 97.81009407519737, 91.8539791576143, 22.798679385165396, 39.66899926319772, 60.22116631298604, 74.6903182948282, 91.70425614495717, 101.80177546147902, 113.97540421829943, 127.17441792764227, 136.98427863516713, 146.2296874120583, 141.88458661091187, 133.57161014634008, 130.11465791195153, 121.86247243706815, 117.27392483555272], [30.331759159842367, 22.51174486127126, 16.72208238537994, 15.693373542139403, 23.53599420854749, 28.29933858160609, 32.99589249306128, 70.2508134974177, 76.3935229114036, 86.29021383636382, 93.38799666029014, 100.2450708808066, 94.4518056556328, 88.03869548538555, 78.4625694013605, 38.525058904920265, 31.758034317396824, 22.960298207640836, 11.10104712397083, 4.276543584214012, 0.0, 10.404596826295242, 20.591902990613978, 29.62429165504465, 36.96163139112647, 73.6401098218867, 80.43764778228204, 87.80486053687098, 95.34433828092631, 102.22507206000867, 102.06011553037919, 95.21477234390649, 87.63679808808016, 79.80355200024722, 74.17320317477835, 47.65075297544291, 56.25345893005758, 61.95071135148556, 61.653868574147346, 70.25661533526842, 78.05336853384219, 85.48611151189603, 87.425481128919, 85.41185224209272, 76.90978364029716, 68.06211217908287, 63.33450368955448, 82.42093802376363, 82.56372465051739, 85.01646122847096, 91.53265124040591, 94.10731678612686, 99.20390594448243, 108.0474243773024, 106.65315437029142, 103.71682931445139, 100.52717825645138, 94.56211265488041, 88.19080639251128, 83.57832443043935, 86.56737668892946, 93.33761511435519, 98.33861353253374, 105.33150216090495, 98.99495001025882, 93.96347311335296, 88.0003717026281, 26.723807517017217, 40.69289564607939, 59.58013076151161, 73.45083516790226, 89.89172584319532, 99.38111597683063, 111.05584777022776, 123.60879581208073, 133.94009040506458, 143.91143967921423, 139.71798834101014, 131.6235304717745, 128.51203316160618, 120.79779262791844, 116.71478153977066], [23.194698436804174, 14.998194492308663, 11.851564633978969, 17.675873726647573, 20.7874653396321, 23.437125263344093, 27.37405389577492, 63.31114698917406, 69.26628516441784, 78.99407165808941, 86.58302467574508, 94.03328600609734, 87.82271709987667, 81.09429644237943, 71.5767239236743, 28.878364118618506, 21.857087543101645, 13.148346770785368, 6.478669502255382, 13.57730766645822, 10.404596826295242, 0.0, 10.762575132895748, 20.36664307305396, 27.987992782408888, 65.28938278692098, 72.29005556885107, 80.06216816301824, 88.33871904488483, 95.84572581797461, 95.50101978265482, 87.93830391447648, 79.92021439480173, 71.90872362811314, 66.03138996153491, 38.86745332128494, 47.72446689609008, 54.133604310181504, 56.20642976355833, 65.01401127146798, 71.6018329241957, 78.64475874308567, 80.95976248919055, 78.75169584354533, 68.84688121953546, 59.985736844991884, 55.05902285642093, 79.92613142597521, 78.85698381480044, 79.57820733147507, 85.86841314515259, 88.1060011136829, 93.43001447819319, 102.8838953918689, 101.62133366222734, 98.79399629627656, 96.00844559414672, 90.58624589427848, 84.97197781052843, 80.74667382537919, 81.98538601022554, 88.03324658773118, 92.81966628235129, 100.13547559342585, 93.5762768582291, 88.78252497621887, 83.67251750319107, 36.08982713668522, 49.685263657346034, 66.2584271617462, 78.66191720182535, 93.93523744102757, 101.66255512764275, 111.38015020992249, 120.6382525527187, 130.8170563517584, 141.2685251267436, 136.65115047316576, 128.33669329605095, 124.84414501139086, 116.70031432194756, 112.02478468501522], [14.745413264461531, 8.041369354713163, 11.712538450343414, 22.005397033287217, 20.002321789769557, 18.95548169388312, 20.5809105740027, 53.75387879652886, 59.62031882247559, 69.28746691786878, 77.1343844440989, 84.91435987245383, 78.38692686867117, 71.43147055662074, 62.00684155911684, 18.332656753885207, 11.977757130544145, 6.624980773887424, 14.15212913550028, 23.66315948907071, 20.591902990613978, 10.762575132895748, 0.0, 9.75773129407492, 17.42861637077706, 55.18272094959383, 62.37945226839086, 70.38332028226787, 79.22425225120195, 87.0302016524641, 86.42194707126517, 78.42264532081207, 70.12595301046451, 61.94102746198601, 55.93322055260829, 28.320509677718977, 37.78773984435669, 45.22028210678574, 49.49320422494965, 58.38798773300999, 63.84690409505114, 70.17526130293022, 72.35591950478106, 69.6800870619261, 58.96354436733231, 49.78171838776361, 44.70294736792361, 76.0033394708807, 73.74299841706537, 72.71277225543633, 78.55539601429284, 80.22881120878765, 85.44767187145962, 95.04086191026157, 94.19107290485802, 91.76387343892394, 89.54126673557269, 84.9358224614239, 80.16053733664674, 76.40921471425223, 75.89261659072979, 80.9859426118721, 85.24076275334862, 92.38450713193501, 86.07639910956402, 81.82618644285327, 77.76442332287836, 45.310408181628056, 56.88629039993322, 70.97999398308515, 81.6567060875732, 95.85801714583363, 101.81349177192311, 109.44471259246247, 115.46313926049335, 124.56117210322489, 134.88701239921767, 129.81377443601127, 121.27601214793569, 117.4581625661195, 109.17032924004272, 104.47361641581483], [9.29579740461984, 9.718051152392079, 17.508034934171164, 28.052210077313923, 23.13406748851479, 18.69879054971275, 16.53607370383263, 44.4560989161163, 50.24387739006935, 59.90233120254403, 67.86410537738975, 75.82086595716173, 69.08974897080314, 62.00731239066403, 52.665272287992615, 9.754823831263176, 7.472926905286176, 11.69539493957425, 23.08393146737507, 32.53861348515192, 29.62429165504465, 20.36664307305396, 9.75773129407492, 0.0, 7.67825493513266, 45.81552153645865, 53.16578574766442, 61.254417562911286, 70.45764492796047, 78.34709532664941, 77.48838795255514, 69.26773265644039, 60.82951043332262, 52.50525926402178, 46.452767233608434, 18.68890953324589, 29.533843217187346, 38.3234145959929, 44.57135292436927, 53.36595267117616, 57.778933154944156, 63.145370177834835, 64.79587264915398, 61.41014032564873, 50.32887964239706, 40.42595826098355, 34.96915480038082, 73.23264771350776, 69.96004755015878, 67.34165667400391, 72.58907898441083, 73.56344470519718, 78.42878521426992, 87.79204254915253, 87.54749026397168, 85.70539272619848, 84.11462258983148, 80.44487379278598, 76.48751202662145, 73.22697409530704, 71.15394752313169, 75.19309559786241, 78.71526227192832, 85.32071438850386, 79.60857688708845, 76.09229532260713, 73.13636517961541, 53.10123670720694, 62.83199053028604, 74.92363207954668, 84.05570406809366, 97.40365569680114, 101.90465834771669, 107.70808758611777, 110.96653541331168, 118.44698132644731, 128.15664050406576, 122.60128568160094, 113.79383848014457, 109.60478123657481, 101.18666810620051, 96.6450859354284], [10.581173977907081, 15.70243935469372, 23.76935959839501, 33.83748540877566, 27.53937612006173, 21.462421108239724, 16.65718392985183, 37.27931736436825, 43.03403943792874, 52.708811674348055, 60.74981560882016, 68.83299819033721, 61.89334208732126, 54.66628194040724, 45.425919551288, 6.624925278580053, 11.239405887884331, 18.687437965875635, 30.549436655659658, 39.816683525388825, 36.96163139112647, 27.987992782408888, 17.42861637077706, 7.67825493513266, 0.0, 38.75610997858538, 46.266062335322935, 54.413058090671974, 63.96342607065979, 71.87941594511571, 70.75314448544317, 62.34861545987588, 53.78588172490657, 45.312742163975045, 39.22948918364187, 11.147468866685209, 23.56044340082355, 33.54459697000079, 41.47730446485648, 49.9791990138442, 53.39130287968578, 57.8291800690619, 58.9819791065201, 54.97701504109767, 43.63124194109927, 33.06954465201904, 27.34270127390368, 71.47096534333151, 67.39242074668924, 63.447583084530784, 68.12590957375029, 68.48232458720253, 73.00844295803827, 82.1380355104541, 82.40507767751622, 81.06906594210392, 80.02520249201534, 77.17405462731092, 73.94036210744217, 71.1246277405371, 67.76163040119225, 70.85719378641254, 73.7204684429797, 79.83251057679576, 74.65804749679457, 71.79970616579628, 69.81753972223345, 59.68578324824802, 67.98104312375133, 78.46253094165341, 86.34367479561132, 98.90287240198617, 102.22109288841092, 106.52507170317563, 107.50844184712354, 113.6582377083417, 122.90045991976751, 116.98123141662468, 108.0016520374637, 103.5689552140516, 95.17008517991893, 90.90558765209491], [46.352616262776564, 53.65999126748439, 61.718827105349405, 70.77834611073793, 64.28825690957903, 57.083174182733124, 49.34504407884724, 20.814356923883018, 16.517080867332005, 18.648724853412823, 28.032562076766975, 38.3411782177275, 32.00783832212142, 26.991202482068616, 22.214329303652228, 37.895849498890755, 45.18367017905641, 53.955305321639365, 65.994131307368, 75.60842663725863, 73.6401098218867, 65.28938278692098, 55.18272094959383, 45.81552153645865, 38.75610997858538, 0.0, 7.842036653380101, 16.49231150186456, 27.936944722826905, 37.33758867788632, 35.850855924701804, 25.434446972519943, 16.088353824703663, 8.654226147793977, 3.848796992983, 30.86919369135632, 37.404221277808325, 47.25230632268096, 59.665974310399804, 64.71971299772764, 62.46454245113873, 60.18505770763472, 57.28971659380735, 48.70040768850089, 39.38030084750101, 27.214618731938796, 16.117573081813184, 89.22074495479454, 82.4840218287829, 73.02717183796909, 73.72308303245329, 70.1457862399