{
	"dissimilarities": [[0.0, 7.363575011821972, 16.398330111756408, 24.179357495612944, 16.780780587909522, 10.403090171051339, 5.455982561219381, 42.811539773788354, 49.99360146745705, 59.42037815039879, 67.71551158336833, 74.64775589021178, 68.04090716903872, 59.797305289605056, 51.41389111140601, 24.34967297228047, 24.976310875409702, 25.779386401851813, 31.048181131731646, 36.87286686380021, 33.02086649072411, 25.999395622670406, 20.088009630547546, 17.275620294431658, 18.28292119406975, 50.96824581201955, 58.391751701668255, 65.31493967333098, 74.50760705436967, 80.03732226346091, 79.00195331917155, 72.21358862231853, 64.18971604956673, 55.64439790790652, 49.20728994028397, 20.468186935287303, 25.284241266340914, 35.81070898301036, 36.31906741302951, 44.29447727143287, 52.561878755977595, 56.62697706497067, 57.01357064675358, 55.110281937445336, 47.7124266759642, 37.17958047393841, 35.735749739912244, 62.92817743707988, 57.950309262625154, 56.98543918667011, 62.20503103533985, 66.17992760039235, 71.11353779087942, 80.9379711039307, 85.02615467635292, 84.20695492248679, 82.19248698440968, 78.33715243372407, 71.64710092330598, 64.19767516680808, 60.82933563891153, 64.43439496193623, 68.3169517260098, 77.77997280843775, 76.92019588935395, 74.29611240142538, 70.30679837442744, 55.36879657318648, 60.20244451994474, 69.43333977708352, 76.09226830480262, 87.51690281624437, 103.05988463030577, 109.37231397524349, 111.68318704500624, 124.52616248315327, 120.55393189020792, 115.1636681057245, 107.24822862782811, 105.10790071535774, 99.56594883695158, 96.38072888685568], [7.363575011821972, 0.0, 9.59023344181079, 18.046131567880664, 10.426953582463673, 6.412519978901742, 9.410224725841829, 50.00413328935484, 57.2412561876771, 66.63071942835938, 74.94665433529795, 81.85405803245453, 75.18285503462688, 66.89295350476652, 58.5187615615922, 28.08778140319931, 26.874614172900454, 25.714563211836538, 28.526250931208853, 32.86190480694119, 28.618934196457303, 22.632827447182336, 19.2993256866575, 19.562519176324248, 22.768054888582245, 57.8423871292815, 65.34672102141752, 72.38695697446552, 81.70325438116096, 87.35821502898914, 86.35335338225131, 79.50118221552586, 71.39368906114501, 62.80483021801108, 56.23432618456412, 26.795381948706474, 30.145498325519483, 38.81705300598372, 37.88654956042106, 46.08035469092561, 54.94598579817923, 60.1101112231186, 61.26504145289324, 60.27092709935829, 52.44907229090202, 43.334513435849594, 42.63418691402282, 62.42157140590382, 58.26648055336456, 58.53357769927902, 64.51423242511713, 69.33181592191222, 74.85709928655521, 84.92476693330978, 88.19207859278517, 86.46175850416051, 83.77478268827798, 79.07267903915067, 71.71028220687896, 64.15934695375452, 62.20642158652595, 66.62389037183588, 71.33574748704612, 81.45404854868436, 79.60363778444442, 76.16391411414047, 71.36229703030904, 51.68830246903625, 56.30937542657664, 66.1123281689966, 73.36312955353391, 85.03158438852762, 101.4102760261005, 108.63261699986987, 112.88888795703872, 127.34351261094295, 124.83723777921223, 120.07152619511272, 112.70934927032552, 111.18993729393529, 106.36834114532384, 103.47741301027988], [16.398330111756408, 9.59023344181079, 0.0, 8.91702766573195, 5.408279268972157, 10.442922913034169, 17.32700499670018, 58.71333864998972, 66.01062122966508, 75.45636609068828, 83.56026393395004, 90.03843850120128, 83.71578256304889, 75.56368963188986, 67.18780746351935, 35.744197199406855, 32.79510326190509, 29.296723167606764, 27.474380012254578, 27.662637110987536, 23.360315615848585, 21.280644460746156, 22.898335448559532, 26.39457735218418, 31.192063109868574, 66.98450582852061, 74.37357751663939, 81.24884788991947, 90.19521746204437, 95.66769211715417, 94.73521759417653, 88.22253050019063, 80.34972727573164, 71.89279541452079, 65.42472453257595, 36.34935842018853, 39.22422402800588, 46.4882583445361, 43.189702584059305, 51.411111875784535, 61.14245282117715, 67.13095187156883, 68.51719173425482, 67.99092745645173, 61.02300510606199, 52.65338792276192, 52.077544312973224, 63.36756393985179, 61.048126260157055, 63.20748561179002, 69.86683030884468, 75.32894511113784, 80.97780337101136, 90.51834524844801, 93.05682481518835, 90.69749011946747, 87.3388865392811, 81.67792694685299, 73.2523476329932, 65.55329490726734, 66.34330063639887, 71.68841246679071, 77.05884717040607, 86.80410095009661, 84.18948802805356, 80.08587137267884, 74.31561768880962, 44.63470704621847, 48.43590945096069, 59.56671446182615, 68.18333574289505, 80.68512058599549, 98.05743734632854, 106.89149002077635, 114.95821097587182, 129.94838030388678, 128.9807548763599, 124.90053659330478, 118.06798293443073, 117.1015515089165, 113.01117061148409, 110.51159393833184], [24.179357495612944, 18.046131567880664, 8.91702766573195, 0.0, 9.738732792059704, 16.956043775049796, 24.090031568955027, 65.05200025240501, 72.41544318839328, 81.85939497548577, 89.62570323039635, 95.50630372149048, 89.6166946235102, 81.68373447948008, 73.36390206430019, 44.19769673212008, 40.79988736825141, 36.40080858478721, 31.638196278403814, 27.360792116199523, 23.70285955001468, 26.00964475433582, 30.326070971731387, 34.723126871792886, 39.73972183424218, 74.73334710030227, 81.94747277604476, 88.53369316878317, 96.9087213263655, 101.85110495132865, 100.8869257016908, 94.9754871781, 87.48847729959567, 79.2087712063767, 73.01414059903699, 44.55458927371852, 46.88982325337788, 53.18819136553001, 47.49105029213784, 55.55345129499762, 66.07716482916412, 72.46524312875508, 73.67102168045709, 73.32015564020334, 67.950533504838, 60.08080459051731, 59.8018135116318, 63.002197745629864, 62.64159619529027, 66.53306294197397, 73.5686499575691, 79.3393066245202, 84.75009258191118, 93.36793307925922, 95.36261950432026, 92.73161468111682, 88.91827304685381, 82.56202161505743, 73.20051657421837, 65.4258720972155, 69.00614524433323, 75.05039668617695, 80.75466023071749, 89.51192695996974, 86.45525692840955, 81.99787065743288, 75.4849158114947, 39.45167271020898, 40.15515712643202, 51.62348531192045, 61.33306848679961, 74.61715522815751, 92.61500938372284, 102.8443177401477, 114.609710792089, 129.3250194153898, 129.67863370273383, 126.26216710730783, 119.98293535620957, 119.63156285106842, 116.56950940876736, 114.9650226842353], [16.780780587909522, 10.426953582463673, 5.408279268972157, 9.738732792059704, 0.0, 7.809007149393451, 16.02395930856269, 57.73711571473436, 65.18723296674752, 74.51333193428184, 82.55968384640606, 88.95949449836854, 82.45015982297707, 74.25950103137416, 65.94304928175151, 38.2989945514771, 36.279972265380884, 33.6376296994541, 32.78989461562031, 32.80918280911198, 28.569340977407602, 26.54415759771212, 27.13095605231504, 29.402706623950692, 33.16356840900746, 67.69378803499475, 75.13910999435957, 82.01809173356153, 90.96307592261837, 96.01050235669912, 94.84224469994125, 88.55410415392426, 80.71413628385328, 72.18030888487873, 65.83715329760881, 36.44223084757305, 37.506018023752, 43.50170088412252, 38.74865486903323, 46.919409014415194, 57.019313039544365, 63.312969967220305, 64.81028184336293, 64.71803244441702, 58.43829009416427, 51.17014097863785, 51.895983913854174, 57.97487242391916, 55.83254184122387, 58.4308731862396, 65.2667984184823, 70.94993225276943, 76.69295602399288, 86.20620885140093, 88.37337323282156, 85.73809437082629, 82.21689588550511, 76.39993643002201, 67.88766002154742, 60.195414356829716, 61.38705897197769, 66.97853126081856, 72.56682552672936, 82.36164904007819, 79.37672761802851, 75.05892127959851, 69.10637958339257, 48.20057471272726, 48.904711805520925, 57.32946216791465, 64.71784645071463, 76.55711435797943, 93.6984560025046, 102.06725190871016, 109.71017785426164, 125.4030310701477, 125.09661213931068, 121.40003966958066, 115.04298385657759, 114.75314485435374, 111.82851708811187, 110.54353120556857], [10.403090171051339, 6.412519978901742, 10.442922913034169, 16.956043775049796, 7.809007149393451, 0.0, 8.5958717391759, 50.21507935393267, 57.67442335753055, 66.94518475207045, 75.08908488428084, 81.7157825131165, 74.9716946260798, 66.69673165101032, 58.385989126730294, 33.47735496373778, 32.99036690236209, 32.12301837706203, 34.33038680131291, 36.979451578188026, 32.762341218975074, 28.2907872329484, 25.702631938106297, 25.51789719105534, 27.684263182341656, 60.571615678497416, 68.05066594533737, 74.97003066724581, 84.06283225066962, 89.05328494852952, 87.77435517818161, 81.38718480803882, 73.46506243444085, 64.86664848129733, 58.56093786416064, 29.176916877873317, 29.987454062878093, 36.88379936495282, 33.42314409099947, 41.678846672002116, 51.31362565408275, 56.926411374633275, 58.09936249315996, 57.59332626370992, 51.11760025719816, 43.39151091687452, 44.35701618615622, 56.237841118865894, 52.64544018058413, 53.77011202645433, 60.05731750180816, 65.18966497053721, 70.74127246729934, 80.54445083574048, 83.32641449505667, 81.28396244193536, 78.33603851551779, 73.3257191735089, 65.64212205517602, 58.030609181593306, 57.10444627788358, 61.97133457258171, 66.99683151801992, 76.88994699540481, 74.57132526338444, 70.84436466466735, 65.67835584153015, 53.535270020774426, 54.65769966374177, 61.85669770919638, 68.02766999370075, 79.15910192594393, 95.35988439540859, 102.35212641657918, 106.94386519506736, 121.97801057536249, 120.43445455560624, 116.21814407449835, 109.47793695891332, 108.83880902454796, 105.56022517623201, 104.26781848528093], [5.455982561219381, 9.410224725841829, 17.32700499670018, 24.090031568955027, 16.02395930856269, 8.5958717391759, 0.0, 41.78764104764427, 49.20903267893042, 58.54374937897236, 66.68274556591871, 73.36103503095926, 66.68218960333313, 58.440055047091874, 50.09017735417695, 28.992948276779714, 30.24772262788594, 31.21151809455045, 35.91101505469121, 40.46569446997674, 36.586564197635255, 30.62319020463314, 25.42367271069821, 22.53552482342368, 22.623255818978862, 52.52288088475755, 59.88687592290129, 66.66063607795343, 75.6060526968066, 80.48122520303149, 79.1818503277977, 72.85043599437056, 65.02624080367139, 56.49197784838936, 50.35026987127377, 21.9457530476538, 24.16346448102248, 33.41047214323439, 31.952072909802553, 39.989218702218444, 48.85294809832908, 53.10656307852345, 53.34601380626186, 51.69511346552503, 45.62494544043257, 36.14915226661171, 36.32048859390124, 57.71790055483476, 53.00871006472239, 52.483708374170924, 57.81833304971995, 61.904752965760025, 66.75524541052516, 76.32684217602142, 80.16528795758873, 79.26095473289571, 77.15843447580478, 73.21640396146684, 66.39883627461033, 58.91815788381217, 56.08461976189618, 59.90943939941185, 63.90252611844214, 73.05710219902763, 71.98997527796247, 69.28562546719431, 65.1548610265285, 57.26931320724525, 59.355934659012156, 66.40428660007014, 72.06029633631174, 82.97615385767926, 98.18296118673145, 104.11675179637191, 106.32508124686419, 119.36781109690861, 115.96153013399196, 110.93615997211734, 103.46345363349117, 102.0084943887374, 97.75405245375974, 96.00439353650489], [42.811539773788354, 50.00413328935484, 58.71333864998972, 65.05200025240501, 57.73711571473436, 50.21507935393267, 41.78764104764427, 0.0, 7.593566844020075, 16.815863256255923, 24.979372360691812, 32.620285262728316, 25.33340591516853, 17.19575045297765, 8.925732452447026, 43.24659561765874, 50.47944666871058, 56.88304807114941, 66.97627756180341, 75.16502863625416, 72.43724344728423, 64.40957502766442, 55.07196117647692, 46.80918134559519, 39.79597122174456, 24.779503114490996, 28.848559763974528, 33.008994623460524, 39.96378170530116, 42.297915074895805, 39.976855008478054, 34.838240000786165, 28.585996884382222, 21.843571794828016, 20.370794203134913, 28.486452145952224, 30.481068505592564, 39.376647904222125, 45.670310657512786, 48.200641032992344, 49.65347429229366, 45.257409088277626, 39.922110025530976, 31.54105828635038, 32.53722844796995, 19.109913738605574, 16.28732817183549, 72.78634120709843, 64.47542764128339, 57.081380012095536, 56.243808470749755, 53.7727014516991, 53.56010785536823, 60.24645257741791, 69.10199320477285, 74.01915534820864, 76.41636132513743, 78.18762674861527, 76.671653002101, 71.42229641214686, 60.74480297077842, 58.572226076984585, 56.23923100236083, 59.747876144795256, 65.40955502294075, 68.2710786737238, 69.9544887587397, 90.31991969336548, 92.77606840446279, 96.25076393192113, 98.16362377598465, 106.2179877558649, 115.94740579468304, 116.00092434829291, 105.18889266601596, 108.80456206041376, 96.19261999393387, 87.22414695708946, 76.50167531413341, 70.99667678100738, 62.418519258099806, 60.18549455791611], [49.99360146745705, 57.2412561876771, 66.01062122966508, 72.41544318839328, 65.18723296674752, 57.67442335753055, 49.20903267893042, 7.593566844020075, 0.0, 9.569285729617912, 17.884382437926703, 26.1668598281812, 18.85036077964549, 11.288936470212505, 5.3446130106080645, 48.24559676697078, 55.68596221119253, 62.41822521053015, 72.86465862852795, 81.45497242661618, 78.89116455525415, 70.68116846263024, 61.13477533178421, 52.715961203153, 45.509260500065814, 22.82676242031721, 24.953136904830643, 27.74155662592525, 33.76081952400121, 35.45536794989942, 32.912959116621856, 28.02280406483648, 22.56523957628429, 17.3462461218977, 18.47728679458697, 34.65960339191499, 36.9005982233105, 45.13617553177438, 52.229920908914785, 54.08660282633588, 54.37299354896088, 48.86009602084241, 43.008350268010545, 34.039694399914886, 35.91284743268423, 23.86834128900593, 20.24093781909161, 78.79964636326068, 70.22811484418817, 62.154225217028255, 60.456929388448714, 57.017917685050456, 55.913128399180486, 61.75773449024052, 71.30856337165417, 77.11396893053436, 80.19288833994185, 82.78747730570518, 82.04386408006398, 77.18860111694244, 65.73962324133359, 62.75099973564606, 59.47672816236365, 61.873900797426586, 68.57536495035734, 72.25180673760148, 74.75936268892532, 96.5172218259012, 99.51661368987526, 103.05034837522487, 104.77475817466627, 112.57862550863638, 121.62787048193144, 120.9838123404129, 108.3900847658774, 110.21741139060765, 95.81686701165563, 86.03341479736703, 74.61036874429436, 67.89752199223551, 57.61595442107947, 54.457906836643055], [59.42037815039879, 66.63071942835938, 75.45636609068828, 81.85939497548577, 74.51333193428184, 66.94518475207045, 58.54374937897236, 16.815863256255923, 9.569285729617912, 0.0, 9.131976264610309, 18.778102177460482, 10.505876401378897, 5.319482895654897, 9.427269394005032, 56.67267896770014, 64.30783532304503, 71.31140227291571, 82.07340664635684, 90.90320852280117, 88.37552607815232, 80.01723274370322, 70.28660384250382, 61.727370400558456, 54.3374843744435, 26.289195193432203, 25.869598154488482, 26.421338314250054, 30.449166031213895, 30.27289804575139, 27.043904979254663, 23.440137889695123, 20.20902031440866, 18.491738806374972, 22.567184792871817, 43.42035530563484, 44.659795014792, 51.29325332984825, 58.8034433412264, 59.584021197112406, 58.35791355287661, 51.47827399588471, 45.02099254427331, 35.72339158974402, 39.374881454424354, 30.30012904889251, 28.020668916007015, 84.14738591651465, 75.20901620324138, 66.28888785452513, 63.42366321699056, 58.746572286311874, 56.48900480569518, 61.250722737571884, 71.466979502253, 78.2918007468253, 82.2447910118833, 85.95950331305743, 86.38029035923039, 82.1772459114699, 69.67183174171511, 65.60735660639124, 61.12565682259561, 62.124772728494115, 69.99176758851551, 74.68263369948453, 78.31499948705331, 105.8211705137732, 108.49891981413737, 111.14805481082705, 112.06127206372257, 119.08792231068834, 127.02845410547191, 125.10888974234734, 109.58077407359812, 109.66718409189872, 93.41791102450466, 82.88747047043763, 71.0333196278232, 63.46696553883719, 52.428005846462945, 49.76883213798897], [67.71551158336833, 74.94665433529795, 83.56026393395004, 89.62570323039635, 82.55968384640606, 75.08908488428084, 66.68274556591871, 24.979372360691812, 17.884382437926703, 9.131976264610309, 0.0, 10.185568903094714, 4.196478065489917, 9.686015727301863, 17.048040020863457, 65.29955246334445, 72.81486160607815, 79.69518889157997, 90.13779528457033, 98.5763604060492, 96.22297826675772, 88.24171782821927, 78.7440471923524, 70.3175924062288, 63.05904145241427, 33.25317601146617, 31.00831777738167, 29.15094379240089, 29.459354740616536, 25.976262277501164, 22.05477924029159, 22.1747104774588, 22.8795490015428, 24.49818752378661, 30.052876743957626, 52.35551011117097, 53.513300138230164, 59.51806193779079, 66.16324752188588, 66.42435678199465, 64.8478194250814, 57.27049862347901, 50.09055817677071, 40.53361773538279, 46.794772249610844, 39.13384613875025, 37.04634868014039, 89.4393764857, 80.94053531852579, 72.08209791887046, 68.51462161354807, 62.94290864974231, 59.32605560166041, 61.99729487581246, 72.8440097016404, 80.84970578496214, 85.49225328616855, 89.97420492170846, 90.93688399271628, 87.14802783220878, 75.00069739076167, 70.42707346833447, 65.04634991430072, 63.597607221474505, 72.65204986168021, 78.2831809454109, 82.59428417063059, 112.36609584228647, 114.40023229459091, 116.31512294538322, 116.7352307651018, 123.35741463986712, 130.19715492201365, 127.5156714245117, 110.92978035301796, 107.87893565837315, 89.61022290308577, 78.24760734371478, 65.69284171850876, 56.83007485726935, 44.55639346061448, 42.817710228549835], [74.64775589021178, 81.85405803245453, 90.03843850120128, 95.50630372149048, 88.95949449836854, 81.7157825131165, 73.36103503095926, 32.620285262728316, 26.1668598281812, 18.778102177460482, 10.185568903094714, 0.0, 10.11760956336654, 18.06111584362708, 24.977577633953175, 73.61465753859216, 80.82767146602288, 87.31909884408168, 97.0073180024636, 104.56639993925799, 102.44216185447786, 95.21140790671215, 86.24314474427835, 78.13950102907489, 71.20575379132511, 42.08242092649572, 39.10545614478775, 35.80407265795837, 32.61504348651564, 25.53004130698797, 21.380088211699334, 26.30702278138754, 30.043662425152565, 33.11721389240067, 39.04712987640133, 60.757551478078035, 62.05007488461709, 67.8571995467123, 72.87557645952144, 72.94233192328485, 71.77223513652898, 63.99755972243584, 56.0917752263636, 46.34459659251558, 55.39082036063031, 48.19960283421176, 46.116352886983655, 93.4710018198661, 85.95954338541578, 77.78548088792954, 73.89286678540809, 67.7757403788249, 62.837517754666884, 62.898453022942206, 74.21074536976933, 83.36337836112895, 88.47450953037632, 93.39245089148345, 94.42882651485641, 90.89819305778079, 80.08347138016697, 75.44220037316495, 69.49000631499311, 65.0976416551348, 75.18128748455526, 81.59096543396586, 86.19965789481057, 116.52065200970256, 117.42711910099875, 118.47213530314683, 118.49472603263733, 124.8656245704848, 130.56815306805046, 127.4746310229517, 111.30739939438051, 104.2933910755383, 84.10414977127704, 71.94835311390952, 58.54217616402002, 48.1173465007285, 34.450899835452226, 35.11714559688547], [68.04090716903872, 75.18285503462688, 83.71578256304889, 89.6166946235102, 82.45015982297707, 74.9716946260798, 66.68218960333313, 25.33340591516853, 18.85036077964549, 10.505876401378897, 4.196478065489917, 10.11760956336654, 0.0, 8.759808279090873, 16.79924492294371, 66.89971729004245, 74.42985925980945, 81.22827070374638, 91.54626784984036, 99.6895711081348, 97.22577424239311, 89.3839755698384, 79.96695130887794, 71.5620300495901, 64.3082968501182, 36.17190238455142, 34.50039491797214, 33.10676814056367, 33.64472876137045, 29.76603873554004, 25.734587902589563, 26.34760537729782, 26.78171309898338, 27.708760994927832, 32.724502288098854, 53.119400364822056, 53.298694294399844, 58.46010183593495, 64.45047661554331, 64.32576685208737, 62.59029916121177, 54.77899560309906, 47.28229694977304, 37.672033222943305, 45.4498880898889, 38.950894961868826, 38.2329321813995, 86.69601994723963, 78.27293680590336, 69.4164061068662, 65.5793951123295, 59.73020463502751, 55.7229823334433, 57.977248359191705, 68.89794517623345, 77.11417938931504, 81.91629692932149, 86.62580142352465, 87.84693978812705, 84.2753338505025, 72.13173811344348, 67.37706110184935, 61.7268878967681, 59.68975111013821, 68.95993459229501, 74.82169172332044, 79.3641508917384, 113.22451442560818, 114.20356024877263, 115.08815658283105, 114.88331660090958, 121.01124361575245, 127.42046274241379, 124.26646324849203, 106.99103014494725, 103.94221117585712, 85.8379850649923, 74.6395663395211, 62.38086641738454, 54.23079252142915, 43.86594451608725, 44.612720014905584], [59.797305289605056, 66.89295350476652, 75.56368963188986, 81.68373447948008, 74.25950103137416, 66.69673165101032, 58.440055047091874, 17.19575045297765, 11.288936470212505, 5.319482895654897, 9.686015727301863, 18.06111584362708, 8.759808279090873, 0.0, 8.390335783231144, 59.04180823822693, 66.6260604666995, 73.44124816210798, 83.91152253031935, 92.22745361214209, 89.58146586693037, 81.51129585810368, 71.97373921905563, 63.5048985734387, 56.18963384069604, 30.885330229255278, 31.023221263170772, 31.73672273452839, 35.27581224512475, 34.01043414679497, 30.475568286143016, 28.17340465867457, 25.50614689735737, 23.544802725781693, 26.93644127678558, 44.650877476941574, 44.541912824799326, 50.06555861918892, 56.4969197801015, 56.8085841711964, 55.51196525500568, 48.331552189668905, 41.32956342015018, 31.76256776922302, 37.82762114248468, 30.296781248772238, 30.090544781427987, 80.44513763301612, 71.67556259851865, 62.82716503273623, 59.64728549081384, 54.62398931928508, 51.84702380509158, 56.07315006244773, 66.40391445515306, 73.5128168570528, 77.64485090016167, 81.60663734342215, 82.27162360040757, 78.29927580079705, 65.92504104159819, 61.67542526685598, 56.86237895436621, 57.04655329189354, 65.19534971468887, 70.17726249229881, 74.05624665762987, 106.60886775845361, 107.82546157944697, 109.12292961712201, 109.2550393517798, 115.69938993794892, 123.09406435108372, 120.64168013714462, 104.49795366512191, 104.45980945982784, 88.4521981998065, 78.1484428775016, 66.65059284786466, 59.92264312079227, 50.974191563251196, 51.041128228126055], [51.41389111140601, 58.5187615615922, 67.18780746351935, 73.36390206430019, 65.94304928175151, 58.385989126730294, 50.09017735417695, 8.925732452447026, 5.3446130106080645, 9.427269394005032, 17.048040020863457, 24.977577633953175, 16.79924492294371, 8.390335783231144, 0.0, 51.53738405333055, 58.98079704165705, 65.59718477889508, 75.87033579867061, 84.05115749180653, 81.33449775549161, 73.31843090196621, 63.89165260249421, 55.51975790342484, 48.33172863357282, 27.554507273585042, 29.654016713624177, 32.17966459999094, 37.60535019847082, 38.138555816108166, 35.157764132086484, 31.323898428168693, 26.609366779892113, 21.979880455197158, 23.178419145233203, 36.71596881157957, 37.07725836840562, 43.81137062541551, 50.07622897842233, 51.288129208995734, 51.21665973339969, 45.20828348410716, 38.802682326853194, 29.501574241952078, 33.691041912826904, 23.70102247959653, 23.07935020591676, 75.44156890238777, 66.82915838757873, 58.580252486505735, 56.43471305415346, 52.55431552577815, 50.979364722869605, 56.50790984972901, 66.17086374807097, 72.24069364847828, 75.55926091335326, 78.51100168172293, 78.183112890113, 73.62463281073853, 61.938462450598735, 58.61086554619368, 54.91860331980909, 56.72969723312955, 63.71334943623849, 67.71678391339354, 70.59847835533803, 98.72914369755271, 100.2259771780586, 102.24935118742965, 103.04443864398768, 110.13262930874563, 118.56999541595839, 117.2104555169144, 103.47175569197151, 105.37078995852156, 91.15570807503397, 81.58247334589834, 70.54944392996647, 64.6501682830933, 56.28212174783865, 55.56789400694184], [24.34967297228047, 28.08778140319931, 35.744197199406855, 44.19769673212008, 38.2989945514771, 33.47735496373778, 28.992948276779714, 43.24659561765874, 48.24559676697078, 56.67267896770014, 65.29955246334445, 73.61465753859216, 66.89971729004245, 59.04180823822693, 51.53738405333055, 0.0, 8.21411437625183, 16.392779852418382, 29.90864802225087, 43.035184860356736, 40.185118798342884, 28.6785518563656, 17.565360509482772, 9.672732535599906, 6.638033602706528, 38.13152130909326, 45.38503473473684, 52.926677292288076, 63.62084771357421, 72.00434256778901, 71.89771852601795, 62.830559298511275, 53.91062112737918, 45.774882928461786, 38.49409448526996, 18.16424187872717, 29.92204352359837, 43.02010699002183, 51.968435103371185, 58.587790992716535, 62.99346393402511, 64.97404873146534, 65.61399236619135, 62.6222372181106, 50.14750325591005, 36.923895763251984, 29.583586061211278, 83.46659056568214, 75.82722859939713, 71.36773036103106, 75.01851899285693, 77.61319046274157, 82.50149878138184, 93.60898957604458, 99.12559251903218, 99.21475555434561, 98.32699137441153, 96.01126479028974, 91.26404288607436, 84.41788700012782, 76.33792976530763, 77.90160620931985, 80.4281379441504, 91.20226784922477, 91.81836043369233, 90.26964283028657, 88.04015341977103, 66.26990795708902, 79.31786794801194, 92.60917971485316, 100.29313186833187, 111.851274349372, 127.1452577559629, 132.54040594941543, 130.143645627943, 142.15879543060035, 134.69919717801992, 127.42855867906329, 117.69324653771838, 112.76175954569041, 102.15883963813042, 93.4457408598798], [24.976310875409702, 26.874614172900454, 32.79510326190509, 40.79988736825141, 36.279972265380884, 32.99036690236209, 30.24772262788594, 50.47944666871058, 55.68596221119253, 64.30783532304503, 72.81486160607815, 80.82767146602288, 74.42985925980945, 66.6260604666995, 58.98079704165705, 8.21411437625183, 0.0, 8.395779833855164, 22.23746196172153, 36.057702789057274, 33.38846638108365, 21.663862301258288, 11.281141965772171, 7.7208901062200095, 11.833597573518292, 45.66921305942258, 52.64997690426191, 59.93226036118895, 70.20410206309202, 78.66051444785172, 78.75063853410951, 69.88685154316954, 61.222574419896986, 53.31799623091623, 46.17982722082541, 25.013275745203806, 36.005563838680544, 48.46588603934637, 55.98612045800996, 63.097201501883475, 68.36087701631611, 71.18670416055112, 72.15519099277437, 69.52808093506609, 57.239835799088574, 44.52083792278489, 37.52946415448536, 86.14147805929635, 79.36294803535392, 76.00112028684991, 80.31071539937936, 83.52149101993058, 88.7059153453845, 99.73898956545665, 104.84061081052072, 104.44459735711597, 103.05761040239628, 100.03169130779125, 94.51990085973605, 87.43014142511709, 80.8125590898047, 83.09386284849093, 86.22615991179426, 97.11202943850466, 97.17432733800322, 95.09019724023133, 92.14536499142395, 60.21618985050829, 75.22592346806717, 90.4485246525569, 99.34579756435434, 111.63670151327409, 127.74372331130017, 134.32848763182162, 134.43314370451833, 146.9249033771607, 140.30105247860016, 133.3394195346396, 123.75043479867524, 118.94382989361425, 108.32862715897082, 99.24384701695693], [25.779386401851813, 25.714563211836538, 29.296723167606764, 36.40080858478721, 33.6376296994541, 32.12301837706203, 31.21151809455045, 56.88304807114941, 62.41822521053015, 71.31140227291571, 79.69518889157997, 87.31909884408168, 81.22827070374638, 73.44124816210798, 65.59718477889508, 16.392779852418382, 8.395779833855164, 0.0, 13.952852661267833, 28.13918964948617, 25.62115471646936, 13.977719555696806, 6.529279672283077, 11.172433958393, 18.337904297512598, 53.44111474522712, 60.274568821528156, 67.30392407833034, 77.0697174940614, 85.29173654880465, 85.46208031246262, 76.99841740565525, 68.62337311715692, 60.83079745586147, 53.843958937148344, 31.451157500295537, 41.658742862098336, 53.49561299254485, 59.13524109575353, 66.68940514532525, 72.95347215998805, 76.56939560493748, 77.70246445345006, 75.37476303140349, 63.76106859614425, 51.43910213741298, 44.94354767709259, 87.38054466338257, 81.69008856458733, 79.59895086401728, 84.54754343536716, 88.33149007473757, 93.68926276470702, 104.4463965773095, 109.11080548256372, 108.2867842254638, 106.39971530620149, 102.64861681908496, 96.30046503663256, 88.97590585884709, 84.13663227147995, 87.17356268865537, 90.87464015098817, 101.5962344886453, 101.12680459016663, 98.54291908599261, 94.85202056822448, 52.96912520276235, 69.46509113344176, 86.39894693977013, 96.45033841338896, 109.44600474756706, 126.27406727388585, 134.08242593990104, 137.01178591292415, 149.77998202888102, 144.14401383708946, 137.59777287464925, 128.2677592689877, 123.76316442495587, 113.52579787100231, 104.59172063749392], [31.048181131731646, 28.526250931208853, 27.474380012254578, 31.638196278403814, 32.78989461562031, 34.33038680131291, 35.91101505469121, 66.97627756180341, 72.86465862852795, 82.07340664635684, 90.13779528457033, 97.0073180024636, 91.54626784984036, 83.91152253031935, 75.87033579867061, 29.90864802225087, 22.23746196172153, 13.952852661267833, 0.0, 14.810175694415541, 13.212664947197636, 6.488808560765221, 14.20490245014509, 22.77306773109741, 30.577047657009885, 65.69578007356104, 72.25605940870524, 78.80933110881524, 87.62769322601591, 95.28932648307484, 95.56275803068809, 87.89296325490064, 80.0846259484875, 72.53200733865324, 65.87622076752203, 42.80065616358713, 52.11741211051838, 63.15852020364877, 65.78566918882757, 73.81003792165473, 81.52616926652975, 86.02707644625016, 87.09681841495346, 84.9681146712775, 74.92183832623037, 62.89839686706269, 56.84504016698439, 90.29060577026873, 86.56809010138531, 86.48487039667583, 92.21563254949535, 96.63800132719476, 101.96343809554362, 111.91624734876957, 116.03413517924882, 114.80497049716402, 112.26895022108789, 107.52029219913243, 99.88745136512459, 92.26256495481007, 90.45967204796521, 94.53962655764478, 98.8871290530537, 108.81612681110727, 107.76474624154461, 104.61490852192364, 99.87567896283338, 40.27011217481398, 59.52071382842929, 79.51674119885259, 91.58283485627135, 105.78674640084307, 123.5534248387665, 133.38818317171888, 141.1590130287044, 153.61427167455787, 149.3624270726273, 143.43508917280863, 134.48318961602752, 130.3797020046046, 120.74119764100125, 112.17291884748236], [36.87286686380021, 32.86190480694119, 27.662637110987536, 27.360792116199523, 32.80918280911198, 36.979451578188026, 40.46569446997674, 75.16502863625416, 81.45497242661618, 90.90320852280117, 98.5763604060492, 104.56639993925799, 99.6895711081348, 92.22745361214209, 84.05115749180653, 43.035184860356736, 36.057702789057274, 28.13918964948617, 14.810175694415541, 0.0, 4.714679589171881, 15.57209902257717, 26.35500504011097, 34.726707028752536, 42.302342526448776, 77.20331908504401, 83.63385090097898, 89.76830204454158, 97.649214972136, 104.31599176156259, 104.48105963407339, 97.84157909672776, 90.614729757766, 83.17949799758644, 76.89780786214216, 52.947599283951995, 61.014001231008024, 71.07791507364843, 70.32853105385072, 78.57261760468538, 87.71602917245559, 92.92235571131349, 93.72718483329106, 91.78779057891943, 83.945324899726, 72.43645302720518, 67.2791877873071, 90.06531659069559, 88.61426258368103, 90.66536008583802, 97.02256397002574, 101.93680429680093, 107.00599315568027, 115.8002391358551, 119.29432053397913, 117.7693755719458, 114.64446900108383, 108.98652742742757, 100.1097404387152, 92.3059654464656, 93.88679771195945, 98.94902115921074, 103.80490514542785, 112.47987704237912, 110.89541343759198, 107.29392324600235, 101.57154184771906, 26.084886660891943, 46.544287159927336, 69.04707809249565, 82.90231812231518, 98.15073840456607, 116.5302389690878, 128.2900672624635, 141.1431563645869, 152.92079868804026, 150.3339860063843, 145.25502603351813, 136.97185853262178, 133.66120434244093, 125.45464088763703, 118.29746998628015], [33.02086649072411, 28.618934196457303, 23.360315615848585, 23.70285955001468, 28.569340977407602, 32.762341218975074, 36.586564197635255, 72.43724344728423, 78.89116455525415, 88.37552607815232, 96.22297826675772, 102.44216185447786, 97.22577424239311, 89.58146586693037, 81.33449775549161, 40.185118798342884, 33.38846638108365, 25.62115471646936, 13.212664947197636, 4.714679589171881, 0.0, 12.151385690504483, 23.053301125663744, 31.476074703551543, 39.08059574695201, 74.96161067661194, 81.62961477037285, 88.00276280664599, 96.25288227368956, 102.9218503019036, 102.93313082018622, 96.12349171161195, 88.6542887806018, 80.97803931790503, 74.54070883588547, 49.50145712724748, 57.01380808335171, 66.7333128861758, 66.00274906617108, 74.23410714560933, 83.32379901846589, 88.69148152819494, 89.72237992829966, 88.06446122795916, 79.92957307664149, 68.87502652037989, 64.29622247294168, 86.1318947692573, 84.39017204120623, 86.33309534593565, 92.75056812212912, 97.79509373118893, 103.074711958121, 112.18788024749814, 115.51305228921142, 113.76703874847276, 110.58322795505336, 104.91491726525432, 96.16998382110927, 88.40241325362022, 89.6245410205658, 94.70316947381319, 99.68167238340995, 108.7919346192489, 106.98743476289985, 103.25283480263954, 97.53652305211106, 29.361938782445375, 47.15470895962907, 68.101857976933, 81.20488901181577, 96.01540210741304, 114.35382528641897, 125.63621497440901, 137.49514035115988, 150.11438634243274, 147.7853009140737, 142.83300080877052, 134.74596898794528, 131.76630167184823, 124.075940611261, 117.4703168100659], [25.999395622670406, 22.632827447182336, 21.280644460746156, 26.00964475433582, 26.54415759771212, 28.2907872329484, 30.62319020463314, 64.40957502766442, 70.68116846263024, 80.01723274370322, 88.24171782821927, 95.21140790671215, 89.3839755698384, 81.51129585810368, 73.31843090196621, 28.6785518563656, 21.663862301258288, 13.977719555696806, 6.488808560765221, 15.57209902257717, 12.151385690504483, 0.0, 11.303287458280533, 20.218850172524995, 28.11923546685674, 64.99096368109612, 71.90805718424897, 78.71593921665178, 87.82790962703861, 95.14789038653413, 95.1293406214379, 87.52300507797757, 79.51041596912611, 71.59726874643705, 64.80669496911614, 39.55205990531453, 47.691509195843445, 58.055715787290104, 59.937760313302505, 68.00498810994527, 75.99149780132053, 80.87624754654082, 82.1844515840415, 80.50074871168056, 70.60926382412083, 59.37582001552172, 54.51877553073859, 84.02947060580472, 80.37088105102275, 80.57880870819858, 86.52219256486947, 91.22629101182355, 96.77295608904537, 106.88598501423692, 110.62772972444766, 109.04640175337128, 106.31389206535981, 101.37648834317535, 93.67724418511226, 86.07377747474004, 84.48178071348548, 88.79137343407615, 93.41135437647192, 103.63013118294222, 102.16383362381778, 98.74880508141041, 93.82188766763005, 40.95995521200555, 57.14025888729674, 75.41411809371957, 86.72554329491436, 100.48154099431183, 118.21517653027261, 127.74447262756094, 135.207166371189, 148.60795518179745, 145.11050607055552, 139.58081254296582, 131.09548330218965, 127.70292123634154, 119.27241783020749, 112.02008558647269], [20.088009630547546, 19.2993256866575, 22.898335448559532, 30.326070971731387, 27.13095605231504, 25.702631938106297, 25.42367271069821, 55.07196117647692, 61.13477533178421, 70.28660384250382, 78.7440471923524, 86.24314474427835, 79.96695130887794, 71.97373921905563, 63.89165260249421, 17.565360509482772, 11.281141965772171, 6.529279672283077, 14.20490245014509, 26.35500504011097, 23.053301125663744, 11.303287458280533, 0.0, 9.08708443440601, 17.061711927664525, 54.47805961116572, 61.6146132936342, 68.74241335404385, 78.48149856905798, 86.10310693625416, 85.97839795092774, 77.86677820641214, 69.47367569769035, 61.36077952264377, 54.35224992345934, 29.169893337934045, 38.22019296659003, 49.55748941741137, 53.84049504132339, 61.59330394121225, 68.4952619065212, 72.57234650729531, 73.78134120797311, 71.79824513359068, 60.88217709875137, 49.17323272364921, 43.971276337996436, 81.22919060488783, 75.94302156453135, 74.45572815171866, 79.71533742135716, 83.81680879491506, 89.28314603313994, 99.9338063527388, 104.22838898866144, 103.12134982553832, 100.98888661089782, 96.9384353458307, 90.29103314717626, 82.90151248284059, 78.8104441338132, 82.22921072653435, 86.2398533165145, 96.90905901798067, 96.04879343045694, 93.19813738818142, 89.18027379923578, 50.77231872161481, 64.9240353354302, 80.65139354836985, 90.27428165421917, 103.06641588790798, 119.90643568319638, 127.72851166663042, 131.23991557027176, 144.52283130028138, 139.74151578929408, 133.6543392607489, 124.80463700188707, 121.0361297371302, 112.11176724138771, 104.64626465073836], [17.275620294431658, 19.562519176324248, 26.39457735218418, 34.723126871792886, 29.402706623950692, 25.51789719105534, 22.53552482342368, 46.80918134559519, 52.715961203153, 61.727370400558456, 70.3175924062288, 78.13950102907489, 71.5620300495901, 63.5048985734387, 55.51975790342484, 9.672732535599906, 7.7208901062200095, 11.172433958393, 22.77306773109741, 34.726707028752536, 31.476074703551543, 20.218850172524995, 9.08708443440601, 0.0, 7.976766614459142, 45.88808330946414, 53.22321302470362, 60.55808959057022, 70.67972257810425, 78.31090257535544, 78.03455141027764, 69.68737512898396, 61.06378937509439, 52.76871791332849, 45.64686087833955, 20.51434288490443, 30.7066907513757, 43.10491762273553, 49.167695958277534, 56.53202701482168, 62.551486359486695, 65.74618272094024, 66.61842215341649, 64.20300829362279, 52.946186774632764, 40.573828404202146, 35.01488247224504, 78.70544195024887, 72.29634959134438, 69.47446978342559, 74.04071896921867, 77.48401992946586, 82.66760722642103, 93.48325360549462, 98.30686204988807, 97.76381509940397, 96.20278043838476, 92.95909375797878, 87.16917071530413, 79.99454862937985, 74.0855685963852, 76.70468895866024, 80.06178306575428, 90.69913241669934, 90.48920903412758, 88.24145929284953, 85.03184083594157, 57.96969956610344, 70.25436407278234, 83.89940846114739, 92.17428008872987, 104.19509097931736, 120.14842912415371, 126.61043302823877, 127.1773251908775, 139.8890174801125, 134.01914594372687, 127.49628645755502, 118.3754730750968, 114.33786347818771, 105.18306919792698, 97.84389469339679], [18.28292119406975, 22.768054888582245, 31.192063109868574, 39.73972183424218, 33.16356840900746, 27.684263182341656, 22.623255818978862, 39.79597122174456, 45.509260500065814, 54.3374843744435, 63.05904145241427, 71.20575379132511, 64.3082968501182, 56.18963384069604, 48.33172863357282, 6.638033602706528, 11.833597573518292, 18.337904297512598, 30.577047657009885, 42.302342526448776, 39.08059574695201, 28.11923546685674, 17.061711927664525, 7.976766614459142, 0.0, 38.62778769322323, 46.17708470953121, 53.7178552026397, 64.21202971248681, 71.79567888442976, 71.34622834564794, 62.789107199383544, 53.938872632708524, 45.44877759047309, 38.21721354432693, 13.264310913956859, 24.80139783484411, 38.134618283631866, 45.924404578617796, 52.75271049366952, 57.80307455097843, 60.06390847387881, 60.57993240116739, 57.73425941948791, 46.19080560183808, 33.13439495248964, 27.20543889794534, 77.05651351889998, 69.67283832376943, 65.6019056283122, 69.44395765827197, 72.21110243755179, 77.08606307644287, 88.01906104220382, 93.32627366535657, 93.31983082711055, 92.30724838547339, 89.84046582005787, 84.89046320200046, 77.97977402617714, 70.41332612259531, 72.23278348505758, 74.92483382406851, 85.47832247614227, 85.89178772073154, 84.23278728996152, 81.81230366864968, 64.64189052431264, 75.39813812432374, 87.24370150657559, 94.31818989339337, 105.59042810530097, 120.69149253141198, 125.92225664607133, 123.81943122603408, 135.9931973441795, 129.15291320695673, 122.25070103112836, 112.91384349799806, 108.65942114278288, 99.36376866213239, 92.24001963589137], [50.96824581201955, 57.8423871292815, 66.98450582852061, 74.73334710030227, 67.69378803499475, 60.571615678497416, 52.52288088475755, 24.779503114490996, 22.82676242031721, 26.289195193432203, 33.25317601146617, 42.08242092649572, 36.17190238455142, 30.885330229255278, 27.554507273585042, 38.13152130909326, 45.66921305942258, 53.44111474522712, 65.69578007356104, 77.20331908504401, 74.96161067661194, 64.99096368109612, 54.47805961116572, 45.88808330946414, 38.62778769322323, 0.0, 7.954350790809077, 16.06655804472075, 28.145508166831252, 36.764023223951064, 36.44870865439268, 26.059879975486954, 16.461216795877178, 9.150220320890913, 4.471540158634604, 32.35659063660044, 39.641044020474205, 50.59408556172243, 62.312706998051205, 65.40973461272445, 65.13922950500307, 61.02240731401936, 57.88977028318065, 50.93993648550086, 43.58682466710274, 29.472916700062974, 18.316273665315798, 93.55610166193357, 83.92220414437394, 75.3167082970562