{
	"dissimilarities": [[0.0, 7.374957889046149, 16.40934095942494, 25.599303524593342, 18.32542330985462, 12.097181280966035, 9.682845218651643, 43.076644303343, 49.915101816948805, 59.23220926406765, 67.60557978470443, 74.72516504046764, 67.1773664221779, 59.96302553375681, 50.75895042549917, 19.26479710936993, 19.189050620746563, 20.870215951011765, 26.067433678591552, 34.007163731814046, 30.112371729417347, 22.43210998959414, 15.535150461682242, 12.46935850671096, 14.501245651262206, 49.11838051802427, 56.494766085582604, 63.43105134609657, 72.7041153934842, 78.72568498683047, 77.88073603272416, 70.90068911048189, 62.79748435455201, 54.35404761722888, 47.76711603983285, 19.864421235385137, 26.610372120481912, 36.795479328963076, 40.31994278347434, 48.22088640025544, 55.82072399829079, 60.116511932478005, 60.250059922520656, 57.345981801411774, 48.5757414463318, 38.34852344753375, 35.173628789783145, 67.04303577752364, 62.608845023278185, 61.88809327899687, 67.20608032583189, 69.7869798365112, 74.85994955016983, 83.28336419995347, 87.5459436058992, 85.8531759742767, 83.89761560838622, 80.13860953081331, 74.65125563180695, 67.3786919868298, 65.96004564871001, 69.70679755566397, 73.38697142956893, 81.653790880634, 78.22727947030832, 75.02126366497845, 71.13137083763569, 53.63998256835687, 61.02265316859996, 71.30290989573709, 79.82019949248918, 90.73283356274062, 106.1583904633273, 113.91815228957408, 114.56455186823956, 129.2263646055677, 122.17191267725404, 116.71762518001972, 109.05949409639217, 106.55295216039188, 100.25848598783651, 95.80541122075692], [7.374957889046149, 0.0, 9.623313293847449, 20.13166068530177, 13.816508477100394, 10.594214838901985, 13.45565005557015, 50.45025576601872, 57.24240729937722, 66.54035173314058, 74.92652555287101, 82.02521152305363, 74.54313115842736, 67.33650437853804, 58.124783506327034, 22.698256017026328, 19.960829236063564, 18.743985471642098, 20.812837428899527, 27.896550872791863, 23.59807863888425, 16.406175735607157, 12.378523095441636, 13.989098846209822, 19.049158797465758, 55.78814396602144, 63.16041964665617, 70.1452900217026, 79.44510535940354, 85.68260080841675, 84.97223589970025, 77.90118492868334, 69.77258833123474, 61.36683964900045, 54.673225096806256, 26.481372670233394, 32.36588116373384, 41.32872014413329, 43.66641980986159, 51.796907251838114, 59.91057890787461, 65.07620287585614, 65.82853223536489, 63.624391811230716, 54.48529231571538, 45.08747833886049, 42.24541755808175, 68.71619332503059, 64.95828055151676, 65.28869366820058, 71.33656741917193, 74.55972264869492, 80.08745599774281, 88.72763395347499, 92.3659204876925, 89.982470290442, 87.4476621467097, 82.92530488673663, 76.76287370608536, 69.60028824352429, 69.21860923309065, 73.63746029469601, 77.9944225000892, 86.8672478584974, 82.62547905470068, 78.83989506255286, 74.21274938867863, 48.54628451390298, 56.98139006288052, 68.7633761105661, 78.31438415234634, 89.73400163648343, 106.03005899528969, 114.84147491370602, 117.47016050369935, 133.40278385641682, 127.5844530470352, 122.57876711130206, 115.27841687288814, 113.05616093108797, 107.03499217839645, 102.45910959077868], [16.40934095942494, 9.623313293847449, 0.0, 11.399740329601983, 8.532417151201763, 12.18212858460844, 18.92053183418521, 58.879428401200656, 65.97676029178064, 75.29437421416058, 83.42977986927308, 90.06871339982933, 82.81994251960315, 75.70033237223568, 66.39258540888878, 31.732947869069857, 27.64955815658303, 23.890719605959568, 20.163187020807698, 22.266793381203406, 17.30267034314253, 15.11608576176968, 17.76180500985131, 22.63968571786561, 28.526575893428046, 65.24662265986754, 72.53478434807089, 79.35802930565535, 88.30081754097799, 94.23918947995321, 93.48629760326129, 86.83925323207299, 78.93250844853236, 70.6147533996704, 64.0592923967461, 35.866786744175805, 40.21697575607324, 47.62083853115594, 47.14185700194797, 55.465863706537746, 64.7672012355081, 70.76370970405908, 71.78646883504452, 70.25777447629366, 62.043494582610535, 53.63697125032778, 51.53874793468133, 68.60283189728268, 66.23715197465937, 68.34088589357076, 75.22142747824945, 79.16283895781496, 84.90812459032288, 93.24392880097662, 96.12186094812029, 93.07239382041166, 89.82988782528513, 84.32465374307367, 77.13058978521535, 70.21865469024566, 71.74759566389726, 76.9833473332125, 82.07828220747784, 91.10764537833545, 86.08276823280737, 81.626644777022, 76.00773569387752, 41.6437666987897, 49.13453515041962, 61.973616617165845, 72.64653664426869, 84.74324205830062, 101.95607171918302, 112.14482514165014, 118.04373720303549, 134.93975202744704, 131.02623096444455, 126.76345426578862, 120.09332191177015, 118.4984689677333, 113.4975520557876, 109.68239873518792], [25.599303524593342, 20.13166068530177, 11.399740329601983, 0.0, 9.646606323190245, 17.46528970222269, 24.62087397405985, 65.31660949527605, 72.92567417812374, 82.19985073376995, 89.7776962065412, 95.50862185958492, 88.6702568410352, 81.77410016366919, 72.41615162640028, 42.714612949868204, 38.87648540823541, 34.70346825683135, 28.266147302440526, 23.999706096198718, 19.532550922459823, 23.84154571957494, 28.874471076192982, 33.73404272307358, 39.11640618752968, 74.24125016246629, 81.3646278022876, 87.82296373778632, 96.0556469979796, 101.12053551037523, 100.10522250190208, 94.40690561238623, 86.97572804038336, 78.81652214822144, 72.66680730093796, 44.967268398522734, 47.52769901767055, 53.44563235305727, 49.19802645947095, 57.49495191351579, 68.33948884817289, 74.73953642683463, 75.46972996748413, 74.37896579313875, 68.43004311420395, 60.98870430214817, 59.90158995709513, 65.51456183292515, 65.07845242759365, 69.26877547907692, 76.73839390390218, 81.1914729579115, 86.6984558860068, 94.05664320165629, 96.25003905269368, 92.85630500495517, 89.02727275582829, 82.65280285291762, 74.34703359557497, 67.82662560731303, 71.78695519683396, 77.67991553748442, 83.27087655618841, 91.69730550549228, 86.26863086607048, 81.30538284445028, 74.75421292980462, 36.71093455719862, 38.81026487535004, 51.02205486740406, 62.470639688819716, 75.2945934325542, 93.117232445924, 104.58730329120334, 114.33493493662985, 131.2725426477826, 129.5064719974459, 126.1518188593375, 120.32015160813226, 119.63672230090606, 116.39363032934905, 114.3361784937991], [18.32542330985462, 13.816508477100394, 8.532417151201763, 9.646606323190245, 0.0, 8.206622798777337, 16.12397272325806, 57.82599321798388, 65.61828453726999, 74.97682036133291, 82.7894892149171, 88.84148424601035, 81.43890900080424, 74.31566301052759, 64.9379383071997, 36.14358591020613, 33.585282656094186, 31.277432437657232, 28.69445110605913, 29.318911708940934, 24.368826407288843, 23.62602841140859, 24.843902308093572, 27.687622149035228, 31.96860187323124, 66.94116527183039, 74.30715326704966, 81.07449121903508, 89.86961887719632, 95.02740914444307, 93.8116502183904, 87.75508705935246, 79.98119926441996, 71.55196178813134, 65.2297471428407, 36.5824753985268, 38.100035546126755, 43.890970291357945, 40.761769691019424, 49.11385179400527, 59.380943235663985, 65.70254337865292, 66.7039723973595, 65.79718081611819, 58.99442115013159, 51.95880620642646, 51.733840532662576, 60.35989168677848, 58.52035642581297, 61.475283781214785, 68.68832832720238, 72.9790522929815, 78.76082355690693, 86.90619903641029, 89.23381801582303, 85.84994710609672, 82.31934264280865, 76.48386199461552, 68.97092087768398, 62.14169972913226, 64.49888102414877, 70.06342643660946, 75.48819213306223, 84.5708776939997, 79.0700830582266, 74.3143508043206, 68.30131007671928, 45.39144792220977, 47.40513056641761, 56.43217286925585, 65.72449471880516, 77.06656556624516, 94.03399771681883, 103.88829121993271, 109.81975796519447, 127.55560437603216, 124.71673570010955, 121.1052049246714, 115.39835949630377, 114.73064784563526, 111.54505837756821, 109.72937019862414], [12.097181280966035, 10.594214838901985, 12.18212858460844, 17.46528970222269, 8.206622798777337, 0.0, 8.329565206588274, 50.12988175289256, 57.952862871825175, 67.3299027455414, 75.27401514419526, 81.56167407721603, 73.8678320876319, 66.63428353093002, 57.27311896577682, 30.39980046993169, 29.44574027605238, 29.20982121357474, 30.22606439877461, 34.08955556701468, 29.313213318804713, 25.332666451502536, 22.79257769592112, 22.936171562275472, 25.625617067742976, 59.39006404152268, 66.83890678268428, 73.7173484959054, 82.76763131681237, 87.94277795876567, 86.61932158391143, 80.37310470471701, 72.44892197506555, 63.90807455810064, 57.55419224967862, 28.729700243622506, 30.064129452997406, 36.706943861593736, 35.34884679749332, 43.70665160189615, 53.26637035485599, 59.00530700118142, 59.790773175977556, 58.48126268819691, 51.19315803019343, 43.769493340268326, 43.735776770718786, 58.422937741221084, 55.274453193926405, 56.715678964935975, 63.301834494188384, 67.06362451561154, 72.72658664934335, 81.2002090053038, 84.08481536524943, 81.1963289512588, 78.23576152066735, 73.22602468750877, 66.61627281563068, 59.52020373472968, 60.19052272590287, 65.10946180543633, 69.9821070991779, 79.04613672764577, 74.08589251251402, 69.84656044669545, 64.64781764746076, 51.537968156496056, 54.073827206957574, 61.69716502116268, 69.6469205265419, 80.1348408459595, 96.14050657679837, 104.60483625149573, 107.41647955493443, 124.56103155206466, 120.24083072423676, 116.11691862070215, 110.09317649393277, 109.1172264651926, 105.52583991969685, 103.6060079733677], [9.682845218651643, 13.45565005557015, 18.92053183418521, 24.62087397405985, 16.12397272325806, 8.329565206588274, 0.0, 41.84469212948283, 49.75939366691193, 59.12305948174539, 66.99166931386357, 73.24897703935206, 65.54262209722081, 58.32589174595709, 48.95955523663007, 27.35111290521731, 28.488975402545506, 30.32523139072025, 34.013976928049146, 39.3967552740558, 35.06910604813519, 29.74119386099045, 24.5717975289528, 21.71260877931014, 21.93271005813477, 52.12732680497479, 59.47433375825802, 66.19774693491928, 75.08814483469703, 79.97398544819272, 78.51766232910535, 72.45156804366289, 64.64553874839626, 56.14925273165211, 50.01968518832039, 22.249806321519678, 23.940658974033067, 32.14409185692192, 32.23449618215203, 40.38301680039178, 49.37810107743659, 53.975295128728305, 53.88333822615404, 51.59021359938156, 44.927379082485, 36.456350469113076, 36.168822576666706, 57.66808790740738, 53.66029926290602, 53.71981218319791, 59.354483387654064, 62.266209181528566, 67.31173246346732, 75.45500308890021, 79.21594188238261, 77.27242272537713, 75.07437424682793, 71.05613874927894, 65.29402558624963, 58.03632906346793, 57.378479513424196, 61.41582700791213, 65.3934796137427, 73.60521480279233, 69.76043427417015, 66.28528145521976, 62.04205829465252, 56.45684029190469, 58.84768676531628, 65.3776967117968, 72.29971494100835, 82.32590128904921, 97.25462502856382, 104.5041840339814, 105.04671074578515, 120.36845314806543, 114.43219585151637, 109.68963230714922, 103.10629585752476, 101.7099125345022, 97.67856280686513, 95.8124681737009], [43.076644303343, 50.45025576601872, 58.879428401200656, 65.31660949527605, 57.82599321798388, 50.12988175289256, 41.84469212948283, 0.0, 9.020269513881997, 17.786728542144814, 25.401003509970625, 32.51243459859532, 24.164605495886686, 16.898170100473987, 7.924133867712863, 41.556774594191126, 48.85518738929573, 55.82761875036386, 65.52583228217858, 74.2998142279711, 71.47420723639787, 63.60424130650957, 54.22727876585032, 45.92458827283583, 38.869929414317404, 22.883811899404016, 27.017697013292658, 31.247124069634662, 38.38315463202072, 41.02075023025282, 38.52853354683216, 33.503791919106725, 27.02697603473307, 20.105276963068725, 18.52691922377695, 28.19432209714922, 30.359569950056276, 38.59667603398598, 46.54610143407065, 49.23206101386227, 50.58066669051124, 46.829300953893245, 41.40917117292664, 32.19292075138896, 31.812208806448034, 19.608354802377708, 15.229561303056137, 72.96778711600842, 65.8941162751441, 59.088561910317104, 57.99708636448345, 55.088669943455365, 55.239137209270716, 60.1887068078072, 68.99128978151363, 72.79859386545523, 75.2048160982048, 77.0374809564158, 76.56546928015891, 70.1528101409258, 62.90875880486722, 61.23548231477065, 59.09094634075879, 60.77457814864614, 64.46631311059744, 66.07635133840353, 67.88867569743744, 89.6139523133548, 92.71464380936537, 96.11479220933991, 99.17493495011337, 106.5897273548058, 116.14171146458717, 117.51519922962349, 106.35100469249957, 111.16943873730541, 95.4553361371521, 86.70682672779573, 76.36927277599403, 71.42740983369615, 62.845444490839625, 59.93671585056058], [49.915101816948805, 57.24240729937722, 65.97676029178064, 72.92567417812374, 65.61828453726999, 57.952862871825175, 49.75939366691193, 9.020269513881997, 0.0, 9.38721864365223, 18.050536373129553, 26.725773844824825, 18.84802263514234, 12.546546366732082, 8.507983206271447, 45.660468880106585, 53.1200368551644, 60.37346163116428, 70.67512849804697, 80.06168042856045, 77.5799038838496, 69.27592058736694, 59.61287727891691, 51.15327806186785, 43.921929932228586, 18.112577336368783, 19.989629490179002, 22.941952216939455, 29.674871349716362, 32.566155223244664, 30.28119456732336, 24.541620212225883, 18.2344281554666, 12.471334016476547, 13.951342732675055, 34.089703765738506, 37.63838681157694, 45.82471410926023, 55.010317256629605, 57.24196958669338, 57.311812405249384, 52.667812450443414, 47.08498531126867, 37.48265638904939, 36.91012700308349, 25.357225706462174, 18.93054301206524, 81.40297786876431, 74.06917237123815, 66.58569885948741, 64.72218198545443, 61.09417631476771, 60.555312782124524, 64.84623037510697, 74.2944984237927, 78.89785172133705, 81.92012076104542, 84.47005634315623, 84.61772401617202, 78.37698782453474, 70.46169543704671, 68.149588839633, 65.23077177662356, 65.91127117289038, 70.71385538376612, 72.99801731453448, 75.52697956450345, 95.45078549025055, 100.02390542890869, 104.33057918671899, 107.6181158056663, 115.14457554718972, 124.31664231680803, 125.2489099478681, 112.86772876466698, 115.67227046413811, 98.00706541778341, 88.29302835338775, 76.77032891122619, 70.39295592090623, 59.11646951041415, 53.75293536812326], [59.23220926406765, 66.54035173314058, 75.29437421416058, 82.19985073376995, 74.97682036133291, 67.3299027455414, 59.12305948174539, 17.786728542144814, 9.38721864365223, 0.0, 9.375178219332632, 19.265171944024036, 12.327915765934401, 9.443418700789563, 13.364975533512098, 54.087930405667606, 61.5829683761695, 68.92627185334042, 79.40721048580409, 88.88536218767686, 86.56893532961473, 78.22612880173781, 68.51260408528279, 60.03015457097723, 52.75450736770515, 21.41325503499195, 19.741114576798697, 19.455093610110055, 23.570467570871923, 24.752924929145607, 21.91222966366978, 17.102450163101835, 13.366304421059734, 12.718354404725204, 18.28982489113499, 43.11700594291452, 46.22916110045634, 53.44929734801722, 62.72591845371906, 64.16452702084523, 63.10939502919192, 57.29993445667154, 51.14332194743394, 41.191245173410486, 42.35356698941459, 32.76917419950356, 27.34252947146288, 87.99404105372659, 80.52856397125255, 72.40632458636439, 69.49179342945963, 64.95010185345716, 63.30913347345987, 66.40374975337015, 76.53409819889806, 82.20464860178025, 86.018748533228, 89.52925906315686, 90.51628133176511, 84.62107694059108, 76.08113476551513, 72.90782390932917, 68.95537800178285, 68.02736830146816, 74.27912862881182, 77.45309967860118, 80.92196146677148, 103.8332361497914, 108.40648234569045, 112.30579407933902, 115.07634106008811, 122.18183377044849, 130.41398937093106, 130.37362915693743, 116.15334707967519, 116.4806445416328, 96.78676995398196, 86.20318957750102, 73.82855572255535, 66.35217976480001, 53.371170043953626, 47.22251808501047], [67.60557978470443, 74.92652555287101, 83.42977986927308, 89.7776962065412, 82.7894892149171, 75.27401514419526, 66.99166931386357, 25.401003509970625, 18.050536373129553, 9.375178219332632, 0.0, 10.39313598264287, 7.432862032397278, 11.483951319216265, 19.23832296095764, 63.24956424974376, 70.63005527588746, 77.79354882598419, 87.91270917927982, 96.84379978570341, 94.62869080345257, 86.75433631576327, 77.30404586725933, 68.95954196425126, 61.812361847256334, 30.004666582033487, 26.75652693327658, 23.80786628989709, 23.161436930705186, 19.983541531721624, 15.711125708200129, 16.15457278916583, 17.803269991871943, 20.90837774301426, 27.32532198930494, 52.11348806424199, 54.51790597795895, 60.89113693059521, 69.02058456663735, 69.85534919095046, 68.56920313329579, 61.86267054889172, 54.82703973240732, 44.56360440048195, 48.76196626433403, 40.77614096145231, 36.518442316164325, 92.20682381682208, 85.07960839965541, 76.8968056311733, 73.13180333041238, 67.82516542366925, 64.839772882725, 66.0153587176913, 76.81487136417829, 83.6851374527604, 88.20145771711735, 92.50870381526721, 94.056412085531, 88.56640479931588, 80.0752133533322, 76.20861784288907, 71.3148927268152, 68.18263393322268, 76.04073807229138, 80.03594534764375, 84.22931597043511, 110.60330962577018, 114.11264880019685, 116.9791635117787, 118.99486310259591, 125.63347877081756, 132.69861848517473, 131.70984524836354, 116.49554975953157, 113.58610635795812, 92.1452809867346, 80.79107094157303, 67.54679329089763, 59.12642504856538, 45.128602908684776, 40.01598559239989], [74.72516504046764, 82.02521152305363, 90.06871339982933, 95.50862185958492, 88.84148424601035, 81.56167407721603, 73.24897703935206, 32.51243459859532, 26.725773844824825, 19.265171944024036, 10.39313598264287, 0.0, 10.325677825580893, 17.496437760900157, 25.52117294383042, 72.12357168147815, 79.32687813235539, 86.17423800351499, 95.61485409721362, 103.60549274325726, 101.41161613186523, 94.31393296215055, 85.3167136031487, 77.20890827899882, 70.28368099973454, 40.25531451413225, 36.91995517938234, 33.170179447143276, 29.543378779341506, 22.370391935966634, 17.199256761504465, 23.454986824444244, 27.57332752526575, 31.199460285631766, 37.44854357185419, 60.36796457695757, 61.80246782336678, 67.30484120282321, 73.51946829839792, 73.84442731184399, 72.90037483468936, 65.57753417840183, 57.58367195762088, 47.198524539212684, 54.935324377961635, 48.330598070278505, 45.38300356026069, 93.82819274407655, 87.3840298346993, 79.5778637150476, 75.15504827614346, 69.26689629283578, 64.85446547849466, 63.6277747131047, 74.9852123430341, 83.06244658952612, 88.16065800344202, 93.0994343417958, 95.00372835470722, 89.99455130990172, 82.05102367064721, 77.65389739836976, 71.95935633401481, 66.29022918630942, 75.75510844252497, 80.46707461334627, 85.19181474758766, 115.76264246307575, 117.35610604501699, 118.60428700021316, 119.60983753324905, 125.64635894356182, 131.34785760547746, 129.40167663482822, 113.81331176117808, 107.28199253121649, 84.43762112386189, 72.44648686618864, 58.37947601965083, 49.25122405076339, 35.33736293183302, 34.313602885337616], [67.1773664221779, 74.54313115842736, 82.81994251960315, 88.6702568410352, 81.43890900080424, 73.8678320876319, 65.54262209722081, 24.164605495886686, 18.84802263514234, 12.327915765934401, 7.432862032397278, 10.325677825580893, 0.0, 7.667639687566442, 16.686359039637466, 64.3680475335822, 71.86353730023264, 79.04405922965867, 88.95793811700173, 97.54011859353076, 95.00808589979349, 87.36702837748386, 77.97423774222445, 69.59188043302167, 62.37123817159826, 33.4995348594826, 31.62496131467373, 30.027037818507694, 30.5471733838694, 26.9729204627116, 22.303079122367247, 23.382069537080245, 23.738661227579385, 24.868065838843943, 30.165230711666855, 51.78044949737906, 52.2956921960388, 57.41135236592161, 64.53600132440987, 64.77593855538885, 63.336510089588025, 56.20165125154141, 48.68367224248597, 38.35380452727467, 44.72052349772432, 38.36556434862792, 36.50789087816285, 86.39496594803131, 79.28149820873834, 70.9767412364861, 66.79382521197972, 61.20526255373655, 57.78593924247488, 58.63877743654956, 69.48936673491335, 76.56824279697156, 81.27913047478577, 85.89735477745545, 87.81655205631976, 82.56263561171401, 73.90576719267698, 69.71001874137947, 64.47775636306524, 60.86791126692922, 69.02264292405738, 73.28094632409949, 77.81549848129418, 111.2031703666648, 112.92000378686448, 114.04725010747644, 115.05183507983473, 120.8566004058654, 127.31810238165258, 125.64536845885421, 109.32831105569737, 106.9454452301014, 85.85938531649349, 74.89806053801162, 62.61678848759116, 55.41022045539484, 44.65290038343858, 43.905953893897816], [59.96302553375681, 67.33650437853804, 75.70033237223568, 81.77410016366919, 74.31566301052759, 66.63428353093002, 58.32589174595709, 16.898170100473987, 12.546546366732082, 9.443418700789563, 11.483951319216265, 17.496437760900157, 7.667639687566442, 0.0, 9.379166377793444, 57.30354850222258, 64.86252271989991, 72.11338360055404, 82.13236727062075, 90.92585408031103, 88.23187471598841, 80.38555860845538, 70.8778337653958, 62.42780990021579, 55.13993465525989, 28.572869898388053, 28.365617837927626, 28.777080345095662, 32.169162812510166, 31.079157261694117, 27.10343875098232, 25.234490369751956, 22.5734623563031, 20.88541690641834, 24.740105674425507, 44.29043455366452, 44.65649741761175, 50.12422560662451, 57.75853926412223, 58.39738319856499, 57.28510167047445, 50.796838275090806, 43.76307016038973, 33.45341024186256, 38.147208132233075, 30.849218015222654, 29.169330121100383, 81.06622628372584, 73.71157907727009, 65.48305298715815, 61.96309542588637, 56.97835828839165, 54.62528383863232, 57.07968049441824, 67.37562395524662, 73.46125488564431, 77.58303796653007, 81.54378319902347, 82.99671578514086, 77.4180086592522, 68.75810089283526, 65.10700461703398, 60.62848537228477, 58.81545534047656, 65.62933292443662, 69.21183207475508, 73.15690677574456, 105.35013968084294, 107.34099825666421, 108.83990510095053, 110.22907145513315, 116.27216896490128, 123.58505311647758, 122.61044263907058, 107.12044763292838, 107.5377235243929, 88.14264614927684, 77.9714129962996, 66.6145526354989, 60.43872280362209, 50.918797957608206, 49.68890854221643], [50.75895042549917, 58.124783506327034, 66.39258540888878, 72.41615162640028, 64.9379383071997, 57.27311896577682, 48.95955523663007, 7.924133867712863, 8.507983206271447, 13.364975533512098, 19.23832296095764, 25.52117294383042, 16.686359039637466, 9.379166377793444, 0.0, 49.29285252629102, 56.69066430386849, 63.732725200299825, 73.42026100998301, 81.98545398080024, 79.16528611917406, 71.4791108647754, 62.140560661100004, 53.819757567858495, 46.6968667781541, 25.953533857215458, 28.178820220954485, 30.757637766272627, 36.24531005231728, 37.0374560276322, 33.77476486499322, 30.318040306178414, 25.399409347960948, 20.507253291998175, 21.586196086199024, 35.748889925240626, 36.36202455276821, 42.8595350000835, 50.20107456242236, 51.77641296742519, 52.07840605752166, 46.88996505189844, 40.39505915662886, 30.31486219293771, 33.31220884480538, 23.845256163952886, 21.816907688864823, 74.79744358701302, 67.63749627795681, 60.173345775521184, 57.85785705519068, 53.90490543456918, 52.77420993798278, 56.490732305820934, 66.06021727544922, 70.9938465478069, 74.22590767610205, 77.0905280081224, 77.53889897897025, 71.53538732594019, 63.655109787514704, 60.98838179616196, 57.67699616686841, 57.59222154974393, 62.821527127776776, 65.39874355249435, 68.25662891826784, 96.64407061571215, 98.64298471040688, 100.65435761683639, 102.66779964333676, 109.28093951158074, 117.64017691161169, 117.80042714823959, 104.57967063184772, 107.40311150412607, 90.1662600519684, 80.88119531528108, 70.25432827905388, 65.04122504229561, 56.691630735310355, 55.28819280041421], [19.26479710936993, 22.698256017026328, 31.732947869069857, 42.714612949868204, 36.14358591020613, 30.39980046993169, 27.35111290521731, 41.556774594191126, 45.660468880106585, 54.087930405667606, 63.24956424974376, 72.12357168147815, 64.3680475335822, 57.30354850222258, 49.29285252629102, 0.0, 8.147269714043716, 16.57977923066462, 29.366692009985144, 42.632993755234835, 40.00450507633071, 28.396860700937435, 17.356266484762035, 9.21927638280668, 5.653209353504166, 38.068457197451465, 45.37915694332143, 52.9367486465298, 63.57658570819156, 71.72056557024823, 71.74620469117781, 62.67263661052903, 53.80047392295166, 45.600775471425756, 38.311342501303564, 16.38106555343382, 28.789966366117433, 40.501426499797475, 50.877685503038805, 57.410352693984734, 61.09847465766976, 63.981908897450396, 64.56712775498171, 60.8320899181067, 48.032611361691394, 36.14907422386884, 29.047716377441684, 81.23111632659254, 74.79168385534494, 71.15723089032917, 75.00946232017726, 76.44307386208644, 81.46786426449036, 90.89903690495322, 96.14471404557645, 95.13975948263926, 94.17617025958182, 91.82551491217541, 88.0526236888002, 80.78017360488495, 76.21993657931202, 78.64933601404049, 81.20284392250599, 89.78491239204048, 87.33610471704922, 85.14040787714261, 82.84483284793889, 65.0537758318228, 77.99800095610098, 90.387069783195, 99.04342667709753, 109.60867458824156, 124.56454925733786, 131.2155464970501, 127.63223866324334, 141.64641607752003, 131.47790866016734, 124.60848699225984, 115.51869217199996, 111.24582191796038, 101.38723530205122, 92.91052724681454], [19.189050620746563, 19.960829236063564, 27.64955815658303, 38.87648540823541, 33.585282656094186, 29.44574027605238, 28.488975402545506, 48.85518738929573, 53.1200368551644, 61.5829683761695, 70.63005527588746, 79.32687813235539, 71.86353730023264, 64.86252271989991, 56.69066430386849, 8.147269714043716, 0.0, 8.564977283047863, 21.752814848433093, 35.68205202390068, 33.33361067300587, 21.316932826724464, 10.820901529955808, 6.782288162113065, 11.011781084808261, 45.51529787730587, 52.56187365290083, 59.87397885085264, 70.1320475484121, 78.39254374194111, 78.63261751289724, 69.70538443186976, 61.05917112040213, 53.08969411686996, 45.93461748213433, 23.46150954378712, 34.86837711359823, 45.9343602676181, 54.82264848779654, 61.86702488956793, 66.46908764890715, 70.1699326504583, 71.09380648509948, 67.77201451820774, 55.14286983185548, 43.75649352470783, 36.99090863339937, 83.99157879874122, 78.26380489365833, 75.71225079708837, 80.30024565837529, 82.31245826812787, 87.64998252086151, 97.06844843747221, 101.90768615098152, 100.40811622445581, 98.92793215566303, 95.84314219539253, 91.30871094497817, 84.04201863158927, 80.60893668158693, 83.69676210854666, 86.85806123055977, 95.76281879139047, 92.7270774768063, 90.00874034162125, 86.97194932116665, 58.943710698705125, 73.86252929979622, 88.19551312672215, 98.04648422355753, 109.36784996865434, 125.1691066246783, 132.95560259338677, 131.68763789745685, 146.34545742516622, 137.19728247818816, 130.6255186798724, 121.59976181305281, 117.42791757288784, 107.55958899557602, 98.70971018203623], [20.870215951011765, 18.743985471642098, 23.890719605959568, 34.70346825683135, 31.277432437657232, 29.20982121357474, 30.32523139072025, 55.82761875036386, 60.37346163116428, 68.92627185334042, 77.79354882598419, 86.17423800351499, 79.04405922965867, 72.11338360055404, 63.732725200299825, 16.57977923066462, 8.564977283047863, 0.0, 13.411985282786034, 27.819263127331624, 25.870564210738994, 13.831494327465744, 6.523886772477737, 11.13660055245643, 18.26789775109016, 53.35100839536364, 60.18397548139013, 67.20177004576811, 76.94201394095586, 85.08059640709523, 85.44545141838454, 76.87109727918539, 68.52021300606567, 60.73460532375888, 53.75807825119319, 30.758399626575986, 41.331011750555284, 51.839309337515466, 58.85979064590278, 66.37004355490035, 72.05530988585525, 76.43317448482404, 77.4742160276564, 74.43097535139214, 62.43303181938497, 51.35154533648503, 44.861541571283276, 86.33925281106184, 81.51613319050814, 80.18367515798296, 85.451080819038, 87.97968056825329, 93.47909273535672, 102.65944314997516, 107.13862700190492, 105.25172087936798, 103.28144651267938, 99.47179335241707, 94.11736351605464, 86.90040669028856, 84.79555972614207, 88.50939365084491, 92.20896055233005, 101.18101311443283, 97.69033059518054, 94.49318035499358, 90.71310185189526, 51.668418495148856, 68.45054821304139, 84.76445848246021, 95.84587125996141, 107.9857288597078, 124.56264913285567, 133.54238398968857, 134.9550045529823, 149.92498724700263, 141.89494462397337, 135.66219031991344, 126.72358003242417, 122.71805613899713, 113.04010500858595, 104.1332895637131], [26.067433678591552, 20.812837428899527, 20.163187020807698, 28.266147302440526, 28.69445110605913, 30.22606439877461, 34.013976928049146, 65.52583228217858, 70.67512849804697, 79.40721048580409, 87.91270917927982, 95.61485409721362, 88.95793811700173, 82.13236727062075, 73.42026100998301, 29.366692009985144, 21.752814848433093, 13.411985282786034, 0.0, 14.80406223641794, 13.664666506527993, 5.34291619128992, 13.255079828000854, 21.907836110060803, 29.743677550014798, 65.28526638206426, 71.93511865800669, 78.54230039869205, 87.46053263851776, 95.05295859617523, 95.4090367643088, 87.62062390486741, 79.73797983234472, 72.11179556447507, 65.42501370683163, 41.4854665414358, 50.68303138319682, 60.309276351552406, 64.14373386698206, 72.18977134615946, 79.6057570134281, 84.81716814245574, 85.81751784999265, 83.14062593308985, 72.6086432900331, 61.99829499208601, 56.156348873141916, 88.27116895593976, 85.046708735762, 85.68126656666165, 91.8599855049249, 95.08866920276215, 100.65658386277602, 109.2204907703169, 113.13540489272593, 110.76390397194686, 108.0903297998698, 103.22895771479973, 96.62744185818373, 89.59222919045563, 89.6997720160096, 94.28539600183821, 98.702705372702, 107.49136575756258, 103.43223783142233, 99.57388434264678, 94.70454657542587, 39.34500704952924, 58.263170237378716, 77.30895096850624, 90.13527229062204, 103.4505277000505, 121.01040666709389, 131.76768340001215, 137.54869495508993, 152.69338908907582, 146.5975435712582, 141.02453753350966, 132.4216473251018, 128.89528640218506, 120.04931590915115, 111.79345643278923], [34.007163731814046, 27.896550872791863, 22.266793381203406, 23.999706096198718, 29.318911708940934, 34.08955556701468, 39.3967552740558, 74.2998142279711, 80.06168042856045, 88.88536218767686, 96.84379978570341, 103.60549274325726, 97.54011859353076, 90.92585408031103, 81.98545398080024, 42.632993755234835, 35.68205202390068, 27.819263127331624, 14.80406223641794, 0.0, 5.252713753669427, 15.423160540970967, 26.02682414989756, 34.340478704300025, 41.90285141206948, 76.91270747475333, 83.37657008571067, 89.50275934574682, 97.44215446305184, 104.12897084289891, 104.33196831748418, 97.63249487471188, 90.3425375330739, 82.89884567919297, 76.62534909578525, 52.348618537996096, 60.18811120424237, 68.97420357732842, 69.34268198168283, 77.6911795811121, 86.86883345018718, 92.57017247897902, 93.1846572896274, 90.69638923053323, 82.3241522617372, 72.1307544742485, 66.97535786697948, 89.15074962728119, 87.82333288551558, 90.50679174488825, 97.35893019779543, 101.0967835890726, 106.41176003498289, 113.90695641008016, 117.3320394687937, 114.72891162661884, 111.47600230849976, 105.7030360361026, 97.8877027900678, 91.17712092885363, 93.7201096042417, 99.00404753002856, 103.92016846879676, 111.98980148352632, 107.67372954987677, 103.3161755902142, 97.47689825022832, 25.114227573969423, 45.44365264489422, 67.30420921102939, 81.8861806230203, 96.45444798452345, 114.70143336637209, 127.22348651475744, 137.87306406939328, 152.39820568179044, 148.3822254155484, 143.5659451280083, 135.41294902450045, 132.51712436769373, 124.94761611063618, 117.98702381293184], [30.112371729417347, 23.59807863888425, 17.30267034314253, 19.532550922459823, 24.368826407288843, 29.313213318804713, 35.06910604813519, 71.47420723639787, 77.5799038838496, 86.56893532961473, 94.62869080345257, 101.41161613186523, 95.00808589979349, 88.23187471598841, 79.16528611917406, 40.00450507633071, 33.33361067300587, 25.870564210738994, 13.664666506527993, 5.252713753669427, 0.0, 12.45827515593744, 23.038782301584675, 31.29828417254147, 38.82524205215775, 74.85043697242519, 81.57213550147105, 87.93789962775313, 96.21722837389743, 102.79944112082312, 102.77902336994072, 96.01424526998835, 88.505138824965, 80.79569950052691, 74.38045218836538, 48.89534028845548, 55.94636054848582, 64.29716374095764, 64.42316038632623, 72.75489795054459, 81.96071729185643, 87.86244004772527, 88.69938408811522, 86.55655531504169, 78.06814152607382, 68.38416818091443, 63.96929741194689, 84.32258924446131, 82.84587333538866, 85.52874753991425, 92.48933743781801, 96.37679389462544, 101.88852014603822, 109.66758057846, 112.8445266696682, 109.9975954503879, 106.64838947975039, 100.81721768975757, 93.06265079090315, 86.34253105156577, 88.7761219567215, 94.14614205285731, 99.21406628427616, 107.65681200835333, 103.014662631914, 98.5386650266236, 92.64519433033666, 28.373861056634322, 45.35160234414349, 65.37814070466646, 79.24358825741992, 93.28958393029947, 111.47341156433451, 123.61828164535333, 133.4046070302508, 148.84121387062675, 145.07184895408554, 140.47301870876316, 132.76332459020202, 130.24522615997964, 123.35870417249589, 117.158405028047], [22.43210998959414, 16.406175735607157, 15.11608576176968, 23.84154571957494, 23.62602841140859, 25.332666451502536, 29.74119386099045, 63.60424130650957, 69.27592058736694, 78.22612880173781, 86.75433631576327, 94.31393296215055, 87.36702837748386, 80.38555860845538, 71.4791108647754, 28.396860700937435, 21.316932826724464, 13.831494327465744, 5.34291619128992, 15.423160540970967, 12.45827515593744, 0.0, 11.151568651542933, 20.01911775040349, 27.899880510341585, 64.81765987978784, 71.74986534905378, 78.55157960827614, 87.68033809262514, 94.96490414556908, 95.02737552746393, 87.37274778901494, 79.34392895068497, 71.4301017503546, 64.64616004798353, 39.036656658441196, 47.12729882002513, 56.20707783274041, 59.3512230287484, 67.4377974817553, 75.14009772533271, 80.6413487600808, 81.82111793141192, 79.54314690947741, 69.19069059325483, 59.19277119416347, 54.34592781447246, 83.10693819367872, 79.94891330360582, 80.82783671193489, 87.20973213610915, 90.66489128632728, 96.40729497551386, 105.12192801562009, 108.71071368540255, 106.05952364345606, 103.2137880991338, 98.18268550028793, 91.50004963987763, 84.49481796001548, 84.7819856031896, 89.54489061870562, 94.18657309063265, 103.26685907294174, 98.83399919986242, 94.7890640965074, 89.74450738456538, 40.03248096203749, 56.30714523388439, 73.85797819967055, 86.1176722400008, 99.01887306127985, 116.53276512554127, 127.10040422484431, 132.6239423989813, 148.58901148672123, 143.05329048741385, 137.82726323072995, 129.7742098254886, 126.76231130775659, 118.89248342183582, 111.73735779958369], [15.535150461682242, 12.378523095441636, 17.76180500985131, 28.874471076192982, 24.843902308093572, 22.79257769592112, 24.5717975289528, 54.22727876585032, 59.61287727891691, 68.51260408528279, 77.30404586725933, 85.3167136031487, 77.97423774222445, 70.8778337653958, 62.140560661100004, 17.356266484762035, 10.820901529955808, 6.523886772477737, 13.255079828000854, 26.02682414989756, 23.038782301584675, 11.151568651542933, 0.0, 9.032100711514843, 16.97937806757977, 54.38774691245773, 61.524759106966734, 68.63776384029043, 78.35329334246272, 85.89750145594512, 85.88169108501108, 77.74106282785083, 69.36763582699231, 61.262552213027334, 54.266984144058206, 28.660723721806082, 37.83464515599306, 47.8407766628326, 53.49384566408447, 61.220701859327335, 67.6647708171147, 72.44585022138529, 73.53970166785757, 70.89267513461077, 59.56704264077001, 49.09266747501881, 43.89037816190601, 80.21487857381726, 75.72297500036349, 74.96360516913064, 80.576288932807, 83.42390867000853, 89.0502884381195, 98.18669652310419, 102.29470407645185, 100.11953023406068, 97.89034670856029, 93.76710402515123, 88.11699842348578, 80.92712779388307, 79.3891525640673, 83.40789727576137, 87.4208194915018, 96.54418632892089, 92.6555099391752, 89.18761976018155, 85.06431843005855, 49.713604258765315, 64.04482770893262, 79.07408741675223, 89.74083555134008, 101.6353710930783, 118.21465136645054, 127.21551168428003, 129.08943208239927, 144.69455998790096, 137.54301338915036, 131.77966002398077, 123.46342330644315, 120.11157600526421, 111.72648452510407, 104.31451832621248], [12.46935850671096, 13.989098846209822, 22.63968571786561, 33.73404272307358, 27.687622149035228, 22.936171562275472, 21.71260877931014, 45.92458827283583, 51.15327806186785, 60.03015457097723, 68.95954196425126, 77.20890827899882, 69.59188043302167, 62.42780990021579, 53.819757567858495, 9.21927638280668, 6.782288162113065, 11.13660055245643, 21.907836110060803, 34.340478704300025, 31.29828417254147, 20.01911775040349, 9.032100711514843, 0.0, 7.9494362653822215, 45.83104506477864, 53.158882544635844, 60.47388903142537, 70.54827684960912, 78.07651138416729, 77.90805002641825, 69.56198917108544, 60.9789005494996, 52.69554822676085, 45.58992233079295, 19.951342951621704, 30.3888968106196, 41.39675668572071, 48.93159394866271, 56.24467422018319, 61.718532457853016, 65.67048222420604, 66.4289054765561, 63.29631873592983, 51.63298765943445, 40.540185387776525, 34.97069464341827, 77.58817134865485, 72.1679651944143, 70.10699957123462, 74.94384828731799, 77.16383328708548, 82.49370840828074, 91.71579636518906, 96.33650454511167, 94.72043411626348, 93.07710489966328, 89.78134323028439, 84.98821683312032, 77.7116200170308, 74.79940637558418, 78.10083757792454, 81.45679781889267, 90.28976077521384, 87.05625309224769, 84.16457248294236, 80.87006682932451, 56.93524292290926, 69.40074471859498, 82.34847385964788, 91.69840463358831, 102.79738887488267, 118.46227284878036, 126.17373355964094, 125.32084035058894, 140.1728339003328, 131.72072487985804, 125.53474427396368, 117.01369919131629, 113.43098354573219, 104.80804021141985, 97.50321781361689], [14.501245651262206, 19.049158797465758, 28.526575893428046, 39.11640618752968, 31.96860187323124, 25.625617067742976, 21.93271005813477, 38.869929414317404, 43.921929932228586, 52.75450736770515, 61.812361847256334, 70.28368099973454, 62.37123817159826, 55.13993465525989, 46.6968667781541, 5.653209353504166, 11.011781084808261, 18.26789775109016, 29.743677550014798, 41.90285141206948, 38.82524205215775, 27.899880510341585, 16.97937806757977, 7.9494362653822215, 0.0, 38.58334588323129, 46.11977576561067, 53.640516170155784, 64.0709641827389, 71.5305456294244, 71.18321208919566, 62.655269760857394, 53.86259248867516, 45.38550609424637, 38.16925629226498, 12.556214888372491, 24.533002600136125, 36.42928841418078, 45.78345810815904, 52.531662137575765, 56.94498060613607, 60.01019874677605, 60.42164968881324, 56.81333053596717, 44.84872526087146, 33.121388548471046, 27.175458499261733, 75.85131790331089, 69.6191557884016, 66.32770252381628, 70.35924484474113, 71.9445339879151, 76.95627437533774, 86.23441466773943, 91.32161038554692, 90.24085975524808, 89.16237857243048, 86.66825193034893, 82.71534400275819, 75.4266822210868, 71.23337308307963, 73.81147003423716, 76.50458064968817, 85.02199971601709, 82.42899630152012, 80.10882780275892, 77.63211357527572, 63.67191327076583, 74.61285586612917, 85.76164457179662, 93.92623727702843, 104.25431439207213, 119.04206144254037, 125.5759083278222, 122.24149975240722, 136.39858968086023, 126.78023896517404, 120.22640501584311, 111.5622055827861, 107.79552496567254, 99.022000481926, 91.91282621860924], [49.11838051802427, 55.78814396602144, 65.24662265986754, 74.24125016246629, 66.94116527183039, 59.39006404152268, 52.12732680497479, 22.883811899404016, 18.112577336368783, 21.41325503499195, 30.004666582033487, 40.25531451413225, 33.4995348594826, 28.572869898388053, 25.953533857215458, 38.068457197451465, 45.51529787730587, 53.35100839536364, 65.28526638206426, 76.91270747475333, 74.85043697242519, 64.81765987978784, 54.38774691245773, 45.83104506477864, 38.58334588323129, 0.0, 7.929551060812586, 16.045955110445153, 28.01320030865222, 36.413038339183096, 36.466252209159386, 25.925712658658274, 16.456486537180073, 9.157524369086275, 4.45465364101868, 31.851526431639442, 39.50899313147665, 49.312257197715425, 62.280997300896765, 65.27628004998047, 64.21609974139608, 60.93346635051489, 57.74718033088739, 49.839777275530764, 42.11720168832204, 29.43531234319164, 18.291166117252338, 92.05490475726418, 83.93817971135189, 76.0793220414