{
	"dissimilarities": [[0.0, 7.305388530500352, 16.48540031531395, 25.455762493293225, 18.21071465548983, 12.149244327353083, 9.771823094450955, 43.09534342074918, 49.94672569006218, 59.274183960186114, 67.62248155409844, 74.90401262975169, 67.2093455562689, 59.997854546781674, 50.78851033041824, 19.33607652743309, 19.285094062639647, 20.90773778123243, 26.044329377023438, 33.68868733511206, 30.101712215697315, 21.880701523525563, 14.615142425757885, 12.715454758912475, 14.735570548010754, 49.16044372007834, 56.50355455763082, 63.43219695043612, 72.46127073205487, 78.89355156967179, 78.03548199177487, 70.94148003881654, 62.8270549348805, 54.395406267766894, 47.79019733629686, 20.137588749202866, 26.98807051299616, 36.55716857402144, 40.22923951389958, 48.4625970473472, 55.8304699093085, 60.267526330751444, 60.23359192289297, 57.173685872184265, 48.16787656353104, 38.09019206909581, 35.098392802618974, 67.0738886230203, 63.82256356118041, 64.71738710989507, 68.68048463748866, 71.97648699302842, 75.61348682007439, 82.49053105093245, 84.85266714878401, 85.31455197146835, 81.96459533253034, 78.45326290472718, 72.89001848655059, 68.47361943788528, 68.74646435376314, 72.71699829449459, 75.91106041649759, 80.29867408121272, 76.764212145533, 73.57565015802082, 70.57017389120179, 57.04166713370237, 61.97695099533814, 72.61479927864933, 80.88007942742382, 90.69579500197, 107.75960342994402, 115.15141902782754, 114.37792833639443, 131.6938677798492, 124.05609663046792, 117.63289210154461, 109.40714498619964, 106.7067467877707, 100.98363573772973, 96.696762507906], [7.305388530500352, 0.0, 9.571675649565492, 19.52063320063793, 12.880610181032496, 9.600736923481293, 12.706981700342261, 50.330764374327934, 57.25073111884419, 66.5795714754947, 74.91453781999734, 82.09286848931181, 74.44059611807137, 67.22177587891134, 57.980378239357364, 23.36359259571569, 20.892978421147834, 19.785201879639384, 21.693977529616138, 28.092944617275727, 24.06047376189843, 16.47066836009243, 12.257427206788135, 14.948450049764554, 19.67120186650989, 56.079798274308544, 63.44502510000762, 70.42687454554903, 79.50054622336722, 86.01643599691681, 85.2305459028944, 78.12210126113735, 69.98858582024572, 61.56501543520032, 54.87340614696327, 26.68840104113077, 32.248904277884435, 40.47762129866341, 42.664201390456675, 51.14389524046814, 59.14645605896064, 64.50890653828667, 65.1213808999646, 62.863175576844164, 53.641420604414996, 44.57307343065698, 42.179601953920596, 67.71239042995721, 65.26322734274075, 67.19547903447459, 71.86695281212911, 75.81026336575898, 80.0065884946444, 87.1970590515215, 88.77721133236872, 88.63312776502092, 84.62080982995141, 80.38376377902847, 74.22904795852715, 69.67067448584196, 70.95731322305423, 75.71540525713881, 79.54048492820075, 84.69481241663178, 80.35311595698376, 76.53714703619862, 72.71785425533552, 52.35222526277469, 57.725476912683774, 69.46665056939801, 78.49452292283809, 88.78749759934358, 106.69273415059048, 115.08419472349091, 116.27345315741977, 134.94689686233775, 128.68028079414643, 122.82117962106419, 115.1011822108671, 112.81544009181688, 107.56406317519757, 103.39930618591805], [16.48540031531395, 9.571675649565492, 0.0, 10.707921257897864, 7.469349791981963, 11.405609966555843, 18.415130226597153, 58.78076916210928, 66.01483681668408, 75.36698279528704, 83.46906305519246, 90.12283541524359, 82.76050290690135, 75.62507935407366, 66.3045867153974, 32.238436825813466, 28.37847744866539, 24.77873748074911, 21.230310092331976, 22.809501755655738, 18.11563114821976, 15.028945714327236, 17.529781400321937, 23.36235568394893, 29.018192864437495, 65.50720430613583, 72.78543370274102, 79.60459128107269, 88.33790411156969, 94.53513804922173, 93.71537044084985, 87.04272565519071, 79.13570683265081, 70.80477988144577, 64.23972151493258, 36.086415939706434, 40.17911254110668, 46.823001326202665, 46.17878653143898, 54.90161173287266, 64.03006410154406, 70.23464364706017, 71.11883102663805, 69.51077518278831, 61.22549578432507, 53.1520252660588, 51.471754660916055, 67.63072501265057, 66.65376537058943, 70.09701313680584, 75.56772546989622, 80.14548138359115, 84.76032859875559, 91.85667976377115, 92.67098016598798, 91.8470200315368, 87.11254423514616, 82.04419587678174, 75.09607911573255, 70.3879224253462, 73.26365610024739, 78.92730866202274, 83.3955318323352, 89.14359651188637, 84.12400885932621, 79.65786835679546, 74.84659248101902, 45.6246165392686, 50.025676570194534, 62.7734539116529, 72.79593406447, 83.82695883048292, 102.59342270447668, 112.35486000337745, 116.74482823996492, 136.35449427631366, 132.00846985131625, 126.98137180947559, 119.93753145191154, 118.30106307535124, 114.01417387548028, 110.54865800322328], [25.455762493293225, 19.52063320063793, 10.707921257897864, 0.0, 9.71216341244699, 17.136997368460463, 24.333960651163075, 65.20153986869926, 72.90886462986627, 82.22621166544602, 89.82836801248907, 95.52443940417871, 88.68430110670934, 81.76533697551146, 72.41912521978843, 42.61245599403856, 38.81339864428335, 34.6087640381662, 28.27146266159383, 23.96695815990584, 19.531812386921267, 22.567012544453245, 27.76088999581191, 33.81502977827081, 39.150589130323624, 74.18616455631718, 81.27369925888242, 87.71671256439718, 95.72573011983748, 101.13088939770269, 100.11045977317245, 94.35440517438302, 86.92947378385945, 78.78398236370516, 72.59142535726724, 45.06597010968189, 47.72110267308173, 52.98721814356282, 48.86440517726768, 57.69980693354198, 68.16513345748434, 74.75175727380316, 75.30547545009503, 73.97602510778478, 67.82753240232626, 60.55965099275565, 59.686244548227904, 65.52643591618862, 66.40658467552784, 71.40323818306224, 77.45528755603979, 82.38139347616116, 87.04202177145783, 93.48175033618729, 93.82123079056956, 92.47882380028146, 87.24700153561479, 81.5637226722705, 73.88001387552768, 69.08727892997021, 73.72706494907693, 80.07094186361273, 84.92643735377985, 90.77887477203133, 85.53752173987449, 80.66483622152347, 75.03046345658245, 40.01351904862852, 40.07567309397784, 52.66451667729014, 63.53248487300374, 75.39007033697581, 94.65083855328942, 105.70238005642456, 113.74686700800149, 133.2662727279664, 130.93485407778152, 126.8574644205952, 120.58815376100712, 119.78643017542821, 116.974873668817, 114.94151340523803], [18.21071465548983, 12.880610181032496, 7.469349791981963, 9.71216341244699, 0.0, 7.937783608726367, 15.960707927591464, 57.761584102200885, 65.60321611853048, 74.98752438989334, 82.81223160819808, 88.94972402578455, 81.45089877665265, 74.30975923912834, 64.93676823451025, 36.01584756214865, 33.49667228527113, 31.185147783683338, 28.693370086428853, 29.21032565009071, 24.46407213630987, 22.48503012819707, 23.62432325628152, 27.710998132847866, 31.955050549906847, 66.87440327769325, 74.22017597581856, 80.9936053284994, 89.52627356379557, 95.12471389802366, 93.89907882012709, 87.7359979954584, 79.94139947807409, 71.5132520418242, 65.15038895496883, 36.62651767070413, 38.230519965528075, 43.386357499497294, 40.44122490012728, 49.25454404527893, 59.16594143102788, 65.66909076616086, 66.52743477599927, 65.45110043325073, 58.37538924186475, 51.53632253842613, 51.52759132361224, 60.364423799921006, 59.82207321608993, 63.82048111136014, 69.57776017820531, 74.39789133762132, 79.19021376353665, 86.26367105428307, 86.59338436728089, 85.460098881154, 80.47635199697179, 75.1790940092295, 68.02347892376031, 63.286561160345784, 66.6803789743216, 72.64297170149167, 77.35299874820078, 83.39000635031219, 78.0339640853458, 73.32340129835785, 68.17389826203872, 48.89089398784237, 48.65199417316072, 58.09780546266444, 66.8728893595769, 77.21790583798762, 95.82317925066653, 105.22535437242735, 109.50011470197725, 129.92513328251405, 126.46949529625911, 121.99063935540651, 115.84436465330495, 115.08196232690159, 112.32132775189086, 110.52189938204356], [12.149244327353083, 9.600736923481293, 11.405609966555843, 17.136997368460463, 7.937783608726367, 0.0, 8.334780393278878, 50.16077798908357, 58.018585764532, 67.40978667467502, 75.32300165830978, 81.703546123817, 73.92278485771222, 66.69790985141063, 57.33355160352724, 30.575225735024492, 29.62911137931798, 29.31796914167315, 30.22789997411006, 33.73441634183117, 29.2273590783709, 24.40314209367025, 21.76202868702707, 23.21712843808439, 25.908938273023253, 59.50420266665424, 66.91036123420214, 73.76166441790214, 82.45326639199436, 88.08161892420496, 86.74775575616447, 80.432919230668, 72.52182435276285, 64.00401919834995, 57.644721391563586, 29.075792021681075, 30.5941447152369, 36.605230544975925, 35.305996530841135, 44.10883359611552, 53.407463374059056, 59.29072231696225, 59.857242912984546, 58.33998449487955, 50.909001530035155, 43.62838838583105, 43.75323533601515, 58.47548600411495, 56.66317508886682, 59.43648202791091, 64.57838229143206, 68.91313275708382, 73.39059548557833, 80.54690840234005, 81.45064559570078, 80.85075089341082, 76.44322937180274, 71.83367183891468, 65.32433363030125, 60.69537888172541, 62.77180683167091, 68.01362416719884, 72.22364794111859, 77.81391884475921, 72.969977726305, 68.7655175853573, 64.41088668410717, 54.609653176100984, 54.70626408830223, 62.81001356088577, 70.43812461681424, 79.9584953293554, 97.68561450254236, 105.7669119794089, 107.17230033928786, 126.91904732667484, 121.99516714342333, 116.92796625424027, 110.41869908030274, 109.34300807376869, 106.21250259795077, 104.34480799789067], [9.771823094450955, 12.706981700342261, 18.415130226597153, 24.333960651163075, 15.960707927591464, 8.334780393278878, 0.0, 41.88081376233305, 49.84062193134397, 59.21927606397848, 67.0448508405342, 73.38210389901523, 65.60119993408323, 58.400244712354706, 49.03126302871981, 27.611367124709965, 28.733630464963003, 30.465568129857957, 34.01610856332801, 39.048265713584954, 34.96571835192256, 28.962043810866987, 23.657805879189834, 22.0633973352297, 22.32989383094051, 52.28901122590505, 59.57803935095577, 66.25860031909522, 74.73613864400872, 80.1056214562123, 78.63882790131676, 72.51639711905668, 64.73883895351021, 56.27763805387154, 50.15164267742106, 22.76725013762661, 24.697738301912263, 32.12575102025582, 32.24158005274236, 40.8755040596326, 49.60703020309666, 54.35538290070849, 54.00372836609315, 51.456583046556304, 44.67772248512234, 36.34645844546588, 36.23193425630932, 57.72828654921163, 54.962024913312696, 56.47614853724348, 60.75415613663357, 64.2862930010569, 68.05066459053533, 74.75653181568816, 76.65985445830187, 76.81491090248868, 73.22578358338005, 69.5187633836998, 63.71660129992379, 59.25218211109935, 60.112919364581124, 64.38464488954162, 67.81162629535953, 72.4201545749775, 68.60444241092685, 65.17679951820907, 61.820508773408356, 59.361637663853195, 59.32939757960297, 66.33621957158532, 73.10034363324858, 82.08551841095215, 98.71950517610655, 105.61244658126762, 104.777044967806, 122.7385917605993, 116.20521604299404, 110.48747676583183, 103.38631158948907, 101.88116155888213, 98.35102966292524, 96.547056542562], [43.09534342074918, 50.330764374327934, 58.78076916210928, 65.20153986869926, 57.761584102200885, 50.16077798908357, 41.88081376233305, 0.0, 9.102895815646798, 17.86461014736199, 25.336244343243393, 32.71822146839557, 24.139957209570962, 16.93143393288203, 7.922118296774607, 41.709652663112635, 48.983509969494065, 55.9026595236387, 65.51857493422207, 74.07993248858351, 71.43639845268005, 63.34903382827518, 53.922838251345915, 46.051923545372524, 39.04994889153621, 23.126694540580374, 27.1395192183909, 31.28205818934122, 37.675098596139186, 41.193218295612525, 38.68424300202255, 33.534502876832775, 27.11722932113893, 20.2961199289107, 18.73875070533055, 28.5124153912136, 30.862803181049664, 38.60965856333922, 46.582231224507375, 49.573062569821786, 50.79380027532848, 47.219352943005354, 41.53457069031687, 32.001842972824875, 31.49420342038771, 19.42178633172688, 15.313693136878056, 73.00169889749391, 66.34617261151054, 61.154406919547135, 59.6161488765563, 57.62227676595149, 56.20629028415045, 59.17601058897104, 67.07075463055862, 71.68987166343535, 73.27203126086528, 74.89989839310115, 73.79647579262934, 71.09184727118306, 65.62612355329391, 63.75414894432387, 61.96576827614302, 59.78377716840949, 62.90718608421596, 64.6375943303008, 67.35913645596472, 92.18596589948201, 93.12238922597838, 96.86701210326936, 100.24388849978043, 106.40638484474853, 117.49729026629879, 118.59676856281297, 106.1802337265889, 113.82009069589236, 97.60397326612552, 87.69032761208145, 76.6636445902798, 71.52632936406422, 63.766643940798666, 61.041321113655876], [49.94672569006218, 57.25073111884419, 66.01483681668408, 72.90886462986627, 65.60321611853048, 58.018585764532, 49.84062193134397, 9.102895815646798, 0.0, 9.397318211584038, 17.968191984154245, 27.18256535241898, 18.84180277643148, 12.553387029494353, 8.494733526582396, 45.68343766162493, 53.153879212723474, 60.40278119007985, 70.6864681023767, 79.93424914538289, 77.62406322189692, 69.15630596733759, 59.41775658214301, 51.19837180432632, 43.97726587487897, 18.101811140149543, 19.90318105557202, 22.85763164811381, 28.96996492756781, 32.92640359262077, 30.627562263807643, 24.573106148152412, 18.205427187565828, 12.467281642553282, 13.890575947393328, 34.19380237501606, 37.83112952216771, 45.63111538404475, 54.968369426842465, 57.391592172395484, 57.28329615487664, 52.77326316215806, 47.02117639222257, 37.22186422566421, 36.352657349052116, 24.9565745001048, 18.755465486053126, 81.43104469631646, 74.38394829769922, 68.48516510518074, 66.25870228463644, 63.57656011907676, 61.462443336610995, 63.79941610374819, 72.4633620733046, 77.67424726481781, 79.96456603633749, 82.22962083688599, 81.71232548308625, 79.22866790441844, 73.07358105000363, 70.48810100858269, 68.03438238628422, 64.91025823123482, 68.98457841289326, 71.38160792839462, 74.81279365522461, 98.22248119997012, 100.72370437591866, 105.34028911384142, 108.9528888070399, 115.17013427421384, 125.84504019353872, 126.49445374920028, 112.79376051761359, 118.50775051566389, 100.3786680060003, 89.51192541833389, 77.29265037088729, 70.66715771452901, 60.35918335098529, 55.32702411672735], [59.274183960186114, 66.5795714754947, 75.36698279528704, 82.22621166544602, 74.98752438989334, 67.40978667467502, 59.21927606397848, 17.86461014736199, 9.397318211584038, 0.0, 9.283427647499172, 20.013319045383255, 12.367953528648709, 9.470007275769012, 13.386051683190603, 54.07419553717494, 61.58958550854537, 68.94544309457824, 79.4325758877099, 88.80803363083895, 86.64776431875087, 78.1569480061951, 68.36405798889243, 60.052178656635775, 52.77288286319008, 21.305233205051827, 19.559654081786874, 19.301314785731954, 22.752187884040424, 25.305153643233922, 22.47584672680905, 17.154273304525056, 13.255239840964553, 12.611563745594793, 18.15000048024906, 43.155983213235466, 46.319956632228724, 53.21234773993744, 62.66688620827359, 64.24863108833291, 63.00144740450905, 57.30477715539211, 51.01848054460399, 40.915199703359214, 41.76284640637587, 32.38045700507854, 27.16099688271049, 88.0237603210812, 80.69301021389231, 74.0444288283376, 70.92088306226407, 67.30613128023643, 64.16606533065519, 65.36305697290041, 74.95634251216696, 80.8833688192638, 84.11406878126294, 87.25912154725201, 87.5325366192861, 85.40651729457683, 78.52954994589996, 74.98977718314693, 71.63533605469087, 67.15684422094955, 72.55705383984544, 75.84994168902998, 80.1886678788163, 106.60549262568344, 109.17874367325662, 113.36849141002965, 116.51977233589815, 122.29154722121163, 131.9844155677629, 131.6689272075389, 116.1220643752254, 119.40323502741968, 99.28884817413652, 87.55385318399317, 74.48436219370488, 66.75259121439234, 54.88496089334616, 49.16460169451767], [67.62248155409844, 74.91453781999734, 83.46906305519246, 89.82836801248907, 82.81223160819808, 75.32300165830978, 67.0448508405342, 25.336244343243393, 17.968191984154245, 9.283427647499172, 0.0, 11.428668204193702, 7.415378986068749, 11.371789993881084, 19.206292072728925, 63.17944048335956, 70.59318592684603, 77.78045294278415, 87.93703931476384, 96.81535237374753, 94.71589793745589, 86.63801696062401, 77.0982496181724, 68.95575931716112, 61.78948876624462, 29.79347539802718, 26.456430562002613, 23.49292452734727, 22.119008236243594, 20.481750881510962, 16.271134826176233, 16.004768952662733, 17.536829626778893, 20.69537514570753, 27.088502220085644, 52.101796893362256, 54.53973789043557, 60.55148633081756, 68.88632190635815, 69.89295644770546, 68.35463722537988, 61.76030253276386, 54.592434740168244, 44.1234880128762, 48.036849614568744, 40.27908244090111, 36.24460573062911, 92.22423306238058, 85.0734046042729, 78.1120704598099, 74.27711701132078, 69.80259336643466, 65.52099568519243, 65.01079688246088, 75.63306007088403, 82.21836347186883, 86.33151543405901, 90.26538619034862, 91.1381686609421, 89.34013055195607, 82.2174209760256, 77.88539717852537, 73.68385840453865, 67.64306430996795, 74.53037734281905, 78.66001384893558, 83.7041456236713, 113.26477533477426, 114.89008149520278, 118.04224671247742, 120.53323546812648, 125.81171138133048, 134.24825850679557, 132.99386818957768, 116.36240622621395, 116.47248799881348, 94.65458859280288, 82.20787725954304, 68.29485326282551, 59.644198421635224, 46.94849753287209, 42.23921573784317], [74.90401262975169, 82.09286848931181, 90.12283541524359, 95.52443940417871, 88.94972402578455, 81.703546123817, 73.38210389901523, 32.71822146839557, 27.18256535241898, 20.013319045383255, 11.428668204193702, 0.0, 11.172546533344757, 18.119222008568965, 25.968376011778133, 72.48728793774579, 79.65525184765822, 86.42468075143537, 95.76352454675616, 103.56053727509006, 101.46589248750975, 94.22784588153647, 85.25784013810294, 77.54568939210723, 70.6746849146373, 40.827428699205775, 37.405277448085506, 33.49974980824536, 28.751078716320194, 22.40107773935859, 17.2269067496752, 23.737597051629066, 28.096342372724497, 31.797095368588263, 37.97363559423123, 60.877313848403574, 62.46801382143327, 67.62511425903, 73.74991436912042, 74.43427486260664, 73.41617363410354, 66.29199969878292, 58.01517135689046, 47.22678385723959, 55.07926334779587, 48.55680861753318, 45.73272032265093, 94.0176894212419, 87.57282961631257, 80.79800392492247, 76.48871772097495, 71.28675530814756, 65.79956787309797, 62.958707133030465, 74.67851934855055, 81.81768584215106, 86.71073979495144, 91.2969568815106, 92.54426922263289, 91.04584806242626, 84.22530277594377, 79.31694446292688, 74.37114434832982, 66.59513013243856, 75.08941510578293, 79.94873249468068, 85.43875330905077, 117.77485146857373, 117.50050295516108, 119.02669983591096, 120.66577891409945, 125.40515547099463, 132.2602436067777, 130.1239819775853, 113.3822545302429, 109.37562343999771, 86.1367424002514, 73.10543670452486, 58.14812902609882, 48.638856382598405, 35.98702293958677, 35.226523704865016], [67.2093455562689, 74.44059611807137, 82.76050290690135, 88.68430110670934, 81.45089877665265, 73.92278485771222, 65.60119993408323, 24.139957209570962, 18.84180277643148, 12.367953528648709, 7.415378986068749, 11.172546533344757, 0.0, 7.638412361012464, 16.693770096401295, 64.38079568306351, 71.89147396151374, 79.07300219802627, 88.98623995214899, 97.47206665780094, 95.06645473663663, 87.17326479330461, 77.70790103036352, 69.63847214475621, 62.4177606181111, 33.46609874765568, 31.524900978858792, 29.89860889912387, 29.52553383304183, 27.29118901609435, 22.637436403253812, 23.340787630242325, 23.67150356575074, 24.838530633827702, 30.103184435811357, 51.85875299488781, 52.44104751150322, 57.2058654572277, 64.46912815147245, 64.91555601076566, 63.2694800693396, 56.26930881182828, 48.5698006602993, 37.974748192867374, 44.15401487038397, 38.01680066874426, 36.37066370335866, 86.42753223025824, 79.24669389782164, 72.08505307376765, 67.92965001502814, 63.13898246163248, 58.50559652175161, 57.65641788993145, 68.41745612734236, 75.13402142587967, 79.49414219354247, 83.72257489996937, 84.92025078429528, 83.32588803376653, 75.99324860642412, 71.31761075521365, 66.8294244917958, 60.405291476420054, 67.64779456679449, 72.05541878089323, 77.39924707892844, 113.74039928226061, 113.49241702656673, 114.91996356967637, 116.42217069668044, 120.9177773063905, 128.78792616634615, 126.85857630424613, 109.2079034456836, 109.84008603761967, 88.3758370938637, 76.2429235629265, 63.318368079798994, 55.98618935392957, 46.380249181191346, 45.70727898822106], [59.997854546781674, 67.22177587891134, 75.62507935407366, 81.76533697551146, 74.30975923912834, 66.69790985141063, 58.400244712354706, 16.93143393288203, 12.553387029494353, 9.470007275769012, 11.371789993881084, 18.119222008568965, 7.638412361012464, 0.0, 9.373401563531248, 57.33457566981116, 64.90255510535223, 72.14940096592723, 82.15178559527351, 90.82042282853905, 88.27874843009367, 80.18313512412917, 70.6006498954315, 62.47659522898156, 55.196661685876485, 28.578953929592963, 28.312555021986267, 28.709507787105462, 31.234371783992355, 31.427011568827236, 27.455142151129156, 25.253910810441955, 22.552758866238918, 20.893483103671944, 24.71694468807152, 44.384897140562096, 44.83435057044438, 49.95193271876352, 57.71896424192496, 58.55475008629439, 57.26102783354439, 50.91373625372363, 43.69152784477698, 33.133797543244334, 37.6022336699728, 30.519586960417964, 29.06305847667315, 81.09557939941722, 73.78276037256786, 66.86937823058273, 63.27289307653053, 59.16295301082371, 55.4517763496839, 56.047545385166934, 65.95080692709749, 72.11478056823988, 75.73689977722087, 79.3281373384043, 80.03791815595403, 78.18487012696956, 71.05362012111698, 67.00431393903398, 63.200547762271725, 58.067636353607725, 64.08053464482569, 67.80815844633094, 72.58936554052696, 107.97229195911582, 107.90953541427066, 109.72097833225605, 111.5386128671503, 116.29378129922789, 125.09986978258726, 123.85625957376477, 107.0715350046269, 110.49719373209771, 90.68336957583399, 79.29229748305004, 67.29392507146748, 60.994203255638325, 52.47120623496823, 51.33889797608004], [50.78851033041824, 57.980378239357364, 66.3045867153974, 72.41912521978843, 64.93676823451025, 57.33355160352724, 49.03126302871981, 7.922118296774607, 8.494733526582396, 13.386051683190603, 19.206292072728925, 25.968376011778133, 16.693770096401295, 9.373401563531248, 0.0, 49.29512499810446, 56.71101845651984, 63.754845716398464, 73.4400631455678, 81.88929204570891, 79.22274627642784, 71.23267361533428, 61.79699124729045, 53.86103852994715, 46.73980279289335, 25.906747502338092, 28.077503879020405, 30.660005455295288, 35.41756202144538, 37.338118838735795, 34.067279544530656, 30.323561756477833, 25.35248512935649, 20.47278228830261, 21.500807162179495, 35.83643877996502, 36.540762556140535, 42.58024214592639, 50.110827344808094, 51.927736107917596, 51.98756991667692, 46.95623935289756, 40.258435857727086, 29.880283900890536, 32.569838748671664, 23.30249677855603, 21.593665378983832, 74.82401998460374, 67.83788005501535, 61.76920957847644, 59.1896172495919, 56.13297990795317, 53.58409852933168, 55.4544061698351, 64.33714744637604, 69.70465247356299, 72.26799504000496, 74.86879682103178, 74.66171233962068, 72.38456172763051, 66.07794947143422, 63.108131988637645, 60.32130011332405, 56.70871058443771, 61.235677501686624, 63.951242768471836, 67.70726785570008, 99.37264261641182, 99.29159860092243, 101.63747014127905, 104.02038900210633, 109.34169879178339, 119.23776317044577, 119.10608150583424, 104.49734651472532, 110.37089182883773, 92.66849362020018, 82.19266308506847, 70.94968258643361, 65.61447779677967, 58.150716392311956, 56.82501254940931], [19.33607652743309, 23.36359259571569, 32.238436825813466, 42.61245599403856, 36.01584756214865, 30.575225735024492, 27.611367124709965, 41.709652663112635, 45.68343766162493, 54.07419553717494, 63.17944048335956, 72.48728793774579, 64.38079568306351, 57.33457566981116, 49.29512499810446, 0.0, 8.131816749146894, 16.587216493113576, 29.27933379477837, 42.237150688935756, 40.044710730833074, 28.724994019458048, 17.686904653423817, 9.05453942160699, 5.562541012425256, 38.08627324404646, 45.40669740333989, 53.00771142384185, 63.58120773789096, 72.07810771214389, 72.07753244385286, 62.7902321560619, 53.84487842800622, 45.6247295562582, 38.33365166588439, 16.376116736276554, 28.877044811444993, 40.3917458036304, 50.9188462545528, 57.46475513083598, 61.09541553005727, 64.049275774341, 64.57611894283428, 60.88139802482611, 47.8024099114029, 36.07122449725201, 29.06516331868116, 81.24153630431533, 75.86199246891687, 74.34370452437672, 76.95573625242042, 79.30250029133038, 82.47548971113665, 89.93620921369208, 93.18323494808526, 94.55329962836934, 92.21346785681682, 89.81958814860845, 85.604968835276, 81.58909800607374, 79.37350350398141, 81.94918797189806, 84.21126028562695, 87.97212121003201, 85.2099974467655, 82.97144881677319, 81.4850196193624, 68.71030391941194, 79.15507552620464, 91.79096163708779, 100.17616174782047, 109.62773847172676, 126.2911236508473, 132.5923854565484, 127.80318584650179, 144.44340876741862, 133.70508833205722, 125.72641747654707, 115.97275319507085, 111.40198393300238, 102.22809515055755, 94.12825764181017], [19.285094062639647, 20.892978421147834, 28.37847744866539, 38.81339864428335, 33.49667228527113, 29.62911137931798, 28.733630464963003, 48.983509969494065, 53.153879212723474, 61.58958550854537, 70.59318592684603, 79.65525184765822, 71.89147396151374, 64.90255510535223, 56.71101845651984, 8.131816749146894, 0.0, 8.603399520818563, 21.688811970342428, 35.293527678936776, 33.41888479412438, 21.87322944620371, 11.563303764787774, 6.688228769903809, 11.015851350551758, 45.52856123955995, 52.579766079397075, 59.92933919898887, 70.18723109336302, 78.71466225638284, 78.9315250633389, 69.8112166573435, 61.10091844856702, 53.11528935217397, 45.9512556059556, 23.489606434930682, 34.95929897005708, 45.79843386123772, 54.8415430667545, 61.93101687317357, 66.44633071157499, 70.22225525095678, 71.08956821886825, 67.78717145700148, 54.89428683091071, 43.652804403170826, 36.98539561967878, 84.01352002021673, 79.42797718643125, 78.89063062919944, 82.1575698803022, 85.04030094737571, 88.60479560010775, 96.15242779639948, 98.95337727056165, 99.87949831174147, 96.98702269656657, 93.95412707441731, 89.11680403864409, 84.90620099139203, 83.68370205160528, 86.9724452502689, 89.75508566694853, 94.02192808325208, 90.72055012205689, 87.9614965014704, 85.74046656951938, 62.74545390308252, 75.15311236671587, 89.69389790577263, 99.18924885029067, 109.42228980567266, 126.87607504179115, 134.30875261399223, 131.78844432229397, 149.02697601435852, 139.31354950668978, 131.69640129155883, 122.01142724567642, 117.5248019412512, 108.3275174135237, 99.85475742907846], [20.90773778123243, 19.785201879639384, 24.77873748074911, 34.6087640381662, 31.185147783683338, 29.31796914167315, 30.465568129857957, 55.9026595236387, 60.40278119007985, 68.94544309457824, 77.78045294278415, 86.42468075143537, 79.07300219802627, 72.14940096592723, 63.754845716398464, 16.587216493113576, 8.603399520818563, 0.0, 13.293329752091154, 27.351073155002624, 25.907524055297692, 14.58874612040342, 7.651425928491889, 11.18796652467659, 18.33049672748903, 53.37169675039187, 60.19555233667339, 67.23136167614612, 77.0007606812139, 85.32400711348723, 85.67101293888071, 76.945313328798, 68.55390932832225, 60.7628142722701, 53.77389433977701, 30.83815393886829, 41.474059714537916, 51.70166062549234, 58.84878854803029, 66.47759298194647, 72.05030567859193, 76.51350092497808, 77.4729797103968, 74.39606445844444, 62.18065823005293, 51.22398547112886, 44.834058693829114, 86.36479415539281, 82.7658714903071, 83.29924962008089, 87.1877468386612, 90.53191261313174, 94.36703168831163, 101.79559796787503, 104.25020423513342, 104.76965074757398, 101.3696627851661, 97.7294115238749, 92.24144082923856, 87.84434121849016, 87.75001784184792, 91.72002498417989, 94.96089442878522, 99.57515020074376, 95.87975964978084, 92.65751342677339, 89.71202113323254, 55.46823683661988, 69.75238509540551, 86.24993723949628, 96.91862149241726, 108.00750381583906, 126.15010310206695, 134.7869979743235, 134.91265428586436, 152.39051405967686, 143.8101490374809, 136.6172080691098, 127.022600994523, 122.68802636497574, 113.66431844458457, 105.12043202400564], [26.044329377023438, 21.693977529616138, 21.230310092331976, 28.27146266159383, 28.693370086428853, 30.22789997411006, 34.01610856332801, 65.51857493422207, 70.6864681023767, 79.4325758877099, 87.93703931476384, 95.76352454675616, 88.98623995214899, 82.15178559527351, 73.4400631455678, 29.27933379477837, 21.688811970342428, 13.293329752091154, 0.0, 14.44341099502002, 13.823765088825004, 6.307727027735269, 13.452138558779934, 21.97431979113665, 29.773328402415103, 65.25466104085422, 71.88444334946553, 78.49789447265758, 87.47396132104518, 95.18966785835373, 95.53518777625432, 87.63398719043569, 79.72857280743395, 72.10412869808465, 65.38588389407394, 41.55517934819771, 50.81052874102514, 60.03885913644953, 64.02102626102332, 72.30498602968504, 79.51351785405453, 84.83983991847695, 85.7416163549604, 82.96209675550885, 72.21238132368039, 61.73577245434288, 56.030964575628516, 88.29852504534125, 86.35916967971528, 88.54026164222748, 93.28597920381175, 97.23610031089082, 101.36952878651554, 108.44048207172314, 110.38623932921854, 110.30468524349881, 106.1991567409474, 101.70970350181133, 95.28256348709105, 90.66084517210464, 92.3494372227804, 97.26914090227694, 101.12451611511275, 106.1321876818243, 101.95510300534643, 98.10623998436512, 94.11780797575561, 43.38931296661097, 59.79652990368443, 78.93934579220623, 91.25176447576519, 103.54833293325758, 122.51184251838423, 132.9228866147555, 137.2658497683496, 154.87866170570808, 148.25341255604263, 141.86341561388005, 132.64054569014482, 128.79045781734757, 120.5628640417271, 112.61395394926643], [33.68868733511206, 28.092944617275727, 22.809501755655738, 23.96695815990584, 29.21032565009071, 33.73441634183117, 39.048265713584954, 74.07993248858351, 79.93424914538289, 88.80803363083895, 96.81535237374753, 103.56053727509006, 97.47206665780094, 90.82042282853905, 81.88929204570891, 42.237150688935756, 35.293527678936776, 27.351073155002624, 14.44341099502002, 0.0, 4.901390709334446, 14.603240925825515, 25.37025205080145, 34.139503989813754, 41.67269386340746, 76.68249492521296, 83.12446168096835, 89.25742609871278, 97.27415771035201, 104.06639495849161, 104.26599812234213, 97.47698573508683, 90.16866647038503, 82.72348276085212, 76.38508821747907, 52.21293566974661, 60.115833863949675, 68.36551172287923, 68.92753189432521, 77.66941402671563, 86.51157240164576, 92.3764912802331, 92.88178253804652, 90.2138924176504, 81.58526351125217, 71.54897227389466, 66.58406297455609, 89.08083632880859, 89.02301268228483, 92.82935710218506, 98.25487815765294, 102.60788379182706, 106.79403142462446, 113.14431197910459, 114.73955957619303, 114.1566872756592, 109.51055258995116, 104.33747700801105, 97.06384940729744, 92.29980049144076, 95.83595357245572, 101.52354381409702, 105.80940441319167, 110.89050255428855, 106.52809556951773, 102.22943646147908, 97.34050240729135, 29.648918701341902, 47.36842045731774, 69.14819380365432, 83.12294066849589, 96.66952490998119, 116.09698763506076, 128.2595415945589, 137.21638575822456, 154.22985190365787, 149.70820627117587, 144.24868573101617, 135.53305715268638, 132.3363282635478, 125.33762027002439, 118.59465495336799], [30.101712215697315, 24.06047376189843, 18.11563114821976, 19.531812386921267, 24.46407213630987, 29.2273590783709, 34.96571835192256, 71.43639845268005, 77.62406322189692, 86.64776431875087, 94.71589793745589, 101.46589248750975, 95.06645473663663, 88.27874843009367, 79.22274627642784, 40.044710730833074, 33.41888479412438, 25.907524055297692, 13.823765088825004, 4.901390709334446, 0.0, 11.892384270315224, 22.71421349421513, 31.53177597538947, 38.997319283251265, 74.88649093372146, 81.5636597894738, 87.90104642541581, 96.1402772063707, 102.84461923602701, 102.82102926801915, 96.01526520135873, 88.52570658253308, 80.8387460660945, 74.39437710766859, 49.105471282172054, 56.23691718108315, 64.07259977255933, 64.28799774398986, 73.01595220520493, 81.95218725641237, 87.9945188330569, 88.66880568142113, 86.31957677793986, 77.68998902486953, 68.1314030555032, 63.87585919565016, 84.38668444338576, 84.25947454245409, 88.12210237159555, 93.64105339919375, 98.122987523507, 102.47478709794888, 109.0342647320504, 110.35075874028746, 109.6302963394325, 104.87450817111755, 99.62448823441387, 92.34758628192706, 87.58714264409366, 91.12177272096568, 96.90295962293703, 101.3091604825226, 106.63779654058602, 102.02429004672506, 97.60857187776129, 92.63139914409639, 32.22614452147626, 46.71600975831258, 66.8731701532286, 80.18946659107837, 93.29900007379875, 112.74808364591838, 124.5688176863519, 132.85705494034008, 150.67298373557364, 146.40478989987275, 141.12307224048686, 132.8510980574769, 130.06109262926094, 123.7297907556324, 117.73787352719697], [21.880701523525563, 16.47066836009243, 15.028945714327236, 22.567012544453245, 22.48503012819707, 24.40314209367025, 28.962043810866987, 63.34903382827518, 69.15630596733759, 78.1569480061951, 86.63801696062401, 94.22784588153647, 87.17326479330461, 80.18313512412917, 71.23267361533428, 28.724994019458048, 21.87322944620371, 14.58874612040342, 6.307727027735269, 14.603240925825515, 11.892384270315224, 0.0, 11.211437236270909, 20.32385321250244, 28.09780626018209, 65.00129202772906, 71.93083115186403, 78.71659825174574, 87.76466000627951, 95.12310736801022, 95.11928936835221, 87.4666170529837, 79.4505915893452, 71.51819208704788, 64.73459248884984, 39.04407969374122, 46.99561918964697, 55.57260654729367, 58.52221215228646, 66.90879471719808, 74.57037247514953, 80.22445495128667, 81.24491996199184, 78.87782594315223, 68.54337023299958, 58.74569048527754, 54.19266225227494, 82.16682481927313, 80.43182347476261, 82.94229333505382, 87.9196956620667, 92.09733393001032, 96.44163410975848, 103.63696762471157, 105.18700797709323, 104.85639926067905, 100.53093415186437, 95.84293403117877, 89.27468539240746, 84.63195368574372, 86.61228295486559, 91.77193097486072, 95.84573763781017, 101.16379871908802, 96.65287141372457, 92.5865151871557, 88.34400693849176, 43.41759608211989, 56.64666361905059, 74.20232829473925, 85.91640549260698, 97.84037381358857, 116.82014356425988, 127.06443166515712, 131.3501379413722, 149.78138632230554, 143.84899073623, 137.85871283831807, 129.29903255868675, 126.10763083976391, 119.02191112375677, 112.36228993779254], [14.615142425757885, 12.257427206788135, 17.529781400321937, 27.76088999581191, 23.62432325628152, 21.76202868702707, 23.657805879189834, 53.922838251345915, 59.41775658214301, 68.36405798889243, 77.0982496181724, 85.25784013810294, 77.70790103036352, 70.6006498954315, 61.79699124729045, 17.686904653423817, 11.563303764787774, 7.651425928491889, 13.452138558779934, 25.37025205080145, 22.71421349421513, 11.211437236270909, 0.0, 9.163103335709687, 17.02313196814588, 54.53147318837178, 61.68596549509371, 68.80378808550446, 78.41623845585951, 86.10729385481659, 86.01356723481798, 77.83233183231273, 69.44472400270693, 61.30138153286324, 54.308365096249176, 28.46843410273382, 37.48325533196749, 47.06076069219618, 52.56543102710742, 60.51414080066194, 66.96625903189583, 71.89295107139606, 72.85510679559583, 70.17948797053769, 58.81605181635064, 48.55008957975601, 43.66106357284582, 79.19937045151691, 76.03206538645507, 77.13260937024263, 81.38178194194386, 85.03063722923022, 89.09314943950437, 96.53939401071206, 98.56962672336785, 98.7751576948145, 95.07062498543566, 91.13182320144007, 85.35618717387938, 80.88989888924591, 81.34542180298665, 85.68507493843163, 89.21973488856507, 94.15845752639834, 90.10110820083871, 86.58336716083407, 83.24126629501508, 53.14860126259882, 64.46444740978572, 79.49769701481098, 89.67482378357337, 100.51022648940692, 118.67423594099773, 127.31885135612016, 127.9663211215722, 146.13908502175153, 138.55372014940068, 131.90574060879348, 123.06457804788975, 119.53945895204839, 111.97029008693919, 105.09136305013641], [12.715454758912475, 14.948450049764554, 23.36235568394893, 33.81502977827081, 27.710998132847866, 23.21712843808439, 22.0633973352297, 46.051923545372524, 51.19837180432632, 60.052178656635775, 68.95575931716112, 77.54568939210723, 69.63847214475621, 62.47659522898156, 53.86103852994715, 9.05453942160699, 6.688228769903809, 11.18796652467659, 21.97431979113665, 34.139503989813754, 31.53177597538947, 20.32385321250244, 9.163103335709687, 0.0, 7.924679640401248, 45.801277409618635, 53.1355834683104, 60.497210781790116, 70.51336493987823, 78.39806506842264, 78.20829257850721, 69.65832424848914, 61.003533371600575, 52.70130243725206, 45.56791470880473, 19.963650259861648, 30.446731336169755, 41.10360648436247, 48.885523088115164, 56.291099820344726, 61.5917566098849, 65.6453823495356, 66.35349742008516, 63.22538242226507, 51.21311232868119, 40.30436354331363, 34.889425919194515, 77.62406104008231, 73.32536450693121, 73.15554356055017, 76.64644927948119, 79.69813443242376, 83.36132482037706, 90.83627406490704, 93.42029515268915, 94.17276099670268, 91.11275226184162, 87.92288908473402, 82.89488412931706, 78.63013707945487, 77.77130227896376, 81.27661249816255, 84.22066647283172, 88.6283945116452, 85.1584869959048, 82.23510752796028, 79.77690312517169, 60.90430610868452, 70.8376658270392, 84.00307306655854, 92.9916658080288, 102.97306775866981, 120.30270035436597, 127.62836432897677, 125.39724292824101, 142.925820607112, 133.89084238372868, 126.66952781762545, 117.53710588040991, 113.69002446661406, 105.70431200037119, 98.69764282739192], [14.735570548010754, 19.67120186650989, 29.018192864437495, 39.150589130323624, 31.955050549906847, 25.908938273023253, 22.32989383094051, 39.04994889153621, 43.97726587487897, 52.77288286319008, 61.78948876624462, 70.6746849146373, 62.4177606181111, 55.196661685876485, 46.73980279289335, 5.562541012425256, 11.015851350551758, 18.33049672748903, 29.773328402415103, 41.67269386340746, 38.997319283251265, 28.09780626018209, 17.02313196814588, 7.924679640401248, 0.0, 38.5749647798478, 46.12224702708064, 53.69583961614648, 64.00971530908832, 71.90488264574246, 71.53332407472999, 62.77952034109665, 53.90597386569035, 45.40699920264509, 38.17119881048037, 12.575361549927063, 24.607607778189145, 36.18103212275453, 45.78318951279796, 52.578976355252806, 56.851811005234914, 60.010850074344496, 60.373169950095786, 56.79631232000621, 44.458836028539935, 32.92514270907503, 27.137682733269877, 75.88511568711557, 70.68753658117014, 69.4144920204598, 72.18488539810163, 74.65334337200522, 77.89949719304377, 85.31014823945779, 88.39615362167446, 89.64063249757449, 87.18203098691342, 84.6868623008553, 80.34336801346944, 76.2905639538086, 74.31624421226165, 77.03916506239656, 79.41624272865229, 83.2817321073751, 80.39491798485632, 78.03895214353716, 76.39076389164308, 67.46845768132204, 75.9055125609477, 87.31093044761901, 95.20526379542243, 104.3936846812031, 120.9007679289369, 127.05762978751369, 122.40586998083977, 139.28080159051154, 129.07793071508146, 121.4211040095232, 112.13651862922335, 108.11743201949693, 100.00081664873827, 93.19752825153722], [49.16044372007834, 56.079798274308544, 65.50720430613583, 74.18616455631718, 66.87440327769325, 59.50420266665424, 52.28901122590505, 23.126694540580374, 18.101811140149543, 21.305233205051827, 29.79347539802718, 40.827428699205775, 33.46609874765568, 28.578953929592963, 25.906747502338092, 38.08627324404646, 45.52856123955995, 53.37169675039187, 65.25466104085422, 76.68249492521296, 74.88649093372146, 65.00129202772906, 54.53147318837178, 45.801277409618635, 38.5749647798478, 0.0, 7.9647874924837145, 16.1889931702596, 27.94310770726898, 37.02303007772568, 37.026234772102576, 26.12570686172962, 16.510285044047574, 9.155791181927315, 4.486249915310781, 31.84304471735431, 39.568257664233656, 49.25377382615737, 62.33834994400164, 65.32079154939609, 64.22890606824888, 61.008694682512, 57.758754549381784, 49.900739590763074, 41.879990598617965, 29.360575036995904, 18.321401480590016, 92.06665161659579, 84.43422715101002, 78.60743656