{
	"dissimilarities": [[0.0, 7.346192933401692, 14.847335129190993, 24.5193939527231, 17.968462903222555, 11.2585130672794, 8.524576836975019, 42.9184999889364, 49.9004490181372, 59.284742939384635, 66.44176328456268, 74.60855156335879, 67.12249317165748, 59.93613493827455, 51.411547242414024, 19.008405441932315, 17.778697536390144, 19.200945349429386, 25.255259983579975, 33.0966073578618, 29.207466892980662, 21.690079039750707, 14.215866473815831, 11.047190911932047, 14.316863175149994, 48.630486567943215, 56.288004919949245, 62.90872381932301, 72.06286480345307, 78.66480027561263, 77.85445009339166, 70.50736457380702, 62.68713057101103, 54.276876020895266, 47.632094828702584, 20.238263152416444, 26.401939995489784, 36.581497243708355, 39.900365442231056, 47.118947651228936, 54.83804706952114, 59.5581414774898, 60.01105780973773, 57.326858269408525, 49.434663434951226, 39.047217487465986, 35.423714154719846, 64.93475175336812, 60.9187133320782, 63.20716671262616, 67.32596015222776, 69.79404891229092, 74.90634970618169, 80.80248137328628, 82.66790862024837, 82.56085865424413, 79.09122867392715, 75.47076817162495, 69.74324341241524, 66.50587591867757, 66.85788374670447, 70.38067070198429, 73.5517382447987, 78.65050528972655, 74.34004275054481, 71.14941747564313, 67.733690458878, 56.04731773571614, 59.2660094765725, 68.34996957479801, 73.49414945839098, 86.1374664189154, 96.50819217066424, 107.79004879814751, 107.91841158893912, 118.4137431877792, 118.54895745682612, 113.09275493985616, 106.38777165324855, 104.48645743781863, 99.96510700671283, 97.1120948298243], [7.346192933401692, 0.0, 7.941837169160922, 19.071393326006913, 13.616063832452681, 9.634647191592125, 12.023161703017637, 50.245160829862094, 57.14750352875594, 66.48646187721019, 73.70654677357763, 81.93370581992738, 74.46108801651128, 67.2591631775672, 58.745957016846994, 22.160967945354667, 18.36662984911576, 16.767712936401644, 19.939523791412494, 27.188012332564973, 22.834701629247636, 15.533681453035594, 10.620161289191705, 12.528608082104132, 18.610536906238114, 55.218160199291646, 62.83948788957317, 69.59366596058581, 78.84971869804652, 85.6412221179808, 84.9407162310234, 77.51176313139818, 69.58286666705341, 61.186979333835936, 54.4118466675822, 26.462603624969862, 31.807150891949533, 40.75926200574877, 43.09061435254099, 50.530107658643516, 58.68156549349444, 64.27289704356114, 65.39742844058428, 63.44528833219593, 54.908994485872505, 45.3996499435336, 42.23750319113209, 66.70931404193003, 63.29064829052656, 66.47217303056999, 71.24616577134296, 74.37512920827925, 79.99097847593812, 86.29833815382034, 87.52174846089314, 86.77105003596797, 82.66653538145349, 78.34603532036753, 72.07896560394205, 68.79636505264753, 69.93994852257215, 74.20882894495793, 77.99539353735695, 83.83943118145406, 78.75579718745982, 74.95620898522458, 70.79541638630114, 51.47718849948027, 55.60597384680655, 66.0127365853407, 72.36045310341616, 85.3838851423251, 96.72886318627855, 109.0484158971603, 110.97150903514834, 123.04627833747023, 124.2461808410523, 119.25203382755741, 112.91011784269578, 111.27950732768215, 106.93899132486247, 103.89813716972729], [14.847335129190993, 7.941837169160922, 0.0, 12.038048510177433, 9.610388307408186, 11.165100920602733, 16.871621045678747, 57.59181590583112, 64.68666999244348, 74.07203152081331, 81.1673779365357, 88.99450637460538, 81.69946194015077, 74.5480367009399, 66.02133613358497, 29.35496463707046, 24.376962645849957, 20.326108380849618, 18.118153862375742, 21.74957514710062, 16.773187029639026, 13.159134273866574, 14.470402251218589, 19.58140568816475, 26.307332157968368, 63.09647948824199, 70.65631146535762, 77.32526004113461, 86.351836066009, 92.94842378147854, 92.28923162946951, 85.11781071578758, 77.32770228106277, 68.98541754788408, 62.274386876839635, 34.29711703515301, 38.58671006099512, 46.15417820894178, 46.27925711077291, 54.018101991242695, 62.96467390610739, 69.30568038117171, 70.73680942593765, 69.3844326570998, 61.391926528288074, 52.69891396025576, 50.08229702958647, 67.47627987491386, 65.1234148379904, 69.495565431143, 74.93798174573338, 78.66693164542322, 84.53223994900313, 90.94800795683683, 91.53181756831624, 90.17783399874088, 85.45125927299563, 80.41984777184548, 73.47339860686553, 70.17630491366404, 72.47328303218463, 77.61272259052751, 81.93549477854334, 88.25629974410701, 82.6269279819094, 78.2852129203142, 73.25871993249118, 45.895785393490435, 49.570792000879315, 60.87774878944271, 68.50752961772316, 82.0080222614228, 94.40808586409926, 107.80228115404678, 112.3720863847666, 125.70565517578306, 128.08319137957764, 123.71055418627475, 117.80191427252474, 116.62232747585087, 112.8615047752839, 110.27926137056991], [24.5193939527231, 19.071393326006913, 12.038048510177433, 0.0, 10.374680750894699, 17.079196616665815, 23.461566434567775, 65.05804330431828, 72.64996019215324, 82.1263565850416, 88.74734908025762, 95.36356262273017, 88.57268103729282, 81.64521411240229, 73.17109397762388, 41.02499542995924, 36.15411035691108, 31.394189030094573, 25.058659408905456, 20.909088583767534, 16.43334976070533, 21.270252561841644, 26.102480496793575, 31.285438884562417, 37.63602530290485, 72.82344832056486, 80.26534300652737, 86.50734411480789, 94.76305800254512, 100.51883625201992, 99.79165311178107, 93.4565296863642, 86.22387360438482, 78.03723545542287, 71.70241133965244, 44.419816944795315, 47.302179511849616, 53.23762682697547, 49.276912752123245, 57.40418626618899, 67.71106713990908, 74.57959743253308, 75.7281635790698, 74.81910998748839, 69.24666172781701, 61.37702755096781, 59.49643584248674, 66.09360737806989, 65.70849243626449, 71.79206476823411, 77.90477469528241, 82.11885724888865, 87.77001601973424, 93.73513311777958, 93.65351654363732, 91.76062922689532, 86.44695490933921, 80.70100744596823, 72.82983718760435, 69.58654858125304, 73.71130179571335, 79.93045901809025, 84.63713221749973, 90.9449196283586, 85.18204454355687, 80.42854262267672, 74.3320109367931, 39.27548579424897, 38.443652923201945, 49.54515377499856, 58.74174929209934, 73.07674102702622, 86.75754832579489, 101.32471020290802, 110.26345385268999, 124.21524064086795, 128.0156344271848, 124.60563339140965, 119.318966453915, 118.95343287760896, 116.5481904275112, 115.59575996948978], [17.968462903222555, 13.616063832452681, 9.610388307408186, 10.374680750894699, 0.0, 7.865106659305519, 14.940733110891385, 57.71369507453106, 65.60169998568337, 75.16891028359267, 81.88059859730033, 88.81826886249044, 81.29687615410526, 74.14871884343299, 65.82283576915601, 35.23720290059461, 31.720522939310253, 29.18243066717132, 27.55615274982734, 28.45012365114122, 23.40260944608534, 22.61070220723881, 22.926467616787892, 25.843247795210782, 31.081139756903205, 65.9380084579799, 73.73112748196334, 80.21231448370487, 89.04335939420447, 94.93276437429896, 93.88566925757121, 87.1021731533465, 79.59050821865539, 71.11569338101695, 64.66026325552325, 36.318168355095416, 37.593387108885395, 42.91238951624537, 39.65430967240935, 47.66452728917959, 57.61777351275574, 64.50419083554371, 65.98059816862158, 65.42352133121966, 59.18335893562617, 52.070509453703416, 51.539835418259905, 58.706411198642904, 57.15998885041442, 62.48590833058153, 68.40948773588686, 72.58722131264275, 78.53287022258046, 84.98510384001602, 84.87136102982026, 83.00486251617727, 77.84552539365768, 72.38850787688897, 65.0125833100312, 61.72611825895806, 64.8914232325571, 70.70246924661268, 75.3905205378818, 82.04518025575084, 75.99590529729882, 71.2786612914923, 65.5964227671319, 49.22906487527491, 47.266837149408424, 54.25760869298526, 60.04625619701006, 72.93115514937962, 85.02176639725091, 98.43124117219003, 103.62805988732336, 118.03839494500163, 121.81437203101828, 118.28610993937615, 113.53515132291685, 113.39506639747849, 111.73557847501765, 111.51500782375241], [11.2585130672794, 9.634647191592125, 11.165100920602733, 17.079196616665815, 7.865106659305519, 0.0, 7.2889908626318105, 50.09763907650398, 57.93704929482579, 67.49970724323246, 74.29504426030606, 81.53879866585459, 73.82095946809125, 66.60458259187145, 58.27407213961935, 29.10148034193383, 26.908509654529738, 26.314086671136227, 28.236600088034837, 32.23317201540936, 27.439685327502477, 23.43616169151967, 20.038179389184137, 20.371387762753596, 24.396311997853875, 58.23767142275194, 66.09191403493861, 72.60735363987986, 81.60362698645831, 87.60043780616176, 86.48446142220698, 79.50622873182729, 71.90668072222925, 63.37776069654786, 56.91043184877115, 28.61635006300213, 30.246866310526553, 36.808020608299884, 35.5607761162391, 43.44052221059731, 52.758290786114756, 58.93411828187575, 60.06506409324486, 58.90348335730716, 52.28294648842593, 44.44268022623015, 43.685643080702675, 57.61089651499335, 54.8719129955762, 58.95337341718855, 64.21177557865552, 67.78257135854946, 73.48714560037183, 79.84230548784994, 80.39522710225545, 79.16321580835626, 74.64452433590854, 69.93206910797873, 63.251534150176816, 59.95896175625135, 61.88993822579444, 66.81298209325988, 70.95635779367153, 77.1306333202462, 71.63532703241474, 67.46911795706153, 62.67387928786575, 54.01534144383143, 53.07389457990062, 59.533513830669435, 64.03679731523987, 76.40911709889903, 87.3388656235033, 99.57314820010593, 101.96998602351555, 115.0333002241195, 117.59298110003192, 113.42936375494031, 108.24145839491598, 107.67844057433018, 105.52514078554216, 104.98917334036211], [8.524576836975019, 12.023161703017637, 16.871621045678747, 23.461566434567775, 14.940733110891385, 7.2889908626318105, 0.0, 42.83453787812856, 50.753251566574896, 60.32956951789856, 67.06042307963813, 74.28051968808957, 66.53328895698012, 59.324956854253145, 50.98981306084279, 26.079953525753318, 25.75882105392205, 27.19879865885464, 31.662633679963058, 37.09590391628762, 32.73757474978531, 27.436196508927, 21.559267027030256, 18.87639906388909, 20.730778451316507, 51.67796326822397, 59.517238412686694, 65.8842968131978, 74.7731915424307, 80.60792189710374, 79.39645594610722, 72.48285849021036, 64.9954452395303, 56.48745691259064, 50.17847232771355, 22.75307827652711, 24.73162703584153, 32.61989801841251, 32.695373375068485, 40.36193111646024, 49.16575268038925, 54.39548415671596, 54.82438881528558, 52.85396823518176, 46.78735346199375, 38.04602900090549, 36.97530740896454, 56.71927486514489, 53.19249767057923, 56.18259346737727, 60.69916798553881, 63.53666491080391, 68.73256079158544, 74.69242697821986, 75.97792790179149, 75.46952242064015, 71.66126500126566, 67.74313883149274, 61.6992893803925, 58.44978676321868, 59.397564230377476, 63.450786786747365, 66.91658762425546, 72.3075258765278, 67.6370195091095, 64.14325432834319, 60.21630490510126, 58.3485033700966, 57.41457369167252, 63.06737011142029, 66.47094881625995, 78.44850671023543, 88.32704378354985, 99.4268228675852, 99.76084097021649, 111.10151710968906, 112.43996707302189, 107.72113860066646, 102.08215619715087, 101.1765135297069, 98.72297465867746, 98.24178732336541], [42.9184999889364, 50.245160829862094, 57.59181590583112, 65.05804330431828, 57.71369507453106, 50.09763907650398, 42.83453787812856, 0.0, 9.062186601195597, 18.2730725996542, 24.419042615491605, 32.601535220922344, 24.271778995734223, 17.115672086749296, 8.579668180132726, 40.696356854547176, 47.501215147113555, 54.475780988233396, 64.6875074314797, 73.47273941991887, 70.7059303106855, 62.8387915237196, 53.20361081480694, 44.86621935618874, 38.174534715036245, 20.257942223773664, 25.416261218115242, 28.924848805003737, 36.150066798624785, 40.4760904606006, 38.31232130025125, 31.74581172630377, 25.829650829744352, 18.747857851827284, 16.877982759891925, 28.111617876566694, 30.473377467832574, 38.79493418403762, 46.90663268302123, 49.024127094930996, 50.25561050952127, 46.90079269317365, 41.95415273072396, 33.09315581015822, 33.490532650079196, 21.02512197294736, 15.219832260347877, 71.37746050191056, 64.58608665567809, 60.46662261525378, 59.006400511708875, 56.018114591962664, 56.286708960213645, 58.07996643617552, 64.9077673518893, 69.62654909294241, 71.22837822130471, 72.90159749074063, 71.82189179735099, 69.56669249223985, 64.6449981534055, 62.18073887044551, 60.241872296126125, 58.78049263632138, 61.123979360410104, 62.981527902687475, 65.48518111202516, 91.63232829153642, 91.94431573371514, 95.11482765158814, 94.3453837390359, 103.55887003149319, 107.83120371613775, 112.30737010693854, 100.59281050333726, 99.92462220163698, 92.0375249713798, 83.01061152377035, 73.64075405988933, 69.23004285375093, 62.904014172376804, 61.43300355353938], [49.9004490181372, 57.14750352875594, 64.68666999244348, 72.64996019215324, 65.60169998568337, 57.93704929482579, 50.753251566574896, 9.062186601195597, 0.0, 9.59089772465216, 16.687850592682867, 26.990240090388543, 19.306844364740655, 13.261210262538786, 7.683489581194278, 45.02319897859036, 52.12011459360604, 59.35988802356609, 70.06462419598125, 79.47695369249675, 77.03938315769946, 68.70907156391513, 58.91614287837683, 50.482539176722625, 43.480553092665446, 15.515252084539682, 18.186325242704363, 20.36350328327626, 27.345627200248178, 32.16022247332462, 30.07843112848921, 22.776218360768343, 16.909384966577466, 10.917568038582445, 12.3347984198093, 34.064574209174275, 37.58389112145315, 45.96918045193468, 55.40171280406318, 56.99108949737389, 57.03365956654725, 52.71678672819383, 47.583400261469066, 38.304737585308295, 38.22729000106382, 26.39390477386605, 18.99185404133206, 79.74445996303413, 72.63597715286534, 67.76092360591883, 65.59658908209559, 61.91835035779027, 61.515997807385304, 62.593073912174454, 70.1997462812953, 75.6000062986101, 77.93300426409866, 80.25471167492351, 79.78058567952004, 77.65322806037668, 72.10714203627042, 68.84897079403994, 66.25186059606742, 63.84351121344525, 67.15146489783112, 69.67203690736066, 72.95297020775541, 97.46507742476176, 99.27870560011449, 103.4523211647644, 103.03635010294366, 112.3023865662803, 116.3025380296819, 120.20671973965025, 107.17722064471008, 104.52520009148606, 94.64358322277958, 84.61076567417155, 74.05148799047582, 68.24020002073978, 59.32715245548563, 55.30052458317585], [59.284742939384635, 66.48646187721019, 74.07203152081331, 82.1263565850416, 75.16891028359267, 67.49970724323246, 60.32956951789856, 18.2730725996542, 9.59089772465216, 0.0, 8.06130604576343, 20.488793688135207, 14.156273250885489, 11.6123233298982, 12.895861433895334, 53.22224059308798, 60.43627999537285, 67.79161068191968, 78.70011898837625, 88.33430716847505, 86.08046086899122, 77.59864511921981, 67.76331279124554, 59.3173987787446, 52.19206037415735, 18.517484426027767, 16.827727301668457, 15.310566484029028, 19.956322056505577, 24.020744215757723, 21.521101497554834, 13.99014763282979, 10.442599022762387, 10.326660420086007, 16.44224544680537, 42.989700393252946, 46.262312536672994, 53.822991927636004, 63.639237706652224, 64.49780426230096, 63.36745351163807, 57.89826046055154, 52.301304248783474, 42.71872745513415, 43.71296788499875, 33.67154550517551, 27.21031230165981, 87.0880553729395, 79.75898227181486, 74.05149223450559, 71.01258737716883, 66.48367960521131, 65.09966370635696, 65.14390909566754, 73.56615066024622, 79.76982400974632, 83.0209760443053, 86.19430058970512, 86.50928637960989, 84.59471995607471, 78.38026104205412, 74.18683960565323, 70.7384992966127, 67.05374407099275, 71.62174156209655, 74.99353286315738, 79.19751123250649, 105.88108115269691, 108.10628974159852, 112.2230674177464, 111.4719690059416, 120.36023815408953, 123.6091388341944, 126.49244507232319, 111.62214005964792, 106.55452770574223, 94.59547516281768, 83.62779106143252, 72.18146597554656, 65.19192031479623, 54.45613239118079, 49.03652283902286], [66.44176328456268, 73.70654677357763, 81.1673779365357, 88.74734908025762, 81.88059859730033, 74.29504426030606, 67.06042307963813, 24.419042615491605, 16.687850592682867, 8.06130604576343, 0.0, 13.107445590643625, 9.482754015653573, 11.93548288536639, 17.194694005335744, 61.14700348842437, 68.28749050734669, 75.5141354369653, 86.12472859897643, 95.32265680431303, 93.13699328482123, 85.04506177710631, 75.3786612017268, 66.99770600036959, 59.97187385501831, 26.274283408629724, 23.215037856278204, 19.274360114603986, 19.092123983282033, 19.498388353557225, 16.00689503500816, 12.099489415826149, 14.374989902874159, 17.833745390771984, 24.421029398194786, 50.620191504597166, 53.17243096654143, 59.80819237950046, 68.61585077329202, 69.0152335570317, 67.49910359949946, 61.198224609928346, 54.82227501120061, 44.9525467487165, 48.642129275776796, 40.09456973931419, 34.911370580575394, 90.50269739334344, 83.39011348784359, 77.3246477176939, 73.64678931698928, 68.4126940775965, 65.90035029586659, 64.627826631703, 73.73608890098224, 80.66535317204345, 84.69601304614477, 88.57701706299774, 89.42721276837044, 87.7242775493604, 81.30100887183363, 76.51013531134049, 72.2961186178886, 67.19870681703524, 73.10883717874069, 77.23673998453825, 82.04169674479544, 111.88680218713802, 113.26903146908313, 116.47876541800363, 115.05931363885317, 123.44210900652381, 125.8344864750664, 127.64135622828698, 111.78798200807046, 104.15305579644263, 90.46819870982333, 78.84925726804754, 66.69679118766223, 58.97513346055374, 47.625775064571, 43.20119980963281], [74.60855156335879, 81.93370581992738, 88.99450637460538, 95.36356262273017, 88.81826886249044, 81.53879866585459, 74.28051968808957, 32.601535220922344, 26.990240090388543, 20.488793688135207, 13.107445590643625, 0.0, 11.11359567828545, 17.959376894430637, 24.520750128075406, 71.73214841392644, 78.55777071955946, 85.33679399130283, 95.02351716931035, 102.98928810221027, 100.8808605816541, 93.86841774017043, 84.72783216180287, 76.60408271317752, 69.97521189979477, 38.92478919302372, 35.99528432298649, 31.262626001344255, 26.868015083700435, 21.336542536420726, 17.33966066457905, 21.38225823930031, 26.883130034500837, 30.636955778888115, 36.810526905444334, 60.46465173707435, 62.01710413288778, 67.48251541042835, 73.61494234186924, 73.73111347890682, 72.5540514459397, 65.59745226086838, 57.97932937513245, 47.92106199388458, 56.339590758316064, 49.31233764918108, 45.60399912749545, 92.48210478443302, 86.24875097443812, 80.3169066096377, 76.09396432803447, 70.1289157754675, 65.9115810812099, 62.385152745502154, 72.26595407423555, 80.08728971474004, 85.00901367278337, 89.65530578215561, 90.90747950687879, 89.49917080033637, 83.40737180162708, 78.24982265590769, 73.1287566822951, 65.90997888579696, 73.77258303424621, 78.78783889270944, 83.9828304011187, 117.44759442964857, 116.67961440315977, 118.0252567667661, 115.54463079239677, 123.16500507752048, 124.32921451034838, 124.59665179449242, 108.69717034666333, 96.92598750745756, 80.8711188965704, 68.48700348880551, 55.03544730397372, 46.39700052279076, 35.0950925482005, 35.76532489372539], [67.12249317165748, 74.46108801651128, 81.69946194015077, 88.57268103729282, 81.29687615410526, 73.82095946809125, 66.53328895698012, 24.271778995734223, 19.306844364740655, 14.156273250885489, 9.482754015653573, 11.11359567828545, 0.0, 7.598633189989762, 15.729204296844166, 63.95446175499872, 71.06394776794698, 78.24119151483629, 88.55209661729076, 97.11226327418458, 94.57901960378025, 86.9579366349166, 77.33794705457116, 68.9361003053081, 62.009862223762916, 31.943172530267073, 30.746066612782162, 28.124924338040465, 28.43285924426277, 27.052187912741957, 23.045069812765437, 21.38842374592997, 22.96105236348896, 24.136277744250023, 29.406178732102543, 51.73677369441471, 52.13866518380511, 57.00347183147628, 64.15796678339579, 63.936352038175876, 62.203861342157374, 55.30295387892236, 48.14450993590484, 38.134121433242754, 45.28845383209823, 38.76718062067234, 36.52540647609183, 84.0948540984466, 77.18283339500945, 70.86156653605448, 66.72142672622705, 61.024439017096846, 57.724926316820934, 55.70304365059462, 65.08254959102855, 72.36698361561658, 76.84499323514711, 81.2098878730488, 82.51625039383919, 81.02357367969292, 74.44136585961273, 69.25341552550476, 64.53046566701731, 58.57423563385425, 65.27639898619364, 69.89820698216268, 75.10596806826138, 113.47257478461131, 112.5113597739969, 113.40129477315955, 110.44791153638474, 117.80529707741938, 119.13814731832692, 120.01193210362686, 102.99023582371854, 94.85285587764317, 81.46884285523477, 70.13843196176802, 58.99426401057737, 52.46971347839565, 45.061516642487355, 46.34114851681497], [59.93613493827455, 67.2591631775672, 74.5480367009399, 81.64521411240229, 74.14871884343299, 66.60458259187145, 59.324956854253145, 17.115672086749296, 13.261210262538786, 11.6123233298982, 11.93548288536639, 17.959376894430637, 7.598633189989762, 0.0, 8.653057995328183, 56.8898452264718, 64.01946844745939, 71.26318811271447, 81.70823874393906, 90.44683860985123, 87.74892477294466, 79.93523145480668, 70.1946746073451, 61.74026449330121, 54.78099619618032, 26.854772577682297, 27.46105883631908, 26.816420995921494, 30.12133559679492, 31.12352989674542, 27.60596023112554, 23.33607088340368, 21.742299770087893, 20.068132539115165, 23.922390037400234, 44.29804435866727, 44.56027010545942, 49.7952699618168, 57.46300267318436, 57.56731468197155, 56.23337651292917, 49.991144717984625, 43.31858447442241, 33.31475629019648, 38.89262965741671, 31.39804729966023, 29.266190906159775, 78.67405523056546, 71.5619824985075, 65.538904425613, 61.953598906420595, 56.868939312811406, 54.609843804714274, 53.9032036206908, 62.61427821113924, 69.20988279168286, 72.94881314973685, 76.67593709413717, 77.5011159271792, 75.82049226500978, 69.40668203852222, 64.75234451898504, 60.71506798753402, 56.09593411730898, 61.52727660683595, 65.46621004509451, 70.13745913154597, 107.63941248412709, 106.82767425080307, 108.0015877505726, 105.33224939992444, 112.99029131579395, 114.97147365923622, 116.76970265587033, 100.58373952185475, 95.09872441770132, 83.69270067691106, 73.18088783416344, 63.01254068154739, 57.504675096752514, 51.151038802354925, 51.88480558146144], [51.411547242414024, 58.745957016846994, 66.02133613358497, 73.17109397762388, 65.82283576915601, 58.27407213961935, 50.98981306084279, 8.579668180132726, 7.683489581194278, 12.895861433895334, 17.194694005335744, 24.520750128075406, 15.729204296844166, 8.653057995328183, 0.0, 48.956572821445505, 55.89396141736608, 62.94726346783479, 73.16633725412208, 81.79773965641219, 79.10264151267396, 71.38674803526486, 61.772658014942856, 53.414111737990694, 46.63243351018226, 22.704339674281083, 25.459491028048834, 26.821959783561642, 32.1386715582188, 34.86285235266342, 32.08394414680327, 26.59218767079294, 22.59185073906839, 17.889328181614477, 19.368140788060092, 36.39116848618156, 37.61103583080166, 44.284486292256894, 51.92894421956815, 53.04970505206747, 53.0894764954226, 48.20780184263179, 42.17711757699287, 32.440346603258064, 35.99892618491164, 25.98397612479422, 22.211690238552446, 74.67260480838517, 67.78881478906499, 62.74856947344963, 60.20639835456396, 56.111709351038996, 55.02465674757203, 55.466759414139894, 63.32421867244962, 69.04971139541195, 71.74596298883507, 74.46956050743509, 74.30846082976291, 72.33751430018985, 66.71745728841682, 63.161194723541506, 60.1194297867727, 56.95289070206749, 60.96169454001549, 63.908721780149484, 67.49482446879392, 99.20769886298555, 98.82930415710452, 100.93365751688258, 99.20128260692721, 107.67001593570579, 110.78363614985565, 113.8925701583536, 100.14483960120728, 96.86021811157015, 87.14178201831864, 77.34876587412671, 67.42929982688885, 62.443787958478914, 55.99729703983347, 55.61305029225088], [19.008405441932315, 22.160967945354667, 29.35496463707046, 41.02499542995924, 35.23720290059461, 29.10148034193383, 26.079953525753318, 40.696356854547176, 45.02319897859036, 53.22224059308798, 61.14700348842437, 71.73214841392644, 63.95446175499872, 56.8898452264718, 48.956572821445505, 0.0, 7.814222266339308, 16.283178303288274, 29.521807446387395, 42.47563329000115, 39.659385358872946, 28.016998147355814, 17.291834870479683, 9.774678973901603, 5.713530738219757, 38.0367769492478, 45.329731365974425, 52.77070353798564, 63.31988268214116, 71.82265715439429, 71.45785551736428, 62.513030051194676, 53.68644531849029, 45.54221028329843, 38.280168680447346, 15.521889441037677, 26.799426822868973, 39.22476234159685, 49.89468678294945, 55.250442678183354, 59.46882881594822, 62.59432217064687, 63.47421545536942, 59.92155435319039, 47.43389453798183, 35.50338306302503, 28.547255105884712, 77.65157971495265, 71.5288433113787, 71.19515730517273, 73.9125711530707, 75.35771022024333, 80.43338368212312, 86.64059716490644, 89.59073359987617, 90.36145617001347, 87.9482597261382, 85.49531940063832, 81.30992254108, 78.22503447532634, 76.1405860021493, 77.7923330539675, 80.12235988754331, 84.84532120713493, 81.09870682431705, 78.78252924019871, 77.18810713181844, 67.33023822244277, 75.93576039598848, 87.19903656449104, 92.35526840564398, 104.49773218228277, 114.01795466520365, 124.26663621025222, 119.77928068280207, 129.07875114496954, 126.89371164234608, 119.95325892333472, 112.04410532020553, 108.50172745949754, 100.89522384080972, 94.02909596881064], [17.778697536390144, 18.36662984911576, 24.376962645849957, 36.15411035691108, 31.720522939310253, 26.908509654529738, 25.75882105392205, 47.501215147113555, 52.12011459360604, 60.43627999537285, 68.28749050734669, 78.55777071955946, 71.06394776794698, 64.01946844745939, 55.89396141736608, 7.814222266339308, 0.0, 8.55452966659728, 22.039182930583273, 35.47449113371242, 32.79032785277577, 20.75066281241286, 10.626054860457856, 6.885649469293292, 10.239908731835696, 45.44648061780302, 52.51381976398162, 59.798679213478735, 69.9901045897723, 78.40186669152871, 78.20942731547521, 69.55010970585539, 60.896178984144164, 52.89447428414101, 45.72738648995948, 22.013006691769526, 32.15809017910489, 43.7652123567742, 52.732947802667596, 58.70733228100638, 63.888602097022286, 67.90787397683536, 69.14077467196205, 66.07557125550042, 53.84176386076341, 42.51965978307169, 36.070933691396704, 79.50392449517732, 74.10902087497638, 74.83311937451215, 78.25678765948952, 80.31263075087979, 85.73471011347537, 92.13362985267251, 94.57743617703552, 94.82457039455913, 91.8072063575751, 88.66549914701898, 83.7962496373942, 80.6216377385609, 79.48960986160797, 81.97696887497888, 84.86325615113434, 90.11048285330125, 85.79811828064452, 82.92485944932794, 80.5044292515548, 61.04894774231816, 71.06768747783823, 83.96467848433201, 90.4954337681612, 103.2597447785496, 113.81616073182819, 125.09774703457126, 122.90792007955329, 133.27692996543036, 131.93513926080183, 125.38963190683836, 117.58313027150612, 114.24249698813493, 106.675181545261, 99.64719358022151], [19.200945349429386, 16.767712936401644, 20.326108380849618, 31.394189030094573, 29.18243066717132, 26.314086671136227, 27.19879865885464, 54.475780988233396, 59.35988802356609, 67.79161068191968, 75.5141354369653, 85.33679399130283, 78.24119151483629, 71.26318811271447, 62.94726346783479, 16.283178303288274, 8.55452966659728, 0.0, 13.642171089949214, 27.527902778476356, 25.191517549967447, 13.042443141153006, 6.44265276933229, 11.093629472195378, 17.650184540107215, 53.247317450559734, 60.08722020880888, 67.13095447330086, 76.81770033934112, 85.00177563008478, 84.98366798755639, 76.74442301597469, 68.35768100370912, 60.519608318651144, 53.502182142168415, 29.502033965800035, 38.866612911424745, 49.74253784592415, 56.66893549789906, 63.243205893288135, 69.4458387403382, 74.183714723743, 75.53932614607227, 72.77870169334459, 61.257704993831865, 50.264846842841656, 43.99803547439931, 82.04312404836298, 77.56019984471577, 79.39707370894847, 83.46139822153026, 86.02190268127693, 91.6176096584139, 98.01743402985358, 100.04962756735519, 99.86816270153611, 96.31858239703229, 92.54281116274804, 86.96785941062497, 83.72385683717499, 83.64930954463172, 86.95110011467885, 90.28936491959244, 95.84748228465962, 91.16900865026946, 87.83650376279645, 84.6109656228488, 53.57902145739382, 65.2516789248505, 80.11643642661731, 88.28983710343944, 101.78694308977316, 113.4562286387263, 125.78138838494093, 126.3047124287637, 137.40299556450222, 136.7832007856935, 130.61807021356324, 122.81485831319887, 119.64434963696192, 112.07748548028438, 104.95886085762234], [25.255259983579975, 19.939523791412494, 18.118153862375742, 25.058659408905456, 27.55615274982734, 28.236600088034837, 31.662633679963058, 64.6875074314797, 70.06462419598125, 78.70011898837625, 86.12472859897643, 95.02351716931035, 88.55209661729076, 81.70823874393906, 73.16633725412208, 29.521807446387395, 22.039182930583273, 13.642171089949214, 0.0, 14.363735532858017, 13.102996933441364, 5.6377791048324175, 14.12157784695595, 22.328751860691675, 29.80083497727441, 65.3024847401196, 71.92168985170936, 78.54254270630733, 87.37026162976147, 94.94860780226138, 95.09130695002109, 87.64407065212686, 79.75902632023647, 72.11220009706132, 65.37055357074298, 41.088718830023616, 49.39088710273258, 59.226455638154626, 62.79789707478488, 70.14185178790173, 77.87018996072153, 83.45759410919264, 84.74852681096905, 82.32805993791524, 72.42573824701746, 61.810395458830655, 55.872932636193156, 85.41470269720669, 82.52131350149602, 86.03575553635643, 90.9454558123207, 94.13040367188073, 99.77676812842381, 105.96097461035042, 107.42714584846293, 106.69152331635713, 102.44262508001363, 97.8158101656696, 91.21519246048386, 87.91950471737924, 89.52178880444787, 93.98475320384706, 97.86455896747451, 103.6471099856574, 98.63977515427635, 94.74724525821206, 90.37346517821602, 40.89933972501846, 54.79446037671175, 72.69070189601103, 83.46926029719826, 98.04611478539444, 111.34115823349417, 125.13604769787592, 130.156269316275, 141.9906676325705, 142.46692432077734, 136.97187901499126, 129.26012304726407, 126.47716163180635, 119.25786025606482, 112.5702216548419], [33.0966073578618, 27.188012332564973, 21.74957514710062, 20.909088583767534, 28.45012365114122, 32.23317201540936, 37.09590391628762, 73.47273941991887, 79.47695369249675, 88.33430716847505, 95.32265680431303, 102.98928810221027, 97.11226327418458, 90.44683860985123, 81.79773965641219, 42.47563329000115, 35.47449113371242, 27.527902778476356, 14.363735532858017, 0.0, 5.435300840621617, 15.858513613181694, 26.24247560460295, 34.171870626952895, 41.66132347048574, 76.64612479388839, 83.19392331745381, 89.35511505884205, 97.28660954016047, 103.96263691272172, 104.0998703126079, 97.58917354124686, 90.29737129070443, 82.76784847915555, 76.36420780752745, 51.86659026711951, 58.92660889469147, 67.63649762180512, 67.58512939964046, 75.50268053373932, 84.69306833925907, 90.88085222725351, 91.8716002437213, 89.7481840471153, 82.07597391993279, 71.92822360589675, 66.60722908995282, 86.70611157480151, 85.60119184891401, 90.73884527712474, 96.33617947937844, 99.99510750238845, 105.45873655071827, 111.1943742076467, 112.11097461595676, 110.90767687875567, 106.09068181347511, 100.76330017226931, 93.23592390121355, 89.963990920775, 93.28416931283759, 98.80230429028914, 103.06177321814886, 108.8099410773297, 103.70598004042515, 99.40824926787501, 93.99129261618559, 27.540044484111366, 41.968959289766445, 62.53316734972862, 75.81246418094713, 91.32714201646745, 106.03622667210149, 121.05737460442825, 130.82479025101753, 143.00582356372746, 144.67339629762316, 140.0258500565235, 132.65144232358884, 130.5108773993565, 124.28023770700153, 118.93580584865508], [29.207466892980662, 22.834701629247636, 16.773187029639026, 16.43334976070533, 23.40260944608534, 27.439685327502477, 32.73757474978531, 70.7059303106855, 77.03938315769946, 86.08046086899122, 93.13699328482123, 100.8808605816541, 94.57901960378025, 87.74892477294466, 79.10264151267396, 39.659385358872946, 32.79032785277577, 25.191517549967447, 13.102996933441364, 5.435300840621617, 0.0, 12.613553240476248, 22.85346125128066, 30.828452899238705, 38.41487925865993, 74.43169125131195, 81.29539373330408, 87.65598565981045, 95.95756398828466, 102.66798203389763, 102.59319271072128, 95.85354478392682, 88.3689666007148, 80.57515997591297, 74.02842422159138, 48.33373151186591, 54.610155077385784, 62.81885016650019, 62.60455434000122, 70.47732083788159, 79.66699174723372, 86.06682475653092, 87.31247805687097, 85.55000003033095, 77.67699443572285, 68.06643490432995, 63.535941600324705, 81.7784545315759, 80.5243427414431, 85.6675588275979, 91.36289119415275, 95.18690208598204, 100.86450293343692, 106.87401810574262, 107.54159030683098, 106.13928556613162, 101.19594282761778, 95.78242340116701, 88.29024936769746, 85.01403210609645, 88.26387719201573, 93.85087194787603, 98.26463509691297, 104.33413294660528, 98.91268498233194, 94.46638202290106, 88.98263831758683, 31.660106150262436, 42.69374610079837, 61.052436927351316, 73.16854656148134, 88.23360764861638, 102.59419740451628, 117.46184576275596, 126.31811484158241, 139.24465837104555, 141.41195786690437, 136.97123447886327, 130.11564398701117, 128.32989402874205, 122.87873401007332, 118.32220039929524], [21.690079039750707, 15.533681453035594, 13.159134273866574, 21.270252561841644, 22.61070220723881, 23.43616169151967, 27.436196508927, 62.8387915237196, 68.70907156391513, 77.59864511921981, 85.04506177710631, 93.86841774017043, 86.9579366349166, 79.93523145480668, 71.38674803526486, 28.016998147355814, 20.75066281241286, 13.042443141153006, 5.6377791048324175, 15.858513613181694, 12.613553240476248, 0.0, 11.071066404464295, 19.746268029322728, 27.51011306328407, 64.4871445409177, 71.49899442287933, 78.30122456677111, 87.45238133293886, 94.93214221794791, 94.81379150742416, 87.22355048559474, 79.18768010844789, 71.22810669268222, 64.35094716969348, 38.37533891568295, 45.541231149869645, 54.68322092385459, 57.79102404956698, 65.13114558483333, 72.99547597874104, 78.91298290288272, 80.49154664960015, 78.54347594283442, 68.59224204783119, 58.685153034804, 53.84691501943411, 80.17456040298588, 77.26343268383602, 80.92656920292043, 86.02126097666563, 89.45431860527508, 95.34332312352643, 101.80896830842708, 102.91994214687601, 101.89944771804315, 97.44411275846714, 92.64929912452358, 86.00938951831994, 82.71516697834996, 84.38844271461515, 89.03341984167227, 93.13707189883509, 99.30185843141521, 93.90396580863424, 89.79245181604684, 85.24045675363016, 43.11844799434309, 54.17563708968369, 70.14601803872569, 79.91705605371718, 94.03121699311842, 107.04455443220488, 120.76484529357826, 125.27493471144457, 137.99172186355304, 139.1856594464179, 134.03823607213263, 126.97674677892762, 124.69231516330159, 118.5254191516656, 112.96694019329398], [14.215866473815831, 10.620161289191705, 14.470402251218589, 26.102480496793575, 22.926467616787892, 20.038179389184137, 21.559267027030256, 53.20361081480694, 58.91614287837683, 67.76331279124554, 75.3786612017268, 84.72783216180287, 77.33794705457116, 70.1946746073451, 61.772658014942856, 17.291834870479683, 10.626054860457856, 6.44265276933229, 14.12157784695595, 26.24247560460295, 22.85346125128066, 11.071066404464295, 0.0, 8.83574763721435, 16.58334245927596, 54.20998213169971, 61.478741584100526, 68.53734817761476, 78.24046204721375, 85.9935292481202, 85.68569033485059, 77.61817484745767, 69.28100995772219, 61.11881838256377, 54.070720553055594, 27.688431239076767, 35.548887820538546, 45.67101020399966, 51.214910712723004, 58.05281863406783, 64.88811190044788, 70.09574021717238, 71.57380563152994, 69.28107334603929, 58.44064563719964, 48.14684759404187, 43.2399876028334, 75.9892123625795, 71.82367695716123, 74.15692370974547, 78.5572000770163, 81.44065963680971, 87.2012116259044, 93.73891275526357, 95.35196464601626, 94.8407436272018, 90.99208897050815, 86.9310189049225, 81.09938606861498, 77.83857222208086, 78.18537363861675, 81.89485275239633, 85.5097795241287, 91.37994293126168, 86.35306526011506, 82.74177981143926, 79.11903576693753, 52.5795611071693, 61.60717040346944, 74.8810679102856, 82.37689452341513, 95.61286000555971, 107.19425617136743, 119.59897644149132, 120.53038768975985, 132.39126842130034, 132.6576999604663, 126.99625373516504, 119.87202076065206, 117.3490460181765, 111.10625778617653, 105.57102891972627], [11.047190911932047, 12.528608082104132, 19.58140568816475, 31.285438884562417, 25.843247795210782, 20.371387762753596, 18.87639906388909, 44.86621935618874, 50.482539176722625, 59.3173987787446, 66.99770600036959, 76.60408271317752, 68.9361003053081, 61.74026449330121, 53.414111737990694, 9.774678973901603, 6.885649469293292, 11.093629472195378, 22.328751860691675, 34.171870626952895, 30.828452899238705, 19.746268029322728, 8.83574763721435, 0.0, 7.788262440919283, 45.77652152779988, 53.25944908008066, 60.420158648412084, 70.40382463162449, 78.19889796460059, 77.71796705395356, 69.42289378147092, 60.95790881933528, 52.64672712291397, 45.534952435514086, 18.990289866985105, 28.01554089790795, 39.34053561236407, 46.7421816198327, 53.102352163661116, 59.097411352998655, 63.44477738892513, 64.52786646234998, 61.694789437188895, 50.667181538568634, 39.67861760342982, 34.43118378124199, 73.14626293770225, 68.10232852163345, 69.29951914933181, 72.98466223389002, 75.23463216099836, 80.6518192570573, 87.00040625534498, 89.18042288579947, 89.24919135712075, 86.04080555918095, 82.7168933978365, 77.58829728619592, 74.38942665838734, 73.68023538842353, 76.51775227245858, 79.55448559843583, 84.87788155252211, 80.44714667554499, 77.41572194304467, 74.65894106801395, 59.39282388788023, 66.8331093383705, 78.16260738358119, 84.00705252360397, 96.5905389366097, 106.98625243528878, 118.22029544995038, 116.55313452847874, 127.19044802604326, 126.49474925712788, 120.37676624904533, 113.08870990002073, 110.33830906247083, 104.03272820141098, 98.67990224251633], [14.316863175149994, 18.610536906238114, 26.307332157968368, 37.63602530290485, 31.081139756903205, 24.396311997853875, 20.730778451316507, 38.174534715036245, 43.480553092665446, 52.19206037415735, 59.97187385501831, 69.97521189979477, 62.009862223762916, 54.78099619618032, 46.63243351018226, 5.713530738219757, 10.239908731835696, 17.650184540107215, 29.80083497727441, 41.66132347048574, 38.41487925865993, 27.51011306328407, 16.58334245927596, 7.788262440919283, 0.0, 38.39977492821992, 46.07524953088357, 53.38017371922059, 63.72242091104946, 71.65976911424917, 71.03122713562784, 62.41610078850772, 53.76817944123389, 45.33252652203349, 38.125660484753496, 11.895627722859649, 22.674075770879153, 35.14977195246302, 44.694351685854045, 50.34467967190832, 55.21503135199445, 58.586418334077834, 59.31576539829112, 55.92444293158781, 44.45045117327119, 32.693015896578906, 26.86736822652232, 72.29665141449983, 66.40344184654812, 66.3938147015744, 69.29812153348152, 70.88016595909289, 75.94974520403423, 82.12374720440265, 84.87716742326757, 85.52274431805141, 82.97427156712872, 80.40324632494473, 76.03821275258386, 72.93508259522255, 71.1362652998853, 73.03768112832363, 75.47161421834772, 80.24740012240164, 76.41665318654387, 73.99024687990305, 72.15769318815344, 66.1561150699422, 72.73334530942121, 82.64786615299948, 87.15720644774869, 99.09358526669325, 108.41400023139364, 118.56523872306208, 114.39159123695885, 123.88455675264844, 122.21746965093475, 115.6215431605055, 108.14915337830485, 105.10927161801318, 98.59745870904275, 93.20106404354442], [48.630486567943215, 55.218160199291646, 63.09647948824199, 72.82344832056486, 65.9380084579799, 58.23767142275194, 51.67796326822397, 20.257942223773664, 15.515252084539682, 18.517484426027767, 26.274283408629724, 38.92478919302372, 31.943172530267073, 26.854772577682297, 22.704339674281083, 38.0367769492478, 45.44648061780302, 53.247317450559734, 65.3024847401196, 76.64612479388839, 74.43169125131195, 64.4871445409177, 54.20998213169971, 45.77652152779988, 38.39977492821992, 0.0, 8.340477031361994, 15.858507423632844, 27.62005444096977, 36.563625208318435, 35.7570963409168, 25.5022018265449, 16.102204868617125, 8.507173491871786, 3.4624973492721978, 30.982115252002014, 37.45084031203575, 47.58636019515806, 60.669324352510166, 62.52902519217906, 61.88498290294353, 58.63666225355658, 55.591157249086926, 47.735887340371804, 40.67945992564003, 27.83779166162464, 16.789725423292722, 87.46