{
	"dissimilarities": [[0.0, 7.368887237646534, 16.28657946736926, 25.204410466415908, 18.15139763495321, 12.053424270487495, 8.68634778601853, 43.087857727302975, 49.933101812845884, 59.27516990367862, 67.62097689664084, 74.75780846544798, 67.18679105416419, 59.984617386036206, 50.589502105939744, 19.347702393031636, 20.24527441336516, 20.94110400668725, 26.024473698376106, 33.745609319009105, 30.380758374303312, 22.418420083688723, 15.566674701900403, 12.49908799522869, 14.59374705443564, 49.16026398481624, 56.85118987343289, 63.47049687695979, 72.7189376777654, 78.74940853462893, 78.02154946377377, 70.9207051351347, 63.06332113040926, 54.36922792951897, 47.77453116495728, 19.931389884051143, 26.1222549303336, 37.52424790695372, 39.729653691107956, 47.78135595947688, 55.96090828535699, 59.659307058457365, 59.72839526328577, 57.41014825760891, 48.708881567398876, 37.71976926929684, 35.22565251911235, 67.06953845807512, 61.75531845747885, 61.227198889924075, 66.15394833407166, 69.0852734649974, 74.87548729896353, 83.30315275462229, 87.57496570517928, 85.91158262024584, 83.94362716459898, 80.21525779353934, 74.66629535499433, 67.30478797223674, 65.07530834298312, 68.9650807381554, 72.60420241116212, 80.81780124185737, 78.69874673987896, 75.0967411107957, 72.21093076675609, 53.10491777964217, 60.40924176611748, 69.68499079253384, 78.81793395998807, 90.1336820387738, 105.83041241536453, 114.26864517980411, 114.724092849004, 128.85285903051206, 122.42725587837306, 116.52788176597662, 108.73362630615678, 105.70452598500623, 100.2116333922046, 95.9908523542352], [7.368887237646534, 0.0, 9.482383679412683, 19.71430949052068, 13.646093364090724, 10.571909908343194, 12.680102246083864, 50.45655931404301, 57.253393261095106, 66.55806825578235, 74.94144316401972, 82.06409793034528, 74.55194113428207, 67.35269585060696, 57.955990146349016, 22.71422406223321, 20.880944189383058, 18.7939798807553, 20.779692613726215, 27.64273664000806, 23.95087570544866, 16.400339552635366, 12.381950477926733, 13.960749911861827, 19.068011551346903, 55.8008568556442, 63.44278498491756, 70.16861132731941, 79.45830118575344, 85.71146517743327, 85.09509605097091, 77.91570234392087, 69.98546136637648, 61.36467577968465, 54.65787432481672, 26.488335152457324, 31.878149823360985, 41.93056661077084, 43.077021969342425, 51.342780860054205, 59.993424592262194, 64.59519480206275, 65.30509126351136, 63.660705035506545, 54.55416469782428, 44.48443994889359, 42.233370185571054, 68.7376172693428, 64.10774195750523, 64.62024622081378, 70.19746764832304, 73.8621345094197, 80.08326014847769, 88.74346274982078, 92.38657895452386, 90.024831256244, 87.47774839844584, 82.98933527573573, 76.77519423558684, 69.40923604873346, 68.33879553898905, 72.90005845172156, 77.22428285170986, 86.06562743378467, 83.14949601283972, 78.89947500204755, 75.25559636401543, 48.04763981620114, 56.42309901698726, 67.18228055520814, 77.36953224021102, 89.18663539533625, 105.75432842797856, 115.22723222777422, 117.63296991749914, 133.07530220978026, 127.8603462857593, 122.42878277264737, 114.96492546964288, 112.29198989127903, 107.02757500300679, 102.66591869696752], [16.28657946736926, 9.482383679412683, 0.0, 11.142550393139352, 8.51719008945914, 12.148743451882792, 18.401196115345797, 58.83487309215137, 65.9437601290455, 75.32167022350164, 83.41882507568461, 90.0963729497576, 82.81002485649671, 75.69031704128403, 66.24072593818937, 31.578981949997726, 28.262029377053555, 23.816109516256322, 20.159318229318075, 22.185536760797383, 18.10058592400464, 15.075089066142196, 17.606917086137084, 22.44579044549784, 28.38198717448211, 65.16624533410418, 72.73410766795296, 79.32420001999813, 88.28936579308602, 94.25635328952856, 93.6173399660388, 86.81479545761404, 79.10368164281722, 70.53877575216791, 63.953392300928265, 35.72885403993173, 39.70185088021713, 48.046572441299354, 46.62114627347219, 55.055720661889815, 64.69116708598654, 70.23286030771763, 71.25325872324241, 70.20985725545883, 61.94856715243141, 52.97561566380857, 51.46110273533071, 68.5715307251516, 65.42346304065661, 67.67563732956916, 73.98250575955521, 78.45190748462774, 84.82149702919982, 93.22978057925958, 96.10863953048234, 93.06488193910133, 89.80285132567056, 84.36283132641532, 77.13343166291018, 69.79966136505091, 70.85510777098352, 76.25524681563103, 81.30866977671539, 90.35171982798674, 86.6186624343556, 81.64570639563446, 76.98759618976983, 41.38941498399209, 48.83408345857168, 60.60495506724314, 71.90831520108536, 84.36441164289229, 101.83289629759791, 112.61943377887047, 118.18603883936294, 134.72496056495692, 131.3470624036047, 126.70241325900386, 119.8263581374554, 117.91303332452215, 113.57398989919461, 109.9299879302011], [25.204410466415908, 19.71430949052068, 11.142550393139352, 0.0, 9.480111302963115, 17.148985740474707, 24.166512499966167, 65.13058418047474, 72.77364984102543, 82.23605270648659, 89.6763893511998, 95.45908746141467, 88.58375942517621, 81.67922709586664, 72.24981179636197, 42.32987040835686, 39.24434391558587, 34.41544551225523, 28.125762142048096, 24.01024791521683, 20.550074410990266, 23.572904718793353, 28.477811492201116, 33.298590969216306, 38.73911349867558, 74.00159982476825, 81.47569213601311, 87.67362465807513, 95.96160675092918, 101.0651167210596, 100.23286247820086, 94.28091783883221, 87.10331917932739, 78.5949260614995, 72.39491598378939, 44.60208124084579, 46.936186403899306, 53.684252287119435, 48.77012972591096, 57.1657416437368, 68.02784826247125, 74.1434361853195, 74.9083739727792, 74.1762782543447, 68.10557046186327, 60.18228521470152, 59.740879483451444, 65.31992449580218, 64.30462746355522, 68.60425679426739, 75.414151631572, 80.43729242775305, 86.45095320260322, 93.95173764610249, 96.14979702219378, 92.74577253406981, 88.87994022922314, 82.62586097906569, 74.28929995458152, 67.05062248668634, 70.83858642353997, 76.94748178991375, 82.46808267762562, 90.9564781767294, 86.72010234665798, 81.23398290739196, 75.61557337962294, 36.75029308478781, 38.84689087879689, 49.92150214567669, 61.97606507798253, 75.10288332902941, 93.15205938546433, 105.12007236840556, 114.38682392857805, 131.16262544867556, 129.829828233316, 126.15605226652282, 120.0588058766294, 119.22866377318994, 116.51361794338833, 114.56751103374445], [18.15139763495321, 13.646093364090724, 8.51719008945914, 9.480111302963115, 0.0, 8.077985447559183, 16.009983373451206, 57.75219085409111, 65.55874343578921, 75.10210518267887, 82.76171270004753, 88.86190307947126, 81.41309754559421, 74.2852941428527, 64.89488272477054, 35.931084720728386, 34.27852542866331, 31.163017749239977, 28.67505418036062, 29.303324757618494, 25.329436302528446, 23.569077401315838, 24.666842674664647, 27.452217160648626, 31.762697617369998, 66.81582970243106, 74.57856739837176, 81.01021554173437, 89.84187125656315, 95.03601802498629, 94.02891274273777, 87.70915809855859, 80.2308831760725, 71.43887858084298, 65.07964036368054, 36.37258582605027, 37.69412188318222, 44.27634922507149, 40.333224358446984, 48.7880921605071, 59.21474652745072, 65.19379472472144, 66.20908316063411, 65.69947686845312, 58.812430030789756, 51.35970117938126, 51.76829213287426, 60.29486940230457, 57.725478510664495, 60.83317903558676, 67.42617901243335, 72.27889171927568, 78.6229964818866, 86.87181677573288, 89.1979808832895, 85.81213207994853, 82.25673873053356, 76.50446862431096, 68.96012359785146, 61.636536433264155, 63.59592099343641, 69.35123650133634, 74.72767658232932, 83.84594901220729, 79.60299454488127, 74.30774090669784, 69.24651857896059, 45.2661100171833, 47.231596222422546, 55.075890155806846, 65.02375677433689, 76.73524325206596, 93.97307405747952, 104.43848141990708, 109.96142623772607, 127.37566405513303, 125.07552685726708, 121.07571950005642, 114.95717499685406, 114.18042269550092, 111.65574267432908, 109.99985538028997], [12.053424270487495, 10.571909908343194, 12.148743451882792, 17.148985740474707, 8.077985447559183, 0.0, 8.397531165973609, 50.11530460053956, 57.94507657867773, 67.50139482140968, 75.28031642105681, 81.60297092470762, 73.87027939167302, 66.63967833289679, 57.278473544545456, 30.332916389762513, 30.378550857151485, 29.20359265706235, 30.221588027065703, 33.96711247199804, 30.042689159397796, 25.334989200167914, 22.750132658588942, 22.848268258712846, 25.561967726639708, 59.354960863091414, 67.22914508699232, 73.71285594896828, 82.77219263102712, 87.97222930941146, 86.86995241985925, 80.37159149381628, 72.78148984310295, 63.86979416717878, 57.49305772214189, 28.65435091878979, 29.78982323497169, 37.30652275313406, 34.90800072511746, 43.392847375449236, 53.26270231315311, 58.58131590124259, 59.34321904541885, 58.47286827009527, 51.16916988763313, 43.28975266318639, 43.912628375459256, 58.42213277354042, 54.46335518265695, 56.098974050472336, 62.14307735600864, 66.40005446030942, 72.67383802106781, 81.20294250536465, 84.08994943771177, 81.21576478126016, 78.23722864958746, 73.28492007654252, 66.62719970090284, 59.24061220840073, 59.314890868832016, 64.4107973777754, 69.24095825261851, 78.29739819287438, 74.63179245525494, 69.89184799467137, 65.67076868704358, 51.211352650376554, 53.6578500708657, 60.128905166145785, 68.73913293167718, 79.63811289035955, 95.93420809769708, 105.07888760856066, 107.58420414900843, 124.2786574801897, 120.56697137706298, 116.01194885486632, 109.55394994823493, 108.41055476046337, 105.57182575637837, 103.85045784431895], [8.68634778601853, 12.680102246083864, 18.401196115345797, 24.166512499966167, 16.009983373451206, 8.397531165973609, 0.0, 41.79684349533769, 49.6268012785393, 59.18668115985837, 66.90664798823927, 73.25251465369037, 65.5740183915339, 58.3785293860573, 48.98501621409907, 26.600927259266903, 28.64815982857868, 29.446530349762195, 33.133421912578804, 38.499188659388935, 34.93516673064072, 28.93923533621172, 23.695496340867333, 20.82445104639666, 21.223723707102433, 51.74959325436242, 59.54067255138423, 65.82064680827989, 74.69429899672559, 79.68428375467185, 78.5262398145543, 72.15479913213981, 64.71986972730492, 55.84321910718211, 49.669639620195, 21.95546885468869, 24.037759771088254, 33.618425355997815, 32.8148188509649, 41.08884697072341, 50.34089892833263, 54.38559374171128, 54.19655746568267, 52.251094625389214, 45.504970041595946, 36.14655888756844, 36.24537638796346, 58.73617189971294, 53.9258902346961, 54.13409596215417, 59.28251460382418, 62.49601636391519, 68.14002590293336, 76.27243810118028, 80.13659800534562, 78.29421083502082, 76.11928112517222, 72.19402815235023, 66.37832626788986, 58.9700010560414, 57.53279581663709, 61.70459928293217, 65.56329702384475, 73.65102998995533, 71.18394094570553, 67.36016290700236, 64.17143897353434, 55.45660328613849, 58.23323704876911, 64.1469047019671, 71.90999199395594, 82.50463707443363, 97.76687275221612, 105.78704877726636, 106.20322709365242, 120.81381510325977, 115.366846591906, 110.08635814456728, 103.01422854927753, 101.1677766919266, 97.66737667777079, 95.74583675485931], [43.087857727302975, 50.45655931404301, 58.83487309215137, 65.13058418047474, 57.75219085409111, 50.11530460053956, 41.79684349533769, 0.0, 9.044602376951405, 18.240531300731508, 25.394571433879367, 32.53422174861021, 24.143181813913987, 16.91851377875483, 7.567061855809823, 41.61054400365516, 49.41745956163459, 55.859713566602714, 65.50283588831208, 74.15951202642083, 71.66992956289221, 63.603946643367, 54.24796946079492, 45.94871524085031, 38.9171859794392, 22.970930380879523, 27.97985944281617, 31.308659067686406, 38.38206806413506, 41.02648580192722, 38.94206953731923, 33.515204941968705, 27.85032324017375, 20.128942268333624, 18.543401743251696, 28.25568014998545, 30.173908084420052, 39.26981145850071, 46.14319594991523, 48.90040890279619, 50.75041212666327, 46.384650398051576, 40.80143320813465, 32.30085255862782, 32.033697477085276, 18.76791909501285, 15.777345024916515, 73.00227814361644, 65.16169415955869, 58.49435271910688, 57.6424881432117, 54.315185944421565, 55.258649745762646, 60.20096132459172, 69.01810324025143, 72.86251408582568, 75.25437816688357, 77.10638166532442, 76.56891437594196, 70.73806890740462, 62.08505434991011, 60.48769976203679, 58.2235872780116, 59.741642408475585, 64.35761629809029, 66.15361383202985, 68.90774142525116, 89.25922654638653, 92.27150981852073, 94.82986672475006, 98.30769744732791, 106.0369800520088, 115.8119513194376, 117.84917217396004, 106.51851442951221, 110.70707298732604, 95.73938505696142, 86.41725019251818, 76.22654846326465, 70.134714966784, 62.71622024720008, 60.17358452277749], [49.933101812845884, 57.253393261095106, 65.9437601290455, 72.77364984102543, 65.55874343578921, 57.94507657867773, 49.6268012785393, 9.044602376951405, 0.0, 9.580397908072971, 18.059738194440833, 26.81035427220592, 18.820743335445705, 12.536909987851631, 7.489238862772306, 45.67164149013859, 53.50487452361473, 60.38713621659414, 70.65561403085886, 79.9523542538654, 77.70877369771159, 69.28028872501478, 59.62381671251213, 51.15893858796096, 43.93309044600983, 18.118207944747653, 20.930191569208393, 22.96878612583001, 29.674243563206428, 32.60972092469157, 30.65829150028972, 24.54840419644617, 19.082011761093458, 12.418635094090613, 13.870531723938091, 34.09563107471004, 37.28594444736672, 46.28380816393617, 54.50634956141917, 56.7814710587081, 57.385370987546494, 52.07679754571569, 46.3562465845354, 37.52148746343175, 36.990517823011594, 24.44029199696884, 19.00495340393543, 81.4435563637359, 73.3012291110694, 65.91422831091327, 64.37212533572541, 60.250552160822636, 60.545360526913235, 64.8561241473657, 74.30574313322431, 78.93039125121359, 81.94332651425908, 84.50346403044985, 84.60784539801992, 79.02076616242957, 69.61367377430597, 67.34498211808499, 64.31881038723338, 64.86195981895611, 70.49681029593464, 73.03824925209261, 76.48553056928857, 95.17342189852381, 99.68271359171499, 103.18858072624418, 106.86823538034595, 114.67953944786875, 124.06797210461433, 125.63580430947744, 113.05747995365317, 115.27874400380068, 98.35879931178606, 88.07062222458543, 76.98705027066448, 69.14221949114437, 59.081796412037555, 54.12407385610002], [59.27516990367862, 66.55806825578235, 75.32167022350164, 82.23605270648659, 75.10210518267887, 67.50139482140968, 59.18668115985837, 18.240531300731508, 9.580397908072971, 0.0, 9.876529161825728, 20.05771330386505, 13.220924822149355, 10.503318602965683, 13.439663652658945, 53.761548575677786, 61.5447546776992, 68.6315917812853, 79.16792381430089, 88.68235348307054, 86.59064197713566, 78.07277774069748, 68.3224425254719, 59.824496057054944, 52.543375510877574, 20.550505073455398, 19.54457743978286, 18.35054100700451, 22.709120676532432, 24.386032595899934, 22.10111338328348, 16.31595127560269, 13.291189651705752, 11.685653888696601, 17.5018969773298, 43.04063780014966, 46.07479913938397, 54.13291853023357, 62.789141481828395, 64.31247858071735, 63.71870233276225, 57.32455463251737, 51.166426803339796, 42.029132615336465, 42.7771580901047, 32.22710571631288, 27.17734179801369, 88.8356432595208, 80.5377375622474, 72.4708239849449, 70.03142424042936, 64.93740210275347, 64.21052819113564, 67.45321492946849, 77.54579157492006, 83.16804623576112, 86.94499844073368, 90.4229112106259, 91.35220755355137, 86.16068616139475, 76.05079681263008, 72.9412942719202, 68.93818714888675, 68.01273666657305, 74.8842372761536, 78.37667347747345, 82.68329340816149, 103.60376342116103, 108.43378662479871, 111.82991356303167, 115.10424471450857, 122.56285543964353, 131.10551497051668, 131.7633420012004, 117.39031200066762, 117.23852186701339, 98.27422891547411, 87.08160704995791, 75.30907715009158, 65.98916640170627, 53.996277019013824, 47.77863223396934], [67.62097689664084, 74.94144316401972, 83.41882507568461, 89.6763893511998, 82.76171270004753, 75.28031642105681, 66.90664798823927, 25.394571433879367, 18.059738194440833, 9.876529161825728, 0.0, 10.505499145290862, 7.4530667331882245, 11.564868368290105, 18.86713343937446, 63.2701810897656, 70.95336376814465, 77.81788661345719, 87.91138042827743, 96.76834637001491, 94.75723106501069, 86.76664645750496, 77.32077068056618, 68.97073454284737, 61.83237973697549, 30.02500296469351, 27.525672258263285, 23.86074425722291, 23.167922188056078, 20.015778037475688, 16.48585808003678, 16.149847526435938, 18.7912292673463, 20.873072724368352, 27.282307570323006, 52.129724579121095, 54.304374459885494, 61.307012893906276, 68.69437992714765, 69.56559629277393, 68.65367639410478, 61.422433375175075, 54.27067872032526, 44.61752863087041, 48.85047155984939, 40.186708429696274, 36.599172064432636, 92.23648396556419, 84.46876624374924, 76.3779086660081, 73.12902813559516, 67.11497541158953, 64.83035239738129, 66.02898652154695, 76.84001984311249, 83.7350198055687, 88.23559195956656, 92.5695185453548, 94.06875320981763, 89.31068166395063, 79.36392140089437, 75.54737978587465, 70.52501999291972, 67.21162059089576, 75.59381044737412, 80.10020282240627, 85.11407498362595, 110.3737944995381, 113.82114154787959, 116.00002534405873, 118.34216530289864, 125.22357229769587, 132.4702344277666, 132.05403543410367, 116.65475790372321, 113.20412727185743, 92.47531948947622, 80.5577508832873, 68.1801825020037, 57.75409422239882, 45.06087622892856, 40.43081289143809], [74.75780846544798, 82.06409793034528, 90.0963729497576, 95.45908746141467, 88.86190307947126, 81.60297092470762, 73.25251465369037, 32.53422174861021, 26.81035427220592, 20.05771330386505, 10.505499145290862, 0.0, 10.594588987141224, 17.75566414796231, 25.521384824611555, 72.20032763785635, 79.74697493821274, 86.24390993006394, 95.65183247484377, 103.56289462818337, 101.6083127172831, 94.35230796426755, 85.36636274119597, 77.25718974830227, 70.3561490168159, 40.36924947122179, 37.73195235070773, 33.32008440906168, 29.613562540297686, 22.381345230341473, 18.256357348183265, 23.516355837231206, 28.574142357364625, 31.254960619000514, 37.49027576698175, 60.4456575460749, 61.769261455880226, 67.86905101210337, 73.44077872796936, 73.82825341898022, 73.0845730232992, 65.39695743742914, 57.30171302644397, 47.34997201830331, 55.14210775295726, 47.93286111237798, 45.64878736825688, 93.85585446438338, 86.97196894845543, 79.28317615314133, 75.4460443351306, 68.76569919335381, 64.8910720998626, 63.675275414710924, 75.06631942766415, 83.18291132454739, 88.24969377611292, 93.24786947610079, 95.0769507314257, 90.74659274053988, 81.50033135856218, 77.20223696396755, 71.35115479925253, 65.45357302583834, 75.2424822023594, 80.61663281544834, 86.10294969424451, 115.53961264804688, 117.05472525985905, 117.69873795646203, 118.9874627088643, 125.24646650397334, 131.09358570952784, 129.66532487946077, 113.92417909668225, 106.87772531539237, 84.67638224467754, 72.16201852170241, 59.184567688173466, 47.764149874586415, 35.11489020338864, 34.57061001479255], [67.18679105416419, 74.55194113428207, 82.81002485649671, 88.58375942517621, 81.41309754559421, 73.87027939167302, 65.5740183915339, 24.143181813913987, 18.820743335445705, 13.220924822149355, 7.4530667331882245, 10.594588987141224, 0.0, 7.693122426092671, 16.70218679970557, 64.34347857268185, 72.24994721731026, 79.04449031266442, 88.95277742613703, 97.48426829428487, 95.23275067856798, 87.37513069129918, 77.97264315875708, 69.57595466425803, 62.352386344316315, 33.433922630274076, 32.434309050309146, 30.007190820804883, 30.54952021077919, 27.047899644148846, 23.241143503380655, 23.35836973555038, 24.72540577804993, 24.763359122989655, 30.048746270753877, 51.74581699547356, 52.148638345362, 57.7521571626022, 64.24981035971254, 64.5111969216386, 63.32954847680533, 55.7398002172945, 48.11730939263381, 38.336432310695606, 44.68773602223692, 37.85367501198333, 36.72305754711833, 86.41703672344896, 78.68314048602437, 70.4557353395054, 66.8148306757338, 60.46694209004375, 57.72072222765841, 58.64109109973321, 69.49279393501126, 76.58395633652059, 81.27927292820885, 85.93054000205541, 87.81338344790373, 83.33683993677309, 73.18852006398542, 69.03705425099244, 63.66396614506848, 59.88712888488775, 68.5117183442185, 73.31356220707688, 78.64580303287741, 111.03514588287102, 112.70443984653403, 113.11787701754811, 114.452447383262, 120.49690245399609, 127.15483793580268, 126.07407305291711, 109.51189246595715, 106.61957765954419, 86.30427244329871, 74.74346563330694, 63.01082482210053, 54.075707765611035, 44.758049943905, 44.44847128970801], [59.984617386036206, 67.35269585060696, 75.69031704128403, 81.67922709586664, 74.2852941428527, 66.63967833289679, 58.3785293860573, 16.91851377875483, 12.536909987851631, 10.503318602965683, 11.564868368290105, 17.75566414796231, 7.693122426092671, 0.0, 9.470322098702294, 57.267020283716775, 65.2784742286451, 72.1087450710376, 82.1260778404854, 90.87069579018456, 88.4803212944058, 80.39802923092108, 70.87690316547776, 62.41021092641892, 55.11236757211338, 28.480897034552, 29.250818263187032, 28.746524365918344, 32.1866631807085, 31.19112518655166, 27.91612637883009, 25.237436549690347, 23.583268118827913, 20.769758757737772, 24.600392205459347, 44.241702034659795, 44.471599173763934, 50.4414530774216, 57.38738261019808, 58.03765625026439, 57.242683855665135, 50.22963297055945, 43.079385040877916, 33.41125609446741, 38.062723129713945, 30.249848713434602, 29.427126360922077, 81.10326185539012, 73.03213194878522, 64.8723736064466, 61.820771087515624, 56.14947248683744, 54.553924740959836, 57.08819631378889, 67.37266856576471, 73.4624935150317, 77.57335281206397, 81.55603701423539, 82.98242918385358, 78.18012572359454, 67.96769158576357, 64.34642134430023, 59.735797519896856, 57.78679696537071, 65.21270641551419, 69.22552468844727, 74.01324475670215, 105.19201029327688, 107.14030857730371, 107.86513043852044, 109.61351541604331, 115.9124568557436, 123.44220474506689, 123.09519342165949, 107.33820120007174, 107.2300841106147, 88.63767486692564, 77.85165905351322, 66.80842738919306, 59.190636635424994, 51.07823088780047, 50.2615385790037], [50.589502105939744, 57.955990146349016, 66.24072593818937, 72.24981179636197, 64.89488272477054, 57.278473544545456, 48.98501621409907, 7.567061855809823, 7.489238862772306, 13.439663652658945, 18.86713343937446, 25.521384824611555, 16.70218679970557, 9.470322098702294, 0.0, 48.83635784505894, 56.7281153669089, 63.29740376120856, 73.00905883795372, 81.56345325049972, 79.11856801650445, 71.15403624334742, 61.792398175497176, 53.45214946262324, 46.32924644098787, 25.05982784717058, 28.203363827617462, 29.83958058490377, 35.37497415289556, 36.39065908015116, 33.768535688720675, 29.536916350160503, 25.46675913020646, 19.528768578583136, 20.639444102897688, 35.50499695746419, 36.350136016182475, 43.789497825806016, 50.44216758917814, 52.16975922464049, 52.88293349902581, 47.2135451767537, 40.66993492994968, 31.31193471715737, 33.923499343589064, 23.321756098072377, 21.821831884363007, 75.63884105346378, 67.75694031570744, 60.4293874679796, 58.53075544477738, 54.06953494589472, 53.76953947673752, 57.54732129030134, 67.11990196166374, 72.05078428247427, 75.23879553350207, 78.07937794427306, 78.41704005555779, 73.04496801339022, 63.73102106973075, 61.180398344560274, 57.78841836513294, 57.60153042856678, 63.58053855616472, 66.4258571328692, 70.12982343024471, 96.10294271373488, 98.33273576280554, 99.83072460825639, 102.40154551671763, 109.43723864185318, 118.11507850045813, 119.0322900997774, 105.77482362969147, 107.93958101537054, 91.40578333113058, 81.46294494765047, 70.8934465136903, 64.24218948296746, 56.744742817554624, 55.24035353437201], [19.347702393031636, 22.71422406223321, 31.578981949997726, 42.32987040835686, 35.931084720728386, 30.332916389762513, 26.600927259266903, 41.61054400365516, 45.67164149013859, 53.761548575677786, 63.2701810897656, 72.20032763785635, 64.34347857268185, 57.267020283716775, 48.83635784505894, 0.0, 8.560188275342778, 16.53453863833972, 29.231647593175413, 42.33812661043332, 39.8070664360336, 28.368472611951635, 17.3678646018823, 9.2638568051214, 5.651229085913702, 38.07476995933772, 45.46932331778318, 52.93761374886835, 63.57933578350995, 71.7732158303377, 71.7020859501853, 62.69860455933632, 53.775439512767015, 45.61917278514009, 38.323098176727676, 16.38464568260852, 27.81472258090589, 40.78197129026097, 49.83400603242001, 56.46814736521901, 61.140524646259436, 63.18036351211943, 63.72080729315426, 60.84167074775334, 48.0693915461758, 35.311938774236765, 28.58558051407356, 81.3126366860438, 73.70282300566512, 70.19735980016976, 73.83006516199616, 75.5194070821189, 81.48559581231916, 90.91144803877414, 96.13605358195143, 95.13764997068013, 94.18337298061617, 91.78556342426951, 87.99271916930584, 80.99182886115882, 75.2033246226891, 77.66533815008954, 80.23974518394904, 88.80283624229524, 87.69059132766856, 85.12031005348014, 83.808848421963, 64.58075951276827, 77.50475802545967, 88.89234430165433, 98.11616270895212, 109.04822714680672, 124.28599815618665, 131.64986420071702, 127.87639602721649, 141.268155567792, 131.81971820360877, 124.42191843754179, 115.40196984603087, 110.26541805076376, 101.37912397091753, 93.20770544494557], [20.24527441336516, 20.880944189383058, 28.262029377053555, 39.24434391558587, 34.27852542866331, 30.378550857151485, 28.64815982857868, 49.41745956163459, 53.50487452361473, 61.5447546776992, 70.95336376814465, 79.74697493821274, 72.24994721731026, 65.2784742286451, 56.7281153669089, 8.560188275342778, 0.0, 8.389999961078727, 21.611356730472107, 35.511914734391645, 33.263683088186745, 21.547453943696596, 11.354748876810621, 7.837834046710227, 11.819577723859213, 45.590966339607824, 52.56069289001918, 59.85231204752715, 70.10047481760763, 78.50168729422843, 78.66939841661983, 69.79526181846641, 61.05625096027921, 53.254486282271216, 46.10817801342248, 24.20066913930997, 34.82677788430046, 47.105594852200795, 54.84561436217326, 61.966386398504945, 67.4133302490687, 70.25681629030846, 71.13999153813405, 68.58661802814282, 55.90720429950188, 43.610570083862946, 36.981924485362924, 85.11141687226298, 78.23623562787839, 75.77229678556941, 80.03369249706377, 82.33867974865659, 88.56388783113738, 97.97600147107774, 102.84235957668841, 101.38312068742042, 99.93466165533496, 96.84065876448011, 92.3047198414018, 85.17630422822299, 80.61550689852986, 83.72180272689641, 86.86713533725644, 95.72917294671018, 94.0988297026698, 90.99181389829857, 88.96753225248062, 58.621450890175524, 73.92302996605434, 87.52928440764326, 98.05005927676571, 109.79364622661845, 125.89199687550519, 134.39400499727313, 132.94360255037768, 146.93153631492413, 138.355422615671, 131.22904084048315, 122.24992086548858, 117.11060710279128, 107.93602690795882, 99.11856828475256], [20.94110400668725, 18.7939798807553, 23.816109516256322, 34.41544551225523, 31.163017749239977, 29.20359265706235, 29.446530349762195, 55.859713566602714, 60.38713621659414, 68.6315917812853, 77.81788661345719, 86.24390993006394, 79.04449031266442, 72.1087450710376, 63.29740376120856, 16.53453863833972, 8.389999961078727, 0.0, 13.318900545484487, 27.564269384870897, 25.49528488218337, 13.865083058222297, 6.559805035425442, 11.11315908304767, 18.244143194661675, 53.338699127611434, 60.15113139252652, 67.20548848752418, 76.95612900950321, 85.13316451933456, 85.3608706998706, 76.89171599131886, 68.43638367972584, 60.730810641545126, 53.7385602216013, 30.73624582801447, 40.47626380698472, 52.136006985143396, 57.96199753653789, 65.57159538827642, 72.06468423200006, 75.6947927327643, 76.71546252656947, 74.4344054332967, 62.430902021962, 50.53406216278468, 44.4180383361561, 86.39590737673385, 80.51385170879702, 79.3072415774059, 84.20194692961746, 87.12187426170154, 93.47396940100793, 102.67513171933965, 107.14018933430546, 105.25746135657467, 103.28762207968961, 99.46772326034227, 94.09323540028926, 86.85081454910636, 83.82179049249935, 87.60680071500495, 91.31127710187349, 100.28023080207178, 98.14256679603271, 94.49717560909983, 91.70161282570871, 51.25378743866398, 68.04490973072458, 83.41025168248706, 95.0507040192982, 107.53031286066933, 124.36322454642676, 133.9790750998231, 135.16528867473184, 149.63561257464005, 142.22427087815794, 135.54465362488116, 126.78176394102687, 121.95397014193205, 113.08127617388533, 104.41642076100004], [26.024473698376106, 20.779692613726215, 20.159318229318075, 28.125762142048096, 28.67505418036062, 30.221588027065703, 33.133421912578804, 65.50283588831208, 70.65561403085886, 79.16792381430089, 87.91138042827743, 95.65183247484377, 88.95277742613703, 82.1260778404854, 73.00905883795372, 29.231647593175413, 21.611356730472107, 13.318900545484487, 0.0, 14.64299728834203, 13.12831020155309, 5.308422608127201, 13.10344221974905, 21.750464508711943, 29.633898852496927, 65.22041845543605, 71.86128525128383, 78.51742468141691, 87.4560726304064, 95.07857511140672, 95.32282464868585, 87.60688763036688, 79.65236576066418, 72.05337923328662, 65.34040195072554, 41.389664332006774, 49.8897047632419, 60.62529877546734, 63.407592094381585, 71.55236736273545, 79.55729606627071, 84.1325589153166, 85.12806856868941, 83.10988660312518, 72.54322766419638, 61.14028382547758, 55.733763191640364, 88.26933677981489, 84.14476553764678, 84.89314709862637, 90.58949685284549, 94.28014208542703, 100.60029598095859, 109.21608293693207, 113.12685522806186, 110.75874758316287, 108.07392296708021, 103.24823413655866, 96.62238948791044, 89.29056905084555, 88.758910982544, 93.45900199422424, 97.85298582224632, 106.65179979685863, 103.91615778871136, 99.5844332382908, 95.69335473004773, 39.03953697207539, 57.97618931244327, 76.13597302885677, 89.488422824309, 103.10517381942533, 120.88744055296557, 132.19282374672972, 137.70019577807432, 152.48058986387943, 146.90145426576402, 140.95850697728181, 132.58522332885352, 128.3127218865227, 120.11930072923428, 112.04502897720174], [33.745609319009105, 27.64273664000806, 22.185536760797383, 24.01024791521683, 29.303324757618494, 33.96711247199804, 38.499188659388935, 74.15951202642083, 79.9523542538654, 88.68235348307054, 96.76834637001491, 103.56289462818337, 97.48426829428487, 90.87069579018456, 81.56345325049972, 42.33812661043332, 35.511914734391645, 27.564269384870897, 14.64299728834203, 0.0, 4.308300821712783, 15.085053487505972, 25.671596984695793, 33.99073853031137, 41.632178537628924, 76.73758267372045, 83.24554385121982, 89.39864482575557, 97.3721762404907, 104.0820141195024, 104.22951117342149, 97.53528615280361, 90.23988464817256, 82.72894999299845, 76.415509621633, 52.10565638501223, 59.39199201453494, 69.26826334260514, 68.7645736156606, 77.21615736381274, 86.70510674864997, 91.91034246278326, 92.53585107496846, 90.5789205384908, 82.13832780074425, 71.1612548088627, 66.52747264819386, 89.02303646420852, 87.02210522454655, 89.79599324741416, 96.07423399665078, 100.3092318382008, 106.2504198706537, 113.83964254613879, 117.27500707417131, 114.67431704483596, 111.393230412561, 105.71648159214256, 97.86734083259597, 90.55291861359024, 92.78417815905384, 98.23824934911875, 103.09094160928343, 111.18804712743393, 108.11788281883418, 103.29681090480395, 98.42084428082077, 24.986657856331508, 45.32007899874276, 66.3917777324964, 81.42772398298959, 96.23568844696636, 114.65653800736597, 127.60350390238418, 137.914543910247, 152.258465866108, 148.62845188498406, 143.53575630397654, 135.6698090775431, 132.12009763297536, 125.02001390197678, 118.16850595160602], [30.380758374303312, 23.95087570544866, 18.10058592400464, 20.550074410990266, 25.329436302528446, 30.042689159397796, 34.93516673064072, 71.66992956289221, 77.70877369771159, 86.59064197713566, 94.75723106501069, 101.6083127172831, 95.23275067856798, 88.4803212944058, 79.11856801650445, 39.8070664360336, 33.263683088186745, 25.49528488218337, 13.12831020155309, 4.308300821712783, 0.0, 12.162411740883423, 22.818089398743197, 31.144197170907145, 38.78306768503316, 74.74062162352001, 81.50008489792181, 87.81687545625397, 96.09445186583714, 102.76164196795162, 102.76845004182562, 95.95305443545047, 88.49176407980585, 80.73605848270125, 74.2947222816988, 49.02270604251182, 55.76935384397636, 65.29875869084788, 64.72127597019865, 73.15281509171855, 82.62007519267166, 87.97577545190214, 88.79354454791626, 87.09933687451955, 78.48318195585243, 67.9362809516901, 63.85606971763584, 85.23810607768746, 83.02113384202771, 85.73375597709303, 92.07235281639909, 96.42781228729697, 102.54128479755096, 110.39273900660207, 113.64561477409563, 110.8564530655333, 107.51964328927086, 101.81562357810708, 94.05576605800414, 86.7545092499053, 88.78633165255734, 94.28202640077606, 99.24857105543582, 107.67121090087974, 104.36509026249645, 99.44301906672312, 94.54967574445847, 27.94894995023409, 45.649831781753086, 65.13807916328037, 79.6025462443504, 93.98513107040273, 112.35830904853125, 124.99009618166569, 134.4546221917361, 149.51028247531605, 146.03586976602475, 141.06280706763224, 133.41841408132473, 130.21543283058065, 123.64545784162915, 117.35297008095377], [22.418420083688723, 16.400339552635366, 15.075089066142196, 23.572904718793353, 23.569077401315838, 25.334989200167914, 28.93923533621172, 63.603946643367, 69.28028872501478, 78.07277774069748, 86.76664645750496, 94.35230796426755, 87.37513069129918, 80.39802923092108, 71.15403624334742, 28.368472611951635, 21.547453943696596, 13.865083058222297, 5.308422608127201, 15.085053487505972, 12.162411740883423, 0.0, 11.107086320673748, 19.956529935697883, 27.87915451951674, 64.80913929244105, 71.80070054078152, 78.56234230581778, 87.69059169693443, 94.99360546995342, 95.00157609550807, 87.38065721784217, 79.3588601412086, 71.41397345260279, 64.61397206321541, 39.01410580613415, 46.48106821317864, 56.63229821968759, 58.69442770018358, 66.88901831224263, 75.17591160010537, 80.06729637571692, 81.22377874055472, 79.55872167681225, 69.21300481961377, 58.473367098200384, 54.07381219000541, 83.12186822402998, 79.09099401194892, 80.1136857608491, 85.99012762136236, 89.93156369236947, 96.39169948189112, 105.13444950885447, 108.72470496931402, 106.08744431884674, 103.23089112352697, 98.23162491080457, 91.51090378179062, 84.20012107717265, 83.89730203670862, 88.78140416152567, 93.39832706764902, 102.46387194992003, 99.37306543387291, 94.83200405973741, 90.75129018018269, 39.53413377716093, 55.8338303814981, 72.48179623488441, 85.32517006554109, 98.57075077210929, 116.3232782035845, 127.47993246896334, 132.77730978695718, 148.3199878643817, 143.32491013663164, 137.7169913288777, 129.75057840775898, 126.11005510769672, 118.91271428485838, 111.94782979990487], [15.566674701900403, 12.381950477926733, 17.606917086137084, 28.477811492201116, 24.666842674664647, 22.750132658588942, 23.695496340867333, 54.24796946079492, 59.62381671251213, 68.3224425254719, 77.32077068056618, 85.36636274119597, 77.97264315875708, 70.87690316547776, 61.792398175497176, 17.3678646018823, 11.354748876810621, 6.559805035425442, 13.10344221974905, 25.671596984695793, 22.818089398743197, 11.107086320673748, 0.0, 9.013756689176272, 16.99098201374297, 54.39884700415595, 61.617320120038244, 68.65374913836375, 78.36298786686086, 85.93293887658854, 85.86093557834559, 77.75919865883496, 69.39258845331311, 61.267886729889895, 54.26201921047738, 28.666410627520673, 37.111355425257, 48.25582710977092, 52.68702932594149, 60.531499831674445, 67.7276927997594, 71.81495172743116, 72.87300163823508, 70.91826525566816, 59.62054817248334, 48.376655832233524, 43.608823530451936, 80.26013940839722, 74.7680898087317, 74.16299355794092, 79.36411323978467, 82.63347308043191, 89.05778915474806, 98.20217552007051, 102.30460915192246, 100.14359707175112, 97.91157012211899, 93.78684692712314, 88.10091171190106, 80.82760763823669, 78.45609583754752, 82.56750781690724, 86.5760241181959, 95.67699425948162, 93.14821443998468, 89.2133070936123, 86.06698544167834, 49.17358597767689, 63.50553257232863, 77.57217321695508, 88.83801960361521, 101.10320414051844, 117.94743723784921, 127.60412452105341, 129.27900186466672, 144.3629094319592, 137.8308794520716, 131.6245925054327, 123.34777331029441, 119.31198395343134, 111.7190889070125, 104.54207166215316], [12.49908799522869, 13.960749911861827, 22.44579044549784, 33.298590969216306, 27.452217160648626, 22.848268258712846, 20.82445104639666, 45.94871524085031, 51.15893858796096, 59.824496057054944, 68.97073454284737, 77.25718974830227, 69.57595466425803, 62.41021092641892, 53.45214946262324, 9.2638568051214, 7.837834046710227, 11.11315908304767, 21.750464508711943, 33.99073853031137, 31.144197170907145, 19.956529935697883, 9.013756689176272, 0.0, 7.980294518736071, 45.849596373690076, 53.30893856483255, 60.48727561375399, 70.54973952907594, 78.10778776741373, 77.9013588462443, 69.57915943942055, 61.03180823848458, 52.70742075638046, 45.5952761318514, 19.969045795215305, 29.582691254047358, 41.827944252994676, 48.03597918943518, 55.476071542937035, 61.799960039584334, 65.00379309126926, 65.71223699515927, 63.324574883749904, 51.70946963588416, 39.79440529022076, 34.68854528338702, 77.64305048224988, 71.15991514592794, 69.25659517772498, 73.76867732491868, 76.33189804661208, 82.51038157247987, 91.72735252314415, 96.3399543089667, 94.73991914986769, 93.0976568422567, 89.78286120124754, 84.95261080538177, 77.75526944192612, 73.83361352446573, 77.21142644146539, 80.56965993015349, 89.37124621496686, 87.48930148159573, 84.17799841393305, 81.87012674541637, 56.38187301106231, 68.82597868248106, 80.78545611546392, 90.73059077520703, 102.21172765551562, 118.15345064091842, 126.55813293542336, 125.52443435549061, 139.79378843060587, 132.0115833043096, 125.34189186436315, 116.83085626797957, 112.51928737088127, 104.77205391420112, 97.73335403563303], [14.59374705443564, 19.068011551346903, 28.38198717448211, 38.73911349867558, 31.762697617369998, 25.561967726639708, 21.223723707102433, 38.9171859794392, 43.93309044600983, 52.543375510877574, 61.83237973697549, 70.3561490168159, 62.352386344316315, 55.11236757211338, 46.32924644098787, 5.651229085913702, 11.819577723859213, 18.244143194661675, 29.633898852496927, 41.632178537628924, 38.78306768503316, 27.87915451951674, 16.99098201374297, 7.980294518736071, 0.0, 38.58832075020479, 46.32527041177386, 53.64522596278398, 64.07605412946064, 71.58020715869422, 71.21704710913477, 62.67881659419247, 53.947512738598334, 45.39745690805267, 38.17134014433014, 12.55525572776712, 23.59395290063259, 36.80561163866876, 44.79879691499142, 51.66606284377962, 56.99242255132891, 59.2621800678728, 59.625495433911645, 56.8262650053381, 44.889735547704475, 32.305471442345784, 26.875949467835166, 75.92464642978896, 68.56209222154342, 65.4101418422012, 69.20047721830771, 71.04948189695524, 76.96732131583835, 86.24689586026044, 91.31702765288739, 90.24546539405223, 89.17219647227185, 86.6450416646323, 82.66575029441884, 75.61224948718707, 70.22810735050466, 72.86007117561982, 75.56305335705159, 84.06046823439901, 82.79584906958748, 80.10156640178113, 78.61695941953151, 63.215185618825814, 74.12182662273015, 84.25099647427068, 92.99083556964231, 103.69289400287926, 118.76439417822235, 126.01284750712821, 122.47586202271827, 136.02423729950425, 127.12050560705251, 120.04424665873246, 111.35754672312092, 106.83127511446556, 99.0172988324297, 92.20262392390859], [49.16026398481624, 55.8008568556442, 65.16624533410418, 74.00159982476825, 66.81582970243106, 59.354960863091414, 51.74959325436242, 22.970930380879523, 18.118207944747653, 20.550505073455398, 30.02500296469351, 40.36924947122179, 33.433922630274076, 28.480897034552, 25.05982784717058, 38.07476995933772, 45.590966339607824, 53.338699127611434, 65.22041845543605, 76.73758267372045, 74.74062162352001, 64.80913929244105, 54.39884700415595, 45.849596373690076, 38.58832075020479, 0.0, 8.389761680203378, 16.018870629345567, 27.99494664977858, 36.49056189474827, 36.35639122450351, 25.96137856078612, 16.34563635095061, 9.209769031808019, 4.510841868710319, 31.85762098786116, 38.81264921086596, 49.51817768079391, 61.40622216161105, 64.42170787987494, 64.2572762352737, 60.08567299432604, 56.792080866306044, 49.846482807386636, 42.15878296774196, 28.427097109804198, 17.54575155611244, 92.13666506506155, 82.9519165236344