{
	"dissimilarities": [[0.0, 7.332161779543739, 14.76764811264211, 23.357801132873806, 15.788149749195851, 8.991946305372215, 4.240325442069984, 42.74706739962162, 49.99013156037781, 59.3795026486348, 66.58034286114055, 74.4897788150441, 66.7791709621937, 59.56996832367283, 51.195033765102124, 22.518183272648105, 22.849973805106384, 24.28175947234051, 28.27599957630147, 34.3375318683032, 31.033110486494103, 24.391223713809485, 18.656682708005757, 15.942987701720808, 17.241984929961685, 50.43807901896751, 57.855267656384264, 64.68744417199386, 73.75043838033123, 79.40280434798036, 78.54514421739992, 71.69131115139601, 63.72709532562659, 55.201576970325426, 48.72578373067029, 21.566993147854244, 26.179831614820078, 34.433760818244224, 35.822506489730536, 44.319110022228045, 52.42193288497869, 56.82662436987342, 56.81078995274416, 54.91449170833229, 47.3601035451605, 37.35894412164956, 36.0651887211287, 60.84367479276173, 57.95452577035706, 59.36317240400969, 63.60515832076412, 67.12048401159564, 70.89632178784528, 77.71717199674809, 79.70188059692583, 79.9203155364581, 76.37384923020831, 72.61614849156621, 66.8150251504497, 62.38174162263848, 64.11130701410403, 67.63908079917003, 70.90164130139507, 75.43289723779749, 71.69604663590971, 68.40232889713869, 64.96904442690327, 56.710575844431474, 58.203010771393586, 67.33589083274506, 75.94066585930979, 83.4541059789797, 94.04701956160874, 104.29660382540693, 104.60922306436034, 118.54179828094118, 118.39849905429051, 112.6060755503251, 108.54543796821167, 103.49864373465158, 100.08243746648276, 98.34415287497798], [7.332161779543739, 0.0, 7.927579559491789, 17.61448455129042, 9.769084717651033, 5.413800104715447, 8.53062200744201, 49.95779936518201, 57.190643111534285, 66.55195171376822, 73.81091164828317, 81.80494703007192, 73.99698070079984, 66.73867434963893, 58.37732439100604, 25.34148949671643, 23.57297606497936, 22.904181341705712, 24.41339583909557, 29.49320567541694, 25.802600393423724, 19.76017423620192, 16.460398752793598, 17.122497158339755, 20.914506725219123, 56.836072829314205, 64.34169614338272, 71.34361485958067, 80.628089716574, 86.53851806411576, 85.750229009585, 78.70442865724412, 70.59764335853625, 62.029804545469986, 55.36546738665106, 27.117630078483003, 30.742918569185505, 37.688167315179186, 38.075252308834806, 46.695305737184164, 55.231458797266775, 60.646209922703285, 61.49775608899442, 60.48604360383358, 52.172911198451494, 43.360014669269354, 42.54126206961297, 61.46508767996874, 59.257962407497786, 61.63981692254455, 66.60988199313877, 70.83467147224904, 75.27900757898708, 82.59165672854617, 83.67264647686353, 83.23005915390567, 78.9732272098284, 74.46161696346273, 68.11356836544557, 63.54746634167133, 66.15872749010695, 70.50170552265602, 74.46488894600851, 79.92034155993852, 75.22895531906609, 71.24550653574322, 66.9999179643227, 53.10940381485947, 54.93722739040018, 65.04101917118535, 74.33002111859741, 82.11586432356744, 93.60779738635938, 104.8617977347463, 106.74651640479206, 122.56620508183897, 123.65993740891112, 118.41550466350955, 114.77128805073204, 110.20481503666565, 107.19739295487152, 105.43892565759745], [14.76764811264211, 7.927579559491789, 0.0, 10.250565894084527, 4.3011150237977835, 8.568117115576154, 14.997957598955331, 57.41281961113685, 64.71338394443274, 74.11047167741006, 81.26327920035918, 88.93740650535887, 81.366682190733, 74.17401164400898, 65.81150653561069, 31.99447665761547, 28.764966755879797, 25.932853999830023, 23.36751526971631, 25.014029546397637, 21.083930569646498, 18.257288462741283, 19.503596543659455, 23.112282291360778, 28.155582872323354, 64.62883212220072, 72.07947726773784, 78.99308580551059, 88.05060354061992, 93.83972387719332, 93.0687993302476, 86.27793402256472, 78.30258018477144, 69.79667765543003, 63.186689287241336, 35.00884990736168, 37.93444355322665, 43.6406607814057, 41.89259480912174, 50.62387158233625, 59.86654140276398, 66.08440997104819, 67.24329210550692, 66.73866668794903, 58.97348485406029, 50.979554548600035, 50.45518411057317, 62.21879445766275, 61.21573275913731, 64.88850535312058, 70.53614923158369, 75.3072246790013, 80.1242295299775, 87.42151887765664, 87.8139578818706, 86.78664004795397, 81.90917102575945, 76.65790156232633, 69.62578241526468, 64.96029374503719, 68.86364575201968, 74.07399047863129, 78.57416217254372, 84.56002467137249, 79.26772716901486, 74.73923663540447, 69.62968760392967, 47.85412368668984, 48.938297775393046, 59.9909430107871, 70.18229603021973, 78.65536863547632, 91.22690968353587, 103.64650476736425, 108.31783852333122, 125.11386309217335, 127.45971747774185, 122.87902920328195, 119.51358733049805, 115.52908349662373, 113.15363013865462, 111.75933310666568], [23.357801132873806, 17.61448455129042, 10.250565894084527, 0.0, 9.144101644327995, 16.36639307508438, 22.74156865744196, 64.80098509045659, 72.20057447034692, 81.62855084166742, 88.47363839140071, 95.3822639624753, 88.38776089892043, 81.40504176896273, 73.09117807744911, 41.78467344945598, 38.074778790117854, 34.036082889650054, 27.990529079383688, 23.96511320341924, 20.530526232020478, 23.3878183569812, 28.06209106096183, 32.734450859507106, 37.981110489096665, 73.53232062404513, 80.80416223020971, 87.38109979486858, 95.7615580551736, 100.96389244528149, 100.12252955853867, 94.08305823718771, 86.52746506562984, 78.1883092542438, 71.88256096539439, 44.559561529591335, 46.88434015067796, 51.52362639259842, 46.727132483936764, 55.5210032957979, 65.69809052922582, 72.44668978774995, 73.32249421633128, 72.97452685905857, 67.06367246594934, 59.625385455529475, 59.40913702763007, 62.5007518200035, 63.2460487069118, 68.46626299735183, 74.67477200815503, 79.77524269726828, 84.62218373597292, 91.33297275283083, 91.2585019936917, 89.74530307161534, 84.39078615725876, 78.47717148396627, 70.66976289160311, 65.97540250305431, 71.55339258259306, 77.62267505342753, 82.43987502644376, 88.49860679275896, 83.017089814036, 78.14287409225567, 72.17705634519038, 41.647764306812284, 39.39759205362421, 51.00464327916795, 62.33577362572858, 72.00578686972992, 85.81523108669916, 99.52309387419967, 108.33632169440493, 124.9985540099568, 128.6625300680428, 124.9328683155153, 121.77945094614863, 118.601411539788, 117.28409764730897, 116.86395812746981], [15.788149749195851, 9.769084717651033, 4.3011150237977835, 9.144101644327995, 0.0, 7.711452941937335, 14.823452887412461, 57.585466271413125, 65.01892099815527, 74.40111514875589, 81.4495651066176, 88.92572673537106, 81.33195519396348, 74.1575112386383, 65.84451546289918, 34.90724957024552, 32.33000995309282, 30.0223053507743, 27.602875404512517, 28.231678504225513, 24.352362403502397, 22.496434882335844, 23.528769830989507, 26.349721321012748, 30.64876388611526, 66.1448075844223, 73.61479417325914, 80.47486767733882, 89.41047521996504, 94.78714186058043, 93.83621465762877, 87.33756357046882, 79.45730801753562, 70.91283467769314, 64.43923705449421, 36.2723982206683, 37.8698400155227, 42.59055968347514, 39.2180091352341, 48.00387734285566, 57.68150934753061, 64.19415535782026, 65.33281974008206, 65.12066998355326, 58.1914521342755, 51.01269404826529, 51.43648559760349, 58.309981606660216, 57.68745847501707, 61.82388875201842, 67.69219323277727, 72.63808868568064, 77.56707545356147, 84.81680758352823, 84.87666679103859, 83.6261279410228, 78.56062148801846, 73.10844719252505, 65.88249071326689, 61.20172269509221, 65.53378250509527, 71.03467409498789, 75.69579119683932, 81.86141955411348, 76.3511103855949, 71.65545497782195, 66.26137898021042, 49.341141245808345, 47.74136912372727, 56.92666605065845, 66.4989093741253, 74.58030584802094, 87.02091704634908, 99.43511267603887, 104.45531857800023, 121.68698925463863, 124.66218167968469, 120.46310248439178, 117.5158081264484, 114.11728210051976, 112.70363958473833, 112.31646199320988], [8.991946305372215, 5.413800104715447, 8.568117115576154, 16.36639307508438, 7.711452941937335, 0.0, 7.364037484869626, 50.09600676299504, 57.529849893994864, 66.88189661317803, 73.99279670928884, 81.69965720066224, 73.87432799968315, 66.63929688949472, 58.33333369271951, 29.65143152114781, 28.645398468021508, 28.312470074187612, 29.215482243720054, 32.66737086609788, 28.90731140611349, 24.382325158390888, 21.859097046842166, 22.01748578107627, 24.760036095957794, 58.922057039307525, 66.4283150750523, 73.32845641898024, 82.40588850119725, 87.73802876704767, 86.70758678779626, 80.08655143981368, 72.13348702125947, 63.52978864282687, 57.07906570480227, 29.00893593258272, 30.580611355131637, 36.13712467321391, 34.24594258420879, 43.0587522676295, 52.248924445277716, 58.05921745463523, 58.844863761650956, 58.192785821692055, 51.064864401437674, 43.36036006460686, 43.912525017331376, 56.395850249586786, 54.603892861624125, 57.5420281304482, 62.79483404983445, 67.23980924608301, 71.8217680066565, 79.07141443250218, 79.75769457238039, 79.05132975618405, 74.56914495979447, 69.8215195533781, 63.23265734024229, 58.6348692964765, 61.7526820851967, 66.45420289419519, 70.61322515551124, 76.28425509024214, 71.33104700820672, 67.14359646443675, 62.54915757852221, 54.522209381943476, 53.312622992724314, 61.245841416550945, 69.74903749397767, 77.0409479936918, 88.31109256836291, 99.50546356105541, 101.76864208674692, 118.07046651967234, 119.93272701098482, 115.16178503965001, 112.03755754100303, 108.22164001377854, 106.47301204760898, 106.05238193208241], [4.240325442069984, 8.53062200744201, 14.997957598955331, 22.74156865744196, 14.823452887412461, 7.364037484869626, 0.0, 42.79252659539227, 50.21758919792652, 59.589401312797804, 66.68105471381438, 74.39556978693842, 66.61246432678396, 59.40180712148254, 51.07351491439963, 26.078848055305112, 26.821006206351953, 28.29103167753714, 31.660758595358562, 36.66454625435951, 33.22716789462554, 27.4659428794777, 22.459711434503095, 19.893236306788925, 20.586565745934656, 52.14083965425089, 59.56070986508628, 66.32524897186674, 75.255253702811, 80.43641925258648, 79.36794726631456, 72.83546851253398, 64.978857796427, 56.417514564122634, 50.11791786210434, 23.096281488098775, 25.60554787567439, 32.669783518496494, 32.3367635051062, 41.01096890489673, 49.614928715207704, 54.33838411980877, 54.29889772505174, 52.72526938654282, 46.05285910037407, 37.06907882805366, 37.124820673073444, 56.70813136462787, 54.03159487327513, 55.7835260094879, 60.227982184538845, 63.918147296009785, 67.82698538490469, 74.65934378193221, 76.3213659340656, 76.33933589648908, 72.6257297529427, 68.71206560787591, 62.767747411218686, 58.31482053291851, 60.34012435059683, 64.11118918605577, 67.52708387880247, 72.26005369497138, 68.29112623886897, 64.8394077419691, 61.17084684126413, 58.06393188967109, 57.33926896422309, 64.75600298194654, 72.66823793701674, 79.70523115046855, 90.0404196941023, 100.16776125499213, 100.54981068770388, 114.95171151363029, 115.41695312335686, 109.99068066267357, 106.38478300896459, 101.95893833373222, 99.60466920347864, 98.99187389105562], [42.74706739962162, 49.95779936518201, 57.41281961113685, 64.80098509045659, 57.585466271413125, 50.09600676299504, 42.79252659539227, 0.0, 7.609970279394263, 16.884866937494444, 23.915193456356985, 32.6252129012833, 24.112075659144693, 16.954379256965943, 8.598011382593594, 41.33949217071517, 48.604377791259274, 55.49170521542195, 65.02886296080109, 73.43168442369523, 71.09478080414786, 63.22306423524268, 53.95707844892861, 45.6856644313126, 38.63346239906747, 22.2875337871726, 26.47037242567709, 30.6261700044939, 37.65426088113594, 40.49474723205707, 38.5580012984381, 32.938122963240424, 26.49791890352963, 19.432881010772775, 17.757573298907115, 28.74491953020537, 31.11600899706431, 38.50580012726614, 45.92288002465701, 48.85301073849599, 50.102884415765224, 46.109707003931334, 40.41807308489225, 32.07940926398199, 32.32739579762233, 19.366057110577415, 16.163977378179265, 71.21403387984279, 64.62345174674604, 59.42465870835444, 57.81928872790668, 55.74811074947309, 54.234243369609814, 57.09528459654413, 65.03339901007995, 69.68953886258815, 71.34152871031307, 72.999083385728, 71.9423062045755, 69.29160718253237, 64.7588166693938, 62.120630632338454, 60.13953383936967, 57.77169736087424, 61.05247474740529, 62.94085566253581, 65.598682508316, 91.60765662672827, 91.72283479790177, 95.33166792721107, 99.35937042462447, 103.73714418274348, 108.38018454111722, 111.91433596275975, 100.25033903299892, 103.2216899315454, 94.63876971783581, 84.94479763574617, 78.72194332940653, 70.1788700623539, 63.75217412474123, 62.620372446092986], [49.99013156037781, 57.190643111534285, 64.71338394443274, 72.20057447034692, 65.01892099815527, 57.529849893994864, 50.21758919792652, 7.609970279394263, 0.0, 9.442731040286013, 16.694838579891332, 26.1875829495652, 17.5011925896624, 10.714312737993652, 4.31442680721611, 46.65711766284862, 54.08852332574482, 61.212210360276906, 71.16620414860908, 79.93066732176287, 77.73929306374026, 69.66671655009597, 60.20090546578698, 51.80025152614737, 44.58629237902375, 20.281878707340894, 22.337043843930424, 25.053437902814572, 31.218915177921044, 33.54026116001213, 31.454335395646975, 25.864289605998035, 20.111289209437793, 14.538763511349545, 15.8337203921591, 34.82332277517776, 37.358833622143436, 44.289404279382325, 52.46904243225472, 54.64005287525718, 54.7241870862888, 49.572622708350316, 43.44161136909508, 34.552205955801156, 35.641642506554966, 24.014397339799014, 20.106263370318686, 77.18321085758336, 70.2638394592411, 64.30728276337993, 61.88128809419853, 58.969665672497534, 56.56717042888657, 58.552873830786496, 67.39855374529714, 72.72072417898464, 75.19296311515768, 77.62500485291388, 77.26788596446256, 74.9033653306413, 69.61170053697826, 66.11478333949366, 63.34994623991949, 59.818548668053026, 64.25904894805866, 66.93081214954331, 70.43520690491995, 97.83846997250913, 98.59456734517435, 102.26230190580131, 106.06617757951916, 110.25415627569912, 114.28800078615444, 116.99886716417771, 103.71886069850476, 104.6750563269327, 94.31326737342205, 83.76628858070428, 76.89179872320405, 67.22202587194093, 59.16140851124548, 57.08382710227899], [59.3795026486348, 66.55195171376822, 74.11047167741006, 81.62855084166742, 74.40111514875589, 66.88189661317803, 59.589401312797804, 16.884866937494444, 9.442731040286013, 0.0, 7.8384827984454395, 18.842576442495893, 9.48996298850259, 5.306484050730202, 9.417245179356645, 54.957474440704075, 62.52582189700619, 69.85325533466316, 80.12641518234082, 89.12886617898594, 87.00128187039765, 78.78094555705472, 69.15649261691203, 60.652517394198156, 53.30287931087623, 23.345911711708435, 22.38109380530118, 22.46923778545367, 26.46963064208256, 27.04111016167223, 24.400061652540373, 19.697501762461172, 16.285007137098955, 14.926949636141872, 19.76398076385205, 43.41660001723777, 45.269763254819544, 51.14689447624491, 59.6730351452507, 60.81517391212934, 59.52986899520546, 53.060026077030635, 46.43562836754237, 37.24051021317176, 39.89545312260477, 30.77487737955843, 27.751040736784446, 83.24096876585067, 75.9385528773815, 69.07765780932655, 65.63512079629555, 61.702743323537526, 58.22176131209005, 59.09104277549108, 68.87200879798118, 74.95056254485142, 78.44044335893985, 81.85597203650912, 82.43391700349781, 80.48043302779621, 74.243286724732, 69.68923519023714, 65.96391672880418, 61.041657881699784, 66.8495305628693, 70.48213132372378, 75.03137352206195, 106.7727631620612, 107.52402415295627, 110.5724972191129, 113.73214826132471, 117.34737734951194, 120.38576327616552, 121.88090636042334, 106.25456189082506, 104.96486250493646, 92.6502070890219, 81.22692699242795, 73.94827657092812, 63.33561420127341, 54.1153039742503, 51.92202646540636], [66.58034286114055, 73.81091164828317, 81.26327920035918, 88.47363839140071, 81.4495651066176, 73.99279670928884, 66.68105471381438, 23.915193456356985, 16.694838579891332, 7.8384827984454395, 0.0, 11.590682000692366, 4.209301624732301, 8.587626386274206, 15.933771708053087, 62.60144169803523, 70.08761779540968, 77.30080905716174, 87.37298418990326, 96.05614817119792, 94.02211588682228, 86.09359365819172, 76.63323893735459, 68.2195235821494, 60.95838850764508, 29.795792058583505, 27.211796906032244, 24.99985622182892, 25.358560538490607, 22.773222327229888, 19.356192712176586, 18.165922396444003, 18.75503141591421, 20.72809814222629, 26.716631151748512, 51.185326638062456, 52.7716041603546, 58.04086315649168, 65.75377454374994, 66.4345703872448, 64.76482491579003, 57.63828083157996, 50.34390057996542, 40.86282397608057, 45.88216037054025, 38.147348724891096, 35.5791272597267, 87.74982499740686, 80.5675745051172, 73.45000390534753, 69.40190138073747, 64.73112356661882, 60.25307552258936, 59.63181341588687, 70.29280533108276, 76.95578542639342, 81.22658191892644, 85.31184905683655, 86.4012635108889, 84.74511700468214, 78.24019576155803, 73.10274839333282, 68.6279541052093, 62.33295382251536, 69.44492076809797, 73.8173643627283, 78.95350041100376, 112.67457923363862, 112.89975993305114, 115.23568223320933, 117.86154705348193, 121.22147583672454, 123.4792806626897, 124.02910780710384, 107.59076535976831, 103.39804196199327, 89.32119376014067, 77.20304831853515, 69.24535526680329, 57.752189312767044, 47.64478137044485, 46.2051544088441], [74.4897788150441, 81.80494703007192, 88.93740650535887, 95.3822639624753, 88.92572673537106, 81.69965720066224, 74.39556978693842, 32.6252129012833, 26.1875829495652, 18.842576442495893, 11.590682000692366, 0.0, 11.297534038524516, 18.15574543111053, 25.02609349555166, 72.21508662983685, 79.38863313842421, 86.15669879938986, 95.47212376649362, 103.18918408302075, 101.33935634996182, 94.24048519471184, 85.32853585841478, 77.24386471914887, 70.3199267715771, 40.18283430590772, 36.85256861036829, 32.93306953837832, 28.760059933538262, 21.377111298667273, 17.24481282819034, 23.015835075455293, 27.42665300952059, 30.98881184641691, 37.25149193228493, 60.96600505343058, 62.606265309244385, 67.5224075246309, 73.27642059589043, 73.88129327633506, 72.618981401962, 65.28122055903441, 57.01717107457532, 47.191441127251146, 55.54365896631289, 48.45073341875111, 46.02156541363052, 92.7474938147739, 86.25500815377099, 79.46217573897863, 75.05621727720929, 69.7432484077692, 64.10046499998417, 61.148332039137955, 72.86752793126465, 80.0898010086641, 85.1166731976912, 89.73692556540877, 91.05227360711697, 89.67467606993416, 83.52785133148124, 78.13011562849792, 72.9221301770318, 64.89434837485838, 73.60274129541503, 78.68730340189215, 84.10320425522254, 117.54719489960458, 116.63697531846024, 117.9734992266058, 120.01164595307728, 123.39626181072735, 124.82809855828695, 124.38755052498321, 108.67290527599478, 99.60732440188305, 83.19578807323543, 70.2667858482924, 60.77418436298993, 47.78821423299854, 36.21394501162061, 37.22629527739032], [66.7791709621937, 73.99698070079984, 81.366682190733, 88.38776089892043, 81.33195519396348, 73.87432799968315, 66.61246432678396, 24.112075659144693, 17.5011925896624, 9.48996298850259, 4.209301624732301, 11.297534038524516, 0.0, 7.604611728364503, 15.693355734550497, 63.98895912061796, 71.50620442477366, 78.68696791020288, 88.57726224330418, 96.9834286482505, 94.83667988705182, 87.06551795473055, 77.68728875257945, 69.28506392614798, 62.01791000580434, 32.60170750845976, 30.675993909098263, 28.99582723560247, 29.516226417330536, 26.266528450829203, 22.598971636816444, 22.323786097030357, 22.682415553364788, 23.81341322154766, 29.20077985877098, 51.872063560935445, 52.49420082206442, 57.000592474275614, 63.94987121833308, 64.28605678484153, 62.494779146390876, 55.1571134840261, 47.48610706740683, 37.891273564757086, 44.49204448368146, 37.8639673305049, 36.67427010957929, 84.97967834798473, 77.82135262344988, 70.59843783893378, 66.32356375311547, 61.407537390663606, 56.623710420957124, 55.63102512612136, 66.45929997618916, 73.24990825257014, 77.73263655196504, 82.03842582104146, 83.34731005619625, 81.83707480897424, 75.19990443556095, 69.86058002573715, 65.14726248115852, 58.483442680090576, 65.93690192296599, 70.53997327367726, 75.8792420966713, 113.47217687992523, 112.58370278423409, 113.87749912745815, 115.9068306051668, 118.78355363103555, 120.56336478680753, 120.6812121588584, 103.69560771405163, 99.3673699665732, 85.45120590814395, 73.46472159281926, 65.96617275041484, 55.12675406828224, 46.83266202353137, 47.74073824550075], [59.56996832367283, 66.73867434963893, 74.17401164400898, 81.40504176896273, 74.1575112386383, 66.63929688949472, 59.40180712148254, 16.954379256965943, 10.714312737993652, 5.306484050730202, 8.587626386274206, 18.15574543111053, 7.604611728364503, 0.0, 8.387613781896373, 56.921042763803, 64.49258385311776, 71.73180455159806, 81.69828052162204, 90.2688958402618, 88.00156798990969, 80.04343045265027, 70.57146919741555, 62.113987490437644, 54.79073912584627, 27.638027245613046, 27.39983475821336, 27.763548349724122, 31.225085330544957, 30.485451405229, 27.3791101302006, 24.289646104463543, 21.54419771606996, 19.77818877461761, 23.718732758730305, 44.4230005455565, 44.916770197068736, 49.756294567837365, 57.17360719427437, 57.89845072953971, 56.52339304505294, 49.78018780928949, 42.57555631762989, 33.08780526744776, 38.03186164045333, 30.396002784217288, 29.474315663509714, 79.53205779420074, 72.27217230141395, 65.2949598485498, 61.57961834972117, 57.34551628360713, 53.49121235674401, 53.93992428426759, 63.93037066087589, 70.16077511943188, 73.89345550580161, 77.56603002883105, 78.38666320847955, 76.60235521377689, 70.22553342885674, 65.43664653145511, 61.42050806137021, 56.05626500666474, 62.27427575940231, 66.18509415996321, 70.9708892151947, 107.62932492663845, 106.88635328487892, 108.5745474263088, 110.97683365249014, 114.0066991872441, 116.45854790066177, 117.43654989177833, 101.24328815360234, 99.78683206244665, 87.73227960817904, 76.51526676541933, 69.7816153553757, 59.97589137710196, 52.817171654658814, 53.26130902636211], [51.195033765102124, 58.37732439100604, 65.81150653561069, 73.09117807744911, 65.84451546289918, 58.33333369271951, 51.07351491439963, 8.598011382593594, 4.31442680721611, 9.417245179356645, 15.933771708053087, 25.02609349555166, 15.693355734550497, 8.387613781896373, 0.0, 49.233622253533866, 56.69036563792499, 63.78028481705986, 73.53893180965501, 82.00183047303179, 79.68562422453394, 71.782923413955, 62.40967051286816, 54.030702644573275, 46.81361544966909, 24.068913350018796, 26.038062506689606, 28.443503539972895, 33.9685146392989, 35.15463999514563, 32.63419524632828, 28.05313366841097, 23.050042101387668, 18.146523501335015, 19.59014835787851, 36.553603917277144, 37.62738337979682, 43.47412939928463, 50.86436211989334, 52.54530710880093, 52.36116723155447, 46.82020703079681, 40.18002661991933, 30.982068793509995, 33.98725355606614, 23.945840859490843, 22.41073659560109, 74.61536883147973, 67.62406424063619, 61.42179795738632, 58.665523498355675, 55.427363622502, 52.681258209020726, 54.36383846251161, 63.40542416437975, 68.90082529886922, 71.64332685882022, 74.37541514136024, 74.32068562874872, 72.12843893138538, 66.569331077324, 62.762667531686716, 59.69286977887447, 55.76368814941847, 60.58283969890687, 63.55013332712174, 67.36287053722859, 99.73248812793237, 99.23288901451741, 101.67023024718677, 104.75795070099753, 108.36223979208869, 111.80921635995789, 113.97880370384208, 99.88517913242569, 100.69052785697689, 90.42771598410523, 79.99452593124128, 73.5751052140604, 64.49204269835808, 57.8990549758161, 57.717009489275576], [22.518183272648105, 25.34148949671643, 31.99447665761547, 41.78467344945598, 34.90724957024552, 29.65143152114781, 26.078848055305112, 41.33949217071517, 46.65711766284862, 54.957474440704075, 62.60144169803523, 72.21508662983685, 63.98895912061796, 56.921042763803, 49.233622253533866, 0.0, 8.087840373821496, 16.44554744019052, 28.931417526672973, 41.60253789050667, 39.27309960967478, 28.09918015630284, 17.26482891256412, 9.282211112866271, 5.830041317664653, 38.06922936909872, 45.38722417819826, 52.95158323774801, 63.690886799955315, 71.95789613691782, 71.96735680875726, 62.711572634978204, 53.8281157983179, 45.66407908420006, 38.34847020335135, 15.521791144531644, 27.02910006782464, 38.48808360351118, 48.834389063913264, 55.374033753396844, 59.69439087359572, 61.96978115163036, 62.66501716516042, 60.014266831300056, 47.1321011576525, 34.580627609025186, 28.1477168143672, 77.91838727538587, 72.72152146244194, 71.24082962084628, 73.92118412755019, 76.35622461977385, 79.63549614980565, 87.09138758887579, 90.25694873753079, 91.52361645513915, 89.09908094901199, 86.68014906202023, 82.4861607685059, 78.41167422850282, 77.27576487333764, 78.88055509562983, 81.214317634783, 85.07739959578993, 82.20454024066323, 79.88800133937204, 78.32928861621758, 67.43402764524102, 76.70543969744168, 89.24325096778068, 98.43884338584007, 105.75564303379399, 115.75019049560161, 124.96028142023427, 120.2669811012111, 133.54507278244148, 130.37766401572026, 122.696223571245, 117.42582918302918, 109.7968225721231, 101.98330487045219, 95.34355366266061], [22.849973805106384, 23.57297606497936, 28.764966755879797, 38.074778790117854, 32.33000995309282, 28.645398468021508, 26.821006206351953, 48.604377791259274, 54.08852332574482, 62.52582189700619, 70.08761779540968, 79.38863313842421, 71.50620442477366, 64.49258385311776, 56.69036563792499, 8.087840373821496, 0.0, 8.503944952088409, 21.384146465165095, 34.709401128340225, 32.5791031523408, 21.107511043390932, 10.835006709961235, 6.927876705117449, 11.036581397896814, 45.48103958750998, 52.55088847323402, 59.88591022148692, 70.2518376409838, 78.63543282290198, 78.81469793477656, 69.75513916003538, 61.08255296667129, 53.12251437571436, 45.925217227598395, 22.754324235723633, 33.23930919687202, 43.9383842206066, 52.765478716188014, 59.853183143558624, 65.0097817179634, 68.16210329977598, 69.21118778773767, 66.93956945209918, 54.216574769618674, 42.23452192731607, 36.077318302891264, 80.71409738476657, 76.29330490146833, 75.82046886154114, 79.17136145223517, 82.15501790814452, 85.83474780665622, 93.40135299646586, 96.0912942877982, 96.90579801424813, 93.92013955607383, 90.83875893837319, 86.00303445633743, 81.74242293585031, 81.60221289826212, 83.97605425746168, 86.8308255143797, 91.21399506070658, 87.78605764757457, 84.94704229891163, 82.62690311301715, 61.38290296311308, 72.60959964164472, 87.09610668533519, 97.40278080041087, 105.56199944498532, 116.60274910272848, 126.89356648336233, 124.49075070179958, 138.50519986043415, 136.1146787759494, 128.79215359157692, 123.46002376245924, 115.97417447764222, 108.08825465495245, 101.0295899476146], [24.28175947234051, 22.904181341705712, 25.932853999830023, 34.036082889650054, 30.0223053507743, 28.312470074187612, 28.29103167753714, 55.49170521542195, 61.212210360276906, 69.85325533466316, 77.30080905716174, 86.15669879938986, 78.68696791020288, 71.73180455159806, 63.78028481705986, 16.44554744019052, 8.503944952088409, 0.0, 13.090552119723332, 26.87642449045383, 25.043764942841207, 13.691703489042924, 6.560646281995777, 11.084260478816297, 18.114654096592403, 53.255067606284754, 60.132557154898464, 67.18433766207106, 77.02132771166968, 85.27312468481631, 85.5495087194206, 76.89627510415573, 68.50932444393634, 60.69699582449405, 53.66103440055223, 30.16171330690964, 39.88904660542855, 49.902415459042274, 56.77789804601866, 64.40631223389443, 70.51434968457774, 74.4402005091401, 75.59229144935466, 73.54391614506783, 61.50027649007264, 49.852186545766294, 43.9444561285089, 83.11788499291148, 79.64050587899484, 80.26430197059494, 84.24768742147342, 87.70097105806575, 91.65627346488102, 99.13906639968404, 101.44465278297514, 101.84868744358737, 98.35337956271616, 94.63706653001759, 89.12797268835185, 84.70157939206617, 85.68007456948358, 88.82042366213419, 92.11657290184792, 96.85463862999688, 93.02213108646558, 89.73258741109998, 86.65405672817595, 54.099996156763616, 67.15923904443649, 83.62394740753398, 95.07611173311602, 104.19170442205113, 116.28773757844817, 127.66868934773294, 127.97665390433015, 142.34794324097055, 140.7551867455569, 133.8544640539224, 128.44358973749826, 121.19119307641921, 113.4354456583877, 106.281189974674], [28.27599957630147, 24.41339583909557, 23.36751526971631, 27.990529079383688, 27.602875404512517, 29.215482243720054, 31.660758595358562, 65.02886296080109, 71.16620414860908, 80.12641518234082, 87.37298418990326, 95.47212376649362, 88.57726224330418, 81.69828052162204, 73.53893180965501, 28.931417526672973, 21.384146465165095, 13.090552119723332, 0.0, 14.179152617661856, 12.922092709862792, 5.298444662236929, 12.912335904498535, 21.47207866949015, 29.222631879383226, 64.97720613125433, 71.71576442136148, 78.39206284289136, 87.4200383721359, 95.12961008711346, 95.39322827818863, 87.54351418854988, 79.59007875638261, 71.87016639044118, 65.08368433238242, 40.89210056374924, 49.39828499584739, 58.32437515401026, 61.94455648381958, 70.22583062538503, 77.75765039006784, 82.71080953880784, 83.82082491385876, 82.06373283956657, 71.51188741396125, 60.41150937320797, 55.18195242583914, 85.15310225861128, 83.2481695653698, 85.55618453401296, 90.40848863943822, 94.47658579826249, 98.7353457529761, 105.92217639754404, 107.65372223859889, 107.45369993786738, 103.25481773578458, 98.64483525700594, 92.16035664067164, 87.55211315151547, 90.27903456148682, 94.5293035773458, 98.40029807740731, 103.5384137382219, 99.2117935221694, 95.32680130603083, 91.14951964394393, 42.20334548651918, 57.19926508648601, 76.29964659838127, 89.3205306455158, 99.82526159689117, 113.38667918139016, 126.3123859699273, 130.97892961959593, 145.63769497043177, 145.4216997011151, 139.322956092123, 133.96022678014722, 127.35209617767396, 120.35423456259265, 113.79394077536288], [34.3375318683032, 29.49320567541694, 25.014029546397637, 23.96511320341924, 28.231678504225513, 32.66737086609788, 36.66454625435951, 73.43168442369523, 79.93066732176287, 89.12886617898594, 96.05614817119792, 103.18918408302075, 96.9834286482505, 90.2688958402618, 82.00183047303179, 41.60253789050667, 34.709401128340225, 26.87642449045383, 14.179152617661856, 0.0, 4.131713073884728, 14.564973699363275, 24.988513120752845, 33.2312331339133, 40.721746724750524, 76.16031160211759, 82.77374231551758, 89.01992797828417, 97.10161918042523, 103.92429008270754, 104.05750272091421, 97.27241977075411, 89.85832431738525, 82.2327424919255, 75.80324940736809, 51.46254535978809, 58.80784977548682, 66.69074063314478, 66.79242918418431, 75.5304197092875, 84.42504453440452, 90.12014587856585, 90.84547597180557, 89.19571180203411, 80.8191385855203, 70.20583891518473, 65.7259905183845, 86.04817077966636, 85.90043845636241, 89.86825227718067, 95.40653559063378, 99.88145854863689, 104.19366177517865, 110.73561846568701, 112.04071956434834, 111.34200512072927, 106.61269205255292, 101.26861835821681, 93.89479792951126, 89.20401463475832, 93.7195533647405, 98.9440798968968, 103.18430958232435, 108.39454318331148, 103.87655570338798, 99.59135088961767, 94.44907942008831, 29.00075695046858, 44.793078022243996, 66.47013149138252, 81.02383224125748, 93.0549504129797, 107.93879377067229, 122.25917601865888, 131.75098719534685, 145.92979885496808, 147.09100249510738, 141.9217574989064, 136.66049362133373, 130.91576288733276, 125.11594088106027, 119.78815555432662], [31.033110486494103, 25.802600393423724, 21.083930569646498, 20.530526232020478, 24.352362403502397, 28.90731140611349, 33.22716789462554, 71.09478080414786, 77.73929306374026, 87.00128187039765, 94.02211588682228, 101.33935634996182, 94.83667988705182, 88.00156798990969, 79.68562422453394, 39.27309960967478, 32.5791031523408, 25.043764942841207, 12.922092709862792, 4.131713073884728, 0.0, 11.884077071019608, 22.35677947761822, 30.589300887987537, 38.07151586344234, 74.30334379070369, 81.11053266970002, 87.54538397848555, 95.91057097126168, 102.67375031083297, 102.67403874264436, 95.77282978933042, 88.1830547274449, 80.36315411413072, 73.82253511603673, 48.58083500130345, 55.36436523340338, 62.928525892758785, 62.91450992828172, 71.61741219895602, 80.51218622857085, 86.35102895515568, 87.26253469298175, 85.86794382649914, 77.34402262720502, 67.15844898711809, 63.24349532437894, 82.2980196622222, 82.02422001662052, 85.97001164010345, 91.56729225080328, 96.14617294619411, 100.61187753603842, 107.36971467905613, 108.44977604583187, 107.64563586258046, 102.83396287837839, 97.44984196379772, 90.11258872581634, 85.4209829597575, 89.85560791278151, 95.11931811998095, 99.46183213639478, 104.8986263740715, 100.1574114454565, 95.77515354143111, 90.59537341900825, 32.002346204901755, 45.11302713336095, 65.30147249399946, 79.27848405113579, 90.75627748084753, 105.37778999412005, 119.49706942418908, 128.2286974420907, 143.11372597841105, 144.55953339266534, 139.50077495955352, 134.58542704790713, 129.1278531650952, 123.85754740031905, 119.09482600425832], [24.391223713809485, 19.76017423620192, 18.257288462741283, 23.3878183569812, 22.496434882335844, 24.382325158390888, 27.4659428794777, 63.22306423524268, 69.66671655009597, 78.78094555705472, 86.09359365819172, 94.24048519471184, 87.06551795473055, 80.04343045265027, 71.782923413955, 28.09918015630284, 21.107511043390932, 13.691703489042924, 5.298444662236929, 14.564973699363275, 11.884077071019608, 0.0, 10.934255153238244, 19.69954714024038, 27.490099696991827, 64.58812558794524, 71.59735910529704, 78.45202043649121, 87.6666843687316, 95.05391413830571, 95.08394251626672, 87.32702085343357, 79.24419588298935, 71.24965438567419, 64.37963824724739, 38.647701042474985, 46.08854108153467, 54.409859112747064, 57.2484400687131, 65.58423834282668, 73.3861134003666, 78.67656175670918, 79.95402122705622, 78.56342503116791, 68.24367132646196, 57.83143973101335, 53.63240073996037, 80.01719053637403, 78.2300126777502, 80.78421972423445, 85.83354030626099, 90.11062075420615, 94.58087975546403, 101.93151069696887, 103.2891023309334, 102.86426810557609, 98.46972568864267, 93.68894380497134, 87.106640162998, 82.48654185598173, 85.40301472496489, 89.87047595395252, 93.93765159292957, 99.38349563226768, 94.73182813079684, 90.6520782263168, 86.2623206412756, 43.07305766177311, 55.203076698940194, 72.80645092942318, 85.27928132303875, 95.29921323790803, 108.6853529167652, 121.54205776290235, 126.05601284584357, 141.50582473936802, 141.92846253580836, 136.16644607505108, 131.30089566960336, 125.27697261316247, 119.29933049142153, 113.85496767824017], [18.656682708005757, 16.460398752793598, 19.503596543659455, 28.06209106096183, 23.528769830989507, 21.859097046842166, 22.459711434503095, 53.95707844892861, 60.20090546578698, 69.15649261691203, 76.63323893735459, 85.32853585841478, 77.68728875257945, 70.57146919741555, 62.40967051286816, 17.26482891256412, 10.835006709961235, 6.560646281995777, 12.912335904498535, 24.988513120752845, 22.35677947761822, 10.934255153238244, 0.0, 8.931646012745015, 16.7902046078429, 54.29866896610002, 61.483492336135726, 68.62297504751007, 78.41029111645375, 86.05315182960534, 86.02440198062814, 77.75602813350842, 69.35497099657425, 61.213887346066876, 54.159218417050134, 28.303449495140352, 36.69367027073228, 46.05458875944248, 51.429552060850504, 59.33854604047026, 66.10571473054779, 70.54345672200151, 71.72940355106543, 70.03121211123837, 58.739047785565006, 47.792250712960836, 43.26039997214591, 77.01476530122437, 73.89887509036768, 75.04292682670511, 79.35997079725959, 83.0982374017169, 87.27016956735851, 94.79709448580758, 96.69183161238453, 96.80648093306529, 93.03221769245754, 89.02897090933517, 83.25219597040041, 78.77440334185638, 80.23499882350025, 83.76590481419511, 87.31772678235689, 92.36037113886404, 88.18762398395646, 84.63756129116491, 81.17777821357934, 52.40225077286354, 62.76225892804896, 77.9070258188209, 88.94203026808303, 97.77146022849051, 109.82510835436521, 121.29251355608885, 122.17640413111837, 137.16500894013237, 136.42423250805345, 130.0159689206815, 125.11679288638842, 118.62835190499099, 112.2082478487081, 106.56188481637933], [15.942987701720808, 17.122497158339755, 23.112282291360778, 32.734450859507106, 26.349721321012748, 22.01748578107627, 19.893236306788925, 45.6856644313126, 51.80025152614737, 60.652517394198156, 68.2195235821494, 77.24386471914887, 69.28506392614798, 62.113987490437644, 54.030702644573275, 9.282211112866271, 6.927876705117449, 11.084260478816297, 21.47207866949015, 33.2312331339133, 30.589300887987537, 19.69954714024038, 8.931646012745015, 0.0, 7.860723213257482, 45.80728739045212, 53.165413346579236, 60.485218621364616, 70.61244515829056, 78.2332497748609, 78.08418272691182, 69.58160782786202, 60.992078537169284, 52.69896304053788, 45.55203857849585, 19.580828057028565, 29.150199609898763, 39.59633902683573, 46.8582330948513, 54.32832242326282, 60.2489347869524, 63.78167101874325, 64.60925318318952, 62.46594544045659, 50.87243010727068, 39.22880983435379, 34.39430464218171, 74.31588647713815, 70.22227091942129, 70.19406453880364, 73.79335825163444, 76.94703743699789, 80.70048233779922, 88.14949924503738, 90.62378349036665, 91.26752026631394, 88.11507614245123, 84.84833833381562, 79.77150094205143, 75.46065868177072, 75.75590926751886, 78.43173936975187, 81.42127051317411, 85.90415727584407, 82.34039598448578, 79.35655130155278, 76.74538865351509, 59.41964215198271, 68.00298220566833, 81.07747247042415, 90.9078359524394, 98.83602077741138, 109.72910084057708, 119.98367405652424, 118.17644440355353, 132.29891376867477, 130.55421190352013, 123.65237759463216, 118.7078805133504, 111.91251096089383, 105.3183757448917, 99.83087149690262], [17.241984929961685, 20.914506725219123, 28.155582872323354, 37.981110489096665, 30.64876388611526, 24.760036095957794, 20.586565745934656, 38.63346239906747, 44.58629237902375, 53.30287931087623, 60.95838850764508, 70.3199267715771, 62.01791000580434, 54.79073912584627, 46.81361544966909, 5.830041317664653, 11.036581397896814, 18.114654096592403, 29.222631879383226, 40.721746724750524, 38.07151586344234, 27.490099696991827, 16.7902046078429, 7.860723213257482, 0.0, 38.59955159516908, 46.1470706970789, 53.649724637512485, 64.11454867494176, 71.66152465391812, 71.37136956288174, 62.65145607354218, 53.8733566328381, 45.41435183013428, 38.17697693298885, 12.060528467316761, 23.152404428076036, 34.621983650778546, 43.71857533609221, 50.58529003715879, 55.56068016358556, 58.12929972002727, 58.581880117478605, 55.9958505352341, 44.14333938102085, 31.767993949362335, 26.636740652610243, 72.52543146669989, 67.55873870097065, 66.40037925431454, 69.26312711279638, 71.81814127578451, 75.14010583850244, 82.48932060209522, 85.50736405091695, 86.65485971716204, 84.11387350713713, 81.56883925946441, 77.19526542171938, 73.0838229419723, 72.26703772453959, 74.09359051119596, 76.51617601508492, 80.43500298655812, 77.47807891952944, 75.06352198253289, 73.29257386732053, 65.98339615619243, 73.11806986935721, 84.39677478495375, 93.12995383218423, 100.21429797626834, 110.02768501555836, 119.15543769664312, 114.89282768035768, 128.2079328946067, 125.55773431478524, 118.21938673150599, 113.2724872264348, 106.23078161087382, 99.5445184868191, 94.29686166759566], [50.43807901896751, 56.836072829314205, 64.62883212220072, 73.53232062404513, 66.1448075844223, 58.922057039307525, 52.14083965425089, 22.2875337871726, 20.281878707340894, 23.345911711708435, 29.795792058583505, 40.18283430590772, 32.60170750845976, 27.638027245613046, 24.068913350018796, 38.06922936909872, 45.48103958750998, 53.255067606284754, 64.97720613125433, 76.16031160211759, 74.30334379070369, 64.58812558794524, 54.29866896610002, 45.80728739045212, 38.59955159516908, 0.0, 7.898516416673578, 15.960267496609758, 28.060880535934384, 36.63654492500097, 36.65858161569346, 25.841266738104117, 16.392391168202916, 9.272368591879694, 4.613940629636559, 31.389870858222242, 38.26753810658181, 47.7762707859648, 60.64654096940472, 63.52043048819316, 63.01656967119163, 58.93347756231374, 55.67681430783807, 48.85317615390206, 41.23339142913008, 27.57814098939836, 16.821628997223634, 89.08527396068784, 81.61866191608536, 75.7053974506681, 74.1227232124054