{
	"dissimilarities": [[0.0, 7.386116254616496, 14.702978580637804, 23.58781654874556, 16.823388469459413, 10.458057792412985, 6.489582660051648, 42.83832669932107, 49.97563934406731, 59.361933122882554, 66.49890291348795, 74.55339255782191, 66.91737666164178, 59.69582815111544, 51.323060364900776, 19.874230997506746, 18.882285970254475, 20.38625681086984, 25.892268982964378, 32.79508235566061, 29.326991821359744, 22.31937190627644, 14.984522867108248, 11.595533647655936, 14.664916905258107, 48.88790412828823, 56.68215891753426, 63.28880841953286, 72.40229413404548, 78.47316087727079, 77.90766638711456, 70.740395173195, 62.91341802648472, 54.41457226010218, 47.78663497037904, 20.929460546981613, 26.248697183139015, 35.01662329697749, 37.459369446177035, 46.013559347672874, 54.02918919959178, 58.091067506313365, 58.1468257293975, 55.93772176741719, 47.845881698497976, 37.50383716537737, 35.64512774730298, 63.89896409847899, 59.8821346908974, 62.025403527970454, 66.19583534840662, 68.70464554822047, 73.18130426336744, 80.0186526108978, 81.36236999056425, 81.68801309876908, 78.20436196749864, 74.54353147634006, 68.80979458885196, 65.39107991865538, 65.94615498395785, 69.42869229058502, 72.59035312186862, 77.7939922056852, 73.39067987086956, 70.20633528359133, 66.826561463747, 55.54350789928372, 58.165733899940044, 68.17383390878842, 72.92282184744852, 85.14510394446191, 96.08206053733834, 105.95809355344566, 106.80679401077958, 120.61229763006132, 119.2912204363552, 113.64114641048576, 106.16333648336072, 102.9971316723211, 98.1078605626265, 97.77908114592041], [7.386116254616496, 0.0, 7.846577053505433, 18.203094784765497, 12.105947578008669, 8.696786267949097, 10.593872410070318, 50.13727658895352, 57.14992558141343, 66.50369188585015, 73.73563413142313, 81.9174501245645, 74.23773643578572, 66.98637003386901, 58.62553754301558, 22.51388394565611, 19.036034813088442, 17.809928666550718, 20.721493417318868, 27.061820411401925, 23.210804746795514, 16.340334815172238, 11.2764894141355, 12.612960988848693, 18.50946448005552, 55.2791184957666, 63.04616395739336, 69.83127658845409, 79.12732642388616, 85.50595777911691, 85.04717181539284, 77.68102664289509, 69.69480783263273, 61.198578744321736, 54.40086433135359, 26.616286333059954, 31.255812025494524, 38.90936174922227, 40.57320808617547, 49.22415407269373, 57.586649672477265, 62.58091048447472, 63.43986919869136, 62.03520971112007, 53.13738360019577, 43.77153449841969, 42.155887963505776, 65.53931641458686, 62.1629112754809, 65.16998427504174, 69.99498660529582, 73.18849831007023, 78.24398064073333, 85.5259923879725, 86.10867483169281, 85.83650475899817, 81.70343622343543, 77.33974278688108, 71.0910420235825, 67.53537793991124, 68.92229893026173, 73.14322200640692, 76.94967015448651, 82.96532026484724, 77.72608507492846, 73.90627925966203, 69.7884747240072, 51.38658347103777, 54.99286275357571, 66.4313451453743, 72.03219789650922, 84.67277376721685, 96.55581698331602, 107.44519832673284, 109.90615699319508, 125.37649910927485, 125.15110481550613, 119.95999693764958, 112.83458076197446, 110.00188497764516, 105.30603311478532, 104.71237412961791], [14.702978580637804, 7.846577053505433, 0.0, 11.195447462454947, 7.638800330128155, 10.359781887286916, 15.885342001838838, 57.460756196799196, 64.66935504473366, 74.0538234821048, 81.16745726489196, 88.99183064412952, 81.49316515380826, 74.28703542768164, 65.91063060260598, 29.489438062787396, 24.767818883884406, 21.157537791448107, 19.167016905490666, 21.952823243123422, 17.493383075075304, 14.109552093241087, 14.762738708898224, 19.40818960185161, 26.05226891487947, 63.0686342758499, 70.78385868945742, 77.50125524538649, 86.59411815038533, 92.81598194433704, 92.33259880370038, 85.23157643621641, 77.37374245482985, 68.92114070683826, 62.18102731146884, 34.39307315103135, 38.08934978419041, 44.45362177691183, 43.995605159406345, 52.82035406089487, 61.90390175553011, 67.71399808078928, 68.90430983999582, 68.01440339489112, 59.636662732500334, 51.148795867236316, 49.97172837716856, 66.14150743691471, 63.93301723821289, 68.11239518489371, 73.61717161505184, 77.41889440746885, 82.80125148829276, 90.12168652813867, 90.06711365808037, 89.21889420202348, 84.4643574226981, 79.38268815441846, 72.48012234074235, 68.7684618326223, 71.42030298191335, 76.49929323266699, 80.84354636136068, 87.34242147791326, 81.55321831355192, 77.19028954912535, 72.21992691639463, 46.06819749060709, 49.15613746797779, 61.62735043724054, 68.19892633171688, 81.38881500283932, 94.29098731686113, 106.31742214424891, 111.3522760611388, 127.86885146835269, 128.94939110938688, 124.39026157067295, 117.72648159992438, 115.4083811897305, 111.36009833201007, 111.08715575094304], [23.58781654874556, 18.203094784765497, 11.195447462454947, 0.0, 8.655600737514813, 15.938933123304992, 22.416185450034178, 64.64137681201234, 72.39017804513055, 81.81198716537614, 88.49199706331956, 95.28100984040921, 88.24587910061831, 81.21915199606353, 72.88201219657905, 40.441119257849635, 35.76120168943731, 31.44017507918545, 25.84657231363911, 21.919682328515368, 17.422994730645648, 21.403926377807718, 25.447803290190862, 30.309042079148355, 36.67117508832208, 72.34430149936591, 80.00844673938933, 86.37000312952564, 94.80457135925396, 100.21450482824282, 99.50413318462375, 93.28465551728421, 85.92359687578627, 77.56613213560344, 71.16333349804427, 44.127990463491564, 46.45272665090618, 51.27364075997748, 47.04824808673909, 56.0669942082786, 66.32195795238167, 72.79582812945513, 73.74523844099824, 73.10999602424305, 66.9235951684597, 59.408511456779365, 59.08712568494059, 64.24197461096674, 64.00506005009655, 69.78834826064106, 75.99687207578191, 80.31498790463921, 85.68836600011682, 92.48698821424831, 91.88636236916408, 90.45485125822294, 85.11200485795439, 79.29601903142859, 71.56048930027384, 67.6818157514524, 72.23373027217654, 78.33648705157455, 83.07695220377845, 89.6297077296403, 83.65375437324344, 78.86928018866283, 72.88637517716033, 40.530096147128766, 39.02413857077141, 51.28502404859351, 58.909233606775, 72.86606724982816, 86.88714046841194, 100.22058891430432, 109.24037384949827, 125.99344557523757, 128.81845200204543, 125.23726905923358, 119.32334337952067, 117.93252863673425, 115.3960572638024, 116.45410147166075], [16.823388469459413, 12.105947578008669, 7.638800330128155, 8.655600737514813, 0.0, 7.710164737514369, 14.835219456592984, 57.61263430294949, 65.47039964261307, 74.89954341147713, 81.68983098546367, 88.84174673726278, 81.31932755938847, 74.14175034700884, 65.82720551131264, 34.45435562569333, 30.87368690544777, 28.348086477062065, 26.60528835463948, 27.095683705363, 22.44506353044449, 21.583613950966274, 21.758775795195785, 24.68639153588902, 30.130604054526636, 65.46729714175062, 73.34800089449793, 79.87951092733829, 88.74528472201351, 94.21066069145157, 93.39135640081797, 86.83762946470804, 79.24807725647221, 70.70812538126302, 64.20313314957956, 36.511273421290255, 37.92819495028259, 42.65342114464689, 39.341204173385776, 48.34538492300891, 58.24706144374125, 64.52487897166243, 65.62898433389653, 65.15932945519175, 58.332064746443216, 51.182305488712494, 51.63180823127744, 59.321605558050486, 57.85308962233438, 62.79657645069538, 68.69154275334505, 72.8259924641052, 78.29889292184183, 85.50020808761698, 84.96587908395637, 83.75247287644468, 78.678422396348, 73.26214286355491, 66.0119517807043, 62.226911425875166, 65.68247642750316, 71.28505160176023, 75.88193729007833, 82.56869564816799, 76.5210900012306, 71.89493651474794, 66.41451458327761, 48.15881861908904, 46.37773495172336, 55.740114972515954, 61.20948353658189, 73.99275104464392, 86.7270748841341, 98.77592462650426, 104.55095750428337, 121.71961784703542, 123.88903636439778, 119.99195715823153, 114.04054081211393, 112.74278503569845, 110.37369196678831, 111.85756622876093], [10.458057792412985, 8.696786267949097, 10.359781887286916, 15.938933123304992, 7.710164737514369, 0.0, 7.361687551969114, 50.10735097487803, 57.97937564362045, 67.39869529436173, 74.23070854625082, 81.59001604679644, 73.86033770501354, 66.6258674227315, 58.31979471595685, 29.085195319848957, 26.967699054050478, 26.47983672841547, 28.227960575213032, 31.631470602761834, 27.286963586254103, 23.458810879486837, 19.920761920489035, 20.05893584393636, 24.109115490045852, 58.16506801369888, 66.1200507778478, 72.65609066678121, 81.65423705005858, 87.09365119004534, 86.22006789834467, 79.53275418765121, 71.88803835621324, 63.29096348587378, 56.805593054076105, 29.265407008544777, 30.646702343129903, 36.20609283696578, 34.364906619050636, 43.39503354748157, 52.82386815987649, 58.397632792886405, 59.14008075597088, 58.23012926821259, 51.21445238545555, 43.539330796330766, 44.1098867054471, 57.42671635297482, 54.74494372495738, 58.56471167206255, 63.84168089819246, 67.41886669782927, 72.60055719170367, 79.7848603046868, 79.8290224711702, 79.15724867289015, 74.66911234894515, 69.94901156633699, 63.323977645992024, 59.678807591574696, 61.88540830412295, 66.68725238898938, 70.78424504635012, 77.03625344183178, 71.48576328300203, 67.36431102413029, 62.68418876376062, 53.37418058140108, 52.01831474525362, 60.08032867729458, 64.34996797668803, 76.43583681513931, 88.00438717067209, 98.80851020580924, 101.8976385533571, 118.10832190634422, 119.09515834689296, 114.64778703070262, 108.33699474597037, 106.70702438115342, 104.01524836037143, 105.54392541202054], [6.489582660051648, 10.593872410070318, 15.885342001838838, 22.416185450034178, 14.835219456592984, 7.361687551969114, 0.0, 42.804817288536455, 50.67338643072, 60.09767668994499, 66.90004388341285, 74.28877493812638, 66.59522470943247, 59.38055306470601, 51.05195996295674, 25.428936868144472, 25.06555989125984, 26.511385622255396, 30.78476359305512, 35.79893106931022, 31.917661988539738, 26.684620961460652, 20.65543783339741, 17.777561358504325, 19.804342843470216, 51.301175713737024, 59.21799149174239, 65.60581176234692, 74.46788311593431, 79.77334203425815, 78.87092252928853, 72.25415289829411, 64.71492095547902, 56.154483780565215, 49.808077353376795, 23.369727647580554, 25.61911768622294, 32.680190947268045, 32.427378281883556, 41.32603522622118, 50.174319547735514, 54.65683523775583, 54.59013434027984, 52.74451762113799, 46.16680079124092, 37.23779633184453, 37.33045612018238, 57.7446829544122, 54.154266902575955, 56.82887053729647, 61.30928797332251, 64.08261088049721, 68.64941233181497, 75.42574907922884, 76.38590519221337, 76.43650803605006, 72.71290289571567, 68.82611789071284, 62.84865035841885, 59.3719621650217, 60.45432783233, 64.33018644543826, 67.68722285382687, 73.05787343389817, 68.43479899011852, 65.04675162062367, 61.288650854889674, 57.04210262310917, 56.20563025540051, 63.717599590847534, 67.41665270464436, 79.16261657262744, 89.77707272751, 99.50810820362008, 100.68072767600364, 115.01743862022813, 114.58469148153755, 109.48701840583078, 102.62834897245472, 100.40605044550472, 97.11120073135534, 98.48567312404262], [42.83832669932107, 50.13727658895352, 57.460756196799196, 64.64137681201234, 57.61263430294949, 50.10735097487803, 42.804817288536455, 0.0, 9.172375494674975, 17.987784227053425, 24.23169407885045, 32.50549487892684, 24.120270794895234, 16.911580279628602, 8.563683053915645, 40.82712304349464, 47.63454898927811, 54.58893716909991, 64.60582070176363, 73.04814540288955, 70.5823800374842, 62.86293943751028, 53.25815575724294, 44.87938840422325, 38.17213196959811, 20.255797978190593, 25.589400218902316, 29.06516473629866, 36.16955550332857, 39.35657352924896, 37.74891986022182, 31.765785727975597, 25.820202834428045, 18.60287250632469, 16.757260268925346, 28.740145910788225, 30.891582839937403, 38.26433139766718, 45.8589227739861, 48.91754362472896, 50.3724638501821, 46.20939831750062, 40.57297993836452, 31.965371240052164, 32.14543966008891, 19.301652653553425, 16.25883127769152, 72.03467793767685, 64.61162472092387, 60.298780930167474, 58.812313766749526, 55.77914972637164, 55.19598228562905, 58.09232973342301, 65.02520636122522, 69.69546976286907, 71.3285394394367, 72.99651527863575, 71.91450168412206, 70.14700691298363, 64.74398055009564, 62.19059370505753, 60.18285888413615, 58.75225994110166, 61.083827430956724, 63.00475180210183, 65.5896513177147, 91.04879110223426, 91.14659479903287, 94.76642509290686, 94.9578946693257, 103.43453579340932, 108.29240198753237, 111.41515128615724, 100.44896898173225, 103.46411790994767, 93.79123207287569, 84.48020594985051, 74.35470598341375, 68.14174286408159, 60.80736376800673, 62.07383784289307], [49.97563934406731, 57.14992558141343, 64.66935504473366, 72.39017804513055, 65.47039964261307, 57.97937564362045, 50.67338643072, 9.172375494674975, 0.0, 9.432046720961363, 16.736007602488534, 27.04755860632566, 18.88038717475058, 12.586752824281607, 7.631236223309825, 45.01710308473193, 52.14813170029892, 59.401315703922016, 69.9754045232439, 79.13335422640512, 76.99103108884032, 68.73869685905629, 58.949169106829636, 50.468962900771025, 43.41020498463305, 15.175651222452036, 18.11715821873563, 20.357571917485664, 27.368959302830973, 31.192982357119337, 29.91841288562699, 22.804688150072042, 16.73218325766527, 10.407240632677665, 11.845012436153452, 34.23416766599125, 37.527748243225425, 45.03044289043298, 54.18228123981781, 56.602663773447176, 56.768226462550054, 51.59418995255913, 45.91577318657149, 37.091354098661405, 36.62772446795597, 24.404414182060506, 18.994634193540815, 80.44229136604491, 72.61613782256744, 67.53624395725532, 65.32664317343745, 61.6144074531723, 60.368819583850616, 62.65088206961864, 70.34714255841341, 75.6067107596803, 77.9586655453608, 80.2835795883442, 79.82208925482148, 78.26053768431625, 72.11591169865198, 68.76312036795832, 66.1231089620998, 63.81418063506617, 67.04391586879585, 69.60424246636927, 72.9707114288331, 97.11671452078083, 98.88814914412795, 103.42387077252666, 103.90278632422091, 112.39089157529516, 116.9490164598825, 119.51988497255874, 107.06309033048738, 108.26184852496044, 96.63979839933943, 86.34421483559929, 75.3345234852268, 67.48961912184868, 57.45005244797329, 56.36607445201848], [59.361933122882554, 66.50369188585015, 74.0538234821048, 81.81198716537614, 74.89954341147713, 67.39869529436173, 60.09767668994499, 17.987784227053425, 9.432046720961363, 0.0, 8.114952932512915, 20.203320829976516, 12.648233714538485, 9.665612173901197, 12.128061593791731, 53.42823217547101, 60.68235524716627, 68.05523285427135, 78.82661238273357, 88.17575680024419, 86.15888912649561, 77.78264302609344, 67.94524186803164, 59.44829786704376, 52.26512378865189, 18.785853492811285, 17.57421976901535, 16.273172214858263, 20.878506329748927, 23.418300833406082, 21.914649719250843, 14.799966741267157, 11.141804300138196, 10.529152719788758, 16.528298786730595, 43.03681606875022, 45.840912613966516, 52.435251300302106, 61.86375497626862, 63.37213021385742, 62.30136143941853, 55.94003241455719, 49.78185077493461, 40.66553720766126, 41.65086667000533, 31.65387003219831, 27.06416027543467, 87.06746572337003, 78.95648026055767, 73.02052381610163, 69.88202680274347, 65.27537684028219, 63.001266419745086, 64.20642906551637, 72.81610765638939, 78.78973954415144, 82.0945561341028, 85.32042318370758, 85.69369516875541, 84.45381976353056, 77.52168368439673, 73.19595671532606, 69.66652799741743, 66.03156622848057, 70.56572979690954, 74.01445554204652, 78.34176606624774, 105.75326109409886, 107.69553660617737, 111.81109166877452, 111.87366106352334, 119.8355037125031, 123.51713185015626, 124.99970371579161, 110.5158717361397, 109.37266654897874, 95.74565305811224, 84.5711242219869, 72.94977846149462, 63.94300334890674, 52.324533995241175, 50.56657584384634], [66.49890291348795, 73.73563413142313, 81.16745726489196, 88.49199706331956, 81.68983098546367, 74.23070854625082, 66.90004388341285, 24.23169407885045, 16.736007602488534, 8.114952932512915, 0.0, 12.679102736627192, 7.452519430686512, 10.339837846440485, 16.782796339697445, 61.38653505867145, 68.56291652731915, 75.81045003608304, 86.30214565068032, 95.22719624344201, 93.23603460586516, 85.24733667185997, 75.56959818596157, 67.13278430589801, 60.06577460201087, 26.543626544810976, 23.892353033981518, 20.191125612528758, 20.137315432037855, 18.60281264283764, 16.028754702566918, 12.998525328607471, 14.95496468513015, 17.97771003367278, 24.531557136232585, 50.80873379197762, 52.9684427831142, 58.73656054962321, 67.13914092156543, 68.12910056631748, 66.67013422366844, 59.57554936081675, 52.62080327509212, 43.06399207406923, 46.87037772985147, 38.50554625119849, 35.01013778588327, 90.56917358534024, 82.63883607624592, 76.3409572992088, 72.56348907091363, 67.23403228982359, 63.8593203801748, 63.60600985334472, 73.14217490076823, 79.7199519050405, 83.82286663458856, 87.75926751102101, 88.68108354268671, 87.68717043314456, 80.51244143657425, 75.57746135721668, 71.2571920673059, 66.14767133585865, 72.0850237158729, 76.31403001132959, 81.25523396148104, 111.76258276436236, 112.8307915709093, 115.94212238787, 115.48759598218524, 122.90468353991507, 125.69191313808122, 126.17515854964961, 110.71785273092837, 106.7479757452824, 91.48757212141396, 79.66879442923864, 67.53614576824619, 57.66243272960598, 45.40590050583459, 44.7591189901784], [74.55339255782191, 81.9174501245645, 88.99183064412952, 95.28100984040921, 88.84174673726278, 81.59001604679644, 74.28877493812638, 32.50549487892684, 27.04755860632566, 20.203320829976516, 12.679102736627192, 0.0, 10.739385970349469, 17.63035479075722, 24.647573197355413, 71.7607364212351, 78.62673300513134, 85.45360868192333, 95.10328814208668, 102.88524788815288, 100.90563872792744, 93.93338551707892, 84.73782060723482, 76.53391999548981, 69.87999054283105, 38.708653587091206, 35.98365587703624, 31.301435297852397, 26.890705332509242, 19.300357505500543, 15.132602926454327, 21.0126818889548, 26.566054171248187, 30.2011157761392, 36.497370631000734, 60.81905152799535, 62.26927566182687, 67.14818865596881, 73.09139874743127, 73.81154757603943, 72.68907246265933, 65.17968348600375, 57.013632958746044, 46.8958079102809, 55.170239275492165, 48.209919831089216, 45.903242652836056, 93.28171423949179, 86.16640817593499, 79.97688689878682, 75.70549522479871, 69.65725994646158, 64.76431609649698, 62.03036047956492, 72.81572074560778, 80.05270055921719, 85.03520773814905, 89.68281430744663, 91.00311145603871, 90.25509203855043, 83.41839968283561, 78.11363073844046, 72.8851223983233, 65.63086505309786, 73.55537443790223, 78.67213568007345, 84.007759173577, 117.21786297577368, 116.30885576866937, 117.64808772648021, 116.52246506272594, 123.22764939914808, 124.81298756535249, 124.06073934236662, 108.68891931088183, 99.89539981376657, 82.5643273763254, 69.9793654656365, 56.973640675563246, 45.725144734006925, 33.15586444279003, 36.8202906493386], [66.91737666164178, 74.23773643578572, 81.49316515380826, 88.24587910061831, 81.31932755938847, 73.86033770501354, 66.59522470943247, 24.120270794895234, 18.88038717475058, 12.648233714538485, 7.452519430686512, 10.739385970349469, 0.0, 7.560706017933711, 15.671514965217307, 63.6747974296926, 70.80631947223323, 77.99112486552683, 88.2112013346739, 96.59325374399133, 94.32765673826088, 86.75009041124638, 77.13157260743927, 68.68988760600976, 61.727761799432535, 31.185271231827215, 29.974296537822433, 27.249414692541542, 27.41721487933284, 24.157481714647822, 20.766914780677293, 20.302643374104317, 21.894896382016658, 23.148930571770677, 28.6298131851736, 51.95318592430383, 52.483513822332164, 56.98887420469938, 63.96707438899123, 64.43709864541567, 62.881820545890385, 55.43774676720238, 47.78513071374678, 37.91700648555571, 44.592140587882135, 38.00214171088401, 36.84561683669942, 85.63767030933758, 77.8628977570699, 71.38259282727472, 67.25646639181183, 61.55432904815318, 57.581820915405935, 56.634780060495956, 66.5188346625178, 73.32662322510242, 77.78637510134249, 82.09209089976338, 83.35408519958732, 82.54559858620014, 75.25820216186992, 70.02235316093618, 65.28568103989993, 59.44945538760222, 66.05952468543113, 70.69128950754305, 75.93882257470817, 112.858082312365, 111.92344149567927, 113.21056452750047, 111.75670497357066, 118.36624279809567, 120.3389921513732, 120.0828844469264, 103.85266613886313, 99.45921911607249, 84.36385519522766, 72.7555718962981, 61.05305572917841, 52.327431110347334, 43.12711474427365, 46.76915210051596], [59.69582815111544, 66.98637003386901, 74.28703542768164, 81.21915199606353, 74.14175034700884, 66.6258674227315, 59.38055306470601, 16.911580279628602, 12.586752824281607, 9.665612173901197, 10.339837846440485, 17.63035479075722, 7.560706017933711, 0.0, 8.39005554094304, 56.59118772634348, 63.73748616545729, 70.97410684371329, 81.29489610381873, 89.82388922517357, 87.43685820966463, 79.68978589646358, 69.9709952609181, 61.485769075938954, 54.489428450893634, 26.027276698749507, 26.638843261023197, 25.91812818654696, 29.14742681754472, 28.56710435478743, 25.812550548101246, 22.415205860458858, 20.698671379547747, 18.99411742725384, 23.05733974215315, 44.53816812419126, 44.95990447420928, 49.80874906355899, 57.2152563516738, 58.08521895174278, 56.982001573935165, 50.14018599923277, 42.92852156687468, 33.15675066421993, 38.23471740988776, 30.620825643633403, 29.704740885416438, 80.23619636705196, 72.32196735470886, 66.16574714156395, 62.60167462505843, 57.520977342627035, 54.52334088532582, 54.95401622671239, 63.98458667928521, 70.23593211551629, 73.95401619756215, 77.62153630450123, 78.38208561637073, 77.35764040124482, 70.30046387628336, 65.61679466314054, 61.572463993733955, 57.07229185530146, 62.40898659709857, 66.35147175487411, 71.04389973143188, 106.91115800898518, 106.11018749931158, 107.79241705096648, 106.5560638884769, 113.50843303330646, 116.17074676692353, 116.75251651561751, 101.42400445997175, 99.82646809168934, 86.54848785635471, 75.7201961937015, 64.69059268437354, 57.15449927482404, 49.10745799027904, 52.22959273829276], [51.323060364900776, 58.62553754301558, 65.91063060260598, 72.88201219657905, 65.82720551131264, 58.31979471595685, 51.05195996295674, 8.563683053915645, 7.631236223309825, 12.128061593791731, 16.782796339697445, 24.647573197355413, 15.671514965217307, 8.39005554094304, 0.0, 48.89651799650279, 55.88526224537666, 62.97914973996928, 73.11646452693518, 81.53283629184003, 79.09254208226395, 71.41953190401804, 61.77495906097332, 53.34727718468235, 46.49780042625458, 22.321668810601906, 25.312206270661907, 26.75726741936906, 32.15888270299946, 33.57564137669448, 31.395769518855033, 26.540420054008944, 22.34083868191805, 17.38746456659432, 18.876498488702346, 36.724801921245444, 37.70450753649862, 43.561698468873665, 50.929688779658704, 52.781670660981526, 52.89798120645819, 47.24114240897637, 40.59217124787461, 31.077905967355814, 34.2557564987277, 24.277742843175353, 22.76249511797347, 75.3880970902755, 67.69701106545843, 62.38512157267188, 59.78175778140574, 55.63363546371423, 53.765250406328676, 55.4014224451761, 63.476614720257125, 68.99597110726488, 71.72325190537454, 74.45305470268785, 74.3359107067529, 72.95837216271728, 66.66777201855291, 62.9763717606552, 59.872498319705464, 56.81334276122157, 60.74344394467681, 63.74864639033545, 67.45936016195655, 98.96342102127264, 98.39711833542364, 100.83289484650648, 100.19589639118857, 107.83424865514657, 111.5005134195166, 113.27293981523759, 100.05619010549484, 100.7116372225732, 89.26888950982799, 79.21910548595257, 68.64961548774959, 61.8695287970141, 54.36605432256059, 56.74733235982564], [19.874230997506746, 22.51388394565611, 29.489438062787396, 40.441119257849635, 34.45435562569333, 29.085195319848957, 25.428936868144472, 40.82712304349464, 45.01710308473193, 53.42823217547101, 61.38653505867145, 71.7607364212351, 63.6747974296926, 56.59118772634348, 48.89651799650279, 0.0, 7.772919431425682, 16.078477131155953, 28.865415048728767, 41.40494199859009, 39.33606670478035, 27.916793427590676, 17.451032816701307, 10.16461355008576, 5.982726561321435, 38.065257099147004, 45.360639886144085, 52.79750874305409, 63.34527617454016, 71.7176615863144, 71.98655912116521, 62.67743130426819, 53.77578879692393, 45.64102202948489, 38.33618067978409, 14.692966289377718, 26.008730140292514, 37.41921157386357, 47.77475920467964, 54.34078872202135, 58.83214396309807, 61.07938345824347, 61.766209291727925, 59.147892025393375, 46.26505527841468, 33.86022415222984, 27.72610871576369, 77.89313139368522, 71.61966894839095, 71.20138153278367, 73.8942036136028, 75.3554556459805, 79.59045123434596, 86.99430375919296, 89.20974668571513, 90.44518539515694, 88.01265215097314, 85.56067005245325, 81.31558722938144, 78.34267884327565, 76.1960532954153, 77.83608844453157, 80.18332680970141, 85.04526642922332, 81.16786018646235, 78.83426109558886, 77.24342876079358, 66.5734349970919, 75.51339647622709, 87.86033434870508, 92.72639080303101, 104.50663594438798, 114.70130754602786, 123.40991492861166, 119.58172189160861, 132.850280597897, 128.73827330225868, 121.49342664007226, 112.71606246968166, 107.52594740865315, 99.02172715277531, 94.7986611395546], [18.882285970254475, 19.036034813088442, 24.767818883884406, 35.76120168943731, 30.87368690544777, 26.967699054050478, 25.06555989125984, 47.63454898927811, 52.14813170029892, 60.68235524716627, 68.56291652731915, 78.62673300513134, 70.80631947223323, 63.73748616545729, 55.88526224537666, 7.772919431425682, 0.0, 8.373415139482937, 21.379299806569115, 34.40779095126505, 32.536341001160146, 20.718125020750627, 10.889160036756786, 7.298740358589556, 10.288840333652669, 45.45022618024211, 52.53974613909479, 59.83394287316485, 70.04134211026022, 78.40879170210573, 78.75594726863551, 69.70164851729302, 60.97073030109872, 52.9615525976622, 45.75207514789309, 21.39634087316401, 31.459335068021176, 42.02774160571489, 50.69884802865924, 57.863829253142896, 63.26945546491443, 66.45450977756755, 67.51416863495272, 65.31279007480383, 52.676313573039046, 40.94488163548008, 35.29201898167811, 79.63993891888298, 74.1749672893343, 74.78855343764906, 78.19010853254238, 80.26231333263078, 84.89081579125471, 92.43512062677371, 94.14762351217902, 94.89575573734996, 91.8641796452729, 88.72385705450534, 83.8179402584582, 80.63805887558864, 79.53269796355792, 81.99195060368707, 84.89116800156718, 90.27500670808357, 85.83637686370498, 82.9503077566687, 80.55022102780825, 60.38204029311209, 70.85496677751547, 84.91447537525478, 90.88421163664432, 103.34957220133323, 114.54928439608105, 124.34166158814527, 122.75555527928319, 136.8831259862804, 133.72457154682442, 126.88432020050124, 118.29839211013669, 113.29276981432585, 104.90820318938245, 100.4261103403856], [20.38625681086984, 17.809928666550718, 21.157537791448107, 31.44017507918545, 28.348086477062065, 26.47983672841547, 26.511385622255396, 54.58893716909991, 59.401315703922016, 68.05523285427135, 75.81045003608304, 85.45360868192333, 77.99112486552683, 70.97410684371329, 62.97914973996928, 16.078477131155953, 8.373415139482937, 0.0, 13.160221068732625, 26.667146814698324, 25.185565619310843, 13.214734058679012, 6.666743941609951, 11.039771199853101, 17.44423163628252, 53.16210309586773, 60.05863124299728, 67.13969852847192, 76.88280036780563, 85.12065326913434, 85.52482302193894, 76.85326862492069, 68.37472095783141, 60.50106093570219, 53.43372744186666, 28.96494696486208, 38.19357883855297, 48.01670790367, 54.74528499902023, 62.46172261081334, 68.79979123582062, 72.74917511041501, 73.94989048817699, 71.96203270573317, 59.9680732167549, 48.61160047210287, 43.180073327042955, 82.04843930513753, 77.5497557455402, 79.22303545698982, 83.26739403154737, 85.84598888846234, 90.71572601429682, 98.21201745737619, 99.5555444237079, 99.88778215436089, 96.33208446063774, 92.55891968807971, 86.99061597524424, 83.61320327481248, 83.63598119401837, 86.87798807168707, 90.2237945461163, 95.92587336746598, 91.11855060539249, 87.77940231132968, 84.60623500004455, 53.219116336655894, 65.48560185808238, 81.530665102572, 88.81007834491166, 102.0518997769675, 114.29955022412452, 125.21796614243708, 126.21785870466272, 140.79441705076215, 138.52608843146035, 132.08023184799384, 123.64653168046164, 118.77015749820329, 110.48932700909435, 105.78976756884052], [25.892268982964378, 20.721493417318868, 19.167016905490666, 25.84657231363911, 26.60528835463948, 28.227960575213032, 30.78476359305512, 64.60582070176363, 69.9754045232439, 78.82661238273357, 86.30214565068032, 95.10328814208668, 88.2112013346739, 81.29489610381873, 73.11646452693518, 28.865415048728767, 21.379299806569115, 13.160221068732625, 0.0, 14.027385184406567, 13.574107332467136, 5.335002738212326, 13.294104432784069, 21.506334662435673, 29.04673882323381, 64.92390251132424, 71.66565202054475, 78.37570543903664, 87.33363614138106, 95.07096023808421, 95.44229673524798, 87.55661147652519, 79.548401545512, 71.81053363067036, 64.99967287324272, 40.43365006627993, 48.58508762430169, 57.38897480133459, 60.95867633998184, 69.36197210036671, 77.08681215299227, 81.9671901861146, 83.11123237303543, 81.2857627795102, 70.7746797742246, 59.85663115594594, 54.87420261450926, 85.09532310151273, 82.24209082826805, 85.49925767836679, 90.40046109870852, 93.60913116160818, 98.65652605339541, 105.85143253083405, 106.7442819248083, 106.51700304126769, 102.27539798253376, 97.64852036848299, 91.13015745562386, 87.49598134379329, 89.29174830514262, 93.64003676049609, 97.51820915036289, 103.45961989860648, 98.3180314222446, 94.42927195961694, 90.163824899346, 41.21215805667398, 55.85558165894328, 74.85960037426361, 84.19119927038876, 98.56473363210527, 112.30721861035867, 124.86592646443516, 130.1134859412721, 144.9108932704248, 144.05217210836906, 138.29896120021056, 130.19528459261022, 125.664993531172, 117.90738084251194, 113.39371117723407], [32.79508235566061, 27.061820411401925, 21.952823243123422, 21.919682328515368, 27.095683705363, 31.631470602761834, 35.79893106931022, 73.04814540288955, 79.13335422640512, 88.17575680024419, 95.22719624344201, 102.88524788815288, 96.59325374399133, 89.82388922517357, 81.53283629184003, 41.40494199859009, 34.40779095126505, 26.667146814698324, 14.027385184406567, 0.0, 4.823095324770906, 14.608495181673433, 24.7765672125046, 32.70770341635225, 40.367803075526844, 75.91852360422195, 82.65311850308979, 88.93645040972368, 97.03373499422284, 103.86525894631798, 104.02960588867239, 97.19708415070305, 89.77352408405568, 82.09909068510439, 75.62039868101495, 51.06201701045227, 57.993225110639486, 65.73944199446784, 65.81423996778445, 74.72736967506701, 83.82418875641206, 89.4023959249984, 90.19459450368888, 88.40985161980346, 80.06962432070692, 69.6674555499759, 65.45261566836058, 85.92408848571704, 84.9330114028433, 89.74404370393336, 95.36142117529863, 99.04707155698182, 104.04682035399844, 110.64870470615244, 111.17996834972809, 110.46002297959087, 105.66632505472653, 100.32581231296153, 92.94229547005666, 89.11395357879897, 92.75513655030835, 98.11383080965709, 102.35303676171723, 108.24527205810087, 103.03028195737292, 98.75490150026465, 93.49334862334587, 28.270468116177508, 43.53720743527778, 65.12358255556421, 76.4608786410208, 91.85376912622162, 106.88176030431669, 120.91501308452125, 130.7340843613785, 145.19155615011914, 145.89279155156424, 141.01466086440948, 133.45316954626486, 129.57698565820903, 122.99726561682556, 119.52510200114774], [29.326991821359744, 23.210804746795514, 17.493383075075304, 17.422994730645648, 22.44506353044449, 27.286963586254103, 31.917661988539738, 70.5823800374842, 76.99103108884032, 86.15888912649561, 93.23603460586516, 100.90563872792744, 94.32765673826088, 87.43685820966463, 79.09254208226395, 39.33606670478035, 32.536341001160146, 25.185565619310843, 13.574107332467136, 4.823095324770906, 0.0, 12.34934249856093, 22.243411986676623, 30.11716421189469, 37.82265347319128, 74.16431319347309, 81.16686823884103, 87.5826217613439, 95.9353799992037, 102.62169890962598, 102.62421097554976, 95.73832643193857, 88.19340043979412, 80.30035791060241, 73.72694495625433, 48.194416823599695, 54.34615293211509, 61.62579684418283, 61.29028419432035, 70.18469569957264, 79.37720709566848, 85.15719923285964, 86.11794037138414, 84.63987251152281, 76.3257125672586, 66.47718897622177, 63.00718999939485, 81.27055993111253, 80.24025246695312, 85.12410542602323, 90.84030034349267, 94.67102746097011, 99.82934531327966, 106.6188529015439, 106.87926384857585, 106.0102116517007, 101.10001377856771, 95.6761528340363, 88.28262624864183, 84.45725348286673, 88.11617342312974, 93.5719318667003, 97.94229405458108, 104.08004603641, 98.6145198959853, 94.2110467614433, 88.85498292210762, 31.28481564264232, 43.062878917308126, 62.90310955478373, 73.41572905975073, 88.44454912093684, 103.22925601990407, 117.05924687258508, 126.31126646176102, 141.51539550229685, 142.5948094205899, 137.92563328056883, 130.67442669327988, 127.28072773593769, 121.44160960814271, 118.81658301422007], [22.31937190627644, 16.340334815172238, 14.109552093241087, 21.403926377807718, 21.583613950966274, 23.458810879486837, 26.684620961460652, 62.86293943751028, 68.73869685905629, 77.78264302609344, 85.24733667185997, 93.93338551707892, 86.75009041124638, 79.68978589646358, 71.41953190401804, 27.916793427590676, 20.718125020750627, 13.214734058679012, 5.335002738212326, 14.608495181673433, 12.34934249856093, 0.0, 10.795867973551642, 19.403165091996847, 27.22228929607727, 64.39900466698388, 71.49560584634378, 78.32483836862995, 87.49657140648004, 94.93597774854462, 95.08089723372598, 87.25879847247944, 79.16669274685883, 71.15064331982211, 64.24731395899798, 38.2186854582174, 45.242776704143104, 53.4044339857372, 56.22712461910278, 64.67270602700107, 72.65245662700853, 77.87372109651463, 79.21185094408477, 77.77889255163883, 67.45213988639209, 57.2684048813459, 53.3505309487772, 79.94724191158065, 77.1922228735943, 80.67037954032341, 85.76706588176144, 89.20845813813865, 94.46072700396043, 101.84190678056382, 102.36544584645384, 101.90583284700494, 97.46368034810207, 92.66445859152192, 86.05582864828583, 82.40859568439619, 84.3807752814293, 88.94441466624916, 93.02674486947066, 99.27874182812778, 93.81041515395196, 89.71961695785718, 85.24354664316398, 42.444417023680764, 54.1197352272679, 71.54042388024439, 80.13846957034544, 94.14601155414493, 107.70579040642548, 120.16264987925656, 125.21437051819561, 140.86137881100456, 140.62322553770386, 135.2165442075674, 127.54267997683041, 123.66157334368457, 116.92870235279078, 113.56135295893763], [14.984522867108248, 11.2764894141355, 14.762738708898224, 25.447803290190862, 21.758775795195785, 19.920761920489035, 20.65543783339741, 53.25815575724294, 58.949169106829636, 67.94524186803164, 75.56959818596157, 84.73782060723482, 77.13157260743927, 69.9709952609181, 61.77495906097332, 17.451032816701307, 10.889160036756786, 6.666743941609951, 13.294104432784069, 24.7765672125046, 22.243411986676623, 10.795867973551642, 0.0, 8.757143916180492, 16.52771203342462, 54.25278756150931, 61.569402790169896, 68.61700059204118, 78.28166400083138, 85.87719583834864, 85.96011773179771, 77.71325501856839, 69.34472246129411, 61.1567711857833, 54.09621850726782, 27.612162900351684, 35.334498881002204, 44.4404120048285, 49.49437595086755, 57.55167495081745, 64.63228808628305, 69.083310571529, 70.28278679197209, 68.60245346955385, 57.50209410879845, 46.878861660099524, 42.870105080803256, 75.94331399907922, 71.87404474541246, 74.09165537509867, 78.49083279648767, 81.37690986999694, 86.4054611427522, 93.91497590762481, 94.88861622386578, 94.93173879328445, 91.08772413577043, 87.02084062826276, 81.16080849838058, 77.70722311137824, 78.27505982263033, 81.94403940059271, 85.54026382441707, 91.47887207533826, 86.39385519007243, 82.79927600676368, 79.21106605083956, 51.460705550872014, 60.89743029468866, 75.59360133627423, 82.3988310510818, 95.4665937439571, 107.69318929670445, 118.71593485361657, 120.38555372960529, 135.53485788339788, 134.14194180043327, 128.20183771591857, 120.28142797892878, 116.1957079804082, 109.26188847748948, 106.08378742643383], [11.595533647655936, 12.612960988848693, 19.40818960185161, 30.309042079148355, 24.68639153588902, 20.05893584393636, 17.777561358504325, 44.87938840422325, 50.468962900771025, 59.44829786704376, 67.13278430589801, 76.53391999548981, 68.68988760600976, 61.485769075938954, 53.34727718468235, 10.16461355008576, 7.298740358589556, 11.039771199853101, 21.506334662435673, 32.70770341635225, 30.11716421189469, 19.403165091996847, 8.757143916180492, 0.0, 7.83954058072321, 45.866022021980605, 53.38013506394826, 60.50291456859099, 70.40396619354328, 77.93568905486022, 77.92342870356073, 69.51273545610584, 61.03500337240003, 52.71242366745801, 45.5991681314088, 18.963691712201637, 27.852451970648097, 38.11740028173797, 44.90078161137306, 52.57295142990354, 58.90489888955327, 62.445164041688045, 63.19299614013444, 61.011916982212895, 49.799383024521546, 38.40354720259067, 34.127767669760885, 73.21144653578462, 68.18892977012777, 69.31059509248254, 72.99599991780494, 75.24314446216792, 79.86146708989233, 87.21677951217823, 88.77586273092544, 89.36460819698331, 86.1580608154517, 82.82578088802993, 77.63379284008087, 74.36893954905038, 73.80231233684927, 76.62228559395582, 79.63751920224321, 85.01074625355713, 80.536967405886, 77.52384736982752, 74.77857374674696, 58.07591078213785, 65.7643902534072, 78.40984238162358, 83.91655731642629, 96.26343118945246, 107.35035518829785, 117.15127022921186, 116.33890722063394, 130.44729407810988, 127.9681200008251, 121.55975065147675, 113.38279272139663, 109.06734783047483, 101.98828939481976, 99.09653726217957], [14.664916905258107, 18.50946448005552, 26.05226891487947, 36.67117508832208, 30.130604054526636, 24.109115490045852, 19.804342843470216, 38.17213196959811, 43.41020498463305, 52.26512378865189, 60.06577460201087, 69.87999054283105, 61.727761799432535, 54.489428450893634, 46.49780042625458, 5.982726561321435, 10.288840333652669, 17.44423163628252, 29.04673882323381, 40.367803075526844, 37.82265347319128, 27.22228929607727, 16.52771203342462, 7.83954058072321, 0.0, 38.4557928492934, 46.1489335954509, 53.41716685621903, 63.687992835858545, 71.3088921712937, 71.25155498232478, 62.50631714481556, 53.82851236094133, 45.39181414982514, 38.169927496550606, 11.569048475602347, 22.27635795568524, 33.69418473597511, 42.67510773081588, 49.642664445882055, 54.87727260467864, 57.39439153962817, 57.80145317918772, 55.1780489733778, 43.461883930526355, 31.24050083332865, 26.463577856366175, 72.47547389413556, 66.48456865621714, 66.40951433045971, 69.30581206385413, 70.8900427686208, 75.11847939851997, 82.39078294824317, 84.49486259019507, 85.61853131127947, 83.06281296052092, 80.48540002579043, 76.0431158989059, 73.01183190983089, 71.22649113403413, 73.1215087194696, 75.54703357696987, 80.40019639635709, 76.49834272018417, 74.07772090393867, 72.24465345919552, 64.9983298505136, 71.73702451872964, 82.8156619384438, 87.20853637651047, 98.81435409634604, 108.8397921516573, 117.48411383732864, 114.13979636984202, 127.40504910466777, 123.83004137740934, 116.93011170170895, 108.49066479718743, 103.89214558605065, 96.51751166181181, 93.69307969128892], [48.88790412828823, 55.2791184957666, 63.0686342758499, 72.34430149936591, 65.46729714175062, 58.16506801369888, 51.301175713737024, 20.255797978190593, 15.175651222452036, 18.785853492811285, 26.543626544810976, 38.708653587091206, 31.185271231827215, 26.027276698749507, 22.321668810601906, 38.065257099147004, 45.45022618024211, 53.16210309586773, 64.92390251132424, 75.91852360422195, 74.16431319347309, 64.39900466698388, 54.25278756150931, 45.866022021980605, 38.4557928492934, 0.0, 8.317159237013199, 15.745426510391423, 27.42956747996158, 36.03386472379661, 36.424524189999474, 25.64143466379356, 16.150181738177437, 8.665854544036671, 3.5613137039685236, 30.605578564643753, 36.965833024584974, 46.250663478368466, 58.96273841078668, 61.760981414848146, 61.374661786071215, 57.144439450791616, 53.712932186622446, 46.76654309143824, 39.482182122577946, 25.877123372840845, 15.470610141917026, 88.11740940484499, 79