{
	"dissimilarities": [[0.0, 7.3323027429607, 16.57419029140929, 25.890484329168295, 18.74178533771383, 12.891869411600712, 9.712220877557355, 43.09041914788107, 49.94191818259289, 59.256387693936006, 67.62775331231455, 74.81919898234528, 67.33980715136416, 60.15946995671483, 50.774824088269675, 19.14051856151293, 19.067497056581626, 19.905750571327754, 26.09269422244177, 33.46987465201437, 30.187381859247274, 21.892014094669367, 14.544014617305535, 11.258327786256404, 13.444746797062486, 49.11234725404177, 56.47089398779117, 63.42692257216013, 72.42743614695799, 78.82577809240928, 77.92297163914596, 70.92229941506122, 62.80816699470413, 54.346875150302814, 47.76192360591338, 19.875547334938826, 25.859555556728754, 37.079904639929005, 39.786656568197245, 48.00888260460543, 56.273903477137424, 59.84431617690573, 59.91342317218315, 57.36665792425113, 48.6422886301462, 37.519980496017546, 35.177845830241026, 67.05950407356934, 60.84517562787414, 61.24750275384597, 65.25330199296248, 69.10446488727153, 74.18625849664376, 83.29309446773375, 87.58150385968888, 86.8482146043707, 84.90418445178081, 81.23621642334722, 75.70869508145958, 67.29993256299083, 65.18691319069399, 69.13406883333471, 72.72057481806185, 81.67948067338143, 79.66122876111221, 76.11724907898139, 73.25817728183029, 53.65582426363279, 61.837976710894374, 71.81443397309123, 79.99514158326815, 91.03711338466054, 106.80219500564591, 116.17519945622637, 116.18252620640804, 129.87113275364223, 123.2034838561421, 117.50040459728135, 109.56166569998638, 106.64929633471596, 100.48794831571838, 95.83289758518514], [7.3323027429607, 0.0, 9.583000675588572, 19.915119914182643, 13.538244615358154, 10.53230305724541, 12.644942711905419, 50.34477089518446, 57.26910974264225, 66.58388431181164, 74.92254020894043, 82.00223070842785, 74.56730634752823, 67.38472720356505, 57.98097307936571, 23.33907475396636, 20.81351025782441, 18.80588446861551, 21.711221989744686, 27.679442727168063, 24.035211495648426, 16.451536277468836, 12.247632064958598, 13.824751910192022, 18.830305947463543, 56.10546289573984, 63.47165964821167, 70.46020388494519, 79.4783364183143, 85.94125774612529, 85.1173262377788, 78.11972864303937, 70.0067995888186, 61.56703023547529, 54.91009097357894, 26.60474249537576, 31.438037259925277, 41.120268344777344, 42.36208554790311, 50.83151871336879, 59.70791255239786, 64.2428321009249, 64.92581398012219, 63.10783403033544, 54.21212323873858, 44.18732391550559, 42.33130501149546, 67.7094362855564, 62.304977860788725, 63.849745427217336, 68.5928980505544, 73.18233188924334, 78.72375155407474, 87.97349774363691, 91.57059410814878, 90.07362666657767, 87.51479837933307, 83.0497360952727, 76.80538319870496, 68.40413119039961, 67.59766438262727, 72.26767833474527, 76.57814414033841, 86.09748562373434, 83.2409626463454, 79.0140482677556, 75.34576410565688, 48.63991226293471, 57.346388861619474, 68.4469733000823, 77.51198389094087, 89.01659333260741, 105.62333853890078, 116.0012629069582, 118.02803982876011, 133.0979524217945, 127.78713599541216, 122.62135384367913, 115.16371247857906, 112.67470342319652, 107.01187073635339, 102.51349197444027], [16.57419029140929, 9.583000675588572, 0.0, 11.217082896595752, 8.489107713394676, 12.306892131613488, 18.4959945236852, 58.84219789392094, 66.0626086030867, 75.38374850857745, 83.46432955430085, 90.07952240409757, 82.87332159584649, 75.77253119939454, 66.31742453877732, 32.228095902378556, 28.30929381599303, 23.928760027332405, 21.219737552548622, 22.120565781125716, 18.08463521902737, 15.053821741934174, 17.528242876175838, 22.43140792122708, 28.272607748643313, 65.54369154853121, 72.82371383117183, 79.65709092208569, 88.3472016649438, 94.49135779115802, 93.65304043173433, 87.0562194574659, 79.16777767825673, 70.8134531954016, 64.2895407093092, 36.01516214566662, 39.522604939696635, 47.494694503227976, 46.14789250598031, 54.79050603453348, 64.6411651986205, 70.09338096819974, 71.07499621983347, 69.81504913520484, 61.817538401593474, 52.8586820076362, 51.68487570147881, 67.64572112581205, 63.85199545704587, 67.08118264013369, 72.62247198463348, 77.9378472074956, 83.70847340561511, 92.59349250469073, 95.39848561453735, 93.16668359065477, 89.8878918651272, 84.48541290987237, 77.22364843789883, 68.91449144140822, 70.29191988044924, 75.81040709013918, 80.83427610905959, 90.40813434837678, 86.78876124003024, 81.84863157666197, 77.16615511712837, 41.81803167893373, 49.60366652821969, 61.72285504009302, 71.86851649273127, 84.10117239496999, 101.61153300900077, 113.27171339657093, 118.50265627544613, 134.69443447774123, 131.23863199767655, 126.83281114437081, 120.02777734691111, 118.20096094780963, 113.51407043710424, 109.76229378605534], [25.890484329168295, 19.915119914182643, 11.217082896595752, 0.0, 9.961213446757277, 17.598347715770448, 24.468971977613524, 65.34818317018514, 73.08559833278007, 82.34594218887091, 89.85621811899505, 95.53539174822203, 88.7280606333253, 81.83884785924332, 72.41125151687581, 43.08583819062645, 39.35779314773023, 34.60702712354423, 29.19316479224387, 23.99823409501997, 20.56579311353895, 23.550069288923694, 28.446813722115696, 33.344881818282545, 38.67612353662193, 74.50962883742724, 81.6195766495107, 88.10006270067676, 96.08094422730231, 101.36792861240896, 100.30615739612477, 94.61923168283194, 87.20986553939213, 79.0055336738844, 72.88228122749292, 45.125898323621, 47.01965456916603, 53.36741204867439, 48.63038090351567, 57.247430607543784, 68.27793778164305, 74.2604861536712, 74.99389496451558, 73.9694496642945, 68.19695940158212, 60.26059022440137, 60.15215021260752, 64.59521244340884, 63.10549814268024, 68.23341198916539, 74.35958403725488, 80.12181092983909, 85.68090849777067, 93.51960564319684, 95.58322403334174, 92.91008101102287, 89.01784992121664, 82.83650365134646, 74.49015391350096, 66.38690515857706, 70.53395753673217, 76.77070375928221, 82.23085397455607, 91.04589102866987, 87.01180162598769, 81.57389851497335, 75.94130483361374, 37.05614977478955, 39.54564978808346, 50.964024569359964, 61.813095213207966, 74.82099741110059, 92.90830733284658, 105.67579478723509, 114.58941056157568, 131.1245956988566, 129.73483510829675, 126.25991344636044, 120.32655809249796, 119.45702630791122, 116.46441976717718, 114.44544755536039], [18.74178533771383, 13.538244615358154, 8.489107713394676, 9.961213446757277, 0.0, 8.11042919989571, 16.018467705919004, 57.83838647420602, 65.73382817559899, 75.08520781362918, 82.86799797136882, 88.84121760856573, 81.42624445049748, 74.29731074690078, 64.90596462475892, 36.48840620547133, 34.07982813898923, 31.062869672184092, 29.68954617961496, 29.43120457332375, 25.464050701363558, 23.48666593940121, 24.411003969353658, 27.201394398855584, 31.408135470962982, 67.15615165327667, 74.52885932830107, 81.33874838425734, 89.84984528122607, 95.34850929357725, 94.04832635355346, 87.98367955234855, 80.19167072010194, 71.71188980803423, 65.3969855336395, 36.64726825022748, 37.423058032300496, 43.503969275649155, 39.753084741767594, 48.41571968597128, 59.00252104364685, 64.89705825280373, 65.93499297256139, 65.24207682312351, 58.520287792833734, 51.16826875940727, 51.96999931063345, 59.33215119280808, 56.09326166483508, 60.09022917576714, 65.97256062202871, 71.64262037877297, 77.50801143161227, 86.23530414035322, 88.4485990615376, 85.80111773735513, 82.22429365874795, 76.52263674863674, 68.9882914057644, 60.71467696653042, 62.9321572974309, 68.81265528030136, 74.17066932317253, 83.83206862598006, 79.68120540441825, 74.41066537022814, 69.33957908021515, 46.05655380105961, 48.51481285241145, 56.70361390269592, 65.45606633505331, 76.71601726546291, 93.98917617435434, 105.32713604637412, 110.29815314349474, 127.485885518086, 125.0875560799567, 121.32612693432, 115.50681539524489, 114.60759245425264, 111.72942125836525, 109.94955117427364], [12.891869411600712, 10.53230305724541, 12.306892131613488, 17.598347715770448, 8.11042919989571, 0.0, 8.398869921394606, 50.19679549608746, 58.11862512256488, 67.4863202332169, 75.39420232675592, 81.56434944544029, 73.8710079857205, 66.64132370195819, 57.27980730259192, 30.985330652316545, 30.179837127346254, 29.114256744380768, 31.237851149288996, 34.14538033009431, 30.239085230287593, 25.363258897272726, 22.56785551688288, 22.60890863366777, 25.194692412956307, 59.7226197662466, 67.16944585737578, 74.07523835375572, 82.77504899117255, 88.32776665933781, 86.89853188915187, 80.67459110564451, 72.74128636929697, 64.16333966166087, 57.831197995517286, 28.969767943136347, 29.442088525218235, 36.395800216528215, 34.18003443105886, 42.88402601930269, 52.939907894146984, 58.185919174885306, 58.9728361886938, 57.94642881608789, 50.79506637999153, 43.060092989471364, 44.129453534488285, 57.39381147290737, 52.665260205854366, 55.25781321912198, 60.53355877126135, 65.67623123754396, 71.40471040375706, 80.48443858546422, 83.28130768597329, 81.19515442351768, 78.20008134912509, 73.28719170953617, 66.6350208527299, 58.23836954642132, 58.545989080895076, 63.76427448038955, 68.58692204633682, 78.29109370912258, 74.67965364758739, 69.95956452363733, 65.72637128503091, 52.03834332442018, 54.94753954137301, 61.79963868017458, 69.291762276962, 79.65604425800495, 95.98741862823803, 106.05525209881749, 108.00409565068927, 124.4204063984982, 120.59900425491367, 116.3109638444693, 110.15239852901317, 108.91403306048676, 105.67585453326271, 103.80955839858822], [9.712220877557355, 12.644942711905419, 18.4959945236852, 24.468971977613524, 16.018467705919004, 8.398869921394606, 0.0, 41.87288931466426, 49.81403296498578, 59.16937217833127, 67.01835135310816, 73.21176269186799, 65.57809085489069, 58.38390921869828, 48.98952714177083, 27.317970160610248, 28.447741713480244, 29.365150832189673, 34.028044725287685, 38.64399935005189, 35.09282726090166, 28.960222994704633, 23.522868241372223, 20.56886373712671, 20.786983394699217, 52.15901867896813, 59.47843754310688, 66.21147102050867, 74.69861201569981, 80.05518269510333, 78.55358509217231, 72.47600405702984, 64.67581597442657, 56.16528813994313, 50.048547956042015, 22.33734969908581, 23.581041144608097, 32.59322881111449, 32.024627344817574, 40.547643307196445, 50.005003715927316, 53.96358303694451, 53.791544918912464, 51.64911283840594, 45.082175382992034, 35.85379258502088, 36.49067492327215, 57.698155391030596, 52.08032124975992, 53.256692166663626, 57.570016360605166, 61.7225282291393, 66.7684162698236, 75.50054862596926, 79.27834974139604, 78.27868591748934, 76.08649221061025, 72.20294685713155, 66.39035494309225, 57.949266103206284, 56.735009675486445, 61.028363212267, 64.87021692544958, 73.64412420938723, 71.2433604737735, 67.44064348588171, 64.23705121811705, 56.19645796114641, 59.39403710577032, 65.68856859374004, 72.39800849896227, 82.50332295712028, 97.8007912238333, 106.73862316584291, 106.6175264253729, 120.94580228902599, 115.38857984042738, 110.3845157868182, 103.49695722034905, 101.68341780299744, 97.76460094040547, 95.69142655217703], [43.09041914788107, 50.34477089518446, 58.84219789392094, 65.34818317018514, 57.83838647420602, 50.19679549608746, 41.87288931466426, 0.0, 9.062182195015227, 17.806630281639197, 25.415467841695538, 32.49293148212044, 24.296731291011966, 17.1392405091616, 7.923773484671429, 41.51339300959155, 48.82839706059977, 55.37496543645335, 65.56023301881464, 73.98228114911953, 71.53613150356608, 63.360703998701894, 53.8799512824118, 45.51051489514502, 38.364989079356896, 22.834698076179617, 26.93426692879799, 31.20584968597069, 37.65305747906167, 41.18017817733519, 38.58203218972621, 33.51320735465484, 27.01066101953836, 20.041316014983398, 18.470711553488943, 28.19571625898044, 29.9340844970045, 38.832429974732065, 46.16460889274226, 49.073475262659095, 51.03541089441024, 46.567442894525065, 41.02229035631732, 32.196557431889474, 31.874336157815964, 18.328790668608367, 15.627423058627741, 72.97989860621207, 64.36911281439356, 58.48941871506317, 56.69350976549282, 54.31039248078092, 54.411375120609925, 60.18051847089492, 69.01805813131007, 73.86463694807514, 76.23036362951787, 78.073178780618, 77.4919813804519, 70.71638190389675, 62.17032042473648, 60.643245695948515, 58.33838024858169, 60.79131455934687, 65.41385524427463, 67.19142406719257, 69.89054816471806, 89.59401533583022, 93.23753582311089, 96.44558066812034, 99.34836256430094, 106.77416701418205, 116.67663242568919, 119.70252518549319, 108.05143459466409, 111.85710762584996, 96.68828557687027, 87.66806188174279, 76.98893207542457, 71.47732893122632, 63.090217912780524, 59.85242793530368], [49.94191818259289, 57.26910974264225, 66.0626086030867, 73.08559833278007, 65.73382817559899, 58.11862512256488, 49.81403296498578, 9.062182195015227, 0.0, 9.38681680972826, 18.12886519052671, 26.997068003610337, 19.318183113598312, 13.263854948268433, 8.554257993770644, 45.57138277875151, 53.064614756876146, 60.03402811562366, 70.72934933462508, 79.8917957737555, 77.69030098055079, 69.16383969607205, 59.401068927991645, 50.8850200273803, 43.58408979155028, 17.898557463976534, 19.762480539286106, 22.829227760473152, 28.934259542917925, 32.86196721628681, 30.43194661670582, 24.571517333869146, 18.14419819283889, 12.243902203320847, 13.714896542483467, 34.02260165838593, 37.06973695268783, 45.8858865981514, 54.4956699660175, 56.87864250835621, 57.56531544030196, 52.169660455284145, 46.486287418772584, 37.409346091077694, 36.78326554749386, 24.070770609990575, 18.838186008430778, 81.41381930118152, 72.49032256450444, 65.87825711300223, 63.405943620515146, 60.21108898702134, 59.6345318761511, 64.81918465455938, 74.2983676237116, 79.91376876237582, 82.89894755048759, 85.437676930832, 85.50001857337519, 78.98710913848122, 69.65335486588691, 67.43794177895249, 64.38142844295703, 65.9229168513531, 71.51490795028697, 74.026271083877, 77.41989731648863, 95.61860461800477, 100.7224593840686, 104.82767723851259, 107.91677126466898, 115.45706741179252, 124.97150701148166, 127.49810036615423, 114.60589721024806, 116.48367610756125, 99.390395961743, 89.42775211155997, 77.61041755369766, 70.67926179740901, 59.66214125519099, 53.951646285646646], [59.256387693936006, 66.58388431181164, 75.38374850857745, 82.34594218887091, 75.08520781362918, 67.4863202332169, 59.16937217833127, 17.806630281639197, 9.38681680972826, 0.0, 9.493813103828511, 19.656419293092878, 13.100453999152316, 10.47646592813483, 13.388024158780786, 54.03160155024993, 61.550444581767, 68.6542332587569, 79.4564213852655, 88.73440988650438, 86.66205818114351, 78.14697538821898, 68.356823381306, 59.83549003320843, 52.515090780915486, 21.2709195290864, 19.5473562714616, 19.34290233080742, 22.669019694036923, 25.10941565607368, 22.087718020898485, 17.1408900196703, 13.267916966795166, 12.535381787504123, 18.148304761416313, 43.08281146917074, 45.773532614977874, 53.52996928541017, 62.262018714678455, 63.8278623935923, 63.366324170985855, 56.85208897385831, 50.59175926280327, 41.14574322495854, 42.2865091437749, 31.79848940856721, 27.26874329178013, 88.00551663134306, 79.05028146695261, 71.7540521988798, 68.3925376345544, 64.12210660944184, 62.42352188357941, 66.37566814740946, 76.54142909394263, 83.20235340481918, 86.97432817103592, 90.45903241388696, 91.35238641606097, 85.30662862791881, 75.32803991749412, 72.23579687453991, 68.14744708818945, 68.04027384831103, 74.93603904787446, 78.44094431125018, 82.71677967250189, 103.97673181817633, 109.03649032409608, 112.7463868377062, 115.32868071592546, 122.45395646689558, 131.01727385425795, 132.53356005306645, 117.85726616631874, 117.26676464903095, 98.16797956657089, 87.34389720851651, 74.67412643744977, 66.62542258222508, 53.938268662089904, 47.413769370660276], [67.62775331231455, 74.92254020894043, 83.46432955430085, 89.85621811899505, 82.86799797136882, 75.39420232675592, 67.01835135310816, 25.415467841695538, 18.12886519052671, 9.493813103828511, 0.0, 10.765687320813567, 8.514407649444323, 12.291253502049251, 19.257365440742046, 63.23950429726929, 70.62721706873744, 77.54068982519279, 87.94788132432316, 96.65145271584159, 94.6797049991475, 86.63099172433077, 77.12234049304189, 68.75392408694508, 61.56974416296484, 29.99210070526473, 26.678509640120023, 23.742982578974804, 22.129033857809382, 20.16920132079151, 15.760490335102965, 16.10413481713423, 17.783369724457312, 20.854256670204624, 27.310320012170596, 52.14039598988031, 54.2203719057571, 61.08941599633131, 68.75532209115997, 69.75629906401399, 68.96480665559456, 61.665622467449474, 54.53511393034885, 44.59275331222069, 48.85042625873062, 40.043221612304436, 36.59453808763999, 92.23234812142762, 83.84918586001318, 76.42912415863907, 72.38311159959838, 67.17417924011711, 64.11766382275428, 66.04533747638831, 76.8608402495301, 84.68795701192349, 89.14319785787562, 93.45022648245316, 94.8839718016972, 89.31151942474999, 79.48310949748692, 75.73827577779338, 70.68444753295199, 68.20992081447515, 76.59216836100087, 81.05480171503115, 85.99548014118238, 110.61560128148653, 114.55937810408228, 117.2768412577928, 119.12421046760859, 125.82241383999234, 133.1920045569963, 133.66707507426287, 118.04758826500952, 114.29102404978048, 93.4240418337518, 81.83782446917141, 68.27815759167052, 59.25648435530148, 45.49598670306163, 39.909002471548504], [74.81919898234528, 82.00223070842785, 90.07952240409757, 95.53539174822203, 88.84121760856573, 81.56434944544029, 73.21176269186799, 32.49293148212044, 26.997068003610337, 19.656419293092878, 10.765687320813567, 0.0, 10.407551502058014, 17.536275659409725, 25.384792120258226, 72.31664106627467, 79.55440336928282, 86.13071949814085, 95.91295319589365, 103.6282188203795, 101.66178530179653, 94.30861182551205, 85.23054431187899, 77.07697375950148, 70.07498693506757, 40.62430586871996, 37.3535802745436, 33.76983152732487, 29.499278611317187, 23.399656818518853, 18.207087886196575, 24.156684918835552, 28.14185181598135, 31.540675201426396, 37.74304996598181, 60.42444741007545, 61.379426937526, 67.10629903895318, 72.95620350957361, 73.39279579601342, 72.66149840498258, 64.82385445289054, 56.74029441739629, 46.43905174159846, 54.49406740562844, 47.42324923814954, 45.61952516501632, 93.16434932946261, 85.73713797705082, 78.52415166510234, 73.90826681252601, 67.8747776045362, 63.34365839254663, 62.73050207398964, 74.05575520941237, 83.05339344362191, 88.10719647799247, 93.16838488504423, 95.0362421159524, 90.04167209218338, 80.8265182364145, 76.5500193965583, 70.5969455330055, 65.33186793405902, 75.22845641937998, 80.61027031484993, 86.09213199709335, 115.99233036214926, 117.76772155315892, 118.66812427697761, 119.38885269921289, 125.35926571379788, 131.2491408479254, 130.52298856912088, 114.22997598566413, 107.14628943344464, 84.85589239040256, 72.69674692606034, 58.473221227185284, 48.9008473863548, 35.68486657039729, 34.76760192694574], [67.33980715136416, 74.56730634752823, 82.87332159584649, 88.7280606333253, 81.42624445049748, 73.8710079857205, 65.57809085489069, 24.296731291011966, 19.318183113598312, 13.100453999152316, 8.514407649444323, 10.407551502058014, 0.0, 7.652440225699118, 16.691805661732765, 64.64473985923081, 72.17533118723827, 79.01994100831094, 89.33230385131299, 97.58742485508014, 95.33883985889581, 87.4284755143508, 77.9547027915334, 69.51881022828786, 62.22701990113352, 34.035011059952616, 32.26411363707252, 30.845973564944664, 30.550161695821807, 28.178415730895907, 23.356674352616768, 24.3502400255185, 24.559225336259875, 25.4636388228233, 30.64221852148029, 51.89665547453178, 51.932405702111055, 57.14905867931742, 63.821399151025936, 64.10513192313852, 62.976258661010846, 55.24645670066837, 47.58807803970033, 37.487420740751595, 44.18653578914218, 37.554476816633205, 36.9441041399462, 85.703652542173, 77.40180524797846, 69.75036019937757, 65.28043302313607, 59.626707847185905, 56.06477118007893, 57.62888590737951, 68.49831852222333, 76.5447495721924, 81.2320301969662, 85.9154992795626, 87.80448312686633, 82.59988630958661, 72.5192880176182, 68.37711141665395, 62.90366205568241, 59.87535203283518, 68.53494222461258, 73.34378197676676, 78.65987427622863, 111.51935710984436, 113.45183223824361, 114.1694815811645, 114.92162888152687, 120.55375816521074, 127.24660020479878, 126.99304965769532, 109.97953933240679, 106.83445380248426, 86.40274199220576, 75.24927632845508, 62.79704283060649, 55.11907499637312, 45.09235319197414, 44.44823630642301], [60.15946995671483, 67.38472720356505, 75.77253119939454, 81.83884785924332, 74.29731074690078, 66.64132370195819, 58.38390921869828, 17.1392405091616, 13.263854948268433, 10.47646592813483, 12.291253502049251, 17.536275659409725, 7.652440225699118, 0.0, 9.47084891059772, 57.646127040492956, 65.23576150728879, 72.10648658506297, 82.54949431501984, 90.9761396414967, 88.59502134874126, 80.47705210497054, 70.89092846530046, 62.3859454400174, 55.028610141806965, 29.255472256151137, 29.143214057855648, 29.692004184403874, 32.19348973077715, 32.20117718653487, 28.01533308947916, 26.20516973770613, 23.496545897851817, 21.669280548100623, 25.38252876845603, 44.4567784528375, 44.28706901954453, 49.84338785901939, 56.933207255014004, 57.60314502423047, 56.89021875216591, 49.73428617656028, 42.51710274422267, 32.5037761505867, 37.570230304953874, 29.98116523592559, 29.765781362801384, 80.33646459976454, 71.6537359744315, 64.14399978596946, 60.20571540254664, 55.28835169936173, 52.79365058783161, 56.02361743928484, 66.35785671531933, 73.44929375438036, 77.5539736908897, 81.55775163837765, 82.97565588465073, 77.38517527886036, 67.25936298241466, 63.64658530688648, 58.936379256636805, 57.80193412465892, 65.24100382410646, 69.26252818186794, 74.02882342594748, 105.68232717281148, 107.89950629723836, 108.95226898964205, 110.08583116278479, 115.92914609546786, 123.49092296218117, 124.02554163383455, 107.8526416273083, 107.40289648169663, 88.68225909340111, 78.30721348690254, 66.76525786324592, 60.12199881221555, 51.294693958443204, 50.17376995266635], [50.774824088269675, 57.98097307936571, 66.31742453877732, 72.41125151687581, 64.90596462475892, 57.27980730259192, 48.98952714177083, 7.923773484671429, 8.554257993770644, 13.388024158780786, 19.257365440742046, 25.384792120258226, 16.691805661732765, 9.47084891059772, 0.0, 49.24783631626398, 56.66279829883568, 63.284257112270126, 73.45697560512427, 81.66962917397703, 79.23288021209625, 71.2223483468597, 61.78575364684471, 53.40291723526422, 46.199472318112356, 25.886708402778964, 28.07667848864671, 30.700189018115655, 35.379219909891624, 37.21303216302907, 33.84073746412944, 30.318888521876076, 25.36649542192285, 20.42137518827285, 21.513349796505516, 35.73850125157284, 36.07639976841039, 43.04946913074944, 49.90819092876696, 51.68378935733442, 52.49913691740539, 46.675891650446964, 40.06639386820907, 30.296349706350878, 33.33358662308207, 22.897271576919614, 22.21972395557852, 74.81006205736591, 66.25094975254072, 59.62978222637619, 56.783528993391435, 53.15577220163163, 51.96284536760453, 56.48695156894013, 66.08546851173034, 72.03398728419998, 75.2129560337856, 78.0813887516999, 78.41381646248375, 72.18989758993737, 62.97043120843979, 60.44392904559432, 56.95700989508902, 57.606997410957, 63.61887229339779, 66.47493466119528, 70.15702618362924, 96.61545683315951, 99.12971904731262, 100.96444615498281, 102.86175526357128, 109.45314152732023, 118.16335484090145, 119.9670419962429, 106.26674203978845, 108.10673608023146, 91.44716179339282, 81.88804833516564, 70.90754566872276, 65.08205440067604, 56.9338453867975, 55.161238082519695], [19.14051856151293, 23.33907475396636, 32.228095902378556, 43.08583819062645, 36.48840620547133, 30.985330652316545, 27.317970160610248, 41.51339300959155, 45.57138277875151, 54.03160155024993, 63.23950429726929, 72.31664106627467, 64.64473985923081, 57.646127040492956, 49.24783631626398, 0.0, 8.16352728849264, 16.255109595134513, 29.33463318297666, 42.37656836531079, 39.986067874397385, 28.626945690584236, 17.678901022560485, 9.835818706480211, 6.818445196808507, 38.08865255841616, 45.40136541192317, 52.96421701736617, 63.42753870649871, 71.87637788595818, 71.76698076813103, 62.725347589794964, 53.81339386105957, 45.61905626670294, 38.32626993561237, 16.380220892220134, 27.81097515306955, 40.692603569602674, 49.852289796807305, 56.56285488201342, 61.39458005773383, 63.36882536877081, 63.8365211181306, 60.86183043519918, 48.144203222688155, 35.307958887023844, 28.59480028968545, 81.19459207737792, 72.64215230039244, 70.24740417950215, 72.8878326101059, 75.57122741754779, 80.56005690292525, 90.7744617600982, 96.12004810368973, 96.15663941307473, 95.23127033232647, 92.82316658897302, 88.97546071605564, 80.86198501040826, 75.22871450750822, 77.72057957832624, 80.27312141412251, 89.77773765980815, 88.64382040463865, 86.10905146970238, 84.78721216504026, 65.20105920192653, 78.77077006580998, 90.7904923190307, 99.09527028919244, 109.7596573258244, 125.07119686779171, 133.4606471470208, 129.46969006282805, 142.20123346486454, 132.53197551882957, 125.40146705535862, 116.0123085973066, 111.28859876525226, 101.6678330056473, 93.03164298212923], [19.067497056581626, 20.81351025782441, 28.30929381599303, 39.35779314773023, 34.07982813898923, 30.179837127346254, 28.447741713480244, 48.82839706059977, 53.064614756876146, 61.550444581767, 70.62721706873744, 79.55440336928282, 72.17533118723827, 65.23576150728879, 56.66279829883568, 8.16352728849264, 0.0, 8.309973679329559, 21.684677562704298, 35.4559103185211, 33.2800217861997, 21.699312405444815, 11.49194398135033, 7.886333259042887, 11.83762658114915, 45.54854238355069, 52.58996563352695, 59.903965235944845, 70.05316263386628, 78.52407589800005, 78.65171768385467, 69.75268154539289, 61.0804174892174, 53.11444727353205, 45.96167135437362, 23.490578100705928, 33.971384330504755, 46.151060058300935, 53.880208197406645, 61.11527146187621, 66.79287393706176, 69.61781956048637, 70.43732348854384, 67.81501960700051, 55.27195001434736, 42.958439670340006, 36.566188924885495, 83.96625573815425, 76.18419811145024, 74.85854565407283, 78.18143960244878, 81.4942073644054, 86.80126981188506, 96.97570262009435, 101.90078441632659, 101.4206807068769, 99.97637578986487, 96.85987295092234, 92.25931984896037, 84.02728940100725, 79.6682561599763, 82.83827741060132, 85.99028557925465, 95.76689245259422, 94.09245459001878, 90.99608122409767, 88.93923517911544, 59.11391308218873, 74.67068687858658, 88.62705568919941, 98.07180855409844, 109.5569766258432, 125.69528568975491, 135.14815299384261, 133.4565948090536, 146.90628600461113, 138.22037190900988, 131.40059503753542, 122.09164824469738, 117.50035964610232, 107.84583717322575, 98.84451817116751], [19.905750571327754, 18.80588446861551, 23.928760027332405, 34.60702712354423, 31.062869672184092, 29.114256744380768, 29.365150832189673, 55.37496543645335, 60.03402811562366, 68.6542332587569, 77.54068982519279, 86.13071949814085, 79.01994100831094, 72.10648658506297, 63.284257112270126, 16.255109595134513, 8.309973679329559, 0.0, 13.460341360381058, 27.62365748387025, 25.623790785663, 14.11030152187405, 6.6831492207546885, 11.089765525453908, 18.1544195830566, 53.28591832189069, 60.17376148487001, 67.23623428049396, 76.9495048163557, 85.16216785337123, 85.37823403185492, 76.85501500029085, 68.46080645578738, 60.60605584387986, 53.61133927836712, 30.17219520138601, 39.68140407645715, 51.17926491615863, 57.05394890053654, 64.7881446682351, 71.47842859435478, 75.08424278569018, 76.07127028578456, 73.7058600738409, 61.81331450618998, 49.91978319424845, 44.05950935563374, 85.30533618644297, 78.53574838920234, 78.41767615681373, 82.40593501411318, 86.30715829627323, 91.82134327234789, 101.75872039830895, 106.24340305639971, 105.29441168279432, 103.32408069706098, 99.49794225680861, 94.08135660488037, 85.76530395630716, 82.92644512266091, 86.78284958502631, 90.49185946353604, 100.32201352489663, 98.16608274939188, 94.53245686475256, 91.7123552655174, 51.909017649326415, 68.93097485347205, 84.59040269911593, 95.09432593661602, 107.38191898829712, 124.25121227350796, 134.7556216364807, 135.63890136436393, 149.66820779146317, 142.1550617318636, 135.75466028238557, 126.65715954817459, 122.36798732442453, 113.06785130700476, 104.24155947423128], [26.09269422244177, 21.711221989744686, 21.219737552548622, 29.19316479224387, 29.68954617961496, 31.237851149288996, 34.028044725287685, 65.56023301881464, 70.72934933462508, 79.4564213852655, 87.94788132432316, 95.91295319589365, 89.33230385131299, 82.54949431501984, 73.45697560512427, 29.33463318297666, 21.684677562704298, 13.460341360381058, 0.0, 14.847966585615149, 13.688717989005, 6.324489677755513, 13.511888723178155, 22.125556910107214, 29.896803410679844, 65.32092743266573, 71.94720892711022, 78.56245451092323, 87.47701906790637, 95.13149518462544, 95.45079918863803, 87.65143468964283, 79.77384186707859, 72.13580970348293, 65.45874335764024, 41.54773549163884, 49.94476223475911, 60.57021397423498, 63.597091415749574, 71.88843195891327, 80.01203749682288, 84.4805037700496, 85.43021833133226, 83.19814916522957, 72.72370334594719, 61.18255878231986, 55.85388213513371, 88.30994357628258, 83.36353834158402, 85.06176022490959, 89.87213394272861, 94.4405723456776, 100.01319345325736, 109.2627812893672, 113.19632297956612, 111.75128384628583, 109.08888467868779, 104.31695075233806, 97.68848405130326, 89.34301751367074, 88.97362011164127, 93.72648507547733, 98.0677999691258, 107.5389566744017, 104.92267142118084, 100.64914284610005, 96.7758697088176, 39.719276912339815, 59.325618195404374, 77.9804691151608, 90.22654531575643, 103.89891520187642, 121.71632981260127, 133.82559105140228, 139.037970997223, 153.36062821052082, 147.58483150737806, 141.80583593543946, 132.97439917098316, 129.12137508806327, 120.38980720146338, 111.9742935045637], [33.46987465201437, 27.679442727168063, 22.120565781125716, 23.99823409501997, 29.43120457332375, 34.14538033009431, 38.64399935005189, 73.98228114911953, 79.8917957737555, 88.73440988650438, 96.65145271584159, 103.6282188203795, 97.58742485508014, 90.9761396414967, 81.66962917397703, 42.37656836531079, 35.4559103185211, 27.62365748387025, 14.847966585615149, 0.0, 4.2436705757540825, 14.796993482494335, 25.43008389818777, 33.867784007955535, 41.40992951822021, 76.82627041780623, 83.30348480948815, 89.47631537186861, 97.45413263494967, 104.113035878857, 104.2778582352525, 97.56586147846279, 90.27670588393781, 82.75882717432357, 76.48429004698502, 51.98387505663103, 58.92704659672136, 68.53607834889834, 68.23359268735112, 76.88502752430743, 86.5230649029556, 91.64458785229179, 92.26816457351019, 90.07344227774485, 81.80603114356744, 70.78086166819895, 66.44268460710245, 88.19572201042858, 85.52361045637923, 89.16512656384788, 94.66310280276939, 99.74222905462624, 105.11467581005236, 113.24531303591165, 116.5706297549685, 114.76258979837425, 111.45814000985057, 105.8388895703092, 97.99338590591249, 89.76865534485243, 92.2302634819249, 97.79156553063426, 102.60849956466764, 111.2320670746871, 108.31161246074652, 103.52018798490586, 98.63323926284467, 25.63740261955604, 46.101346935227724, 67.30644969045834, 81.10599356900671, 96.12074291415011, 114.56303963044265, 128.14889521769004, 138.1007735088676, 152.28903020522742, 148.5988331426921, 143.67620404995188, 135.4354736006133, 132.37480229453243, 125.0255647482922, 118.0968269328615], [30.187381859247274, 24.035211495648426, 18.08463521902737, 20.56579311353895, 25.464050701363558, 30.239085230287593, 35.09282726090166, 71.53613150356608, 77.69030098055079, 86.66205818114351, 94.6797049991475, 101.66178530179653, 95.33883985889581, 88.59502134874126, 79.23288021209625, 39.986067874397385, 33.2800217861997, 25.623790785663, 13.688717989005, 4.2436705757540825, 0.0, 11.967163445530314, 22.65906292700266, 31.090788563725464, 38.63046527494725, 74.9038532371053, 81.58914139860613, 87.96027396460636, 96.1833694466103, 102.83927987601714, 102.82353929006311, 96.0357011697089, 88.55486315977147, 80.8279847136756, 74.43091094993605, 48.99244071999379, 55.38643640739294, 64.64139255883501, 64.22579305832082, 72.85456439834752, 82.48741782701046, 87.75983282842758, 88.56273904051497, 86.63801692293491, 78.21956212630857, 67.63283482277636, 63.848126364896174, 84.4043709394805, 81.52857882632483, 85.13628100525776, 90.69956120659977, 95.89570684399635, 101.42616474826704, 109.80032601791406, 112.9560746607622, 110.96538018353925, 107.60753482811974, 101.95469998445748, 94.18702706413806, 85.96339381167499, 88.25016129568485, 93.85367671151454, 98.78568493684993, 107.73292270496268, 104.56751918767509, 99.67640396620284, 94.7683517502567, 28.496617542915402, 46.39676971326501, 66.07308137911025, 79.31361216803364, 93.82044559779432, 112.2190935407495, 125.5463024913032, 134.67839959997517, 149.51956908679003, 145.98297734748294, 141.19617145149945, 133.27406959549984, 130.4709178044276, 123.6293073460058, 117.25336766691056], [21.892014094669367, 16.451536277468836, 15.053821741934174, 23.550069288923694, 23.48666593940121, 25.363258897272726, 28.960222994704633, 63.360703998701894, 69.16383969607205, 78.14697538821898, 86.63099172433077, 94.30861182551205, 87.4284755143508, 80.47705210497054, 71.2223483468597, 28.626945690584236, 21.699312405444815, 14.11030152187405, 6.324489677755513, 14.796993482494335, 11.967163445530314, 0.0, 11.115747295935126, 20.02994718789416, 27.87055957363049, 64.98698219678049, 71.92415921293127, 78.72891143417384, 87.74483586548808, 95.06383623221977, 95.03034581565174, 87.45519994969513, 79.44721226524986, 71.4916540673244, 64.73442057133434, 38.92346525350273, 46.07386715369895, 56.001781975168434, 58.083709225973, 66.45784656163356, 74.97185142652798, 79.80317983250387, 80.9031461741746, 79.05687192310059, 68.94834191844484, 58.17131011914603, 54.03978877506363, 82.15666727983226, 77.40147807573254, 79.46342954623316, 84.5123493882477, 89.35442554549891, 95.09186203820335, 104.4071292168931, 107.96855762983142, 106.20716332395912, 103.33997701298937, 98.35752808524174, 91.5866415578191, 83.26469219779916, 83.25105941329981, 88.23492219622452, 92.83287487861712, 102.53802603717011, 99.52557206096483, 95.01080435874196, 90.90017516059538, 39.83586423159817, 56.39775474084477, 73.37264885022, 85.06530194466947, 98.26296911767453, 116.05325383033922, 128.05189070306116, 133.11905271044984, 148.25416450064375, 143.18385505056534, 137.81508365573814, 129.6103937425738, 126.35874050775283, 118.80487889061523, 111.72423534419663], [14.544014617305535, 12.247632064958598, 17.528242876175838, 28.446813722115696, 24.411003969353658, 22.56785551688288, 23.522868241372223, 53.8799512824118, 59.401068927991645, 68.356823381306, 77.12234049304189, 85.23054431187899, 77.9547027915334, 70.89092846530046, 61.78575364684471, 17.678901022560485, 11.49194398135033, 6.6831492207546885, 13.511888723178155, 25.43008389818777, 22.65906292700266, 11.115747295935126, 0.0, 9.063647138839642, 16.979967887464657, 54.55415272994068, 61.70653655910972, 68.8173133133807, 78.35917521836727, 85.99895040225898, 85.84846148292118, 77.81392124618029, 69.45082704526496, 61.304682297521666, 54.33518166623615, 28.42561843236715, 36.56161881859388, 47.51939388317959, 51.914186629253045, 59.92960207333317, 67.38858949329277, 71.43242448415683, 72.41593775948513, 70.31579322553156, 59.257305151827325, 47.983103965461574, 43.492554562478084, 79.18179627349237, 72.89248959317763, 73.40425574673122, 77.72826449924156, 81.95342489481142, 87.560978285744, 97.3414337531525, 101.45833365533906, 100.22874231121325, 97.99230455304689, 93.86368987555338, 88.1087948970745, 79.76542200768634, 77.67548035886811, 81.87903259826707, 85.87993215206214, 95.72706365238413, 93.22829049275175, 89.31409745578979, 86.13061347377855, 49.46657128802042, 64.0722058263579, 78.50991082021568, 88.67841162671883, 100.75954490112537, 117.64657544977021, 128.2277571501425, 129.69122633994672, 144.2719172506635, 137.64837460748902, 131.71838700158807, 123.22126446869355, 119.58462228610006, 111.56826828914785, 104.24493335219373], [11.258327786256404, 13.824751910192022, 22.43140792122708, 33.344881818282545, 27.201394398855584, 22.60890863366777, 20.56886373712671, 45.51051489514502, 50.8850200273803, 59.83549003320843, 68.75392408694508, 77.07697375950148, 69.51881022828786, 62.3859454400174, 53.40291723526422, 9.835818706480211, 7.886333259042887, 11.089765525453908, 22.125556910107214, 33.867784007955535, 31.090788563725464, 20.02994718789416, 9.063647138839642, 0.0, 7.919092170908166, 46.01284532167132, 53.362552524652, 60.67494059899908, 70.51610067163564, 78.20936724653552, 77.87721393373513, 69.64896709131128, 61.06549430185464, 52.73869326227773, 45.65841009894214, 19.586340531435752, 28.875816122201048, 40.960124185340526, 47.149810473566575, 54.75054688160237, 61.34400611403416, 64.51064036309437, 65.14336485845382, 62.63313597231805, 51.23431468949072, 39.30126511862856, 34.5175397916832, 76.51531262095004, 69.17623735804283, 68.40952935215999, 72.00328807836283, 75.56107809661997, 80.86927706338538, 90.78145022560193, 95.4306508327165, 94.79545264607829, 93.15240190372617, 89.82523675607214, 84.92545059356956, 76.63135735974392, 72.96013879095068, 76.4209314025943, 79.7764892741303, 89.4073357878206, 87.52215559063308, 84.2274719290477, 81.88229206499174, 56.7695992615518, 69.4903820220244, 81.8269874695758, 90.71551349593194, 101.9129296366321, 117.89660434602301, 127.26311160750292, 125.99143632551441, 139.7280322164354, 131.84076167939494, 125.4721282447016, 116.75469497238592, 112.85614907431743, 104.6399463719348, 97.43191731804805], [13.444746797062486, 18.830305947463543, 28.272607748643313, 38.67612353662193, 31.408135470962982, 25.194692412956307, 20.786983394699217, 38.364989079356896, 43.58408979155028, 52.515090780915486, 61.56974416296484, 70.07498693506757, 62.22701990113352, 55.028610141806965, 46.199472318112356, 6.818445196808507, 11.83762658114915, 18.1544195830566, 29.896803410679844, 41.40992951822021, 38.63046527494725, 27.87055957363049, 16.979967887464657, 7.919092170908166, 0.0, 38.82297350020595, 46.377438264256156, 53.879243938951234, 63.98580947309691, 71.67290748706186, 71.13357408886868, 62.7548147425315, 53.96512394436656, 45.449526413890645, 38.27065204324021, 12.025072647329829, 22.827194529807667, 35.959316774201994, 43.86845676898109, 50.900147280091396, 56.54687382815529, 58.77685747517874, 59.02208656741457, 56.08794033526987, 44.436019029295935, 31.7898467510005, 26.703883404077057, 74.74412539427824, 66.52674497095455, 64.55088285159367, 67.39176615647014, 70.2575634431256, 75.2291042298406, 85.21339089603481, 90.35646738097383, 90.29695604891799, 89.22573596028319, 86.67303930667022, 82.59922660495504, 74.4273847171943, 69.31625300418001, 72.02753352609886, 74.72408041985281, 84.07746605361248, 82.79997050243901, 80.12323703463503, 78.59117955632412, 63.43533312749818, 74.61542207801087, 85.16113948712555, 92.91376301761606, 103.2824103968254, 118.39772668811679, 126.65854784235643, 122.95025825342427, 135.87370274163288, 126.85664031725068, 120.10415844989409, 111.21958121408622, 107.10451437123375, 98.77145286809082, 91.77009635468883], [49.11234725404177, 56.10546289573984, 65.54369154853121, 74.50962883742724, 67.15615165327667, 59.7226197662466, 52.15901867896813, 22.834698076179617, 17.898557463976534, 21.2709195290864, 29.99210070526473, 40.62430586871996, 34.035011059952616, 29.255472256151137, 25.886708402778964, 38.08865255841616, 45.54854238355069, 53.28591832189069, 65.32092743266573, 76.82627041780623, 74.9038532371053, 64.98698219678049, 54.55415272994068, 46.01284532167132, 38.82297350020595, 0.0, 7.955243363371987, 16.098601920340975, 27.67877596172437, 36.72968508230512, 36.52259649651734, 26.04276556955021, 16.4650004826204, 9.196025184181096, 4.458228880655076, 31.857092926574595, 38.805991143347775, 49.428214780012375, 61.409425830449074, 64.47153238742611, 64.44438069540959, 60.23179638885719, 56.88320800254256, 49.857671872317546, 42.188263920262315, 28.40249059971812, 17.546286804343673, 92.03620231521086, 81.99381108598989, 75.19601496754969, 73.5243764