{
	"dissimilarities": [[0.0, 7.381008787329346, 15.01742585198612, 23.365923680946427, 15.212431699156781, 7.936633362446515, 2.1198303723951595, 42.700408831395485, 49.99447712350796, 59.397184621396704, 66.616199288178, 74.52801409771531, 66.65629439604353, 59.45825100603651, 51.08863319338322, 24.969609902623592, 25.565093537294445, 26.145517191085453, 30.84191407398241, 35.76857777426015, 32.29944275890758, 25.88984262397364, 20.409863993085377, 17.797913913157043, 18.757715448200134, 51.14037562571481, 58.56723729053019, 65.39516778906865, 74.48612195789707, 79.97086432876682, 78.80450096612542, 72.21258788745834, 64.26009048086333, 55.722684151173226, 49.323594315807874, 21.64672293364372, 25.914132340246933, 34.06387250993501, 34.880218724173645, 43.242257125287125, 51.28478411938832, 55.90359039716272, 56.00072929433175, 54.272592562297845, 46.841407430704955, 37.10838807555777, 36.14191053582151, 59.7921960824476, 56.91190090107261, 58.33273178545825, 62.652729063291304, 66.19861443562424, 70.02582059297353, 76.93076369505009, 78.81104228080999, 78.94616606075999, 75.35678703824318, 71.55839412173812, 65.77682145282475, 61.32982912417276, 62.19388410947932, 66.57496517740722, 69.9455184957749, 74.57464140311481, 70.7412108840569, 67.34732833964544, 63.90228343322092, 57.73762014761742, 59.566068881062094, 67.07464585043675, 76.06426849698379, 83.03293005296665, 93.51043845177239, 103.03471555845732, 103.64840641704018, 117.76265016931944, 118.57788923104196, 112.7369889128817, 104.46659541645538, 102.52562423784971, 100.10423126345037, 98.90943570103416], [7.381008787329346, 0.0, 8.133086198626325, 17.308972225773484, 8.360622209476338, 2.1577835897387865, 7.410558186299061, 49.94586661047692, 57.22538799205412, 66.5853804260196, 73.84239483840817, 81.81077110048352, 73.86220024496495, 66.61050706772168, 58.26987452294739, 28.429077838487853, 27.248173752635445, 25.962443484429468, 28.316511889414784, 31.76953492363771, 27.920711405690472, 22.507312083703045, 19.5142618066304, 19.848006733615595, 22.957655773542275, 57.884019840472334, 65.40708712832043, 72.39020316589246, 81.66464444789291, 87.3056999325306, 86.17328472145192, 79.4619516567785, 71.39155828249075, 62.79655053437707, 56.237701477399185, 27.54005560987824, 30.455060790286417, 37.017240330591086, 36.412140719952866, 44.94252697573142, 53.55528550235576, 59.26205381533494, 60.21501142351692, 59.4361123499437, 51.47070767028039, 43.127786465941554, 42.86704690016014, 59.41645284227517, 57.30749701328107, 59.82776341949786, 64.93621516979432, 69.24149704927422, 73.76758649539676, 81.15009919567649, 82.0412741581949, 81.46219023254002, 77.11167556833865, 72.50559456081372, 66.12021580382499, 61.53487804465048, 63.42223999953152, 68.67465531558173, 72.78523771851263, 78.38508446738672, 73.54043114544943, 69.41552697705764, 65.07793560081159, 54.45247254806736, 56.060818005488066, 63.99436642580793, 73.52046172012369, 80.67244860740328, 92.01059544725764, 102.52353603025581, 104.81124379819292, 120.90906501688393, 123.10051206816507, 117.90066254387622, 110.23302168637056, 108.88212101995416, 107.05961532537687, 106.0833760729555], [15.01742585198612, 8.133086198626325, 0.0, 9.517337805951408, 1.0539342594426835, 7.93534477963308, 14.818135767861557, 57.53214632061873, 64.83375592956104, 74.22088285627056, 81.33276697677779, 88.95817024362998, 81.34111566085288, 74.20365708632012, 65.85769054677552, 34.894041252130414, 32.23022648136344, 28.979934469896133, 27.54791110854402, 27.577153372706803, 23.605237166321505, 21.40744660223645, 22.501583300073843, 25.59991446763083, 30.088866676175975, 65.75503703935945, 73.20778074316587, 80.07724248239637, 89.07330829794884, 94.58528058864307, 93.4840566297117, 87.06505913470849, 79.15673041221709, 70.64690152107181, 64.15237700695108, 35.63471881213028, 38.076594924043, 43.46836723202781, 40.651005237216104, 49.25318997814825, 58.59330033609328, 65.08032253919454, 66.27879901154952, 65.95967115168207, 58.66381651871396, 51.047714614209255, 50.94550648741962, 60.25693271781346, 59.489549287169815, 63.365235382358875, 69.15654480517547, 73.98710329351323, 78.84320926076262, 86.12489873660758, 86.3684206873898, 85.20015525587222, 80.23634829814291, 74.87589709683476, 67.78510049718845, 63.092542675513165, 66.44094011192699, 72.49130424405118, 77.1312695933981, 83.2026649747167, 77.81001784269792, 73.14523739596045, 67.92631635701224, 48.96777173072373, 49.69363521392636, 58.48350172910013, 69.0115020856113, 76.89720310031343, 89.37866480156973, 101.15627814766192, 106.42938543132583, 123.38571419976257, 126.76130521904881, 122.24365428817568, 115.11290400355078, 114.17731473910553, 112.90883186418067, 112.25716162403369], [23.365923680946427, 17.308972225773484, 9.517337805951408, 0.0, 9.411343503924769, 16.88011743637164, 23.0538580641402, 64.93392728177851, 72.23213870237427, 81.64449932403821, 88.45669887031106, 95.42916219261589, 88.45983107666763, 81.58116755518412, 73.24827370934916, 43.137680619248634, 39.59188657125413, 34.972237041468794, 29.8555487055824, 25.028540761516762, 21.57662887264751, 24.358393168727467, 28.95542004123915, 33.584962925147174, 38.700905608460445, 73.94874316718041, 81.20295272387544, 87.75214510194778, 96.11263168628244, 101.24917288955437, 100.1702771674194, 94.37038856139405, 86.84854349602871, 78.54598544111347, 72.29169914072537, 44.65202107767388, 47.17363893337974, 51.98882930137247, 46.91902623822352, 55.508463489529774, 65.55932613907855, 72.44129348007083, 73.36484388131609, 73.06687970255591, 67.22552989135274, 59.763942426598405, 59.4833410955075, 62.46395390215284, 63.328848656925565, 68.51737843319006, 74.76803351294778, 79.83161720862256, 84.65005529552305, 91.3381663531358, 91.31069702762028, 89.7489698438583, 84.40860051982156, 78.47890968360254, 70.73244080973953, 66.00246036292879, 70.93991864675621, 77.57135941721008, 82.46459943998076, 88.49988260104035, 83.04605640124169, 78.1027028307294, 72.17524457151046, 41.99632017439988, 40.791371460305356, 51.002376028780944, 63.04867792489246, 72.23242153133901, 86.02037466052602, 99.18786695041842, 108.3869867381608, 124.99119194085768, 129.25684803994878, 125.41322432394232, 118.74257969007307, 118.0517390182712, 117.28446202269141, 117.05648142417918], [15.212431699156781, 8.360622209476338, 1.0539342594426835, 9.411343503924769, 0.0, 7.889458544216135, 14.866665617128174, 57.58702142695505, 64.88356935169493, 74.2512870281703, 81.34481521709138, 88.96331488900834, 81.33969258539558, 74.2042155701796, 65.87368218251821, 35.590050389203896, 33.07891210947703, 29.952028738482426, 28.595273054525705, 28.452402971759927, 24.490477485884615, 22.448028185511664, 23.457970444730314, 26.366488321161263, 30.676160664530528, 66.1119148592315, 73.57276200662841, 80.43673270201532, 89.41782835639245, 94.83735202302972, 93.67993133465593, 87.33051673310833, 79.43720693906252, 70.91523861749442, 64.44900484065963, 35.89255238176994, 37.98456427775875, 43.12127157820635, 39.93021301307976, 48.53463581398789, 57.96796224022209, 64.5362744332788, 65.7500701876461, 65.51976645405458, 58.3931691429618, 50.99977718926923, 51.14827768230363, 59.25999746254202, 58.57011877519199, 62.54856393916795, 68.39610998839795, 73.275302524149, 78.16991461707612, 85.45851018819147, 85.60921988813313, 84.38065851167396, 79.36679152336082, 73.9559743968105, 66.82523235724432, 62.128834549806854, 65.57495155298508, 71.68647598127995, 76.37352738223007, 82.50479994863487, 77.04406075063893, 72.33142780923082, 67.0446842324142, 49.46517309571323, 49.577253434459244, 57.84997749787457, 68.19109771360024, 75.9609805220977, 88.39512138698774, 100.15582353072008, 105.4628089719893, 122.56966328441132, 126.1070346535495, 121.68149643151744, 114.66594025097962, 113.88413283783818, 112.84567865719917, 112.43882169421033], [7.936633362446515, 2.1577835897387865, 7.93534477963308, 16.88011743637164, 7.889458544216135, 0.0, 7.370271785943179, 50.06352136651281, 57.3379988592815, 66.66422233989269, 73.8645501310767, 81.77995460673561, 73.85530518627432, 66.62159334222659, 58.308540015855634, 30.216485747388052, 29.298362792859827, 28.119058550555103, 30.248991870402573, 33.09037492672112, 29.227321581135556, 24.379026044817724, 21.668321499084698, 21.830584336303282, 24.55934085452395, 58.75784609210136, 66.27617245613017, 73.21620248769717, 82.40641710393868, 87.81851523003343, 86.5654728163875, 80.0482659100795, 72.04181506348033, 63.43872176780408, 56.9684531919345, 28.317209355080422, 30.404230573586354, 36.40420753734322, 34.874737229555855, 43.46924117932107, 52.33889938801949, 58.21330939959822, 59.14730244972463, 58.520631944769114, 51.02484838337409, 43.136057720361016, 43.42695215301623, 57.37681747590323, 55.43599721609083, 58.17570663594009, 63.40077507094503, 67.79519797010929, 72.37884934903326, 79.73938101636097, 80.47137742677927, 79.78218456224857, 75.34043280337922, 70.63810516094, 64.1609605410197, 59.5608082764783, 61.664233657752774, 67.0407537870704, 71.23579925798666, 76.92573365816705, 71.97288739591903, 67.76071798323582, 63.284454899762494, 55.043454180698596, 55.499815755938386, 62.51719118026928, 71.705617084393, 78.66780197466572, 89.91134609882617, 100.39211927705124, 102.81941984732154, 119.12269795251727, 121.62294171295704, 116.61181433015385, 109.17252289135688, 108.12866961501837, 106.78941119359524, 106.34270958916647], [2.1198303723951595, 7.410558186299061, 14.818135767861557, 23.0538580641402, 14.866665617128174, 7.370271785943179, 0.0, 42.77325938445618, 50.063046749323114, 59.427466445262745, 66.59755212447767, 74.47848990932731, 66.6051066504782, 59.41342134403472, 51.07196065326563, 26.80725081945989, 27.581709856545498, 28.163231823508003, 32.572753323073826, 36.961157438180315, 33.435475724252086, 27.461724936087265, 22.337175893381644, 19.795195139727973, 20.479403764508646, 52.027090170557166, 59.45044011243254, 66.24120546437553, 75.26182110548743, 80.51111248179205, 79.21331573684363, 72.8109922555549, 64.9157911089845, 56.366018628181685, 50.05873511132943, 22.415180316611465, 25.622742681367445, 33.18347810117491, 33.13085522446798, 41.57175251803116, 49.86138679912236, 54.64723345279892, 54.73625496677172, 53.173136217233385, 46.18151039671341, 36.95913358717625, 36.670327341015664, 57.717119993844676, 54.94505571234433, 56.53443697718793, 60.957916520881895, 64.590785351918, 68.48488536252621, 75.39644366705191, 77.11677361314176, 77.14932977756558, 73.4765174584985, 69.5993858663753, 63.7494760767201, 59.29100743982308, 60.31316974654245, 64.80021053976462, 68.25134364758773, 72.98208151543221, 69.03220707960473, 65.55577310574162, 61.99465146131514, 58.40359012162223, 59.17572626586589, 65.79116868613603, 74.41805543884357, 81.16671441029939, 91.51373145100801, 100.9688979337582, 101.61746979429395, 115.96883719824585, 117.09109324830808, 111.43159347301574, 103.3911567674561, 101.77637697448837, 99.86540659097578, 99.22989109110488], [42.700408831395485, 49.94586661047692, 57.53214632061873, 64.93392728177851, 57.58702142695505, 50.06352136651281, 42.77325938445618, 0.0, 7.313688535387393, 16.794576293547003, 24.005865345331586, 32.82824429478995, 24.114498460935675, 17.022332633707517, 8.64258942941223, 41.85294259899712, 49.07331784776988, 55.48963782015057, 65.50447587283917, 73.57661429388027, 71.18867259277837, 63.25583509263747, 53.95984501119013, 45.703938492084866, 38.66379646398912, 22.235400099450313, 26.39561528126664, 30.56078724950581, 37.69284889850016, 40.6129453890044, 38.26641539904571, 32.934472295188854, 26.460084245772023, 19.449127574290163, 17.804244391259207, 28.456509125693177, 31.38855193005899, 39.17383681858056, 46.623798870280226, 49.51430210769389, 50.5978582866863, 46.73079286881397, 41.227135007218045, 33.016842332106776, 32.85192320226123, 19.580012845091243, 15.553089166597482, 72.10925175838308, 65.49259461832301, 60.27826668449762, 58.73238536974681, 56.67300096495431, 55.19167410463362, 58.141713133424076, 66.05904008404241, 70.68143618297806, 72.31403159983509, 73.9397565941859, 72.87665021967663, 70.19865377791591, 64.80169610851532, 62.9820280615405, 61.085972810558125, 58.77829237921718, 62.009543050449984, 63.82232769174936, 66.49146212961864, 91.76610237038211, 92.82687426139869, 95.92604250770046, 100.55296494191367, 104.8025877903694, 109.54762503040429, 112.52681231910654, 101.34322029699317, 104.2692194297031, 96.58474756981884, 86.7096467367941, 75.04112211194277, 69.73149529593049, 64.0077189026194, 62.86707555132599], [49.99447712350796, 57.22538799205412, 64.83375592956104, 72.23213870237427, 64.88356935169493, 57.3379988592815, 50.063046749323114, 7.313688535387393, 0.0, 9.512564616247188, 16.839260768008824, 26.27119356090793, 16.98950739932974, 9.927604904897908, 2.3614864289682047, 47.89614429231674, 55.31139542255583, 61.997447906217154, 72.28875847775842, 80.59531114651482, 78.2840358524768, 70.23786551578843, 60.78815687867792, 52.40582195726095, 45.19887251991425, 21.99259063537786, 24.140660670608497, 26.839321302655588, 32.91514734594919, 34.842705192364654, 32.07564784218342, 27.26890376372624, 21.743599038601083, 16.400394899241572, 17.58713689876456, 34.91559011918827, 37.19309956601198, 44.00735614629785, 51.84758931605535, 53.821141571667525, 53.705185850899994, 48.565609004271415, 42.417828200802184, 33.547417039340736, 34.994680996308865, 23.66847570054301, 20.299341383419335, 76.40626767073326, 69.43059848625393, 63.391835678567645, 60.9296103701115, 57.947879850263035, 55.49995020431365, 57.52934048248164, 66.35998663132179, 71.67857802607521, 74.18986869165447, 76.67167601521155, 76.39270330834675, 74.05981508999334, 67.8563689520725, 65.07162369178552, 62.30866979118673, 58.76027708275967, 63.22123429964054, 65.89589368321742, 69.49080043921929, 98.47355964484746, 99.49795397849877, 102.09408233961061, 106.14561556314182, 109.9620951054312, 113.86900884493384, 115.83892874111632, 102.75984992231518, 103.77428148224864, 94.52984305013003, 83.92582558818289, 71.68896477610397, 65.66537298573164, 59.14897872921954, 58.00898541560539], [59.397184621396704, 66.5853804260196, 74.22088285627056, 81.64449932403821, 74.2512870281703, 66.66422233989269, 59.427466445262745, 16.794576293547003, 9.512564616247188, 0.0, 8.035037338714178, 18.94394601280066, 8.194571011181122, 2.106064429786277, 8.442178755889206, 56.37382869669672, 63.96400893945929, 70.9050027569724, 81.48138017678643, 90.00416221993945, 87.72987240556422, 79.55445862130999, 69.94397890836504, 61.43765224537651, 54.07551547374576, 25.618405877970158, 25.111359995769124, 25.46864954149674, 29.445449023183837, 29.423256398390116, 25.871839318060786, 22.447375214445298, 19.271092814120586, 17.63315415010511, 21.89204994109976, 43.62302924796897, 44.952142092534736, 50.493863860487885, 58.57431522833107, 59.437436399160816, 57.89873595254871, 51.348289948394935, 44.61865379079923, 35.408317600091436, 38.77513237941185, 30.2857998296345, 28.134907674336716, 81.78791976974935, 74.4046908638165, 67.4170801046066, 63.86439371976881, 59.79702133156363, 56.201230606157104, 57.06176583979171, 66.84894106842826, 72.96303315045496, 76.54606109466192, 80.07506498241902, 80.79195417459322, 78.91320828834336, 71.75415849321924, 67.80970419096589, 64.01557535833123, 59.00111151683547, 64.89969000172849, 68.60368088488453, 73.30392355012296, 107.62735283205201, 108.37806769400734, 110.13204992772707, 113.35388798133879, 116.50771155207842, 119.3029513738696, 119.94991645884406, 104.33806268346846, 103.13090490848025, 92.04471957214467, 80.6112315239132, 67.86124936959462, 61.17249497990284, 54.02372875392407, 53.377928219586735], [66.616199288178, 73.84239483840817, 81.33276697677779, 88.45669887031106, 81.34481521709138, 73.8645501310767, 66.59755212447767, 24.005865345331586, 16.839260768008824, 8.035037338714178, 0.0, 11.415811475153616, 1.0534669583337681, 7.936870130495019, 15.716509817263502, 64.03037697643859, 71.51832406691271, 78.34596092721797, 88.64918329847535, 96.83972365677211, 94.68366767046939, 86.84083955817974, 77.42795799530893, 69.03674936854966, 61.78331371330245, 31.905767679103338, 29.790776681099487, 27.95930645650405, 28.49872591496618, 25.481421361025486, 21.034286016581095, 21.2724729559476, 21.692970233405127, 23.09042390610094, 28.642008182474722, 51.51564265977373, 52.71920747266721, 57.725014721536674, 64.8873296641381, 65.32180579732746, 63.47687752558594, 56.31618899447755, 48.883022211242626, 39.39317827288098, 45.24275806131397, 38.025036851647975, 36.091624402956704, 86.39578220170432, 79.2156719852641, 72.02698206089278, 67.88884687872647, 63.072005155783145, 58.425234635406824, 57.64515244132218, 68.39361884430431, 75.09886070336366, 79.48378514279558, 83.67951231454299, 84.89597168649796, 83.30859227156242, 76.02369095807012, 71.42953204855624, 66.87778761102074, 60.39904370486483, 67.68569427283177, 72.13658904822803, 77.40824678848003, 113.32403796572648, 113.50156807285609, 114.6182271197316, 117.30403605095883, 120.2446391142843, 122.26325849828125, 122.00944708727148, 105.68828768900892, 101.36320065560372, 88.39786389121373, 76.24561998729715, 62.822820149526706, 55.0858075311402, 47.139232295876575, 47.43882921611621], [74.52801409771531, 81.81077110048352, 88.95817024362998, 95.42916219261589, 88.96331488900834, 81.77995460673561, 74.47848990932731, 32.82824429478995, 26.27119356090793, 18.94394601280066, 11.415811475153616, 0.0, 11.546101876083805, 18.786144236693726, 25.378870347990212, 73.0049942757939, 80.14016300893446, 86.5604884181941, 96.09528529285457, 103.49025839093754, 101.59653293503303, 94.52713040758366, 85.65453659159043, 77.62021800096453, 70.72090183613915, 40.919778140367015, 37.68166642358448, 33.834824178749116, 29.761309364968838, 22.42867346636, 17.24937953720046, 24.00300047819099, 28.33429579460661, 31.82338870712726, 38.00321976036588, 61.07795809091317, 62.85926503160172, 67.90848992850258, 73.43144593483278, 73.93007873790073, 72.56560050115698, 65.32950999237035, 57.10525034363706, 47.3458383158043, 55.78642537929937, 48.656293810140056, 46.14721173793221, 92.78163170825108, 86.35248620309578, 79.54991165880472, 75.18364789793533, 69.8367218848715, 64.15256672583409, 61.14546999017829, 72.93952367317702, 80.11642438392715, 85.16559844613465, 89.7796318434985, 91.13149148301505, 89.73431431865266, 83.00930610621143, 78.12483926023637, 72.9770970394451, 64.90109392030278, 73.66110496221795, 78.69095995771686, 84.1465034983724, 117.72378208437404, 117.21849789122857, 117.98216892577825, 120.3862778548828, 123.56321440766853, 124.99438638061942, 124.07476596867329, 108.72821210611554, 99.54034457141859, 83.98294720242792, 70.95868856517993, 56.33034840064561, 46.242671991053086, 35.971197579094806, 37.55650583452694], [66.65629439604353, 73.86220024496495, 81.34111566085288, 88.45983107666763, 81.33969258539558, 73.85530518627432, 66.6051066504782, 24.114498460935675, 16.98950739932974, 8.194571011181122, 1.0534669583337681, 11.546101876083805, 0.0, 7.826534927841631, 15.736369832625979, 64.37157295271338, 71.87249207776046, 78.68923236773678, 88.97689855901136, 97.10789421251795, 94.91957761288866, 87.0978925309718, 77.69363626819734, 69.29879019270915, 62.03704472776829, 32.554634379603804, 30.59592533904121, 28.907566397065978, 29.542858858906225, 26.426133285754744, 21.91822391055229, 22.293723651928296, 22.619411298628307, 23.818067798111183, 29.222502186265668, 51.647365353440534, 52.589307478491946, 57.39053197172526, 64.4033556440789, 64.7350867964768, 62.828807945325565, 55.603583869669606, 48.09519445472411, 38.59291936572014, 44.786730808905986, 37.87749927165461, 36.31086921255756, 85.69603134459868, 78.50221576993863, 71.26761755355639, 67.06550118750586, 62.18655195301374, 57.473156566376886, 56.632333159670026, 67.40747504000002, 74.14173788254449, 78.57909456463618, 82.83397199989643, 84.11665156994708, 82.56783456353557, 75.23458932960911, 70.57279120044925, 65.96358230465124, 59.410600481257404, 66.76668936859195, 71.27370207354348, 76.60598635015616, 113.59386825832743, 113.51892311469022, 114.36596521439942, 116.89071303225266, 119.70495443233938, 121.6015612374769, 121.23363902591761, 104.72161581802608, 100.43002997173342, 87.53689964512115, 75.42484312569638, 62.09758405138599, 54.59542033080579, 47.121227575233156, 47.98154455901876], [59.45825100603651, 66.61050706772168, 74.20365708632012, 81.58116755518412, 74.2042155701796, 66.62159334222659, 59.41342134403472, 17.022332633707517, 9.927604904897908, 2.106064429786277, 7.936870130495019, 18.786144236693726, 7.826534927841631, 0.0, 8.41146438193612, 57.221266654065985, 64.80730184016886, 71.68685285388338, 82.16955444865248, 90.5069923521175, 88.17626807491911, 80.0977268471944, 70.54595484072271, 62.060071468300656, 54.70983249379865, 27.34750443457646, 27.10615394423718, 27.56823915552506, 31.362272726477222, 30.8747049617798, 27.108197628983802, 24.309582183186816, 21.359119134063114, 19.579147061160402, 23.50854144936059, 44.02281007324811, 44.79502588201219, 49.91096375991137, 57.56718048173852, 58.24715265236269, 56.64813891820808, 49.981159636945385, 43.030550961683026, 33.71511900974781, 37.975278431672386, 30.11229155419883, 28.82310446667194, 80.30468797843021, 72.92852567466191, 65.88046762454958, 62.213855475607076, 58.023090267959155, 54.282233239885706, 54.99417485023844, 64.85753300917976, 71.0292829735153, 74.7104575311399, 78.34542401261933, 79.16905300826069, 77.35912693806267, 70.14511100486186, 66.08097132465133, 62.17282791248172, 56.99112136027432, 63.0456316225292, 66.85910540136844, 71.66258001773241, 108.01640036989048, 108.19980506071843, 109.39246800652833, 112.2927752420514, 115.21950425892801, 117.77777917337437, 118.21173706010285, 102.34037497825442, 101.10640307477243, 90.15099220297485, 78.8050731236363, 66.22618880267403, 59.942959899022895, 53.61322295919589, 53.995632335558305], [51.08863319338322, 58.26987452294739, 65.85769054677552, 73.24827370934916, 65.87368218251821, 58.308540015855634, 51.07196065326563, 8.64258942941223, 2.3614864289682047, 8.442178755889206, 15.716509817263502, 25.378870347990212, 15.736369832625979, 8.41146438193612, 0.0, 49.617720852816525, 57.068281405865285, 63.747224993062375, 74.01970120957314, 82.20629790341361, 79.83079887205345, 71.82764525286896, 62.390993290077546, 53.99792907862601, 46.76491842785528, 23.841658505222558, 25.81374743038021, 28.290822313312795, 34.04894413762384, 35.397719377887405, 32.33735213952835, 28.048297710319858, 22.916239917209825, 18.010389954279002, 19.44485480908708, 36.160598115511796, 37.623892761766875, 43.81419481750093, 51.37669015899148, 53.01508436354229, 52.62570364305627, 47.187342906946675, 40.785673770149096, 31.758050936900805, 34.14297305173634, 23.785509009603434, 21.70003149977714, 75.44365533690771, 68.37155390984061, 62.11989537717508, 59.41924628268643, 56.213126800033855, 53.5484782281774, 55.41941767327093, 64.37917632183515, 69.82541279430039, 72.52984380301906, 75.22618594486049, 75.17162148701216, 72.95258551150984, 66.53381934194238, 63.4998108896549, 60.53141041289154, 56.734505778125076, 61.43707557602349, 64.31354575474785, 68.14146543192393, 100.03174736801125, 100.47879411647395, 102.40745058348917, 106.03589044819019, 109.52621554337173, 113.07690743477407, 114.69201404533702, 100.9847681629792, 101.89448337493407, 92.63661767938005, 82.0439561563196, 69.9444580874143, 64.26584589556529, 58.428898774493746, 58.212409662576185], [24.969609902623592, 28.429077838487853, 34.894041252130414, 43.137680619248634, 35.590050389203896, 30.216485747388052, 26.80725081945989, 41.85294259899712, 47.89614429231674, 56.37382869669672, 64.03037697643859, 73.0049942757939, 64.37157295271338, 57.221266654065985, 49.617720852816525, 0.0, 8.13995636336105, 16.24301029838746, 29.42471054653344, 41.99385606363085, 39.62580012892093, 28.341104345556936, 17.46512934319128, 9.680256823552202, 6.762485624976516, 38.086266539908934, 45.339344647168566, 52.90414991903385, 63.72993195960122, 72.13676371888958, 72.27950962048209, 62.80596809344913, 53.89368728491771, 45.7790623665731, 38.477939494850816, 17.24007596248981, 28.944403785821983, 40.49399309733094, 50.91568717563934, 57.409204368639664, 61.522438655227944, 63.73432056496772, 64.4620867960706, 61.725153130847374, 48.72160989117791, 36.01816633341512, 29.059428434994654, 80.12947081458931, 74.82220651003276, 73.28759351926593, 75.91757017095495, 78.29585218574178, 81.53065620182784, 89.01847448091489, 92.21607595216487, 93.55823327634945, 91.17170737653105, 88.79629172073726, 84.60355275102276, 80.55463865581515, 78.30979837913986, 80.90366426636956, 83.19307920400037, 87.01764922547146, 84.18997761536289, 81.92176308016172, 80.42267987019142, 68.08544956491798, 78.66222106229102, 90.83537242717316, 100.87450883326152, 107.96487462342857, 118.0445594058202, 126.59335935152384, 122.4018291779147, 135.44847254711675, 132.9948557614004, 125.05747782412496, 114.69378544406335, 109.97121150203635, 102.69993683834092, 95.91145039715104], [25.565093537294445, 27.248173752635445, 32.23022648136344, 39.59188657125413, 33.07891210947703, 29.298362792859827, 27.581709856545498, 49.07331784776988, 55.31139542255583, 63.96400893945929, 71.51832406691271, 80.14016300893446, 71.87249207776046, 64.80730184016886, 57.068281405865285, 8.13995636336105, 0.0, 8.335631372871822, 21.835702687382287, 35.093917537721595, 32.94153785045437, 21.427815676136706, 11.295116266953297, 7.80347192879945, 11.829972189327918, 45.574738257991356, 52.572866171016344, 59.88550690369059, 70.29433872654674, 78.79182270670177, 79.13456838352788, 69.8605603499397, 61.18251716145053, 53.28049154567602, 46.111109018716185, 24.222312283293043, 35.0470370054282, 45.91764344894133, 54.824320873127924, 61.85709771405416, 66.82097800691776, 69.90267222743705, 70.95425060511283, 68.57988990482549, 55.77692173871909, 43.59557874204333, 36.96756820604415, 82.89964608458342, 78.3827098038398, 77.84491852309843, 81.1399610116302, 84.05476635947586, 87.67533608643897, 95.25108600542282, 98.00051006273736, 98.89473009785233, 95.95827135926658, 92.92776704540513, 88.10233897594486, 83.86355284157929, 82.63859996295814, 85.96126319979875, 88.76584905224001, 93.08744874041395, 89.72783835703738, 86.94241525625362, 84.69207667592978, 62.00589791199057, 74.5016570863655, 88.65988472785104, 99.84760955542365, 107.7301280585452, 118.84342299946914, 128.49336701140376, 126.5864882910562, 140.3283323213728, 138.5859829568381, 131.01099129498863, 120.81213129292831, 116.09531801971195, 108.73851889759895, 101.53337435748753], [26.145517191085453, 25.962443484429468, 28.979934469896133, 34.972237041468794, 29.952028738482426, 28.119058550555103, 28.163231823508003, 55.48963782015057, 61.997447906217154, 70.9050027569724, 78.34596092721797, 86.5604884181941, 78.68923236773678, 71.68685285388338, 63.747224993062375, 16.24301029838746, 8.335631372871822, 0.0, 13.591538552431253, 27.199046794409654, 25.23150814689495, 13.805071954090606, 6.55814936403327, 11.111377763184006, 18.16953039556116, 53.27481673039619, 60.146363005707315, 67.20294267476018, 77.0899001971107, 85.36597027965304, 85.75465295038975, 76.93391279755365, 68.52896788546958, 60.717110720359614, 53.69126305062247, 30.77951060069724, 40.75187423407386, 50.926215656632344, 57.79645661496871, 65.36016055879703, 71.32170820793792, 75.24387479522768, 76.4190847985319, 74.33295047851571, 62.245306325293654, 50.48575766005297, 44.351489829068704, 84.23411204207727, 80.6838850143293, 81.2551063755461, 85.21388403868171, 88.62519227966403, 92.55142185987971, 100.06189399310331, 102.38843702520744, 102.83118090993844, 99.36239136475044, 95.67586161138006, 90.18215613039642, 85.76839643564126, 85.72020338304202, 89.77720363497835, 93.06065895084176, 97.77727711472868, 93.9717332068419, 90.69892507868578, 87.6705524465856, 54.73666747590119, 68.61516384446487, 84.5203027685723, 96.77905569443624, 105.46473691490601, 117.57489269378259, 128.32262001529043, 129.045272739279, 143.26479982410095, 142.3585659439943, 135.27043680214325, 125.36705883918114, 120.83697641332152, 113.77701323433818, 106.69420468089224], [30.84191407398241, 28.316511889414784, 27.54791110854402, 29.8555487055824, 28.595273054525705, 30.248991870402573, 32.572753323073826, 65.50447587283917, 72.28875847775842, 81.48138017678643, 88.64918329847535, 96.09528529285457, 88.97689855901136, 82.16955444865248, 74.01970120957314, 29.42471054653344, 21.835702687382287, 13.591538552431253, 0.0, 14.242181745893324, 13.190642453549147, 6.425076019987157, 13.82397460446832, 22.32934254386477, 30.020259902939316, 65.28209702795291, 71.92833997312357, 78.52393605706791, 87.47352488829269, 95.23514370956418, 95.65812447777498, 87.69900920656782, 79.80972454124765, 72.18903713961014, 65.465392902006, 42.08478139685198, 51.093560761753196, 60.34343491103497, 63.99911549995434, 72.18333758288169, 79.55302790118138, 84.4554799530703, 85.51258947783144, 83.62753165433418, 73.09576174854016, 61.71089345972085, 56.04511059110705, 87.27053523428577, 85.36109741034227, 87.58361459368497, 92.38592889301201, 96.35328326585687, 100.5092337025809, 107.62203989477976, 109.50731778716988, 109.38018925120747, 105.26037285186776, 100.70752800446257, 94.26544309495458, 89.65229084912067, 91.44813003611203, 96.46349696877346, 100.29176537870696, 105.29734706004176, 101.11052671476097, 97.27134762784469, 93.18749937606006, 42.28511725143839, 58.62915304181023, 77.64740483039925, 91.69300170659113, 101.80812688371502, 115.43382712360639, 127.85033433791827, 133.01983563147508, 147.2683116740315, 147.46714984686406, 141.13053088181803, 131.6718701605744, 127.36194688991192, 120.77499986693988, 114.02023235636148], [35.76857777426015, 31.76953492363771, 27.577153372706803, 25.028540761516762, 28.452402971759927, 33.09037492672112, 36.961157438180315, 73.57661429388027, 80.59531114651482, 90.00416221993945, 96.83972365677211, 103.49025839093754, 97.10789421251795, 90.5069923521175, 82.20629790341361, 41.99385606363085, 35.093917537721595, 27.199046794409654, 14.242181745893324, 0.0, 4.235962821224234, 14.761923877500422, 25.31676078251557, 33.6643410875472, 41.131353635987566, 76.35782742392503, 82.930777677009, 89.13191047881449, 97.16856688987238, 103.99347323643697, 104.18603895424596, 97.36427097606988, 89.99340044881961, 82.4308320363621, 76.04345138992441, 51.97218910007566, 59.667623137687805, 67.80544014786697, 67.84254506015417, 76.4270421790203, 85.17138792358004, 90.90905988900104, 91.64209144168115, 89.96388012078364, 81.59530461644468, 70.8323454235245, 66.11642678773124, 87.06259558270591, 86.96972446545765, 90.85740727961864, 96.39102403160837, 100.79656870744195, 105.045390116551, 111.53847318606826, 112.96040455068056, 112.26853967710632, 107.5909569088418, 102.27055078784959, 94.96613704615883, 90.24860945082837, 93.96980119567287, 99.83412708731787, 104.0963223528407, 109.22679142361747, 104.79616575774699, 100.49433630442385, 95.42779425098031, 29.17926880111196, 45.857674451925476, 67.25621253174536, 82.77513350496118, 94.19497022333402, 109.09002057415073, 122.98257208846324, 132.79946323779217, 146.7642273029351, 148.31489268707446, 142.97705388447608, 134.2934897451248, 130.64221990030478, 125.33256316443708, 119.96377730497129], [32.29944275890758, 27.920711405690472, 23.605237166321505, 21.57662887264751, 24.490477485884615, 29.227321581135556, 33.435475724252086, 71.18867259277837, 78.2840358524768, 87.72987240556422, 94.68366767046939, 101.59653293503303, 94.91957761288866, 88.17626807491911, 79.83079887205345, 39.62580012892093, 32.94153785045437, 25.23150814689495, 13.190642453549147, 4.235962821224234, 0.0, 11.940458597252503, 22.556381649978356, 30.901862762234035, 38.36971126168167, 74.42991406339917, 81.20513307726752, 87.60774664187292, 95.95126738049257, 102.72704214836817, 102.75488632819291, 95.82853081349616, 88.26713573565966, 80.4986931809869, 73.99086428603829, 48.95039087611051, 56.096811136085975, 63.92657386617088, 63.88682723195451, 72.43958772035464, 81.17237306486184, 87.05139976193414, 87.98182471953905, 86.56118349977027, 78.0101744923651, 67.67135169554048, 63.51637076613233, 83.28560947032331, 83.03952406325531, 86.89522637051729, 92.48427078259056, 96.99683592238098, 101.40699320179431, 108.13582272972974, 109.32160803010485, 108.52806767764518, 103.76591541319524, 98.4082938995646, 91.1410015146261, 86.42607669081578, 90.04214030433513, 95.95469418194962, 100.31787404865254, 105.68715257582672, 101.022126239836, 96.62493618924924, 91.52351573366397, 32.23823250216552, 46.378660592378154, 66.13523899329726, 81.04026768618006, 91.94164266521032, 106.56765265071303, 120.21469946639596, 129.25603601612377, 143.95304173902005, 145.8270355402068, 140.59030699899958, 132.1162735001803, 128.8563477600396, 124.07026965062431, 119.27524959806914], [25.88984262397364, 22.507312083703045, 21.40744660223645, 24.358393168727467, 22.448028185511664, 24.379026044817724, 27.461724936087265, 63.25583509263747, 70.23786551578843, 79.55445862130999, 86.84083955817974, 94.52713040758366, 87.0978925309718, 80.0977268471944, 71.82764525286896, 28.341104345556936, 21.427815676136706, 13.805071954090606, 6.425076019987157, 14.761923877500422, 11.940458597252503, 0.0, 11.05207607464177, 19.90040383289794, 27.68432156186664, 64.66447368323955, 71.65345832010202, 78.49076790778372, 87.7121970402679, 95.11349463690259, 95.18628898012766, 87.36689354464728, 79.2929422938332, 71.32493486581964, 64.47904116220033, 39.0577413362281, 46.85007835715511, 55.414772418177066, 58.23935407483409, 66.47080195256433, 74.12026193794438, 79.42462917682172, 80.71357779266573, 79.28010895730168, 68.93363507976714, 58.3639903278066, 53.91523822166229, 81.07034499455388, 79.25907721029982, 81.74237207500674, 86.77243411311326, 90.99143877415233, 95.41417609017441, 102.75885635787094, 104.18548203984128, 103.79053904016376, 99.43681142320743, 94.6868033136155, 88.14412169189686, 83.51994188268321, 85.51450811996203, 90.7647302090976, 94.83099186513009, 100.22529938144163, 95.6321203290171, 91.5579617260261, 87.23410733064556, 43.43178099435347, 56.55237425952283, 73.60295776952442, 86.94086498802888, 96.49817139092038, 109.89749563502349, 122.18238319458375, 127.09275300492502, 142.35014654322703, 143.33942760047668, 137.3904149679158, 128.44872534711976, 124.9291471189411, 119.52353604597569, 114.10096238267109], [20.409863993085377, 19.5142618066304, 22.501583300073843, 28.95542004123915, 23.457970444730314, 21.668321499084698, 22.337175893381644, 53.95984501119013, 60.78815687867792, 69.94397890836504, 77.42795799530893, 85.65453659159043, 77.69363626819734, 70.54595484072271, 62.390993290077546, 17.46512934319128, 11.295116266953297, 6.55814936403327, 13.82397460446832, 25.31676078251557, 22.556381649978356, 11.05207607464177, 0.0, 9.006357187996601, 16.871140521236875, 54.31716650767385, 61.4942230554058, 68.63687378037518, 78.47120384338865, 86.1405926369514, 86.14668188663984, 77.78970607445868, 69.37303050797073, 61.237712045522166, 54.19437309813792, 28.7263924078972, 37.46203469750914, 47.0363062824267, 52.42964426501482, 60.25039203826164, 66.84773972509613, 71.28650737944571, 72.5013582612854, 70.76418125121609, 59.40470422587397, 48.3153516966414, 43.51813410138796, 78.11639331634667, 74.93090168798044, 76.0077176638673, 80.29861894133973, 83.98815428588428, 88.1268340843408, 95.67976289649063, 97.60876547285228, 97.76102348978924, 94.01876629739435, 90.04818087640493, 84.29820664656296, 79.82999067637122, 80.2816281293492, 84.68685009503875, 88.22971942263955, 93.24495975466542, 89.10645617685974, 85.57007447230454, 82.17064115531402, 52.923134183657965, 64.27960390453298, 78.78605360169382, 90.61855403073643, 99.05021269745824, 111.11791886724575, 121.94465698173791, 123.23769519482586, 138.07040297036187, 138.00213462157936, 131.3984851598549, 122.03933711483789, 118.28490665313785, 112.49849732085711, 106.90541039086047], [17.797913913157043, 19.848006733615595, 25.59991446763083, 33.584962925147174, 26.366488321161263, 21.830584336303282, 19.795195139727973, 45.703938492084866, 52.40582195726095, 61.43765224537651, 69.03674936854966, 77.62021800096453, 69.29879019270915, 62.060071468300656, 53.99792907862601, 9.680256823552202, 7.80347192879945, 11.111377763184006, 22.32934254386477, 33.6643410875472, 30.901862762234035, 19.90040383289794, 9.006357187996601, 0.0, 7.8677503233049375, 45.78955237962977, 53.15022552627657, 60.49353985808934, 70.7077842767841, 78.37083642286406, 78.23204970986691, 69.63094026742485, 61.003109959759556, 52.70199521019519, 45.55396210420597, 20.026682868446034, 29.931030660313734, 40.55261760070416, 47.87210899835428, 55.25017504804692, 60.97004167092184, 64.50156338739285, 65.38901810990559, 63.22378114424104, 51.5007397432368, 39.74271131824945, 34.62049555426901, 75.45610587865872, 71.26033002943473, 71.16053798548654, 74.73075603655157, 77.84441743207921, 81.5802373273869, 89.08660241080936, 91.56616098299112, 92.24711923298685, 89.11898274191846, 85.88469431211696, 80.8328114403545, 76.53981389676085, 75.76736871200082, 79.36781045923904, 82.34959432827594, 86.83007147848015, 83.27626193955703, 80.3055858890131, 77.75335956919169, 60.06907932145263, 69.67267420952973, 82.0654094997991, 92.63848121065243, 100.20808825873142, 111.11524774780074, 120.68990251503263, 119.27231424093557, 133.288351075654, 132.29005224533313, 125.18760862740619, 115.52620110701918, 111.62330027902996, 105.70022033295157, 100.2805870294303], [18.757715448200134, 22.957655773542275, 30.088866676175975, 38.700905608460445, 30.676160664530528, 24.55934085452395, 20.479403764508646, 38.66379646398912, 45.19887251991425, 54.07551547374576, 61.78331371330245, 70.72090183613915, 62.03704472776829, 54.70983249379865, 46.76491842785528, 6.762485624976516, 11.829972189327918, 18.16953039556116, 30.020259902939316, 41.131353635987566, 38.36971126168167, 27.68432156186664, 16.871140521236875, 7.8677503233049375, 0.0, 38.586217870013186, 46.14011420403173, 53.67365959870242, 64.2409989096499, 71.83144749420039, 71.5225652907163, 62.720966117814996, 53.89563566890934, 45.41964277270439, 38.178022178327794, 12.651073293563712, 24.029826118741813, 35.626703786030056, 44.75630344741275, 51.54948259680337, 56.324111465664174, 58.89171497304901, 59.41334504758945, 56.80728927414842, 44.81729251335544, 32.34036977395459, 26.870492803687206, 73.68876747835358, 68.61172328925012, 67.39708683148226, 70.23347300319884, 72.75507329516485, 76.06511349978862, 83.48120609150098, 86.4868137386872, 87.6731184175054, 85.1496323649474, 82.63281291038908, 78.27075183264026, 74.18114390788033, 72.27365663492785, 75.0708711710069, 77.48447238921932, 81.41110431052296, 78.45312898826283, 76.05292071008725, 74.33138243649842, 66.58890462580231, 74.7588776660525, 85.34738765683281, 94.78942604834315, 101.57555738472686, 111.41592135890363, 119.84378587456395, 116.00795995949227, 129.2200957425612, 127.37991636212458, 119.8396635723143, 109.93186867188032, 105.92520520681553, 99.94024421813847, 94.77754037415282], [51.14037562571481, 57.884019840472334, 65.75503703935945, 73.94874316718041, 66.1119148592315, 58.75784609210136, 52.027090170557166, 22.235400099450313, 21.99259063537786, 25.618405877970158, 31.905767679103338, 40.919778140367015, 32.554634379603804, 27.34750443457646, 23.841658505222558, 38.086266539908934, 45.574738257991356, 53.27481673039619, 65.28209702795291, 76.35782742392503, 74.42991406339917, 64.66447368323955, 54.31716650767385, 45.78955237962977, 38.586217870013186, 0.0, 7.912139155665173, 16.026272007319918, 28.279946198685845, 36.87110945022996, 37.005340603749026, 25.947134038387926, 16.422834946872783, 9.211727643992141, 4.5350008258890115, 31.82788904396652, 38.97681328085508, 48.65376221972008, 61.49319325930033, 64.42485025795186, 63.867334204135915, 59.85784373904644, 56.69387931153347, 49.90289668265209, 42.1705174132877, 28.48238877192222, 17.5525034