{
	"dissimilarities": [[0.0, 7.357866020375061, 16.241365571156567, 25.066061154859675, 18.008533011962022, 12.027271032627391, 8.595668248041568, 42.984939724073605, 49.97577291717107, 59.340601113878556, 67.62991816531344, 74.78024316059016, 67.22745976856908, 60.03595906492576, 50.631499957644166, 19.958579026682308, 20.05971481550929, 21.841244320636765, 26.835838432785547, 34.4272636223888, 30.60533954415829, 23.143511214366004, 16.35097208626955, 13.31663477880917, 15.068423880505652, 49.429411188764135, 57.18079144696616, 63.82760945735742, 73.08455129565031, 79.05189446023829, 78.2617687050706, 71.1826653813347, 63.32036066584528, 54.558104867990984, 47.97769226262451, 19.918300921807916, 25.952388618406015, 37.14286583215364, 38.8395442206072, 47.00132195713723, 54.99116206329845, 58.90411123836762, 59.15271490494891, 56.891676209671495, 48.63518632218335, 37.67266611513367, 35.29915253560614, 66.02971810225436, 59.98464245838618, 60.61821060627075, 64.70334358160615, 68.48259296375475, 73.46007666225039, 82.51923602215408, 86.75269370698203, 86.92413369869112, 84.1072366927035, 81.2944546651606, 74.72155251927695, 66.21778225977738, 64.28497294416294, 67.73842320576277, 71.9095533221869, 81.14689940009337, 78.7566811195775, 75.13992337234271, 72.28149804045472, 53.922810715932876, 61.76743483923322, 73.17434519645312, 84.04854789729491, 90.7784042834061, 105.88113830189666, 113.39824709332936, 114.32957344043191, 128.07638408874732, 122.53596202201234, 117.00081690184822, 109.6061978634088, 106.54767601893604, 100.309170814892, 95.97275646815136], [7.357866020375061, 0.0, 9.578324265346208, 19.778351815895608, 13.604076470339983, 10.599181108740902, 12.678412754481768, 50.331741150080845, 57.24665753786668, 66.58834631615225, 74.9427477575966, 82.11559397442691, 74.58255278576793, 67.37799903856917, 57.97905850733423, 22.973377166784797, 20.49448548846555, 19.60390465820455, 21.770744922849424, 28.62204972626254, 24.412101994249188, 17.33782249604682, 13.128264484895482, 14.416783309284147, 19.167994053052837, 55.92197460800086, 63.64246779653484, 70.42383892837704, 79.77393646929666, 86.00241294945533, 85.32617752426158, 78.12433654128264, 70.1541336993729, 61.452794270706185, 54.730563459189064, 26.261629882293942, 31.492894928959583, 41.324430241903954, 42.10074228312463, 50.45087579871678, 58.876763994463104, 63.70206223791204, 64.63125674280438, 63.08441602182962, 54.2650190925792, 44.263578111540205, 42.14979637109146, 67.58496330427171, 62.29004986881075, 63.899167308015265, 68.6718946870509, 73.16778111642641, 78.65419348865852, 87.97460785820013, 91.5627534781713, 90.94567189170982, 87.57287109794554, 83.99188261447952, 76.80563328657236, 68.21331861006347, 67.4759117660937, 71.60430369030836, 76.46776366171058, 86.28029566271385, 83.15428834919724, 78.88214032901826, 75.27575796232489, 49.25663222226819, 58.22717333769522, 71.0751159675625, 82.84628789357639, 90.03073736625221, 105.99546351022673, 114.5230430656296, 117.27653412234282, 132.44483782303632, 128.083198890154, 122.99917287810584, 115.92782241699463, 113.23365976784088, 107.25681037660586, 102.77399334760021], [16.241365571156567, 9.578324265346208, 0.0, 11.069130603142828, 8.497245045612253, 12.16456674989019, 18.447931092654756, 58.78718978782879, 66.0066357868835, 75.39067960838058, 83.48348882005256, 90.14440691993538, 82.86075535418713, 75.7415501301426, 66.2942557646111, 31.866911268581724, 27.969119602498555, 24.53264849244708, 21.188998003337534, 23.259944432095402, 18.408046048485897, 16.018490754812422, 18.185097802467602, 22.83978164093523, 28.544039727018333, 65.33278382624742, 72.96463928529235, 79.60329214527248, 88.60484176963399, 94.52709203094807, 93.83602629944478, 87.02604284347333, 79.29561801816817, 70.66172706495868, 64.07560994581436, 35.66660759432966, 39.5715307747712, 47.69598508885046, 45.82446316919479, 54.345903807218434, 63.74905742598545, 69.51619036666884, 70.74486660900267, 69.78368053307075, 61.86546928178011, 52.93354466840777, 51.483026418747635, 67.3537665531638, 63.827704025096175, 67.13500533561852, 72.70907906234252, 77.91715729345967, 83.61773508825797, 92.60133946369602, 95.3664839810967, 93.9615972337598, 89.97156889137719, 85.34926630693198, 77.18162523719764, 68.53329353851552, 70.13357441334016, 75.25723075969896, 80.69456227284, 90.42980477268627, 86.64441592603343, 81.6460208483807, 77.0378966205808, 42.46347661857255, 50.522316674189774, 64.41652704676794, 77.16394371842026, 85.0789756817148, 101.97228558427993, 111.88729412366645, 117.91403528692939, 134.1020205614947, 131.50654454876056, 127.17032708960109, 120.65868385652459, 118.70650043476094, 113.72859968189277, 109.98521360492143], [25.066061154859675, 19.778351815895608, 11.069130603142828, 0.0, 9.649939872694084, 17.111609642961618, 24.239039717876846, 65.1724699191059, 72.92094979452511, 82.30945862689762, 89.81220360794187, 95.50391685508771, 88.63030668579029, 81.71948254993329, 72.30526904110859, 42.567294650334624, 38.85976195797054, 34.963255713271174, 28.981683741188867, 25.130097012318853, 20.567481279207378, 24.206170378374395, 28.869226865624945, 33.62969743383421, 38.88733635431836, 74.15963588497361, 81.69538548152117, 87.95863082167149, 96.2921975017046, 101.34288932893814, 100.46460537590903, 94.48981854416971, 87.295470897083, 78.71821554676787, 72.52058007931866, 44.597314341468696, 46.942234782410324, 53.4477252402875, 48.06695743902353, 56.54909292870523, 67.09031355324359, 73.45728225008914, 74.47755854600275, 73.8445691736327, 68.12360209029629, 60.242196013715365, 59.80508215973277, 64.08151548199612, 62.9808208536796, 68.20098599709158, 74.37165575660538, 80.00235747735272, 85.47513555539253, 93.49910744810975, 95.45840449483524, 93.53120760992822, 89.09390527266255, 83.50970911541953, 74.31789411779202, 65.73294825092641, 70.21633300825776, 76.31743546966565, 81.95256497326943, 90.83030103150203, 86.69500726025889, 81.16615443871977, 75.63805644098939, 37.78293613978226, 40.5879936712198, 53.84202373856505, 67.16199044680734, 75.80744010273155, 93.32744801949933, 104.50482534595109, 114.28605845924959, 130.65927338305698, 129.99440302067308, 126.57073413814044, 120.80730276385573, 119.91604966477588, 116.67177990355607, 114.6433327855084], [18.008533011962022, 13.604076470339983, 8.497245045612253, 9.649939872694084, 0.0, 7.954543218684149, 15.99881593897561, 57.807063045058406, 65.70552248358089, 75.122318095238, 82.80226852202388, 88.90554514819121, 81.43061441784991, 74.29046688086295, 64.90622542113306, 36.26162371432274, 33.88336124621672, 31.874000812457318, 29.68171002038838, 30.52494667436859, 25.63513510992671, 24.499396236372867, 25.305379958807453, 27.94009158340244, 32.01863286505988, 67.00654680793593, 74.83263021065912, 81.32432853628795, 90.21836583643113, 95.38709420102326, 94.32816665279387, 87.97535509313565, 80.46294063641646, 71.60360567904684, 65.23814707244256, 36.390857882121516, 37.59176013280594, 43.861377623362884, 39.45981814862882, 47.9958668787028, 58.12004649705457, 64.36578231650843, 65.65141655255516, 65.2691107793658, 58.68409972844032, 51.335813289501914, 51.83633192607036, 59.03307983623862, 56.127267113708115, 60.236451338849555, 66.15297529649426, 71.6933634409445, 77.46102394092483, 86.26988082643061, 88.43863264392893, 86.59945276063252, 82.3673227740322, 77.39572463576513, 68.95933125073475, 60.312319819480884, 62.81512380546872, 68.412809055271, 74.0730872984015, 83.78049839016012, 79.55124383089525, 74.21732912767229, 69.2252201194602, 46.49269170702608, 49.07716979907384, 59.28812311565109, 70.68805437168096, 77.66580647923017, 94.27602115455558, 103.79078903619768, 109.70293242280063, 126.82035893338309, 125.31440525715131, 121.62479519701942, 115.8159929203723, 114.99492927508923, 111.8943620816217, 110.12780116384752], [12.027271032627391, 10.599181108740902, 12.16456674989019, 17.111609642961618, 7.954543218684149, 0.0, 8.398800416233382, 50.21897639268888, 58.14604824530338, 67.55316964977574, 75.30732324676333, 81.64574718363963, 73.90927653743417, 66.67883143936821, 57.31602261363513, 30.937147123658853, 30.15281693309534, 30.12161908811739, 31.246939991989773, 35.00597097982991, 30.322727426018215, 26.334607164989972, 23.640398972379256, 23.636809340700662, 26.105668969741018, 59.68583718524417, 67.60858664260972, 74.12664030687412, 83.21304676883086, 88.36959567429903, 87.21236719036669, 80.7141112762253, 73.11093006258331, 64.14529477718041, 57.78097459153583, 28.880793258701814, 29.84908663329366, 37.03212703163463, 34.06832872728767, 42.65464341145843, 52.26964916564379, 57.84691581146867, 58.843759201052656, 58.07659485375033, 51.17614849842426, 43.391594145542285, 44.125188243631015, 57.26228649325799, 52.79527273829401, 55.54059614290889, 60.84818766495931, 65.85324455385042, 71.45697699017862, 80.53706220743535, 83.32486899028108, 82.11704741147804, 78.3866226030082, 74.28325701173233, 66.66418384239154, 58.0246029645352, 58.55584124662937, 63.39591134663593, 68.60366503456797, 78.38174431653944, 74.64613113839118, 69.88028112196226, 65.70767198619279, 52.195596419046936, 55.15064225178774, 64.02228895005365, 74.28966085470894, 80.44769244763246, 96.09866457238901, 104.2653575041698, 107.23121218664848, 123.57778377760062, 120.74206422920976, 116.53775610912811, 110.39188521057599, 109.20734622261288, 105.74542965705207, 103.9115910215499], [8.595668248041568, 12.678412754481768, 18.447931092654756, 24.239039717876846, 15.99881593897561, 8.398800416233382, 0.0, 41.862441218823456, 49.80455650810037, 59.21209197255251, 66.92538975982029, 73.30085574928835, 65.59668086435768, 58.39180840058731, 49.001426301363956, 27.12733379350077, 28.31120937220028, 30.26343908205718, 34.04573969529233, 39.46572777728785, 35.24408589955781, 29.785519253439535, 24.452928126958252, 21.54077192604907, 21.69921810771994, 52.02744026989643, 59.882116265290286, 66.21583072084324, 75.14412398801745, 80.10027811137792, 78.88128694302986, 72.48734856765014, 65.02204735368551, 56.077187336550296, 49.905648777774736, 22.05702071937545, 23.891424511446566, 33.10361642336894, 31.777348294876273, 40.17058197672725, 49.1264067401687, 53.44254647926602, 53.52942071140605, 51.710259513586905, 45.34407554548719, 36.11531323720349, 36.37286775200664, 57.70168774584704, 52.1413832980876, 53.445122380785676, 57.79620074965986, 61.81394765447143, 66.7511109234909, 75.53305834975008, 79.28909390518918, 79.19727908914888, 76.22951905138727, 73.1823712868338, 66.39559553876316, 57.86283548231063, 56.662150010341925, 60.53955342410324, 64.80760108025086, 73.8448706584572, 71.15616718935934, 67.30096442277461, 64.17164438197499, 56.51858494489518, 59.81570207918882, 67.99697152453392, 77.5281257450809, 83.40368098792389, 98.03955151362159, 105.0697659600734, 105.86352058504141, 120.16616996512283, 115.60833738217504, 110.69089455284598, 103.97299575424152, 102.09058996118625, 97.91775487579324, 95.86786838714868], [42.984939724073605, 50.331741150080845, 58.78718978782879, 65.1724699191059, 57.807063045058406, 50.21897639268888, 41.862441218823456, 0.0, 9.073284149713047, 17.88892602739857, 25.16474396883994, 32.59794548673979, 24.30542076192414, 17.157190707957582, 7.920213417841593, 41.52188305703943, 48.85191367463046, 55.86807012254915, 65.57832793990666, 74.34590759216978, 71.60187838924755, 63.70562622537211, 54.2679931415036, 45.93722167002599, 38.84744575696271, 22.738334703236646, 27.82211565419354, 31.26416253348509, 38.422132809051064, 41.176644913918196, 39.07945520612255, 33.53432220165176, 27.76800795410474, 19.95103872964067, 18.31774606921359, 28.16108343760039, 30.2989036650844, 39.39604265423565, 46.140425308908384, 48.951341480393495, 50.46897340142834, 46.22535893601289, 40.88201879935415, 32.3913020136578, 32.459645286441734, 19.005954229609834, 15.629539595677732, 73.60038503171008, 64.47219128450703, 58.74060065934349, 57.00578922860756, 54.513963143433116, 54.47615908383113, 60.20223676179404, 69.06012151360682, 74.93832260870282, 76.37992944999317, 79.0860726256583, 77.54014991825191, 71.3110368564094, 62.20695482195118, 60.1198380323674, 58.371888950702875, 61.811016458852606, 65.40694279230199, 67.16113276731693, 69.912398897749, 89.69156468144506, 93.40096162199873, 98.03247290195715, 103.71591086874409, 107.42261618027537, 116.75743614402306, 117.9541846051939, 107.11105507414554, 110.83166633793348, 96.80797891947722, 87.90324168695565, 78.15230786470494, 71.89055198937467, 63.09777809456129, 59.921482420085646], [49.97577291717107, 57.24665753786668, 66.0066357868835, 72.92094979452511, 65.70552248358089, 58.14604824530338, 49.80455650810037, 9.073284149713047, 0.0, 9.421552815613252, 17.98499831134738, 27.144340020257136, 19.322522993691507, 13.265551007183682, 8.508638396045987, 45.57880125827416, 53.08714710736487, 60.40206941742589, 70.74918553354165, 80.17389469389371, 77.76640012061283, 69.40548949539618, 59.658537666753595, 51.15124108549168, 43.868070672535055, 17.76695561900806, 20.673654631971655, 22.877348326779725, 29.742218353890454, 32.85289443834395, 30.887574849320576, 24.5969657702711, 18.94492387473378, 12.09997953002938, 13.514242990196601, 33.9987112232317, 37.32571933451706, 46.317311162189775, 54.48453100859225, 56.78791564869198, 57.09332524316316, 51.87621351121866, 46.36841018677375, 37.55023654592351, 37.241013757513, 24.521614947771404, 18.826698059826157, 82.06943577300086, 72.57109430402507, 66.07678816589642, 63.65551205155391, 60.373912281578846, 59.68725708771664, 64.82217356997728, 74.33918828494535, 80.97434197149235, 83.00973448173488, 86.4333845389381, 85.55391855812438, 79.63223732477603, 69.68735075323566, 66.84067594065213, 64.41074717637437, 67.06474346464097, 71.52767754477988, 74.0227179377596, 77.45558728871247, 95.73392476527792, 100.95764255993676, 106.40857354862467, 112.26227079063037, 116.10400579906748, 125.07165442290854, 125.81243428457, 113.63783561214613, 115.48066640542577, 99.52717108837344, 89.68291037422492, 79.13020265091141, 71.19186501096992, 59.68984546944796, 54.046330957411286], [59.340601113878556, 66.58834631615225, 75.39067960838058, 82.30945862689762, 75.122318095238, 67.55316964977574, 59.21209197255251, 17.88892602739857, 9.421552815613252, 0.0, 9.557122477802094, 20.22331563247345, 13.273694414486235, 10.529667807685007, 13.458092739268295, 53.93043136627737, 61.4969964375475, 68.9321917853157, 79.5162909741527, 89.10468427257106, 86.84323701797061, 78.38702800682522, 68.55245560883003, 59.99723581226576, 52.645970696802266, 20.866473876128328, 20.145063308140408, 19.23192256818909, 23.74385524863172, 25.368949064509966, 22.947224979844012, 17.234351646758924, 14.084216150073173, 12.118109909314075, 17.72179964091926, 42.94330194175396, 45.777130757656394, 53.623856010357265, 62.14166670596776, 63.59179251413591, 62.681042288630536, 56.29297057931, 50.25327130618569, 41.09753206266437, 42.2983027565142, 31.845053233420384, 27.04736062759522, 88.72738519796685, 79.03511297160198, 71.76723952156165, 68.43217255071059, 64.08639192456842, 62.34300108694597, 66.36767108819062, 76.54889752085147, 84.15888734787033, 86.9930737393216, 91.35396715575025, 91.3932172512697, 86.02173690123867, 75.2440697729972, 71.49646270842689, 68.0405215407409, 69.30090299824586, 74.89173515896293, 78.37486128532886, 82.70678251425434, 104.3549632265196, 109.58974436007564, 114.5655574729142, 119.85124443493784, 123.33030066297067, 131.38464400496136, 131.13250253334243, 116.95826394984545, 116.52165771355185, 98.59538983480826, 87.9192266338183, 76.80716199676249, 67.61767838025612, 54.48528537830838, 48.04022180133497], [67.62991816531344, 74.9427477575966, 83.48348882005256, 89.81220360794187, 82.80226852202388, 75.30732324676333, 66.92538975982029, 25.16474396883994, 17.98499831134738, 9.557122477802094, 0.0, 11.21448670220715, 7.4138827110717775, 11.31955146092989, 18.78837918563951, 63.259540042349705, 70.73845216154686, 78.01319057981337, 88.23521550756385, 97.24899523927662, 95.02177093608447, 87.04133112153531, 77.46552967050872, 69.03618842677069, 61.79026858123854, 29.90991483063852, 27.62996459500582, 24.313229365192836, 24.213694019061574, 21.416599955212945, 17.85027085520007, 16.948699407428762, 19.05976144949422, 20.785307397544692, 27.114037677966117, 51.88568107773463, 53.85644463336604, 60.58066135810626, 67.95764270503746, 68.71757069401504, 67.35402708405628, 60.10499108264485, 53.15115915345915, 43.55057376067326, 48.07529753577953, 39.621233784976134, 36.26757117602741, 92.2362797364585, 83.02083260868541, 75.55898692486186, 71.4708490510379, 66.10478658552981, 62.93694652518449, 64.99450339044942, 75.78585304988243, 84.53515708695726, 88.18387138186242, 93.32408076796064, 94.04856731626714, 89.26586586677031, 78.47316108580564, 74.1395119967142, 69.5144584160225, 68.49157281868916, 75.46174520680279, 79.94767360530379, 85.03327527296823, 111.27645590771851, 115.14528202842104, 118.78615002124617, 123.1169582130924, 126.17571375345605, 133.00309005963962, 131.7112303364575, 116.35003181798545, 112.79761524037093, 93.1012708363333, 81.7192219705471, 70.11875544665592, 59.94812943018538, 46.21649141908556, 41.32460346610422], [74.78024316059016, 82.11559397442691, 90.14440691993538, 95.50391685508771, 88.90554514819121, 81.64574718363963, 73.30085574928835, 32.59794548673979, 27.144340020257136, 20.22331563247345, 11.21448670220715, 0.0, 10.67725944082797, 17.80648649875402, 25.602334174897823, 72.42874101914805, 79.66641352767301, 86.55717784361437, 95.99462441701961, 103.92881634870326, 101.72958156211715, 94.63189764985339, 85.60359419644041, 77.48455075814488, 70.52751407720976, 40.68800658626287, 38.20648019952828, 34.02020711074814, 30.56575271942769, 23.420838957079958, 19.267044680590224, 24.230363656611782, 29.109706384573567, 31.564852764283902, 37.75848791898846, 60.51324524537487, 61.79945972091903, 67.71741032868628, 73.03394937289615, 73.39135925706569, 72.30195970114512, 64.67401337323281, 56.74795991934431, 46.81772408285575, 55.15869279025662, 48.01059360954475, 45.772832170355215, 94.06367887978801, 85.95941118586657, 78.92062215115328, 74.38500198920845, 68.24570983212931, 63.537923361260944, 62.92426158978439, 74.16947091169952, 84.07604745210858, 88.43875008034804, 94.06790847139968, 95.12859091940153, 90.89927554576167, 80.96385787165997, 76.4596531532767, 70.74087805600274, 66.78856713889654, 75.23434213692434, 80.5898108617547, 86.14875386656935, 116.02031276204325, 117.80621735389532, 119.76149307053842, 123.0166007067729, 125.78901747548086, 131.2472351760505, 129.07847152072284, 113.71795983763477, 106.17760856426739, 84.85294468826487, 72.78887721271828, 60.5700508858302, 49.28690747382528, 35.409333890826524, 34.60955367199869], [67.22745976856908, 74.58255278576793, 82.86075535418713, 88.63030668579029, 81.43061441784991, 73.90927653743417, 65.59668086435768, 24.30542076192414, 19.322522993691507, 13.273694414486235, 7.4138827110717775, 10.67725944082797, 0.0, 7.684940460766175, 16.71631953518839, 64.6565465363359, 72.20210989786058, 79.4375119989228, 89.36960289411104, 97.9420126839422, 95.41979978765492, 87.752990320314, 78.29827493872118, 69.87746366038239, 62.60890446933392, 33.94375120260572, 33.11747589567016, 30.895304609505214, 31.615172547491866, 28.181038725159052, 24.336685238471034, 24.349262193738213, 25.539177642770902, 25.355076033901753, 30.52003714065114, 51.87951043530637, 52.14994530441668, 57.53253809566276, 63.80203387316932, 63.99842727340379, 62.47716007042172, 54.91414355551843, 47.43073945122438, 37.65183869769073, 44.596159570439134, 37.89645276879973, 36.93696300847533, 86.53187937375552, 77.49332026044868, 69.96155090045434, 65.55127714763535, 59.80430092792676, 56.11340022836906, 57.66784282017191, 68.53477429388516, 77.51783292915245, 81.3847167917218, 86.78466856430158, 87.85287766758267, 83.41400596324398, 72.54470646701456, 67.99059342942677, 62.91950546213091, 61.238424328829716, 68.50818974257677, 73.29804296150267, 78.67458057819421, 111.64535636308503, 113.59841877757447, 115.5252878819487, 118.86576618026871, 121.16760818338979, 127.3607340593932, 125.40354576073291, 109.1276491663182, 105.82743139602593, 86.5543886532457, 75.53344795862048, 64.43930222249377, 55.617037723493205, 45.14377431629063, 44.57351206114506], [60.03595906492576, 67.37799903856917, 75.7415501301426, 81.71948254993329, 74.29046688086295, 66.67883143936821, 58.39180840058731, 17.157190707957582, 13.265551007183682, 10.529667807685007, 11.31955146092989, 17.80648649875402, 7.684940460766175, 0.0, 9.459241459659436, 57.641165863924975, 65.24979941223799, 72.55252697448462, 82.58260782083643, 91.36512903889037, 88.69044041106065, 80.82278707055207, 71.25116473787409, 62.75999249341762, 55.42465233407952, 29.137290822245948, 30.064238434791505, 29.713601925034045, 33.23032001279353, 32.22901153058237, 28.887368771445228, 26.229623172497465, 24.50405396620212, 21.553791487267244, 25.236647745226506, 44.42132229374355, 44.47207910055258, 50.19616366823907, 56.89707604948468, 57.473743871469615, 56.340568493765794, 49.348376423363156, 42.322224630035784, 32.626421150009236, 37.94677792566964, 30.300223151305236, 29.726027348160162, 81.11894485434155, 71.7191649916553, 64.31789131067322, 60.4345357734981, 55.426019388121674, 52.81696325890079, 56.028026971381074, 66.38712092093971, 74.44708855381093, 77.66329831759003, 82.46258280467097, 83.02324994944024, 78.16097624062527, 67.2653791164658, 63.1478602153236, 58.93078172546203, 59.0855762308294, 65.22388622378934, 69.22683923365645, 74.04600179422803, 105.84419382556021, 108.08991087344337, 110.4418642511392, 114.2176972930987, 116.61724924570889, 123.6422193651355, 122.36315610267809, 106.88507494080699, 106.3858657754971, 88.87950964883255, 78.64322971164455, 68.1760113096314, 60.636233218157365, 51.41715072453674, 50.35976635994581], [50.631499957644166, 57.97905850733423, 66.2942557646111, 72.30526904110859, 64.90622542113306, 57.31602261363513, 49.001426301363956, 7.920213417841593, 8.508638396045987, 13.458092739268295, 18.78837918563951, 25.602334174897823, 16.71631953518839, 9.459241459659436, 0.0, 49.19796057830221, 56.644392991361975, 63.7509213859308, 73.49044550431532, 82.0972170453952, 79.34248951808149, 71.59183603350334, 62.16849843758835, 53.80184188190894, 46.625682478564784, 25.674567195713934, 28.940145381810833, 30.69567664709483, 36.292945581746515, 37.26693188245594, 34.55711648146548, 30.3293182736717, 26.228850831429234, 20.224931272060974, 21.25134884820505, 35.63648594656647, 36.26556011585423, 43.41224209118489, 49.81681552513114, 51.47335722556487, 51.796473168977556, 46.16521357799018, 39.77932926985396, 30.389169187502546, 33.68066212986842, 23.26207979124726, 22.0866580900277, 75.51301767141304, 66.30279021568286, 59.78811519226601, 56.99599908345411, 53.26156351894571, 51.95268893333918, 56.50003164765624, 66.10331964072664, 73.04470400586324, 75.32364867623336, 79.01698525715244, 78.44966477994708, 72.86967629008169, 62.93982680446292, 59.89286625743965, 56.911911908646594, 58.74069190730037, 63.5673974510537, 66.39713943683856, 70.14614128443745, 96.8287868514398, 99.3989628125264, 102.59940760643954, 107.20720744938772, 110.2040741678952, 118.36702710062022, 118.33984775491695, 105.3565921532223, 107.16869147282839, 91.69287945045288, 82.26592834009391, 72.25827606096725, 65.65891390519953, 57.133264006276065, 55.408764450821764], [19.958579026682308, 22.973377166784797, 31.866911268581724, 42.567294650334624, 36.26162371432274, 30.937147123658853, 27.12733379350077, 41.52188305703943, 45.57880125827416, 53.93043136627737, 63.259540042349705, 72.42874101914805, 64.6565465363359, 57.641165863924975, 49.19796057830221, 0.0, 8.159500010881061, 16.547296030657666, 29.21365466017453, 42.42817879405934, 40.030716903727075, 28.52207924691035, 17.437131632293113, 9.218236877686808, 5.6555761335398875, 38.11149203976514, 45.513448323793284, 52.97241025002885, 63.599641773613996, 71.86710978042926, 71.78277389486131, 62.78045928439286, 53.828063933809744, 45.66765253134487, 38.359449958124166, 16.393935573609316, 27.952114943953006, 41.013242677637436, 49.88386395275038, 56.565401706727236, 61.167374033330034, 63.27350157497128, 63.84575739543928, 60.90226627204802, 48.41159637636058, 35.445959673547875, 28.61375998277636, 81.29540446347728, 72.66769327793608, 70.35690229379026, 73.02228500468918, 75.66506470352994, 80.61125326560897, 90.70613200969294, 96.16427755522301, 97.20782859286972, 95.22182186221067, 93.91973071362538, 89.03649742783378, 80.98333866493726, 75.27821548813574, 76.84439376599948, 80.32632816215416, 90.32569674018852, 88.74320276372916, 86.21047772246163, 84.87398401073928, 65.25568560168782, 79.16491763739745, 92.83866378927206, 103.98016434412851, 110.46566849583417, 125.12371486082273, 131.55954164389846, 128.22405966147966, 141.19033934869023, 132.64350467669982, 125.6160586781996, 116.97435788067563, 111.72068722449232, 101.6710041432301, 93.08268524944053], [20.05971481550929, 20.49448548846555, 27.969119602498555, 38.85976195797054, 33.88336124621672, 30.15281693309534, 28.31120937220028, 48.85191367463046, 53.08714710736487, 61.4969964375475, 70.73845216154686, 79.66641352767301, 72.20210989786058, 65.24979941223799, 56.644392991361975, 8.159500010881061, 0.0, 8.505524094785631, 21.55843884791496, 35.43889000309308, 33.34361109506366, 21.43878004630138, 10.897801971330779, 6.777145372046922, 11.024197455848928, 45.56658314681875, 52.63216054971912, 59.92866085430544, 70.1718481242303, 78.53420902232416, 78.63653214653367, 69.81151873197041, 61.052098084548525, 53.156817607556626, 45.98574872555775, 23.497394116861493, 34.136472088504064, 46.47625065742757, 53.905475273236625, 61.103955099904596, 66.54710473467534, 69.51237378659472, 70.4396460768521, 67.87268208734325, 55.53058650118114, 43.11650515967784, 36.59059799027698, 83.98378057916213, 76.22707549719743, 74.98461851474461, 78.33141532586954, 81.5976869272053, 86.85833791521986, 96.93646675075534, 101.95260660953579, 102.45775716805218, 99.99607526086696, 97.9488375189722, 92.32320102310467, 84.05388852613349, 79.71902476242042, 82.01758989075142, 86.04496598715441, 96.24609707626516, 94.18150122965581, 91.08203406563042, 89.01936031682251, 59.19306526724487, 75.15513284662441, 90.7351933794371, 102.97969717141525, 110.25767002563663, 125.76455522379142, 133.34388357577393, 132.32589679212876, 145.97089046280047, 138.34454244714834, 131.62045619254852, 123.10096109103334, 117.96416067038173, 107.87203042242119, 98.91362257062467], [21.841244320636765, 19.60390465820455, 24.53264849244708, 34.963255713271174, 31.874000812457318, 30.12161908811739, 30.26343908205718, 55.86807012254915, 60.40206941742589, 68.9321917853157, 78.01319057981337, 86.55717784361437, 79.4375119989228, 72.55252697448462, 63.7509213859308, 16.547296030657666, 8.505524094785631, 0.0, 13.27940118891835, 27.654134619790142, 25.968088038356992, 14.024742143321749, 6.598565603352139, 11.13437092204503, 18.26048017898513, 53.38698999183262, 60.20781755891826, 67.2716475141831, 77.01020480939496, 85.23177005434003, 85.45137730515971, 76.97540723077978, 68.50220224251528, 60.787724968829295, 53.79153984882473, 30.791051340500047, 40.69340709342782, 52.409113458581814, 58.05527019627426, 65.7203329773983, 72.09252585043727, 75.80261796143857, 76.88520256796699, 74.55798764155149, 62.807551958831716, 50.73806171284395, 44.49324424065479, 86.27976102738408, 79.62788116809703, 79.55528457595666, 83.53333205181887, 87.33292835319747, 92.76054312438818, 102.61698553021914, 107.21520491749874, 107.27244135647265, 104.37883035987569, 101.58617352231985, 95.17574468831188, 86.72355038294087, 83.97018318166405, 87.01400113546036, 91.46897438257558, 101.61114810259606, 99.17476551835438, 95.5645231582618, 92.78459583264537, 52.08939068648123, 69.98792917401455, 87.47552375368352, 100.82388880002611, 108.97971126490205, 125.26951900235298, 134.04426933022248, 135.67864222233112, 149.70347244027204, 143.0604784240279, 136.68258413303974, 128.31992850328433, 123.36844536634486, 113.42785094213512, 104.40674519925301], [26.835838432785547, 21.770744922849424, 21.188998003337534, 28.981683741188867, 29.68171002038838, 31.246939991989773, 34.04573969529233, 65.57832793990666, 70.74918553354165, 79.5162909741527, 88.23521550756385, 95.99462441701961, 89.36960289411104, 82.58260782083643, 73.49044550431532, 29.21365466017453, 21.55843884791496, 13.27940118891835, 0.0, 14.792059218081633, 13.89893954630673, 5.2740105220218325, 13.011908642913305, 21.77518126798498, 29.62487664011442, 65.25555320496085, 71.90884619435205, 78.59690138061136, 87.53300706530048, 95.17730230913749, 95.41755202340777, 87.68096583577515, 79.7142904919748, 72.09939705652351, 65.38652755655741, 41.448188051367524, 50.16530137497972, 60.92727353209298, 63.52663868670925, 71.73847015495231, 79.54665481155787, 84.22581892227474, 85.32937121215997, 83.28327470697697, 72.96125247846389, 61.39972494067583, 55.825100907394486, 88.11867915711271, 83.44518986102983, 85.23367140143455, 90.07048659165362, 94.55362002147281, 100.05028060648966, 109.30970719307496, 113.24108086496226, 112.70196988447044, 109.21827046587727, 105.32045871929557, 97.7253064398843, 89.1011369038448, 88.97901281384775, 93.13635313779413, 98.0790130999641, 107.80622676246244, 104.91356286790086, 100.60840105858837, 96.77671163728701, 40.00955531486122, 60.145335228715965, 80.22871772390994, 95.09709703745457, 104.57855983323752, 121.87143031849637, 132.4324437393237, 138.40196758384272, 152.70078949626563, 147.75260561379585, 142.04314174106116, 134.07518953830035, 129.66082995331107, 120.49349926031773, 112.10235196896309], [34.4272636223888, 28.62204972626254, 23.259944432095402, 25.130097012318853, 30.52494667436859, 35.00597097982991, 39.46572777728785, 74.34590759216978, 80.17389469389371, 89.10468427257106, 97.24899523927662, 103.92881634870326, 97.9420126839422, 91.36512903889037, 82.0972170453952, 42.42817879405934, 35.43889000309308, 27.654134619790142, 14.792059218081633, 0.0, 5.062084599763516, 14.956165242577818, 25.67150390246317, 34.13692077647528, 41.71986573591656, 76.83596110130917, 83.35148425519904, 89.54730700447189, 97.50186147385165, 104.18950834021085, 104.33899153705781, 97.6309961872378, 90.34811412115285, 82.82138411169818, 76.52537891655199, 52.27071898865151, 59.85315910317564, 69.74311376928831, 69.00243313338646, 77.54546881294694, 86.76148268043589, 92.09749302725751, 92.86907828163604, 90.88632518965952, 82.74285335250246, 71.59035947472066, 66.72279118690695, 88.92426735458075, 86.65172296886844, 90.350370012219, 95.84252345318656, 100.75053700373206, 105.97437029831065, 114.16392525827682, 117.47943627135908, 116.58022614065212, 112.66707990122742, 107.76868843753101, 99.02368989507782, 90.37707065785689, 93.17343903528636, 98.35823295018825, 103.47833360350623, 112.1879376078021, 109.12081932894829, 104.31601347295471, 99.54860781238659, 25.75865193927923, 47.50070618517853, 70.23641007137978, 86.59957956712384, 97.61588499762081, 115.6380362955851, 128.0021399662936, 138.87639122769127, 152.6205081676641, 149.44785941431707, 144.50421533780133, 137.0405211169543, 133.31482316219046, 125.35187754143968, 118.22538552523238], [30.60533954415829, 24.412101994249188, 18.408046048485897, 20.567481279207378, 25.63513510992671, 30.322727426018215, 35.24408589955781, 71.60187838924755, 77.76640012061283, 86.84323701797061, 95.02177093608447, 101.72958156211715, 95.41979978765492, 88.69044041106065, 79.34248951808149, 40.030716903727075, 33.34361109506366, 25.968088038356992, 13.89893954630673, 5.062084599763516, 0.0, 12.299972298340274, 22.951646905787854, 31.32737131529451, 38.856924438518114, 74.91525978406473, 81.72819965406849, 88.08151005382062, 96.34062398538799, 102.91098623813579, 102.87588881895778, 96.09573161074974, 88.65621527872541, 80.83820024588584, 74.41716753359911, 48.99961479922969, 55.840547464111324, 65.26607650083233, 64.22264225243111, 72.75211419796582, 82.03471615878878, 87.57200338009893, 88.53081327300825, 86.85591845649012, 78.66708074288806, 68.05727409932636, 63.92424979524605, 84.14993196998262, 81.74843035448295, 85.49674612856914, 91.09080554980302, 96.15622946584482, 101.55245368695284, 109.95523883912558, 113.05308460185124, 111.92255460290396, 107.91042760818138, 102.95669799091976, 94.25205942088084, 85.61333648809179, 88.33750205330256, 93.59572454926271, 98.8762758310028, 107.88974943466744, 104.55840100520712, 99.61944351318806, 94.78028443718237, 28.500469241870704, 46.97079432467364, 68.11588092281438, 83.89291684557205, 94.31888822896714, 112.26150843110193, 124.26812303375257, 134.3854478826671, 148.927074294043, 146.08852864908692, 141.35739728878016, 134.16086813364694, 130.9033990868233, 123.67399109959047, 117.32170420931662], [23.143511214366004, 17.33782249604682, 16.018490754812422, 24.206170378374395, 24.499396236372867, 26.334607164989972, 29.785519253439535, 63.70562622537211, 69.40548949539618, 78.38702800682522, 87.04133112153531, 94.63189764985339, 87.752990320314, 80.82278707055207, 71.59183603350334, 28.52207924691035, 21.43878004630138, 14.024742143321749, 5.2740105220218325, 14.956165242577818, 12.299972298340274, 0.0, 11.194089792650898, 20.13740609899361, 28.015551430093286, 64.93334735302089, 71.92543863900049, 78.69803976316703, 87.78838346940975, 95.09203356959141, 95.09734262623819, 87.48607773891285, 79.47452912330051, 71.52367044973444, 64.73945735216296, 39.19347580352946, 46.905618316799654, 57.10750038828253, 58.90860888975618, 67.18517314696028, 75.30043710766844, 80.29283099760988, 81.52907156521572, 79.80898161239251, 69.78951466035666, 58.8527824566341, 54.26168425084268, 82.97186473095701, 78.47026231183891, 80.5618463038672, 85.596263698414, 90.30158719008315, 95.93275910535539, 105.24899580435327, 108.8727906956855, 108.0595651221124, 104.42225488468388, 100.33967501610984, 92.6345072924764, 84.013490452044, 84.19715099696278, 88.57422466562085, 93.70083219422924, 103.58158951378572, 100.40217057088, 95.89564973631255, 91.86999564512372, 40.0521015575435, 57.612300252154924, 76.41906723172461, 90.83314905985644, 99.90943210597237, 117.1544256786653, 127.56769650671811, 133.4447698695705, 148.4207942024833, 144.07877151888118, 138.71093792821165, 131.1055787631121, 127.30695388509065, 119.15446212110675, 111.87312868160495], [16.35097208626955, 13.128264484895482, 18.185097802467602, 28.869226865624945, 25.305379958807453, 23.640398972379256, 24.452928126958252, 54.2679931415036, 59.658537666753595, 68.55245560883003, 77.46552967050872, 85.60359419644041, 78.29827493872118, 71.25116473787409, 62.16849843758835, 17.437131632293113, 10.897801971330779, 6.598565603352139, 13.011908642913305, 25.67150390246317, 22.951646905787854, 11.194089792650898, 0.0, 9.094960732831451, 17.047045571198343, 54.47041410824068, 61.69381802889177, 68.73689339878734, 78.42074866367918, 86.02024904524673, 85.941549944678, 77.84250288662055, 69.46909976881513, 61.336938055676, 54.335125188231316, 28.763032708645554, 37.419608444249334, 48.6223501995527, 52.816139399324314, 60.73120282356277, 67.78876013773557, 71.96732570897501, 73.09138076173981, 71.08038531115281, 60.09072708046696, 48.64978188692666, 43.71958928644718, 80.13341418357507, 73.95148721226032, 74.48226183630068, 78.79052375718142, 82.90024955708121, 88.42641937054509, 98.17872783115077, 102.39281600541385, 102.1436286913347, 99.03132826463597, 95.90477115929595, 89.18800905614982, 80.68206561082708, 78.65052507538223, 82.10407180159767, 86.77872343570263, 96.91804263767926, 94.17338337756837, 90.2766322604071, 87.15697967509098, 49.77165748505768, 65.2371744368566, 81.58074426163365, 94.57658462215109, 102.49303623160502, 118.78692052936076, 127.60789720138517, 129.80407456578655, 144.3823377299954, 138.60800353453226, 132.69373545106185, 124.77463869718869, 120.59359897643894, 111.97046793242696, 104.43783536165625], [13.31663477880917, 14.416783309284147, 22.83978164093523, 33.62969743383421, 27.94009158340244, 23.636809340700662, 21.54077192604907, 45.93722167002599, 51.15124108549168, 59.99723581226576, 69.03618842677069, 77.48455075814488, 69.87746366038239, 62.75999249341762, 53.80184188190894, 9.218236877686808, 6.777145372046922, 11.13437092204503, 21.77518126798498, 34.13692077647528, 31.32737131529451, 20.13740609899361, 9.094960732831451, 0.0, 7.954591600184198, 45.87681877599799, 53.34867891784568, 60.54006596951709, 70.60007371903957, 78.21521987366343, 77.99850812053701, 69.66199259177087, 61.087434699068915, 52.7518604418231, 45.62993177901665, 19.998091982427074, 29.80003845541113, 42.091831674496916, 48.10720526143605, 55.602880131824435, 61.77966201887386, 65.07397048675212, 65.86026868099664, 63.4271278053358, 52.088213746036196, 39.98775083781438, 34.74081288592132, 77.58968437485748, 70.23567707922595, 69.48853565372553, 73.06979545535918, 76.52455739535463, 81.76483304436098, 91.63267685798088, 96.39693809174913, 96.76418586839246, 94.17972485424642, 91.90786737208316, 86.02738679994819, 77.69005208343295, 73.96070997302405, 76.59258369049547, 80.70669060459002, 90.73127487427013, 88.51906908757442, 85.2442395889844, 82.94910963864963, 57.088910132704505, 70.5831656583597, 84.86252707476763, 96.64901051778884, 103.68748103569729, 119.05898750027029, 126.56795117495956, 125.99170101477002, 139.81005343915763, 132.85195522900693, 126.50934779863478, 118.35743527111704, 113.90877205105872, 105.07867418364833, 97.64927119767768], [15.068423880505652, 19.167994053052837, 28.544039727018333, 38.88733635431836, 32.01863286505988, 26.105668969741018, 21.69921810771994, 38.84744575696271, 43.868070672535055, 52.645970696802266, 61.79026858123854, 70.52751407720976, 62.60890446933392, 55.42465233407952, 46.625682478564784, 5.6555761335398875, 11.024197455848928, 18.26048017898513, 29.62487664011442, 41.71986573591656, 38.856924438518114, 28.015551430093286, 17.047045571198343, 7.954591600184198, 0.0, 38.62425283920516, 46.36981401624433, 53.688445017302755, 64.10418612425144, 71.67191652606135, 71.2966677705985, 62.756798494915294, 54.00019678714729, 45.44333056197036, 38.2088629043386, 12.58711490791067, 23.81763583725927, 37.09662669867009, 44.86369621199004, 51.789505744852875, 57.005134704796916, 59.358501865846, 59.77624610708613, 56.913099290188796, 45.30295320970114, 32.50159120159319, 26.92426986532088, 75.92845816687665, 67.57872469177033, 65.62120779111375, 68.454714988461, 71.23233623878055, 76.15258924047758, 86.0818655734815, 91.3544313349971, 92.31023471810123, 90.24061455701408, 88.78395757499301, 83.71958290473458, 75.61470383885889, 70.334052443948, 72.14956793631103, 75.68114696214461, 85.53060552781221, 83.84505844133902, 81.18811074385044, 79.69221560438912, 63.788336803759435, 75.67050029720528, 88.16989379884507, 98.85880181465294, 105.10109931447633, 119.59284491232168, 125.91684742134976, 122.85855602396836, 135.94440910206416, 127.92857829053202, 121.21254393062745, 112.87542210215082, 108.21169324000633, 99.26178928278334, 92.02700724372481], [49.429411188764135, 55.92197460800086, 65.33278382624742, 74.15963588497361, 67.00654680793593, 59.68583718524417, 52.02744026989643, 22.738334703236646, 17.76695561900806, 20.866473876128328, 29.90991483063852, 40.68800658626287, 33.94375120260572, 29.137290822245948, 25.674567195713934, 38.11149203976514, 45.56658314681875, 53.38698999183262, 65.25555320496085, 76.83596110130917, 74.91525978406473, 64.93334735302089, 54.47041410824068, 45.87681877599799, 38.62425283920516, 0.0, 8.39617559677887, 15.975742636465728, 27.922896367317882, 36.563031806721185, 36.40380758164326, 26.028493515364925, 16.35727218357951, 9.232564684536468, 4.49860244172943, 31.877710227184433, 38.90593283896739, 49.70938796292293, 61.458049076055715, 64.51015834040103, 64.29602533478848, 60.17975706498772, 56.91267374775353, 49.88960301857236, 42.52239616801446, 28.55756141088647, 17.550617120152843, 92.5487464705961, 82.017875