{
	"dissimilarities": [[0.0, 7.3483470821492896, 14.729423074212413, 24.337021280609083, 17.40998793973086, 11.232689029790416, 8.530223507184088, 42.908865648840134, 49.89506222880773, 59.284633860864915, 66.44236407317356, 74.77044954622313, 67.00832610014989, 59.77486938761966, 51.41164568863556, 19.054964503056443, 17.93738549929833, 19.327512890061413, 25.167578937559373, 32.44618613144826, 28.79206895631645, 21.674194335636592, 14.250567309778024, 10.947530718094606, 14.24972906302295, 48.5645791524966, 56.250271349545265, 62.8868995061487, 72.0761661622746, 78.51248723227904, 77.83237547543396, 70.49642300660811, 62.64089213622336, 54.21338156146972, 47.566372312153355, 20.77285538279646, 26.363822899117704, 36.51271778180444, 39.22085428628085, 47.0915379838483, 55.09182618789151, 58.6455460003418, 59.22963684150085, 56.40302638447619, 47.85175118310597, 37.95642724179062, 35.28561131845762, 64.89195469120104, 60.98253534914637, 63.118666532948765, 67.18144152309456, 69.60100848699769, 74.0349225584446, 80.78292040074449, 82.20047413786197, 82.56879754782389, 79.11890603782119, 75.52735222830269, 69.81174858658117, 66.38845729285212, 66.9473351891085, 70.35308363079119, 73.48898407684213, 78.60980627140096, 74.29086080792622, 71.13505224422138, 67.82014620951566, 54.82834192302229, 57.687548936689275, 68.21336928860012, 77.91239710583147, 85.37360997784349, 95.83981114354165, 106.686502118554, 107.6923404887618, 120.2607713621609, 119.2879996299809, 114.18409735405089, 106.35996658549247, 104.57727146457347, 98.3283583651919, 97.48581950250875], [7.3483470821492896, 0.0, 7.75823160829071, 18.970819123620235, 12.831010523424183, 9.62814289722426, 12.045297649394966, 50.234440019600505, 57.13325541096897, 66.47433901038555, 73.70202842654645, 82.09856327028105, 74.34625246594422, 67.09434850235097, 58.738252736810445, 22.12740125542647, 18.445776250197493, 16.862033245239257, 19.841646645846964, 26.457338073665333, 22.359849811366296, 15.51348861985418, 10.606312778432002, 12.36888452343286, 18.490589543480674, 55.12930518018912, 62.77902606765591, 69.55536529549381, 78.86118797890755, 85.52165188609902, 84.94545657506242, 77.49711450413868, 69.52570533697985, 61.11071390232656, 54.32706399335249, 26.764830021374017, 31.66572614807364, 40.59075388832764, 42.395492917646834, 50.423054864400065, 58.82749174329883, 63.360429834105304, 64.62624378346415, 62.57673557897054, 53.41743211874538, 44.40147368178787, 42.05950711820152, 66.54584823955209, 63.32442268353948, 66.35270701000968, 71.07448294485714, 74.1638960129778, 79.13775535648377, 86.27100206289808, 86.97087940838233, 86.75721951031242, 82.66965573876564, 78.37654474359748, 72.12552318829478, 68.55937592180929, 69.99482286893964, 74.15076550439544, 77.90920000772735, 83.78780604461261, 78.6832042590954, 74.91200769346219, 70.84890433196085, 50.250025300915034, 54.07600896042907, 65.98290463644315, 76.85046421973891, 84.6721316433519, 96.11005974279051, 107.99625501470291, 110.7502721105257, 124.8814970119858, 124.99586781963652, 120.33865474402648, 112.86859949203712, 111.4020608454818, 105.35756123817805, 104.29028694696363], [14.729423074212413, 7.75823160829071, 0.0, 12.343187260005662, 8.7001310218145, 11.125996466378776, 16.824981857510483, 57.504625989740944, 64.60236599827226, 73.99146894700144, 81.11031832964339, 89.12461902565191, 81.54600870806699, 74.34476200985748, 65.97004984036505, 29.052047320299064, 24.173157340550343, 20.209661491321743, 18.109227909213608, 21.280733903204936, 16.535828595447953, 13.13878486758536, 14.178519935611439, 19.17448052827784, 25.94518036782184, 62.86179759996256, 70.46752011041377, 77.18689579922504, 86.30355489956045, 92.81337837064682, 92.24531594976918, 85.02801912509504, 77.1687464581484, 68.7919845638934, 62.0531593391581, 34.38858556481887, 38.26623811965302, 45.78772299104651, 45.558438395136484, 53.87182489952437, 62.96459665221533, 68.23632577824391, 69.86274478418247, 68.42384979523099, 59.7268542005713, 51.55742453347389, 49.75661177926845, 67.14103405848465, 65.04536164142884, 69.19966730927428, 74.58535353774968, 78.28354649314232, 83.60845704075304, 90.83652637859667, 90.85961238233287, 90.0659572897286, 85.35527503191727, 80.3600813483689, 73.47985408193989, 69.76006255377736, 72.41205133416886, 77.40441059068516, 81.7089017394105, 88.10474803458605, 82.41974056078507, 78.09846276626133, 73.20292389539436, 45.036362588718255, 48.4116244830616, 61.25438207673906, 73.23284212957537, 81.5495351827687, 94.00630222666877, 106.96889211699161, 112.19609702758144, 127.49645128787114, 128.8833004015584, 124.80941868125525, 117.8132211240507, 116.85775732362639, 111.46018955028198, 110.74496791177182], [24.337021280609083, 18.970819123620235, 12.343187260005662, 0.0, 9.134326092509784, 16.478059354172057, 22.936566370708302, 64.77644321768868, 72.5029430477145, 82.02344593254405, 88.6330951753018, 95.29638708545967, 88.27357151510003, 81.32527520372525, 72.99037024843979, 40.99259436853889, 36.351942923600944, 31.84320490817501, 25.995040447273496, 21.848880935195606, 17.454814808250873, 21.980148685784773, 26.242035025825665, 31.12178688535885, 37.41939022163982, 72.66041836749255, 80.19857982696391, 86.49830611573097, 94.83351158430072, 100.43047136750083, 99.67797535294284, 93.3968205375294, 86.11071711902329, 77.85665084002507, 71.50783669668012, 44.6647170788861, 46.86734771638554, 52.54484188193572, 48.01222071379499, 56.885093178778426, 67.27485775259463, 72.85853470701083, 74.26083841519112, 73.24232921818728, 67.0753346978254, 59.91746403577804, 59.159360436829736, 64.54392922734745, 64.63756901068408, 70.49338608664178, 76.58909972383552, 80.81105939990204, 86.11187755674916, 92.80944913162038, 92.15809011033336, 90.73669269324812, 85.39972980186396, 79.66803683150479, 71.91471247946102, 68.00625579466728, 72.71275116582983, 78.77772214911583, 83.49935320650034, 89.93786199299036, 84.06345292551555, 79.2974577398899, 73.33690449752108, 39.355020389027, 37.164575950281275, 49.47863035882082, 62.53726575256432, 71.80424270956587, 85.49033526977574, 99.68893071827057, 109.20426110935608, 124.83691241939071, 128.03897371855132, 124.9382279604059, 118.78846111570847, 118.8632225041496, 115.20802410913689, 116.13676735914582], [17.40998793973086, 12.831010523424183, 8.7001310218145, 9.134326092509784, 0.0, 7.81035562287775, 14.874632130076291, 57.59212762975559, 65.43245745663046, 74.99948952976202, 81.74769530712567, 88.87642865988612, 81.27006294735607, 74.10978685936712, 65.7968235638547, 34.576419268691936, 31.012843759371503, 28.353018519665557, 26.56699433479674, 27.077164273552928, 22.236574467277038, 21.67117841236653, 22.01830657738183, 25.011374510709103, 30.432784226545866, 65.5184666110543, 73.31585432151816, 79.83006226880156, 88.69196852549324, 94.43501079748783, 93.51029420177366, 86.8070849387367, 79.24418978343708, 70.76615163933592, 64.28475168755865, 36.6528528710058, 37.911727609139746, 43.47527662399973, 40.04318003378649, 48.76011654587607, 58.76867531359066, 64.29791427843217, 65.9058993298153, 65.07101542284099, 58.09374251607171, 51.311553834644016, 51.3601120669171, 59.38167884505235, 58.146346274008636, 63.14899070596522, 68.95372765519375, 73.02011472583662, 78.45730240693133, 85.5809837673011, 85.0218210182422, 83.80980293643972, 78.73272874874283, 73.37540694868208, 66.11250552608668, 62.30601132597324, 65.86193840683153, 71.43199037005932, 76.02925034667258, 82.65111462720238, 76.66094320446689, 72.035715355023, 66.57463834700224, 47.47647572233207, 45.22052217901713, 54.638565653167, 65.35998994869476, 73.10736445864511, 85.36908433232384, 98.37993390922433, 104.43604895290439, 120.50023788480182, 123.12060906894935, 119.78584384275074, 113.65313113630197, 113.82281406678955, 110.31541284705192, 111.61713394921958], [11.232689029790416, 9.62814289722426, 11.125996466378776, 16.478059354172057, 7.81035562287775, 0.0, 7.28220146878222, 50.06072290597974, 57.912045467348825, 67.48120220791945, 74.28094254912256, 81.67445575561254, 73.81193829485014, 66.56819734400868, 58.26692859291477, 29.058071847230487, 26.959002971180478, 26.382475831608637, 28.211129270675606, 31.708605274337334, 27.121172423322324, 23.453263538882965, 20.017621124568173, 20.23456831964989, 24.273762067307178, 58.13321122831355, 66.01880341889968, 72.55761913514573, 81.59649058216803, 87.35998406874847, 86.34746411294434, 79.47117213323551, 71.83202498060811, 63.282477181757436, 56.808323356733844, 29.26822399409718, 30.441142918128563, 36.919627205143144, 35.05437397953991, 43.66561082025782, 53.186774678611755, 58.07298109025792, 59.37025013070052, 58.07048370166787, 50.80003156977252, 43.549111786135114, 43.70328640187002, 57.415885051148045, 54.919088526996006, 58.79210643711556, 63.988167015634716, 67.50989417285703, 72.67334952136807, 79.78935066557278, 79.81887078399956, 79.1439606936471, 74.64936382580207, 69.97767408338287, 63.344702202498674, 59.683869138054426, 61.96310583330743, 66.73328107342402, 70.83992524696141, 77.04975252103925, 71.53626586966664, 67.4074182868778, 62.74670527944502, 52.9167626566482, 51.17960414583916, 59.38173574573888, 68.65083383958523, 75.67269778405226, 86.70627846872254, 98.49929779935393, 101.77403375200129, 116.87042959531067, 118.34515632312471, 114.50947587341082, 108.02812888257843, 107.88062480841657, 104.0490968464124, 105.36412047409895], [8.530223507184088, 12.045297649394966, 16.824981857510483, 22.936566370708302, 14.874632130076291, 7.28220146878222, 0.0, 42.810225060899754, 50.74830893978983, 60.333554396830785, 67.05950930598551, 74.41690703332873, 66.53200493885635, 59.30198226985552, 50.99865613573789, 26.134522085868053, 25.898112778797955, 27.317825848958513, 31.629642496113195, 36.56794074832676, 32.4107962777147, 27.454804850682024, 21.59843369544704, 18.820704943243253, 20.694838054663993, 51.61769937760337, 59.484714202901486, 65.86508001880043, 74.77658305060821, 80.34255336574464, 79.24264466887595, 72.46236211580997, 64.94652924373165, 56.42243998232396, 50.11587406962362, 23.675304252610317, 25.105753072447186, 32.881715811294555, 32.21139695764583, 40.680777026223325, 49.727617200597386, 53.55771009461388, 54.13482455235657, 51.97783272921362, 45.24451011675396, 37.101508217570576, 37.07203386311187, 56.67384288027189, 53.28900004626184, 56.08200078735903, 60.532050115936684, 63.30912103036286, 67.90888201032307, 74.65964115879616, 75.5005795104133, 75.48699624271124, 71.70603658966328, 67.82889383644684, 61.82063948766907, 58.32400651115383, 59.52460666376104, 63.425846665011896, 66.84568022259538, 72.25258280350627, 67.582520439872, 64.1343844363482, 60.34016391188159, 57.19993315886961, 55.49933816345499, 62.77981725293729, 70.94496623493336, 77.63283539835874, 87.61936792341484, 98.27685430091032, 99.55331443392852, 112.95124496967273, 113.17222749056286, 108.80100153938399, 101.87696646961705, 101.32848509284892, 97.16863297078072, 98.58810274442212], [42.908865648840134, 50.234440019600505, 57.504625989740944, 64.77644321768868, 57.59212762975559, 50.06072290597974, 42.810225060899754, 0.0, 9.132574144574189, 18.34811356152294, 24.42187861648315, 32.82477304380175, 24.151629381273864, 16.900768124865955, 8.558069256635925, 40.84904900672423, 47.64322836915514, 54.55213529637052, 64.59576695751952, 73.02529946027262, 70.41383299606268, 62.80231955292906, 53.24833608695296, 44.91826042002203, 38.266729944943165, 20.380339369841565, 25.53959601953398, 29.004295285559774, 36.17022331172903, 39.95382656778564, 38.0339292928307, 31.75229807545471, 25.849290170449905, 18.781430576671365, 16.985607829341347, 28.815088707550235, 30.820823329914376, 39.086895496719144, 46.500182997048974, 49.165655255770716, 50.80810415642332, 46.11073532594713, 41.16198843794083, 31.834581483116423, 31.72878395391141, 19.711494820978295, 15.631434265010043, 71.97504598863726, 64.71763850138137, 60.51923471488705, 59.005754887919494, 55.941726634473916, 55.335671978994945, 58.098905019010864, 65.04820641269268, 69.71311272648192, 71.33468895514437, 73.02356425879263, 71.90459109039284, 70.12153450655025, 64.82426470156884, 62.27890724812399, 60.28929549850654, 58.795561108323184, 61.18112989887293, 63.08606965280184, 65.6549794561973, 90.62051291009787, 90.47151677074534, 94.68006861636297, 98.0813911333187, 102.6973942557163, 107.02871805335461, 111.03665445029337, 100.30188772015143, 101.94962149563996, 92.78604923783489, 84.26301788134812, 73.83001065560256, 69.16491226141227, 60.837921002421595, 61.75052519146595], [49.89506222880773, 57.13325541096897, 64.60236599827226, 72.5029430477145, 65.43245745663046, 57.912045467348825, 50.74830893978983, 9.132574144574189, 0.0, 9.603684535799944, 16.69607864496391, 27.443029640829725, 18.95568381760104, 12.566723322234875, 7.6034824069346, 45.05988286025365, 52.1676904502484, 59.37722831590187, 69.96522141258632, 79.08070846619471, 76.78594570541115, 68.65861989898885, 58.9215868841813, 50.48409235327759, 43.4855061252187, 15.418247157587112, 18.14633738376439, 20.344261978119285, 27.403197684073493, 31.76833136643782, 30.032727189402664, 22.784109550120977, 16.816854932158304, 10.744010234320381, 12.211011628669796, 34.322157435047174, 37.53162354649811, 45.8803742671482, 54.84722913023128, 56.815584664231864, 57.17951744674889, 51.75331507180627, 46.638936637588756, 37.03320729289698, 36.391291989624484, 25.020194315618756, 18.85706871509358, 80.35501332870352, 72.68136982622167, 67.7223516451042, 65.50482687133197, 61.76831018631109, 60.48532976923984, 62.59519452304211, 70.35783131812687, 75.61966406033164, 77.96485106290699, 80.29731131184383, 79.78896502304391, 78.2134954363212, 72.18137492044997, 68.85068193230224, 66.21995863600804, 63.82640657886835, 67.1308249207832, 69.68297732585442, 73.02237910632209, 96.62288020412399, 98.15125544089592, 103.25572910069225, 106.88647935828625, 111.60721196228766, 115.64953765237264, 119.08781024621636, 106.89197424845165, 106.6782996278398, 95.54882179841809, 86.0492036551406, 74.66621008550031, 68.32656589272206, 57.378114854283716, 55.89626106816587], [59.284633860864915, 66.47433901038555, 73.99146894700144, 82.02344593254405, 74.99948952976202, 67.48120220791945, 60.333554396830785, 18.34811356152294, 9.603684535799944, 0.0, 8.125976680578095, 21.193065883725364, 13.59881770534707, 10.657019483146353, 12.851032541588673, 53.228642089296905, 60.4543725145493, 67.79005652560875, 78.60036587516281, 87.96842353548175, 85.8476649785301, 77.54510478832194, 67.76001204219898, 59.31208643939687, 52.1813044301849, 18.388413421556738, 16.732175343363757, 15.252576359813219, 20.075940942540054, 23.646392980173403, 21.647895175323193, 14.041801557166693, 10.273862119056592, 10.109995280579612, 16.309400017155934, 43.091641730678155, 46.116893381957425, 53.636750745852616, 63.0803598087386, 64.22312901811434, 63.36965063340263, 56.94599806428808, 51.368605546037124, 41.54239350924451, 42.05679528120254, 32.547572140532665, 27.013916166312317, 87.75346705035182, 79.77735108400017, 73.99666548880508, 70.90845008250916, 66.3303286760948, 64.07675636502209, 65.14930108886443, 73.81798928790707, 79.77173797368911, 83.03108416326421, 86.21092595667412, 86.48868261824411, 85.21323982742966, 78.42013685444289, 74.16595958015411, 70.69176087144993, 67.03587754323831, 71.58563375152185, 74.98165196906938, 79.23381941482387, 105.12459340851663, 107.1289552607341, 112.09895190517476, 115.27222040215561, 119.73114421711836, 123.01305079179576, 125.43456480496889, 111.33602528859296, 108.7630446605369, 95.56934908865087, 85.16677147729386, 73.06822217496762, 65.33772737486458, 52.547348196890326, 49.80826943277548], [66.44236407317356, 73.70202842654645, 81.11031832964339, 88.6330951753018, 81.74769530712567, 74.28094254912256, 67.05950930598551, 24.42187861648315, 16.69607864496391, 8.125976680578095, 0.0, 13.810869074769876, 8.560808706878925, 11.110818479926582, 17.194168283078543, 61.19134459850234, 68.341308505252, 75.54231880448015, 86.05551504400361, 95.00170275390332, 92.93540138595239, 85.01446128194685, 75.39254017654613, 67.00689103220898, 59.98736013319347, 26.232615590654223, 23.20356191455564, 19.267332647822066, 19.116146536514805, 18.79256276565123, 15.7534448654447, 12.026850015425733, 14.24601278356021, 17.722356953303503, 24.36952128027937, 50.83506554364096, 53.17492400409624, 59.78776571942901, 68.20305037519002, 68.93933399313025, 67.69698492048904, 60.38667716837976, 54.0225673426894, 43.83780784664687, 47.179442324689376, 39.165208223131934, 34.84314787800713, 91.23635153196555, 83.44744151867553, 77.30118239658876, 73.57206559881324, 68.27565928451584, 64.946520844636, 64.62142565240006, 74.15137755213962, 80.697047108239, 84.74138199527002, 88.63455598416593, 89.45944975992188, 88.42425631517231, 81.38890335568823, 76.52512439377679, 72.27443335798486, 67.1777145465097, 73.09823071114565, 77.2605265106179, 82.12527538528869, 111.14833291150008, 112.2770804478628, 116.29128409748678, 118.62823601133013, 122.80513619351129, 125.22839681176222, 126.59709779118411, 111.53638556092619, 106.19826511077011, 91.34506794178114, 80.28115433400106, 67.63506242593044, 58.992807187221985, 45.590068335039525, 43.867620071966286], [74.77044954622313, 82.09856327028105, 89.12461902565191, 95.29638708545967, 88.87642865988612, 81.67445575561254, 74.41690703332873, 32.82477304380175, 27.443029640829725, 21.193065883725364, 13.810869074769876, 0.0, 11.113402535244052, 18.25513102459473, 25.048797505538246, 72.11454816569878, 78.92167610067007, 85.62522509251302, 95.15682692292188, 102.8343703531042, 100.83235586363891, 94.03271250701746, 84.95911751758572, 76.84566151178252, 70.28398903662618, 39.420905394117824, 36.54817019466564, 31.796002208648325, 27.064746380252373, 20.384562313484338, 16.343995108731555, 21.66688587010281, 27.328845716084054, 31.077468321159074, 37.279865399189546, 61.26206634904601, 62.66982973298364, 68.19348844162432, 73.7677250597048, 74.46611791641847, 73.63627983298821, 65.43066785998906, 57.81135562104006, 47.210421904628014, 55.52233515217248, 48.948787686305344, 46.104857189501, 93.45918158188873, 86.62325011924933, 80.61889312162295, 76.35598306232319, 70.2997137351296, 65.39011673635889, 62.552532859823465, 73.20850555133173, 80.41748777375136, 85.36313307728214, 90.02969374179057, 91.27316389168145, 90.48749967161838, 83.8592700375877, 78.61140205061466, 73.42511328355913, 66.09856092741059, 74.07710309016758, 79.1530653362256, 84.4235487861158, 116.66338457215961, 115.5039677842737, 117.5718189921963, 118.49548905683069, 122.4252840427799, 123.62566600084888, 123.51709562107318, 108.6337405984085, 98.35647973158206, 81.29233409748757, 69.35156654393948, 55.696203363018, 45.70035216681712, 32.268869214956716, 35.66811195979939], [67.00832610014989, 74.34625246594422, 81.54600870806699, 88.27357151510003, 81.27006294735607, 73.81193829485014, 66.53200493885635, 24.151629381273864, 18.95568381760104, 13.59881770534707, 8.560808706878925, 11.113402535244052, 0.0, 7.738677411042666, 15.723917843422168, 63.80149232728288, 70.89688568940886, 78.0126358422305, 88.19181427237885, 96.50074536435349, 94.13873815371157, 86.70351449954468, 77.16067824745873, 68.77401196278056, 61.87926752916979, 31.516454215720543, 30.171580828669534, 27.377660959045826, 27.415118267035744, 25.088180168211107, 21.343255490370584, 20.409642730477817, 22.171565115840803, 23.559089478019075, 29.009866378067876, 52.13443504461632, 52.62903052101405, 57.72873891560653, 64.47882948172057, 64.79718959994858, 63.49773658502844, 55.53422833423324, 48.42791003946547, 37.98199906872986, 44.61954341587082, 38.3897657477072, 36.67236117073567, 85.61922169862618, 78.0516316607305, 71.72908062052907, 67.61025157975907, 61.892875591254004, 57.88435340326003, 56.75762759364032, 66.65416614428455, 73.45636523867609, 77.89829603793494, 82.21339186006455, 83.40963580993572, 82.57641595465935, 75.44960189776248, 70.25733105683297, 65.54253914283156, 59.60893699145393, 66.30182326615312, 70.91290871577455, 76.11135354857787, 112.30871496531688, 111.12810443482475, 113.14561574992362, 114.1274462953123, 117.52516997301242, 119.02146333932369, 119.5533053086363, 103.68983755997279, 97.74205321917292, 83.05023984178771, 72.24194980764953, 60.11724600632161, 52.74531499949123, 42.69382194323487, 45.95909331504338], [59.77486938761966, 67.09434850235097, 74.34476200985748, 81.32527520372525, 74.10978685936712, 66.56819734400868, 59.30198226985552, 16.900768124865955, 12.566723322234875, 10.657019483146353, 11.110818479926582, 18.25513102459473, 7.738677411042666, 0.0, 8.389331750545212, 56.58966622625664, 63.72445788229424, 70.93148087215954, 81.27730853988392, 89.78697315231503, 87.2662174982891, 79.61428187949649, 69.93405917938085, 61.48233946491517, 54.526361332573174, 26.11673891219968, 26.599118502026432, 25.863524153609113, 29.168599237850092, 29.516589179238224, 26.35754818216638, 22.406023574908644, 20.74068258293972, 19.155480290835232, 23.207781747501393, 44.56828252696455, 44.90626872294808, 50.358139210663595, 57.667433887731306, 58.270052973546484, 57.3490718744354, 50.02366557425143, 43.4312662913119, 33.04362215575208, 37.90328722869505, 30.768437444811834, 29.25843771201263, 80.15906317240405, 72.38897954539243, 66.34525790724012, 62.770243166020656, 57.670027098430204, 54.656054286069505, 54.9449059462256, 64.00352852603932, 70.24866851983295, 73.95365760657818, 77.63343277605853, 78.35356277605732, 77.31517853006231, 70.35898828327453, 65.69181256212087, 61.668402878689875, 57.1079110123406, 62.49606928744749, 66.4197266973225, 71.08936685071731, 106.50756925859191, 105.4855654505586, 107.87674193771976, 109.328228723785, 112.79739187961623, 114.94265801735536, 116.37125751675089, 101.27091096739385, 98.23804000212323, 85.45410360925328, 75.47937044242784, 64.14301657799416, 58.06903674210352, 49.1477050656915, 51.84309728085306], [51.41164568863556, 58.738252736810445, 65.97004984036505, 72.99037024843979, 65.7968235638547, 58.26692859291477, 50.99865613573789, 8.558069256635925, 7.6034824069346, 12.851032541588673, 17.194168283078543, 25.048797505538246, 15.723917843422168, 8.389331750545212, 0.0, 48.920512367769916, 55.893738215515725, 62.94545179556927, 73.10030664257893, 81.49451318207299, 78.91978650037484, 71.3534095158315, 61.75771600179384, 53.3731959386026, 46.57419946999726, 22.464187956500073, 25.290693818842946, 26.713007673637463, 32.16333298756463, 34.32990642291064, 31.80162565588518, 26.535553243723147, 22.39818628651501, 17.60667128942825, 19.107548268498523, 36.79352020033082, 37.66847540219926, 44.25982742915031, 51.474416690710065, 53.023662792964906, 53.33842716559562, 47.13784251370411, 41.15833910576911, 30.967848241783315, 33.91279180881437, 24.55261947766203, 22.25004702553172, 75.32637260551228, 67.8003912607475, 62.60964473556306, 59.98890914717135, 55.81559794262, 53.9250534147742, 55.417588479592126, 63.51148996606372, 69.02487554552047, 71.73908263503974, 74.48602783979683, 74.32696214236, 72.93303365305691, 66.75446177035577, 63.07838025045926, 59.994814143196706, 56.868817461321264, 60.85587358101959, 63.8428784193491, 67.53104617507054, 98.52999429554501, 97.72603724919462, 100.82043101776395, 103.10229644502924, 107.09150435038649, 110.23725793527824, 112.87489016775103, 99.90451707341883, 99.13907257141669, 88.19514211547748, 78.96471781918858, 68.08366793351387, 62.81768340101786, 54.36284309290574, 56.36142781397785], [19.054964503056443, 22.12740125542647, 29.052047320299064, 40.99259436853889, 34.576419268691936, 29.058071847230487, 26.134522085868053, 40.84904900672423, 45.05988286025365, 53.228642089296905, 61.19134459850234, 72.11454816569878, 63.80149232728288, 56.58966622625664, 48.920512367769916, 0.0, 7.757176555876182, 16.15622579207845, 29.123098737129077, 41.54554703808099, 39.02835911917705, 27.783318046105478, 17.277928924822533, 9.895286249243426, 5.786494323172192, 38.03570411045603, 45.333689405124154, 52.790851586578526, 63.460172780741196, 71.91207370396282, 71.8181993648432, 62.632691545664365, 53.734899998750684, 45.579832482198285, 38.29424780120711, 14.68175157461115, 25.939065828385452, 38.48242850856439, 48.78758360864639, 54.34742133041565, 58.957627345716254, 61.585757537034056, 62.553042023004494, 59.12368240721375, 46.03948293205108, 34.534308469669405, 28.113648082400193, 77.71728824269357, 71.50616074185002, 71.17384093237854, 73.87098439405717, 75.31556849874246, 79.50601839448859, 86.71293358164212, 89.10200999101859, 90.35345225897056, 87.93175059106521, 85.4618844643763, 81.1779899120083, 78.20888706595855, 76.12437137787963, 77.78285111753138, 80.11753721672308, 84.89645491913177, 81.09674271680366, 78.77568674077119, 77.16652834135715, 66.0536611339943, 74.7167398263798, 87.1445391321816, 96.84894061715211, 103.71219007936503, 113.30900260326946, 123.05389310659669, 119.39765069381026, 131.3555959990458, 127.81724863738079, 121.3319941936335, 112.28894500968464, 108.6334833694557, 99.10160665662221, 94.57213632382685], [17.93738549929833, 18.445776250197493, 24.173157340550343, 36.351942923600944, 31.012843759371503, 26.959002971180478, 25.898112778797955, 47.64322836915514, 52.1676904502484, 60.4543725145493, 68.341308505252, 78.92167610067007, 70.89688568940886, 63.72445788229424, 55.893738215515725, 7.757176555876182, 0.0, 8.495149989051043, 21.70310232608255, 34.594540482820854, 32.23097141430753, 20.595211995783895, 10.712842111366898, 7.0790662256241825, 10.25248638852464, 45.41520870250363, 52.495498823036904, 59.80784264101973, 70.1219705423249, 78.53883998411948, 78.57512684213512, 69.65384732523705, 60.924981517980584, 52.90783488220168, 45.714605073571434, 21.381738503343414, 31.368225951134264, 43.03166357924242, 51.68069903263021, 57.883116769417846, 63.39187957739001, 66.88382691936819, 68.22877380389849, 65.26602321686244, 52.433520726360555, 41.53885120780077, 35.62296362512389, 79.48496164362354, 74.087120055969, 74.77569942514536, 78.17221491416433, 80.2254276021268, 84.81652722135821, 92.19160401215697, 94.0462944129451, 94.80704664276685, 91.78428502407981, 88.63394911386648, 83.6964158604822, 80.51928345290187, 79.46992604186735, 81.94014088958009, 84.83008770663902, 90.14260381477096, 85.77050520127588, 82.89402653901597, 80.48184303707664, 59.87141836534546, 70.07183303100555, 84.10114277302418, 95.06906818388889, 102.59137775636394, 113.21524747381251, 124.0087882295437, 122.58099949094887, 135.4738098427822, 132.86206591279586, 126.73556103849148, 117.86978361987856, 114.40924804224325, 104.98602155620026, 100.22350899629231], [19.327512890061413, 16.862033245239257, 20.209661491321743, 31.84320490817501, 28.353018519665557, 26.382475831608637, 27.317825848958513, 54.55213529637052, 59.37722831590187, 67.79005652560875, 75.54231880448015, 85.62522509251302, 78.0126358422305, 70.93148087215954, 62.94545179556927, 16.15622579207845, 8.495149989051043, 0.0, 13.352332683920215, 26.678008990361874, 24.689192366677393, 12.952106694217239, 6.5010042979012095, 11.047441918771288, 17.544453255734158, 53.161333084402926, 60.02403907303856, 67.102459153082, 76.89825889180781, 85.13867652941218, 85.297624681206, 76.79276159429301, 68.3348787381367, 60.476222955551854, 53.43349027003096, 29.007882916407016, 38.16057081575585, 49.06633932712034, 55.69857452425315, 62.568115340048955, 69.03189792874238, 73.14681370621686, 74.62949796422282, 71.91045065530561, 59.79637541207813, 49.20718306673396, 43.49467216030318, 81.92010404829847, 77.53293401940557, 79.29010129704945, 83.31966553791044, 85.86944664600166, 90.69479765848365, 98.03361140197322, 99.48663692489667, 99.83166295372448, 96.28276644885025, 92.51055182750027, 86.90567916398203, 83.52273026388988, 83.6257349938961, 86.87807472112739, 90.213635816326, 95.83565667306073, 91.10201076787908, 87.7730188665202, 84.58670688066094, 52.45456946596751, 64.47573613113158, 80.4070473826999, 92.82064444604875, 101.20954558339557, 112.93917468402462, 124.80848958236353, 126.0333011956835, 139.41686697719072, 137.64921928234764, 131.85407227724548, 123.10652914557316, 119.77905720934905, 110.44784271481329, 105.50142584455898], [25.167578937559373, 19.841646645846964, 18.109227909213608, 25.995040447273496, 26.56699433479674, 28.211129270675606, 31.629642496113195, 64.59576695751952, 69.96522141258632, 78.60036587516281, 86.05551504400361, 95.15682692292188, 88.19181427237885, 81.27730853988392, 73.10030664257893, 29.123098737129077, 21.70310232608255, 13.352332683920215, 0.0, 13.802235345353337, 12.915358467588002, 5.537791372357306, 13.72668974743474, 21.893481748689883, 29.401573111701982, 65.02695665794177, 71.69293683947905, 78.37394296725888, 87.31226128041621, 95.01656928740357, 95.2500418895047, 87.54059005580864, 79.57511883520331, 71.89171737091561, 65.1156627597356, 40.62984127639725, 48.67151017950794, 58.522357375124386, 61.89927219172769, 69.65699341877634, 77.51546730981708, 82.27869564690025, 83.74293392994342, 81.26551361161602, 70.69895856738232, 60.48401108821075, 55.19382786702101, 85.08544293138132, 82.40656748372008, 85.74335590886677, 90.60315859755951, 93.76602695205992, 98.767019470281, 105.84395592604145, 106.77305418774655, 106.55461991757, 102.31583220976555, 97.71584055303187, 91.16662380411161, 87.51685422099204, 89.414328062629, 93.76037163164686, 97.6302379607705, 103.49135888089576, 98.42206347834072, 94.54152634944774, 90.27161435779246, 40.119688556142236, 54.60455604109894, 73.37785722015035, 87.93563967312491, 97.70707301056007, 111.03070457209502, 124.42328207904688, 129.96893550311262, 143.68452641621252, 143.24428732899827, 138.0339012469196, 129.57412891178748, 126.59668091190721, 117.77890032014523, 113.07597610069993], [32.44618613144826, 26.457338073665333, 21.280733903204936, 21.848880935195606, 27.077164273552928, 31.708605274337334, 36.56794074832676, 73.02529946027262, 79.08070846619471, 87.96842353548175, 95.00170275390332, 102.8343703531042, 96.50074536435349, 89.78697315231503, 81.49451318207299, 41.54554703808099, 34.594540482820854, 26.678008990361874, 13.802235345353337, 0.0, 5.191333110399099, 15.024721323620813, 25.19786760587703, 33.11710413612685, 40.70875626705379, 75.98219465297247, 82.6126691873093, 88.87314096640864, 96.93872498078709, 103.78599143454291, 103.92464093385622, 97.17737964397978, 89.77975466907832, 82.18508718829317, 75.72544273930325, 51.19486918571159, 57.957817273022066, 66.69077442947456, 66.57353467272088, 75.05872696438017, 84.24188877592874, 89.35534557200621, 90.58645643445759, 88.30099114761036, 79.83325535983657, 70.10905372762922, 65.57115572139064, 86.01419320086454, 85.20705169364551, 90.04901902747208, 95.58493514768983, 99.21502931461505, 104.2003537334662, 110.78778465693102, 111.23803569905228, 110.51185422671058, 105.71036820687581, 100.43248407680761, 93.05219401261657, 89.20399731244046, 92.91300009667573, 98.23582592247375, 102.48422493964146, 108.34509239003735, 103.15609827505267, 98.87330067141332, 93.63524147564397, 27.412797114253355, 42.5457266596525, 63.70072725662792, 80.12552334498751, 91.24415427481509, 105.93335661313806, 120.61511849210606, 130.64576524541425, 144.27570940257226, 145.29976881953547, 140.83935358167165, 132.90365575355293, 130.58167470612287, 122.9356782472076, 119.33017997535889], [28.79206895631645, 22.359849811366296, 16.535828595447953, 17.454814808250873, 22.236574467277038, 27.121172423322324, 32.4107962777147, 70.41383299606268, 76.78594570541115, 85.8476649785301, 92.93540138595239, 100.83235586363891, 94.13873815371157, 87.2662174982891, 78.91978650037484, 39.02835911917705, 32.23097141430753, 24.689192366677393, 12.915358467588002, 5.191333110399099, 0.0, 12.152337233271389, 22.143240986841857, 30.079011518726745, 37.745561495102365, 73.96717870748489, 80.89650247657133, 87.33250880967854, 95.73844050486625, 102.53734342570365, 102.48974030517702, 95.58120994908326, 88.01289804471224, 80.16923793506645, 73.58253430780543, 47.95567380532762, 53.91837765862333, 62.133623608740876, 61.762514727903095, 70.19787595665332, 79.42527125559347, 84.76535714447753, 86.22574307320683, 84.31694552817827, 75.71872131567183, 66.54450559004196, 62.78086115350654, 81.20431640428437, 80.28043879320349, 85.1585053409302, 90.79458539785355, 94.58695559786571, 99.76893389439904, 106.59542480638893, 106.7609284123003, 105.87527281825662, 100.94935425056072, 95.5824408360858, 88.21234660496485, 84.3744201561595, 88.0409574641121, 93.44951503583563, 97.84694145555974, 104.00681885582014, 98.51902305806513, 94.09212591108792, 88.77082884546992, 31.146845602380555, 42.63762783292585, 61.95436365876894, 77.55020874716973, 88.02538622599212, 102.39453214338275, 116.90234503335927, 126.1671927749047, 140.6416247246915, 142.07377428219675, 137.84875771016567, 130.27425454093827, 128.43420514482497, 121.50821934228381, 118.72478084715306], [21.674194335636592, 15.51348861985418, 13.13878486758536, 21.980148685784773, 21.67117841236653, 23.453263538882965, 27.454804850682024, 62.80231955292906, 68.65861989898885, 77.54510478832194, 85.01446128194685, 94.03271250701746, 86.70351449954468, 79.61428187949649, 71.3534095158315, 27.783318046105478, 20.595211995783895, 12.952106694217239, 5.537791372357306, 15.024721323620813, 12.152337233271389, 0.0, 10.840731103337497, 19.465206498875528, 27.254619759122928, 64.30695030508471, 71.35435054439556, 78.19965123182254, 87.4400928364758, 94.96009793429522, 94.95137630266544, 87.17490458055782, 79.07373411516637, 71.08670337149886, 64.18540655093483, 38.12557987848512, 45.00449924195627, 54.14431699758787, 56.96717156529878, 64.73083971982582, 72.77114106364961, 77.86572289714022, 79.60057718744108, 77.60903508226652, 67.0462672282535, 57.56084768424234, 53.366013784697145, 79.8691862074124, 77.20791417283358, 80.71720320322248, 85.76540448202304, 89.17529602498273, 94.42113729669232, 101.74350627028893, 102.27948435001618, 101.81727646264254, 97.37218563436969, 92.60060589583004, 85.99089153237655, 82.33898211957924, 84.34269749130836, 88.88417896910441, 92.97509776008266, 99.20382983133973, 93.75621810573888, 89.65889555378934, 85.19757050497736, 42.083624711276585, 53.48114488238074, 70.59181965973184, 84.39023171660659, 93.56011592481705, 106.62618396981931, 119.93001800511402, 125.0731149004882, 139.7535810292664, 139.95990990854318, 135.11645202412868, 127.14713394271908, 124.8188657132919, 117.00758505795609, 113.43452318645248], [14.250567309778024, 10.606312778432002, 14.178519935611439, 26.242035025825665, 22.01830657738183, 20.017621124568173, 21.59843369544704, 53.24833608695296, 58.9215868841813, 67.76001204219898, 75.39254017654613, 84.95911751758572, 77.16067824745873, 69.93405917938085, 61.75771600179384, 17.277928924822533, 10.712842111366898, 6.5010042979012095, 13.72668974743474, 25.19786760587703, 22.143240986841857, 10.840731103337497, 0.0, 8.772116691134988, 16.52360417713675, 54.159554724075655, 61.44633757319407, 68.5231705126036, 78.29637383375224, 86.0132599986113, 85.8734188060829, 77.6520417941527, 69.26538286390377, 61.08831238683774, 54.02768090688079, 27.503834748892057, 35.07868919315608, 45.21969507550915, 50.3346814626047, 57.56238926468189, 64.69911723092413, 69.16811696592346, 70.75820277573823, 68.46504014938073, 57.076904616477734, 47.20412744446217, 42.91079405953793, 75.8388320038979, 71.83329725658655, 74.08831758818809, 78.45295772548545, 81.31549812477998, 86.33556345441592, 93.75477929696842, 94.78768970533721, 94.83107340027026, 90.98780371428123, 86.9339364452301, 81.068788529367, 77.6174134452833, 78.20852293569051, 81.86234868976409, 85.46436664897053, 91.37479482484513, 86.31582649352937, 82.71747803209927, 79.13916317081456, 51.2119544505553, 60.35867092369305, 74.90963486413517, 86.80026801005816, 94.88557588760737, 106.55373943340025, 118.51114407391735, 120.24943502095199, 134.33127957865258, 133.44277266128927, 128.14598253743475, 119.96212092654352, 117.42821295063565, 109.42220988138538, 105.99931714631738], [10.947530718094606, 12.36888452343286, 19.17448052827784, 31.12178688535885, 25.011374510709103, 20.23456831964989, 18.820704943243253, 44.91826042002203, 50.48409235327759, 59.31208643939687, 67.00689103220898, 76.84566151178252, 68.77401196278056, 61.48233946491517, 53.3731959386026, 9.895286249243426, 7.0790662256241825, 11.047441918771288, 21.893481748689883, 33.11710413612685, 30.079011518726745, 19.465206498875528, 8.772116691134988, 0.0, 7.809017279964616, 45.77010091207908, 53.26303132180592, 60.427457191912445, 70.46837041692602, 78.16786162309536, 77.8910369908501, 69.4737680829469, 60.96818674357877, 52.647611205738094, 45.530040893967076, 18.824308931440775, 27.546584350556024, 38.92985664022812, 45.80121124115158, 52.55935263250055, 58.939821078063964, 62.54663957222051, 63.71446611455557, 60.886912810195696, 49.319040725789854, 38.75110231625457, 34.157360090560424, 73.10318983907845, 68.12605815962384, 69.28442211942553, 72.93964453470396, 75.16750988856269, 79.78072853231164, 87.03650252082075, 88.67200425943055, 89.26054001764079, 86.05540085441166, 82.73055761820262, 77.53465960242171, 74.2760854180553, 73.72347567982814, 76.52888917493658, 79.55097669531456, 84.89939807242936, 80.44889975198862, 77.43122430717328, 74.69588740784828, 57.91673391011159, 65.32277350699407, 77.95534977013514, 88.35221899482974, 95.71709117290523, 106.21283599033696, 116.98307325921166, 116.2154993223293, 129.2094419013059, 127.26751019569194, 121.55128670006951, 113.12764092112025, 110.36692828353353, 102.22590157845643, 99.06251886203133], [14.24972906302295, 18.490589543480674, 25.94518036782184, 37.41939022163982, 30.432784226545866, 24.273762067307178, 20.694838054663993, 38.266729944943165, 43.4855061252187, 52.1813044301849, 59.98736013319347, 70.28398903662618, 61.87926752916979, 54.526361332573174, 46.57419946999726, 5.786494323172192, 10.25248638852464, 17.544453255734158, 29.401573111701982, 40.70875626705379, 37.745561495102365, 27.254619759122928, 16.52360417713675, 7.809017279964616, 0.0, 38.39243103644642, 46.07601226045742, 53.38816203361334, 63.81553078574677, 71.62593465897841, 71.24491240680787, 62.493971147787185, 53.79135884383908, 45.34526780621231, 38.12447125875379, 11.473518010360076, 22.02158845464364, 34.609498038990814, 43.651336815377945, 49.630953523196574, 54.92798487621742, 57.62530306303358, 58.43793622905267, 55.10424191653344, 43.02079377632759, 31.705643137388524, 26.577368200757352, 72.35408401051252, 66.40192009857833, 66.37742927227096, 69.25600087700901, 70.82427432781239, 75.03803569914278, 82.17471198901136, 84.3960583392389, 85.52381085191729, 82.9729223352249, 80.39207398194714, 75.93689779959792, 72.91420626693764, 71.15088321419022, 73.04093907235182, 75.46809906894782, 80.28130028235121, 76.41712179557165, 73.99668123125726, 72.1657213054114, 64.7916213875461, 71.25402478940296, 82.43620964884556, 91.56456911563721, 98.22291490387553, 107.6334372243059, 117.29091543556325, 114.01372124868745, 126.07280507980319, 123.0696015400806, 116.91742348936965, 108.24613034444414, 105.19459669237531, 96.77349284207048, 93.64879059152395], [48.5645791524966, 55.12930518018912, 62.86179759996256, 72.66041836749255, 65.5184666110543, 58.13321122831355, 51.61769937760337, 20.380339369841565, 15.418247157587112, 18.388413421556738, 26.232615590654223, 39.420905394117824, 31.516454215720543, 26.11673891219968, 22.464187956500073, 38.03570411045603, 45.41520870250363, 53.161333084402926, 65.02695665794177, 75.98219465297247, 73.96717870748489, 64.30695030508471, 54.159554724075655, 45.77010091207908, 38.39243103644642, 0.0, 8.335126180939673, 15.840701440391236, 27.77874434857393, 36.52998460821397, 36.243958774932814, 25.65281696218193, 16.156766942162843, 8.567373408987727, 3.477316417181791, 30.58067839293136, 36.897415823950006, 47.05900560230024, 59.7566545433169, 61.74234446904387, 61.46972835929124, 57.657430920827004, 54.59758165490992, 46.75314503995158, 39.20505592537928, 26.714936329437098, 16.113012720388262, 87.944891