{
	"dissimilarities": [[0.0, 8.546584474287258, 15.769929484790628, 24.584191355225435, 18.609258514052968, 12.637466323153783, 7.813880471633349, 40.84170698836147, 47.61747120867125, 58.06413492037387, 65.23467105119971, 72.26876355078862, 65.71484829178183, 58.68391878782437, 49.17658282947379, 16.34031414830621, 17.420505238359937, 18.95101999911163, 26.71965195236085, 33.32003594806036, 30.32777777618922, 23.675399485857255, 14.727715173507058, 9.31533702206431, 10.586244669252833, 46.3520680973667, 53.65490352632797, 61.16836760896635, 69.80595410619352, 76.67618693527896, 75.70865475860565, 68.39915216127366, 60.267927780296525, 51.8855109513983, 46.23598712486275, 18.656190194803496, 28.03233959158845, 35.945870838556424, 39.21756997790043, 48.02298376407503, 53.84001739614545, 59.22146695274138, 59.995148976850935, 56.54737388201668, 47.67265252725501, 37.82272118996586, 33.85585892922715, 66.75289689646134, 64.01020424199129, 62.470983931630634, 67.69576119015106, 68.70630080726295, 73.0808928155145, 81.6486320412975, 81.54262696379102, 79.90789383139396, 78.2194405202716, 74.51696872385058, 70.17676362822117, 66.78039807716529, 65.64443241832382, 69.94959464840014, 73.31246631072433, 79.26837455128639, 74.11754563891414, 70.72911507891023, 67.40335585657044, 52.39297397444501, 57.35844270954295, 68.31549510294184, 77.33372295299996, 89.74527302841038, 93.74142313357149, 99.87937754098408, 104.27479950528435, 110.91291407998715, 120.35234470469769, 115.14035224437123, 106.32667620437228, 104.031068758758, 98.366524826677, 93.67785130419507], [8.546584474287258, 0.0, 8.15372177136042, 18.469820553695616, 14.293179435084024, 11.670244600794193, 12.925450750658914, 49.3271321943259, 55.93595450613048, 66.20109096255297, 73.53826913532198, 80.69702361270643, 74.18603614403378, 67.16308605483114, 57.66210810546031, 19.36718731127822, 16.64001785331825, 13.980716284394337, 19.38246572739446, 25.86342437881702, 22.53406642865075, 15.593076129604254, 7.978695067023304, 9.692780606883973, 15.671535455097823, 53.641723652250626, 60.94422736228705, 68.65545840071192, 77.31088835149252, 84.44169941284008, 83.64714214346233, 76.18107675171348, 67.98718147012265, 59.649242678784454, 53.847509536907296, 25.54219373098141, 33.992121029819266, 40.88772438977887, 43.32077803495849, 52.234286927038774, 58.572668983677886, 64.88106241353637, 66.53542232565466, 63.887854044438015, 54.54133504190517, 45.556166419778094, 41.70483005996387, 69.33090553015546, 67.30156644660651, 66.85676828174205, 72.65951344424582, 74.34304295269871, 79.25504503780245, 88.38196905639292, 87.59131949768646, 85.29587961045227, 83.03807647023557, 78.46816392176005, 73.51221218691867, 69.71617758163652, 69.6690599583948, 74.87535122145393, 79.01103729910591, 85.76999472949454, 79.79270076572344, 75.6417656353063, 71.40599149392168, 46.40123887001114, 53.14278754676341, 65.97038457055727, 76.46375666404832, 89.44203817839818, 94.5672256000718, 102.16825550808322, 108.53264850192235, 117.07143492009273, 127.45521628667665, 122.67073146268672, 114.14893898657526, 112.09997397855611, 106.4022936566785, 101.25421827890821], [15.769929484790628, 8.15372177136042, 0.0, 10.852669559235835, 9.510602062383011, 11.92612378876628, 17.19606123863834, 56.393236390039704, 63.32083705942034, 73.78264028112778, 80.84999151119176, 87.61807810199683, 81.21136149813593, 74.21720526490522, 64.71347862212345, 27.186443940323656, 23.3344333145275, 17.916204926830904, 17.518857820525174, 20.56480734752373, 16.746766597766207, 12.80110383065074, 11.628369387462154, 17.479996999189527, 23.7347755955796, 61.695524410300266, 68.97772713089238, 76.57919370275877, 85.0083336547597, 91.84001969579049, 91.06672897594903, 83.91340576133928, 75.85129119453367, 67.5260818426041, 61.80151693726228, 33.232465437382835, 40.07400467967081, 45.417898417837826, 45.406057583225056, 54.16366484154484, 61.62393944391228, 68.76407239668788, 70.77849022806585, 68.92485684183333, 60.40460732923668, 52.35916624228724, 49.43326430620235, 68.61892600439495, 67.6607707228021, 68.93379624196446, 75.22457826856187, 77.57577510715838, 82.71187725487513, 91.91186366771295, 90.4976994201936, 87.66028358434716, 84.7924238235069, 79.3693070528101, 73.62625347550544, 69.39216385501442, 70.98554575352657, 77.18164538118708, 81.96316893854524, 89.13013456444484, 82.66556647083043, 77.86078478036997, 72.55415378358167, 41.3753604566448, 46.655395014015966, 59.93787291871619, 71.36872528395578, 84.75985433230444, 90.9815122744827, 100.09448453504976, 109.0753076624546, 119.14636104536767, 130.36563326397638, 126.25303032277208, 118.28584005869082, 116.9264955480517, 112.08581165631246, 107.82029258446822], [24.584191355225435, 18.469820553695616, 10.852669559235835, 0.0, 10.426026966807253, 16.984710344109644, 23.40216358735585, 63.42663476212538, 70.75337347297031, 81.5005250472201, 87.92844108106333, 93.88150661682899, 87.80533798605144, 81.0459886034621, 71.59858387016098, 37.815081603470446, 33.98927697785199, 27.713323639780274, 22.54334735644403, 19.00450920039036, 15.69884126147653, 18.687161359498692, 21.998151566466014, 28.09873719624473, 33.8681648624992, 70.79507163640987, 77.93622942635207, 85.12992577340393, 92.95008207137636, 99.02256170910962, 98.26668347195867, 91.88791492617491, 84.22997480889731, 76.02134668209361, 70.58266706605212, 42.63112532719441, 48.18687028808028, 51.98710821157323, 48.46516158445646, 56.71024880165843, 65.74200287492047, 73.45915940838434, 75.22607951268266, 73.98689831517893, 67.39480018774694, 60.05928664888583, 58.093784926196804, 67.18686839590274, 67.81897623729652, 71.478430313518, 78.0853270930224, 81.01257119806647, 85.95891310525919, 94.55705736174498, 92.7148429705967, 89.55817749836558, 86.08770159869047, 79.8777110506874, 73.1439656694502, 68.41450550871946, 72.34844661222805, 79.55074844115039, 84.74474247069207, 91.7364727763652, 85.30826906628056, 80.06157271657592, 73.57318739131404, 36.40667730158941, 36.57384631114717, 49.78536943195126, 62.27380724139517, 76.49431584684265, 84.3674114368056, 95.50861052619214, 108.28304743781263, 119.17607363037295, 130.6106207717348, 127.30811639855257, 120.02489035736146, 119.50712364233978, 115.92314869086108, 113.33838473293702], [18.609258514052968, 14.293179435084024, 9.510602062383011, 10.426026966807253, 0.0, 7.63097092401386, 15.756558077748958, 56.26392187094969, 64.00412590703279, 74.93877906956214, 81.47323703745063, 87.53821591249066, 80.96470979683863, 73.74877677976278, 64.44938804963085, 32.314167692638485, 30.389894593550057, 26.624753826347764, 26.717591448434344, 27.360990502282366, 23.515684216172275, 21.831601926606414, 20.01324256623426, 23.185617714509547, 27.580311940710185, 64.31205087383984, 71.72968721247024, 79.14496703268537, 87.67704278691153, 93.91140217327091, 92.75444509919517, 85.9720078142809, 77.93481677353137, 69.44667641510692, 63.9205634833554, 34.83963496268565, 38.4873021256065, 41.64091766655082, 38.51607559580828, 46.95792308882837, 55.53273876767155, 63.25087711707496, 65.38779247094232, 64.4922482631723, 57.48302198330743, 51.05373593619597, 50.52703168676572, 59.58509792963051, 59.19667377098944, 61.74529350359303, 68.30173556659328, 71.15359932502184, 76.36093388294584, 85.58124116503505, 83.5644020364977, 80.3181675312832, 77.02765554940287, 71.11916104963126, 64.94141592928368, 60.513173142831874, 63.12122966962976, 69.96927878036834, 75.17318146779428, 82.63047032864176, 75.79307159992095, 70.55537940558057, 64.52737430997925, 46.40098910415804, 45.137772913688394, 54.11864213408288, 63.98706743692536, 76.33099816606517, 81.81907330976402, 90.74549984076009, 100.44342757240226, 111.68079572415809, 124.34971515403915, 121.07273517111223, 114.01701235889733, 114.02499789476259, 111.38378441921274, 109.54308882799943], [12.637466323153783, 11.670244600794193, 11.92612378876628, 16.984710344109644, 7.63097092401386, 0.0, 8.621083706990731, 48.826918377169434, 56.60915550165501, 67.5574045780907, 74.15211250218137, 80.35114721663352, 73.62678030958206, 66.30252839456625, 57.02482066394308, 26.9475022343117, 26.773662649207445, 25.342195143977428, 28.947508722274687, 31.996307797085976, 28.28738650403789, 24.335900346714237, 18.94733809075528, 18.725559923566237, 21.4808167652151, 57.09178080643624, 64.54351390967916, 71.95313056049578, 80.67462324168979, 86.96005768461997, 85.67009353703794, 78.75321342974195, 70.63296898414593, 62.092864589548654, 56.590898697002714, 27.64419665832722, 31.43217474749676, 35.46871964645153, 33.88528125286442, 42.63748886135585, 50.477344506109944, 57.538281859728876, 59.27372355990696, 57.778241622430315, 50.42512807234462, 43.491853173905305, 43.01814347703641, 57.988437022604046, 56.52181168911452, 57.51720957811291, 63.65970694275054, 65.92981517992399, 70.92045844978571, 80.07707372991283, 78.58460102714879, 75.82590196312277, 73.07836718910688, 67.96801819944785, 62.51397631965753, 58.50769997585694, 59.55650437061286, 65.53228387481185, 70.16015038420989, 77.25407362129246, 70.84507769564952, 66.18898519517825, 61.11159731383687, 51.293218725809645, 50.81399400801264, 58.87406634251256, 67.44983338827755, 79.17049696580271, 83.33993868478764, 90.58324285545848, 97.68091405112644, 107.4956975305298, 119.60655640254585, 115.83087328073738, 108.41129076742016, 108.07591104922909, 105.18005667277667, 103.20464200417197], [7.813880471633349, 12.925450750658914, 17.19606123863834, 23.40216358735585, 15.756558077748958, 8.621083706990731, 0.0, 40.57985566640546, 48.25887695984097, 59.2189144120027, 65.72320151903816, 71.93926261053727, 65.33271351995877, 58.17280344209167, 48.79978565855933, 23.06399956238313, 24.915526843104303, 25.852969069667342, 31.7641626094207, 36.20209583886466, 32.98190563136627, 28.081250742114054, 20.581940654393968, 16.586461020468803, 16.702381651271924, 49.36569418107061, 56.658878093032754, 63.80759545601149, 72.27952242597087, 78.39411904909277, 77.11576983690745, 70.3795901364007, 62.44215438358604, 54.00616697281113, 48.68318828543793, 21.41956655365559, 27.160858003588363, 33.096395560199184, 33.28538309742356, 42.009156477428164, 49.031120295519905, 54.82888271984127, 55.381983635543506, 52.55916847464612, 45.46421641571074, 36.88975591348807, 35.43480303417795, 59.52920726000381, 57.22398075593642, 56.740308490345626, 62.135778839783754, 63.46680140824323, 67.74601279149927, 76.11346966172331, 75.66545862310873, 73.84094501001289, 71.86362834558028, 67.8727814954165, 63.164517887487904, 59.62713055437091, 59.321973856438596, 64.1044649037072, 67.68374845211395, 73.63989273437438, 68.41185580740313, 64.79121860989675, 60.92032701098912, 54.48677642795017, 54.92988304731723, 63.01384419413996, 70.81953037396264, 82.586594932906, 86.10536689614072, 92.09691200480505, 97.23281468919205, 104.34293760008674, 114.62488672288542, 110.05663720048818, 101.93180128187176, 100.76108162316973, 97.00918258431403, 94.64813629264603], [40.84170698836147, 49.3271321943259, 56.393236390039704, 63.42663476212538, 56.26392187094969, 48.826918377169434, 40.57985566640546, 0.0, 8.96442263932134, 20.099425668814174, 25.709261145684817, 32.41700133353223, 25.118293189471192, 17.85208485903072, 8.345822153714876, 39.952107920620584, 47.62472051547784, 54.927793215361525, 65.34982394265303, 72.5499573802865, 70.24940829560254, 63.58196680855142, 53.74811888082414, 44.454687344750404, 37.27494839747165, 20.80293063941074, 24.97623586967518, 28.924907382478324, 36.72189852403545, 41.465886809811536, 39.0219362811096, 32.850413804415155, 25.98587153313556, 18.95987342317778, 17.36430547077176, 28.388699288114665, 31.279556288514982, 38.747081097199406, 46.11742357434107, 50.39465941816512, 50.23365944708789, 47.93971126064, 42.82116904667996, 33.51830314603112, 30.18124754072146, 17.671116897697978, 14.114073927875257, 72.71096131376498, 66.71337728491602, 58.9455136012001, 59.49313803950615, 55.927361320039424, 56.1020919840295, 59.90999452604222, 64.60335395218979, 67.42456450477917, 69.61209445377375, 71.57200722906961, 71.58689905345649, 70.97242536004177, 63.8169993939212, 61.75704294711038, 59.62459434748009, 59.49850447925982, 60.507608548743384, 62.5438353989049, 65.45293062495577, 87.81702708964866, 89.2775507465186, 94.13064932456433, 97.19220736097039, 106.12388407903167, 104.87186671580659, 103.46919399486939, 96.28319125426616, 91.40166315706097, 94.21046052708414, 85.92552598298307, 74.998805861992, 70.15917792219665, 63.49528006446086, 60.539408759243315], [47.61747120867125, 55.93595450613048, 63.32083705942034, 70.75337347297031, 64.00412590703279, 56.60915550165501, 48.25887695984097, 8.96442263932134, 0.0, 11.29096367444139, 17.898720037467204, 26.170184381223777, 19.1997997567096, 13.274933204291349, 6.471618723447403, 44.67177317740431, 52.25968026750428, 59.980631406020606, 70.70143387513822, 78.4384871861669, 76.38823370143825, 69.43137315300022, 59.61843857881309, 50.245701045009426, 43.03555574170719, 16.52656714096751, 18.151207087820858, 20.4522046175129, 27.905762933769182, 32.98011052944807, 30.53250891345651, 23.888028349423923, 17.34382487016512, 11.608831899468184, 12.766041968811205, 34.373919569319135, 38.26125253338518, 46.118560951091986, 54.66054841480406, 58.637015861923466, 57.474952623217625, 54.21401627218986, 48.782170313659975, 38.97211079759198, 35.595877430810525, 23.900865825100603, 18.017097215787594, 81.12185076906566, 74.85061762727058, 66.30885328007993, 66.24593689050765, 62.074588483528814, 61.66770365190941, 64.52541221720699, 70.07797885259261, 73.58344196887491, 76.36004190258112, 79.0417149535217, 79.60199364392584, 79.26277934635745, 71.46005274106716, 68.57245707547769, 65.69031045775772, 64.56755821805005, 66.58735051917508, 69.37788686667355, 73.10751995854118, 93.1056646232415, 96.26253986563651, 102.08922810181274, 105.37402224984973, 114.51906430153323, 113.24325669090894, 111.36777859788111, 102.79912671436121, 95.79544379331301, 96.30275777959567, 86.98190215413425, 75.1492560161114, 68.48191457153241, 59.15975600382802, 53.583625299434985], [58.06413492037387, 66.20109096255297, 73.78264028112778, 81.5005250472201, 74.93877906956214, 67.5574045780907, 59.2189144120027, 20.099425668814174, 11.29096367444139, 0.0, 9.39038318254165, 19.78470332480207, 14.211017892248996, 12.694147812513846, 14.324262207227708, 53.463884205511185, 60.936736908091575, 68.99481712912338, 79.98139600700932, 88.164275451685, 86.29542343525868, 79.0787164058102, 69.28349488871116, 59.894860393354605, 52.698388977896236, 18.605823471645323, 15.229115659468508, 12.489658364464377, 18.426543462533417, 23.479933621316565, 20.601422489227247, 13.17921322830259, 8.639270342192155, 10.013248565331882, 15.773328567425265, 44.09488533578762, 47.820086732036415, 55.423699916743395, 64.86636416416232, 68.23577546951978, 65.83399012165376, 61.35194133726419, 55.54339542893648, 45.478060415559426, 42.67445366360541, 32.82165883280656, 27.059548763472275, 90.75789973854596, 84.08453761200566, 74.5704445607385, 73.66976598680728, 68.77217535901849, 67.61187860187816, 69.28129324920803, 75.77046663330228, 80.08952974236827, 83.60952997102157, 87.25934334559142, 88.61181349108823, 88.70617844007347, 80.00607285302047, 76.02145211198372, 72.19307082006085, 69.86313055933519, 73.09181547926582, 76.83483119717724, 81.64288213020812, 102.32021039822791, 106.67415343351372, 112.88238847222414, 115.97237477720134, 124.92868133862208, 123.19655755383117, 120.33107377665078, 109.5661774893022, 100.04462838635344, 98.09464838237496, 87.69192042737917, 75.10507120413548, 66.58955956502318, 54.70099691056426, 46.379759616298195], [65.23467105119971, 73.53826913532198, 80.84999151119176, 87.92844108106333, 81.47323703745063, 74.15211250218137, 65.72320151903816, 25.709261145684817, 17.898720037467204, 9.39038318254165, 0.0, 10.559575785914179, 7.426398329119171, 12.192889627254608, 18.194963932401546, 61.97743569744935, 69.38951750182508, 77.13990251121398, 87.6191382041765, 95.17898071878739, 93.38800347545038, 86.70243919785464, 77.11954661019548, 67.85067173389554, 60.73143611822303, 27.983194024107558, 24.001994954691288, 18.753114166641712, 19.007345726296084, 19.177861163539298, 15.311833743917317, 13.617902295497974, 15.490474870387091, 19.380055087635228, 25.11681173776841, 52.14799383693299, 55.0265943481149, 61.65500022102467, 69.61230153700616, 72.19932349779481, 69.84588581723052, 64.53229052859544, 57.51350690274528, 47.17571652896387, 47.59831979511464, 39.19418380525238, 35.26793871051308, 93.33918806289356, 86.83805744232917, 77.53876239183863, 75.91564337823738, 70.50142149009609, 68.15709905259408, 67.77189245167908, 75.27905691457711, 80.5286239877473, 84.57244796231271, 89.02004428581304, 90.74924043474876, 91.15940955970423, 82.55787986749216, 77.90574785394368, 73.12986639249876, 68.96775898258176, 73.92428898976749, 78.59685510973064, 83.95911780516593, 108.3803799168049, 111.1603330907939, 116.08636193259098, 118.13610999764255, 126.5683856959706, 124.32590535490522, 120.58812533978296, 109.04409517024645, 96.479960402442, 91.8298825826052, 80.74300740480045, 67.66824094747236, 58.196218007845445, 45.984609552354115, 39.74657064213666], [72.26876355078862, 80.69702361270643, 87.61807810199683, 93.88150661682899, 87.53821591249066, 80.35114721663352, 71.93926261053727, 32.41700133353223, 26.170184381223777, 19.78470332480207, 10.559575785914179, 0.0, 8.537088217661864, 17.05835630875918, 24.49064738127292, 70.68195952035082, 78.0290314534451, 85.3740775715408, 95.22894805190207, 101.9832158769312, 100.23988591970544, 94.21284462575325, 84.89616766851556, 75.81191335535831, 68.81914176200135, 38.31348171786863, 34.534518456706174, 28.788589078727373, 25.95435706985251, 21.246450423595892, 17.308849599075323, 21.676751940295485, 25.838778131449427, 29.790427065383422, 35.2583623614662, 60.30634986974172, 62.273133128626576, 67.80571002372507, 73.84637928990827, 75.59263000938022, 73.55607964600064, 67.60835099127688, 59.39608700358967, 49.103879888978405, 53.00857413599624, 46.04638388584668, 43.90587083891021, 94.8076395273514, 88.662203020582, 79.92929495541506, 77.63411198676988, 71.83411347329829, 68.23808397733885, 65.50090132339419, 73.98613041432726, 80.15558163998942, 84.63839744702501, 89.8135186851686, 91.82570842963058, 92.53244419588059, 84.32561883986273, 79.1520930893606, 73.48841499400568, 67.3497877997203, 74.14021678569684, 79.68272150221665, 85.42661629074055, 114.19147590072893, 114.81918142866502, 118.03330048459065, 118.80281204555392, 126.5312326369211, 123.72762908846585, 119.10384482753774, 107.11410946707484, 91.2771120391386, 83.60685160021559, 71.88034343602017, 58.342182332444615, 48.011592632213905, 36.397112465538505, 35.18905802555744], [65.71484829178183, 74.18603614403378, 81.21136149813593, 87.80533798605144, 80.96470979683863, 73.62678030958206, 65.33271351995877, 25.118293189471192, 19.1997997567096, 14.211017892248996, 7.426398329119171, 8.537088217661864, 0.0, 8.596498775898072, 16.86551188795137, 63.80239238562486, 71.43025440246087, 79.01843968761602, 89.3455163262033, 96.42610329593025, 94.44642147338396, 88.03745526841512, 78.38787120552757, 69.0992710632569, 61.90331781228377, 32.03533590594107, 29.36924250822874, 25.391247942218005, 26.394401397114617, 25.278155465580177, 21.18389156288705, 20.880558504094402, 21.70929802071154, 23.74990211514936, 28.699906631394622, 52.86923008457756, 54.08463064605173, 59.5130806067737, 66.23991991554324, 68.10350772752902, 65.72322933477871, 59.94629018825806, 52.220814089726645, 41.864849015618375, 44.62416443327621, 37.69233732620661, 36.28382691099045, 88.31818344241475, 81.8344763129552, 72.637641700622, 70.60029294860854, 64.96381602141975, 62.039508914452746, 60.84191744765179, 68.66193529020349, 74.2623120220505, 78.51891950163704, 83.3665778498688, 85.37470253481185, 86.03348762915837, 77.38311349046805, 72.36423974021882, 67.14564639367676, 62.23027967310231, 67.88124817614744, 72.98242535394817, 78.6451695954419, 109.84689704983138, 110.54024475057165, 113.70378870744156, 114.65546252699342, 122.19744965007952, 119.15606196834393, 114.58347946909178, 102.31894028997377, 89.101445677367, 84.82930235041964, 74.0120763326813, 61.34278538846757, 53.09411673959387, 44.11434830588086, 42.774371025911016], [58.68391878782437, 67.16308605483114, 74.21720526490522, 81.0459886034621, 73.74877677976278, 66.30252839456625, 58.17280344209167, 17.85208485903072, 13.274933204291349, 12.694147812513846, 12.192889627254608, 17.05835630875918, 8.596498775898072, 0.0, 9.578225596480697, 56.720923800489444, 64.5798635884861, 72.29768797770943, 82.96392454438002, 90.24293766196223, 88.03178733138658, 81.3410010188529, 71.43117892148221, 62.01052954102432, 54.67013733457455, 27.00615502968214, 26.24903383467885, 24.98016578250579, 29.646922044843627, 31.30733511395721, 27.50254277422657, 23.846133744856672, 20.91010151379426, 19.73805270983389, 23.359360951912876, 45.17406777000816, 45.598775451993276, 50.960582419277166, 58.23982300568511, 60.346471565260714, 57.86378208525268, 52.518164136432695, 45.40076982246175, 35.04573267490417, 36.3543282896376, 29.117496623034558, 28.6991237415642, 81.51412969049463, 74.80145563225888, 65.35909570234058, 63.761913719281985, 58.454864047000136, 56.38322403582658, 56.9604252422319, 63.888171544950495, 68.74101202346772, 72.60655581241107, 76.91985733765661, 78.74896461053238, 79.26614383440666, 70.39014042170993, 65.76560598210382, 61.20594688337275, 57.77720515788914, 62.02224524249515, 66.46833362784064, 71.81162898659367, 104.76520865480254, 105.36841365228365, 108.46547433650142, 109.64934089297209, 117.08054055856364, 113.96074201093818, 109.6775935245576, 97.6881209444362, 87.37381960598142, 86.43681857402325, 76.62963137298968, 64.87233474639041, 58.529026284938766, 51.63142926337928, 50.4037014893553], [49.17658282947379, 57.66210810546031, 64.71347862212345, 71.59858387016098, 64.44938804963085, 57.02482066394308, 48.79978565855933, 8.345822153714876, 6.471618723447403, 14.324262207227708, 18.194963932401546, 24.49064738127292, 16.86551188795137, 9.578225596480697, 0.0, 47.77527696442996, 55.51271875390177, 62.99897498051041, 73.47784334895975, 80.67451049044239, 78.45490615818528, 71.8313948211918, 62.006673401746475, 52.67198146326293, 45.43350470361489, 22.23950461692724, 23.938178347529476, 25.48207902584895, 32.02880742771153, 35.520076070121306, 32.53351377986162, 27.32105297860772, 21.883760825097614, 17.12632065294449, 18.397204676959866, 36.302215345673794, 38.049326337923105, 44.51810836114649, 51.783561662729966, 55.01511002342405, 53.796569597915195, 49.99337789415474, 43.74822505936708, 33.66443661029814, 32.7138074091761, 22.568942853595534, 20.55395373642497, 76.79912276283966, 70.4826697093721, 61.94231646711638, 61.46296699804508, 57.02849930925461, 56.08809475176926, 58.31367901874237, 64.14082373735069, 67.97657704800989, 70.96982186687873, 74.06039572910406, 74.90459876192517, 74.81483143689913, 66.87829089271963, 63.5945955049921, 60.26707433247977, 58.493320248144734, 61.11910492287034, 64.3379845320427, 68.40398173805842, 95.41407024088157, 96.47269200134546, 100.53083428579639, 102.70983824218088, 111.0140105769426, 108.94974502437591, 106.24527336340859, 96.945446647223, 89.34845098047619, 90.21186034972406, 81.15688020186987, 69.72484882563576, 64.06764028378679, 57.051198525399386, 54.70939960155553], [16.34031414830621, 19.36718731127822, 27.186443940323656, 37.815081603470446, 32.314167692638485, 26.9475022343117, 23.06399956238313, 39.952107920620584, 44.67177317740431, 53.463884205511185, 61.97743569744935, 70.68195952035082, 63.80239238562486, 56.720923800489444, 47.77527696442996, 0.0, 8.425716739350422, 17.328440855695614, 30.538367855662113, 41.1212648897467, 38.51230480314016, 28.836958922565778, 18.354235950239552, 9.731237118316148, 6.613578606837603, 37.89513358294534, 45.239252146950584, 53.688827962669954, 63.498521547638646, 72.12011327060947, 71.31737099369128, 62.33641220893257, 53.48779992006886, 45.253804162944235, 39.007007248072725, 13.857227454761432, 26.48675841053822, 36.95517534212962, 46.650991114486274, 54.99985929383269, 57.469159218280765, 61.55711404290601, 63.11043948782808, 58.949290899515276, 46.27176077118234, 35.69522191965273, 28.595922595816454, 77.09993197033093, 72.68923779166342, 67.99682328144856, 72.53306961404098, 72.73534455368574, 77.41344001311005, 86.82810958415469, 87.18156554514258, 85.86661944420278, 84.98990065624919, 82.30306828866298, 79.39003321436843, 76.70273702850523, 72.71438450454063, 75.47449783828505, 78.26046057545014, 84.54282394027436, 79.252056142247, 76.48519706858102, 74.88206096001569, 61.01984112351766, 71.68719500277567, 84.35734367445012, 93.5246385410896, 105.39391048984363, 108.30911176024276, 112.79049842307218, 112.93497813860203, 119.06548706727908, 128.2348870774557, 121.97130898262786, 112.29923192776442, 108.54674880483898, 100.41631337564293, 91.99051131011028], [17.420505238359937, 16.64001785331825, 23.3344333145275, 33.98927697785199, 30.389894593550057, 26.773662649207445, 24.915526843104303, 47.62472051547784, 52.25968026750428, 60.936736908091575, 69.38951750182508, 78.0290314534451, 71.43025440246087, 64.5798635884861, 55.51271875390177, 8.425716739350422, 0.0, 9.407883888093595, 22.94897425693382, 34.27156506084572, 31.89256093049727, 21.798336686812007, 12.4537101163528, 8.385839253607953, 12.039571590478706, 45.23475909605936, 52.27482302243298, 60.57872166711144, 69.89356156914224, 78.53194680509682, 78.046032510765, 69.26284255605371, 60.67542099729353, 52.70535466251339, 46.54936050739397, 21.893263601743843, 33.66861083629844, 43.2444463008044, 51.53046878766524, 60.17624485048493, 63.53120474702506, 68.4144805676829, 70.35682533223658, 66.6187477598984, 54.16284576824871, 43.934058600682484, 36.80043954469207, 80.85073065029914, 77.18180437290974, 73.66586559577195, 78.70560926252885, 79.42932027041688, 84.38571083519662, 93.96200677709913, 93.9321186244229, 92.20641290286507, 90.86073510889933, 87.45057116270549, 83.86989428046277, 80.76846474357603, 77.95382361452597, 81.54364005278481, 84.88860942970624, 91.55348252224229, 85.84433264033532, 82.51826262199504, 80.05856488824, 54.4173610366358, 67.61070425135154, 82.39265738283368, 93.00068334474923, 105.74159488035328, 109.94894225560665, 115.9403950808948, 118.27365943296518, 125.46918109443904, 134.78953673086528, 128.73631728198777, 119.09576532366327, 115.26759545985516, 106.68766166813757, 97.61370704843385], [18.95101999911163, 13.980716284394337, 17.916204926830904, 27.713323639780274, 26.624753826347764, 25.342195143977428, 25.852969069667342, 54.927793215361525, 59.980631406020606, 68.99481712912338, 77.13990251121398, 85.3740775715408, 79.01843968761602, 72.29768797770943, 62.99897498051041, 17.328440855695614, 9.407883888093595, 0.0, 13.648260716305503, 25.22389368671367, 22.959096168128692, 12.752627926492055, 6.646217819707912, 11.695241002268359, 18.68650157434818, 53.95262725559274, 60.86877548254585, 68.91776163237601, 77.66860477818392, 85.92232858463944, 85.61825610237524, 77.33386983022325, 69.0421544185772, 61.150337497874695, 55.12354592901016, 29.63701400677418, 40.44960433717821, 48.87272022064125, 54.75638843243227, 63.61523970443781, 68.33152496326859, 74.13079039643515, 76.2697307010211, 73.06895251542977, 61.493429920157794, 51.6694636670051, 45.14965153372835, 82.12511200885744, 79.50053843800653, 77.68740753904359, 83.28496697985081, 84.63491168175483, 89.77599088148582, 99.33486759490633, 98.83980645985869, 96.66684888094774, 94.731888337899, 90.46964964856049, 86.01944021614622, 82.42219715469075, 81.2600488749512, 85.88262031074471, 89.83905489901214, 96.79125465515884, 90.72263363184935, 86.77506582577206, 83.21420515240615, 45.86150747164382, 60.445943804323925, 76.95858249305414, 88.91831766797974, 102.5080276676359, 108.16007056418734, 115.9070778697972, 121.15689181437041, 129.5052437047562, 139.12192911049124, 133.53991925684747, 124.179546763828, 120.68557014266061, 112.391827503379, 103.73744398662632], [26.71965195236085, 19.38246572739446, 17.518857820525174, 22.54334735644403, 26.717591448434344, 28.947508722274687, 31.7641626094207, 65.34982394265303, 70.70143387513822, 79.98139600700932, 87.6191382041765, 95.22894805190207, 89.3455163262033, 82.96392454438002, 73.47784334895975, 30.538367855662113, 22.94897425693382, 13.648260716305503, 0.0, 12.25386177751642, 11.079928913319339, 5.54535128751182, 14.135450024332547, 23.103527423214558, 30.559645457549557, 65.99924677443333, 72.65433579017696, 80.24499758755084, 88.07169088827933, 95.67827183442394, 95.65840540625912, 88.18760005164133, 80.42053948153006, 72.74482693329017, 66.97599875701938, 41.707400464984595, 51.86163648910881, 59.139243247743615, 61.93710903792309, 70.80168823407392, 77.19305498609383, 83.81833642933387, 85.8341093470468, 83.04346688648072, 72.90833674109881, 63.2549936117435, 57.09312350120336, 86.0565149090281, 84.93437644060842, 85.38547382498112, 91.4963281581853, 93.46953930167388, 98.57765708486451, 107.71403971411456, 106.8570667248921, 104.3308948895364, 101.75283869201056, 96.57146689978295, 91.028838172352, 86.83749799537664, 87.9403626043714, 93.70906398499649, 98.19917071716597, 105.11392315332876, 98.97263106743499, 94.46821961984021, 89.62997836606404, 32.93412090458134, 50.29806042529307, 69.86785315788401, 83.88447469085719, 98.86814371462333, 106.80531590383583, 117.08364596031706, 126.51912530429325, 135.7001119823849, 145.05493308619353, 140.00140835241876, 130.92598973005295, 127.68545559971433, 119.58052696496301, 111.46040092615642], [33.32003594806036, 25.86342437881702, 20.56480734752373, 19.00450920039036, 27.360990502282366, 31.996307797085976, 36.20209583886466, 72.5499573802865, 78.4384871861669, 88.164275451685, 95.17898071878739, 101.9832158769312, 96.42610329593025, 90.24293766196223, 80.67451049044239, 41.1212648897467, 34.27156506084572, 25.22389368671367, 12.25386177751642, 0.0, 4.270969945858904, 13.522487128617163, 23.609392261611326, 32.54251876618159, 39.80932348510327, 75.6004707818902, 82.19463230518161, 89.38484621939578, 96.56161560866556, 103.34992438172735, 103.36901679698208, 96.72757987966988, 89.35811746770753, 81.720818402674, 76.1960248226617, 50.62891375890876, 59.75185208341436, 65.82257879536044, 65.55895825266504, 74.1688299977329, 82.07932053602791, 89.30964674033807, 91.05731114460716, 88.74008786302247, 80.32878858595612, 71.10923102314841, 65.87603269660869, 86.09237421318359, 86.38533969996787, 88.96760230310134, 95.41267756755438, 97.90677138929392, 102.84555288286053, 111.41313470451438, 110.21353943761137, 107.42271921479437, 104.293428988538, 98.38973112653339, 91.92426321361228, 87.2768487679505, 90.48187843022913, 97.190064900619, 102.05876682503254, 108.78434725656204, 102.70886999496722, 97.7992904133641, 91.87040616467932, 22.652516835992728, 39.16148977454252, 60.54024553806935, 75.94268818863884, 91.88681936483862, 101.65488258286474, 113.98843827614074, 127.16807103542968, 136.95845169366189, 146.26194197007567, 141.9210093389737, 133.40749784952823, 130.85488722796742, 123.80208353150368, 117.290703367895], [30.32777777618922, 22.53406642865075, 16.746766597766207, 15.69884126147653, 23.515684216172275, 28.28738650403789, 32.98190563136627, 70.24940829560254, 76.38823370143825, 86.29542343525868, 93.38800347545038, 100.23988591970544, 94.44642147338396, 88.03178733138658, 78.45490615818528, 38.51230480314016, 31.89256093049727, 22.959096168128692, 11.079928913319339, 4.270969945858904, 0.0, 10.608716836550725, 20.54616673673191, 29.632574530239328, 36.958891702351906, 73.6354819711354, 80.43001097465745, 87.79315793514645, 95.33856714476694, 102.22202103779667, 102.06232455341528, 95.22087396390305, 87.62876788202584, 79.79622600090369, 74.16948437733703, 47.66733078156043, 56.18664525766061, 61.944492992309094, 61.66188866651484, 70.26742140991237, 78.10443241588747, 85.45902039695407, 87.44565569477135, 85.38643280499727, 76.8278439730365, 68.01859501247618, 63.33405738675166, 82.41525572903747, 82.55220190910289, 85.01495253570569, 91.51657348714257, 94.10198436539525, 99.19605853868907, 108.04255417743998, 106.6465716189688, 103.70715978502415, 100.53153032276653, 94.57824934407259, 88.185826411742, 83.57347582927437, 86.59090501629876, 93.33154223533266, 98.32631931747761, 105.32793352351841, 98.98517177876525, 93.95570957750704, 88.01694221499466, 26.574649447105863, 40.1511249785992, 59.918754116646696, 74.6926935441776, 90.08586454753662, 99.21777649859368, 111.07000898590991, 123.60532070191962, 133.91109262296885, 143.94493285140493, 139.75615238331616, 131.44506257407144, 129.25633591035034, 122.77000113350103, 116.73298593750098], [23.675399485857255, 15.593076129604254, 12.80110383065074, 18.687161359498692, 21.831601926606414, 24.335900346714237, 28.081250742114054, 63.58196680855142, 69.43137315300022, 79.0787164058102, 86.70243919785464, 94.21284462575325, 88.03745526841512, 81.3410010188529, 71.8313948211918, 28.836958922565778, 21.798336686812007, 12.752627926492055, 5.54535128751182, 13.522487128617163, 10.608716836550725, 0.0, 10.895117786555133, 20.54252506867143, 28.174671198246454, 65.2488401854482, 72.20729638164931, 79.97889191972253, 88.23350588074153, 95.79945666268662, 95.51258526965313, 87.91739097699178, 79.89384875070242, 71.92402354946988, 66.04664091586507, 39.13418236488101, 48.13951322400303, 54.74607494030685, 57.05912813893051, 65.87962145394923, 72.40257096294933, 79.32680768388887, 81.6646649725009, 79.3519546998413, 69.27896958649974, 60.34111718872428, 55.23831469593443, 80.92797175961203, 79.804189820455, 80.42110205383244, 86.67375829596652, 88.87415467345065, 94.18819525469628, 103.64027416120582, 102.42914436910485, 99.63592086987691, 96.89454872732509, 91.5209969725625, 85.93966531630501, 81.73313680133501, 82.89758995689863, 88.86946316686638, 93.61352302501707, 100.90736021125055, 94.3786315431535, 89.62550851148283, 84.59258940585612, 35.77312100945841, 49.68299581362576, 67.46334919039553, 80.81347379512403, 95.15544547920537, 102.5093517069742, 112.44414174526443, 121.60404874221987, 131.6385553537338, 142.04091702751435, 137.35245561567777, 128.69140421172105, 126.1271538475979, 119.08539588038384, 112.02746371553049], [14.727715173507058, 7.978695067023304, 11.628369387462154, 21.998151566466014, 20.01324256623426, 18.94733809075528, 20.581940654393968, 53.74811888082414, 59.61843857881309, 69.28349488871116, 77.11954661019548, 84.89616766851556, 78.38787120552757, 71.43117892148221, 62.006673401746475, 18.354235950239552, 12.4537101163528, 6.646217819707912, 14.135450024332547, 23.609392261611326, 20.54616673673191, 10.895117786555133, 0.0, 9.778101361396294, 17.443653982706437, 55.19254066918339, 62.3859660403009, 70.38555047611582, 79.22319704029903, 87.0259846797895, 86.46842041360878, 78.47280233240647, 70.1286619033407, 61.94509364188337, 55.940901853632695, 28.34972466127405, 37.763900011745356, 45.24284744594375, 49.50289630819668, 58.39953057263579, 63.89971175791536, 70.17613231172768, 72.37559107715438, 69.67901835473049, 58.92571716745127, 49.772048761977025, 44.71425998576566, 76.00208413761041, 73.74453639044094, 72.72474843946354, 78.55965896602046, 80.23836723977666, 85.45213117069302, 95.03917451940421, 94.19210729930627, 91.76632223312055, 89.54418679464057, 84.93768596593898, 80.15919998419874, 76.40672965590721, 75.90601695348816, 80.99296541413055, 85.24401413550966, 92.38323580721313, 86.0800619337626, 81.83172117427783, 77.77152020400261, 45.11400509695122, 56.29270112682582, 71.30566045420677, 82.79268374027882, 96.05822230124849, 101.56770860558741, 109.4486509522007, 115.46865682018698, 124.50451333897817, 134.91219351942988, 129.8465224970252, 121.00327889847121, 118.34900616260656, 111.43554371767905, 104.48624371413885], [9.31533702206431, 9.692780606883973, 17.479996999189527, 28.09873719624473, 23.185617714509547, 18.725559923566237, 16.586461020468803, 44.454687344750404, 50.245701045009426, 59.894860393354605, 67.85067173389554, 75.81191335535831, 69.0992710632569, 62.01052954102432, 52.67198146326293, 9.731237118316148, 8.385839253607953, 11.695241002268359, 23.103527423214558, 32.54251876618159, 29.632574530239328, 20.54252506867143, 9.778101361396294, 0.0, 7.673308041267339, 45.809977972523605, 53.15967303585183, 61.25044142003726, 70.45975716662474, 78.35373358462604, 77.58006155539485, 69.35633533507396, 60.826063427112665, 52.50117848577453, 46.448568037796576, 18.69485834727693, 29.47121769820034, 38.31174799290175, 44.56977192583082, 53.36493474921249, 57.805772839542755, 63.122264025934506, 64.79987196821389, 61.40200522425287, 50.26091210300653, 40.398090640361936, 34.96592483348221, 73.2369323051505, 69.95913273163175, 67.3366531977483, 72.57721189567553, 73.55664756107296, 78.42298076349097, 87.79024256561965, 87.54485474697874, 85.70108798632909, 84.10940687665499, 80.4373501450807, 76.48657159758541, 73.22788100324665, 71.15396771580356, 75.1868761047531, 78.70817860619569, 85.31692949254702, 79.60256382273448, 76.0859578151127, 73.13274159704902, 52.98454857479396, 62.33989973567292, 75.30993496644102, 85.20567064627916, 97.65719596123971, 101.68578519625848, 107.7390674261822, 110.97672456287268, 118.40128866467603, 128.21509797494912, 122.66835627335905, 113.52820578324406, 110.58797974593496, 103.58128057389922, 96.68887153372496], [10.586244669252833, 15.671535455097823, 23.7347755955796, 33.8681648624992, 27.580311940710185, 21.4808167652151, 16.702381651271924, 37.27494839747165, 43.03555574170719, 52.698388977896236, 60.73143611822303, 68.81914176200135, 61.90331781228377, 54.67013733457455, 45.43350470361489, 6.613578606837603, 12.039571590478706, 18.68650157434818, 30.559645457549557, 39.80932348510327, 36.958891702351906, 28.174671198246454, 17.443653982706437, 7.673308041267339, 0.0, 38.754312791966626, 46.2632620754863, 54.41175300506106, 63.96565914287645, 71.88439810558795, 70.88461803952127, 62.48323060381919, 53.78450018204509, 45.311011243138296, 39.228045004266605, 11.161628625136116, 23.502242860558926, 33.541400563852925, 41.4761205981197, 49.97886416728481, 53.42246607568536, 57.81228239207211, 58.98772127716514, 54.97328133758775, 43.568038378966165, 33.04697040031174, 27.34264796508008, 71.47472673416604, 67.39336221175519, 63.446282954635194, 68.1185914324328, 68.4794444938742, 73.00537655127673, 82.13631973654253, 82.40368640781888, 81.06705862868341, 80.02018147760403, 77.16462847366955, 73.9393738169297, 71.12490022319278, 67.76096755086841, 70.85416045322705, 73.71659939994971, 79.82886840135016, 74.65486030477639, 71.79640679951412, 69.81293685312245, 59.56248839329818, 67.49320458970918, 78.82799095663462, 87.43528326679201, 99.14798062581968, 101.98660080203746, 106.55097354973118, 107.51928776613684, 113.60506848904407, 122.95492714969089, 117.04517637637018, 107.70784184847503, 104.59128885423354, 97.63219777004201, 90.94613807754048], [46.3520680973667, 53.641723652250626, 61.695524410300266, 70.79507163640987, 64.31205087383984, 57.09178080643624, 49.36569418107061, 20.80293063941074, 16.52656714096751, 18.605823471645323, 27.983194024107558, 38.31348171786863, 32.03533590594107, 27.00615502968214, 22.23950461692724, 37.89513358294534, 45.23475909605936, 53.95262725559274, 65.99924677443333, 75.6004707818902, 73.6354819711354, 65.2488401854482, 55.19254066918339, 45.809977972523605, 38.754312791966626, 0.0, 7.843107284168756, 16.503510359824514, 27.94850422746364, 37.35145344741514, 35.94491989911334, 25.523837201463067, 16.09453007442967, 8.660407383404605, 3.8470602724633784, 30.865259777164326, 37.3864621570299, 47.25052638651186, 59.65999536926935, 64.71355190049158, 62.47758948687426, 60.17512916938338, 57.287035212546215, 48.70715887683852, 39.33685834081666, 27.209941598198935, 16.115339905907604, 89.22481354756894, 82.48743878892799, 73.02498147398887, 73.71964858242742, 70.14349330699943, 71