{
	"dissimilarities": [[0.0, 7.334026585294122, 16.542788680596296, 25.929020354004678, 18.838780946967134, 12.938991023637548, 9.789506835698464, 43.23751484629186, 49.92475771486378, 59.2394161511831, 67.61384030183522, 74.89106020669126, 67.33354760962851, 60.13921239757054, 50.7608408396956, 19.118177270358206, 19.059384839680163, 19.889326731821296, 26.111665829089365, 33.37475702056237, 30.113939361698826, 21.855915937869227, 14.589972561683076, 11.310816936237897, 13.56348367438414, 49.09812265493643, 56.43729133890234, 63.39001349184919, 72.42113702972861, 78.85050616109781, 77.93095652504803, 70.90396854552183, 62.783558271957865, 54.36332142711501, 47.754464633577186, 19.92632389056868, 26.72196758324555, 36.9586328041116, 40.698679755578, 48.455594909350204, 56.44473965003047, 59.959312830312626, 60.24307267739216, 57.210287608927736, 48.08722423739653, 37.86384385862915, 35.07581849377087, 67.03886467856341, 61.78947873152538, 62.054951910345636, 66.08097766604979, 68.95779281231073, 74.89460302747526, 83.27244345670348, 87.55216039450097, 86.79648335990858, 84.86851945824498, 81.17920529789598, 75.69077947663406, 68.34316938461141, 65.19991726319043, 69.14652083560675, 73.33620707255143, 81.65833789534281, 79.60560336311575, 76.05408610343098, 73.21208135438998, 53.105266584933744, 61.81202793807004, 71.40886785954446, 79.34115377282637, 91.11382996711963, 106.7587109689663, 115.16240031854022, 115.95742371005987, 130.1391502210905, 123.5568906822963, 117.4042569432635, 109.58381131912918, 106.0578900781459, 100.7533758653188, 95.83693485497112], [7.334026585294122, 0.0, 9.529613212430084, 19.946824519057515, 13.64170027174124, 10.560339116590432, 12.676338142835334, 50.46372803649427, 57.25227385108516, 66.56741483956733, 74.90654480293226, 82.05927654172659, 74.55682331093948, 67.36295141703626, 57.964006843168384, 23.33349523207644, 20.819486095381773, 18.796836371381332, 21.725126870090037, 27.56039014047585, 23.939817044764165, 16.417758356463438, 12.330803953832127, 13.887983295989123, 18.936346462733933, 56.09722760333274, 63.44373944531328, 70.42631535701706, 79.46814413211942, 85.9575116709345, 85.1189528714416, 78.10043706641528, 69.9846124082573, 61.58526264397914, 54.9073460233496, 26.656029010016272, 32.178677588927066, 41.02273707584979, 43.22683019702783, 51.24168522920926, 59.886800752577095, 64.34568334762963, 65.224814689904, 62.962817960337894, 53.71355500859149, 44.48909496635716, 42.24863329521942, 67.6912828468201, 63.22851407782927, 64.62747122943091, 69.38652628393132, 73.04565006304864, 79.39044381116689, 87.95270692326758, 91.54060304781252, 90.02394975291179, 87.48211836872562, 82.99232855560432, 76.78474634670073, 69.41897451304591, 67.61821599700038, 72.28741655635115, 77.15492051159403, 86.07661602106377, 83.18632130922008, 78.95244102774119, 75.2996193691464, 48.02778334558364, 57.29603644424137, 68.01053446429593, 76.85078393457061, 89.08014388278363, 105.56688411051677, 114.99182723317873, 117.8091145318694, 133.34629649623656, 128.1145691627944, 122.51938470635055, 115.11161404972347, 112.10380521285066, 107.24670269668678, 102.50546683907908], [16.542788680596296, 9.529613212430084, 0.0, 11.335151505207774, 8.508516892188734, 12.199407720525613, 18.425069707934192, 58.859962409446844, 66.02294790700437, 75.34859832934512, 83.43319634051178, 90.0994156895699, 82.8331976199895, 75.72075303770242, 66.26954651388988, 32.15991234411248, 28.254380962386012, 23.866189828911903, 21.19302957162024, 22.06686575423556, 18.0500088760138, 15.071073501748804, 17.58936480812067, 22.431595541889454, 28.313139927345077, 65.49955244087968, 72.76193305242379, 79.59223303749864, 88.30954634890325, 94.48730290371805, 93.6388682185326, 87.015442180004, 79.11967110587634, 70.81225351586295, 64.25423936475654, 36.010312182860474, 40.058465005225315, 47.32481245295103, 46.84402005809223, 54.981136220425505, 64.76907782892509, 70.01891732134396, 71.20263459631315, 69.60984357295196, 61.25150544696545, 53.02547681230412, 51.514827049570705, 67.62316943839603, 64.66838933801783, 67.72152551194823, 73.29036675159108, 77.74306885890385, 84.24877086562886, 92.55449394756214, 95.33551671988457, 93.07941599678414, 89.8255523427745, 84.38146408528735, 77.16750469715167, 69.8153552105573, 70.28615872885423, 75.80042130700977, 81.248364948104, 90.37046625903159, 86.6915910725334, 81.741979547536, 77.07788116498577, 41.281601431965015, 49.65720920847367, 61.36640194957298, 71.33635535811771, 84.21400771380026, 101.60713722519118, 112.36138362615377, 118.32594874844577, 134.94777670201154, 131.55370787327684, 126.76251969282305, 119.93336509552283, 117.71318707276953, 113.74006301389808, 109.77403059438406], [25.929020354004678, 19.946824519057515, 11.335151505207774, 0.0, 9.773818179133118, 17.449885390540015, 24.35366054057628, 65.2398793658975, 73.07065992383107, 82.3387650746265, 89.83791191212129, 95.50713903073076, 88.6791288369593, 81.790211747024, 72.36361093666935, 43.11025681898195, 39.39542138885905, 34.623646543060225, 29.15756533782905, 23.968500142837645, 20.568075161297397, 23.680824990894912, 28.617725390663036, 33.44506291587003, 38.82052110203327, 74.52166597509523, 81.59964371723927, 88.0586244358027, 96.03715165713717, 101.34474771354388, 100.28304159342078, 94.59139481160308, 87.19273073137596, 79.06593945464974, 72.90239095487304, 45.21534274228575, 47.52054744487083, 53.29382498181765, 49.22446638455126, 57.208176449948525, 68.54002713404789, 74.03710125164777, 74.963628573928, 73.75462984099595, 67.6538969150904, 60.378886619942264, 59.92633280624835, 64.61605121370027, 63.845831829110175, 68.79028533916214, 74.97548296146486, 79.94534064672922, 86.1225893074581, 93.49740936916517, 95.51780568864892, 92.8333776503326, 88.98405148114165, 82.72290103373716, 74.42051411668261, 67.12855372991172, 70.60898895926965, 76.8393169432333, 82.46989123106266, 91.02908211726145, 86.91198655808752, 81.46861960788027, 75.85145748708037, 36.46157604444665, 39.439586634786544, 50.48200606102878, 61.275921070939866, 74.85247178010465, 92.83493908733448, 104.80759928711963, 114.47842147896968, 131.30086240660134, 129.95970152660024, 126.16821034216044, 120.10484959366575, 119.0153352819929, 116.60326539302477, 114.42045634289082], [18.838780946967134, 13.64170027174124, 8.508516892188734, 9.773818179133118, 0.0, 8.116835069295478, 16.01694644811735, 57.76165400245468, 65.76006732050818, 75.11198106064322, 82.87423268221973, 88.86477979190508, 81.42640162358971, 74.30125014555081, 64.91054479944167, 36.62709984147199, 34.21861953081127, 31.16125275845894, 29.699248027435996, 29.258107342302598, 25.328929931669872, 23.550333982398765, 24.60880692728156, 27.3861626882945, 31.640920942720697, 67.23786256923471, 74.57520101114314, 81.35600879379447, 89.85114928740765, 95.35230579760918, 94.04620838576726, 87.99309690159491, 80.2233593331566, 71.80833600242843, 65.47989164038455, 36.83981133872479, 38.01124331188405, 43.59861643311166, 40.544282656134754, 48.63832468067166, 59.397744389049, 64.8892662606646, 66.10015163565912, 65.14572151132258, 58.146551724976234, 51.357593098500985, 51.77989835829856, 59.36487381015603, 56.99718373876087, 60.832739517835336, 66.74810681503098, 71.58279513876317, 78.09157713946139, 86.24717439827741, 88.44416791901483, 85.7974423332916, 82.25143726207116, 76.49555708874435, 68.98347302364658, 61.635870570916296, 63.07665833973529, 68.95541830188073, 74.61701880554206, 83.84735013704237, 79.66154318126156, 74.39113291905032, 69.32910411731531, 45.260040267834725, 48.17991483158743, 55.988961441659136, 64.48237242582196, 76.63248894032967, 93.78975436358968, 104.21172825027135, 110.10212829500053, 127.63530783647188, 125.3130016238508, 121.16227241851095, 115.09336674830605, 114.07963977653992, 111.85106432133138, 109.873179140444], [12.938991023637548, 10.560339116590432, 12.199407720525613, 17.449885390540015, 8.116835069295478, 0.0, 8.399748678965704, 50.114535638048764, 58.13306268452285, 67.50030478748633, 75.39037435232727, 81.60358143994668, 73.87214066854628, 66.64255596556544, 57.28116358276897, 31.108120621682538, 30.292938987585888, 29.179897165420684, 31.229848358210994, 33.94437554039865, 30.069689895618357, 25.341717247436623, 22.690068582758624, 22.75841652056828, 25.40675165945356, 59.79262926361611, 67.20650499404756, 74.08643804775632, 82.77656542420002, 88.33287576194304, 86.89317175462885, 80.67712227565899, 72.76321237963576, 64.24054716696054, 57.9011094482129, 29.15536214934044, 30.072540452965946, 36.485085186592855, 35.066741584671405, 43.212082956473935, 53.32616888031875, 58.23364228676597, 59.20516628030406, 57.85549781880645, 50.40355525308082, 43.24857866813773, 43.89393370746848, 57.40013593614563, 53.62361333761471, 56.065654793245486, 61.365064606926865, 65.61580378594402, 72.04940607646944, 80.48737435852443, 83.27799471824102, 81.19007304087224, 78.21864195860617, 73.26539742930903, 66.63276356185075, 59.23975338259067, 58.66838600713118, 63.888534174954565, 69.12151690043181, 78.29563701908386, 74.66274533835136, 69.94168993042021, 65.71692718691993, 51.267873897521625, 54.64016002471041, 61.10236040987469, 68.2424299350646, 79.5759272953264, 95.78510240050261, 104.8718644584675, 107.76324740937727, 124.58776696317777, 120.85317821600248, 116.13032253238296, 109.73087675236087, 108.34377117116286, 105.81831383581655, 103.72450707343965], [9.789506835698464, 12.676338142835334, 18.425069707934192, 24.35366054057628, 16.01694644811735, 8.399748678965704, 0.0, 41.80095015244517, 49.8366592704316, 59.191360717942494, 67.0175665742559, 73.25019903320855, 65.5798761056113, 58.38779560959808, 48.99343152246327, 27.472758894586576, 28.580681656395335, 29.438849291567596, 34.02099727595172, 38.46075294241581, 34.942285420047625, 28.944611539478107, 23.651381989305108, 20.748869194685113, 21.06426687653691, 52.25001482875125, 59.528533075614064, 66.22920588877899, 74.70098184678615, 80.05953703308293, 78.54782415626666, 72.48237685861473, 64.70696474615079, 56.26504297314592, 50.14017739638052, 22.599039012666246, 24.440347507878624, 32.71248996990178, 33.01555897724885, 40.923206270582135, 50.43367166407238, 54.03786226599662, 54.06653613554056, 51.54975693295025, 44.64691044908579, 36.1273263554534, 36.24588419350877, 57.7078102222102, 53.07590753551027, 54.12283666100159, 58.47226738927883, 61.66499564523871, 67.47668371979753, 75.50714249267305, 79.27692108501732, 78.27744721602416, 76.11076960173831, 72.18397898897967, 66.38987542800372, 58.97256178643443, 56.87162364164771, 61.169073216207245, 65.44960344520429, 73.65277589170239, 71.2286385016965, 67.42600020572077, 64.23086391484412, 55.46958588169378, 59.091189444025865, 65.01645923035446, 71.39780431501467, 82.41443795926487, 97.59123214293662, 105.55749979646167, 106.37621392925571, 121.1082924475024, 115.6426961199015, 110.1910205345482, 103.17932366437797, 101.05903094983, 97.907136066825, 95.59474354551031], [43.23751484629186, 50.46372803649427, 58.859962409446844, 65.2398793658975, 57.76165400245468, 50.114535638048764, 41.80095015244517, 0.0, 9.763440738626624, 18.24062501930485, 25.57467341641918, 32.51572133790345, 24.1363440080947, 16.923515651903568, 7.564970964185783, 42.11935063764314, 49.39491312900802, 55.86166831652261, 65.95074923629657, 74.13691584706201, 71.68035404881707, 63.62601599291638, 54.24834256526234, 45.93401358148947, 38.86256633457762, 23.953581908796046, 27.94976539920586, 32.09720045329777, 38.388410229804805, 41.71133995638805, 38.98392714224093, 34.14803745852197, 27.819858675338196, 21.102728877681983, 19.59655438612781, 28.630422869540034, 30.426463136383255, 38.491842116796555, 46.24670937604226, 48.79056873623517, 50.695101471410304, 46.01985137786499, 40.649409278118036, 31.130918225979862, 30.809586628279163, 18.72761368473063, 15.768623264300185, 72.0939404541249, 64.38292600517995, 58.48508908822356, 56.76039382765708, 53.31987951743588, 54.362801191720365, 59.144825227202034, 67.98338959470526, 72.85091163074301, 75.25006638973261, 77.10403652734142, 76.57038796609619, 70.74977792760397, 61.36957094187802, 59.8266165563782, 58.12199415681664, 59.74843223806457, 64.38790756643819, 66.19668961944498, 68.93571851351842, 89.27614171892856, 92.88706617329632, 95.49513843113311, 97.89877463878538, 105.9648173136727, 115.655419189691, 117.62881171284731, 106.72448732426143, 111.04517155782597, 96.08378903849744, 86.55399702727028, 76.45586933771492, 69.95329806681525, 63.096496187119854, 59.92119601135573], [49.92475771486378, 57.25227385108516, 66.02294790700437, 73.07065992383107, 65.76006732050818, 58.13306268452285, 49.8366592704316, 9.763440738626624, 0.0, 9.385519185053218, 18.126721585808223, 27.232717387151983, 19.36485800106556, 13.273441232273903, 8.597349693627566, 45.57328233374855, 53.06270567239874, 60.0231774667739, 70.72696298632124, 79.80399129313979, 77.61818239818277, 69.11445147688427, 59.38290234893416, 50.8834155678532, 43.6077904368261, 17.942238478932918, 19.754020964152417, 22.80197013406502, 28.96436194717816, 32.944732270657504, 30.47730400373702, 24.571546158319745, 18.1413659655333, 12.389217273055673, 13.780816925587432, 34.05953571299989, 37.621421731291086, 45.83898926108102, 55.16293341489578, 57.34177460503839, 57.75241834582636, 52.40456314694771, 46.997469390031554, 37.25155135207978, 36.1903373764741, 24.610802898561722, 18.680240836949107, 81.38501202124701, 73.29397682589824, 66.65648090444138, 64.27685818824177, 60.09703206290831, 60.54687926917609, 64.80837605292346, 74.28837102415616, 79.88450816986486, 82.88006526170065, 85.41118520367297, 85.49959779830994, 79.90918012291357, 69.67357308297463, 67.46659784793026, 65.14246159524565, 65.90993483196311, 71.48451422208473, 73.9917253968807, 77.39973274561572, 95.21283981056776, 100.64270380231066, 104.46332506453925, 107.25985793811934, 115.47907822129872, 124.88682998978436, 126.46846958674074, 114.3419813446768, 116.76422309529312, 99.81162482299978, 89.27750339355121, 78.24316542982237, 69.76817702912709, 60.07723029537991, 53.92963792324345], [59.2394161511831, 66.56741483956733, 75.34859832934512, 82.3387650746265, 75.11198106064322, 67.50030478748633, 59.191360717942494, 18.24062501930485, 9.385519185053218, 0.0, 9.520048389038575, 20.011900650277575, 13.186959867356045, 10.495745149847199, 13.424909059969755, 54.01927340888657, 61.537656860085285, 68.63770327026135, 79.45477660922793, 88.659500622826, 86.60028990742885, 78.09961718888177, 68.3331351110755, 59.82462397005606, 52.521386650816694, 21.27903779581894, 19.514012977256396, 19.298416261678703, 22.718280044176012, 25.243706541993113, 22.178021074274838, 17.148380798476047, 13.248764105811079, 12.64756424859629, 18.169600883982536, 43.095070951296655, 46.218096854711824, 53.46508385731334, 62.85066093054371, 64.2508612021883, 63.506630585338605, 57.06757013594839, 51.068453699354585, 40.990305766406124, 41.74482500921989, 32.214578695692545, 27.1792557984853, 87.97483691532685, 79.79327018632355, 72.47046629943877, 69.19951195957107, 64.00009457238822, 63.30314657102228, 66.36417646775506, 76.5290139621032, 83.16737585333848, 86.94856745847108, 90.42898014355863, 91.35023242225623, 86.17739579181813, 75.33241011478285, 72.24665562448297, 68.87679720655433, 68.02616945702009, 74.9015766142282, 78.40181571845949, 82.69303085592337, 103.61610458659787, 108.98558773586929, 112.42594087272956, 114.72932829986408, 122.49335925403312, 130.95581447720704, 131.55126769235588, 117.60220754227917, 117.56861133873326, 98.61950873792514, 87.21737545791098, 75.54398508080753, 65.68094537466744, 54.44162216276139, 47.43583398609136], [67.61384030183522, 74.90654480293226, 83.43319634051178, 89.83791191212129, 82.87423268221973, 75.39037435232727, 67.0175665742559, 25.57467341641918, 18.126721585808223, 9.520048389038575, 0.0, 11.119301014187181, 8.48337054477305, 12.233475595027318, 19.23337654200473, 63.239623947853225, 70.62476317975703, 77.52897332075325, 87.93718058311555, 96.58053258369002, 94.62154032152604, 86.59638363093656, 77.11537704944057, 68.75641681361105, 61.59658479977001, 30.028437038229395, 26.670901845811418, 23.698023752158342, 22.119229167810843, 20.249911611803395, 15.81044839894413, 16.08882974859483, 17.783842931953036, 20.99944521507354, 27.35874340363071, 52.17289962767641, 54.61913503415845, 61.04631053782663, 69.26677339933802, 70.0539822155029, 69.1439347376042, 61.76607712560525, 54.86907376145804, 44.40529924191449, 48.33081959933663, 40.355342341229665, 36.46584576359732, 92.21012007493998, 84.51979154422118, 77.06941588457103, 73.1262990478408, 67.04692767138116, 64.91601984742184, 66.03280136244518, 76.8342667304769, 84.64713645978406, 89.12131174647476, 93.40774795407212, 94.86935132393847, 90.07728876858289, 79.50946851529697, 75.7735794806236, 71.2883916419075, 68.19754371555827, 76.54347721267496, 81.00541088856427, 85.96202731975397, 110.2773773077222, 114.48465700258836, 116.95945998431831, 118.57035489854245, 125.83496852891201, 133.11045540663295, 132.73430308190396, 117.8240021170136, 114.55250521849577, 93.82915088519418, 81.68892491076423, 69.3624803779321, 58.22108995573962, 45.9806562962207, 39.882986347883936], [74.89106020669126, 82.05927654172659, 90.0994156895699, 95.50713903073076, 88.86477979190508, 81.60358143994668, 73.25019903320855, 32.51572133790345, 27.232717387151983, 20.011900650277575, 11.119301014187181, 0.0, 10.625804368456022, 17.75697715844837, 25.525148946207583, 72.49392240776697, 79.70179943922027, 86.23132777778135, 95.94536350214425, 103.55975935192254, 101.61801967308895, 94.34926745728032, 85.34135639940683, 77.21797743327173, 70.2766540476775, 40.96663617043912, 37.65167386484679, 33.988585776233776, 29.583932418955225, 23.40786028301814, 18.23753612784411, 24.360383980286393, 28.453760655088388, 32.01083393320798, 38.095935004818074, 60.66844812728364, 61.93436657553338, 67.34135639914369, 73.53302351933873, 73.69149030983904, 73.17914299880694, 65.01251876954302, 57.105705593465764, 46.44016700639027, 54.28800266152902, 47.87380788750395, 45.613978653502315, 93.2293039845654, 86.44665540369981, 79.24822692449563, 74.77440819654137, 67.95300476930527, 64.2010762334379, 62.819867940775666, 74.11606468402277, 83.13609451046139, 88.21904491792164, 93.22025775116234, 95.0843272238758, 90.73745159593209, 81.05413090728507, 76.81229796633512, 71.18143633689321, 65.4247226864253, 75.28983797919118, 80.67855571907377, 86.1571852849089, 115.5712107065293, 117.5077684471841, 118.19486833809482, 118.7189719182008, 125.2155910403668, 130.99657519356586, 129.5145978700087, 114.04806500166569, 107.19121052327829, 85.01052881819949, 72.3159506425481, 59.44466769855044, 47.44700527388139, 35.683306493255415, 34.30204666808755], [67.33354760962851, 74.55682331093948, 82.8331976199895, 88.6791288369593, 81.42640162358971, 73.87214066854628, 65.5798761056113, 24.1363440080947, 19.36485800106556, 13.186959867356045, 8.48337054477305, 10.625804368456022, 0.0, 7.679147443321946, 16.699317874583766, 64.70283091575004, 72.21741770515025, 79.03661124481116, 89.32277685558105, 97.4824244031381, 95.25342920716362, 87.39275978024477, 77.96582917647213, 69.55342635387781, 62.297964693794036, 34.174737129733764, 32.3616105369315, 30.889004800236247, 30.551788223104467, 28.17476768700152, 23.320955566374632, 24.36673505754616, 24.643560995974163, 25.67241157137342, 30.78848326346077, 51.99460732424882, 52.267213989854625, 57.22723425768937, 64.30482028350607, 64.39199107726245, 63.30499374024587, 55.36517855431722, 47.93070798027657, 37.37997708102759, 43.80180336761331, 37.78232487414435, 36.68130117996636, 85.69329637624696, 78.06963512401015, 70.41583680959027, 66.06960441524174, 59.587402548607095, 56.90657962663981, 57.63456815429301, 68.50152730090701, 76.55086561398264, 81.25604085350953, 85.91244637951272, 87.81060668241277, 83.34236931083048, 72.6157939030396, 68.49629460831935, 63.531658951946135, 59.88186169491745, 68.5298424284454, 73.34124736055062, 78.66338825461146, 111.08718048968322, 113.26002857731069, 113.72530160172222, 114.14812734711514, 120.47394648657729, 127.05740575780642, 125.91118926564997, 109.71195981849219, 107.00352809743052, 86.71818704951865, 74.9473829474424, 63.33845585725236, 53.9588818888022, 45.35261394421525, 44.21066844752071], [60.13921239757054, 67.36295141703626, 75.72075303770242, 81.790211747024, 74.30125014555081, 66.64255596556544, 58.38779560959808, 16.923515651903568, 13.273441232273903, 10.495745149847199, 12.233475595027318, 17.75697715844837, 7.679147443321946, 0.0, 9.469390862419132, 57.68229137037981, 65.2583893800699, 72.1083400351659, 82.53621828139664, 90.86280717197917, 88.50077989462909, 80.42455453522267, 70.88114350447803, 62.40004417436005, 55.07425031417498, 29.356975506425147, 29.20156315366891, 29.706753349672294, 32.19955845245825, 32.22010399219648, 27.998281663877194, 26.200813802434016, 23.53665527244585, 21.82174616901805, 25.491457654342444, 44.52862134413022, 44.60412598385169, 49.888323458994705, 57.445713534829366, 57.93612146108329, 57.18508521480829, 49.8729384882466, 42.914977047966616, 32.3768384541508, 37.10602521574558, 30.193798728634277, 29.399968406368462, 80.3113582851553, 72.36053758609728, 64.84638563473065, 61.02799724473158, 55.22553227256723, 53.68042235286561, 56.016926441208916, 66.35704021281003, 73.44394150247896, 77.56184712913708, 81.54898340928447, 82.9795842521193, 78.19374772248243, 67.32820049204514, 63.7349032988448, 59.63037054911483, 57.79446333039089, 65.22900094389941, 69.25063032387482, 74.02503798871349, 105.23493507598346, 107.72702237951368, 108.50672449694444, 109.2661297699672, 115.87238052438857, 123.32160126124607, 122.90642610198246, 107.56091698602243, 107.6132501943591, 89.04542399885781, 78.0395865466035, 67.1137345607778, 59.08551897667057, 51.60385028571478, 50.00465041485783], [50.7608408396956, 57.964006843168384, 66.26954651388988, 72.36361093666935, 64.91054479944167, 57.28116358276897, 48.99343152246327, 7.564970964185783, 8.597349693627566, 13.424909059969755, 19.23337654200473, 25.525148946207583, 16.699317874583766, 9.469390862419132, 0.0, 49.29666270689614, 56.69584529432479, 63.2925716050534, 73.44548113142997, 81.5566231264712, 79.13997532518931, 71.17691093318483, 61.788788426700535, 53.43072352024888, 46.2688711377982, 26.01129784560265, 28.14194531622235, 30.715508341012054, 35.382994144219566, 37.22987709304364, 33.830389818094744, 30.319508827036792, 25.410789542926562, 20.610269856896416, 21.656272666771745, 35.841820172662565, 36.52700027123208, 43.100037943332964, 50.517313201604075, 52.0407525501654, 52.831595485167256, 46.80705040709535, 40.477767708918, 30.13825419708197, 32.77002003199717, 23.23601268176057, 21.77529647641315, 74.79141777524323, 67.02829211817637, 60.39585373058929, 57.67212920018706, 53.08101048729601, 52.87250031033032, 56.483685712717794, 66.08168061158393, 72.02566328911674, 75.2220361008001, 78.0667532542136, 78.4154110802416, 73.05475331862105, 63.05204969405228, 60.54417661511278, 57.663319497972836, 57.603735869311336, 63.60133671572518, 66.45772609517917, 70.14958561834506, 96.15082460152594, 98.95361854212433, 100.50441437715719, 102.04532672281037, 109.39923700488626, 117.99583521359168, 118.84547845696433, 105.98849827221879, 108.31575001064954, 91.7967991233679, 81.64252544738741, 71.17937013510286, 64.12398138150317, 57.213625791143414, 55.01794195276597], [19.118177270358206, 23.33349523207644, 32.15991234411248, 43.11025681898195, 36.62709984147199, 31.108120621682538, 27.472758894586576, 42.11935063764314, 45.57328233374855, 54.01927340888657, 63.239623947853225, 72.49392240776697, 64.70283091575004, 57.68229137037981, 49.29666270689614, 0.0, 8.15526051199623, 16.256633080981626, 29.407532028064754, 42.22772201306346, 39.86350477884526, 28.48931225109636, 17.55403269857306, 9.764384699463509, 6.73057895376958, 38.0796892299164, 45.39201478290782, 52.96881727196838, 63.48438028259072, 71.95670157999649, 71.81162421852203, 62.73564235563007, 53.806659823704756, 45.58840812926008, 38.315366066518884, 16.3725413750394, 28.859386949298333, 40.64202530873375, 50.87446433256934, 57.47423876930113, 61.4813789321079, 63.970008228035894, 64.60187858695699, 60.85347721063679, 47.85190729902031, 36.04577552354039, 29.055044186998114, 81.15246702641413, 73.67517073822683, 71.22167512761376, 73.84942183433537, 75.52183985377721, 81.48133600685215, 90.76607575199709, 96.14101711809538, 96.15338389973974, 95.21617065561193, 92.83818125989339, 89.00942751288285, 82.05440976461047, 75.21142857730527, 77.7072886190432, 81.22623233966397, 89.76344357078528, 88.65617043535829, 86.11348201814556, 84.80111217945134, 64.59150233417704, 78.71831369109063, 90.36912290398087, 98.40519894757159, 109.82219110348541, 125.00847195724431, 132.35764470660968, 129.15680152467348, 142.49432782402454, 132.9376067776884, 125.28068499462569, 116.25706279181287, 110.54067774936793, 101.99347618840989, 93.03363176952242], [19.059384839680163, 20.819486095381773, 28.254380962386012, 39.39542138885905, 34.21861953081127, 30.292938987585888, 28.580681656395335, 49.39491312900802, 53.06270567239874, 61.537656860085285, 70.62476317975703, 79.70179943922027, 72.21741770515025, 65.2583893800699, 56.69584529432479, 8.15526051199623, 0.0, 8.325708865212324, 21.78382490957773, 35.31183419963751, 33.16426541828837, 21.561993093235564, 11.36629548769365, 7.843568903423108, 11.826097885890636, 45.536589989760955, 52.57447435626184, 59.8991152634253, 70.09515124268488, 78.59091640813762, 78.68800493272337, 69.75673535171559, 61.06951613798941, 53.09332534010532, 45.95010060891373, 23.49184505569952, 34.958098366307425, 46.09000257927624, 54.88087877887265, 61.96311931201088, 66.87527768249568, 70.16413660067046, 71.13747189855769, 67.78375027029084, 54.97093846728486, 43.638474842995976, 36.998773938819376, 83.9288655850709, 77.20143073517283, 75.80039950108244, 79.10960513779023, 81.43095823559997, 87.6764214778731, 96.96405102711361, 101.91131002888392, 101.40796395615833, 99.9561735588048, 96.86188761416896, 92.28323353754487, 85.1901323733405, 79.65206409235145, 82.82447721391397, 86.88250072193381, 95.75047688852752, 94.09211714139758, 90.98830160505776, 88.94198173055425, 58.49406442236478, 74.6365782906726, 88.22592580547155, 97.47497074248446, 109.62705668315297, 125.64375902175026, 134.09754340954535, 133.1677653557558, 147.1875944960426, 138.60322223320776, 131.29189856485743, 122.37527768175154, 116.77346100973791, 108.14918653194994, 98.85174073407055], [19.889326731821296, 18.796836371381332, 23.866189828911903, 34.623646543060225, 31.16125275845894, 29.179897165420684, 29.438849291567596, 55.86166831652261, 60.0231774667739, 68.63770327026135, 77.52897332075325, 86.23132777778135, 79.03661124481116, 72.1083400351659, 63.2925716050534, 16.256633080981626, 8.325708865212324, 0.0, 13.547936429795646, 27.446011265595335, 25.479409491065148, 13.951779557362745, 6.6012132369877285, 11.099847145193893, 18.193813426568386, 53.278055648921395, 60.155206735621086, 67.21955675784223, 76.96605635789902, 85.20149897694041, 85.39445708612573, 76.84708205476291, 68.44504486196082, 60.60075736352051, 53.604716676455375, 30.19149804653014, 40.62289236446333, 51.12173180511424, 58.01870584532841, 65.53115590793023, 71.58678552606581, 75.54369174300273, 76.67811920405532, 73.6432374821788, 61.489954131226256, 50.53941789541749, 44.42772325474475, 85.27185455243921, 79.52403235308279, 79.31629064769187, 83.29786642835407, 86.2296062220204, 92.63757486093618, 101.74135934023334, 106.23866459561842, 105.27067421817124, 103.30031201219838, 99.48131303387079, 94.08738083663437, 86.86991899866588, 82.92212873082775, 86.78047201549589, 91.2948755345618, 100.30164051687913, 98.14837963713585, 94.50853827038178, 91.69887534230965, 51.233608145152395, 68.86891550464256, 84.17504791175602, 94.57081394921576, 107.43154773777572, 124.18530246476209, 133.7495384126282, 135.3775224772055, 149.91496714299748, 142.4912510733888, 135.64165351975637, 126.9382902982308, 121.65517410892602, 113.32113658201112, 104.23111157754933], [26.111665829089365, 21.725126870090037, 21.19302957162024, 29.15756533782905, 29.699248027435996, 31.229848358210994, 34.02099727595172, 65.95074923629657, 70.72696298632124, 79.45477660922793, 87.93718058311555, 95.94536350214425, 89.32277685558105, 82.53621828139664, 73.44548113142997, 29.407532028064754, 21.78382490957773, 13.547936429795646, 0.0, 14.553710423190577, 13.463591702763155, 6.369613998241731, 13.710048383662329, 22.244449412956325, 30.04056309526711, 65.35270396018215, 71.95285376027287, 78.55055590659843, 87.46783509822207, 95.13577877286927, 95.44515490904546, 87.64196585996002, 79.77394441032192, 72.18420174245782, 65.49173346842956, 41.6376741284461, 50.87829751805822, 60.562137526570915, 64.51443700935307, 72.46245138330558, 80.20898665988545, 84.81843053435058, 85.90544961478591, 83.10427161181185, 72.38918745541146, 61.76658714188455, 56.174455480461255, 88.30104048642282, 84.30749077107306, 85.90414396217712, 90.7283121219301, 94.3624568110392, 100.75115208133951, 109.25063237808897, 113.17884112486817, 111.72551929223026, 109.07805813327695, 104.2823418521456, 97.6745967646548, 90.33381041925057, 89.0189964505317, 93.77337868757314, 98.72928374006744, 107.52733399941685, 104.89082509149787, 100.61445042425484, 96.75001503687747, 38.88285299759978, 59.15671939273154, 77.51579850133501, 89.84759095345193, 103.88808927852216, 121.60455776635817, 132.9061144540902, 138.8384146398321, 153.5328453345427, 147.82798916255643, 141.67977487256914, 133.2728137016185, 128.42255515700978, 120.548661173518, 111.92770751197111], [33.37475702056237, 27.56039014047585, 22.06686575423556, 23.968500142837645, 29.258107342302598, 33.94437554039865, 38.46075294241581, 74.13691584706201, 79.80399129313979, 88.659500622826, 96.58053258369002, 103.55975935192254, 97.4824244031381, 90.86280717197917, 81.5566231264712, 42.22772201306346, 35.31183419963751, 27.446011265595335, 14.553710423190577, 0.0, 4.222286289545396, 14.824943557160989, 25.4476299787772, 33.80056838556667, 41.393669671680065, 76.73094941298231, 83.18631907066698, 89.35228767609075, 97.35226379194302, 104.05207407240229, 104.21647810171639, 97.4773102608911, 90.18118101143307, 82.7324219128893, 76.40198055871456, 51.921001213689564, 59.59577130060296, 68.31253343525374, 68.88395067539406, 77.02601644012631, 86.58177401854844, 91.57292997665688, 92.37570669570144, 89.79098069925021, 81.19026595069207, 71.09226070289415, 66.4782515440459, 88.14588086989443, 86.25139448038254, 89.73977832183732, 95.28186552595814, 99.48739731717392, 105.6090265494447, 113.16584641440095, 116.44969753028957, 114.61978206978768, 111.34929679949974, 105.66888883380496, 97.8724670010322, 90.51867571839237, 92.18285500166942, 97.73856164859576, 102.93288445196787, 111.15609777728018, 108.1514472642588, 103.35142237990192, 98.482604408641, 25.119687235409398, 46.22367283513707, 67.08934018208245, 81.1353980741838, 96.21575312818804, 114.57587665562642, 127.48229669844882, 137.9822262663456, 152.47688442820933, 148.82303510845796, 143.61860893541285, 135.7883568372429, 131.81986116974713, 125.18466073047803, 118.10083244622264], [30.113939361698826, 23.939817044764165, 18.0500088760138, 20.568075161297397, 25.328929931669872, 30.069689895618357, 34.942285420047625, 71.68035404881707, 77.61818239818277, 86.60028990742885, 94.62154032152604, 101.61801967308895, 95.25342920716362, 88.50077989462909, 79.13997532518931, 39.86350477884526, 33.16426541828837, 25.479409491065148, 13.463591702763155, 4.222286289545396, 0.0, 12.020553156652397, 22.698509356129858, 31.04635296524527, 38.6329681666484, 74.8256549980313, 81.49020649252233, 87.85525065532902, 96.10114539700602, 102.79522467692733, 102.77651144248799, 95.96238399351665, 88.47489247373097, 80.81077703989749, 74.3644037163437, 48.948382575405056, 56.0391347822886, 64.4397228884114, 64.89164201498568, 73.02670865433477, 82.56288919359851, 87.71048416471574, 88.69292924215304, 86.3828171644207, 77.63397661486121, 67.93085681067532, 63.86474012191662, 84.3639008985455, 82.27949988872426, 85.732240691439, 91.33424468566272, 95.6629902782288, 101.93783810700494, 109.73344368263689, 112.85294467533407, 110.84031158468245, 107.5135170951733, 101.80555102611929, 94.08552201258439, 86.75057624094606, 88.21552622569216, 93.81380232792286, 99.14206813860005, 107.6689573828949, 104.42741477708243, 99.52774207400873, 94.63742673306744, 27.949552966312307, 46.50240466678125, 65.82236913889963, 79.22397822862295, 93.91945453864221, 112.22760054258379, 124.82578763744819, 134.54712811150256, 149.7217178034684, 146.22748150954396, 141.13597984310107, 133.5289474434108, 129.92861559759334, 123.80381178605246, 117.25976729707847], [21.855915937869227, 16.417758356463438, 15.071073501748804, 23.680824990894912, 23.550333982398765, 25.341717247436623, 28.944611539478107, 63.62601599291638, 69.11445147688427, 78.09961718888177, 86.59638363093656, 94.34926745728032, 87.39275978024477, 80.42455453522267, 71.17691093318483, 28.48931225109636, 21.561993093235564, 13.951779557362745, 6.369613998241731, 14.824943557160989, 12.020553156652397, 0.0, 11.10979572869227, 19.96443749510173, 27.84193982406149, 64.90821464341515, 71.8361801035489, 78.64928669804006, 87.7104611974938, 95.072193453276, 95.0241421428649, 87.4087437637312, 79.38204114179966, 71.45754868727714, 64.66683067886213, 38.86259139443331, 46.76586079330163, 55.797568418893334, 58.85729572496368, 66.8573570979197, 74.99984611681379, 79.9232899028526, 81.20521237662376, 78.8686556071929, 68.42247809477658, 58.53101658567431, 54.13175636178662, 82.11812748771459, 78.25139217615762, 80.16582131243572, 85.22536121785821, 89.16040310276173, 95.71624901457767, 104.3591918790129, 107.90513612700292, 106.11417520349019, 103.26221813465963, 98.25961404366639, 91.53623955832539, 84.22110336583823, 83.20039948610847, 88.17911747612902, 93.37492602433163, 102.48972996403317, 99.43068990759689, 94.9059262159436, 90.81462644897064, 39.370586399572495, 56.5642480561812, 73.1388887546018, 84.78916038977272, 98.41778630657241, 116.09809084851415, 127.2235939421876, 132.93122003838002, 148.53195259411524, 143.52413279822645, 137.77046895201994, 129.85021014205904, 125.7999461247191, 119.07275650274936, 111.77101244706478], [14.589972561683076, 12.330803953832127, 17.58936480812067, 28.617725390663036, 24.60880692728156, 22.690068582758624, 23.651381989305108, 54.24834256526234, 59.38290234893416, 68.3331351110755, 77.11537704944057, 85.34135639940683, 77.96582917647213, 70.88114350447803, 61.788788426700535, 17.55403269857306, 11.36629548769365, 6.6012132369877285, 13.710048383662329, 25.4476299787772, 22.698509356129858, 11.10979572869227, 0.0, 9.018190943770318, 16.960142439983755, 54.49447634514283, 61.64365528492998, 68.77062580622666, 78.37036437325736, 86.05336037517147, 85.87996211243492, 77.79847646806608, 69.41090121280594, 61.27581522572196, 54.285846038090064, 28.379515514189052, 37.35194818655663, 47.336956040207774, 52.79620461246498, 60.51108581784845, 67.4139727658597, 71.68873097806917, 72.8606748752139, 70.18692935390727, 58.77646884573001, 48.42395869975213, 43.65122241421082, 79.15405127929031, 73.82652681759308, 74.20516332284429, 78.5247107034797, 81.80020663584938, 88.28810903512088, 97.31631176926692, 101.43163833291158, 100.16889698339686, 97.93776625677417, 93.81092196509273, 88.1014205757102, 80.84335547795769, 77.63180371058104, 81.83075073017332, 86.56921768143016, 95.6994860217067, 93.17521972416985, 89.25075417078162, 86.08699944438824, 49.023022086918566, 64.23252125925391, 78.26294707043496, 88.25800694452121, 100.93296705535754, 117.69924576380318, 127.31634627812495, 129.46834101707853, 144.5964833377295, 138.0535635809575, 131.6796412097882, 123.4576413708935, 119.00614618706803, 111.90262978190782, 104.3173020390916], [11.310816936237897, 13.887983295989123, 22.431595541889454, 33.44506291587003, 27.3861626882945, 22.75841652056828, 20.748869194685113, 45.93401358148947, 50.8834155678532, 59.82462397005606, 68.75641681361105, 77.21797743327173, 69.55342635387781, 62.40004417436005, 53.43072352024888, 9.764384699463509, 7.843568903423108, 11.099847145193893, 22.244449412956325, 33.80056838556667, 31.04635296524527, 19.96443749510173, 9.018190943770318, 0.0, 7.944169174180838, 45.98397164443931, 53.32898699642387, 60.65458309546018, 70.54922745050179, 78.277732977456, 77.91845018370712, 69.64963190536687, 61.046390120625716, 52.72298982683533, 45.63575827910668, 19.579683738095518, 29.8112465733342, 40.83559707448502, 48.1160358562981, 55.459005241416385, 61.41800335580521, 64.87825426614306, 65.69978387425853, 62.55094878166708, 50.802722076400165, 39.83574854181115, 34.72161190343067, 76.48808443118534, 70.16578500032702, 69.29232750493681, 72.87975609031464, 75.45157655201581, 81.67851260260267, 90.76901776901241, 95.42772656502011, 94.76336124754097, 93.12023484709574, 89.8041189720647, 84.93991530712961, 77.7682146623293, 72.93868293822638, 76.39843042315553, 80.56910939016072, 89.39129903989021, 87.49963736696724, 84.19597852451284, 81.86704074924957, 56.24891717457198, 69.54280258829728, 81.49047281790324, 90.13538057705358, 102.03634948880499, 117.89607288522691, 126.25511774199347, 125.73359827997848, 140.04277784879488, 132.25126169191032, 125.39953397718243, 116.94952194942621, 112.22126098869744, 104.97454625146761, 97.4770143336851], [13.56348367438414, 18.936346462733933, 28.313139927345077, 38.82052110203327, 31.640920942720697, 25.40675165945356, 21.06426687653691, 38.86256633457762, 43.6077904368261, 52.521386650816694, 61.59658479977001, 70.2766540476775, 62.297964693794036, 55.07425031417498, 46.2688711377982, 6.73057895376958, 11.826097885890636, 18.193813426568386, 30.04056309526711, 41.393669671680065, 38.6329681666484, 27.84193982406149, 16.960142439983755, 7.944169174180838, 0.0, 38.790141913929176, 46.34747985815894, 53.87408228296635, 64.05308929115388, 71.7830670434728, 71.21023984945542, 62.77739385373778, 53.95743118015885, 45.42910953299275, 38.24714491048968, 12.003499195790575, 23.83560772771353, 35.80444333274591, 44.85919225352495, 51.67431273306376, 56.586874086056675, 59.17828151462742, 59.63772984088865, 56.02544305124358, 43.968277805265465, 32.3686243891926, 26.910938969357332, 74.72484289275363, 67.53490509359919, 65.45961528742082, 68.29225901584874, 70.1485683194647, 76.08741706358754, 85.2138406159522, 90.37000136818592, 90.27345216467185, 89.19734541024678, 86.66732849399287, 82.63455181551724, 75.6128761466819, 69.2845865372029, 71.99302332366642, 75.58197847830726, 84.07294734300294, 82.79245747564, 80.10478381107362, 78.59178440758863, 63.004583226657964, 74.73278523526785, 84.88209344332131, 92.31356881515208, 103.4538230824042, 118.44089989122197, 125.64618523377064, 122.68588798879277, 136.24408010962964, 127.33412273916704, 120.06211362517543, 111.43829054801724, 106.49407955693941, 99.18487474428724, 91.8635926739971], [49.09812265493643, 56.09722760333274, 65.49955244087968, 74.52166597509523, 67.23786256923471, 59.79262926361611, 52.25001482875125, 23.953581908796046, 17.942238478932918, 21.27903779581894, 30.028437038229395, 40.96663617043912, 34.174737129733764, 29.356975506425147, 26.01129784560265, 38.0796892299164, 45.536589989760955, 53.278055648921395, 65.35270396018215, 76.73094941298231, 74.8256549980313, 64.90821464341515, 54.49447634514283, 45.98397164443931, 38.790141913929176, 0.0, 7.970856516214052, 16.161146214252934, 27.84627633366998, 36.92092606662531, 36.64562247343199, 26.107113472823933, 16.490687906178653, 9.09786435476986, 4.446146902321605, 31.841983574709758, 39.53218905342081, 49.38199235055447, 62.23761219740265, 65.30036802983699, 64.51000749636589, 60.883530634596305, 57.75912496744188, 49.86243530064941, 41.87386336747831, 29.311260968128327, 18.304923474738537, 91.99359977442896, 82.91251417976385, 76.11020724283527, 74.4769308850