{
	"dissimilarities": [[0.0, 8.607638218922888, 15.922962745691864, 25.574549006619083, 18.72166558131869, 12.63826104691393, 8.472481437076741, 41.05437546147139, 49.06943070836051, 59.505894541419586, 66.68896158011842, 73.67452935747846, 67.35545149932116, 60.37224569803911, 50.7770696691665, 20.7564820928951, 21.22476567222515, 23.531882592462676, 29.957230463187248, 37.95737586981462, 34.20354404494173, 26.20642305896305, 18.295271576358576, 14.39100022938097, 14.964965847969387, 49.39866646239437, 56.73464824852047, 64.56034999311973, 72.90919342796225, 78.69875531731661, 77.60709916963438, 70.77481564250527, 62.70429823666791, 54.23573493558313, 48.710465162642606, 18.013500743166084, 26.112729868571098, 38.36505658536028, 39.67408192925268, 47.14222583037389, 54.3027488427686, 58.35906941439523, 58.563271056707165, 56.479034226072955, 49.43411283945573, 37.57722828659858, 33.52961899414681, 66.16263450683304, 60.62435721190885, 59.01839437687863, 64.32914665042074, 66.76390455958806, 73.41156189676732, 81.42149031894235, 85.8811510166323, 87.32952881158283, 85.63061354449691, 82.15211618936198, 75.82442292883445, 67.41565353359383, 62.846518511899205, 66.42191874493531, 70.51269169275552, 78.42923074558063, 78.66528572655284, 76.74269323971888, 74.11128110022271, 58.03051306521153, 65.74375247700723, 75.2436768511503, 83.1375951623788, 95.57329232825863, 112.43538036120509, 117.02189062285998, 115.17889718907087, 129.42133738311392, 124.06562029484216, 117.77125042074155, 108.68207027139796, 105.90561329021045, 99.54099664341445, 95.24649777348326], [8.607638218922888, 0.0, 8.006748396808847, 19.789540697305615, 14.357185902553292, 11.622951619630276, 13.493756022761714, 49.54380407050454, 57.415364545768696, 67.73263458778244, 75.03666479797549, 82.18275192965898, 75.89174549641845, 68.88308377624506, 59.29314334592155, 23.071125865268147, 20.497857347376115, 19.483807456216404, 23.454026421414042, 31.17489951992139, 27.033394211927902, 19.008058136861063, 13.075323337097403, 13.71978922063269, 18.235264836569225, 56.31425434115739, 63.71017658017027, 71.71852642186902, 80.20487732009781, 86.43497161505685, 85.56717289461186, 78.44419848069529, 70.24087120354122, 61.772148271031995, 56.044045204959865, 25.11466730735737, 32.1387116314713, 42.99662615224666, 43.69600480575481, 51.47136345363928, 59.106034890263075, 64.14330020297105, 65.15874125976632, 63.644860466299, 55.715343462134605, 44.8652460191592, 41.219854076327145, 68.62982832835684, 63.70087937659481, 63.15087297329573, 69.29686506362958, 72.480835728089, 79.78754495231226, 88.23484011486833, 91.99462037275373, 92.50871520948478, 90.17124764758469, 85.8706632486558, 78.99001742453207, 70.6135233791214, 66.93968961826405, 71.35606561976265, 76.24372000592737, 84.96062049668998, 84.1596336518181, 81.54363052002562, 78.11071131604686, 52.963921695610274, 62.34746847459949, 73.73834363540138, 82.65481837695167, 95.62725604415206, 113.4620366823925, 119.18607443420939, 119.4994632323303, 135.22236458210648, 131.07532443947466, 125.24782499620444, 116.51766286264109, 114.0271299447203, 107.77264911787103, 103.09935433767149], [15.922962745691864, 8.006748396808847, 0.0, 12.827674041557731, 10.609402914303047, 12.961099887796905, 18.38566403930467, 56.92389860871522, 64.95134956574343, 75.33776072849118, 82.4786624379877, 89.28508939351377, 83.139363475641, 76.19209283855777, 66.6044874458416, 30.15481879258743, 26.146269141411747, 22.321474089358233, 21.520118871170972, 25.986420701387214, 21.53433386958264, 16.352758890633382, 15.781324491486037, 20.11173619889064, 25.821893419581322, 64.19880307071749, 71.51906579839012, 79.4004412105817, 87.65692264595585, 93.71569676008279, 92.86883332764167, 86.02075430909007, 77.98247707693993, 69.60121665730566, 63.93881842122396, 32.978170691133585, 38.806763978138996, 48.27150458522604, 46.950986600307914, 54.853799399065004, 63.28606914834124, 69.18048383429714, 70.51218219717263, 69.57757383540685, 62.14864694126102, 52.21007855221179, 49.11987317546271, 68.92015532055062, 65.15153850865093, 66.14124883739554, 73.04092846119316, 76.86449544937616, 84.33933967661648, 92.62489055593996, 95.70585504447767, 95.51916163295522, 92.59294128180265, 87.48798015646963, 79.90740787060142, 71.51299344795954, 69.5284678105238, 74.86874975200912, 80.30036866177927, 89.12387290973817, 87.51522506558679, 84.30549441798362, 80.03783931210619, 47.08004358343591, 56.34652373712321, 68.87532186902473, 78.65110261489583, 92.13386153848363, 110.70207242812252, 117.64051337706184, 120.97292838355776, 137.35286605611603, 134.5360974479668, 129.33491873776853, 121.12166520973945, 119.16521097294778, 113.63376615814244, 109.3959600719699], [25.574549006619083, 19.789540697305615, 12.827674041557731, 0.0, 11.017054267105891, 18.10215761053077, 24.77690482670185, 64.5256469314778, 72.94052048092891, 83.50817811851397, 90.03905592881405, 95.73459530579925, 89.98177239910783, 83.29813804988615, 73.8429212251224, 42.543640100384664, 38.58584884025704, 33.788328851197676, 28.731960095716598, 25.691908144860236, 21.926348431429385, 23.971894901848145, 27.630404846842236, 32.56466853474868, 37.91472119601363, 74.57546807209606, 81.64694560814294, 88.99931961537223, 96.50882362261575, 101.56108580567467, 100.48506454846924, 94.71746834878648, 87.275971534703, 79.14150307570716, 73.88190479221974, 43.23817786310115, 47.53132913864293, 55.356226220250825, 49.92760946309233, 57.655155772160995, 67.41642013770381, 74.13518056859037, 75.19956596691057, 75.01007533473354, 69.93667062109701, 61.05527214851463, 58.813445596355024, 65.87130203182168, 64.47442198713577, 68.08558867318379, 75.74064266656998, 80.16778403194931, 87.10594105424097, 94.26699286646635, 96.49579835055015, 95.78161148426999, 92.214249313457, 86.1599946744162, 77.49726081150834, 69.0329732812664, 70.42347938510733, 76.98885332274884, 82.69290833513459, 90.58656784474977, 88.30317515200385, 84.51814520732918, 79.17730565199982, 39.35925320122854, 44.22460535412488, 56.81598853013578, 67.55447607886232, 81.78760522172365, 100.95256696621797, 109.59618226276109, 118.16866133804135, 133.9983298787509, 133.0565797455232, 128.91464055443814, 121.63968876795207, 120.73555246857951, 117.02760542746708, 114.48925901012291], [18.72166558131869, 14.357185902553292, 10.609402914303047, 11.017054267105891, 0.0, 7.96297600474778, 15.975539253513945, 56.89212705571846, 65.62159327461339, 76.37345388431628, 83.11307449681642, 89.04177290869596, 82.57084968536545, 75.47678385494275, 66.09311587207837, 36.93650643809403, 34.63350495737868, 32.38566937149159, 31.907954246454274, 33.73485229853903, 29.424435052864315, 26.694143548949782, 25.750062774583423, 27.959914499959865, 31.71688239412759, 67.85185465626355, 75.23945732363843, 82.98816203110287, 91.0902298309954, 96.17908697265044, 94.77300787878819, 88.66965081275544, 80.81839303390953, 72.33185732913289, 66.92745521517631, 34.788625188971494, 37.19621130984054, 44.374233550306336, 39.60206106746449, 47.43917490362553, 56.83560961417153, 63.54056401221709, 64.99849843935324, 64.960538737354, 59.269407842539145, 51.29358950133127, 50.62551182424043, 58.80769452919562, 55.84110457479153, 58.200961983720426, 65.67337744675714, 70.05547263068662, 77.49299200014056, 85.56955872943242, 87.8206566052231, 86.98941909234013, 83.63348927538733, 78.0309014292412, 70.04074561369033, 61.64030981698104, 61.03303623540928, 67.16117662249667, 72.97074120587352, 81.79359297504114, 79.33229919323108, 75.65319078368651, 70.79229684822118, 50.10703491977616, 53.14149260016647, 61.5664783468719, 69.8063240576357, 82.53398404579319, 100.98079768122255, 107.47320766862553, 111.24531978686854, 128.70471250977315, 127.48486222285439, 123.15035473200128, 115.99542312691598, 115.51636249051971, 112.30843471260927, 110.4637935331525], [12.63826104691393, 11.622951619630276, 12.961099887796905, 18.10215761053077, 7.96297600474778, 0.0, 8.413883029627167, 49.27405984924216, 58.04627681698639, 68.82096108842694, 75.65025018034439, 81.76508748286962, 75.05594859121774, 67.83928960558123, 58.464812167709134, 31.72823376435885, 31.01970542001663, 31.00632627386356, 33.76015053362615, 38.26888187871479, 33.99718796078715, 28.814056500898936, 24.56747085061411, 24.068210584809602, 26.09212183155713, 60.61694667952352, 68.05992350453974, 75.88130926968307, 84.16311683964605, 89.23836644212253, 87.70898724594443, 81.47288738274354, 73.50591994009925, 64.92975388599838, 59.53522602215563, 27.21934869832254, 29.527060330362776, 37.72507422501138, 34.43955547707284, 42.317494868280676, 51.12868228722006, 57.12440248309659, 58.29211977161861, 57.80698226043382, 51.86204697684398, 43.371801735137765, 42.876448972489946, 57.197026176269524, 52.88981815022155, 53.64031216666276, 60.43392782126209, 64.24365035676757, 71.57897698823916, 79.89110828097179, 82.77188655033132, 82.60793343828367, 79.83069841079696, 75.04421595837373, 67.77655791483163, 59.350753104433764, 56.900569928058005, 62.15146440952861, 67.47736643042796, 76.2887985503676, 74.56288663227816, 71.45266217159258, 67.4312497203324, 55.87081532803968, 59.1513526423143, 66.24201434095556, 73.39447548693684, 85.43948875953706, 103.02196351314113, 108.11045901169115, 108.53937460956953, 125.5014643127645, 123.05972034175676, 118.16426525364825, 110.59598895360091, 109.78151188867619, 106.18277653084296, 104.27934625979886], [8.472481437076741, 13.493756022761714, 18.38566403930467, 24.77690482670185, 15.975539253513945, 8.413883029627167, 0.0, 40.94049839554734, 49.70981621085086, 60.494496016709725, 67.26142982902587, 73.38663262416405, 66.74107739269736, 59.5935070163056, 50.17460973497198, 28.08807373104644, 29.278643354630844, 31.435438149191906, 36.54016971501892, 42.47818795138212, 38.538649951706134, 32.20058861969011, 25.69147517511811, 22.429430472419245, 22.124358979667004, 53.09746983558556, 60.40248999325135, 68.01816521570186, 76.14720294331973, 80.98831345602024, 79.3744499328157, 73.28934123872054, 65.45744161789216, 56.96099211590048, 51.75746867625016, 20.421253795546175, 24.065607051381917, 34.33832754460668, 32.57658107689537, 40.14895072742316, 48.224003539927814, 52.94679580406236, 53.177227720704025, 51.850068477279855, 46.47484164361879, 36.483405707377855, 35.191195357233745, 57.80071227468566, 52.63990149271528, 51.86684323978285, 57.597466675604856, 60.44568755900743, 67.07511634007689, 74.96184750463851, 78.82939057176216, 79.86265076392442, 77.88922347504577, 74.12201178511816, 67.54849408852036, 59.074656691978106, 55.30998612137482, 59.43843427731717, 63.79518796017545, 71.72611974659755, 71.36221012286799, 69.1310570235657, 66.13505679684236, 59.96138594991969, 63.518345804137866, 69.94896386036498, 76.5246850321923, 88.25040045237269, 104.83666265273138, 108.89910154372497, 107.03511277061193, 122.08187884503239, 117.93079869937169, 112.3113839434823, 104.07588483548574, 102.57915297574148, 98.2829413414609, 96.17571523775389], [41.05437546147139, 49.54380407050454, 56.92389860871522, 64.5256469314778, 56.89212705571846, 49.27405984924216, 40.94049839554734, 0.0, 9.339105856325059, 20.14187582664596, 26.640980085032048, 33.63269157010772, 26.453697278204746, 19.456253745933545, 9.875471938166449, 41.081933307627516, 48.411863234314325, 56.363450331009155, 66.7264539574375, 75.89782504054783, 73.07371633833934, 64.65708210738319, 54.701933587854846, 46.285875716124835, 39.11373558917744, 24.534521831499507, 28.855871264321706, 33.86695825585773, 40.78894861195123, 43.56432512554226, 40.87528005930585, 35.696936354530564, 29.07237107562625, 22.084613237469497, 20.361263649198666, 27.523292829238308, 30.639350676832052, 40.37308033383116, 46.78598308835942, 49.193143543153845, 49.92271199230802, 46.10222333378438, 41.15321738910973, 34.54190771174319, 34.29601919165672, 20.484774860124507, 14.696319299568653, 73.74017608202338, 65.70828169006938, 58.08611709692631, 56.968804585422696, 53.963545403219, 55.47856679754362, 60.28571772724937, 69.12390004931885, 76.01212870410087, 78.37441232779452, 80.11634053329809, 78.10483630668331, 71.33737469427923, 61.713723683537665, 59.14473946665608, 57.520671727572434, 59.773503817886684, 66.67277656744949, 69.28954291217865, 71.92653455099233, 92.17561792344029, 96.09779977024587, 99.17511629656272, 102.5740557036788, 111.61938928816207, 123.11650128169222, 121.8298719399988, 107.24576121286042, 113.31572582205932, 100.25747436027123, 90.69698299948169, 79.06413001248251, 73.50726128064478, 64.74588731821079, 61.53216504112023], [49.06943070836051, 57.415364545768696, 64.95134956574343, 72.94052048092891, 65.62159327461339, 58.04627681698639, 49.70981621085086, 9.339105856325059, 0.0, 10.877770629995927, 17.976640734140208, 26.465113013538826, 19.811512413458345, 14.033146537130223, 7.418090015752168, 46.38853296424863, 53.90519341770314, 62.18902719797065, 72.9735155342425, 82.62558447896608, 80.05094126822856, 71.38662077462601, 61.293366365746635, 52.72731548548834, 45.38769024097845, 20.54693875821352, 22.55036304379719, 25.930677068512907, 32.25337635782383, 34.808138090590305, 32.070414149487675, 26.65833567624808, 20.57367561655785, 15.080344056102101, 15.962891909971514, 34.90839569476922, 38.6141949504234, 47.820674793953934, 55.392426905442704, 57.24712126772991, 56.8326115212892, 51.79554751275905, 46.40012128368013, 39.18349792694135, 39.230616579687485, 26.54443850100431, 19.774978300924356, 82.0210848445276, 73.79625733601715, 65.46191083030283, 63.37081159845579, 59.48522366810354, 59.981243161062785, 63.88900549971412, 73.50613599344253, 81.32879389065862, 84.40661870563665, 86.99283505152962, 85.68183282246424, 79.27724480867938, 69.07761881931076, 65.56765217962663, 63.00542894273913, 64.06251789538152, 72.15696267726707, 75.5374740056097, 78.98501367576448, 98.9673647966324, 103.94596439224141, 107.49781752953116, 110.94183713458347, 119.87563910794178, 130.72322512037124, 128.90812883696563, 112.67742921874262, 116.59597804556564, 101.4215864369848, 90.87266613551802, 78.2800143878067, 71.04686176572504, 59.83044992935548, 54.75004777453195], [59.505894541419586, 67.73263458778244, 75.33776072849118, 83.50817811851397, 76.37345388431628, 68.82096108842694, 60.494496016709725, 20.14187582664596, 10.877770629995927, 0.0, 8.503875238662609, 19.183771204396546, 14.178158949745065, 12.568928699887433, 14.087351260715124, 55.02681180007555, 62.587995158662004, 71.05331920083951, 82.08962745050148, 92.03397395503148, 89.66680449420568, 80.87589537529787, 70.73968456822027, 62.130291805012426, 54.743257967386896, 22.334779762981523, 20.44953500139184, 20.085976360178886, 24.39298667240658, 25.732143374172118, 22.622192731092916, 17.58241593479858, 13.920851173335233, 13.652264712420573, 18.415799110257637, 45.00510216339668, 48.57593523700255, 56.87218220484845, 65.15369400111896, 66.336921495414, 64.78100311919263, 58.556495817866995, 52.72730081229923, 45.18927463730204, 46.043478253919396, 35.269593082412754, 29.074098917230593, 91.06047815773357, 82.68645184259348, 73.68092461714002, 70.53714520061816, 65.74721130476509, 65.04209942983701, 67.82269795119399, 78.12851562603281, 86.91742420880509, 90.78481107392388, 94.3272932272971, 93.8411035219715, 87.90713893819729, 77.18607447594007, 72.68805356268082, 69.09900927669278, 68.75223429149636, 78.05065765659866, 82.2567851746272, 86.59306057167527, 108.19624329829175, 113.72056061107224, 117.26530535448386, 120.47223688803223, 129.06641444049794, 139.03046970085813, 136.42542621015846, 118.11478335049814, 119.61924217845237, 102.19017749999068, 90.64496764896461, 77.20729911890382, 68.28850381894236, 54.62816261495291, 47.81474616133505], [66.68896158011842, 75.03666479797549, 82.4786624379877, 90.03905592881405, 83.11307449681642, 75.65025018034439, 67.26142982902587, 26.640980085032048, 17.976640734140208, 8.503875238662609, 0.0, 11.192646728802664, 9.452361498930678, 13.252639441561406, 18.837057809125366, 63.18243571745487, 70.61358615780239, 78.86270386986477, 89.50095356834629, 98.85267936198575, 96.6112870614185, 88.28850987256679, 78.42653941194693, 69.9784962889054, 62.72954432205525, 30.181284855886272, 26.946069731965387, 23.803214442907795, 24.26782402130957, 21.658860795880404, 17.326156914551536, 16.97421138945854, 18.174288211552767, 21.1343693020031, 26.562282876088137, 52.82346123418005, 55.889814939736745, 63.41763277025028, 70.63963157779521, 71.26447818863943, 69.43655572981507, 62.57790969797049, 55.955033144429294, 48.42820460321144, 51.744612056269645, 42.39370210071488, 37.18909094144343, 94.62555086577146, 86.68997461530458, 77.80616676046628, 73.98125908066898, 68.56998665453851, 66.39667200879568, 67.4159572614146, 78.24136862023248, 88.01538736854602, 92.48046462242769, 96.69935349515795, 96.65453670207604, 91.05005994588359, 80.8302679785303, 75.84298395314511, 71.31379968040872, 68.98663749612261, 79.43895909888319, 84.32538975305613, 89.2230443991348, 113.68900518216071, 118.17761956239558, 120.75924736749784, 123.4036727280456, 131.511226143296, 140.3832838668132, 137.1326407762996, 118.1696665555829, 116.76233120752474, 97.67633757530078, 85.51063458086922, 71.51854073344182, 61.5740884265792, 47.02396178608931, 41.01035359527111], [73.67452935747846, 82.18275192965898, 89.28508939351377, 95.73459530579925, 89.04177290869596, 81.76508748286962, 73.38663262416405, 33.63269157010772, 26.465113013538826, 19.183771204396546, 11.192646728802664, 0.0, 9.75748787268598, 17.564204800711188, 24.9277757621639, 72.4143378243052, 79.65176348012233, 87.50752084059273, 97.42253645350394, 105.68813711376427, 103.52343688345181, 96.00429619278047, 86.59403319194003, 78.42334963870559, 71.40720729234454, 41.14696486762324, 37.887562742221675, 33.77167878844309, 31.403879330011904, 24.522254249208288, 19.277202134331553, 24.889554219751002, 28.70763237901623, 32.15224177308205, 37.399841279121276, 60.95438994244866, 63.120681485297496, 69.63004992693895, 74.79808958586837, 74.75204699403596, 72.96726260616687, 65.68870289983329, 58.07466436030338, 50.88226768229894, 57.671392598481894, 49.930452556662914, 46.14350957175188, 95.60880665200096, 88.53754970947159, 80.23694018999102, 75.7881273905818, 69.8246062121747, 65.75504757445832, 64.23381600139899, 75.50253762096145, 86.41737828379641, 91.48807677555833, 96.37795347764099, 96.71754119939342, 91.52778990375609, 82.4704321034022, 77.16116350959604, 71.57735970478998, 66.53431125450682, 78.27783353365528, 83.88705461551024, 89.28450362086663, 118.44733157881156, 120.74351743080668, 121.4881145841965, 123.15149129847013, 130.45608794498216, 137.80615630105586, 133.7530966273445, 114.65203217735055, 109.468110170111, 88.72746302523944, 76.02121353771791, 61.522168222383335, 50.77734884904455, 36.57346649270343, 34.74572468814109], [67.35545149932116, 75.89174549641845, 83.139363475641, 89.98177239910783, 82.57084968536545, 75.05594859121774, 66.74107739269736, 26.453697278204746, 19.811512413458345, 14.178158949745065, 9.452361498930678, 9.75748787268598, 0.0, 8.17275800852968, 16.896126888238737, 66.1491411206573, 73.68714388835409, 81.87813296111618, 92.29596427082046, 101.11739858578967, 98.61628748070392, 90.57099993526565, 80.72979935855595, 72.27079543316476, 64.96897108811754, 36.24765474629818, 34.475702076301594, 32.713309443483844, 33.69339823344349, 29.976278893656197, 25.092551071964305, 26.356996115316385, 26.747308879417027, 27.785196611570704, 32.09974763730696, 53.65687810379207, 54.5632160519497, 60.36005380641844, 66.26665091388516, 66.05978720304803, 63.82193490020413, 56.462813113698886, 49.1750259742332, 41.81907499554926, 47.96167029982702, 40.87183317604306, 38.61784091597558, 88.28012298959075, 80.5117704312109, 71.59862486184198, 67.14770191608514, 61.29218340963478, 58.13532133798085, 58.365595546736145, 69.33959378363315, 79.51151337924887, 84.31182006962784, 89.01561932076567, 89.47755500434033, 84.31661758879257, 74.19541803907885, 68.75504240301862, 63.554348782897904, 60.18425960771432, 71.14167532590322, 76.43860270713662, 81.79147486830834, 115.25931805911331, 117.33587942472839, 117.66351197731132, 118.99946220480474, 126.08678336218647, 134.11541051228087, 129.8175015521962, 109.28045766042074, 107.93822898126174, 89.2568593514114, 77.38397158379237, 64.02838489317101, 55.70229222226306, 44.89933813143462, 44.236787460402965], [60.37224569803911, 68.88308377624506, 76.19209283855777, 83.29813804988615, 75.47678385494275, 67.83928960558123, 59.5935070163056, 19.456253745933545, 14.033146537130223, 12.568928699887433, 13.252639441561406, 17.564204800711188, 8.17275800852968, 0.0, 9.616082970441031, 59.41658496203586, 67.06697592694817, 75.37611332190143, 86.01040429637807, 95.12380432870064, 92.40489652871578, 84.06905784035374, 74.01950010584758, 65.44393851007229, 58.03129197231594, 32.04482897628999, 32.00530689908088, 32.58188678054988, 36.13146169684944, 34.8290720120487, 30.49555720502639, 28.897421698018338, 26.351779522457775, 24.6751763835725, 27.608175136104993, 46.20156754010784, 46.47934725624298, 52.26750834505744, 58.67321497955382, 58.69813928860148, 56.58583820330924, 49.615539479544616, 42.76705939962913, 35.27698137520036, 40.261662410164504, 32.73772761819638, 31.324509911300115, 82.07083808804394, 73.86357216075285, 64.75354717389853, 60.759933265707666, 55.356461174566164, 53.45019232526686, 55.43993033124847, 65.92626975100832, 75.18885456705593, 79.46620715987164, 83.62090630601246, 83.77599874216779, 78.38413298569348, 67.71343763254002, 62.5947268078496, 58.12904364395121, 56.59731252163448, 66.5023483713331, 71.22530507297566, 76.15645013993323, 110.20325670037401, 112.35415558108919, 112.80191863703385, 114.23850594316937, 121.48106035825874, 130.3604113871726, 126.38828377662048, 106.0517939240823, 107.86083528734143, 91.1599430182255, 80.11158508386701, 67.62323011871635, 60.8932845154719, 51.82967046882745, 51.14792782511606], [50.7770696691665, 59.29314334592155, 66.6044874458416, 73.8429212251224, 66.09311587207837, 58.464812167709134, 50.17460973497198, 9.875471938166449, 7.418090015752168, 14.087351260715124, 18.837057809125366, 24.9277757621639, 16.896126888238737, 9.616082970441031, 0.0, 50.45216930900501, 57.96121956957902, 66.08981126191308, 76.55317245451926, 85.61435018480033, 82.84268150854902, 74.52617662919452, 64.5489511305967, 56.06239424821932, 48.76600631044532, 27.4150727927284, 29.462275264208127, 32.303718265909964, 37.70844036296214, 38.499452727557546, 34.954395552447664, 31.39033449348387, 26.503178536555364, 21.882879699129365, 22.8076001262897, 36.943590083779675, 38.20081337256004, 45.63496557683103, 51.945607985162574, 53.012633705360294, 52.225785252398545, 46.642654803045964, 40.498891021562734, 33.21264402715684, 36.08206967466441, 25.63525844963085, 22.78339663523157, 77.01544527809743, 68.87508607174163, 60.424833547419176, 57.752474474733745, 53.4385202008034, 53.16392424094431, 56.56903584637707, 66.33331989897765, 74.50596446105999, 77.8680747594084, 80.87245290704152, 79.97410883987018, 73.89051432924389, 63.69221509569035, 59.75127543797097, 56.596886763806474, 56.878146253400324, 65.40856190951044, 69.14623887170947, 73.00218131851233, 101.12224516274361, 103.91195632840629, 105.4424197528123, 107.73726759131635, 115.81086479964723, 125.92196509073108, 123.2149178363893, 105.67931377503652, 109.59718888855208, 94.74414019275336, 84.45667860173525, 72.39246981298851, 66.34062387500416, 57.564105843632404, 55.71590620607502], [20.7564820928951, 23.071125865268147, 30.15481879258743, 42.543640100384664, 36.93650643809403, 31.72823376435885, 28.08807373104644, 41.081933307627516, 46.38853296424863, 55.02681180007555, 63.18243571745487, 72.4143378243052, 66.1491411206573, 59.41658496203586, 50.45216930900501, 0.0, 8.224563446424863, 17.79866985248086, 31.127260680947895, 44.92790531411116, 41.90097689028777, 30.116863924727042, 18.82004125780358, 10.367715586401085, 5.973618037366047, 38.183208312206574, 45.590625160308385, 54.32509040027045, 63.965126223904925, 72.29608074042086, 72.18346968581045, 62.98456143809771, 53.961297877529795, 45.62679888972907, 39.34264531503625, 17.725345477510615, 29.75368359841682, 43.22544346395779, 52.005893721429395, 58.51246268468591, 62.51222601969328, 64.58291487891799, 65.20074332271996, 61.70334979265164, 50.28300767436643, 36.636087334671615, 28.72853762482346, 82.625833724942, 74.97028986094674, 70.18558473536083, 73.92418707494873, 75.18363911673207, 82.17734093670552, 91.341462945109, 96.94077119167373, 99.07442415790912, 98.27181178678968, 96.05261479170917, 91.23069272951524, 83.40513596455396, 75.17134324735187, 76.7526179229352, 80.13507183853292, 88.86647862043871, 90.15671536809971, 89.10878119236855, 87.93465043125448, 69.65288225467965, 83.44443161116443, 95.55568347053051, 103.88553249417303, 116.2074650643437, 132.85387692549344, 136.48939981963724, 129.81467152874703, 144.14152728667293, 136.1029448161228, 128.27461479531337, 117.71077184572002, 112.72172568148301, 102.4400849291573, 93.88089664233304], [21.22476567222515, 20.497857347376115, 26.146269141411747, 38.58584884025704, 34.63350495737868, 31.01970542001663, 29.278643354630844, 48.411863234314325, 53.90519341770314, 62.587995158662004, 70.61358615780239, 79.65176348012233, 73.68714388835409, 67.06697592694817, 57.96121956957902, 8.224563446424863, 0.0, 9.707491948407425, 23.34884344941438, 37.808080510370765, 34.908861153002775, 22.800861682766573, 12.11086499652791, 7.037581819848349, 10.401971876570762, 45.59652146161425, 52.71687709463417, 61.17264278481117, 70.43718847609466, 78.84698194938413, 78.96639989405837, 69.93845233727845, 61.172499161753045, 53.09520319075193, 46.93535129799086, 24.353463522043143, 35.70662945548905, 48.56065585901973, 55.89572551917415, 62.886248583130005, 67.76356447058973, 70.72348455267958, 71.67854625487713, 68.61238857467946, 57.31468973139331, 44.23477348311569, 36.68454925911127, 85.20646337978484, 78.2908926636204, 74.6543535361934, 79.17751587891483, 81.04535920843388, 88.34562062820568, 97.49279420683055, 102.65314945781343, 104.25231888131987, 102.94302386529688, 100.00753708463844, 94.51989900181111, 86.51818860394805, 79.46653262507124, 81.8898976712637, 85.83978790979135, 94.80717233295198, 95.4748315243194, 93.9060064448931, 92.00313089469343, 63.65011017895354, 79.37753440077881, 93.41676171923616, 102.843637014964, 115.85662649002323, 133.26689019240987, 138.11556986851016, 134.09132679731627, 148.857409437255, 141.632715101398, 134.14547772690892, 123.73966307739697, 118.83821754592338, 108.56385778841037, 99.65797813007178], [23.531882592462676, 19.483807456216404, 22.321474089358233, 33.788328851197676, 32.38566937149159, 31.00632627386356, 31.435438149191906, 56.363450331009155, 62.18902719797065, 71.05331920083951, 78.86270386986477, 87.50752084059273, 81.87813296111618, 75.37611332190143, 66.08981126191308, 17.79866985248086, 9.707491948407425, 0.0, 13.804921603274897, 28.806391173435607, 26.100068260446694, 13.938438894253043, 6.642402547979004, 11.187324700372423, 18.370052897938375, 54.54079695612408, 61.40661271147383, 69.4946959582867, 78.23353689957688, 86.44038036477022, 86.70255436178704, 78.09596613229594, 69.68651040948707, 61.83377136864088, 55.850040647739, 32.15559783945628, 42.816493151799634, 55.01058981277354, 60.27598168539161, 67.70558656335498, 73.64682114185607, 77.52945631160331, 78.67212955367756, 76.07211698694091, 65.38052984823392, 52.76540518833336, 45.55503872515335, 87.48558189975759, 81.63699876734795, 79.47409689236237, 84.83146691259816, 87.33007155945256, 94.78621850021757, 103.69083476128749, 108.35951765402676, 109.43977572749105, 107.57694711417686, 103.83881172688467, 97.55133206987027, 89.35980094647307, 83.95093420789439, 87.33931359434442, 91.82276968843057, 100.79260653283224, 100.84440618860165, 98.72864733485811, 95.99417395232062, 55.64542989398344, 73.3692611925573, 89.56112289506132, 100.24525966256459, 114.0358319987646, 132.2104217792194, 138.5235299091342, 137.9448397647392, 152.8782128888329, 146.65729620347645, 139.63685270889948, 129.4908128120884, 124.80443470019424, 114.8189598582048, 105.90810665960714], [29.957230463187248, 23.454026421414042, 21.520118871170972, 28.731960095716598, 31.907954246454274, 33.76015053362615, 36.54016971501892, 66.7264539574375, 72.9735155342425, 82.08962745050148, 89.50095356834629, 97.42253645350394, 92.29596427082046, 86.01040429637807, 76.55317245451926, 31.127260680947895, 23.34884344941438, 13.804921603274897, 0.0, 15.545373411211292, 13.494508738660667, 5.321464046896304, 13.88367893737708, 22.67343642685998, 30.51441612750318, 66.79375134636071, 73.3565096357908, 80.8919622256847, 88.81940354263133, 96.4492161959676, 96.78902173567711, 88.98819389784897, 81.14522781801936, 73.57665504833774, 67.88806245135903, 43.26884514657549, 53.16692602074046, 64.59713846429504, 66.8390028565131, 74.63263853496056, 81.94194472948159, 86.82088967383058, 87.93297017993939, 85.87181319871434, 76.50835417811464, 64.30265590417669, 57.40812530838181, 90.42997558423576, 86.2944990666836, 86.21474344623113, 92.50497264695487, 95.68643582171978, 103.03704672299459, 111.2724007542865, 115.34289857800805, 115.91892321127611, 113.40612137460856, 108.68912012627642, 101.34058347935773, 92.94527997485105, 90.06801486209483, 94.65302847238614, 99.6229987368423, 108.16772836544327, 107.60539223911123, 104.88411431350335, 101.11172127359258, 43.334671567211444, 63.736733231771616, 82.95134883439722, 95.39729216370162, 110.23158262481047, 129.21182818628319, 137.6112476574441, 142.20975766025853, 156.71511421427223, 151.8286734634928, 145.49898103383632, 135.77316149451565, 131.44719479428625, 122.1101624737685, 113.58898371646237], [37.95737586981462, 31.17489951992139, 25.986420701387214, 25.691908144860236, 33.73485229853903, 38.26888187871479, 42.47818795138212, 75.89782504054783, 82.62558447896608, 92.03397395503148, 98.85267936198575, 105.68813711376427, 101.11739858578967, 95.12380432870064, 85.61435018480033, 44.92790531411116, 37.808080510370765, 28.806391173435607, 15.545373411211292, 0.0, 4.719887367937288, 15.9784372186185, 26.965155102500464, 35.56859636390654, 43.151868300634455, 78.91014461416546, 85.20731098709275, 92.10655459236536, 99.08526669839752, 105.66219897497638, 105.87625470011056, 99.26425828532676, 92.12115773424657, 84.82075600724217, 79.53425319891976, 54.18460161043211, 63.211598439965854, 73.88278125471743, 72.63836109069098, 80.53282292992779, 89.20500285879532, 94.86273130753541, 95.62337263483407, 94.09346778967829, 86.81882678110718, 75.01980307082829, 68.59250202894334, 91.49252238846594, 89.47190130132874, 91.67188487692273, 98.69557249187375, 102.39932101762638, 109.23595289370824, 116.31859263412137, 119.78795927515712, 120.06239209853904, 116.99780585003015, 111.41427305194135, 103.0121373909354, 94.48783635050573, 94.64638533324293, 100.34965693144808, 105.54005965153009, 113.09027700011737, 112.11927164435527, 108.9304984160733, 104.19226313157687, 28.23726190236814, 50.634700773162386, 72.82155395054934, 87.0426010739912, 102.88300897087592, 122.3126110953134, 132.90344345008438, 143.443117889052, 156.6657538896453, 153.25016861165963, 147.79712280448814, 138.71326661531353, 135.01204940151467, 126.95158726169605, 119.63764898748006], [34.20354404494173, 27.033394211927902, 21.53433386958264, 21.926348431429385, 29.424435052864315, 33.99718796078715, 38.538649951706134, 73.07371633833934, 80.05094126822856, 89.66680449420568, 96.6112870614185, 103.52343688345181, 98.61628748070392, 92.40489652871578, 82.84268150854902, 41.90097689028777, 34.908861153002775, 26.100068260446694, 13.494508738660667, 4.719887367937288, 0.0, 12.54082511958743, 23.519415993215503, 32.19556095304671, 39.8265474554726, 76.62639282356905, 83.16825244137775, 90.33558725310144, 97.64616336920396, 104.24024523615985, 104.27914674015872, 97.5164040883304, 90.12728870204141, 82.57485881008029, 77.15099524064468, 50.62364650693735, 59.124293036741676, 69.48369119662956, 68.27710756431297, 76.18006966822904, 84.80869842023392, 90.60195575279522, 91.57801298564031, 90.20610558081125, 82.72098297476762, 71.32054483081153, 65.47727227316169, 87.51311462735363, 85.23141312146937, 87.30278864307786, 94.38521529202282, 98.19322755066042, 105.24976127411479, 112.6529995907194, 115.96690477969914, 116.02365475138396, 112.90391462388983, 107.30904542862642, 99.00896074457437, 90.53231340395484, 90.36256596143281, 96.07806481715103, 101.41155315324384, 109.33638167162232, 108.11061002999847, 104.83141907619168, 100.09046743073114, 31.26797879552001, 51.13584321245493, 71.81751223170937, 85.36730635030287, 100.84483154956959, 120.29335619625138, 130.33655819229884, 139.72145154181683, 153.8403419539276, 150.7016239998494, 145.34376518809324, 136.458167661779, 133.12170622977237, 125.52747957454221, 118.72105271549209], [26.20642305896305, 19.008058136861063, 16.352758890633382, 23.971894901848145, 26.694143548949782, 28.814056500898936, 32.20058861969011, 64.65708210738319, 71.38662077462601, 80.87589537529787, 88.28850987256679, 96.00429619278047, 90.57099993526565, 84.06905784035374, 74.52617662919452, 30.116863924727042, 22.800861682766573, 13.938438894253043, 5.321464046896304, 15.9784372186185, 12.54082511958743, 0.0, 11.532475080776633, 20.66822669327219, 28.604879154516983, 66.3840451066559, 73.2204964623963, 80.94009950209676, 89.04612908554776, 96.36186560884289, 96.40955800072113, 88.76117946213441, 80.785021681456, 72.93727173182951, 67.17674332014056, 40.58532425408723, 49.60964682147579, 60.55617182002795, 62.08191975663086, 69.91534676174012, 77.47781741913928, 82.67682296150797, 83.94275928061383, 82.18932145988018, 73.09613149891099, 61.45953879782447, 55.48385878679765, 85.23811158300974, 81.20310027081398, 81.41135322618977, 87.90783115418371, 91.30814364954382, 98.78536345795808, 107.12791375974273, 110.89594159088607, 111.18384220751221, 108.51248249242809, 103.63381464484357, 96.20735217562216, 87.83870568846184, 85.17820738975139, 89.99319652194399, 95.15562496261974, 103.89619077720867, 102.97366950500896, 100.07028894276733, 96.12048501292075, 43.28244481537375, 61.30474536582941, 79.21666421332367, 91.14117556352298, 105.6914109531291, 124.68159618819402, 132.8230440511076, 137.23537426699886, 152.43400910990493, 148.1829280201053, 142.16941064399515, 132.84556249706446, 129.13996131813778, 120.75517438884607, 113.27476203998016], [18.295271576358576, 13.075323337097403, 15.781324491486037, 27.630404846842236, 25.750062774583423, 24.56747085061411, 25.69147517511811, 54.701933587854846, 61.293366365746635, 70.73968456822027, 78.42653941194693, 86.59403319194003, 80.72979935855595, 74.01950010584758, 64.5489511305967, 18.82004125780358, 12.11086499652791, 6.642402547979004, 13.88367893737708, 26.965155102500464, 23.519415993215503, 11.532475080776633, 0.0, 9.233836662327366, 17.230770108258486, 55.79397839157606, 62.91919932569731, 71.04198707345245, 79.72937916936402, 87.29922926995256, 87.19010670397014, 79.06125186571482, 70.67589853550513, 62.545447148210634, 56.5798581214579, 29.796254766989712, 39.4945811399985, 51.28377650390769, 55.05028803342755, 62.64699010159113, 69.21970692290843, 73.61231311526245, 74.797492324353, 72.60607255714967, 62.700310573494086, 50.640243480969964, 44.55649512818211, 81.33184849187592, 75.88418510919273, 74.39095237391932, 80.12179090868672, 82.94211502106319, 90.4313867357998, 99.22721391497329, 103.51994717957426, 104.30649066219414, 102.20124311202066, 98.16205815910281, 91.5914664111377, 83.33751143264244, 78.6377423164642, 82.47844785703757, 87.1960090693912, 96.16747994938576, 95.82175170627178, 93.45299613571017, 90.37807798698958, 52.99889971188319, 68.46962447419654, 83.54494865084088, 93.87063262710821, 107.50629575849214, 125.70971814802658, 132.03801828039684, 132.17154877985726, 147.5084621233408, 142.13953477953578, 135.57866929653974, 125.93749245714162, 122.01453371261066, 113.29626910079152, 105.78796716585224], [14.39100022938097, 13.71978922063269, 20.11173619889064, 32.56466853474868, 27.959914499959865, 24.068210584809602, 22.429430472419245, 46.285875716124835, 52.72731548548834, 62.130291805012426, 69.9784962889054, 78.42334963870559, 72.27079543316476, 65.44393851007229, 56.06239424821932, 10.367715586401085, 7.037581819848349, 11.187324700372423, 22.67343642685998, 35.56859636390654, 32.19556095304671, 20.66822669327219, 9.233836662327366, 0.0, 8.001820444991568, 47.14845738429101, 54.49331907464042, 62.869169325064874, 71.93218995024006, 79.5473061770484, 79.26903180319161, 70.88596354510705, 62.24329845779898, 53.90079215311354, 47.822056700787016, 21.13685690601718, 31.916563278849527, 44.710776357967696, 50.318860137903286, 57.5538629144254, 63.21529563429257, 66.7036224112697, 67.5839484852124, 64.90393876847176, 54.65572360637064, 41.93186259115846, 35.49562187855828, 78.78288092468685, 72.31621047797168, 69.40415678498744, 74.32231209759651, 76.50043791239004, 83.75970694773623, 92.68551140747206, 97.52008806173056, 98.91224162689748, 97.37601349893356, 94.14128118633761, 88.3155506491658, 80.18815091211334, 73.95000645866156, 76.859109913968, 81.00710823348341, 89.84400065099962, 90.1972946141112, 88.40102742676429, 86.15074232112765, 60.34736048723766, 73.9189846929769, 86.86040076020586, 95.95422028271396, 108.85297745390933, 126.24304801955918, 131.15534846664363, 128.0681750257187, 142.97821588333932, 136.55420922430568, 129.52075802666607, 119.5909456775714, 115.43681647252573, 106.46556842383622, 99.04557602267045], [14.964965847969387, 18.235264836569225, 25.821893419581322, 37.91472119601363, 31.71688239412759, 26.09212183155713, 22.124358979667004, 39.11373558917744, 45.38769024097845, 54.743257967386896, 62.72954432205525, 71.40720729234454, 64.96897108811754, 58.03129197231594, 48.76600631044532, 5.973618037366047, 10.401971876570762, 18.370052897938375, 30.51441612750318, 43.151868300634455, 39.8265474554726, 28.604879154516983, 17.230770108258486, 8.001820444991568, 0.0, 39.910351345965445, 47.47465839475247, 56.07327488912138, 65.47055520318698, 73.05139396264508, 72.58065753934328, 64.00484721967119, 55.133026368796294, 46.57784862880059, 40.4043296790256, 14.032444238519423, 26.06478264904756, 39.749463162237625, 47.0671700298545, 53.80823187073488, 58.512904763315056, 61.046487640662924, 61.57408219873853, 58.4007631104285, 47.93691131689883, 34.49678589417146, 27.647134491491407, 77.11498516615225, 69.80998268148312, 65.61026998810881, 69.68913263821825, 71.21237564238325, 78.17465745994647, 87.15232339700286, 92.49086030450914, 94.46784522235194, 93.47742013133063, 91.01075003291368, 85.90016966119803, 77.95123548934588, 70.37775558862799, 72.37045064774165, 75.9196829791009, 84.53729635474905, 85.57689198181635, 84.34231352847804, 82.8810100794313, 66.91583258729463, 78.92847412677348, 90.06649323316883, 98.08059699360865, 110.28545312184555, 126.88903587298368, 130.56140238608643, 124.66719535499557, 139.0963823771034, 131.73061871255163, 124.2860545798763, 114.12159398573594, 109.78103310555234, 100.64297282469734, 93.40087145375423], [49.39866646239437, 56.31425434115739, 64.19880307071749, 74.57546807209606, 67.85185465626355, 60.61694667952352, 53.09746983558556, 24.534521831499507, 20.54693875821352, 22.334779762981523, 30.181284855886272, 41.14696486762324, 36.24765474629818, 32.04482897628999, 27.4150727927284, 38.183208312206574, 45.59652146161425, 54.54079695612408, 66.79375134636071, 78.91014461416546, 76.62639282356905, 66.3840451066559, 55.79397839157606, 47.14845738429101, 39.910351345965445, 0.0, 8.019996066095358, 17.3917777332175, 28.314373658580266, 37.225068973460736, 37.158597360950665, 26.335645226321034, 16.610103905328405, 9.142369206678374, 4.61222194470962, 34.336674114530794, 41.88469433519434, 53.06377374635745, 64.6811406357818, 67.76552659151251, 67.14399130991026, 63.15469863716194, 60.092667629315116, 53.33042848865985, 46.331649947820395, 32.10241141607217, 20.57600