{
	"dissimilarities": [[0.0, 8.585464835175497, 15.843740345459945, 25.173359393172035, 19.13327390115474, 13.419123142169015, 9.509042932389834, 41.09269363872615, 48.99891991316342, 59.419389372587716, 66.61543190452697, 73.72741790540842, 67.28000270459574, 60.24049110881208, 50.67918193440855, 21.822980257933192, 22.289804806611336, 24.537894226659592, 31.38334482916792, 37.13845391000786, 33.92079325202182, 26.78881271752183, 18.28330829904837, 15.680861190039113, 16.397592862191843, 49.64462630180166, 56.53862381369546, 64.40326152033327, 73.16699941704452, 79.01821397418986, 77.87522716253575, 70.91621015066387, 62.507840137058295, 54.074621770742176, 48.92194749777931, 17.088148323739258, 29.29766615905243, 40.50167770432169, 40.94201850433168, 48.98197508321969, 55.64580370826648, 58.548431655224284, 59.450408425796624, 56.9044279092119, 49.53038845998878, 37.651244487728434, 33.02923796007131, 68.14624169218368, 62.455170624066845, 60.810552765279645, 65.87337572569646, 67.20516868275672, 74.11608621035676, 81.7483395855504, 86.61195644351528, 88.95187780500868, 87.32504362891538, 83.96983722846683, 77.76431513634364, 68.3316379846343, 64.44683003151792, 67.8371659066052, 70.18228410516515, 78.90571231983351, 80.21993426293895, 78.395520814664, 74.59800572789702, 58.24648295618081, 62.864081831984116, 74.6973113958376, 83.70659130866727, 95.07954631350506, 107.70873180484234, 114.23150121341048, 115.60012491922832, 129.55231744836198, 123.38019043741363, 117.83696621380867, 109.42713542187376, 106.46105744375487, 100.43902811663251, 95.35249595998415], [8.585464835175497, 0.0, 7.795108812332261, 19.13504219939428, 14.983745397563256, 12.627098829240667, 14.288748095854515, 49.618020076359336, 57.30546832852045, 67.62394442209988, 74.93393072863078, 82.20288218636456, 75.81789492176054, 68.76551633774388, 59.20133549741395, 24.057083834527933, 21.608567863836907, 20.65525122888214, 25.06066117920974, 29.996211459846478, 26.49998538649623, 19.679790456624787, 13.138087732889288, 15.023762363384213, 19.41267664936533, 56.53190462750798, 63.567312494536026, 71.58860402751552, 80.40032616536492, 86.67416633947991, 85.76057155220714, 78.54025848517294, 70.0806949566436, 61.65248470434238, 56.219269978173465, 24.376258043908503, 34.982225783548095, 45.075246395437595, 44.8297256749493, 53.30693495410837, 60.50668625416857, 64.34924978466479, 66.09225812656334, 64.1660087434892, 56.00319836315331, 45.12006445146946, 40.985983040885706, 70.730676997909, 65.54944027294412, 64.95978524794491, 70.86089536356809, 72.98313900163438, 80.42854971989301, 88.38736100649896, 92.71685510714939, 94.11787483468996, 91.86003616272018, 87.68660535149732, 80.91520713941026, 71.51440168345296, 68.56108725807714, 72.79716691910212, 75.86052178738638, 85.25089191082105, 85.69861928701546, 83.18642661221811, 78.52951760833234, 52.805858130398775, 59.01991926287385, 72.85085619845556, 82.9459612574547, 94.88998698541906, 108.61335259955624, 116.32733481606186, 119.76672532290745, 135.26584302447085, 130.31771447063753, 125.21330290952535, 117.12112937598941, 114.44965130469558, 108.51719622834023, 103.08015426040089], [15.843740345459945, 7.795108812332261, 0.0, 12.470830348706532, 11.609038390368, 13.76400307748916, 18.88327581860907, 56.8618532096853, 64.80627253940224, 75.15479421410461, 82.30953895881399, 89.25592009976364, 82.97926660961281, 75.98861198351119, 66.44095332269522, 30.730364849137167, 26.858044796200357, 23.293453425078408, 23.51389887759556, 25.292689774629448, 21.48596449249309, 17.33239761870123, 15.684391932905655, 20.949488231095767, 26.569034084222448, 64.24058547985999, 71.23536990733055, 79.16744308713734, 87.77791428430457, 93.90317898662403, 93.0071623096369, 86.02939618683861, 77.70708032545305, 69.35591847349332, 63.96411594615325, 31.857411591218362, 41.04841326800315, 49.89991656246421, 47.5437377096045, 56.35705740942443, 64.29488743711472, 68.9229470381244, 71.09605644372913, 69.73680015450145, 62.011966234214164, 52.08762395006321, 48.62890077826201, 71.03599506448343, 66.78667658034729, 67.65182598677674, 74.28809873593607, 77.10276691551793, 84.6423773196297, 92.51014950840732, 96.2651584594693, 96.913868870773, 94.07623440111482, 89.13053549253678, 81.7244063886535, 72.36329203666261, 70.86859458046861, 76.00167131418017, 79.7203349515254, 89.12679859280246, 88.80637273229719, 85.71850788543715, 80.13309060234042, 47.31593683667483, 53.38188379228076, 68.26865799958566, 79.15710172011728, 91.56999156937614, 106.19569107186217, 115.08600774595111, 121.07297999236509, 137.5095958573921, 133.92781243360494, 129.39580286395733, 121.7780868936766, 119.6791880579559, 114.42740459039555, 109.49671030691563], [25.173359393172035, 19.13504219939428, 12.470830348706532, 0.0, 11.284889640058779, 17.88591668355734, 24.52528612495923, 64.08217727348959, 72.78206596231406, 83.19989286560215, 89.69962156818313, 95.48221908732893, 89.56040589260385, 82.8904938337246, 73.50815675398628, 42.852429501759694, 38.96283086766659, 34.42319967893643, 30.705250679838493, 26.30449419992373, 22.850590019299503, 24.799173031916446, 27.22514952811521, 33.13632780056583, 38.492200859956576, 74.44847005718783, 81.12782436450479, 88.56416134945353, 96.48428198792236, 101.57792213174596, 100.43952822124781, 94.55412533933738, 86.75119325526829, 78.67382112529704, 73.77470197029821, 41.49733080803913, 49.310411685935705, 56.634563309944056, 49.54644541399365, 58.606640500400374, 67.78698584834355, 73.10227492109591, 75.10850131891263, 74.36413242680345, 69.08698333749614, 60.257563053707315, 57.70745381745046, 67.78037669572993, 65.62502839391097, 69.11050649164508, 76.46721006333757, 79.9563881953535, 86.78469619000802, 93.70253401024661, 96.64920738889586, 96.72600104888633, 93.26264391503763, 87.42519418123887, 79.04133651721766, 69.72226315291442, 71.18936500995, 77.545995560295, 81.9566293561843, 90.1221618330412, 89.0285960973341, 85.4356098366319, 78.51552366289452, 40.159812529200856, 41.78228696011194, 56.476590001750814, 68.1689102388654, 81.3142229236634, 96.91278125665268, 107.5001042818762, 117.97422553124443, 134.17182376067635, 132.51588133824913, 128.92706558985415, 122.15010005641717, 121.18318139944543, 117.6654269511701, 114.63894888412926], [19.13327390115474, 14.983745397563256, 11.609038390368, 11.284889640058779, 0.0, 7.748343931890286, 15.841360994034195, 56.650764294139876, 65.77038714628965, 76.4684664619934, 83.17531999501779, 89.03413887062673, 82.37485053937463, 75.2213737575197, 65.91557984816677, 38.30845804137613, 36.23251251993208, 34.289251713738096, 34.96367291481497, 34.59477495858583, 30.792379125933447, 28.711083090571663, 26.575226161972545, 29.692730086345072, 33.247542422049385, 68.39019239587982, 75.3041872869507, 83.10637437927522, 91.6902251393113, 96.76630168127103, 95.25973953898254, 89.0826426217877, 80.81991148458106, 72.35093894176237, 67.40449626614068, 33.18650821050437, 38.801177289983734, 45.44962784174631, 38.86395331563304, 47.89639416807956, 56.795524700032225, 62.18023472293455, 64.62815302777749, 64.19593205063795, 58.29161066147817, 50.527495876227015, 49.77880621335317, 59.897700116515814, 56.35798928908451, 58.66251823816435, 65.8930026303137, 69.38145098129286, 76.76417478883542, 84.46932909914716, 87.47774084718478, 87.35551824041951, 84.05699578505158, 78.59912367498818, 70.80529991128067, 61.480753038781664, 61.254518085324825, 67.22191218053206, 71.57422979566039, 80.77575487736966, 79.58582422812528, 76.00505225966778, 69.69921093968743, 51.26382650817793, 50.687084178272144, 60.744013012767546, 69.94504400690484, 81.3362289041249, 95.51150522410414, 103.9310892298424, 110.29465287349885, 128.13825231602067, 126.3758635449247, 122.814377031414, 116.38510860908336, 115.82317415835071, 113.10501758480646, 110.90866124303925], [13.419123142169015, 12.627098829240667, 13.76400307748916, 17.88591668355734, 7.748343931890286, 0.0, 8.401171958160896, 49.14850752849943, 58.308923197952495, 69.05492485466988, 75.83442208352281, 81.82764221388601, 74.96266516506515, 67.68490949757597, 58.38075109159325, 33.553043426566866, 33.00125190111524, 33.098874792907296, 36.592662127431026, 38.616649043475256, 34.87617987334566, 30.65395541797781, 25.572139413874524, 26.206354416167294, 28.104690976441155, 61.41329703167754, 68.3141829931126, 76.14877939196225, 84.90175783423672, 89.93508325415652, 88.30681204080865, 82.03586856282305, 73.66507562674788, 65.11984657932891, 60.24628838748772, 25.814461725611732, 31.678975810650478, 39.28103216860581, 34.217077413888724, 43.10114239208017, 51.44459535675011, 56.14620578956395, 58.20730745755184, 57.321033374438095, 51.205489415940335, 42.86109254516731, 42.19631518640792, 58.27450120500717, 53.635778437366845, 54.3970609760969, 60.949178048422674, 63.7962884616563, 71.14034193721565, 79.0077111783315, 82.56911438561183, 83.1752481810774, 80.45351166963819, 75.78918175647406, 68.65781060456673, 59.238029620048444, 57.39817922763168, 62.49795038841985, 66.24490778351027, 75.51089850466377, 75.04656276855627, 72.02442188263731, 66.66460501064839, 56.61424955168977, 56.330876933773034, 65.16330838726593, 73.35020840548184, 84.09807234429319, 97.18937112126312, 104.23181102959641, 107.75258657714774, 124.80923885191565, 121.79201271766694, 117.73505782551395, 110.94775716492566, 110.00180021907606, 106.9490762582861, 104.6532942896123], [9.509042932389834, 14.288748095854515, 18.88327581860907, 24.52528612495923, 15.841360994034195, 8.401171958160896, 0.0, 40.820124844321754, 50.020627555299406, 60.758628104902975, 67.45656422602445, 73.45330845971606, 66.63795929907327, 59.4325763106437, 50.09368316130928, 30.116578541797523, 31.3388041547272, 33.454535015948125, 39.07953453775685, 42.7101253449841, 39.22991443172297, 33.780512876111075, 26.623496582342483, 24.663502680185434, 24.441987854977466, 54.013907180288285, 60.711839587101736, 68.33614891925222, 76.95869722625683, 81.73911866305782, 80.01625436672069, 73.90882884446798, 65.65007646023884, 57.19979092059747, 52.58349877525581, 19.093677463232638, 26.826828641420086, 36.135859881078986, 32.665590607158485, 41.0426730915206, 48.6276632784321, 52.11212362278359, 53.13554788954921, 51.34484905911568, 45.81908468644038, 35.960701622267024, 34.43271579638215, 58.73713519080095, 53.423761973631066, 52.706722757153265, 58.19437001556574, 60.00575343584623, 66.77226718845786, 74.28839861161156, 78.62300226274267, 80.47605298082756, 78.55396993024802, 74.90163718603243, 68.45435359522764, 58.966451239003774, 55.862427748833454, 59.84688476756721, 62.656055345601644, 71.17829817818067, 71.89068349252162, 69.75062816051877, 65.48098783174079, 60.700425125711746, 60.76676894346372, 68.95600962141518, 76.50842900933095, 86.9774666627263, 99.04586570954233, 105.01499090231927, 106.40185907433039, 121.34540215287717, 116.5771727998025, 111.81926021252376, 104.39688926583118, 102.78863848491638, 99.0785475116478, 96.56135260507445], [41.09269363872615, 49.618020076359336, 56.8618532096853, 64.08217727348959, 56.650764294139876, 49.14850752849943, 40.820124844321754, 0.0, 10.591054864134641, 20.985208530645316, 27.161854149381334, 33.7908554355185, 26.361583452899488, 19.188309874835618, 9.621371237853209, 42.40969615089508, 49.57151543765037, 57.331120590749535, 67.8122289094024, 75.48563127281189, 72.99325316555041, 65.18973124282728, 55.018973249354794, 47.19863851366018, 40.26928681330674, 26.633874407503203, 29.796236055282048, 34.70142148548696, 42.28737927060161, 44.88119698186342, 42.05245291515291, 37.0043052373918, 29.766203836076798, 22.999169069360597, 22.51301683431543, 28.41061934335885, 32.90217639431077, 42.078737297081766, 48.03068369132493, 50.1447939654112, 50.71745603097015, 46.61825037031092, 41.63467984830614, 34.510595023454165, 34.22550745647084, 20.511433640922522, 13.920163168454636, 73.93978986774943, 66.48558013753443, 59.07371345266004, 57.8923976515791, 53.80166430082102, 56.22161595236329, 60.99511819750212, 69.05715020551567, 76.87710283573767, 79.23372004996294, 80.98130854957311, 78.9386085965512, 71.19408609700078, 62.46379574435848, 59.883293262256004, 57.07716782755431, 60.672567197277495, 67.50871717601554, 70.13211019438175, 72.15742866305996, 92.59224893715688, 93.54966394885953, 98.37641177515475, 102.59484415681483, 110.59572372905228, 117.50246126415196, 117.8115294645566, 107.40698547266062, 112.29661990087608, 98.37770148540756, 89.82982945979158, 79.22261470313165, 73.51333812901262, 65.67074277197669, 61.79776741693293], [48.99891991316342, 57.30546832852045, 64.80627253940224, 72.78206596231406, 65.77038714628965, 58.308923197952495, 50.020627555299406, 10.591054864134641, 0.0, 10.833117994597725, 18.34709396508706, 27.450200755769494, 20.64597568262101, 14.7358176027326, 8.49071833300275, 46.2929917976286, 53.77587923481293, 62.05016484887299, 73.10550364219502, 81.74429100979667, 79.53104396929432, 71.22955002505019, 60.910775813639574, 52.62370520097394, 45.361442934991544, 20.23278016157478, 21.192859472813193, 24.839284081085307, 32.392904227669504, 35.47060977043735, 32.82897694842538, 26.775376234551477, 19.480491585210547, 13.769465052524408, 15.738316583866013, 35.752621647830495, 40.56671435439997, 49.58886497281221, 57.817136020921104, 59.35355285050128, 58.74907664454177, 53.74386735624475, 48.45046623625623, 40.89827145795989, 39.85615823992901, 26.988858017391063, 18.93595984927796, 83.83365067728258, 76.06887664679734, 67.75657996464982, 65.70599800238918, 60.85432133848841, 62.70462476463378, 66.95857971195825, 75.51326964449312, 84.10480666123443, 87.11613646975584, 89.63278554013654, 88.2659941258084, 80.87824975740125, 71.3635104309811, 67.86010110613002, 64.24583144732753, 67.25571149132497, 74.93364165035612, 78.20617036604699, 81.1556316561265, 99.51256358190973, 102.2596811284854, 108.15644944253846, 112.64556245923272, 120.75038227044165, 127.32422694348273, 127.16484426825403, 115.08036818099174, 117.96149055290526, 101.80882905237335, 92.18904492237735, 80.53172839713184, 72.94576639781317, 62.13013239903187, 55.27674022841518], [59.419389372587716, 67.62394442209988, 75.15479421410461, 83.19989286560215, 76.4684664619934, 69.05492485466988, 60.758628104902975, 20.985208530645316, 10.833117994597725, 0.0, 8.862367907864858, 20.161455382375276, 15.295075424879114, 13.598452984878133, 14.834092919975795, 55.0908113379828, 62.56612092284314, 70.94399171807204, 82.06330896462316, 90.9941274047828, 88.99131927188479, 80.64117496041342, 70.4383133630422, 62.076770914233784, 54.81001898642636, 22.477771207694303, 19.533367630726172, 19.034110014988066, 24.422580456672918, 26.194362770331654, 23.219896474910776, 17.656791117560434, 12.793175421841209, 12.90223656239623, 18.643982341836548, 46.24430491366284, 50.59787577643018, 58.85069913933102, 67.67628919572759, 68.48671553409332, 66.93577297904181, 60.99813007470627, 55.007311770028686, 47.19042573789279, 47.34258265784381, 36.31039462903973, 29.133596177530883, 92.65508649940195, 84.91865588948289, 76.06457266645558, 73.031086692477, 67.35975864301301, 68.03874615174222, 71.16040589817055, 80.13185488734663, 89.7292936304166, 93.51112939184038, 96.9394150134482, 96.30859335152797, 89.38703297437634, 79.51519581458142, 75.11148536035877, 70.62512618449786, 72.18820675084743, 80.83703743640321, 84.92857731501618, 88.84266135683008, 108.33866594113435, 111.6019991308405, 117.4504309862159, 121.67465657796285, 129.53911261672033, 135.33039740377404, 134.38656355031486, 120.58525045341142, 120.60273933636408, 102.11441846154018, 91.47883057327206, 78.93159690394975, 69.65530348317384, 56.43441709567967, 47.631952830650356], [66.61543190452697, 74.93393072863078, 82.30953895881399, 89.69962156818313, 83.17531999501779, 75.83442208352281, 67.45656422602445, 27.161854149381334, 18.34709396508706, 8.862367907864858, 0.0, 11.907564835732204, 10.49790365705344, 14.282901198614027, 19.503613412985427, 63.4515328664749, 70.7533239000542, 78.87330791313003, 89.54081486884469, 97.92215777208824, 95.9973444478251, 88.10246455661569, 78.1968319314306, 70.08813034424718, 63.01226336605521, 30.661652499095773, 26.492234169255298, 23.06084712179273, 24.23484352980747, 21.750322383267015, 17.51238824393969, 16.97566572932155, 17.373537693915566, 20.90059377705009, 27.132304364604824, 54.06618224937792, 58.05422992091998, 65.6187968167791, 73.08879223204939, 73.39951980106498, 71.62479229497679, 65.09911780731895, 58.15275612281345, 50.201083985901455, 53.112713578606474, 43.38824248975964, 37.21253388970712, 96.03468242361991, 88.84373609622331, 80.21259180239494, 76.5100737092033, 70.26840523039044, 69.44046115932306, 70.95917671964146, 80.1622265813674, 90.7793816168942, 95.15713470456679, 99.25796202501954, 99.04357340817003, 92.49097736631215, 83.09837354700093, 78.24706015759756, 73.16617992665141, 72.61222965140165, 82.10393058946559, 86.9189959796477, 91.37788332782573, 113.67537764661738, 115.95443255874326, 120.72711878762254, 124.32059301429318, 131.78399508686357, 136.64840523993837, 135.05949473885144, 120.7178650698059, 117.50328387904983, 97.2900131745738, 85.97446201983297, 72.80422495898405, 62.503999701358865, 48.31590798875358, 40.218458459388486], [73.72741790540842, 82.20288218636456, 89.25592009976364, 95.48221908732893, 89.03413887062673, 81.82764221388601, 73.45330845971606, 33.7908554355185, 27.450200755769494, 20.161455382375276, 11.907564835732204, 0.0, 9.743641153650621, 18.08669719303898, 25.44038899995574, 73.17107180781956, 80.27480126815728, 87.99971609417172, 97.99173498502317, 105.3296613859749, 103.37106815318147, 96.21404276050963, 86.6769811422519, 78.9798903687764, 72.16045461530035, 42.34436038165921, 38.30167161620213, 34.135364652451834, 32.52358865133467, 25.562013287700445, 20.31971406223712, 25.96169463889983, 28.898430043018376, 32.64053645549734, 38.64964499487953, 62.03123140870558, 65.12435223128087, 71.57590234248777, 76.5382538320211, 76.18160820786666, 74.3541981997803, 67.30917384979713, 59.19283363953003, 51.35501208020266, 58.25919571255261, 50.33331533729053, 45.901835783881616, 96.11465829659299, 89.85945557046193, 81.8625628776094, 77.44486942631866, 70.66732898281252, 67.78001867626041, 67.02221416150363, 76.31537185069493, 88.11085685936322, 93.13722285368578, 97.98453762121584, 98.23454184205164, 92.24138706041109, 83.82499907171875, 78.6070424767496, 72.94387174857432, 69.40766730586628, 79.79293365607445, 85.44478019189894, 90.43180848600161, 118.74988980895415, 118.73014478545292, 121.23328129327521, 123.59423159407058, 130.21039266742918, 133.66440387296078, 131.11065703229727, 116.3587480465466, 109.19343167206729, 87.33264841835822, 75.44502855141948, 61.80294497225693, 50.900480158561514, 37.439256103978096, 34.39382756280279], [67.28000270459574, 75.81789492176054, 82.97926660961281, 89.56040589260385, 82.37485053937463, 74.96266516506515, 66.63795929907327, 26.361583452899488, 20.64597568262101, 15.295075424879114, 10.49790365705344, 9.743641153650621, 0.0, 8.596318893586373, 17.14630499619335, 66.8389163781916, 74.2496995253802, 82.29353827617203, 92.81147401890966, 100.48696397999615, 98.2727075568722, 90.69712625398711, 80.69985511850096, 72.71983185939891, 65.59527709359709, 37.45387843450948, 34.75787764384008, 32.89457786782715, 34.70428042839712, 30.95419242358602, 26.09365165028883, 27.40271675259112, 26.845812383127708, 28.110828156248207, 33.34053656949351, 54.50959651762714, 56.235329287889016, 62.174557589199296, 68.03222366635437, 67.43770561210157, 65.23626678105688, 58.18003006448008, 50.42737335974101, 42.52516837608847, 48.568491635544056, 41.16674469613871, 38.14181191873859, 88.78059515439837, 81.83870878785291, 73.21097796869246, 68.83876580545898, 62.166817031884925, 60.25558333270332, 60.99064421373191, 70.25765645043187, 81.29858871402635, 86.03657512906845, 90.65810378179884, 90.97362198721054, 84.93864936992905, 75.60268714443407, 70.27464281295104, 64.73844062536803, 62.92379873945584, 72.81640981907526, 78.08628431269972, 83.10625446302296, 115.40726487754354, 115.08736193326259, 117.2690415303749, 119.43879524538156, 125.75260820265643, 129.50478903815534, 126.74031574670158, 110.89003683639042, 107.62309827407655, 87.84602327570198, 76.93365360435607, 64.56695079941589, 55.82702391150902, 45.743137008076275, 43.845414966388915], [60.24049110881208, 68.76551633774388, 75.98861198351119, 82.8904938337246, 75.2213737575197, 67.68490949757597, 59.4325763106437, 19.188309874835618, 14.7358176027326, 13.598452984878133, 14.282901198614027, 18.08669719303898, 8.596318893586373, 0.0, 9.573033067733808, 59.934863924457765, 67.50017026600197, 75.70515047580744, 86.54167961669023, 94.4436415111469, 92.04866298288056, 84.18156920945736, 73.89502886769222, 65.76376404371155, 58.47667673623953, 33.01529166633828, 31.97501650602038, 32.54597697474755, 37.126376948306614, 35.99393401893361, 31.70200965153454, 29.902372592025607, 26.273845694091513, 24.675023630133428, 28.619317179128434, 46.753863796480076, 47.72978407565867, 53.68506697485346, 60.344356650771154, 59.91150124520267, 57.75784082231641, 51.02897385862218, 43.88556429310364, 35.93050330115192, 40.39189790876617, 32.585341370781585, 30.407215328357626, 82.65551518441784, 75.15220679333235, 66.19397075675167, 62.264570046505995, 55.990879306862915, 55.42744108118079, 57.82658129166758, 66.89832838598122, 76.96525834957438, 81.17473821751746, 85.2469461621588, 85.28361160227468, 78.98062495619975, 69.05108101999689, 63.99232533108361, 58.90248983366379, 59.113668732501296, 68.23411413091118, 72.87279097870832, 77.51137781644941, 110.5705850411769, 110.31196150385288, 112.69989864510843, 115.04899777764862, 121.41653440633415, 125.79665353232441, 123.34502803201276, 107.58803043060881, 107.88438596441064, 90.20693843834532, 80.22138323373481, 68.84159450990857, 61.66845613674319, 53.350155018161864, 51.378881296599026], [50.67918193440855, 59.20133549741395, 66.44095332269522, 73.50815675398628, 65.91557984816677, 58.38075109159325, 50.09368316130928, 9.621371237853209, 8.49071833300275, 14.834092919975795, 19.503613412985427, 25.44038899995574, 17.14630499619335, 9.573033067733808, 0.0, 50.97893790055726, 58.40742573122978, 66.45117584895044, 77.166938262453, 84.99714571264387, 82.55411120218412, 74.69097761179235, 64.43317885415719, 56.41093560930445, 49.24519827784993, 28.333598012104485, 29.309989357984097, 32.2122920603029, 38.636976264759355, 39.59870409371096, 36.05124618293013, 32.25533100684055, 26.350821824322786, 21.769838610284598, 23.807518324265576, 37.43270654325499, 39.74674787269892, 47.14049025551959, 53.6437324483069, 54.34429298046489, 53.401576512046766, 47.81464753831445, 41.59935076095044, 33.81235179865065, 36.01938412960824, 25.33634513500961, 21.526691514340563, 77.83500808806726, 70.27378924896425, 61.93080471397694, 59.270514416494194, 53.98109873380353, 54.946402442031754, 58.64786106200364, 67.29936382259399, 76.29355424673183, 79.60754264212912, 82.5647677398494, 81.60566774179667, 74.57752835724142, 65.0927361347941, 61.16160557059543, 57.129371176773525, 59.11457556190516, 67.16902321976276, 70.84195980194286, 74.25506100788647, 101.63266773584363, 101.9480373610555, 105.47127536118903, 108.69730513443864, 115.84201337952075, 121.4468019703221, 120.31283352406703, 107.08100807454682, 109.78614758026352, 94.0036239100064, 84.7398182811887, 73.73159465674419, 67.32323361524588, 59.22286692490213, 56.163087217331], [21.822980257933192, 24.057083834527933, 30.730364849137167, 42.852429501759694, 38.30845804137613, 33.553043426566866, 30.116578541797523, 42.40969615089508, 46.2929917976286, 55.0908113379828, 63.4515328664749, 73.17107180781956, 66.8389163781916, 59.934863924457765, 50.97893790055726, 0.0, 8.251549371742984, 17.764062157820213, 31.13807257932438, 43.183979147752865, 40.958667085200815, 30.0829757853543, 19.068242998150225, 10.177698606999181, 5.702554672120296, 38.09391748950424, 45.449539349487544, 54.220686509658066, 64.1420796527224, 72.79659209791483, 72.72347755898599, 63.17946879453863, 54.0472611761239, 45.69194763919023, 39.27020094420517, 20.17888025287551, 33.15769075323814, 45.589335702857454, 55.013823158393286, 61.4487660534377, 65.15781102609465, 66.53785197535775, 67.68686108799697, 64.08196388635331, 52.057093402557925, 38.63897536140001, 30.41719604990634, 85.66626553686154, 77.99865648082717, 73.0579587650494, 76.66261133091811, 76.82768766433266, 84.4667731097045, 93.1280038824209, 99.0104988404002, 102.01045933907878, 101.24706692935803, 99.06782621729648, 94.26596112675392, 85.35005850306455, 78.0987293225262, 79.5125361760386, 80.62916605421347, 90.80054448033691, 93.1885704481603, 92.10327812430398, 90.17428242567378, 69.93817685938619, 81.07101670121735, 95.91408446448733, 105.48411193819213, 116.81797974264713, 129.14016432249304, 134.60884741434595, 131.53334895419312, 145.38372632736338, 136.37704059074787, 129.3440917610309, 119.48924872376202, 114.1773689787442, 104.16903386050741, 94.17868933728388], [22.289804806611336, 21.608567863836907, 26.858044796200357, 38.96283086766659, 36.23251251993208, 33.00125190111524, 31.3388041547272, 49.57151543765037, 53.77587923481293, 62.56612092284314, 70.7533239000542, 80.27480126815728, 74.2496995253802, 67.50017026600197, 58.40742573122978, 8.251549371742984, 0.0, 9.621429476703554, 23.209516580432364, 35.84256688240436, 33.81809365791107, 22.702462049204467, 12.626488007144859, 6.828978727023609, 10.377680032607913, 45.47322219743507, 52.59015640338976, 61.06439981991757, 70.51090864202865, 79.19442532797598, 79.34483512676542, 70.02124898121853, 61.21379525870398, 53.14377095883116, 46.83058601750109, 26.188532238283628, 39.01583693880132, 50.91503217288997, 58.66840034240038, 65.76529969145133, 70.32961236760652, 72.48587581743335, 74.00839404905938, 70.77815218913693, 58.98940172797368, 46.04495704266039, 38.15222824091555, 88.3047639664977, 81.27396193385748, 77.47876641261041, 81.83932348485314, 82.61426114423352, 90.43871840612431, 99.06726563312337, 104.59537867418061, 107.08238083443, 105.8288005872171, 102.96005318777287, 97.51727555848878, 88.43733399797293, 82.31147866986622, 84.55407455129634, 86.26344028782161, 96.52328852909956, 98.36356770342276, 96.79448062814657, 94.02273847827166, 63.75655088738731, 76.8104675454932, 93.60499101494422, 104.24866945669172, 116.30999014823192, 129.59708180206016, 136.3040522572911, 135.64517270677948, 150.0002893128683, 141.8065150944685, 135.0551631417789, 125.29335051770164, 120.12971573754682, 110.08876924141457, 99.83379213313202], [24.537894226659592, 20.65525122888214, 23.293453425078408, 34.42319967893643, 34.289251713738096, 33.098874792907296, 33.454535015948125, 57.331120590749535, 62.05016484887299, 70.94399171807204, 78.87330791313003, 87.99971609417172, 82.29353827617203, 75.70515047580744, 66.45117584895044, 17.764062157820213, 9.621429476703554, 0.0, 13.701228148497815, 26.814419477958086, 25.05807401592957, 13.938116442539895, 7.735479147817349, 11.212956517984232, 18.479789516945182, 54.341232807493846, 61.21972391191216, 69.33727367597152, 78.21029565676203, 86.65159702866197, 86.93303625962083, 78.0612013007894, 69.63083221782735, 61.80972854034521, 55.686275382123384, 33.36803566333261, 45.95766790181854, 57.24315478670389, 62.67115852964503, 70.42788331455306, 75.98844373373161, 78.93405448988604, 80.71770640759487, 77.87726853173464, 66.75031835450558, 54.230951104989124, 46.68253635426711, 90.62399704969843, 84.50183710573094, 82.15271010965499, 87.3081010349939, 88.72146661353463, 96.58377602167837, 105.01473138070237, 110.12047235965439, 112.0921338944915, 110.30316472327412, 106.67126063169829, 100.48374854513993, 91.25264739479721, 86.61393959745456, 89.79693824472248, 92.13982646982222, 102.2489965204389, 103.50550871921945, 101.43460079828802, 97.68911128659187, 55.79955580750987, 70.84747007340687, 89.75899421423902, 101.58614443564034, 114.45514359759581, 128.7871967646828, 136.95012049376612, 139.31648228946074, 153.99344686559718, 146.8144928088538, 140.45272639413892, 130.87781312974616, 126.01068264228064, 116.20703664794098, 106.06254130372203], [31.38334482916792, 25.06066117920974, 23.51389887759556, 30.705250679838493, 34.96367291481497, 36.592662127431026, 39.07953453775685, 67.8122289094024, 73.10550364219502, 82.06330896462316, 89.54081486884469, 97.99173498502317, 92.81147401890966, 86.54167961669023, 77.166938262453, 31.13807257932438, 23.209516580432364, 13.701228148497815, 0.0, 13.96154873629266, 13.266376152433187, 6.3207065129703635, 14.75085807078876, 23.0919752260272, 30.990248240979028, 66.50867292298389, 73.02940453957166, 80.58911600160542, 88.58776031651182, 96.47110590682405, 96.87019872938336, 88.80016194687236, 80.96066339298275, 73.5121786704995, 67.7297088416448, 44.31619710670097, 56.74336296053227, 67.35886752198884, 69.50803824582496, 77.93027762015805, 84.7124915412463, 88.44246758608422, 90.26470749969333, 87.79115863685301, 78.00482161945648, 65.79428523019335, 58.419070270518965, 94.51664641174426, 89.85812599368867, 89.5091953182323, 95.51330726132157, 97.58810271122287, 105.18877789241765, 113.05913579464128, 117.65193665130462, 119.16419447342764, 116.7747186463837, 112.24923535487892, 105.10541384582142, 95.74043179451995, 93.30444594064816, 97.61744025133055, 100.64104828628099, 110.09586842928515, 110.7574825914942, 108.17852890766588, 103.2142202060431, 43.886668943070404, 62.05012351560556, 84.05734630284275, 97.557250920804, 111.58318821179472, 127.23630014039152, 137.46893651713012, 144.29280785011508, 158.66926106763842, 152.72219746763864, 146.86345920061146, 137.52025030960996, 133.02999281498762, 123.60631885124118, 113.82090308511255], [37.13845391000786, 29.996211459846478, 25.292689774629448, 26.30449419992373, 34.59477495858583, 38.616649043475256, 42.7101253449841, 75.48563127281189, 81.74429100979667, 90.9941274047828, 97.92215777208824, 105.3296613859749, 100.48696397999615, 94.4436415111469, 84.99714571264387, 43.183979147752865, 35.84256688240436, 26.814419477958086, 13.96154873629266, 0.0, 3.955489160805654, 13.77316093578061, 24.959482781659663, 34.01811360617483, 41.854372068086974, 77.50634645937899, 83.81579062754984, 90.93569497457884, 98.23134626670901, 105.08486465608681, 105.27479862611779, 98.29365358325688, 90.92724963174062, 83.63514038502241, 78.26649026139972, 52.769102189196694, 64.6216590790695, 74.39934218987925, 72.6896171766383, 81.57391604922744, 89.57850901181337, 94.01017404209944, 95.72804042291627, 93.72254479901703, 85.86573305448005, 74.23746632600051, 67.57814773061675, 93.88295306825232, 90.93947387738712, 92.76582753976774, 99.50492864813945, 102.20409751709938, 109.29579800713607, 116.3852547139946, 120.33168175300868, 121.38553763166453, 118.42306420512458, 113.06842954079916, 105.01916673981749, 95.64412671950134, 95.67885314459227, 101.10304662400894, 104.7740959916801, 113.23335077310344, 113.25721879661805, 110.22055116060554, 104.0512353786081, 30.6776176320615, 49.976693706470996, 74.11326708052196, 88.8821965891465, 103.79874087593443, 120.4727672125206, 132.57945621757503, 143.94499839422687, 157.85431432014892, 153.5477573228499, 148.46919124649642, 139.73460132797376, 136.1241287300561, 128.042136540007, 119.8373312086097], [33.92079325202182, 26.49998538649623, 21.48596449249309, 22.850590019299503, 30.792379125933447, 34.87617987334566, 39.22991443172297, 72.99325316555041, 79.53104396929432, 88.99131927188479, 95.9973444478251, 103.37106815318147, 98.2727075568722, 92.04866298288056, 82.55411120218412, 40.958667085200815, 33.81809365791107, 25.05807401592957, 13.266376152433187, 3.955489160805654, 0.0, 11.361216357129983, 22.29705983893136, 31.45340276956555, 39.27389796790484, 75.74702401566661, 82.21763636973009, 89.52655916200037, 97.09104926950288, 103.8887867657028, 103.9123755980477, 96.87448334972721, 89.3060063488513, 81.8012632990221, 76.37537450665495, 49.70820663550625, 61.13492234257572, 70.69336339600963, 68.86937068233422, 77.75288037875163, 85.77306138323772, 90.31407900937296, 92.18205804301016, 90.33038087741636, 82.40291165916074, 71.09467996245891, 64.93456106986834, 90.22573124337984, 87.14141693715999, 88.91945480442716, 95.71331254967559, 98.50407702675012, 105.72086548114316, 112.97381751158508, 116.83458699383897, 117.71972518656123, 114.71041799931373, 109.33572829493444, 101.33666179306366, 91.98339197560668, 91.87425055584063, 97.32753097547729, 101.07259775041659, 109.75466564086443, 109.63374171735006, 106.5183539663903, 100.35845237468416, 32.59534003954559, 49.654809642866844, 72.60780316617884, 86.9075365733903, 101.49388383357703, 117.97983345942222, 129.70232132923925, 140.419049843516, 154.94914516077142, 150.90983464423226, 145.9715217178274, 137.45706170468512, 134.1347813160742, 126.54097567242789, 118.85517132500873], [26.78881271752183, 19.679790456624787, 17.33239761870123, 24.799173031916446, 28.711083090571663, 30.65395541797781, 33.780512876111075, 65.18973124282728, 71.22955002505019, 80.64117496041342, 88.10246455661569, 96.21404276050963, 90.69712625398711, 84.18156920945736, 74.69097761179235, 30.0829757853543, 22.702462049204467, 13.938116442539895, 6.3207065129703635, 13.77316093578061, 11.361216357129983, 0.0, 11.555819095692526, 20.808313603718013, 28.83975451993727, 66.11057611640058, 72.85557743318307, 80.61340674373815, 88.8661425081688, 96.34298010476539, 96.39614617016221, 88.54804454161011, 80.49792493594659, 72.72054901215058, 66.95625671105827, 40.798140371054, 52.52178043520692, 62.696468843645846, 63.811900058544325, 72.35104755569763, 79.44291906607528, 83.48534209556617, 85.49058510332475, 83.34750079910017, 73.92630988299621, 62.29999263503361, 55.907219844356796, 88.34475295000097, 83.82355138719957, 83.84446664558781, 90.08155417295305, 92.41805938165167, 100.08083961157087, 108.01095233689212, 112.34114335323504, 113.528721202415, 110.96024443190905, 106.24779598135636, 98.99555776209856, 89.65269902641296, 87.50971940797378, 92.09597030636505, 95.3624209519115, 104.90704407203134, 105.23082730942768, 102.45212669310345, 97.25846091182285, 43.293957449053856, 58.692616726355624, 79.29427675077564, 92.29202496509959, 105.97389276890155, 121.49285028299248, 131.50994327399016, 138.3164394402299, 153.4410576764143, 148.2545667128241, 142.79053029882692, 133.93184873754, 130.10955356173946, 121.81291342937007, 113.31203190190317], [18.28330829904837, 13.138087732889288, 15.684391932905655, 27.22514952811521, 26.575226161972545, 25.572139413874524, 26.623496582342483, 55.018973249354794, 60.910775813639574, 70.4383133630422, 78.1968319314306, 86.6769811422519, 80.69985511850096, 73.89502886769222, 64.43317885415719, 19.068242998150225, 12.626488007144859, 7.735479147817349, 14.75085807078876, 24.959482781659663, 22.29705983893136, 11.555819095692526, 0.0, 9.344328727718006, 17.368952219710952, 55.70029061808542, 62.73337369432335, 70.89345310321995, 79.7902000788557, 87.46268818314596, 87.30935802077704, 79.0187411117332, 70.5196084540002, 62.388783410040645, 56.43957943808246, 29.889331729074737, 42.018895705961015, 52.92109562614333, 56.34713865104177, 64.4280858244705, 70.65304394475771, 74.04672185796774, 75.91802164600773, 73.46070673424688, 63.25619802706503, 51.29023357691632, 44.91069861205184, 83.43554975193692, 77.72422598249501, 76.13718733295423, 81.67836154534749, 83.4492098586611, 91.24088147474941, 99.54633789256073, 104.31218622362977, 105.96393733406457, 103.91845377502423, 99.97490180356557, 93.49177563491324, 84.20146845297343, 80.29348438284302, 83.96910978907344, 86.66742762384878, 96.60567256329247, 97.46620619390583, 95.1460509387201, 90.9511540264448, 52.80063092326119, 65.16920102505935, 82.76086862848676, 94.19157423060125, 106.84773951717403, 121.13918669351871, 129.34923102602957, 132.47202942229896, 147.62742554672545, 141.42966790010263, 135.5827828399319, 126.57561751235056, 122.54868286361783, 114.17776626051253, 105.75177067368682], [15.680861190039113, 15.023762363384213, 20.949488231095767, 33.13632780056583, 29.692730086345072, 26.206354416167294, 24.663502680185434, 47.19863851366018, 52.62370520097394, 62.076770914233784, 70.08813034424718, 78.9798903687764, 72.71983185939891, 65.76376404371155, 56.41093560930445, 10.177698606999181, 6.828978727023609, 11.212956517984232, 23.0919752260272, 34.01811360617483, 31.45340276956555, 20.808313603718013, 9.344328727718006, 0.0, 8.083206025918056, 46.92280531347923, 54.14898451309975, 62.60175892305642, 71.98832740921165, 79.89471416609524, 79.64164050540774, 70.92895161553123, 62.10197480994893, 53.752807705908374, 47.644409525661366, 22.174705439148227, 35.11825102734635, 46.918338381347496, 52.861169935610626, 60.29827815713359, 65.50660026420464, 68.05350587472647, 69.60645982454322, 66.67914054787657, 55.786854724134514, 43.16869106536438, 36.2890940604889, 81.9132661750305, 75.22728862269317, 72.08477491181516, 76.78967903643068, 77.86370782163165, 85.60997945486314, 94.10778256579087, 99.36575055945873, 101.62405874791695, 100.15825669709804, 97.02716863918482, 91.31121137205093, 82.14185165584225, 76.64736562039785, 79.32536883208323, 81.3406482415553, 91.41004460930913, 92.94024137672594, 91.17211052075628, 88.0055548383389, 60.86430770854967, 71.76024857977986, 87.39784923834995, 97.68116763927331, 109.56494870101717, 122.79310156632589, 129.54557873231133, 129.59534500753676, 144.25727218235858, 136.88397060408136, 130.5689975746192, 121.27826299681648, 116.84665645304007, 108.07251414309783, 99.37944665715372], [16.397592862191843, 19.41267664936533, 26.569034084222448, 38.492200859956576, 33.247542422049385, 28.104690976441155, 24.441987854977466, 40.26928681330674, 45.361442934991544, 54.81001898642636, 63.01226336605521, 72.16045461530035, 65.59527709359709, 58.47667673623953, 49.24519827784993, 5.702554672120296, 10.377680032607913, 18.479789516945182, 30.990248240979028, 41.854372068086974, 39.27389796790484, 28.83975451993727, 17.368952219710952, 8.083206025918056, 0.0, 39.718134535002754, 47.131796018403314, 55.840680203558186, 65.66962760224305, 73.60605600558952, 73.16930934378509, 64.19584556494782, 55.066875625321046, 46.46841005259983, 40.267224630346824, 15.84192521582058, 29.397123329573613, 41.92356676734283, 49.90448781388538, 56.62848980853277, 60.88231283013429, 62.59471685376757, 63.77426847469798, 60.421747607689234, 49.13324540000663, 35.91065078721342, 28.64589087102234, 80.21643051236961, 72.7914968611876, 68.3445604711296, 72.23741310030448, 72.6523177305269, 80.251988576863, 88.83395886435432, 94.4987333768091, 97.30946287091625, 96.3708117869309, 93.98016146365951, 88.96077415464528, 79.96202127233158, 73.17929660611816, 74.94643575656296, 76.3204750416382, 86.36710082222766, 88.49770703768883, 87.24675511383569, 85.00182183399235, 67.69408923435348, 77.06949728976424, 90.87106007775613, 100.08796851550336, 111.23460788715829, 123.47375526479496, 128.9420113376965, 126.39335291651751, 140.53858910861388, 132.22929112910302, 125.568343898031, 116.11790382059499, 111.44643553958063, 102.55245791789478, 93.94230809011013], [49.64462630180166, 56.53190462750798, 64.24058547985999, 74.44847005718783, 68.39019239587982, 61.41329703167754, 54.013907180288285, 26.633874407503203, 20.23278016157478, 22.477771207694303, 30.661652499095773, 42.34436038165921, 37.45387843450948, 33.01529166633828, 28.333598012104485, 38.09391748950424, 45.47322219743507, 54.341232807493846, 66.50867292298389, 77.50634645937899, 75.74702401566661, 66.11057611640058, 55.70029061808542, 46.92280531347923, 39.718134535002754, 0.0, 7.761192300890244, 17.22345776938667, 28.632794401453605, 38.01359981883397, 38.025980818095526, 26.754928269923692, 17.028799928654543, 9.772788590710277, 4.531728415320805, 36.77271171149871, 44.427346390986926, 55.145270740967355, 67.75701940587089, 70.37826781847907, 69.77888966162135, 65.95865683603648, 62.94373427889098, 56.233709648023876, 48.582237923301356, 34.63280726355353, 23.069601207363878