{
	"dissimilarities": [[0.0, 7.365796582883757, 16.469212940924592, 24.261254847265775, 15.39037068668315, 7.945068198913334, 2.353476037220053, 42.72287634969708, 50.00543339636356, 59.43839472651048, 67.71129615119942, 74.52771952073488, 67.80114216331454, 59.481201401139856, 51.10662302720012, 27.037200489811827, 27.92482742000666, 28.757607762296452, 33.64843028780767, 38.791723239152375, 34.91460081901903, 28.401920189301425, 22.91165484734634, 20.15308659766454, 20.71849490212274, 52.75784141702471, 60.14249897125394, 66.58638343551002, 75.6851150236494, 81.22410316877315, 79.7126329751491, 73.45009551034255, 65.53035887174089, 56.57618241869165, 50.76961930594546, 21.32209261497649, 24.364767661433035, 34.311472495476316, 33.72333548033088, 41.557520184870135, 50.17481937816391, 54.538558242212964, 55.031643058626486, 53.50071768427772, 46.74584225325613, 36.95798473665063, 36.384209120222216, 59.80352293325271, 54.90567369204121, 54.314802761628854, 59.69041798416038, 63.831280951566775, 68.824228018836, 78.55038149960872, 82.40782049395051, 81.44110466290489, 79.3149442799471, 75.33017099123147, 68.54664485586196, 61.08065877633222, 58.00195882905196, 61.80226047779399, 65.86403428875614, 76.11973712833783, 74.18458920766858, 71.42512513124888, 67.29226056480334, 56.675144402399376, 60.82307582366832, 67.39422803146277, 74.90735795235855, 85.12781982847349, 101.00410209648751, 105.66842461095409, 108.2811560094661, 121.36989231200143, 118.53325369401438, 113.15532505256618, 105.9656864687546, 105.00962699089982, 101.35623326816446, 96.8613298233487], [7.365796582883757, 0.0, 9.805000753182734, 18.37533311260944, 8.510446950696418, 2.1316436364481737, 8.404523699644438, 49.99822468403939, 57.27713134626268, 66.65578157478625, 74.96754516087944, 81.8040355574458, 75.01699407793132, 66.67803575752885, 58.3282663909349, 30.56855867690178, 29.75646675378188, 28.819468465042604, 31.435333792709518, 35.07904777954644, 30.876461129498537, 25.481144662627262, 22.376595353757708, 22.304766447834687, 24.91412198484137, 59.50805968353627, 66.99057131375163, 73.58831846208192, 82.81974405965086, 88.50067454637524, 87.04553545987602, 80.68593450323712, 72.66811987553632, 63.69368607638012, 57.68849711881152, 27.59016064948084, 29.513375252315228, 37.54776337011522, 35.51106735889461, 43.54727548486625, 52.74848617720501, 58.22120045066634, 59.4941358164807, 58.86705011444938, 51.65265493750384, 43.23387700652595, 43.268258827370865, 59.32721333442049, 55.307297757849724, 56.008043122308024, 62.15861629360024, 67.15414827016238, 72.73917460701256, 82.6974378813361, 85.71507377140306, 83.81640967031974, 81.00068382435498, 76.1437629100922, 68.6634081804731, 61.09565948596733, 59.51051156277061, 64.14505599820676, 69.04895832711095, 79.90730812516418, 77.01353397816712, 73.41832739599909, 68.4485624603415, 53.12145013105114, 57.00013059274146, 63.993509984519775, 72.15726871365672, 82.59332812948563, 99.3378681891001, 104.92162123099777, 109.4833163584058, 124.27437563723151, 122.91009440690063, 118.16811558146773, 111.62876522382867, 111.22451154116995, 108.16230059121773, 103.95255920198049], [16.469212940924592, 9.805000753182734, 0.0, 8.913029492208866, 2.691362882113448, 9.848143118507268, 17.409685681589227, 58.84745851761031, 66.12366376954377, 75.56833134094512, 83.63529942117229, 90.0389322676503, 83.69610616135263, 75.58360343771979, 67.20953535087763, 37.40607626048577, 34.709739429017986, 31.410585332682405, 29.621999915132314, 29.28605316033713, 25.105778090537445, 23.422946882255395, 24.92196767804872, 28.077382892610167, 32.55896662291876, 68.30770840078436, 75.65388625294395, 82.12247247998359, 90.97615410616747, 96.49918155084262, 95.2055859341604, 89.13483819253537, 81.36484489951286, 72.5671878158023, 66.62741052314375, 37.02044893388476, 39.22119775440831, 46.25174600141865, 42.18168740761087, 50.15908740130036, 60.134152105457616, 66.30932235568082, 67.73076087370775, 67.43659564432247, 61.005281286526184, 52.973502201972366, 52.66850456607153, 61.43876595921403, 59.34861852821605, 61.953851047899626, 68.7187028709554, 74.27319310721288, 79.90339126440017, 89.22493725967696, 91.60149108124237, 89.18422309699599, 85.73881317099082, 79.94425178663926, 71.36576971936981, 63.65366663686126, 64.90175418803845, 70.41365782289604, 75.89867500055354, 86.12967665480973, 82.68046962796079, 78.49741118238438, 72.57575132364876, 45.40189759275624, 48.800504786306576, 57.500749701019835, 67.27183674427106, 78.77902760673483, 96.56154082751968, 104.04185900484121, 112.58475052430346, 127.71838907724963, 127.65921217487852, 123.55332103460924, 117.38526502785983, 117.35211029701618, 114.65776694318626, 110.71462295970831], [24.261254847265775, 18.37533311260944, 8.913029492208866, 0.0, 10.794347554517643, 18.257077325479262, 25.075634717760423, 65.42002702542183, 72.63701891737034, 82.11137649231705, 89.81810977044931, 95.65333602855316, 89.897596573497, 82.11950181973343, 73.7602305913917, 44.409481805264626, 40.820277706395295, 36.223630329600674, 31.035580026241398, 26.186575115378357, 22.670837687263987, 25.461808946332564, 30.165291851289858, 34.78134436363202, 39.96354058669858, 75.33652234095847, 82.43529578733181, 88.61030965223735, 96.86599380386569, 102.00959871392249, 100.84239842170344, 95.27402269013331, 87.91562734665587, 79.36534937935413, 73.68278996250409, 45.01916020329182, 47.71955404916653, 54.59083653530571, 48.9997879212951, 56.81104866172607, 67.36785519281807, 73.70175173568995, 74.82044839099639, 74.41836173785312, 69.25445050248362, 61.04134346106633, 60.24144880923865, 64.28192302754756, 63.97755493261153, 68.01295848492681, 75.00458870729359, 80.68118294540572, 85.97242139611593, 94.3143119961614, 96.417937437775, 93.9873377080943, 90.23516624043775, 83.89283310113387, 74.45622576269042, 66.67578903248639, 70.39903611834846, 76.41905459620926, 82.0568580105003, 91.07182209745982, 87.56461041609981, 83.2260307493851, 76.710745214451, 38.056627303525524, 40.26731379137086, 50.99732306748724, 62.4573853216508, 75.22576328293233, 93.63424041744193, 102.91788592137861, 115.2344181137772, 129.54821780120042, 130.21218847701238, 126.54518950368481, 120.50392124196088, 120.65967118471129, 118.20623173729473, 114.62229407006848], [15.39037068668315, 8.510446950696418, 2.691362882113448, 10.794347554517643, 0.0, 8.084989258862624, 16.06791809166604, 57.70878241920006, 64.98084702283062, 74.34401553368409, 82.47665307566213, 89.01240927825567, 82.48022866599648, 74.33107628075992, 65.9902596658824, 37.59501351254074, 35.40964804996887, 32.65746428069621, 31.751219240764108, 31.937758573318295, 27.724657646800836, 25.49655017167154, 26.106775855835913, 28.534095421475307, 32.47587732500789, 67.77813891192189, 75.18018762246336, 81.66750344650109, 90.61063408340763, 96.04760027755563, 94.61937637260579, 88.58492140431142, 80.76760323192646, 71.88050494768594, 65.9796977002787, 36.08684454232044, 37.45046894360428, 43.9690168666671, 39.566933305066286, 47.53205768668082, 57.55395552807411, 63.83810950035162, 65.36542555926306, 65.27732435207324, 58.90977900357928, 51.37283577260665, 51.68163226857508, 59.00088093028099, 56.72040071304648, 59.291757152120304, 66.09544053452991, 71.72723381395991, 77.45409083704654, 86.91510427980319, 89.17007470542843, 86.6309039377468, 83.15921167321724, 77.37729840716982, 68.89470256996248, 61.20664493634487, 62.250120075919874, 67.786740315968, 73.34343049005975, 83.77688633449618, 80.18568620630434, 75.93111154040623, 70.02144907095939, 47.89392208859638, 50.21604263813389, 57.584804661557186, 66.6783016602889, 77.71589921447988, 95.32562645711975, 102.34619570309815, 110.20211398702564, 125.75915046743575, 125.89060202241917, 121.88154011106288, 115.96079304364017, 116.1625842685031, 113.86987598891164, 110.35254456391789], [7.945068198913334, 2.1316436364481737, 9.848143118507268, 18.257077325479262, 8.084989258862624, 0.0, 8.3987246943436, 50.11017606942991, 57.37927201460221, 66.6888900280946, 74.98002293063534, 81.81099583148044, 74.97214602701888, 66.67779017424508, 58.35706654086695, 32.37925635567211, 31.796065061270646, 30.949924649659504, 33.38159308799436, 36.49104679867935, 32.29529742085488, 27.377168032711197, 24.505974598003093, 24.301739890318842, 26.58598769028952, 60.47062934268807, 67.9388470390714, 74.46955304731003, 83.6292494450272, 89.11161708311343, 87.54314547509371, 81.36161551694421, 73.40828184547503, 64.40518594186031, 58.52410562469993, 28.44188070751966, 29.506805754658174, 36.92645707328083, 34.033647795969095, 42.07411588529015, 51.53390808749141, 57.1629010773573, 58.44889576428144, 57.99647541706001, 51.22959323543467, 43.29007451845747, 43.879392082554794, 57.26249191247328, 53.42336399627095, 54.418205360374955, 60.67358380603052, 65.77756310338883, 71.37560661490944, 81.24624022215508, 84.09673051742725, 82.09060296994733, 79.18595876968398, 74.22383812531844, 66.63694997404261, 59.05092461353119, 57.80511552914208, 62.59219155743069, 67.60506687545414, 78.37529393072779, 75.33662826468107, 71.64255700090025, 66.54873439827679, 53.790941098424426, 56.51990427604057, 62.622523484753465, 70.43423093595129, 80.66518523188195, 97.35155917487488, 102.83707714341682, 107.4999310811056, 122.49976048887838, 121.46226234063019, 116.90543001222632, 110.63246514145202, 110.51001581554102, 107.91855739877178, 104.24556718955957], [2.353476037220053, 8.404523699644438, 17.409685681589227, 25.075634717760423, 16.06791809166604, 8.3987246943436, 0.0, 41.75124048787623, 49.0266307868135, 58.384144556240145, 66.64407476973277, 73.47501280871104, 66.6704499260206, 58.38978347357028, 50.0428608077127, 28.680051257895585, 29.9789581687714, 31.05174755905532, 35.95920391361975, 40.7713080190203, 36.90213746289639, 30.67954896421962, 25.24706201230888, 22.215483161365835, 22.219369780113322, 52.8798563279978, 60.2300753368751, 66.57623149292992, 75.58565625861185, 80.88326746212866, 79.22793348609189, 73.17271405943073, 65.3338949462454, 56.34938101883132, 50.7189271258133, 21.467944289781403, 23.45286254260989, 32.97798599670994, 31.735932005939656, 39.547166930368604, 48.33428747307229, 52.691273722659965, 53.08618241351493, 51.61575203622465, 45.39923162967723, 35.98715401708546, 36.0651095849261, 57.70244071214463, 52.79559314692732, 52.25224405448841, 57.607592926922706, 61.72928387346702, 66.66007999720574, 76.29612581049987, 80.10879510991273, 79.16774556853223, 77.06217589995327, 73.12024619125489, 66.36787030009057, 58.91104491336909, 55.86440724678378, 59.676165894411184, 63.71972601478369, 73.83403432199923, 71.88909440579172, 69.1584588273787, 65.04691733163847, 58.00920064265878, 61.0754261675046, 66.66628204327517, 73.68527120709088, 83.61905884896417, 99.27641178789789, 103.65308278172783, 105.97508484148184, 119.0676927811663, 116.3552075230551, 111.07592641415823, 104.0853095968565, 103.36328883902213, 100.15539520608391, 96.22602054811242], [42.72287634969708, 49.99822468403939, 58.84745851761031, 65.42002702542183, 57.70878241920006, 50.11017606942991, 41.75124048787623, 0.0, 7.2837487576435525, 16.8575795046727, 25.130984509574148, 32.74780883993767, 25.366041049586965, 17.011571577907493, 8.622720528275748, 43.20297160623544, 50.44498895694348, 56.87573712653857, 66.99746974407542, 75.26615366555897, 72.56153289756138, 64.4652200904959, 55.07028186536129, 46.773958942032245, 39.730799447634, 25.716467735005796, 29.70927724159538, 32.994388918244645, 39.950805920854926, 42.967270828845656, 40.03431712585245, 35.51253324575281, 29.361424819439026, 21.737559676137156, 21.431536834928426, 28.367003542636596, 30.255635525988097, 39.33615546024561, 45.67795095976056, 48.05375941814504, 49.44283809757853, 45.08828596002636, 39.8445013076543, 31.63479678428597, 32.64334237326463, 19.25448777239678, 16.1474764501762, 72.80851437695688, 64.4249724723276, 57.05533263119215, 56.22983420567861, 53.77296259732589, 53.58928967237535, 60.256374756278014, 69.10323624421655, 74.01593705910749, 76.41374889692054, 78.1814811374341, 76.6906589332035, 71.44363129822948, 60.69919269750734, 58.52237043912746, 56.21634040332264, 60.81160002105767, 65.38990636451554, 68.24543406627689, 69.94072039635088, 90.61814326198402, 93.72016065875998, 96.18430825291802, 99.22826740687931, 106.56140735430782, 116.72810431738873, 115.37937558384574, 105.22093371546927, 108.30391942368037, 96.49090163178953, 87.21224202851577, 76.46942092298835, 72.01726138333235, 65.18849171589378, 60.303868426877436], [50.00543339636356, 57.27713134626268, 66.12366376954377, 72.63701891737034, 64.98084702283062, 57.37927201460221, 49.0266307868135, 7.2837487576435525, 0.0, 9.703681248854426, 17.962216149730352, 25.99107827525757, 18.28592123889866, 9.970945040553277, 2.4076041004247357, 49.201443329985004, 56.6286407925972, 63.30534087000882, 73.65731358171, 82.10889302966757, 79.5095492293438, 71.35113330038351, 61.83027398250179, 53.418861120577276, 46.2158210420663, 25.70109023093643, 27.891002587325488, 29.67867317954957, 35.445865723013696, 37.45772199800849, 34.04963566985816, 30.34262097263058, 25.29202009726297, 19.22644244662132, 21.43782669726728, 35.00887396598347, 36.46724919774456, 44.35914033407054, 51.07420536778173, 52.6104517489093, 52.81163100627328, 47.2175941707103, 41.24281172711129, 32.31224702142885, 35.09185865162491, 23.67903672741898, 20.99242483309741, 77.19284620693196, 68.59349518589228, 60.54759744980986, 58.751034250876714, 55.21355690829029, 53.983734448313676, 59.68092588757531, 69.24288406965533, 75.11710762132122, 78.24875367791353, 80.92126164267492, 80.28925275375614, 75.51304004142574, 64.01975658236734, 60.961533921844726, 57.607030001655815, 60.86481946004119, 66.54927790858426, 70.30708906315863, 72.90944886071841, 97.152020567861, 100.13805663026555, 102.13568079430347, 104.62004989610138, 111.49715484381797, 120.7774046421301, 118.54662043370979, 106.4212613127673, 107.67190616607242, 94.22664780475664, 84.23416932650356, 72.84534084498249, 67.58259451025476, 59.99117056637345, 55.057779264965795], [59.43839472651048, 66.65578157478625, 75.56833134094512, 82.11137649231705, 74.34401553368409, 66.6888900280946, 58.384144556240145, 16.8575795046727, 9.703681248854426, 0.0, 9.223872800712561, 18.62716986133323, 9.335015743900277, 1.0487908372869192, 8.363278515455109, 58.00715803450042, 65.63078800927687, 72.55175964700967, 83.17049582363896, 91.77950086411334, 89.20015479404772, 80.94546363560353, 71.27170382901555, 62.73102692009246, 55.35277026072615, 29.854719501689527, 29.861745690598834, 29.579967364941467, 33.307693921374806, 33.44413333529326, 29.160857711873394, 27.233034801013527, 24.395515370234442, 21.399979148191267, 26.034024784404213, 44.01092763781402, 44.35001049462748, 50.417800951338336, 57.356793523454755, 57.74818994574252, 56.39497646614363, 49.352978705748015, 42.658768919977256, 33.34083436593876, 38.37788165155822, 30.213895115591235, 29.06974658568399, 81.93666860859638, 73.02162529916286, 64.13340802212214, 61.08613650477565, 56.21524676786598, 53.689610655710794, 58.15984872562488, 68.43106642702689, 75.40206344954008, 79.4614165878642, 83.32516115627516, 83.92720109355108, 79.86126843575833, 67.34336711949278, 63.15483068595905, 58.49815388053408, 60.14727531109279, 67.09100962338633, 71.94098223878757, 75.73992133553917, 106.57805245680245, 108.97517221192734, 109.8989248201589, 111.40500385878644, 117.41086594111925, 125.46260726622792, 121.84194400926448, 106.71555419359466, 106.05495562277926, 90.81279862410574, 80.07860053069332, 68.31150297798615, 62.398218674864694, 54.64932822538537, 50.69340463606787], [67.71129615119942, 74.96754516087944, 83.63529942117229, 89.81810977044931, 82.47665307566213, 74.98002293063534, 66.64407476973277, 25.130984509574148, 17.962216149730352, 9.223872800712561, 0.0, 9.851829569392482, 2.1201113227684525, 9.252654008436819, 16.898057462882175, 66.20266236006903, 73.6971262413039, 80.51203310696971, 90.8363068483778, 99.10451776457698, 96.73392298711913, 88.84011234313157, 79.39273245037474, 70.98593704518811, 63.746159307276024, 35.70830585121038, 33.8260001636601, 31.307567361567664, 31.55525382976301, 28.734131437131328, 23.755329397873037, 25.363890649159075, 26.018423159547346, 26.229917767949175, 32.4110832917528, 52.80525161030972, 53.49062523217777, 59.264941374167044, 65.46650964719065, 65.4554712528568, 63.85897591681735, 56.23089313020469, 48.91455506833577, 39.43999779312035, 46.62699174203064, 39.415420365356155, 37.77789685402472, 88.10227005759327, 79.6782897964193, 70.94038712130485, 67.27926511472252, 61.59188615177393, 57.75345339048756, 60.033119251482795, 70.93451052815917, 79.10232732179475, 83.82142941810439, 88.38982161500283, 89.4388239141838, 85.73957126871517, 73.70104398480103, 69.07971489971003, 63.59570220783893, 62.65800947372185, 70.87301536976511, 76.63741720661986, 81.03994099312193, 112.7768242408768, 114.75306443839845, 115.32561288873131, 116.41139903958214, 122.22213810169838, 129.22114359169285, 125.09204964802225, 109.21942478948553, 105.14893521635355, 87.68835388885937, 76.04698178079484, 63.10693847476001, 55.76931155837965, 46.65443503201809, 43.247616011321384], [74.52771952073488, 81.8040355574458, 90.0389322676503, 95.65333602855316, 89.01240927825567, 81.81099583148044, 73.47501280871104, 32.74780883993767, 25.99107827525757, 18.62716986133323, 9.851829569392482, 0.0, 10.512331691637346, 18.67190455845343, 25.260167557544666, 73.39217490458684, 80.56529943582666, 87.05282978541514, 96.73580819211774, 104.33751258935116, 102.2619650590886, 95.0051531808918, 86.02803784715945, 77.9323641103617, 71.01920858535537, 42.38908152832026, 39.32602604685799, 35.18007901725408, 31.80272038826605, 25.54857958595763, 20.374472852805464, 26.47465271149329, 30.343170778224312, 32.63917807459379, 39.49437975453887, 60.693151269294866, 62.18913272575112, 68.3671610663128, 73.46949810696822, 73.49008043694096, 72.38712111669514, 64.7223665422568, 56.930030129074, 47.35472196125613, 56.157066652193954, 48.66065150513084, 46.06351234248594, 94.19256888568708, 86.65667584452392, 78.5974376076279, 74.80094123076807, 68.77084985517827, 63.93453462470863, 63.94472399405517, 75.23674521333038, 84.39580661746871, 89.464691832414, 94.29769686198877, 95.23668949668006, 91.6503206575471, 80.88980568004958, 76.32073076592212, 70.46716647280469, 66.93239083773516, 76.125460774641, 82.50052296846442, 87.02850343086614, 116.37152305567811, 117.94385762231272, 118.53934265021907, 119.53813665690424, 125.54536396597031, 131.68593222609988, 127.67306891065594, 112.6894472127312, 104.72016727511055, 85.13430802065702, 72.65266255893036, 58.11477753220109, 48.856358282885324, 37.285952758510554, 34.261906489103396], [67.80114216331454, 75.01699407793132, 83.69610616135263, 89.897596573497, 82.48022866599648, 74.97214602701888, 66.6704499260206, 25.366041049586965, 18.28592123889866, 9.335015743900277, 2.1201113227684525, 10.512331691637346, 0.0, 9.128294031401323, 16.97493889788812, 66.95954646680369, 74.47522478549696, 81.26789643336907, 91.56341744012256, 99.72160903014954, 97.28672886220592, 89.43159077591082, 80.00220535960302, 71.59329117423415, 64.3419162466867, 37.09319055050893, 35.484231807216545, 33.19481886906488, 33.64370013594459, 30.73658930346755, 25.70387549785557, 27.418089385017478, 27.880978019675798, 27.74808429080644, 33.687278494207526, 53.14898865464131, 53.30877239868652, 58.62083803761486, 64.5579734399698, 64.3331245965956, 62.60485016672146, 54.843676278508916, 47.39360686721467, 37.91980335278865, 45.791626266542984, 39.22195737291292, 38.30863406070662, 86.73055287503885, 78.30156766800117, 69.52372784228862, 65.71341434271979, 59.88224671786183, 55.87149424686926, 58.004583221164154, 68.9313617258799, 77.18200323488165, 81.9836168034202, 86.67706502067706, 87.88508778066245, 84.30543703561308, 72.19753820476687, 67.46427655084698, 61.84138895546765, 60.68036489327511, 68.98821491403791, 74.86089928662972, 79.39571713114559, 113.3340596667981, 114.8116279185536, 114.86473917119528, 115.63548299279205, 121.17414029386485, 127.9721888065983, 123.5669795032418, 107.2646165146734, 103.2888609192813, 85.96082229960788, 74.4115167827938, 61.76312275580118, 54.833837384785504, 46.66158587345957, 44.44870291913875], [59.481201401139856, 66.67803575752885, 75.58360343771979, 82.11950181973343, 74.33107628075992, 66.67779017424508, 58.38978347357028, 17.011571577907493, 9.970945040553277, 1.0487908372869192, 9.252654008436819, 18.67190455845343, 9.128294031401323, 0.0, 8.420153650027178, 58.476280158944334, 66.0938282920544, 72.98359300489466, 83.55618679434396, 92.07550692569583, 89.46909504690404, 81.26097417985933, 71.618449746561, 63.092136737813696, 55.7247040776662, 30.75577684103807, 30.866098437918506, 30.623916062004042, 34.29162750007011, 34.2542239142886, 29.903849378827953, 28.198602229430964, 25.4362718959202, 22.388355243198593, 26.8986980594289, 44.258007918276, 44.31124468871351, 50.13899692032749, 56.88640408522748, 57.17271526673695, 55.78398525112595, 48.675384936913666, 41.882234511564384, 32.524291927225626, 38.016938994163326, 30.1938552964272, 29.480925134481055, 81.2029963645551, 72.30508519055486, 63.41645097721872, 60.30043783956758, 55.3583761406507, 52.73829622277349, 57.124163646316454, 67.41279627644376, 74.43231484263895, 78.52843873171341, 82.44572140019159, 83.10810057209842, 79.09334364966686, 66.5743948850937, 62.34040211693352, 57.61608305173179, 59.12788256733317, 66.12252903105943, 71.02820088010267, 74.88272771583026, 106.79012970737163, 108.90474450182512, 109.55801194744299, 110.90512989563642, 116.78510241006325, 124.73163576164188, 120.99039926773216, 105.71025746139465, 105.0571445582507, 89.88066025360564, 79.19574880512225, 67.55628787075862, 61.826103354776734, 54.478257879441145, 51.052549106059836], [51.10662302720012, 58.3282663909349, 67.20953535087763, 73.7602305913917, 65.9902596658824, 58.35706654086695, 50.0428608077127, 8.622720528275748, 2.4076041004247357, 8.363278515455109, 16.898057462882175, 25.260167557544666, 16.97493889788812, 8.420153650027178, 0.0, 50.96871647103844, 58.435439725884315, 65.1151670252968, 75.46812268822796, 83.82774044600235, 81.16234553520033, 73.02902270103459, 63.5105873524236, 55.08722075136194, 47.854599339955925, 27.529095266873952, 29.58068929991729, 31.167955870508433, 36.68822756812601, 38.26150866936131, 34.59991194203839, 31.331049109902004, 26.59405820063478, 20.865563327135263, 23.26439631881425, 36.33117068648172, 36.94456132961063, 44.08647746720727, 50.612484254481146, 51.79730840179635, 51.67955984567998, 45.76666632493, 39.55655590361993, 30.48168122611589, 34.1812043216657, 23.822973746237498, 22.450628374755905, 76.25662047543246, 67.5604986830728, 59.32703031125613, 57.25438631284576, 53.44995994242878, 51.98616797371612, 57.56688033934858, 67.21131522603122, 73.2345807896097, 76.5244645776877, 79.4287423882166, 79.0762722811049, 74.473492389051, 62.71961923033937, 59.42463682677604, 55.81580218584262, 58.84728267244975, 64.70149511758217, 68.6501474816184, 71.49874151961559, 98.7899600223135, 101.2085660503103, 102.56013299473338, 104.62388003882361, 111.14058542208879, 120.11932480225407, 117.47371632000512, 104.60955612919547, 105.85379816364865, 92.39644443512121, 82.43427038764342, 71.28276096852355, 66.30056601338448, 59.38227941713926, 55.37748092880652], [27.037200489811827, 30.56855867690178, 37.40607626048577, 44.409481805264626, 37.59501351254074, 32.37925635567211, 28.680051257895585, 43.20297160623544, 49.201443329985004, 58.00715803450042, 66.20266236006903, 73.39217490458684, 66.95954646680369, 58.476280158944334, 50.96871647103844, 0.0, 8.23847761279746, 16.433671603280686, 29.874066239092624, 43.14038629250505, 40.385808024848444, 28.8481113849843, 17.69112482123553, 9.787961824221167, 6.697803857302706, 38.12989608241876, 45.4549027034891, 52.92954208396723, 63.535818699143, 72.07583053435934, 71.92777857763876, 62.82765807190488, 53.8715359272119, 45.79700438106874, 38.36225916606303, 18.179411549580422, 29.89155471990753, 43.07022404866765, 51.98462549347406, 58.58617168483397, 62.96319971430408, 64.9697799765451, 65.63422209393255, 62.64097113464315, 50.262309318112905, 36.986071913311235, 29.59162444406103, 83.50503923991754, 75.85981121443712, 71.3947673762148, 75.05281171352475, 77.64876609499102, 82.52159178725643, 93.63872920480298, 99.16766352256654, 99.2353583930914, 98.34748772296459, 96.0374935975003, 91.31152160922937, 84.44665165483488, 76.35807138231878, 77.92387395442987, 80.45544479546231, 92.30369445428988, 91.86522943574998, 90.30327052406199, 88.09283285541267, 66.57531623719902, 80.42950356682591, 92.38453798369976, 101.40417891344187, 112.13949033986871, 127.8866179339003, 131.79142345923063, 129.79391217060484, 141.60069354686385, 134.9030196877896, 127.34544646175542, 117.58231333915776, 113.47126383472713, 104.50404815446028, 93.45393652178949], [27.92482742000666, 29.75646675378188, 34.709739429017986, 40.820277706395295, 35.40964804996887, 31.796065061270646, 29.9789581687714, 50.44498895694348, 56.6286407925972, 65.63078800927687, 73.6971262413039, 80.56529943582666, 74.47522478549696, 66.0938282920544, 58.435439725884315, 8.23847761279746, 0.0, 8.40604655851828, 22.15082169605094, 36.11781828029199, 33.55422461778415, 21.80608266378324, 11.378448262731652, 7.771740921772805, 11.837553261501888, 45.6186353273787, 52.65905576228914, 59.94275186157502, 70.13609770982355, 78.67054163053844, 78.76849033960022, 69.83703194589937, 61.14515025308278, 53.337236935868866, 46.032609425326015, 25.016999344296806, 35.98408555541953, 48.5442049508359, 56.01974758297524, 63.09856163476813, 68.34876323931555, 71.2024426427702, 72.19042310587302, 69.56886849176584, 57.382022823726544, 44.60978166853518, 37.54570682228429, 86.17257317596027, 79.3926162966339, 76.04394685906018, 80.3628259308552, 83.57465907668724, 88.74212295790599, 99.76722707665533, 104.88096768956726, 104.47338646048605, 103.08628759313207, 100.06165708268115, 94.56091732795423, 87.45301848080577, 80.84186203091055, 83.12947726724913, 86.26796976152625, 98.16391665707904, 97.21789969775416, 95.1248093756494, 92.1918576867117, 60.472137293943476, 76.29137844374488, 90.17910738327433, 100.38485176346897, 111.88175870939868, 128.42645843000642, 133.5916720282203, 134.04920383613458, 146.38322140105922, 140.47212995492805, 133.24310595226638, 123.56789455730846, 119.57147829783386, 110.54322749356359, 99.2260361541485], [28.757607762296452, 28.819468465042604, 31.410585332682405, 36.223630329600674, 32.65746428069621, 30.949924649659504, 31.05174755905532, 56.87573712653857, 63.30534087000882, 72.55175964700967, 80.51203310696971, 87.05282978541514, 81.26789643336907, 72.98359300489466, 65.1151670252968, 16.433671603280686, 8.40604655851828, 0.0, 13.844618999874713, 28.188714731848332, 25.78173049619938, 14.110327861881203, 6.572701840628858, 11.159425410176324, 18.327953694864384, 53.406817251560994, 60.2791286403782, 67.32986805603497, 77.0379002227381, 85.2871481106855, 85.48299320720298, 76.94958320207184, 68.55952445407046, 60.851103526968984, 53.747401691117474, 31.448521308138258, 41.631300087789185, 53.5912311176269, 59.192412350896234, 66.68289310166516, 72.94112130013724, 76.5900699765138, 77.74702344749892, 75.44533800840577, 63.92383929675956, 51.55941614416975, 44.970172568157814, 87.41099987895365, 81.71267424246068, 79.6543044329855, 84.61375092291985, 88.39994192928553, 93.74524155415442, 104.47823977993491, 109.15104814808643, 108.32518619912948, 106.43806271530266, 102.68344074252832, 96.3388343437923, 89.00092557558236, 84.17168109339056, 87.21729901908334, 90.92811639063821, 102.58609415052759, 101.16594851284131, 98.57718740236156, 94.89082061314305, 53.21899328939455, 70.52233568795855, 86.12620314029829, 97.43916585401486, 109.67308332246799, 126.91830912904167, 133.39269077494262, 136.6101542793345, 149.28328839609512, 144.30171649964274, 137.51195811286965, 128.05740656629294, 124.3548785394559, 115.62624181340105, 104.57717965236957], [33.64843028780767, 31.435333792709518, 29.621999915132314, 31.035580026241398, 31.751219240764108, 33.38159308799436, 35.95920391361975, 66.99746974407542, 73.65731358171, 83.17049582363896, 90.8363068483778, 96.73580819211774, 91.56341744012256, 83.55618679434396, 75.46812268822796, 29.874066239092624, 22.15082169605094, 13.844618999874713, 0.0, 14.989088801974964, 13.462068955172422, 6.410863322824859, 14.027170835860593, 22.640233744438437, 30.47970219699275, 65.6531321411246, 72.22768581128116, 78.8302684456771, 87.64736163478896, 95.27252227491017, 95.58954547901854, 87.84056699660354, 80.02584109153831, 72.51820493510562, 65.82554080646605, 42.726781308389114, 52.00350186581954, 63.197176977433266, 65.83572043039933, 73.73133901292368, 81.43691083177787, 85.98416851895665, 87.10284916954878, 85.05156286702604, 75.04208342331226, 63.0093369220013, 56.83485407141848, 90.3078269531597, 86.53934505065996, 86.50919023710581, 92.25272364122416, 96.68346248721977, 102.0184725289207, 111.93833261349715, 116.05263816955934, 114.83103270448322, 112.29476390909083, 107.53614626411401, 99.90491336741684, 92.28155258965694, 90.4591622507978, 94.5465663914791, 98.91422544719829, 109.67529199929393, 107.76870088502174, 104.61734240862725, 99.873259284262, 40.67921508640631, 60.67226211225559, 79.36464876717407, 92.53376360417498, 106.04621022408955, 124.18201719791689, 132.85638438279503, 140.75434078170778, 153.24562832325188, 149.53509147063377, 143.40903801580595, 134.2322130668183, 130.93291366204573, 122.67857016529871, 112.21012501761467], [38.791723239152375, 35.07904777954644, 29.28605316033713, 26.186575115378357, 31.937758573318295, 36.49104679867935, 40.7713080190203, 75.26615366555897, 82.10889302966757, 91.77950086411334, 99.10451776457698, 104.33751258935116, 99.72160903014954, 92.07550692569583, 83.82774044600235, 43.14038629250505, 36.11781828029199, 28.188714731848332, 14.989088801974964, 0.0, 4.600536056410167, 15.434468966825202, 26.281231667400856, 34.692991867246995, 42.30666242868201, 77.33945799981252, 83.74266281174268, 89.86307982451159, 97.75922876092395, 104.35061248119864, 104.52706078393435, 97.89054158933565, 90.69647500845107, 83.2189806602633, 77.06618094625784, 52.95403074472018, 60.98234857793685, 71.25656762527748, 70.50084433895975, 78.54467071564589, 87.70802623734889, 92.9700437815748, 93.82108113086417, 91.99456436953166, 84.21348566068255, 72.69266850297394, 67.35795262417629, 90.10791750147818, 88.61663662647581, 90.78751003005127, 97.16168987292777, 102.08302307632285, 107.15955099018632, 115.85734976078339, 119.34251918700095, 117.86039097228088, 114.73663386237905, 109.05401446618133, 100.14815442913819, 92.35596417873465, 93.95825587860112, 99.03813430398588, 103.91948806985808, 113.22199110721286, 110.92351349157424, 107.33585578333076, 101.58551232673764, 26.297695334016723, 47.47914598168778, 68.80493076710712, 83.60858020991493, 98.30004440315926, 116.9919052100366, 127.84765134588446, 140.77501201075773, 152.62762684901338, 150.44681649146108, 145.22114684644168, 136.65862914386565, 134.13957679134168, 127.12639181494116, 118.3086990916928], [34.91460081901903, 30.876461129498537, 25.105778090537445, 22.670837687263987, 27.724657646800836, 32.29529742085488, 36.90213746289639, 72.56153289756138, 79.5095492293438, 89.20015479404772, 96.73392298711913, 102.2619650590886, 97.28672886220592, 89.46909504690404, 81.16234553520033, 40.385808024848444, 33.55422461778415, 25.78173049619938, 13.462068955172422, 4.600536056410167, 0.0, 12.151927544584689, 23.098997705648642, 31.546413122865587, 39.179135854387525, 75.18876346757078, 81.82620476670789, 88.13299527449466, 96.37079824695334, 103.00478003730808, 102.99277532298265, 96.23165312779946, 88.80390024463584, 81.06482762872146, 74.78585610979923, 49.5882678025718, 57.070879530951, 67.00243460916035, 66.23445431036174, 74.27717171676329, 83.39694604196526, 88.81454587861631, 89.87612846547805, 88.31128086879426, 80.2765602028064, 69.1931230456794, 64.43653062791473, 86.20150953739835, 84.44500924257497, 86.51531608852615, 92.94852856661218, 97.99501240330504, 103.2671000249976, 112.27013942064804, 115.59196559107184, 113.89298146055333, 110.71115173389185, 105.01847521835184, 96.23775839485454, 88.47611049733545, 89.7503096262098, 94.84947952320533, 99.84790610439437, 109.57595434278701, 107.05368541222244, 103.33554325256557, 97.59108431669486, 29.417272500085407, 48.03018241704919, 67.74136694091086, 81.91412605425519, 96.12498495651164, 114.79960477130673, 125.10693616422313, 137.11492743279712, 149.7628956587801, 147.87958687750614, 142.76684955468968, 134.52103724865557, 132.30856129451774, 125.7915470380691, 117.45492383049594], [28.401920189301425, 25.481144662627262, 23.422946882255395, 25.461808946332564, 25.49655017167154, 27.377168032711197, 30.67954896421962, 64.4652200904959, 71.35113330038351, 80.94546363560353, 88.84011234313157, 95.0051531808918, 89.43159077591082, 81.26097417985933, 73.02902270103459, 28.8481113849843, 21.80608266378324, 14.110327861881203, 6.410863322824859, 15.434468966825202, 12.151927544584689, 0.0, 11.34041625953285, 20.27428935831355, 28.19740303023769, 65.14995595130306, 72.06047266125188, 78.80280114032249, 87.86748889637651, 95.20241424313603, 95.15947136389374, 87.58216921501817, 79.59439694096947, 71.6618214253545, 64.94296602170395, 39.619510834839886, 47.74129133531187, 58.287230564132685, 60.10320013853458, 68.04610781368184, 76.05833613012445, 80.98354124708032, 82.3085641114072, 80.67579842337602, 70.90950773296053, 59.62742567965138, 54.623874273611904, 84.07427148886406, 80.42082247296949, 80.72174209330421, 86.67979980052453, 91.38370142407834, 96.9113269463416, 106.94321331717775, 110.69093439102201, 109.13784684212419, 106.40630494030526, 101.45268877871253, 93.7287500633709, 86.11681879619245, 84.58022118040824, 88.90886509908233, 93.54180673304147, 104.51112955103075, 102.22296543035974, 98.8161318121542, 93.87405138213428, 41.01315610900836, 58.04783247878895, 75.00310065850262, 87.54931949530761, 100.6028235630333, 118.72674773214298, 127.07170285347595, 134.7861708100364, 148.1415940658659, 145.20572475720786, 139.47026481111936, 130.92127181263638, 128.29321690570455, 121.16043520277239, 111.96827999162896], [22.91165484734634, 22.376595353757708, 24.92196767804872, 30.165291851289858, 26.106775855835913, 24.505974598003093, 25.24706201230888, 55.07028186536129, 61.83027398250179, 71.27170382901555, 79.39273245037474, 86.02803784715945, 80.00220535960302, 71.618449746561, 63.5105873524236, 17.69112482123553, 11.378448262731652, 6.572701840628858, 14.027170835860593, 26.281231667400856, 23.098997705648642, 11.34041625953285, 0.0, 9.105532105366438, 17.101464367876186, 54.60601314287441, 61.755044880094225, 68.78904121642448, 78.45924659708314, 86.16023270472448, 85.98753804843142, 77.90854444568924, 69.52595886424048, 61.39934868221747, 54.422609866418455, 29.204367827336544, 38.24101861823063, 49.73986543790006, 53.94492387405793, 61.61644122055306, 68.53461537395644, 72.64763823721584, 73.8695513713549, 71.912560755403, 61.132809457533185, 49.36399050001693, 44.035934379213366, 81.25602838495426, 75.98002600366767, 74.55656443496804, 79.83010383086652, 83.93119032304571, 89.37427871630732, 99.969524629393, 104.27528119165808, 103.1810500876251, 101.04891314324347, 96.98888667956348, 90.3288510180869, 82.9228236310416, 78.8773610893589, 82.31243390431851, 86.33255378569667, 97.8644294230189, 96.0961347219977, 93.24677487382976, 89.22458431296114, 50.87750684048497, 65.88061641335317, 80.25489477707663, 91.19776729531198, 103.22098116350115, 120.4862334027671, 126.9767336181375, 130.82116267231726, 143.98489589906643, 139.85152355841535, 133.52330907440646, 124.67224328908786, 121.67888807261454, 114.15374905803533, 104.58123036868687], [20.15308659766454, 22.304766447834687, 28.077382892610167, 34.78134436363202, 28.534095421475307, 24.301739890318842, 22.215483161365835, 46.773958942032245, 53.418861120577276, 62.73102692009246, 70.98593704518811, 77.9323641103617, 71.59329117423415, 63.092136737813696, 55.08722075136194, 9.787961824221167, 7.771740921772805, 11.159425410176324, 22.640233744438437, 34.692991867246995, 31.546413122865587, 20.27428935831355, 9.105532105366438, 0.0, 7.998050725672097, 46.04197489164689, 53.39697065244038, 60.58380567545163, 70.62265535290251, 78.3961811351276, 78.0345842811173, 69.74661383489061, 61.128099377656234, 52.79457935198084, 45.716075670660274, 20.532210044972288, 30.70980370284221, 43.26378160984476, 49.24164331079147, 56.545761519304605, 62.573872967140794, 65.80313143310593, 66.68816781053492, 64.28723603123508, 53.17767900436908, 40.73948602135954, 35.059093642075815, 78.72640990385909, 72.32825690679663, 69.55410197908216, 74.13389458899805, 77.57689149794656, 82.73521958159759, 93.50900041714976, 98.3463838627064, 97.80782751214379, 96.24695898049993, 92.99752982260513, 87.20255717730016, 80.00784263170345, 74.1367777492133, 76.77030752416586, 80.13536157452042, 91.70760074779447, 90.53155832589454, 88.28139881654724, 85.0738708095749, 58.10691834100898, 71.2280197203516, 83.52488357866834, 93.15332440784121, 104.37429172297985, 120.77138593024635, 125.82030926498003, 126.7861642938457, 139.310529377259, 134.14272684797524, 127.35572788482793, 118.27015262703422, 115.02355631594642, 107.33703014158762, 97.77514080786213], [20.71849490212274, 24.91412198484137, 32.55896662291876, 39.96354058669858, 32.47587732500789, 26.58598769028952, 22.219369780113322, 39.730799447634, 46.2158210420663, 55.35277026072615, 63.746159307276024, 71.01920858535537, 64.3419162466867, 55.7247040776662, 47.854599339955925, 6.697803857302706, 11.837553261501888, 18.327953694864384, 30.47970219699275, 42.30666242868201, 39.179135854387525, 28.19740303023769, 17.101464367876186, 7.998050725672097, 0.0, 38.82520269430333, 46.399583996791556, 53.72571775220338, 64.12496595339576, 71.92155203851974, 71.34425454653928, 62.87770397257048, 54.02722710567182, 45.46597350107404, 38.29814899220348, 13.268906970101982, 24.78647014616226, 38.26428933628615, 45.969945765992776, 52.759061628900874, 57.80713792839661, 60.100744249247946, 60.63125359604061, 57.78895033410874, 46.3986299289811, 33.27155428975967, 27.229500744908805, 77.07689211417704, 69.70259485494627, 65.66114548640537, 69.51572556598529, 72.28277553490123, 77.1318789257066, 88.0389874736707, 93.36179425686058, 93.35072450065711, 92.33825047190274, 89.86994506156421, 84.9236778494796, 77.9906162430818, 70.45066465985815, 72.28157943413048, 74.98013462242449, 86.53774558301028, 85.93223092170031, 84.2668068419629, 81.85527290375677, 64.81724204296002, 76.39476018230502, 86.90360302338087, 95.35107372621036, 105.80058119058391, 121.36024422373825, 125.10889268803768, 123.45821466225958, 135.3855955540673, 129.2974590587202, 122.1098178647746, 112.85149560910719, 109.40085497486803, 101.63348648526961, 92.17863169868785], [52.75784141702471, 59.50805968353627, 68.30770840078436, 75.33652234095847, 67.77813891192189, 60.47062934268807, 52.8798563279978, 25.716467735005796, 25.70109023093643, 29.854719501689527, 35.70830585121038, 42.38908152832026, 37.09319055050893, 30.75577684103807, 27.529095266873952, 38.12989608241876, 45.6186353273787, 53.406817251560994, 65.6531321411246, 77.33945799981252, 75.18876346757078, 65.14995595130306, 54.60601314287441, 46.04197489164689, 38.82520269430333, 0.0, 7.98666117928919, 15.797962636090864, 27.78167139039559, 36.98273123555372, 36.70283592591664, 26.136913730226546, 16.46919291752313, 9.813248308118672, 4.36847289709917, 32.8691026399728, 40.315855020309726, 51.38284569087084, 63.16621800844265, 66.30226922232875, 65.99534270241612, 61.93907917548526, 58.893538097951534, 51.977680292105674, 44.55461685678258, 30.410561595582298, 19.108493310757208, 94.52790801982307, 84.88407456358854, 76.26892600095353, 75.65812440917279, 73.62901461721836, 74.733