{
	"dissimilarities": [[0.0, 7.346377113281215, 14.783750231986948, 24.194727490186164, 17.517760871819803, 11.258275236281312, 8.5415081663386, 42.909998865905756, 49.89998615114382, 59.28395099224724, 66.43906590059805, 74.67060834146407, 66.99709586684548, 59.771896388398034, 51.4087409399252, 19.130206383235233, 17.889289882157563, 19.26793424456784, 25.203162189828607, 32.77381657096563, 28.947216148355235, 21.677723652065524, 14.283441199894375, 11.123438191176772, 14.40364486559777, 48.60754090900987, 56.26687177936961, 62.89401544853751, 72.06520710473013, 78.72278265620898, 77.78144334785766, 70.49792778113675, 62.67142997283628, 54.25899401370646, 47.61307176235187, 20.475420835715706, 26.896012656446192, 36.03910719916503, 39.125419083535064, 47.29996368889702, 55.02725418855287, 59.11056487152062, 59.41303071754375, 57.178305219383965, 48.97386413326613, 38.01668418236143, 35.3824920979824, 64.93610776178917, 60.9601347825606, 63.19320348844318, 67.27126588600176, 69.75222981937435, 74.84536951187229, 80.78768209734154, 82.65082915723265, 82.55713400680317, 79.0950714406949, 75.49653129559438, 69.76138995204968, 66.52588881866576, 66.89531437465911, 70.36464850422567, 73.53000258481539, 78.61659477826137, 74.31882544430489, 71.1436493408541, 67.7758226112276, 55.28911918746173, 58.083931987531024, 67.04349788681156, 77.87804121922333, 85.28170927813188, 96.06776473642354, 106.90032721473005, 107.81232958957042, 119.31623969934843, 118.49821426781766, 113.42557926019164, 106.67506116631506, 104.18892367338495, 98.16510598884388, 97.18959766747452], [7.346377113281215, 0.0, 7.8408861817839215, 18.68487104198196, 12.952037196227431, 9.645289347372064, 12.043057111329704, 50.23648210517888, 57.14154236144505, 66.47965251274331, 73.70189851547545, 81.99618430257335, 74.33540132183983, 67.09557444682422, 58.73934349510057, 22.23409875563622, 18.443069152116763, 16.82442708019664, 19.880598027338465, 26.822679673275022, 22.52695828196377, 15.518812990113931, 10.68526066446645, 12.56422016095372, 18.647386563883824, 55.184361544302114, 62.80902319033903, 69.5721617082716, 78.85109392445385, 85.69957871303228, 84.89209903734614, 77.5003929294439, 69.56096223209408, 61.161468735427945, 54.38283464504289, 26.61624916124007, 32.18378841890982, 40.21499785531926, 42.330179304438694, 50.67873088168259, 58.83245939841673, 63.81462836232249, 64.81248788962887, 63.30380891251915, 54.47270091406987, 44.48168994027559, 42.16113922855877, 66.70568618035966, 63.31868692691051, 66.44352694933296, 71.17937409824431, 74.32177528465255, 79.92513192860139, 86.28034267424513, 87.49924919727475, 86.75850473909851, 82.66054105206531, 78.36069173346351, 72.08897764163382, 68.80816331936416, 69.9630180213347, 74.18021598285954, 77.9630313636869, 83.80246412074746, 78.72442866366917, 74.9377548406453, 70.82341149794932, 50.693978309733424, 54.413250261246425, 64.69870227425699, 76.76902482799589, 84.54402602856851, 96.30875975425296, 108.18290215476549, 110.8677501203442, 123.93907130855784, 124.20915661704105, 119.58542898400566, 113.20023866546344, 111.00666966387371, 105.178130345348, 103.98568484451614], [14.783750231986948, 7.8408861817839215, 0.0, 11.77919704030262, 8.720424904563824, 11.137010521627474, 16.83981348145623, 57.54040523666614, 64.64669179751324, 74.03004921212452, 81.13224931965652, 89.04118975271317, 81.55886577452962, 74.3709882306438, 65.99205680693407, 29.277418473829524, 24.301974406228993, 20.27325943139741, 18.112628005969867, 21.525806294954272, 16.59449466959033, 13.156304164234381, 14.39808375145297, 19.469968163666675, 26.204274106792216, 62.98508694254673, 70.5572029487268, 77.25008802211585, 86.32054186581712, 92.98562997842093, 92.20906494473293, 85.06688248092392, 77.2532870745525, 68.89908987297474, 62.17327229913164, 34.32286200571, 38.80712979515873, 45.55539431846362, 45.557925131260575, 54.08841854962095, 62.99615976074607, 68.80493883183476, 70.13838597181025, 69.1563979923549, 60.82288007428323, 51.7335949466471, 49.93761513978701, 67.45307657729036, 65.09571143467431, 69.37694322523221, 74.77675693559644, 78.52692150336685, 84.39437296422199, 90.88485160378451, 91.4594467257791, 90.11251745063163, 85.3915277579292, 80.38762986237741, 73.45699468303907, 70.16296732670537, 72.43471333926126, 77.50456857912796, 81.83022710688998, 88.16267426097907, 82.52503276773336, 78.19185340417891, 73.22989458441326, 45.30320034167649, 48.55642617055044, 59.74493774711619, 73.00511246162294, 81.31630819847733, 94.10747234908493, 107.0695839958595, 112.28995157222649, 126.57252273317913, 128.1047275578367, 124.06688518756366, 118.13269580434027, 116.43427382430193, 111.23585538909423, 110.4165311239302], [24.194727490186164, 18.68487104198196, 11.77919704030262, 0.0, 9.33301198672942, 16.690521679206704, 23.130372326375312, 64.85079188985891, 72.49725671953207, 81.97830129465802, 88.60275760004694, 95.30524058268767, 88.35662916536587, 81.40103776554187, 73.04548368528815, 40.72715681651259, 35.853308481638415, 31.12513545055735, 24.967827665333765, 20.887141507925616, 16.424142376393355, 21.085987651658172, 25.79112174379901, 30.939703324070898, 37.309129253416394, 72.5484280606445, 80.01623756516932, 86.3009861724007, 94.61596489912407, 100.44587618016266, 99.53889127570143, 93.28298601567096, 86.01803233227668, 77.80607577900258, 71.44198079799652, 44.26259497033292, 47.34943200565035, 52.57814899618393, 48.634937101389674, 57.34275261310207, 67.55965350438136, 74.05448972360546, 75.1130186928839, 74.36057595979378, 68.38958898117228, 60.19409579162882, 59.24442920560502, 65.98541156696463, 65.54892331657004, 71.48213099454323, 77.54284843039045, 81.79480140642663, 87.45521544295836, 93.53879650497174, 93.44769601177732, 91.56871454459288, 86.25958573708279, 80.55890060910002, 72.73351247427986, 69.49410922019523, 73.53797751309483, 79.65019997669995, 84.36948538616846, 90.6941967815873, 84.9206705039113, 80.17236059392842, 74.17851969802199, 38.99469757307866, 37.62503780946641, 48.68387854604325, 63.23912204431708, 72.60632185066818, 86.60671608610174, 100.79506789802413, 110.19161869225307, 124.91620140221126, 128.07204082021036, 124.91566523683841, 119.63100355193218, 118.83485218158701, 115.11237391864168, 115.73173561960529], [17.517760871819803, 12.952037196227431, 8.720424904563824, 9.33301198672942, 0.0, 7.8982791703516, 14.945895090399432, 57.65793191585894, 65.50365408427926, 75.05940928469671, 81.78621276585264, 88.81834829367457, 81.30450097445426, 74.154333266813, 65.83539336390997, 34.83020721888819, 31.166502883968068, 28.439444906151824, 26.574541358430423, 27.2142493821937, 22.25547143603898, 21.70873671910049, 22.235058000476297, 25.325403205103346, 30.728450327788543, 65.67476694236268, 73.43328244509121, 79.9171244355636, 88.73079541422231, 94.70282725195207, 93.49514120179784, 86.8718068784096, 79.35855999665037, 70.90667928446724, 64.43909255945591, 36.37743251338865, 38.29752485320764, 43.24783049709784, 40.06502806824886, 48.75573895183333, 58.6200478402271, 64.99067478255216, 66.25947294021661, 65.76420689238586, 59.172241430424634, 51.539613454297196, 51.58703237804777, 59.7705419639297, 58.228669816828805, 63.392450521342155, 69.20983453484108, 73.33805918405182, 79.20731017696265, 85.65969592772267, 85.64604278225308, 83.87993850761663, 78.78981864615193, 73.4214240567853, 66.07815977432668, 62.796000745405195, 65.90564146351407, 71.57469447428865, 76.1973087217085, 82.7388786844186, 76.8087698788233, 72.16975424098645, 66.62322894221123, 47.66846220340631, 45.49268043160239, 53.10842158469918, 65.07236314425556, 72.82996788614454, 85.44390724320725, 98.4571958514525, 104.51518060983977, 119.58068563535858, 122.34659128188005, 119.05153271289763, 114.10193095086069, 113.39766411396201, 110.0870750302805, 111.29877455885125], [11.258275236281312, 9.645289347372064, 11.137010521627474, 16.690521679206704, 7.8982791703516, 0.0, 7.285218814726842, 50.08100053009038, 57.93750999226965, 67.49966980500899, 74.28895255647198, 81.58620475320855, 73.81335706515684, 66.57865627868723, 58.274202803791134, 29.192442800833593, 26.99447198932485, 26.37751802732996, 28.218885128858176, 31.94526782332488, 27.21106840289938, 23.451120549335506, 20.10421420262918, 20.42329879698647, 24.456559155360793, 58.21613647211077, 66.07150692911114, 72.59220908126414, 81.59994410418464, 87.6437268637882, 86.30566353489507, 79.49245297302197, 71.89027645697328, 63.35983013517548, 56.89224098514475, 28.809619649141673, 30.727141050756885, 36.520150929414875, 34.98738358287874, 43.66681551113699, 52.973558997358374, 58.65523879648566, 59.63004438145274, 58.736274818089626, 51.8188053947237, 43.67738075643102, 43.84514942140973, 57.62632257764277, 54.93106829177118, 58.93839288630476, 64.14933306738547, 67.73576501509194, 73.41514209942356, 79.82049088892457, 80.37348345049737, 79.16063054171096, 74.65206817305561, 69.97028741482745, 63.28800359882411, 59.999046259828994, 61.94043198328273, 66.79552167693008, 70.9319711078654, 77.08582294197087, 71.61135728177409, 67.4640092426756, 62.73117940563901, 53.264194151015765, 51.63990746463102, 58.09810028470451, 68.5107520593012, 75.49746361329026, 86.87963336715289, 98.66239379228517, 101.87523121799026, 115.90913929186928, 117.54333832465576, 113.74495736241332, 108.5115521044316, 107.46914958886029, 103.85305269580712, 105.05679826448278], [8.5415081663386, 12.043057111329704, 16.83981348145623, 23.130372326375312, 14.945895090399432, 7.285218814726842, 0.0, 42.82456497480607, 50.76538693988941, 60.34154422842632, 67.06070838713289, 74.32760523943999, 66.52911569300048, 59.30426302035611, 50.99798863141139, 26.228905661571034, 25.888460365298165, 27.283956612922015, 31.639463886783844, 36.808512604427065, 32.5132180974343, 27.448387832658877, 21.645559886719052, 18.97343424597753, 20.851281860159244, 51.68150464400932, 59.51808296099028, 65.88484944601727, 74.77493653841127, 80.65216089884862, 79.19980970853378, 72.47694789723808, 64.99405998286528, 56.48797783918668, 50.18368115538407, 23.046445018902503, 25.377681098603215, 32.36008316416631, 32.09988959223036, 40.641234241455706, 49.44496155229799, 54.138619312574875, 54.38220856547941, 52.69419727829099, 46.32634276262487, 37.20104310999842, 37.20028110794028, 56.74285246611486, 53.27555918172561, 56.19957921500539, 60.66659115500684, 63.51755278816038, 68.6779385868457, 74.6808947629002, 75.96981286773644, 75.48476845098654, 71.6879527746965, 67.80057971464855, 61.748381215698714, 58.50248225056083, 59.47399001246305, 63.4606531888519, 66.91608090546967, 72.27499728107081, 67.6359290727923, 64.16465371818816, 60.298343642505706, 57.58677220091425, 56.00491460928826, 61.63366580738961, 70.8704789388032, 77.50774416378411, 87.83174284024517, 98.47575105217439, 99.65972330664424, 111.98542600079654, 112.36536675214994, 108.02868553425812, 102.33884251750837, 100.92503455533259, 96.99066719410823, 98.28941316111192], [42.909998865905756, 50.23648210517888, 57.54040523666614, 64.85079188985891, 57.65793191585894, 50.08100053009038, 42.82456497480607, 0.0, 9.122623049131045, 18.32095419031228, 24.42025468369513, 32.67202425150756, 24.144294669336087, 16.89010527977591, 8.56003906549322, 40.818090268832144, 47.58469386965083, 54.51420287389704, 64.63066546094359, 73.2387693563799, 70.52167114766934, 62.811765412386194, 53.231522733675334, 44.9154413803562, 38.2621282848572, 20.366477383300776, 25.492994573765593, 28.971217595982754, 36.15817000900784, 40.541696613555224, 37.97686534760701, 31.75113349043961, 25.87396359164612, 18.825685558801993, 16.99473893597454, 28.356530236932215, 30.99229926196151, 38.56162611513268, 46.38726019943446, 49.256495077279574, 50.579629354060806, 46.572828834287975, 41.33083150342656, 32.950629309923364, 33.05263091623638, 19.660052145939847, 15.689576056736682, 71.3815967745967, 64.66305582698047, 60.53187019003002, 59.03731143842353, 56.05813127236044, 56.27536292875403, 58.08934676089407, 64.92521028301451, 69.66779834122777, 71.27716647800307, 72.96409160665789, 71.85238720289958, 69.59663252221195, 64.73368867927736, 62.23728305325133, 60.28687007526972, 58.77878091723126, 61.166060611241015, 63.0443605873146, 65.57420173710592, 91.0068330425832, 90.91377701660454, 93.97369054705187, 98.14719721143638, 102.69154308842083, 107.31446602179892, 111.31886223878718, 100.45204797071116, 100.91039892842292, 91.87266073490773, 83.34778685647564, 73.90965010101436, 68.7113465305426, 60.70898467634359, 61.40984777907141], [49.89998615114382, 57.14154236144505, 64.64669179751324, 72.49725671953207, 65.50365408427926, 57.93750999226965, 50.76538693988941, 9.122623049131045, 0.0, 9.590220164277566, 16.713417050686942, 27.21741868863087, 18.93948293861577, 12.581095330667717, 7.665503210921839, 45.04276300174529, 52.12980537116108, 59.35689198244913, 70.01144308977527, 79.29671091547749, 76.89533108611, 68.67761244182253, 58.91005309283376, 50.48044553199121, 43.48523800272828, 15.429297880624931, 18.113763609301326, 20.321891788912712, 27.38307658753554, 32.346853660269744, 29.940376850808057, 22.7760471015134, 16.85923148682051, 10.830136899519092, 12.249145235976833, 34.14504162020339, 37.83282007118424, 45.493776745173115, 54.777196627631405, 57.08593907174615, 57.16550462418288, 52.14168639690666, 46.77894947347486, 38.12143315753163, 37.66359942789109, 25.00457576244638, 18.914675412709517, 79.72505780141692, 72.64540229415556, 67.7362402920417, 65.53547466143894, 61.86494998092036, 61.44961214213879, 62.58368618679696, 70.1826606173908, 75.58892982829434, 77.92610239373515, 80.2582669357054, 79.77021100596251, 77.64240738886907, 72.11917448704533, 68.82316550512154, 66.22149223332774, 63.81412218808863, 67.12246068553479, 69.65509168530181, 72.96752154973743, 96.98658459249303, 98.50208304954705, 102.51696168429315, 106.92923968899728, 111.58466590382938, 115.91318960958924, 119.3503256662089, 107.05319820164385, 105.61801320906815, 94.60339344987584, 85.09275902827788, 74.50665008853197, 67.82529414635422, 57.21084763873313, 55.48162618379901], [59.28395099224724, 66.47965251274331, 74.03004921212452, 81.97830129465802, 75.05940928469671, 67.49966980500899, 60.34154422842632, 18.32095419031228, 9.590220164277566, 0.0, 8.140358863522724, 20.811886894066408, 13.534293223281146, 10.667162263207635, 12.880417190443213, 53.233195681924514, 60.439332492506615, 67.78370390889467, 78.643697675654, 88.15876534972784, 85.93863537557172, 77.56372452214465, 67.75309107891744, 59.312121656580274, 52.19194231892681, 18.450293363351516, 16.755793479612866, 15.263817504735503, 20.02463331690688, 24.291917539463, 21.459514588101264, 14.01174988394344, 10.375375080145295, 10.245839013416958, 16.38330555199353, 43.0407306285854, 46.441900871091235, 53.369877539682115, 63.04365521636677, 64.56789586731763, 63.475537797832274, 57.32039856114684, 51.51646235316973, 42.57326972926167, 43.241840351529696, 32.581208400158594, 27.08257861204664, 87.06422675862619, 79.76142778235759, 74.02846993464306, 70.95852785803359, 66.43593694130752, 65.04331629910655, 65.1399692966307, 73.55262260039595, 79.75861357321118, 83.0125525416733, 86.19228004812331, 86.49202836047802, 84.57661097535768, 78.38611835261477, 74.16291339815031, 70.71100404006489, 67.03262734482863, 71.59556841828791, 74.97700187570605, 79.2048910910595, 105.4254646313672, 107.38997177186664, 111.33527490233983, 115.2622890977261, 119.6680885349408, 123.23082957056445, 125.65417567579402, 111.49453934698192, 107.65656319805268, 94.5562300723339, 84.12768353136904, 72.65964209890983, 64.72957356080907, 52.27389516432771, 49.24870507066885], [66.43906590059805, 73.70189851547545, 81.13224931965652, 88.60275760004694, 81.78621276585264, 74.28895255647198, 67.06070838713289, 24.42025468369513, 16.713417050686942, 8.140358863522724, 0.0, 13.338639757912652, 8.516578496393313, 11.109172893553238, 17.193174423536625, 61.205446743079534, 68.32825408235858, 75.53153614823029, 86.08099807926399, 95.15026686374837, 93.0019434881431, 85.02269617934924, 75.3900347864161, 67.01915411814278, 60.01003363831463, 26.308272690017183, 23.245480265616365, 19.298263123893065, 19.100075760310325, 19.656213708313945, 15.556856031190172, 12.079159101605129, 14.397103176441602, 17.863241954091254, 24.456043552674274, 50.7302842942963, 53.43193178275386, 59.5244003071778, 68.15853665123258, 69.15106825949992, 67.69638659383634, 60.809376099814635, 54.20954914375655, 44.819772143525775, 48.28318424585125, 39.21584804797425, 34.92858816134844, 90.49900471295743, 83.43204892335476, 77.3504993209771, 73.64335857073033, 68.41627271159055, 65.86938303519293, 64.62746054287608, 73.739439982468, 80.68534122941652, 84.72111586550734, 88.61222562667926, 89.44020452861808, 87.73661575220983, 81.35124727907747, 76.53198979196699, 72.31049627506255, 67.1847081759975, 73.12214484766581, 77.26498902660748, 82.09312592737606, 111.40421301919058, 112.51303943858679, 115.57481642988486, 118.60314282864486, 122.73395132026158, 125.41848299391698, 126.7905373840968, 111.66585005150071, 105.13427566363937, 90.34752506543403, 79.24692091903276, 67.05362756207603, 58.343263352715525, 45.267795310995226, 43.25455890601575], [74.67060834146407, 81.99618430257335, 89.04118975271317, 95.30524058268767, 88.81834829367457, 81.58620475320855, 74.32760523943999, 32.67202425150756, 27.21741868863087, 20.811886894066408, 13.338639757912652, 0.0, 10.78886661458974, 17.856933014855773, 24.74667605609218, 71.9280201872233, 78.71981512698737, 85.45689679480128, 95.07119718155933, 102.90047083703227, 100.83429465431067, 93.93263123131993, 84.83680119779663, 76.73074660268244, 70.13804419688776, 39.14698599944706, 36.21908781369514, 31.474709029723833, 26.930248075986047, 21.341140456215197, 16.298495587309215, 21.495170493034152, 27.11202270503492, 30.865031154801873, 37.032118936759765, 60.75561666348323, 62.513597889653504, 67.53576112140821, 73.48665042850351, 74.06389667148417, 72.96964363840475, 65.63624131605548, 57.77600838559155, 47.831594998098495, 56.12987696117685, 48.6581710710853, 45.91544142654202, 92.57652144593227, 86.42039539042614, 80.4700451965938, 76.21349284340714, 70.26399459312672, 65.96200236416558, 62.44287364414655, 72.34794074111494, 80.21488945835452, 85.14524968374278, 89.81498566523875, 91.04055381947582, 89.6338519255341, 83.594741625129, 78.39617875930675, 73.26386184983441, 65.94796425512737, 73.90250318956046, 78.9421174123888, 84.17362204040651, 116.99904774881226, 115.92119714466385, 117.17630222602259, 118.66481156154674, 122.51059260041988, 123.91591701199162, 123.8137548383055, 108.65461633577114, 97.64750143281427, 80.66148560696065, 68.7094751759353, 55.18913758529848, 45.50104910704642, 32.502930185474554, 35.58311421711745], [66.99709586684548, 74.33540132183983, 81.55886577452962, 88.35662916536587, 81.30450097445426, 73.81335706515684, 66.52911569300048, 24.144294669336087, 18.93948293861577, 13.534293223281146, 8.516578496393313, 10.78886661458974, 0.0, 7.6599560232923665, 15.686309642825776, 63.767134771255925, 70.84203598306863, 77.97180879811022, 88.20547314613086, 96.65312109434274, 94.20991904396458, 86.6984459470777, 77.13697433895337, 68.76100011903442, 61.86394310503014, 31.49326777214262, 30.115127082966673, 27.32805732893163, 27.409614124545516, 26.118253470660626, 21.282817131515955, 20.427228550956073, 22.204825399338628, 23.592354381243283, 29.003399246564634, 51.79167038376534, 52.65084585350973, 57.339029179093885, 64.37705368498992, 64.76293082467213, 63.20607005322981, 55.93042668068507, 48.57533579434936, 38.85015737517121, 45.51464246810543, 38.34474277807894, 36.68610677419721, 84.8235207047073, 77.99247243396908, 71.73117459095961, 67.63103816324019, 62.00123957954215, 58.71248867818091, 56.74894168086567, 66.12077806520753, 73.40131785690579, 77.83150109816299, 82.14594716883326, 83.3441314699471, 81.82423333173651, 75.35458641777859, 70.20864299100278, 65.53385986166636, 59.58719279033569, 66.2801991245898, 70.86416145253803, 76.02523153652434, 112.61822259719689, 111.51777696425319, 112.5871116070941, 114.18467958470708, 117.52002661642277, 119.27520389289992, 119.81167077089681, 103.8167486292606, 96.72373719663086, 82.10376480099958, 71.25828411899734, 59.85373571033817, 52.21050952093284, 42.548827405561134, 45.55551011383915], [59.771896388398034, 67.09557444682422, 74.3709882306438, 81.40103776554187, 74.154333266813, 66.57865627868723, 59.30426302035611, 16.89010527977591, 12.581095330667717, 10.667162263207635, 11.109172893553238, 17.856933014855773, 7.6599560232923665, 0.0, 8.396286749868658, 56.60698827786313, 63.71402153730981, 70.92336330231286, 81.30726233982709, 89.94724651328602, 87.3386563870713, 79.62527299007355, 69.9322648008275, 61.495308279761524, 54.551748792800886, 26.19233326593479, 26.63711173408645, 25.88621223920945, 29.145780551712388, 30.368152245410343, 26.217678851244592, 22.417353739051585, 20.832875465102962, 19.276090133248704, 23.296029102017428, 44.26412173815359, 45.02349672574197, 50.059201282708706, 57.620496569990244, 58.38885261239855, 57.21752248605571, 50.53155293685942, 43.66342028792947, 34.07710786119715, 39.04273116656796, 30.837861705192857, 29.358561351200926, 79.41543012997504, 72.3749463230066, 66.40651520257374, 62.857582351022145, 57.837999370820604, 55.59890274755258, 54.95218263623207, 63.652136222464755, 70.23882486319009, 73.93423213261234, 77.6115409545121, 78.33497087977537, 76.62794466078181, 70.32003553835479, 65.70421597339686, 61.71396971499299, 57.11808420927461, 62.52749979292379, 66.42917559875391, 71.05658894591427, 106.7730809065804, 105.8194489033608, 107.18354188392323, 109.29630142949316, 112.71653985690904, 115.14568482931439, 116.57761796372712, 101.41324073935614, 97.07774308483437, 84.37051590494994, 74.35667713977817, 63.9418434854527, 57.38625866507021, 48.829933361569495, 51.29754424342076], [51.4087409399252, 58.73934349510057, 65.99205680693407, 73.04548368528815, 65.83539336390997, 58.274202803791134, 50.99798863141139, 8.56003906549322, 7.665503210921839, 12.880417190443213, 17.193174423536625, 24.74667605609218, 15.686309642825776, 8.396286749868658, 0.0, 48.96341155257205, 55.895433722255014, 62.94194851140522, 73.12627635730516, 81.64752571213795, 78.98469004005528, 71.36299072653817, 61.765198507326645, 53.405245778617946, 46.62607610525463, 22.599641350112485, 25.367626234111032, 26.759784608840054, 32.14732117547395, 35.01317022321253, 31.677683539314327, 26.560047503746862, 22.51827822401582, 17.78822133029506, 19.265757872400947, 36.4665919413579, 37.87411796387345, 43.94113234764163, 51.43125401108623, 53.15841800477796, 53.220081620127075, 47.73848335915051, 41.44992347501659, 32.14581837697713, 35.29750271890992, 24.695903020321488, 22.43358730984791, 74.65821820329394, 67.79756882199537, 62.70164927666304, 60.11084109459767, 56.02446412546599, 54.91722397475144, 55.43599070436164, 63.288683237930826, 69.02708300273946, 71.7302052655139, 74.4726396019259, 74.3049545421159, 72.33451088928352, 66.7258347551152, 63.113316379336716, 60.065129940269514, 56.89208650612705, 60.90969211281713, 63.87340913205163, 67.50848128308743, 98.77953062349788, 98.0299954522731, 100.04238511500309, 103.03505527472494, 106.98116649466351, 110.41778980091037, 113.05745189726461, 100.03576082050259, 97.98122493802983, 87.12675522037695, 77.8706362819864, 67.93738701053223, 62.14533805427585, 54.025739451740414, 55.820012334035276], [19.130206383235233, 22.23409875563622, 29.277418473829524, 40.72715681651259, 34.83020721888819, 29.192442800833593, 26.228905661571034, 40.818090268832144, 45.04276300174529, 53.233195681924514, 61.205446743079534, 71.9280201872233, 63.767134771255925, 56.60698827786313, 48.96341155257205, 0.0, 7.810691241444197, 16.268880609315755, 29.37803339189896, 42.11415183139081, 39.35076730698237, 27.942527835964967, 17.28486248366501, 9.811211802255423, 5.739464356119219, 38.02936582275905, 45.32733730088184, 52.785384090024436, 63.41304597517181, 72.02170549195772, 71.71565302411685, 62.57993604845484, 53.70469102395912, 45.55525981285294, 38.28315150648516, 15.508537262585435, 26.88456137236161, 38.257757558881366, 48.8065081092436, 55.24843906870134, 59.502393049347965, 61.761007231248925, 62.577962899521786, 59.932232247255016, 47.122342139977256, 34.53212771839977, 28.106825398855506, 77.61367667436271, 71.50733476962071, 71.17017272926437, 73.87341077579772, 75.32542089283884, 80.43060802982114, 86.67845436831789, 89.60362386590977, 90.3512167569269, 87.93418066227896, 85.47017573328667, 81.26385428133818, 78.17619216451855, 76.12189008587433, 77.77043113739775, 80.10481588132637, 84.87968180114, 81.08350690238996, 78.7635516412967, 77.16681698247703, 66.64735023151358, 75.05836127532957, 86.03354142719022, 96.88285301390594, 103.66871791572272, 113.6116115358534, 123.34097096482024, 119.62786675917393, 130.2494314867022, 126.89611990907632, 120.43553616325738, 112.47673000957103, 108.20191335498158, 98.94507096762739, 94.22229397210366], [17.889289882157563, 18.443069152116763, 24.301974406228993, 35.853308481638415, 31.166502883968068, 26.99447198932485, 25.888460365298165, 47.58469386965083, 52.12980537116108, 60.439332492506615, 68.32825408235858, 78.71981512698737, 70.84203598306863, 63.71402153730981, 55.895433722255014, 7.810691241444197, 0.0, 8.542534467025403, 21.88221239206267, 35.08681670569538, 32.4610154873911, 20.673370725518513, 10.623193103122853, 6.918168102426321, 10.239332270863468, 45.42513096815226, 52.498128554750494, 59.79970702843938, 70.05910656296527, 78.56597100180532, 78.45193628249616, 69.59543259997251, 60.900062050280134, 52.892370676604955, 45.715358438783134, 22.021908566333803, 32.264665154818225, 42.84906843136945, 51.685688558949124, 58.71782161060192, 63.92444933150418, 67.12120737081553, 68.29278883567444, 66.05561385430548, 53.524437778037665, 41.571779275760754, 35.639337507238125, 79.46983131696383, 74.08969945328604, 74.80085782869278, 78.20744944036547, 80.27110874398134, 85.71692929174826, 92.15749242782906, 94.58005532662062, 94.80911837136442, 91.78944117351718, 88.64173115140048, 83.75624645148737, 80.5797524797332, 79.47126285943295, 81.94786281616385, 84.8376604911346, 90.12822691336193, 85.77478395503363, 82.89981486931399, 80.48490366758962, 60.33752004958011, 70.21934796827355, 82.80425999500488, 94.98559740134203, 102.45590678830484, 113.42590929253522, 124.21079456996118, 122.76755297607231, 134.37317956153746, 131.93620441799993, 125.83577956743541, 117.98262046961607, 113.9312402921351, 104.75931499024006, 99.82240478488795], [19.26793424456784, 16.82442708019664, 20.27325943139741, 31.12513545055735, 28.439444906151824, 26.37751802732996, 27.283956612922015, 54.51420287389704, 59.35689198244913, 67.78370390889467, 75.53153614823029, 85.45689679480128, 77.97180879811022, 70.92336330231286, 62.94194851140522, 16.268880609315755, 8.542534467025403, 0.0, 13.485889234352328, 27.132180475898963, 24.864237562106943, 12.978736822746772, 6.444710524480521, 11.081191081330111, 17.626532411660584, 53.203057400080255, 60.04975970702516, 67.11119485054593, 76.85415942272368, 85.12123582860012, 85.19568170049847, 76.75980117377001, 68.34006614895395, 60.49491014856849, 53.467134702888785, 29.530197756902258, 39.006049593365695, 48.88740330579021, 55.694666522953376, 63.272540150911865, 69.48407739834384, 73.45476736981846, 74.74334870297949, 72.7072913348403, 60.902908301451035, 49.275932775346654, 43.556369470387374, 82.0149014395447, 77.54300538353264, 79.34966878855408, 83.39122666982033, 85.96156027170639, 91.57254443906604, 98.0183876378992, 100.03431013738754, 99.84266564953452, 96.29321638565038, 92.5201601066107, 86.93732871557096, 83.69294105396058, 83.62992804788497, 86.90731219792973, 90.24797427733351, 95.8370647736358, 91.12987968572452, 87.7989809753301, 84.59294524179307, 52.85678749486216, 64.47823948881498, 78.99870449972695, 92.68552782044817, 101.03942837603577, 113.09881360499398, 124.9633917614721, 126.18313628832823, 138.39312417752026, 136.785377063855, 131.0186764564074, 123.17545006927743, 119.31880617527653, 110.21308372591264, 105.11547450214076], [25.203162189828607, 19.880598027338465, 18.112628005969867, 24.967827665333765, 26.574541358430423, 28.218885128858176, 31.639463886783844, 64.63066546094359, 70.01144308977527, 78.643697675654, 86.08099807926399, 95.07119718155933, 88.20547314613086, 81.30726233982709, 73.12627635730516, 29.37803339189896, 21.88221239206267, 13.485889234352328, 0.0, 14.127998920829835, 12.950115637953894, 5.592442045190902, 13.979163325508077, 22.173321697878603, 29.65325040161279, 65.16124894284697, 71.79488608456894, 78.44634258221716, 87.33121669016619, 94.9872842435114, 95.21189815423371, 87.58210486721052, 79.66532426147175, 72.00409561626446, 65.24331994832045, 41.05724193303709, 49.49730787703085, 58.38388531589123, 61.92231667870894, 70.14523022526046, 77.83507736956045, 82.7589553950223, 83.98311111474489, 82.11372469088809, 71.89477500190559, 60.65564285474774, 55.3726706194041, 85.37244624361801, 82.46351173991859, 85.90063601357537, 90.77472229568804, 93.97715142943039, 99.63486429724836, 105.89035417296164, 107.34421558998359, 106.60853884128137, 102.36295791878375, 97.75643202899124, 91.1724714904127, 87.87920691996504, 89.4536678490747, 93.85972814350608, 97.74402106144429, 103.54938202963876, 98.52301509982685, 94.63486772598472, 90.31346532004198, 40.35528497292156, 54.32904901372484, 71.79990918127721, 87.71244361367894, 97.48632392763969, 111.10575807046989, 124.50244933302022, 130.06812675965415, 142.81379165330046, 142.50279991828066, 137.32401602069132, 129.59499277818662, 126.18044020451872, 117.54690103744602, 112.73417838712089], [32.77381657096563, 26.822679673275022, 21.525806294954272, 20.887141507925616, 27.2142493821937, 31.94526782332488, 36.808512604427065, 73.2387693563799, 79.29671091547749, 88.15876534972784, 95.15026686374837, 102.90047083703227, 96.65312109434274, 89.94724651328602, 81.64752571213795, 42.11415183139081, 35.08681670569538, 27.132180475898963, 14.127998920829835, 0.0, 5.401265374960668, 15.50533894854266, 25.837517953400884, 33.76978938674692, 41.289906280804104, 76.3322584272555, 82.90557726133716, 89.11285051505459, 97.10546511397514, 103.85660402765835, 104.02220712323928, 97.38309367203591, 90.0580141038549, 82.50279307825525, 76.06813021399826, 51.67546120129633, 58.91502438156916, 66.74241463119165, 66.76057590488249, 75.40406850889579, 84.51351630660177, 90.1701039405816, 91.08865931547604, 89.30537556332085, 81.27282742420529, 70.52771755405148, 66.0040179076976, 86.57994053507596, 85.42807626699927, 90.43664176257312, 95.98633669539602, 99.67451212840524, 105.1461365008211, 110.98589842744529, 111.8947652794208, 110.70332228478715, 105.89114900815358, 100.60292428906186, 93.11701072873126, 89.84864060939128, 93.0969228747749, 98.52231631679857, 102.79103112757005, 108.55408908715422, 103.44093440192466, 99.1488616723661, 93.82073637274277, 27.259883721974784, 41.84990090173842, 61.905766202211325, 79.76730123705494, 90.96011211951173, 105.90796316900595, 120.60876088825441, 130.73384977709048, 143.59642614690034, 144.7092766005356, 140.2842032530234, 132.91749310020222, 130.2248012155963, 122.72305526345272, 119.05776206112108], [28.947216148355235, 22.52695828196377, 16.59449466959033, 16.424142376393355, 22.25547143603898, 27.21106840289938, 32.5132180974343, 70.52167114766934, 76.89533108611, 85.93863537557172, 93.0019434881431, 100.83429465431067, 94.20991904396458, 87.3386563870713, 78.98469004005528, 39.35076730698237, 32.4610154873911, 24.864237562106943, 12.950115637953894, 5.401265374960668, 0.0, 12.320690957732078, 22.505251353233316, 30.482383483899874, 38.0955603784748, 74.16381947954187, 81.05106828022562, 87.45452662558286, 95.81856766336202, 102.6061542283657, 102.52078775082329, 95.68904354466926, 88.17001096883567, 80.3527778096831, 73.77732034581207, 48.17930598908076, 54.62684727804135, 61.984901441692344, 61.8076374355343, 70.40428102523866, 79.51785403796511, 85.39578073593297, 86.57181739767474, 85.15863203471635, 76.92278718092176, 66.78555134194721, 63.042036319884126, 81.67684546599216, 80.3790234209539, 85.39946555845667, 91.04907359398842, 94.90157698008387, 100.59055865483587, 106.70104908579064, 107.35846915316459, 105.96439089231203, 101.02527957469653, 95.64750894091556, 88.19330927035364, 84.9205708849003, 88.10463418985213, 93.60414213310412, 98.02729979464891, 104.1168648678576, 98.68092930714117, 94.23922106858451, 88.8388064535509, 31.33556913032541, 42.35675653824836, 60.32938407441089, 77.31474448132325, 87.8122630489134, 102.44846873984442, 116.96241602499131, 126.23401529820647, 139.9213705877157, 141.4596363971267, 137.2696639698906, 130.41562383830149, 128.09330034777417, 121.32387118289806, 118.46459189582144], [21.677723652065524, 15.518812990113931, 13.156304164234381, 21.085987651658172, 21.70873671910049, 23.451120549335506, 27.448387832658877, 62.811765412386194, 68.67761244182253, 77.56372452214465, 85.02269617934924, 93.93263123131993, 86.6984459470777, 79.62527299007355, 71.36299072653817, 27.942527835964967, 20.673370725518513, 12.978736822746772, 5.592442045190902, 15.50533894854266, 12.320690957732078, 0.0, 10.999504935772018, 19.655340976211146, 27.423268157258168, 64.38956438446515, 71.41189575018821, 78.23730098376225, 87.43730445779293, 94.98951843585417, 94.89936213940078, 87.18840088864837, 79.12545001120067, 71.15534640287223, 64.26424787860816, 38.38667595889438, 45.69351880477855, 53.93403002539121, 56.95385864672358, 65.16735674318362, 73.0074398032737, 78.28300201683987, 79.7880676775453, 78.37325780059092, 68.1213581861082, 57.67234517248024, 53.48603668925599, 80.14640766382723, 77.23179675712136, 80.82845021626493, 85.88954988664959, 89.33840728445604, 95.23567658747679, 101.76382106483554, 102.86306210070944, 101.84239825963911, 97.39042677654685, 92.61321855656978, 85.98261845007016, 82.69034326972978, 84.34848244692405, 88.94278972064707, 93.04934910539573, 99.2338768541449, 93.81927361052263, 89.71296375742723, 85.20699343802673, 42.4637123900053, 53.45251208572376, 69.1100313535246, 84.23279274179374, 93.38168305260989, 106.75616352761253, 120.05668205347392, 125.1821478169111, 138.85659244062106, 139.20538297034366, 134.39484602587936, 127.3064788120446, 124.41897282470134, 116.80321904670316, 113.11359291224626], [14.283441199894375, 10.68526066446645, 14.39808375145297, 25.79112174379901, 22.235058000476297, 20.10421420262918, 21.645559886719052, 53.231522733675334, 58.91005309283376, 67.75309107891744, 75.3900347864161, 84.83680119779663, 77.13697433895337, 69.9322648008275, 61.765198507326645, 17.28486248366501, 10.623193103122853, 6.444710524480521, 13.979163325508077, 25.837517953400884, 22.505251353233316, 10.999504935772018, 0.0, 8.8132724484921, 16.558458618114216, 54.16326007190191, 61.43878737573824, 68.51404637001329, 78.2678929443198, 86.0996072316993, 85.80610000155379, 77.62611213300981, 69.25946076888111, 61.09033597435141, 54.032484662027834, 27.733129744014196, 35.73063745416801, 44.89202565602534, 50.285697222163215, 58.10119008269473, 64.94317497349323, 69.43579152739295, 70.83638527186508, 69.19134203189243, 58.05349252564227, 47.209043588473406, 42.9352304782369, 75.96411163335593, 71.81199025905913, 74.10760166118637, 78.48145953895438, 81.37623097220123, 87.14820026462249, 93.73468440139392, 95.33309930388545, 94.81510577729034, 90.96772357008072, 86.9130733910738, 81.074651649462, 77.81375210337748, 78.17082771228348, 81.84931770785427, 85.46597072499095, 91.36215489932145, 86.31147623369905, 82.70366606220621, 79.10679579956353, 51.84518932830525, 60.691218574636395, 73.70320008939375, 86.82175691344545, 94.83520767230934, 106.82276617990249, 118.76169736804312, 120.41168396499681, 133.37774687966285, 132.65566923164147, 127.39052157462383, 120.22524424055011, 117.06375850362424, 109.2857004798382, 105.71556189364668], [11.123438191176772, 12.56422016095372, 19.469968163666675, 30.939703324070898, 25.325403205103346, 20.42329879698647, 18.97343424597753, 44.9154413803562, 50.48044553199121, 59.312121656580274, 67.01915411814278, 76.73074660268244, 68.76100011903442, 61.495308279761524, 53.405245778617946, 9.811211802255423, 6.918168102426321, 11.081191081330111, 22.173321697878603, 33.76978938674692, 30.482383483899874, 19.655340976211146, 8.8132724484921, 0.0, 7.790100327477883, 45.74859293856797, 53.236721662198676, 60.410715314681696, 70.44600769327802, 78.32434090737675, 77.8352388654978, 69.44591865926733, 60.95022498608722, 52.63363635789564, 45.51409495903678, 19.05619451593127, 28.23307159530387, 38.52223881294057, 45.75094806169308, 53.15534214600685, 59.17759065426477, 62.759777395596245, 63.7529281977204, 61.63517363848557, 50.29779242977414, 38.71010614663791, 34.15069732611253, 73.11570682778041, 68.09552663985949, 69.26995287390454, 72.93171411321417, 75.19100128115242, 80.6195363840087, 87.01045350782428, 89.1748824898379, 89.23462688265313, 86.02653526824703, 82.70381169687117, 77.5591799648138, 74.35890032413892, 73.6743332198246, 76.49019912501485, 79.5277955664725, 84.87859224711998, 80.42217963430986, 77.39389386320465, 74.65333291495367, 58.641659791058046, 65.83307976400063, 76.92788549259413, 88.47882333829727, 95.74758883928355, 106.56579683235736, 117.31115346864438, 116.41608005146288, 128.23742437366715, 126.47301144199582, 120.78710203543963, 113.45043081829681, 110.03580983706841, 102.14541142327793, 98.81549989425802], [14.40364486559777, 18.647386563883824, 26.204274106792216, 37.309129253416394, 30.728450327788543, 24.456559155360793, 20.851281860159244, 38.2621282848572, 43.48523800272828, 52.19194231892681, 60.01003363831463, 70.13804419688776, 61.86394310503014, 54.551748792800886, 46.62607610525463, 5.739464356119219, 10.239332270863468, 17.626532411660584, 29.65325040161279, 41.289906280804104, 38.0955603784748, 27.423268157258168, 16.558458618114216, 7.790100327477883, 0.0, 38.38108942581768, 46.06200385335971, 53.38151866457917, 63.78825200975933, 71.82186194623652, 71.17327804666026, 62.45976775111705, 53.77220888273515, 45.33115009233475, 38.11529617970846, 11.936601695664894, 22.863312119053727, 34.2519016422829, 43.64044708977374, 50.37478938335843, 55.28412132147506, 57.83358158446759, 58.47402451012913, 55.89800009003631, 44.083464041747334, 31.681411807276664, 26.576490653831442, 72.25908832751878, 66.38964787508175, 66.3687913243953, 69.2536076554662, 70.84376141895997, 75.93266732588137, 82.14820868267707, 84.88142183649114, 85.5113508876646, 82.96115026422038, 80.38477753057495, 75.99852933955965, 72.89284457471707, 71.12555519297699, 73.01493507569597, 75.45103637834495, 80.26569413484746, 76.39800648240572, 73.97183537007837, 72.14557078213853, 65.44496015662591, 71.74114477677232, 81.42626164021263, 91.66361850411428, 98.23136282164072, 107.98131719116168, 117.61810282472413, 114.24078675317007, 125.01733344983555, 122.19928264564693, 116.0740492994086, 108.54991945143544, 104.816079236896, 96.66800670382997, 93.35841212362149], [48.60754090900987, 55.184361544302114, 62.98508694254673, 72.5484280606445, 65.67476694236268, 58.21613647211077, 51.68150464400932, 20.366477383300776, 15.429297880624931, 18.450293363351516, 26.308272690017183, 39.14698599944706, 31.49326777214262, 26.19233326593479, 22.599641350112485, 38.02936582275905, 45.42513096815226, 53.203057400080255, 65.16124894284697, 76.3322584272555, 74.16381947954187, 64.38956438446515, 54.16326007190191, 45.74859293856797, 38.38108942581768, 0.0, 8.341712862113154, 15.862713995373522, 27.725718274479274, 36.81423797147931, 36.10307934904326, 25.579186504618047, 16.111349848495784, 8.512326672737013, 3.4590090916233516, 30.959125959099637, 37.527720665245184, 46.86905826606552, 59.77601725185865, 62.53565108572428, 61.97233835008146, 57.82798237055957, 54.62144091906208, 47.75645968646471, 40.42262607991711, 26.70297023312017, 16.106480773452997, 87.40459055541312, 79.58104177946367, 74.