{
	"dissimilarities": [[0.0, 7.366311458470243, 14.842581544745677, 24.103318025089347, 17.49801979719962, 11.305591671619226, 7.656583183523117, 42.91341642756472, 49.900607919412295, 59.252707618797594, 66.46283768745921, 74.67971493213413, 67.0151799927489, 59.78307662767345, 51.419620663460606, 18.847315499914203, 17.687064078355885, 19.274377740376835, 25.166806209013032, 32.476011785165824, 29.024154530249277, 21.68786241987223, 14.06803349309608, 10.569588138615908, 13.834098415650985, 48.46742570566765, 56.22739684870181, 62.88029887488636, 72.08748467861341, 78.3219772250455, 77.80270211867543, 70.50525429979693, 62.61551787741215, 54.147137778839706, 47.45148092819664, 20.495734680553856, 26.157699339716558, 35.078556797500504, 38.22740091314567, 46.772862863799496, 54.723051057757495, 58.63004592146209, 58.72173367398015, 56.406650077901155, 47.87222507946893, 37.42507889833623, 35.34978691691147, 64.89670736192947, 60.833243587517444, 62.90041304776541, 66.97058582608943, 69.41023165191343, 73.92053405438014, 80.76849558381254, 82.16302295189502, 82.52671139921196, 79.07914359799605, 75.47407840965847, 69.7765314749423, 66.36441822372703, 66.84963215366909, 70.233567997893, 73.3743836961757, 78.56826336195742, 74.18643652880537, 71.0261470928634, 67.73062957692426, 55.28472343861531, 57.30433662871896, 67.45216497603114, 75.87414212254205, 86.09059488923836, 96.69077405667272, 106.94784780690073, 107.92238528529099, 121.41567735119408, 120.25546369556353, 114.28799419562782, 105.91056946938055, 103.69494544307949, 98.40959117898771, 97.87094320487971], [7.366311458470243, 0.0, 8.239199208829763, 18.856186554642726, 13.086754460989322, 9.806865740499356, 11.435988412422644, 50.23132811492018, 57.116347089146124, 66.4398346783255, 73.72422631765933, 82.03468410156822, 74.3464483481288, 67.08891243681379, 58.7372193940188, 21.769473639295143, 18.026312422053852, 16.680244640065087, 19.873503181445866, 26.65340239195644, 22.81372777234185, 15.550827053503426, 10.23269942707109, 11.873561971771657, 18.014465365217617, 54.96906323921485, 62.69166282597815, 69.50343639641665, 78.86236213746535, 85.37379275850316, 84.95487937657583, 77.49007835694185, 69.46327671464203, 61.003888432890506, 54.162936315558404, 26.40530944167877, 31.31917869487139, 39.10231060623104, 41.362400156591214, 50.01627503694077, 58.33266938949421, 63.17127758132339, 64.0349674034321, 62.51354986287608, 53.27226645499977, 43.801515611763364, 41.98725279012634, 66.5367383103133, 63.12563815759861, 66.0620287484047, 70.78927342035492, 73.90846438900171, 78.97686153937323, 86.24571528535549, 86.89720929260862, 86.67102502555626, 82.58061757401008, 78.2754618833387, 72.05929519926381, 68.5096826205609, 69.83580146591534, 73.96210307582804, 77.737039657134, 83.71879771250117, 78.52332274794352, 74.73737555982609, 70.70148753042766, 51.005648683709815, 53.949606107508345, 65.57161768851883, 74.96637958122628, 85.55723162994875, 97.09848577700134, 108.37178848856566, 110.99874482801816, 126.10471825007663, 126.03152628044052, 120.53009300665227, 112.53787150295584, 110.6586146696665, 105.53452162530753, 104.75893770959242], [14.842581544745677, 8.239199208829763, 0.0, 11.166888279066734, 7.661291269127222, 10.363888745618652, 15.885060844598927, 57.45509931083406, 64.66630866294125, 74.03623420398424, 81.15696309480096, 88.98489851560386, 81.48256300820833, 74.27850847138257, 65.90112226998829, 29.57609545581494, 24.817416086481163, 21.195239680548674, 19.16483379871628, 21.86690514808527, 17.328033986126552, 14.154317339689577, 14.907038735219345, 19.57687610703084, 26.183292340829603, 63.088486162110705, 70.78653434452026, 77.4895345030974, 86.58231018999973, 92.80860597734464, 92.31538887426235, 85.22230697705686, 77.37716237430317, 68.9484167907227, 62.203087413937695, 34.430513219411075, 38.031290798382024, 44.31357755129764, 44.01358643929047, 52.91773468713525, 62.10815960756027, 67.82107721448288, 68.97747149657991, 67.99335893677615, 59.54812495641334, 51.115297722730915, 49.99591753564845, 66.15071222414163, 64.01258292970566, 68.22548924581258, 73.67799778026608, 77.43970138144218, 82.84333989500628, 90.12446689498476, 90.0823139513043, 89.23847783985727, 84.48821104697655, 79.43101325732748, 72.5074953549909, 68.78435709935955, 71.4945247607202, 76.54333354537405, 80.88423734259946, 87.36131122075815, 81.59433834536412, 77.23523944248304, 72.2826089905468, 45.65134100485051, 47.373952422123516, 59.735223796228134, 70.04366755145857, 81.1369739629912, 93.69589223241597, 106.09876307251999, 111.40968233869002, 127.63165043912224, 128.9838698606312, 124.22337296232195, 116.83365660937044, 115.64488995946289, 111.32306202323056, 111.11348718241996], [24.103318025089347, 18.856186554642726, 11.166888279066734, 0.0, 8.574908706464525, 15.979761824273009, 22.428577160687304, 64.6331264993955, 72.38665378797569, 81.77499721502707, 88.47985592941673, 95.26593012336093, 88.21740929247767, 81.20798394372166, 72.8632884454213, 40.51350031454616, 35.792266194747526, 31.4653509452847, 25.83413962971188, 21.899975534547888, 17.41550212677231, 21.535357971760092, 25.59890848518671, 30.485634117355495, 36.80208098404801, 72.35941635972527, 80.00271559444504, 86.3465375163303, 94.76989752250562, 100.19721599176036, 99.48675913194472, 93.27558689250708, 85.92683502148418, 77.6026351634919, 71.18443128735674, 44.15133755281028, 46.36244503862605, 51.088612331126946, 47.059324073587604, 56.17963885419726, 66.54451173950612, 72.90356531043437, 73.82592831957308, 73.069666185463, 66.80113142152803, 59.34972786963604, 59.103139263771375, 64.30158704881434, 64.1337737880397, 69.93740618122645, 76.06854188090968, 80.33378364638237, 85.74975730316785, 92.52898690125596, 91.91843083554954, 90.48913380893318, 85.1505998916262, 79.37907803594767, 71.62608298110375, 67.72795080789795, 72.3419985297358, 78.39057983060837, 83.13097393599547, 89.67660848278175, 83.71034968388021, 78.9269157759779, 72.97984089004456, 40.18234856418514, 37.207421677470805, 49.423168976053425, 60.761536215061795, 72.65470179914477, 86.37481398912863, 100.04143424595917, 109.25127318807904, 125.79929202329126, 128.85139897586097, 125.1046926520078, 118.52761853439458, 118.33502484310851, 115.40204530535426, 116.47636965750611], [17.49801979719962, 13.086754460989322, 7.661291269127222, 8.574908706464525, 0.0, 7.77980837805893, 14.862624483430674, 57.619795558779565, 65.48280958640862, 74.89117230373155, 81.69023333540765, 88.83373363671474, 81.31282738137033, 74.14537422297438, 65.82746421802149, 34.580185344404825, 30.959941521842136, 28.415082395112425, 26.613306810385872, 27.014516873202922, 22.327098002722565, 21.659852632525226, 21.919954083450563, 24.8871172455379, 30.303048726808875, 65.51412179520547, 73.37344712777472, 79.88419362503318, 88.73669559757732, 94.20365707908036, 93.37691330157813, 86.84088824014617, 79.27048137879812, 70.76055469635489, 64.25148447414783, 36.591734922039564, 37.91325971624563, 42.549041803895335, 39.402424504324514, 48.506482772063116, 58.53059809726603, 64.69097738621245, 65.7493330704233, 65.15927669625984, 58.28070076007499, 51.18248511067119, 51.68885729491759, 59.36538158621115, 57.988223122022056, 62.97007452910883, 68.79829937354434, 72.88148333543899, 78.37734029609936, 85.53224617763665, 85.00935125323991, 83.80215202180337, 78.73452361891064, 73.35221393970983, 66.07643611501067, 62.27491742554379, 65.80666806755823, 71.36955858681978, 75.96004898856972, 82.61821278313003, 76.59952839488945, 71.98009298473156, 66.5237098397562, 47.72037510598781, 44.50176174354231, 53.681658890728876, 63.02086742840245, 73.69242578644611, 86.08650095799469, 98.52868560560515, 104.59681141605081, 121.46553446169573, 123.90281763788384, 119.81091515743147, 113.23354853150121, 113.10827157814516, 110.38348706293651, 111.86265532446379], [11.305591671619226, 9.806865740499356, 10.363888745618652, 15.979761824273009, 7.77980837805893, 0.0, 7.360172804484215, 50.09204725592536, 57.96315087522075, 67.36637312226345, 74.211645853934, 81.58902741760646, 73.84376450020298, 66.60738413573137, 58.30099549587965, 29.107542689155576, 26.952890536037817, 26.46510505163099, 28.22096610717434, 31.60529614904023, 27.206563163767996, 23.464767236347132, 19.975850598697242, 20.158701060254007, 24.185751097317883, 58.153449460182685, 66.09414772805728, 72.62274358835248, 81.63515956264685, 87.08853355383344, 86.2051950122211, 79.51270261723631, 71.87230321551192, 63.296813270287316, 56.79974493447459, 29.24751795748764, 30.498631088164107, 35.9531907389691, 34.34130703633373, 43.45961132968941, 52.996779634159225, 58.461485755345386, 59.18183037588824, 58.17609076012226, 51.044310442481226, 43.44681314140703, 44.09509498295093, 57.42793125889434, 54.80976592230164, 58.657684164380825, 63.87303657528717, 67.40797301529301, 72.62424903836697, 79.78017987275369, 79.82938531937805, 79.15950416609193, 74.6740409099347, 69.98185581857646, 63.339172806943864, 59.68271530470856, 61.94113804156531, 66.70434990278048, 70.80228251136799, 77.04367026408224, 71.50555341148464, 67.38421621753064, 62.728153289263304, 53.09140688111839, 50.421468844863625, 58.21873973765783, 66.26806255758314, 76.23146746482308, 87.42192356903445, 98.62100421799207, 101.96499689945463, 117.89201314040704, 119.16944249709456, 114.50423403631608, 107.55124069230997, 107.07858065797055, 104.09019061082851, 105.60627473861295], [7.656583183523117, 11.435988412422644, 15.885060844598927, 22.428577160687304, 14.862624483430674, 7.360172804484215, 0.0, 42.79415737292869, 50.66360037437314, 60.06867320204891, 66.88552884543473, 74.2883998632018, 66.5810881194033, 59.36698365922659, 51.036905165502674, 25.479547863337196, 25.070410937603995, 26.50988411912479, 30.778265966892835, 35.762629675929205, 31.836341472549933, 26.690817913100734, 20.721388928788826, 17.911632609577527, 19.924106149646665, 51.30385322070805, 59.20279832710332, 65.57932007921535, 74.45106783512306, 79.76955557880103, 78.85708234287166, 72.23964493520054, 64.70847529510814, 56.17460512370861, 49.81648743875078, 23.375258320157812, 25.473466734953234, 32.430173212935266, 32.419957040097295, 41.41419154714651, 50.38184654025887, 54.74915400675413, 54.65458086607348, 52.69795113385813, 46.003747301588064, 37.152361374186064, 37.33272939809733, 57.74959750243838, 54.23043716017119, 56.940043210225035, 61.357659549727, 64.08567131525564, 68.6869732977476, 75.42918173019507, 76.39563039983759, 76.4485142429351, 72.72769745376904, 68.86886079687686, 62.87066850825807, 59.3817584493836, 60.523535537246666, 64.36162784580944, 67.7189194369763, 73.07513034940114, 68.46791024340388, 65.08051973498294, 61.34513222121883, 56.74925637813986, 54.69200721150282, 61.92847883068343, 69.24413076705312, 78.9438535879175, 89.18722347835802, 99.30725174128766, 100.74706976437415, 114.78674851987427, 114.65129265596687, 109.32970558515383, 101.7648353476175, 100.69113490354437, 97.1683547408619, 98.54286802907087], [42.91341642756472, 50.23132811492018, 57.45509931083406, 64.6331264993955, 57.619795558779565, 50.09204725592536, 42.79415737292869, 0.0, 9.1790030464545, 17.956013228133635, 24.22693261164213, 32.53308881457384, 24.128932422729253, 16.90856519614311, 8.56154843257112, 40.85137536414317, 47.63328974578965, 54.58130790110935, 64.59674629177269, 73.00800691117941, 70.51084867505304, 62.83515828682318, 53.25760674910103, 44.90180151213221, 38.21265672455212, 20.29431210511741, 25.59010271737298, 29.04345869052104, 36.17185786437194, 39.37556224485068, 37.743349286173, 31.761344355451882, 25.83575187386574, 18.684994048326963, 16.813493822319767, 28.75065547649368, 30.803675092594485, 38.093959746881694, 45.854920016986625, 48.981398440132416, 50.56555416768897, 46.32346902294914, 40.66375236481741, 31.920905264743293, 31.961632007339613, 19.192394300322043, 16.292079124435837, 72.01180226521456, 64.64971492660156, 60.384957675617926, 58.86057739213755, 55.790941079224176, 55.24113267026073, 58.08724742363846, 65.03571000801561, 69.70671069810525, 71.33921977986614, 73.02014709584931, 71.91375071919647, 70.13871394914352, 64.79170348198024, 62.22145842708326, 60.21747229271085, 58.76810921151012, 61.118660417825815, 63.03647854022076, 65.62732007171735, 90.81853823787297, 90.08579900003775, 93.41626016684066, 96.35331276340183, 103.22968775882383, 107.73517172709997, 111.20620131834764, 100.53744660131571, 103.19204947633791, 93.87528318950093, 84.27237476890436, 73.10368554068421, 67.82594488412342, 60.86967824034762, 62.17290743811943], [49.900607919412295, 57.116347089146124, 64.66630866294125, 72.38665378797569, 65.48280958640862, 57.96315087522075, 50.66360037437314, 9.1790030464545, 0.0, 9.409791069401434, 16.735153475739683, 27.106363504117738, 18.920260544364236, 12.587349855406458, 7.656856679730397, 45.02300047955903, 52.13741615563462, 59.38801739255072, 69.96812166398657, 79.09674481029043, 76.91912425562657, 68.70225985884993, 58.93481358083141, 50.46925525072385, 43.4253174101729, 15.196034611896158, 18.101606569193823, 20.3262368012669, 27.396964750757427, 31.238926971038126, 29.92723296632258, 22.79901476336234, 16.7406232854412, 10.49760466225105, 11.88490490875026, 34.22774452919329, 37.448376040266005, 44.88254309162436, 54.168488808357594, 56.63461210778019, 56.90332507987459, 51.66623612140269, 45.96883908802983, 37.04928683876446, 36.45527157768123, 24.3067114112572, 18.99752912416652, 80.40455233749654, 72.62630147987711, 67.58611548937395, 65.34963503240651, 61.61027441315094, 60.38938031634238, 62.62437580022474, 70.341767524036, 75.60223323973314, 77.95360857130619, 80.28475375204894, 79.80373641963482, 78.2388941575011, 72.13607417688708, 68.77328723847452, 66.13627389703956, 63.80949751433507, 67.0570706063956, 69.61498534463017, 72.98358479870191, 96.90274550038933, 97.8764264128674, 102.13994440859447, 105.28863944881648, 112.20314610681828, 116.41420318875068, 119.32423435887607, 107.16378275055975, 108.00121541227976, 96.7412345343051, 86.14726060023304, 73.97677005263984, 66.90781309200355, 57.45407961341723, 56.508010179742], [59.252707618797594, 66.4398346783255, 74.03623420398424, 81.77499721502707, 74.89117230373155, 67.36637312226345, 60.06867320204891, 17.956013228133635, 9.409791069401434, 0.0, 8.043533147292239, 20.163069418252896, 12.651748506056109, 9.622906479905433, 12.10022945176045, 53.46559024643743, 60.696614090703676, 68.05366050459655, 78.8090717550978, 88.10430704720164, 86.05715173661613, 77.73601033851214, 67.93196781932154, 59.45265791561354, 52.29540499101806, 18.895849738854853, 17.657734322734328, 16.303348206980246, 20.89376934019293, 23.39522670064503, 21.827366770559983, 14.773636946251287, 11.223471836907287, 10.69887071477359, 16.63824399837348, 43.07296349699758, 45.84353077897742, 52.39269405571411, 61.87891239860776, 63.44293913052452, 62.49686867173642, 56.09181650678825, 49.89295612997871, 40.67375865329451, 41.620863269512924, 31.67088258113313, 27.131934296680363, 87.02624399162471, 78.9799343165919, 73.09992390848588, 69.94754414953766, 65.31691074520246, 63.04895517656411, 64.17573418473104, 72.8265705661366, 78.80561677909083, 82.11091393625625, 85.33726476801228, 85.6814016382251, 84.43637125235516, 77.56388009431396, 73.24240706470071, 69.711804178308, 66.03541694108664, 70.60862366045944, 74.05848116966276, 78.37577775134362, 105.46514961715215, 106.64018669599791, 110.49102072639405, 113.10547058946355, 119.57557323867678, 122.92073805222755, 124.73668588594431, 110.60258580402542, 109.02871766632428, 95.75520450698315, 84.26641346105518, 71.39819944561962, 62.99156727748842, 52.14455769353248, 50.5658471482231], [66.46283768745921, 73.72422631765933, 81.15696309480096, 88.47985592941673, 81.69023333540765, 74.211645853934, 66.88552884543473, 24.22693261164213, 16.735153475739683, 8.043533147292239, 0.0, 12.770900816741394, 7.4924035144165835, 10.33705817307463, 16.77976008428863, 61.39099338697839, 68.55207113376841, 75.79578753445351, 86.2888163549457, 95.18842729017938, 93.17027757534987, 85.21420547480811, 75.55641995315767, 67.13367584618123, 60.07822878720918, 26.56382480116073, 23.886802591212348, 20.157836211604334, 20.145936305661724, 18.657879110043, 16.036684627176182, 12.999610195434094, 14.98162785190161, 18.055938321377955, 24.560670514232505, 50.803756533483046, 52.90831036095495, 58.61828719514952, 67.12649088894827, 68.16100747475816, 66.79889798928866, 59.650135024831904, 52.678917158349535, 43.02451653383128, 46.73435885173774, 38.440870255544745, 35.01452362648918, 90.53764189810553, 82.65358163055107, 76.39425642489029, 72.59122315248166, 67.23500011655088, 63.88973507750065, 63.59561256607748, 73.14457946929926, 79.72176706595378, 83.82275250275335, 87.76653154060564, 88.66806114730076, 87.66928441896857, 80.53747726932093, 75.59243792547792, 71.27694839991591, 66.15468084274062, 72.10504700987953, 76.32976093132547, 81.27293718102527, 111.56554496013985, 111.94186775161471, 114.79987583999036, 116.7010546390689, 122.72400987376186, 125.19350937862956, 125.98436702717714, 110.80144386006839, 106.48660506441146, 91.58085953455158, 79.45867298831, 66.02927225114632, 56.69697531431952, 45.40538082015698, 44.91327145830748], [74.67971493213413, 82.03468410156822, 88.98489851560386, 95.26593012336093, 88.83373363671474, 81.58902741760646, 74.2883998632018, 32.53308881457384, 27.106363504117738, 20.163069418252896, 12.770900816741394, 0.0, 10.68396799167772, 17.695383483117034, 24.662700685328403, 71.81451408179841, 78.65118660561996, 85.46591251799536, 95.09626735238689, 102.85462780361344, 100.86793196807747, 93.93957832268019, 84.77022643953975, 76.59359279603038, 69.95116040127186, 38.8029483210847, 36.04926598088828, 31.323804088826137, 26.842307394658622, 19.29728186648962, 15.139919681491214, 21.093090752417815, 26.67864985840412, 30.375760975312886, 36.60318209385837, 60.861635989799986, 62.24526665359623, 67.06146965451715, 73.11646464298965, 73.91400712169194, 72.91975714521082, 65.34731540923332, 57.16436861182068, 46.88860016942614, 55.09357855532553, 48.196866262730104, 45.970216452939326, 93.30732349031697, 86.25706708141229, 80.11743584911594, 75.80487388586297, 69.7165505795653, 64.88046544077434, 62.12239035184891, 72.88387060803404, 80.1146713893985, 85.09121712413031, 89.76025737238513, 91.05014516672921, 90.28633650552419, 83.51946589149868, 78.19292962357034, 72.97573480477566, 65.72349870294933, 73.64731344586313, 78.75316018235151, 84.09670304704605, 117.02904441895934, 115.54456113285468, 116.65746622670534, 117.51916043183134, 123.04402661154323, 124.36697733419754, 123.87015145955792, 108.71761679310688, 99.63352266955064, 82.59679733371145, 69.74337163463449, 55.2603273613631, 44.50207180839217, 33.13477444043502, 36.867072225992274], [67.0151799927489, 74.3464483481288, 81.48256300820833, 88.21740929247767, 81.31282738137033, 73.84376450020298, 66.5810881194033, 24.128932422729253, 18.920260544364236, 12.651748506056109, 7.4924035144165835, 10.68396799167772, 0.0, 7.617602411388048, 15.682301243463664, 63.726634466679336, 70.83209188484739, 78.0010040969627, 88.20085104209558, 96.53796292795049, 94.25235335017312, 86.72807213371793, 77.14172802008713, 68.72248245093029, 61.78176074696039, 31.289638273949283, 30.054002010107656, 27.288110351920317, 27.41539463562852, 24.141415651293467, 20.70832681812461, 20.334144277664794, 21.991347031151367, 23.30178305857483, 28.73860388251611, 52.00276626139786, 52.49057119214327, 56.944686138851445, 63.99753733785276, 64.53857683057628, 63.12265492590085, 55.62955269184642, 47.94476995975103, 37.93654165806402, 44.565118623342485, 38.02631779008035, 36.92487565972837, 85.62783163548801, 77.92525875327065, 71.50596806971383, 67.35583203038708, 61.62205868540631, 57.67742371322411, 56.66055293583247, 66.5647710125834, 73.37352911149189, 77.83067558398825, 82.1449432823148, 83.37334579134031, 82.55428649603783, 75.33897877564121, 70.09930899360036, 65.36732856409634, 59.501397167318196, 66.13972901241031, 70.7669406961006, 76.00883037621922, 112.604350401395, 110.97536128253022, 111.99636301898497, 112.84135150008565, 118.12141208184758, 119.77664060297985, 119.83108791378741, 103.9201294434509, 99.11646938100093, 84.36888846189369, 72.43683120518746, 59.514051283317, 51.42007430589134, 43.12577761525728, 46.76037814153604], [59.78307662767345, 67.08891243681379, 74.27850847138257, 81.20798394372166, 74.14537422297438, 66.60738413573137, 59.36698365922659, 16.90856519614311, 12.587349855406458, 9.622906479905433, 10.33705817307463, 17.695383483117034, 7.617602411388048, 0.0, 8.39481178177766, 56.59906863897788, 63.72914538040731, 70.96124935427927, 81.28303595836829, 89.78348802886086, 87.36721581965249, 79.65552998831156, 69.95843065848476, 61.487989233720185, 54.50509555420954, 26.050302638275685, 26.636598585182043, 25.895459395918696, 29.159055898569317, 28.601865441639884, 25.811915492822884, 22.411653614533776, 20.715821587820866, 19.06327202628085, 23.08983394543133, 44.53735376822913, 44.897712619149985, 49.67950346614154, 57.20657377158289, 58.12901897119963, 57.13955129008317, 50.236582589474466, 43.0062797867174, 33.11486950349759, 38.08088095544542, 30.550411000235137, 29.71506460665341, 80.20550652165456, 72.34438701324555, 66.2332840372302, 62.640369191570755, 57.5288525666148, 54.56365137134162, 54.9434681583468, 63.99180240284184, 70.24314877457121, 73.95946490826313, 77.63540638005978, 78.37264554477264, 77.342494243586, 70.33495983492159, 65.64034104031356, 61.60105006019578, 57.083729258166315, 62.43768809124544, 66.37569954345226, 71.06994093638947, 106.70266205528296, 105.16129977954405, 106.56297497730736, 107.79438850896213, 113.31404465498873, 115.63453807893389, 116.54799702214746, 101.51775562598309, 99.5453370618471, 86.64555596709626, 75.49353838773455, 63.36427637915241, 56.59183791899438, 49.263883131535344, 52.356246761429496], [51.419620663460606, 58.7372193940188, 65.90112226998829, 72.8632884454213, 65.82746421802149, 58.30099549587965, 51.036905165502674, 8.56154843257112, 7.656856679730397, 12.10022945176045, 16.77976008428863, 24.662700685328403, 15.682301243463664, 8.39481178177766, 0.0, 48.92927543083454, 55.8931045841291, 62.97650813267451, 73.1050948547771, 81.48372276765181, 79.01552677114476, 71.389965659866, 61.77455122491172, 53.36849621048879, 46.53895656245075, 22.389306688399575, 25.341894926603278, 26.753966578647304, 32.16222807766945, 33.586146387898644, 31.375824820398414, 26.541500411337147, 22.37991558655278, 17.504045430578465, 18.958688171444983, 36.75094176388988, 37.660562189540094, 43.44549072741163, 50.93842816070851, 52.859325438874635, 53.112007761636775, 47.38828462561223, 40.71210435719946, 31.056068430554777, 34.13241431670413, 24.23357743241086, 22.817153436840517, 75.36599364056579, 67.7410572647162, 62.48386123585326, 59.84856785286066, 55.66548020402828, 53.8271455633131, 55.401594527287834, 63.49747237822883, 69.01818143095622, 71.74443336302731, 74.48480229625419, 74.33935087243707, 72.95347646180142, 66.72566396014022, 63.023339575334894, 59.92313621841196, 56.83861795420808, 60.79349447853794, 63.79546944368047, 67.50690277384803, 98.72015973855085, 97.36912751148645, 99.51738732017613, 101.47491050483923, 107.60950145161252, 110.9302208451516, 113.04329907265178, 100.14093789460688, 100.40846804987787, 89.32871721957754, 78.96977797794442, 67.3235861278649, 61.41050146412629, 54.43245704705179, 56.81596395548506], [18.847315499914203, 21.769473639295143, 29.57609545581494, 40.51350031454616, 34.580185344404825, 29.107542689155576, 25.479547863337196, 40.85137536414317, 45.02300047955903, 53.46559024643743, 61.39099338697839, 71.81451408179841, 63.726634466679336, 56.59906863897788, 48.92927543083454, 0.0, 7.792362751910681, 16.1059927174883, 28.941809427066595, 41.39808907436492, 39.22380485536088, 27.83481934566819, 17.388586914061854, 10.052793599169238, 5.922987800517151, 38.054362783295616, 45.34989116635435, 52.799026003686976, 63.40985289654977, 71.76995185474959, 72.00417687146191, 62.671929346449986, 53.76404370489337, 45.618875835848584, 38.32577580068193, 14.689063175069808, 25.950338467495214, 37.30084519594079, 47.764981844971835, 54.33152779403231, 58.877928038240576, 61.083010379541065, 61.75621158856451, 59.13887129461718, 46.15280960224606, 33.819694487679065, 27.717988496410953, 77.82147145101067, 71.57784688476633, 71.18724273386968, 73.87645304032036, 75.33172137734277, 79.55976027301607, 86.91321322771465, 89.17144775715327, 90.4107767234283, 87.9805851373224, 85.51745544730815, 81.26275311833453, 78.29866216075426, 76.16607527511057, 77.8135194271554, 80.15772788683213, 84.99288041362033, 81.14062627817833, 78.81052460141099, 77.21183166216424, 66.30554490258596, 74.09227731637934, 86.21290089534155, 94.61185896367277, 104.3245359701803, 114.10952700633126, 123.22332396879294, 119.74082223471294, 132.61404007804632, 128.8569591630999, 121.33783637608441, 111.63436884795074, 107.35453235726501, 98.9518231547564, 94.93671692103187], [17.687064078355885, 18.026312422053852, 24.817416086481163, 35.792266194747526, 30.959941521842136, 26.952890536037817, 25.070410937603995, 47.63328974578965, 52.13741615563462, 60.696614090703676, 68.55207113376841, 78.65118660561996, 70.83209188484739, 63.72914538040731, 55.8931045841291, 7.792362751910681, 0.0, 8.375026189019891, 21.426002701050095, 34.351670724653005, 32.36728929315214, 20.588744684559405, 10.777679451791563, 7.159566420106807, 10.269624565561392, 45.4406001097274, 52.527161358473094, 59.8257679474025, 70.0777832480065, 78.43347026582501, 78.75108485105854, 69.68467495034088, 60.95399595496497, 52.94110499941074, 45.74096880089107, 21.391027434929555, 31.40860961497269, 41.9238389699499, 50.68716368215013, 57.86821453456259, 63.34065381540993, 66.47934798053187, 67.51708960657402, 65.29849886513807, 52.586910573622795, 40.90986333197786, 35.28413068101082, 79.57043649726992, 74.1442837484448, 74.78983373799441, 78.18382519157099, 80.24561177471608, 84.86769938883604, 92.36001944426457, 94.11295407824653, 94.86594302889543, 91.8370982237162, 88.68938748594186, 83.76981423912241, 80.59497742553273, 79.51382141982371, 81.97818753232829, 84.87335476084591, 90.22770537424445, 85.81685409647332, 82.93510482388308, 80.52823476144573, 60.03778340468351, 69.33563971188468, 83.21635822494355, 92.74661719349791, 103.1335423720558, 113.94242467214308, 124.13147657295359, 122.88807961795648, 136.63108620734465, 133.8057687852295, 126.70916313127356, 117.19125268701252, 113.12324017076695, 104.77838277892192, 100.51566580461413], [19.274377740376835, 16.680244640065087, 21.195239680548674, 31.4653509452847, 28.415082395112425, 26.46510505163099, 26.50988411912479, 54.58130790110935, 59.38801739255072, 68.05366050459655, 75.79578753445351, 85.46591251799536, 78.0010040969627, 70.96124935427927, 62.97650813267451, 16.1059927174883, 8.375026189019891, 0.0, 13.209508320918644, 26.603661748809643, 25.004259099505386, 13.080455323054853, 6.601377093391727, 11.0372228963198, 17.472678435984367, 53.15360008154256, 60.04342925936011, 67.12412541440479, 76.89923242692726, 85.13276233519802, 85.5143564054842, 76.83482249829169, 68.35878666409276, 60.48967013748384, 53.42549970480706, 28.95918038797614, 38.13186736254827, 47.900118511763715, 54.73206004185179, 62.47637684597625, 68.88425599710801, 72.78014086822824, 73.9598841783482, 71.93913263537861, 59.87316575454037, 48.568035325366395, 43.172039599023066, 81.9956585003494, 77.53809970880341, 79.24056195161585, 83.26802423184124, 85.83072304274917, 90.70205516773082, 98.154362293897, 99.52811530409883, 99.8643622386553, 96.31132430664188, 92.53821823531571, 86.9562774021839, 83.58026633230828, 83.63144747489812, 86.87010065588618, 90.21289692019263, 95.89085423890612, 91.10666495622301, 87.77088495599124, 84.59711316325861, 52.85441825818323, 63.946257616765514, 79.86825752577735, 90.66855654681201, 101.84293449635993, 113.72518209624407, 125.01727534347346, 126.32499862317616, 140.55702174582842, 138.5942854347956, 131.91531432620565, 122.53533253006856, 118.6312017169554, 110.33062452762992, 105.86263009183742], [25.166806209013032, 19.873503181445866, 19.16483379871628, 25.83413962971188, 26.613306810385872, 28.22096610717434, 30.778265966892835, 64.59674629177269, 69.96812166398657, 78.8090717550978, 86.2888163549457, 95.09626735238689, 88.20085104209558, 81.28303595836829, 73.1050948547771, 28.941809427066595, 21.426002701050095, 13.209508320918644, 0.0, 13.89704705510873, 13.34938983590265, 5.404523814417047, 13.428638913428042, 21.63722331893279, 29.148408088204715, 64.93721947225032, 71.66402508336486, 78.36162477022256, 87.32300581164334, 95.06398766979291, 95.42432301450043, 87.5444048877717, 79.54716855907725, 71.82950323431075, 65.01436731159077, 40.456216525757874, 48.53397113002892, 57.277419540755375, 60.96203145065264, 69.4202907034583, 77.23035737295676, 82.04035339721301, 83.15789378678426, 81.26328305962531, 70.69513735879356, 59.822654362395966, 54.88877035355777, 85.08491608118955, 82.28415980768284, 85.56974142325164, 90.43556842515129, 93.61562885545351, 98.67714767328005, 105.83641736997194, 106.74377269179399, 106.52008943003425, 102.28166696346204, 97.66997126343404, 91.13505234709677, 87.49394277558176, 89.33302771972595, 93.66245779346906, 97.53810230122332, 103.46008376954178, 98.3379162537663, 94.45205301409328, 90.1968636604222, 40.752019749183255, 54.263286276265234, 73.26234811031264, 85.96786266217251, 98.34786950713351, 111.780791453894, 124.66807435513357, 130.17162183916722, 144.6879267152648, 144.08471314480255, 138.1402087862658, 129.07749853646288, 125.58263045501491, 117.70385988796109, 113.42346188704755], [32.476011785165824, 26.65340239195644, 21.86690514808527, 21.899975534547888, 27.014516873202922, 31.60529614904023, 35.762629675929205, 73.00800691117941, 79.09674481029043, 88.10430704720164, 95.18842729017938, 102.85462780361344, 96.53796292795049, 89.78348802886086, 81.48372276765181, 41.39808907436492, 34.351670724653005, 26.603661748809643, 13.89704705510873, 0.0, 4.901869667263201, 14.739229545864163, 24.861195296592967, 32.81136205603384, 40.42255825975858, 75.88432682256621, 82.60149830661608, 88.87324525716883, 96.96907517133741, 103.83026335903656, 103.99735414704162, 97.16100414266509, 89.74105423203923, 82.09682346118905, 75.59505056717096, 51.012144404616315, 57.83861942692054, 65.50687279615931, 65.76382634182858, 74.75201125291831, 83.93269229021357, 89.42290347828504, 90.20539351708017, 88.3269332545521, 79.88823794452897, 69.54888159053388, 65.4102749585569, 85.93814249526068, 84.98705564408812, 89.80912638179412, 95.36500666327167, 99.01060270041081, 104.05497444311023, 110.65488771173767, 111.16892620300868, 110.4478142077809, 105.65527833506955, 100.35040982975738, 92.9564372067571, 89.11325322866246, 92.79354733693526, 98.10683244596663, 102.35062568943654, 108.24965131105635, 103.03100399177035, 98.75216765039178, 93.52109311495224, 27.952733810295328, 42.11999002914868, 63.797725549717626, 78.21573188634157, 91.72549177642787, 106.49971894309608, 120.78740126379746, 130.72530407724867, 145.0356230577723, 145.93459201268627, 140.9095187516173, 132.40944683132017, 129.65276510958802, 122.83183304219052, 119.56172800832599], [29.024154530249277, 22.81372777234185, 17.328033986126552, 17.41550212677231, 22.327098002722565, 27.206563163767996, 31.836341472549933, 70.51084867505304, 76.91912425562657, 86.05715173661613, 93.17027757534987, 100.86793196807747, 94.25235335017312, 87.36721581965249, 79.01552677114476, 39.22380485536088, 32.36728929315214, 25.004259099505386, 13.34938983590265, 4.901869667263201, 0.0, 12.33364881239189, 22.20521518920118, 30.115087703447816, 37.77968062735421, 74.07086715049766, 81.06244156718058, 87.47797589315914, 95.85128741881077, 102.57658582755444, 102.58019392247883, 95.67223400868372, 88.11861842575522, 80.24773625777593, 73.64564914451489, 48.05890236421027, 54.09937235803593, 61.2949023352742, 61.17459568558272, 70.1357645236454, 79.39920340500272, 85.09547723961506, 86.06222621437836, 84.50788092182641, 76.05654998796255, 66.28451765164817, 62.89710789146329, 81.24808519896449, 80.24055728676674, 85.1263987647261, 90.78205849032359, 94.57777644567815, 99.78859666857123, 106.58954679926016, 106.82784562657626, 105.95494829635133, 101.04373348920794, 95.65340953711261, 88.25506738171384, 84.4174233800896, 88.09979851995347, 93.5084709610534, 97.88788871504607, 104.04481217621766, 98.56433389418552, 94.15343123566593, 88.82980577534236, 31.14116779782112, 41.694821200318145, 61.5653040459664, 75.30537549117115, 88.36736387355235, 102.86569437414225, 116.96381453823135, 126.30536955580573, 141.3801545719632, 142.67145465496853, 137.84140485938545, 129.71524999696504, 127.45319471430297, 121.34966165056856, 118.88686079470163], [21.68786241987223, 15.550827053503426, 14.154317339689577, 21.535357971760092, 21.659852632525226, 23.464767236347132, 26.690817913100734, 62.83515828682318, 68.70225985884993, 77.73601033851214, 85.21420547480811, 93.93957832268019, 86.72807213371793, 79.65552998831156, 71.389965659866, 27.83481934566819, 20.588744684559405, 13.080455323054853, 5.404523814417047, 14.739229545864163, 12.33364881239189, 0.0, 10.777332723015052, 19.406586461409905, 27.19682564940613, 64.33523875672444, 71.42548758847043, 78.26122007632372, 87.47230931901105, 94.93564872986869, 95.06963452215707, 87.22090244591303, 79.11825690510932, 71.1126393512322, 64.19321853302051, 38.12544779357126, 45.05738024614296, 53.143892628711676, 56.155280003619474, 64.63575959438988, 72.67025830978753, 77.82507872510472, 79.1680169951599, 77.69476728456414, 67.23541506424655, 57.12829635488765, 53.276232302445656, 79.91172115182717, 77.17696650266797, 80.662520528499, 85.7204001607646, 89.13945433047759, 94.42266479296195, 101.7959695662777, 102.32004007102329, 101.85882208006718, 97.4170657080978, 92.63365915119914, 86.02177467678682, 82.37250599176923, 84.35789915359402, 88.89434156623533, 92.9816414308063, 99.2386242301002, 93.76751370679132, 89.67307095841903, 85.21529538274045, 42.28573993358114, 52.720375776416574, 70.05545598407609, 82.12144147694814, 94.05325784004275, 107.26539859750943, 120.05181771031758, 125.2863302163692, 140.70532972560912, 140.7341122656669, 135.12422130926277, 126.57307008691114, 123.75464883227514, 116.86140365475225, 113.67576604006302], [14.06803349309608, 10.23269942707109, 14.907038735219345, 25.59890848518671, 21.919954083450563, 19.975850598697242, 20.721388928788826, 53.25760674910103, 58.93481358083141, 67.93196781932154, 75.55641995315767, 84.77022643953975, 77.14172802008713, 69.95843065848476, 61.77455122491172, 17.388586914061854, 10.777679451791563, 6.601377093391727, 13.428638913428042, 24.861195296592967, 22.20521518920118, 10.777332723015052, 0.0, 8.767845486756542, 16.518419280935333, 54.20896248356996, 61.521351342333595, 68.57870432690163, 78.2933600037619, 85.9034595854042, 85.96795178539567, 77.69278560085219, 69.31346874449096, 61.12990406580584, 54.06056335284905, 27.544156905715067, 35.177601561715505, 44.21049765181916, 49.44842031910687, 57.52681872122074, 64.66008758557008, 69.05000653501799, 70.25143246457064, 68.54602542944438, 57.309885019434155, 46.76678556001472, 42.818786376381624, 75.90115378091285, 71.85422739061788, 74.08483258707044, 78.4555760109916, 81.3246242300774, 86.37325349975241, 93.86230381948566, 94.84958747983981, 94.89248177490676, 91.04952166869255, 86.9894416280993, 81.12524832828235, 77.67430975062018, 78.25335393400748, 81.90550126740483, 85.50447663302634, 91.43920579246965, 86.35915944272081, 82.76297793581593, 79.18535476132554, 51.281889005528214, 59.4882594281626, 74.02183027240795, 84.39594099536971, 95.35458289024781, 107.19934193297875, 118.588829788423, 120.4993535060184, 135.3603461568612, 134.27096829697697, 128.09926763554856, 119.31125611930608, 116.25176673404809, 109.22979329495752, 106.22219673531292], [10.569588138615908, 11.873561971771657, 19.57687610703084, 30.485634117355495, 24.8871172455379, 20.158701060254007, 17.911632609577527, 44.90180151213221, 50.46925525072385, 59.45265791561354, 67.13367584618123, 76.59359279603038, 68.72248245093029, 61.487989233720185, 53.36849621048879, 10.052793599169238, 7.159566420106807, 11.0372228963198, 21.63722331893279, 32.81136205603384, 30.115087703447816, 19.406586461409905, 8.767845486756542, 0.0, 7.810007880441927, 45.81854211823337, 53.331174726848815, 60.47084023220557, 70.4383154039977, 77.9866870419572, 77.9522955620121, 69.50287480126937, 61.00809448738622, 52.68568039510628, 45.56268502709744, 18.87387536507259, 27.66241153959766, 37.85411921047511, 44.85566119284495, 52.53638905177886, 58.912529905991626, 62.39273940268384, 63.150667828727215, 60.957773662246375, 49.574668221013745, 38.27355938865224, 34.06939560656993, 73.16788865454251, 68.16048346428742, 69.29197088049652, 72.9513887379247, 75.1846733882651, 79.8242270492177, 87.16114350503786, 88.73511880103348, 89.32258649001389, 86.11660863180546, 82.78794856355685, 77.59505658117153, 74.33619138879517, 73.77223960146804, 76.57679101322569, 79.59600993489649, 84.968563636254, 80.49672985141233, 77.48098243686944, 74.74569914975442, 57.954771820544, 64.45372902035781, 76.87903697301039, 85.93193312373228, 96.17919121001168, 106.86492450633982, 117.04400770748688, 116.47876025640929, 130.28666806865158, 128.13353636937893, 121.47572811782085, 112.42832445009797, 109.11893799302977, 102.01383340584213, 99.28053264477442], [13.834098415650985, 18.014465365217617, 26.183292340829603, 36.80208098404801, 30.303048726808875, 24.185751097317883, 19.924106149646665, 38.21265672455212, 43.4253174101729, 52.29540499101806, 60.07822878720918, 69.95116040127186, 61.78176074696039, 54.50509555420954, 46.53895656245075, 5.922987800517151, 10.269624565561392, 17.472678435984367, 29.148408088204715, 40.42255825975858, 37.77968062735421, 27.19682564940613, 16.518419280935333, 7.810007880441927, 0.0, 38.42966022821518, 46.12171455931901, 53.406499816187214, 63.746982659637794, 71.37280887155885, 71.28671874593003, 62.50677316429784, 53.81530234936061, 45.374394837189456, 38.151846198145876, 11.514388967426578, 22.12915082728004, 33.47935137401673, 42.65290320809399, 49.622927657769786, 54.90754473676523, 57.36894031941143, 57.77735453127827, 55.14893177531775, 43.27218355466942, 31.143899407719083, 26.432191729038152, 72.42323407976787, 66.45408096781993, 66.39722897460915, 69.27660574638372, 70.85008361449572, 75.08855641743098, 82.32781334477764, 84.45957869177943, 85.58393085021278, 83.02947380838027, 80.44885059214081, 76.00206256601423, 72.9787053178143, 71.20048012403369, 73.08979454069065, 75.51653779345453, 80.35795548075234, 76.46789610067016, 74.04709319849051, 72.21636483694543, 64.82537508134051, 70.4085785141259, 81.23777365621544, 89.15629101844496, 98.6922147521665, 108.30468091568369, 117.34624189952893, 114.29889271224872, 127.21412922503619, 123.98913694589592, 116.82028998982382, 107.50477299720514, 103.87317739620521, 96.54410605248177, 93.8742947069109], [48.46742570566765, 54.96906323921485, 63.088486162110705, 72.35941635972527, 65.51412179520547, 58.153449460182685, 51.30385322070805, 20.29431210511741, 15.196034611896158, 18.895849738854853, 26.56382480116073, 38.8029483210847, 31.289638273949283, 26.050302638275685, 22.389306688399575, 38.054362783295616, 45.4406001097274, 53.15360008154256, 64.93721947225032, 75.88432682256621, 74.07086715049766, 64.33523875672444, 54.20896248356996, 45.81854211823337, 38.42966022821518, 0.0, 8.31871339330999, 15.77638905456293, 27.575616555568818, 36.13483149446391, 36.46091529092339, 25.64469630581778, 16.143734837350927, 8.605883493423613, 3.5464792169860515, 30.598300679762644, 36.929769569061506, 46.16595490354558, 58.950045581929196, 61.75234770511124, 61.42776236829418, 57.16392350696945, 53.714024991622715, 46.76166887782269, 39.37157663077193, 25.837918473719764, 15.466648967811256, 88.0413048147214