{
	"dissimilarities": [[0.0, 7.380130639706993, 14.698946654377314, 23.54007951900014, 16.835660671889926, 10.45107210953388, 6.492577308857478, 42.83572986914873, 49.97426610083159, 59.35456323324953, 66.49329981488218, 74.55724897718018, 66.9134941294488, 59.69115250541542, 51.31799480645332, 19.909577183136285, 18.908097522014845, 20.40459283914663, 25.89041479742926, 32.76131154281516, 29.27808990009649, 22.315182630254967, 15.042845687560447, 11.68312136532395, 14.763240955788334, 48.89674082452511, 56.68153670056801, 63.28116082126906, 72.39825617829312, 78.47354463861475, 77.90070744374582, 70.7351917397692, 62.91574036871864, 54.42634623085307, 47.80238184914235, 20.910166544439885, 26.20700779573824, 34.936375596659566, 37.42305605327293, 46.07141260058873, 54.088886255089214, 58.15664289305093, 58.173607433161315, 55.90554936372591, 47.780163458143, 37.51026385047138, 35.66326640354022, 63.89557670021798, 59.90891255387089, 62.077587578191256, 66.20543280585454, 68.70691234802317, 73.20510962280656, 80.01577337871558, 81.36620345684996, 81.69065349564849, 78.21212741726191, 74.56321478666489, 68.81816035747644, 65.39546006848485, 65.97739102080331, 69.44361098047699, 72.6000544359627, 77.79913787005445, 73.40174907737324, 70.22348685695887, 66.8515615800606, 55.32451188639814, 56.96983425218515, 67.37758533888325, 73.45820770149267, 85.03685473791604, 95.79381328355552, 105.83293229742884, 106.82995283346688, 120.55253495896676, 119.48023518757627, 113.60467387579786, 105.58147156159045, 103.27534983600691, 98.12267431663425, 97.79323568906415], [7.380130639706993, 0.0, 7.819044294402486, 18.105589759455615, 12.10384670791997, 8.67058088278444, 10.58372768246297, 50.135532562264956, 57.151242549266534, 66.50193744805306, 73.73174241584071, 81.91728670385741, 74.23581880973936, 66.98402910080803, 58.623602986025325, 22.57417694643047, 19.09054865732795, 17.849925767675, 20.71551916710344, 26.99334138083816, 23.12062915563489, 16.327364387991867, 11.36582674491011, 12.713566230203819, 18.60948922215556, 55.29916773577614, 63.056669833956775, 69.83245215419218, 79.1266950660419, 85.50403508596642, 85.03714335966039, 77.678214176742, 69.70266119985969, 61.215723672876024, 54.424514907786964, 26.628035310305016, 31.253813543460016, 38.872886170024394, 40.55796047892238, 49.29545471124962, 57.66729227522257, 62.66426756408913, 63.480375761708004, 62.019865829282956, 53.108634622912966, 43.79867082887738, 42.18686589101353, 65.53603840921706, 62.19622291238211, 65.23160740537162, 70.01894921225913, 73.20428665631, 78.27346456873609, 85.52265971498494, 86.11759729303326, 85.8461569379039, 81.71847265983877, 77.3649367966887, 71.10251704853944, 67.54230958133319, 68.96124465175224, 73.16964838357805, 76.96927689975941, 82.97339629571465, 77.74629096745942, 73.93386598636509, 69.82111420096238, 51.10302437545758, 53.66231095443082, 65.56180711633263, 72.54688120082086, 84.53454936427654, 96.24049215802587, 107.29930805143682, 109.92787200399749, 125.30083197961413, 125.31935122210317, 119.90807417828813, 112.25842710111301, 110.29602173362088, 105.29393765434544, 104.70832765768202], [14.698946654377314, 7.819044294402486, 0.0, 11.13266372871632, 7.658677648248229, 10.35954131535654, 15.88309859876067, 57.45597703286302, 64.66484796871704, 74.04259244490707, 81.15938134568461, 88.99239316030433, 81.48553366957856, 74.27954597940047, 65.90169140133453, 29.505566092098775, 24.780260539988962, 21.172360145315306, 19.16421593738554, 21.921806212714174, 17.439734162653114, 14.126392932209725, 14.837826468030485, 19.465309507516057, 26.107778319454, 63.06936479592752, 70.77702206102204, 77.48907545463746, 86.58560600950393, 92.81336701333016, 92.32461143286841, 85.22375846913891, 77.37130028993064, 68.92651068699534, 62.188325264431704, 34.36943925918622, 38.04593597377571, 44.37315655111678, 43.9526682753267, 52.867859796044456, 61.94895279205534, 67.7635346307736, 68.92086648971025, 67.97859551907716, 59.56955834246689, 51.144386669508854, 49.97814890341571, 66.14258632148409, 63.95908795410264, 68.15898681119646, 73.61994530791125, 77.41475068037423, 82.82012541984747, 90.11989629840508, 90.06818275703522, 89.2181718233434, 84.4691223136108, 79.40165189666395, 72.49017094356324, 68.77474533119799, 71.44858304238267, 76.50850351559015, 80.84798246686465, 87.34573463173243, 81.55934771957718, 77.20219571261337, 72.24217261050659, 45.83672076293438, 47.826995891087726, 60.80205051194146, 68.75549226469556, 81.29061613737623, 94.01843271281803, 106.20393854317268, 111.37061459321194, 127.81738971707864, 129.1237462975355, 124.3602700699176, 117.20553283841792, 115.79370352673976, 111.37385348397285, 111.10185694087566], [23.54007951900014, 18.105589759455615, 11.13266372871632, 0.0, 8.549405765545867, 15.901457356061773, 22.369014229662447, 64.62029060093634, 72.36856171148898, 81.77587130410029, 88.4687602756047, 95.2670980967319, 88.21644141433184, 81.19436088826573, 72.84793496031908, 40.4074255995744, 35.72224692010627, 31.409899030678908, 25.805693652611197, 21.91904755821224, 17.419375238586202, 21.423238433609914, 25.48639186991768, 30.32638255639658, 36.68698109803776, 72.31604756548639, 79.97313071205133, 86.33137912867754, 94.77054248313286, 100.19700727741247, 99.48709649466971, 93.26251909024658, 85.90246386181224, 77.55309743301214, 71.14663309301208, 44.052861669361945, 46.348953180501375, 51.12401289845293, 46.94404879853967, 56.08728169003178, 66.32577350852807, 72.8083966307769, 73.73084979371886, 73.02992338896172, 66.7972985448164, 59.36087893699795, 59.05959165619908, 64.24989266161032, 64.02391685871196, 69.82159998324262, 75.96770798399432, 80.27929474756668, 85.69643443923471, 92.49187741401677, 91.87540332264977, 90.43698245361672, 85.10111104523176, 79.31028400377173, 71.5704858443094, 67.686993955152, 72.25125773558189, 78.32071786295288, 83.05851345485716, 89.62734507303213, 83.63911810686785, 78.85913953227056, 72.8966308510396, 40.385287993363264, 37.726319089052126, 50.5267539579069, 59.486942302962944, 72.8149575018094, 86.67639765647576, 100.14600250478182, 109.23594821797103, 125.9654701797171, 128.9784899563045, 125.22535695802969, 118.87622329890576, 118.46601734425677, 115.45260362847583, 116.47668300019716], [16.835660671889926, 12.10384670791997, 7.658677648248229, 8.549405765545867, 0.0, 7.740858529583013, 14.841232281566587, 57.61808730472699, 65.47779865756198, 74.89762429553979, 81.68980907754211, 88.84021807815076, 81.31596862677479, 74.14323479122457, 65.82451991855167, 34.50645656163612, 30.920603190734578, 28.390344515656533, 26.60914834688771, 27.053381913438084, 22.394085171692122, 21.620917091014803, 21.85510000330296, 24.774659648954497, 30.22148641596818, 65.48974244115344, 73.35989490939825, 79.88107272148451, 88.74052150336662, 94.20789653399135, 93.3844135795115, 86.83929867351013, 79.26063651209783, 70.73178758450278, 64.23165918233403, 36.52088297301338, 37.92345080443326, 42.610068043980064, 39.31685443146744, 48.43956885279316, 58.34067382115676, 64.61968520891041, 65.67810165433757, 65.13729431129069, 58.298592549399174, 51.21028858815734, 51.665312358205405, 59.34296176235805, 57.911768224975766, 62.88284069171526, 68.72312271542901, 72.84685784843565, 78.34402069987195, 85.51719142901048, 84.98573623825051, 83.77095504308512, 78.70524006235078, 73.30854878110279, 66.04597037110024, 62.255310564969115, 65.74320814428384, 71.32210278423725, 75.91056167979697, 82.59126604684324, 76.55132734628282, 71.93459769858468, 66.46692754755364, 47.89564504829922, 44.96844905273106, 54.813476642271006, 61.748868950665866, 73.85584277961053, 86.41930289021761, 98.63769318174295, 104.56476761787492, 121.65093461035171, 124.0422936828799, 119.94621346470687, 113.55674079192669, 113.25451243225365, 110.43456619541419, 111.85431183434302], [10.45107210953388, 8.67058088278444, 10.35954131535654, 15.901457356061773, 7.740858529583013, 0.0, 7.361295277592523, 50.10162589341676, 57.97334211112316, 67.38531969857465, 74.22177548121834, 81.59278781549715, 73.85228108747856, 66.61731694007725, 58.3096941127115, 29.090878783254553, 26.968770942530494, 26.483125532367566, 28.224582157372335, 31.613453116292323, 27.25433911493062, 23.462317052996152, 19.964401104280913, 20.102352877388057, 24.157552296855634, 58.16124729817986, 66.10883889140729, 72.64055261396275, 81.6450241551389, 87.09221928680827, 86.21307182570074, 79.52364975349462, 71.8831111110075, 63.29379671155691, 56.809457856690884, 29.229174611243195, 30.58211999431357, 36.09594083585401, 34.304646745355136, 43.44561531856996, 52.86750243790855, 58.44695985245968, 59.15405403691904, 58.184943898757275, 51.126884057548246, 43.5267043873708, 44.11117464198483, 57.42801309761749, 54.772520886239775, 58.61449280142458, 63.840257244229235, 67.41012615124019, 72.62029893764111, 79.78411239870266, 79.82949304854058, 79.15502673428743, 74.67276227058828, 69.96890738476361, 63.334636005658865, 59.68538710225364, 61.915045774670894, 66.69415528251864, 70.7864874235627, 77.03989586460919, 71.4901857484729, 67.37463294614349, 62.707067427616714, 53.18321051059724, 50.765113202302736, 59.243184004561975, 64.95639750459604, 76.34234989143008, 87.72264698478868, 98.69578230455791, 101.9192156581286, 118.0608824404435, 119.28900540519666, 114.62288022742062, 107.85220779480811, 107.20590189514441, 104.11291506407602, 105.56585332816175], [6.492577308857478, 10.58372768246297, 15.88309859876067, 22.369014229662447, 14.841232281566587, 7.361295277592523, 0.0, 42.805240487930575, 50.6753378172046, 60.09098509132153, 66.89615034590577, 74.29037120151776, 66.59043561266111, 59.37776286943177, 51.046330973978236, 25.46729892265479, 25.094089219028195, 26.53267552064339, 30.782573355804335, 35.76699213781865, 31.875111490423173, 26.69050213545099, 20.715077081866603, 17.85368839069905, 19.89635438640569, 51.315070269215354, 59.22122817930075, 65.60033720119165, 74.46209392339686, 79.77203740174737, 78.86365949082325, 72.25124563190651, 64.72113177142047, 56.17170409788207, 49.82961116271526, 23.358911863368505, 25.58347956520789, 32.599007856412086, 32.38606141004137, 41.405455482218436, 50.25234253210495, 54.74001732442871, 54.62836583506578, 52.71021744443813, 46.10351333536197, 37.2526336196708, 37.35576799155244, 57.75098560218845, 54.195791315215914, 56.899482240469695, 61.327325584398885, 64.091431130654, 68.68474057866625, 75.4328074743055, 76.39686388572171, 76.44552156245159, 72.72863756781447, 68.85807125125429, 62.86799739573716, 59.38626213439988, 60.49993798578228, 64.35449231628346, 67.70488894244487, 73.07151887242324, 68.45419532917718, 65.07382567091757, 61.32652554856849, 56.827319175075104, 54.99999347484646, 62.88599792548718, 67.96386858830937, 79.04505513471226, 89.47708518586458, 99.37670335604261, 100.70072165396442, 114.95398487139533, 114.76898486696012, 109.44718591066547, 102.09055620938408, 100.81840589646234, 97.18614314153908, 98.49461245924931], [42.83572986914873, 50.135532562264956, 57.45597703286302, 64.62029060093634, 57.61808730472699, 50.10162589341676, 42.805240487930575, 0.0, 9.172966740697635, 17.97153593730333, 24.228908284467895, 32.53704098315159, 24.125214192870597, 16.908529459981462, 8.562099489030304, 40.82589407417333, 47.62966826083919, 54.58348143738732, 64.60158920679949, 73.03108063773692, 70.55656754104255, 62.84865361230264, 53.25686334563661, 44.88410041111366, 38.18828600203897, 20.258449794537615, 25.577012229531302, 29.0460514742209, 36.17078212294062, 39.374063637855954, 37.753172422385, 31.762135912739037, 25.824167140365613, 18.627316341034263, 16.78227097125005, 28.709678821756004, 30.836002428805475, 38.17168839730847, 45.82291680577246, 48.95005432292857, 50.4104134103304, 46.26531033721653, 40.59286286338578, 31.903397406376236, 32.02125069483739, 19.281590572306737, 16.268291862968557, 72.02157282334016, 64.62190179866563, 60.3342820248971, 58.80961156994463, 55.770523113287915, 55.21844226070183, 58.087756219498374, 65.02538727038002, 69.69238766777391, 71.32863018717437, 73.00482882840488, 71.91173297184042, 70.14113856932283, 64.76144186039916, 62.1949521243991, 60.184793319863815, 58.755481226339185, 61.08764399830409, 63.01184245632882, 65.60192922550485, 90.91602473745155, 90.34439587198425, 94.17344390375293, 95.41559651085575, 103.35386416925867, 108.03594790044758, 111.3047238702522, 100.48040637605142, 103.41358944702382, 94.05136443670841, 84.4563176382549, 73.61231335150136, 68.05464640648198, 60.93596157838989, 62.127497003789664], [49.97426610083159, 57.151242549266534, 64.66484796871704, 72.36856171148898, 65.47779865756198, 57.97334211112316, 50.6753378172046, 9.172966740697635, 0.0, 9.421365928454216, 16.73711254023047, 27.098508532230575, 18.90146367520986, 12.588608206557069, 7.658831601386206, 45.012590523889045, 52.14118404812864, 59.39392853229354, 69.97221592076876, 79.11634559794865, 76.96423333687923, 68.72044164576631, 58.94081261707183, 50.46641883164866, 43.41648431113649, 15.174674820009027, 18.100433669262042, 20.336511783861486, 27.38489084577315, 31.225826345490567, 29.930794121705187, 22.801790571152825, 16.73566277137425, 10.436977418327348, 11.868786071537606, 34.2098957605606, 37.483725734771404, 44.95525240989436, 54.155644268581874, 56.62146816364898, 56.79325333217383, 51.63418852188164, 45.92640861815785, 37.045932679534054, 36.522435546564374, 24.3849956217872, 18.99643978773923, 80.42251392243709, 72.61662061456666, 67.55748836768801, 65.32011778015494, 61.603626082204045, 60.38040458057052, 62.635710494803845, 70.34201107118794, 75.59977398723392, 77.95351495905255, 80.28248361861033, 79.81143321020521, 78.24794441438257, 72.12277808134897, 68.76186218446423, 66.12021998624616, 63.80974368907673, 67.04229978227156, 69.60488852349795, 72.9737958753736, 96.98756994045348, 98.11366291647684, 102.85559047038308, 104.34618001008256, 112.31379947533846, 116.69927027412402, 119.41230661811744, 107.09863918024747, 108.21338808450635, 96.90769542383677, 86.32316855899748, 74.5292362479466, 67.13166284608057, 57.506073476644445, 56.434824120031436], [59.35456323324953, 66.50193744805306, 74.04259244490707, 81.77587130410029, 74.89762429553979, 67.38531969857465, 60.09098509132153, 17.97153593730333, 9.421365928454216, 0.0, 8.088538037781985, 20.222295326139346, 12.657617814349981, 9.650466490949027, 12.130958601187709, 53.43875966538183, 60.686248074563885, 68.05244920190647, 78.81879477088545, 88.14303103340508, 86.11835740430695, 77.75939539672989, 67.9360785416601, 59.44763036274107, 52.27709441558508, 18.826421905601126, 17.601557389906635, 16.27891522857002, 20.892572109063114, 23.427110494233492, 21.889344567340295, 14.788322550230975, 11.176960138471731, 10.594196852896445, 16.579670947159926, 43.03737080373003, 45.83480407884185, 52.408066929083, 61.855251006728835, 63.406220301347375, 62.35693100745477, 56.013404133083625, 49.81919598492049, 40.647602102972186, 41.612832093346505, 31.677533808917648, 27.09356081785419, 87.04553645307048, 78.96280050838777, 73.05391348430418, 69.89605233738091, 65.28545372768811, 63.02354269043139, 64.18818443960245, 72.81781419642734, 78.79217181796079, 82.09863923154556, 85.32540682652234, 85.68487662111892, 84.44207328556288, 77.53766082102462, 73.21090708437274, 69.67852999239399, 66.03057979224516, 70.57776966689553, 74.02971140145415, 78.35373559836921, 105.5926696393173, 106.91831557709257, 111.22578562232783, 112.25915634749957, 119.72603735108784, 123.23996355505226, 124.86247599828684, 110.54533617737569, 109.28805743630187, 95.97941190443534, 84.50528487953993, 72.04970941208086, 63.31319050942248, 52.296757055399915, 50.574025466269035], [66.49329981488218, 73.73174241584071, 81.15938134568461, 88.4687602756047, 81.68980907754211, 74.22177548121834, 66.89615034590577, 24.228908284467895, 16.73711254023047, 8.088538037781985, 0.0, 12.752304614106622, 7.470752215260922, 10.338229674969694, 16.781424860594765, 61.38496859954047, 68.5579602100347, 75.80361411992502, 86.29525057530817, 95.20682903479621, 93.208576754854, 85.23031467008079, 75.5630052740269, 67.13152086082968, 60.07278582273209, 26.55190203591396, 23.887658290200548, 20.17246352302884, 20.141532215306015, 18.63789926371159, 16.03789290581546, 12.999606770660181, 14.973449339483874, 18.01057947820722, 24.553715615645654, 50.79267723705624, 52.93917051228234, 58.68146145598118, 67.11583844274475, 68.15105618736345, 66.70119255494104, 59.622644288225715, 52.63920218742925, 43.022009487095985, 46.79377747305743, 38.49974444180752, 35.016944928767074, 90.55275770328633, 82.64305130003258, 76.36699166020334, 72.5626767488759, 67.22898238824493, 63.87902361476479, 63.600226329114975, 73.14210793471983, 79.71712489817531, 83.82194073952957, 87.7630334410091, 88.67428923448381, 87.6778005753696, 80.52399610695073, 75.58142823684338, 71.2596088517371, 66.14978036245424, 72.08873890059449, 76.31984873410657, 81.26279484014306, 111.64002137239069, 112.14813804826314, 115.42921687079509, 115.8678820554024, 122.8246145976559, 125.4540997938804, 126.06639195810591, 110.74560100199487, 106.69163411200215, 91.74626595723778, 79.63656586978061, 66.64222912180212, 56.94229070132042, 45.46268542575414, 44.822747548956194], [74.55724897718018, 81.91728670385741, 88.99239316030433, 95.2670980967319, 88.84021807815076, 81.59278781549715, 74.29037120151776, 32.53704098315159, 27.098508532230575, 20.222295326139346, 12.752304614106622, 0.0, 10.742407970954517, 17.68281526577465, 24.653955880987642, 71.79323667775965, 78.65002598542942, 85.47007143672712, 95.10339007955652, 102.8691281839644, 100.88932920893944, 93.94041736685021, 84.76468476784089, 76.56742749987892, 69.92780051854196, 38.773888760067194, 36.035477556500815, 31.330288622183424, 26.875356196097922, 19.300956085166142, 15.138829910129942, 21.07491130777468, 26.651822480144755, 30.301532476130152, 36.58005211443092, 60.832518380988404, 62.274653062172746, 67.12814936381379, 73.0818411098678, 73.885843224652, 72.780871841478, 65.29665976361294, 57.092262325094296, 46.86920862364822, 55.145885056837834, 48.25733899144277, 45.96062835263135, 93.29943249870072, 86.21412357976638, 80.05901093836063, 75.74643092739578, 69.69253829300465, 64.84427469952854, 62.08802691282983, 72.85652466089131, 80.08491696616768, 85.07137939426762, 89.73170391267276, 91.03515698561169, 90.28075939107535, 83.47815360061186, 78.16020802073041, 72.92966574364608, 65.68287413676256, 73.60196876952675, 78.72152148511515, 84.06035212546917, 117.09597346284433, 115.72143786320906, 117.18760152480668, 116.80454682700622, 123.13509038599014, 124.58998063089159, 123.94580481355202, 108.69775856013737, 99.81622399889099, 82.75199609415121, 69.90958898906607, 55.97031246782364, 44.76025148861727, 33.21700638599723, 36.80422366684261], [66.9134941294488, 74.23581880973936, 81.48553366957856, 88.21644141433184, 81.31596862677479, 73.85228108747856, 66.59043561266111, 24.125214192870597, 18.90146367520986, 12.657617814349981, 7.470752215260922, 10.742407970954517, 0.0, 7.586332101746533, 15.672428644389164, 63.69529223679148, 70.81881730686618, 77.99624242409867, 88.2056358633905, 96.56498693641498, 94.29495373780216, 86.7382371024307, 77.13663200260257, 68.70304576189372, 61.75458550597896, 31.23342068553327, 30.010205060277695, 27.265278515646575, 27.415824522562, 24.155372017252706, 20.742142033271055, 20.318011781690895, 21.945193155281316, 23.21708812626986, 28.68945662498035, 51.9614169133193, 52.48631215523393, 56.96947501969254, 63.9597112396234, 64.49337553134227, 62.96190064870099, 55.54231285482582, 47.84976403591911, 37.89568501501219, 44.56625520466992, 38.04160654026327, 36.888275120368995, 85.63154068798471, 77.88876637941472, 71.44202895909025, 67.28674259009526, 61.57982855494488, 57.63420057748817, 56.647082101772845, 66.5390380608142, 73.34388350133482, 77.80641731960282, 82.11785191421525, 83.36301816459923, 82.54970260074049, 75.29617793817786, 70.05508973618646, 65.31562209447658, 59.4723201582909, 66.09020440616565, 70.7252352422639, 75.97103882513237, 112.70933780748065, 111.2170864196396, 112.66205535295502, 112.10149193357095, 118.255449261139, 120.07021368981128, 119.94478450131722, 103.8737940019502, 99.3656570657855, 84.5888040306288, 72.6745281740132, 60.137984552331, 51.758327696234495, 43.275065657116116, 46.75591351186981], [59.69115250541542, 66.98402910080803, 74.27954597940047, 81.19436088826573, 74.14323479122457, 66.61731694007725, 59.37776286943177, 16.908529459981462, 12.588608206557069, 9.650466490949027, 10.338229674969694, 17.68281526577465, 7.586332101746533, 0.0, 8.396008667978611, 56.59178337172822, 63.7342026139835, 70.96834711934163, 81.2887417542024, 89.80235293273489, 87.40770329809988, 79.67220976151607, 69.96469493311689, 61.48549044008232, 54.49847937439728, 26.038109833467175, 26.637102863563126, 25.90606088356014, 29.153391404230653, 28.589285245056146, 25.814933437838917, 22.413536150736636, 20.71115165614665, 19.024267397591817, 23.08203014919054, 44.52373874797459, 44.930704086226555, 49.749996501001775, 57.192087047270356, 58.114848317362906, 57.023422352341804, 50.201258445970836, 42.95574406960755, 33.10906391588365, 38.14920314757845, 30.619187823811412, 29.716013167069335, 80.22027777122716, 72.33003942359088, 66.1995049850631, 62.60500115482419, 57.51935283043427, 54.54920579883093, 54.94806911014157, 63.98718968050848, 70.23583781224667, 73.95623301967686, 77.62905248284311, 78.37733713606004, 77.34983146799851, 70.31716306259017, 65.62524885896521, 61.57892068746043, 57.07680773683076, 62.41681088188614, 66.36191225389007, 71.05597542248555, 106.78075271154017, 105.38083603832217, 107.23943440686513, 106.96620225320318, 113.42146658786795, 115.91410818883092, 116.63509929957284, 101.45554315304803, 99.76466629608863, 86.82172816448285, 75.68313320650553, 63.876346113591346, 56.84341521679054, 49.32033312204258, 52.279222143227514], [51.31799480645332, 58.623602986025325, 65.90169140133453, 72.84793496031908, 65.82451991855167, 58.3096941127115, 51.046330973978236, 8.562099489030304, 7.658831601386206, 12.130958601187709, 16.781424860594765, 24.653955880987642, 15.672428644389164, 8.396008667978611, 0.0, 48.918442533629275, 55.89779420171695, 62.98348295344012, 73.1101986815891, 81.50141629659748, 79.05507459482175, 71.40445562739016, 61.77867169283497, 53.360553438500304, 46.52783238797089, 22.375076000528264, 25.343799580844127, 26.76649365677262, 32.16026651714861, 33.57640613892566, 31.378270013082904, 26.543715457349784, 22.376339397604205, 17.45791090764399, 18.94922559550023, 36.73170500222093, 37.702612716884495, 43.53084348240853, 50.91865983851395, 52.84236249050509, 52.98284151792833, 47.350959281507635, 40.6570929107429, 31.050057418237817, 34.21359029724862, 24.3267662281585, 22.818727936053357, 75.37806314741134, 67.72152817129621, 62.44509267588718, 59.809506326776805, 55.655560712474895, 53.81157086970305, 55.4035840084203, 63.49158520590157, 69.0092731555012, 71.73992243818414, 74.47576004530625, 74.34162557789297, 72.95933312562848, 66.7041739469378, 63.006507450887845, 59.89874975867178, 56.82936832665903, 60.77033244118943, 63.7799384531075, 67.48965272600854, 98.79911447025358, 97.59668667105755, 100.22054616563523, 100.58984924144212, 107.71736574769211, 111.21256902798355, 113.12930119894892, 100.08112761354903, 100.62155704071708, 89.49639077578053, 79.14766042550374, 67.82383602829537, 61.63800693101579, 54.48102442604046, 56.74430936651895], [19.909577183136285, 22.57417694643047, 29.505566092098775, 40.4074255995744, 34.50645656163612, 29.090878783254553, 25.46729892265479, 40.82589407417333, 45.012590523889045, 53.43875966538183, 61.38496859954047, 71.79323667775965, 63.69529223679148, 56.59178337172822, 48.918442533629275, 0.0, 7.774398092886226, 16.075728850982184, 28.89318457378911, 41.38579447777871, 39.287699266946255, 27.865046314319024, 17.391883892498505, 10.110413678404957, 5.936183083385231, 38.06019940845941, 45.35548302440327, 52.797425711574704, 63.375653214778445, 71.74369754797716, 71.99280234408454, 62.67041623814517, 53.76694947682881, 45.629841192928, 38.32911670264269, 14.691558253462768, 25.984293998434165, 37.36913090516496, 47.77626175115689, 54.34034508951927, 58.840671496484525, 61.09211550801607, 61.761397024462475, 59.14696115910725, 46.211168486373296, 33.85121737048883, 27.722374333740245, 77.85418504957534, 71.60049818615767, 71.19584666679634, 73.88437118389827, 75.34474187499438, 79.57436824227648, 86.94737513023567, 89.19119962945247, 90.43060974668491, 87.99713376779279, 85.53826312849601, 81.2858245827835, 78.31379475209451, 76.18169869830294, 77.82610999480092, 80.17211267678279, 85.01962624058528, 81.1559300185639, 78.82367715887399, 77.22827608773704, 66.37580028133553, 74.37787926787269, 87.11372633355833, 93.30574367854628, 104.41878832206658, 114.41096366465996, 123.29130723950621, 119.63630181604422, 132.80103573270708, 128.98651465571035, 121.47140186317891, 112.05232185511305, 107.50107361929804, 98.95797551298821, 94.84797093524033], [18.908097522014845, 19.09054865732795, 24.780260539988962, 35.72224692010627, 30.920603190734578, 26.968770942530494, 25.094089219028195, 47.62966826083919, 52.14118404812864, 60.686248074563885, 68.5579602100347, 78.65002598542942, 70.81881730686618, 63.7342026139835, 55.89779420171695, 7.774398092886226, 0.0, 8.367438947094984, 21.407374304663712, 34.38216818928332, 32.47905570918336, 20.656660832581366, 10.816275721498412, 7.245444981393552, 10.278390627592337, 45.44460281066618, 52.53278190194441, 59.82985756667216, 70.06171079884598, 78.42668205245721, 78.75711988476168, 69.69263006131901, 60.96139694365978, 52.95178472349835, 45.74593809343787, 21.38682877697591, 31.43277230966255, 41.976670190153506, 50.693298245172095, 57.86755924996728, 63.2811218207105, 66.47010965711493, 67.51091347576916, 65.30555809579961, 52.624422666438136, 40.935727027855805, 35.288132131080054, 79.60485579427096, 74.15999617442596, 74.78781395309447, 78.18098787324469, 80.25158879836869, 84.87794786768168, 92.39362749448567, 94.13042249789657, 94.88180245870525, 91.85007176067208, 88.7053885377934, 83.79198281494342, 80.6123564326058, 79.52226545275944, 81.98329339205978, 84.88082738880337, 90.25205412997317, 85.82558906031792, 82.94139032971124, 80.53840875830117, 60.16737084942669, 69.68312368602854, 84.16257393070133, 91.44884930410751, 103.25922309192688, 114.2638902941118, 124.22349606811613, 122.80265685846813, 136.83204828918625, 133.9529529411222, 126.85888235998199, 117.6421539873639, 113.2884900573509, 104.81541532949166, 100.46555742834363], [20.40459283914663, 17.849925767675, 21.172360145315306, 31.409899030678908, 28.390344515656533, 26.483125532367566, 26.53267552064339, 54.58348143738732, 59.39392853229354, 68.05244920190647, 75.80361411992502, 85.47007143672712, 77.99624242409867, 70.96834711934163, 62.98348295344012, 16.075728850982184, 8.367438947094984, 0.0, 13.199412878711007, 26.648703680400324, 25.133630626772693, 13.158716412327042, 6.6281662304753635, 11.037474173463554, 17.455875739020602, 53.154250808347555, 60.047890355171035, 67.13021576031663, 76.89272646599933, 85.13234257558355, 85.52382499595215, 76.84360837154604, 68.36527095874777, 60.49343351553576, 53.428266808240956, 28.944332020525106, 38.1568903985425, 47.954350791952905, 54.72749652540881, 62.4688637875219, 68.81010379935232, 72.76372266185864, 73.94565678936456, 71.94392489877332, 59.907648952268076, 48.597589619334805, 43.17422977361218, 82.02174463874623, 77.54105229055575, 79.22772961942813, 83.25616890353658, 85.83238400438402, 90.70695843617118, 98.17995946827185, 99.54021234912096, 99.87400297112146, 96.31927684489365, 92.54621994893662, 86.9714676514723, 83.59374472193866, 83.63053059074144, 86.869037742181, 90.21301431013168, 95.90743216770582, 91.10796078873786, 87.7710497475673, 84.59862318991041, 53.00520388156147, 64.31165353108403, 80.80369548512519, 89.35616089228336, 101.97077361164845, 114.03490822134346, 125.11030959017856, 126.25595724208569, 140.74864032525608, 138.7361326339751, 132.0581092897865, 123.00267226246969, 118.7879981688837, 110.37212529827319, 105.82648690402542], [25.89041479742926, 20.71551916710344, 19.16421593738554, 25.805693652611197, 26.60914834688771, 28.224582157372335, 30.782573355804335, 64.60158920679949, 69.97221592076876, 78.81879477088545, 86.29525057530817, 95.10339007955652, 88.2056358633905, 81.2887417542024, 73.1101986815891, 28.89318457378911, 21.407374304663712, 13.199412878711007, 0.0, 13.958380489281765, 13.483230027998637, 5.367691601948179, 13.379261045968573, 21.561780581692805, 29.10155278614435, 64.92985557204972, 71.66421818168521, 78.36808657299612, 87.32813752856318, 95.06876771561062, 95.43390123003171, 87.55035902309699, 79.54871891106225, 71.81821712210527, 65.01042563045965, 40.42265918132854, 48.561333930679346, 57.338791399732436, 60.93412452830423, 69.39875888356192, 77.12727371526124, 82.01177044265084, 83.12750737056994, 81.26169666219062, 70.72930023020072, 59.85951145887814, 54.88533568811036, 85.08960458944512, 82.25882343032347, 85.5341662054273, 90.40504819362782, 93.60824225230256, 98.66993533303857, 105.84334213045855, 106.74306741204069, 106.51544150354323, 102.27781666550382, 97.65972071673447, 91.13296647972986, 87.49598431636024, 89.31158276259757, 93.64822740544788, 97.52226889208355, 103.4588159911049, 98.32297505146063, 94.43896706412922, 90.1791325446269, 40.92704647567602, 54.63888230391123, 74.14156457215041, 84.64687552699951, 98.46730001609266, 112.05500522852093, 124.75385454794672, 130.13117586884405, 144.85488083993664, 144.20951696378293, 138.26336816334327, 129.55839755816737, 125.71669471603339, 117.74413200261351, 113.40229507452445], [32.76131154281516, 26.99334138083816, 21.921806212714174, 21.91904755821224, 27.053381913438084, 31.613453116292323, 35.76699213781865, 73.03108063773692, 79.11634559794865, 88.14303103340508, 95.20682903479621, 102.8691281839644, 96.56498693641498, 89.80235293273489, 81.50141629659748, 41.38579447777871, 34.38216818928332, 26.648703680400324, 13.958380489281765, 0.0, 4.84450909189135, 14.671340127181663, 24.842969488475685, 32.742282810122575, 40.398669444304296, 75.89872292506074, 82.62480893356401, 88.90249730349389, 96.99925563134086, 103.84659478831324, 104.01258662568888, 97.17871742667627, 89.75841771128505, 82.09340378880701, 75.61205250598687, 51.00305271234204, 57.915735947973864, 65.62765284013811, 65.73970210604253, 74.74961795795186, 83.83566308094497, 89.420967583131, 90.18802175475896, 88.34350357153357, 79.96946546156342, 69.63357911992367, 65.43540220443123, 85.93029481523145, 84.95030181165141, 89.77489893557946, 95.3413883559904, 99.02069469979942, 104.05616729884173, 110.65357138567386, 111.17139311263529, 110.44586211704056, 105.65844665437037, 100.33876726876628, 92.950927288716, 89.11850077759043, 92.77195038082448, 98.1039505801805, 102.34009745190815, 108.24411767062126, 103.02032417483588, 98.74938792901331, 93.50399616792471, 28.059176765926065, 42.423365758019116, 64.53304850541012, 76.87377012452974, 91.79992706036509, 106.70050455106401, 120.84180901567736, 130.7251279011577, 145.15722236613294, 146.02319665880424, 140.99537355196068, 132.87312529910776, 129.743428589962, 122.85217619624639, 119.53947604995598], [29.27808990009649, 23.12062915563489, 17.439734162653114, 17.419375238586202, 22.394085171692122, 27.25433911493062, 31.875111490423173, 70.55656754104255, 76.96423333687923, 86.11835740430695, 93.208576754854, 100.88932920893944, 94.29495373780216, 87.40770329809988, 79.05507459482175, 39.287699266946255, 32.47905570918336, 25.133630626772693, 13.483230027998637, 4.84450909189135, 0.0, 12.370262967235139, 22.274177398434635, 30.12179693135483, 37.825383987255414, 74.12812573538501, 81.12423962003828, 87.53790130072726, 95.89728782686765, 102.60164001615567, 102.60468448842623, 95.71172395568841, 88.16632913134595, 80.28047190295537, 73.70253101839805, 48.11257466449607, 54.24283089831497, 61.48602648312749, 61.19859594865919, 70.18625918395172, 79.36454982099242, 85.15270621460851, 86.09290043599738, 84.56155028742947, 76.20108037553308, 66.42226050809695, 62.97091473534954, 81.26588823099256, 80.24243071828911, 85.13718941135632, 90.80338645849359, 94.62909320108011, 99.82445587069876, 106.61255569919557, 106.85939681569326, 105.98435931237213, 101.07951215597568, 95.67542113912829, 88.27900308799727, 84.4501617999142, 88.11743646672979, 93.54640737062854, 97.91514682588826, 104.06755513395379, 98.5905937223886, 94.19024705425164, 88.85067095799671, 31.125725753403415, 41.91270147716342, 62.29209478078259, 73.89297845274477, 88.40444091958784, 103.04810913150273, 116.99310669685595, 126.30447964797757, 141.48872032651195, 142.74417268539094, 137.91408514970016, 130.12603598463815, 127.52687888141024, 121.34810225108804, 118.84140820220078], [22.315182630254967, 16.327364387991867, 14.126392932209725, 21.423238433609914, 21.620917091014803, 23.462317052996152, 26.69050213545099, 62.84865361230264, 68.72044164576631, 77.75939539672989, 85.23031467008079, 93.94041736685021, 86.7382371024307, 79.67220976151607, 71.40445562739016, 27.865046314319024, 20.656660832581366, 13.158716412327042, 5.367691601948179, 14.671340127181663, 12.370262967235139, 0.0, 10.804460122808223, 19.395278668826133, 27.212977322431392, 64.36598974905262, 71.45947288437183, 78.29203445732891, 87.48391839370777, 94.93713446586769, 95.07589735961993, 87.23940353020498, 79.14292677253685, 71.12984442986425, 64.22294212521264, 38.14961981172261, 45.15072571449989, 53.27857174306821, 56.16456518288474, 64.6615926919366, 72.62884957286234, 77.85695878965943, 79.18251965822178, 77.72399778665725, 67.33698703433056, 57.21694107282711, 53.31641568334237, 79.92911394794028, 77.18044435731167, 80.66598608432126, 85.73040176710164, 89.16941251260508, 94.44449749529215, 101.81827293968323, 102.34172655052807, 101.8792310211882, 97.43948256595912, 92.6494579802046, 86.03908441678627, 82.39126174837874, 84.3684453319163, 88.91605838104157, 92.99818551986762, 99.25775449498776, 93.78387252918655, 89.69438154926624, 85.22811905734133, 42.31196462305902, 52.979424699617546, 70.8872865120402, 80.7127300716874, 94.11234011386945, 107.49869137692488, 120.09415309911918, 125.23760586519175, 140.84188278097432, 140.82559328189325, 135.21653969996373, 126.97659722573084, 123.8508986368773, 116.85940456163956, 113.6123524369229], [15.042845687560447, 11.36582674491011, 14.837826468030485, 25.48639186991768, 21.85510000330296, 19.964401104280913, 20.715077081866603, 53.25686334563661, 58.94081261707183, 67.9360785416601, 75.5630052740269, 84.76468476784089, 77.13663200260257, 69.96469493311689, 61.77867169283497, 17.391883892498505, 10.816275721498412, 6.6281662304753635, 13.379261045968573, 24.842969488475685, 22.274177398434635, 10.804460122808223, 0.0, 8.747581498660356, 16.514304253507685, 54.223484267985114, 61.53886418141227, 68.59369713067353, 78.28832943698956, 85.89621835477715, 85.96891469592907, 77.70192067684697, 69.32600295004981, 61.138693001656044, 54.07463665808237, 27.547974117967023, 35.242228577166294, 44.31347511831382, 49.44923244456847, 57.53578872298911, 64.60259858231669, 69.06029145012843, 70.25204350096153, 68.56115601919547, 57.38432757418293, 46.82803751245871, 42.83878684874082, 75.92178750839805, 71.8578507882441, 74.08051621968667, 78.45508054235182, 81.34020901373081, 86.38584164290363, 93.88541590774332, 94.86542652448003, 94.90690193132822, 91.06378117228691, 87.0010419862645, 81.14031433987466, 77.68783586458923, 78.25812356173962, 81.91566219871721, 85.51266082477441, 91.45637461603509, 86.36780452550397, 82.77342645810715, 79.19228766453654, 51.354275417203674, 59.79005511846505, 74.92829421126288, 83.03253574153368, 95.44238713185906, 107.4762681553424, 118.65096290935608, 120.42864185746322, 135.52476760636296, 134.38489500352443, 128.21457980849058, 119.7140943440948, 116.37543743549227, 109.2395342568187, 106.15842484592241], [11.68312136532395, 12.713566230203819, 19.465309507516057, 30.32638255639658, 24.774659648954497, 20.102352877388057, 17.85368839069905, 44.88410041111366, 50.46641883164866, 59.44763036274107, 67.13152086082968, 76.56742749987892, 68.70304576189372, 61.48549044008232, 53.360553438500304, 10.110413678404957, 7.245444981393552, 11.037474173463554, 21.561780581692805, 32.742282810122575, 30.12179693135483, 19.395278668826133, 8.747581498660356, 0.0, 7.838168005070767, 45.84545276824146, 53.35824159054544, 60.48795064058947, 70.42007454016088, 77.96093603374155, 77.93598565006016, 69.50623759629147, 61.02235636097583, 52.7002929105824, 45.58512272129166, 18.906098748623315, 27.768273866371924, 38.001178395801745, 44.869251938083224, 52.56582425238399, 58.888570409709274, 62.435263275973504, 63.17184949582422, 60.9814097178851, 49.69093127671568, 38.36273041950129, 34.10578642803009, 73.18834047002146, 68.1757604159586, 69.30545054810221, 72.96934421821643, 75.21528087452408, 79.84665315399589, 87.18634911569615, 88.75699047542459, 89.3452430467084, 86.13927460214671, 82.80878206317888, 77.61413209838985, 74.35027892466414, 73.78989529847576, 76.60157010363717, 79.6169968801807, 84.99092908913894, 80.5175443454159, 77.50503729309888, 74.76436751690656, 57.94813941369662, 64.6684844693844, 77.72031397867661, 84.54349903084125, 96.22284652012904, 107.11176590460241, 117.07270032150355, 116.38816091990212, 130.4294459682086, 128.22173617626135, 121.56706724736264, 112.79408179972792, 109.21457670616769, 101.9836590647177, 99.17055877479187], [14.763240955788334, 18.60948922215556, 26.107778319454, 36.68698109803776, 30.22148641596818, 24.157552296855634, 19.89635438640569, 38.18828600203897, 43.41648431113649, 52.27709441558508, 60.07278582273209, 69.92780051854196, 61.75458550597896, 54.49847937439728, 46.52783238797089, 5.936183083385231, 10.278390627592337, 17.455875739020602, 29.10155278614435, 40.398669444304296, 37.825383987255414, 27.212977322431392, 16.514304253507685, 7.838168005070767, 0.0, 38.44121507059688, 46.13404463774146, 53.41147206387789, 63.71966578678682, 71.34700931153913, 71.2734373071679, 62.506253685161624, 53.82104615636519, 45.383301097916636, 38.160532049792465, 11.521655009372003, 22.19943096491009, 33.58651389333537, 42.6601048878286, 49.63494713749801, 54.8618484243906, 57.38506209670674, 57.78264944295359, 55.16054134737243, 43.356273024350166, 31.20446603215248, 26.447928974112223, 72.44945449775014, 66.46917088872065, 66.40166439291167, 69.28262406421526, 70.86643892403764, 75.10268335879556, 82.35588791801922, 84.47718750105574, 85.601487652679, 83.04534352684915, 80.46602889516531, 76.02103531438611, 72.99160427582049, 71.21226687325712, 73.10299076239376, 75.529067201753, 80.37976249145235, 76.48100219762428, 74.06048188599303, 72.22941391525777, 64.87505845025518, 70.67418648569426, 82.12758208798236, 87.84600199797286, 98.77304560998961, 108.59258418137865, 117.40310478687502, 114.2001286679957, 127.38885529083093, 124.1068803116908, 116.94166301745223, 107.8901823853384, 104.00531347807365, 96.53904641752492, 93.7794374193825], [48.89674082452511, 55.29916773577614, 63.06936479592752, 72.31604756548639, 65.48974244115344, 58.16124729817986, 51.315070269215354, 20.258449794537615, 15.174674820009027, 18.826421905601126, 26.55190203591396, 38.773888760067194, 31.23342068553327, 26.038109833467175, 22.375076000528264, 38.06019940845941, 45.44460281066618, 53.154250808347555, 64.92985557204972, 75.89872292506074, 74.12812573538501, 64.36598974905262, 54.223484267985114, 45.84545276824146, 38.44121507059688, 0.0, 8.31787223691606, 15.761022539249065, 27.50506558204059, 36.09215493487959, 36.44611782533978, 25.639056822746227, 16.141995509524648, 8.639998189601835, 3.5418609165421775, 30.603217002513084, 36.948481947682616, 46.21126097527845, 58.96331594715603, 61.75818923338483, 61.383093550213275, 57.160617128474236, 53.71066728387414, 46.76752489403078, 39.422653715818136, 25.86877302457055, 15.46859