{
	"dissimilarities": [[0.0, 8.55130627779955, 15.761955334788036, 24.469747690314303, 18.552270843043043, 12.612070600939957, 7.690330459328649, 40.85926292989707, 47.63822133793039, 58.088930182476815, 65.2510675467655, 72.26164930457996, 65.71214726147417, 58.70398201105307, 49.189892839853705, 16.557761224665516, 16.710766451855008, 18.2448194887357, 26.02084922512563, 33.23484844988287, 30.009613857355212, 23.193593964314367, 14.09346521330024, 7.907016408045196, 9.24729886044184, 46.09107184179877, 53.43779384770803, 60.98855360593486, 69.8238107427762, 76.36194990411056, 75.53697985649492, 68.24602425453232, 60.093654898960395, 51.66232335995668, 45.9899711286319, 18.673225119848524, 28.25962828820057, 36.169424106907115, 39.26692048123464, 48.05202322926914, 53.85079778478753, 59.30384611776807, 60.055562589468344, 56.59606193825703, 47.94546086615446, 37.980540354797455, 34.00911945231458, 66.77891242972075, 64.03075524989275, 62.522568350154465, 67.72392969036672, 68.76235113358113, 73.16344878205366, 81.67094416994722, 81.57809246342308, 79.95110156083076, 78.23506098247326, 74.53224259037488, 70.19885434185024, 66.80151121821889, 65.6680377857536, 69.98425529876732, 73.38350425440308, 79.29695567594558, 74.1821059603137, 70.77339084380996, 67.41738119795966, 52.52058816406295, 65.1358268469921, 84.0843580273281, 91.38476039979311, 89.4767772480538, 94.06925844473514, 100.13769832879348, 104.29113916466649, 110.8896307664274, 119.82348786903553, 115.36381709670212, 118.73724814530883, 112.1290206315843, 103.63806702241531, 93.58338345915803], [8.55130627779955, 0.0, 8.14485851197349, 18.333898272471245, 14.221534640607146, 11.6412909606374, 12.849890570905032, 49.33838334258877, 55.95221732313602, 66.22187373294894, 73.5562577170488, 80.69612335493247, 74.18436574432586, 67.1780432659567, 57.670501569530586, 19.518071596064427, 15.99830522039372, 13.143038389510773, 18.513605929562424, 25.766084002070468, 22.21680256584394, 14.993022872985751, 7.035223008213029, 8.6270456787919, 14.967964007035992, 53.45245698143813, 60.782060973645955, 68.52043557544357, 77.32716279657141, 84.17667055230937, 83.51886421321203, 76.06969200056619, 67.86535478144906, 59.49776778034772, 53.678641812329886, 25.537745612752783, 34.15322647291061, 41.05870208433449, 43.355654671960856, 52.25297879644322, 58.56915595783332, 64.94158861065677, 66.58093677026277, 63.924592071166444, 54.757578146033275, 45.67098607235749, 41.81401223417449, 69.35818904425648, 67.31804203777901, 66.89430500682319, 72.67678971082037, 74.38518878308828, 79.32206584897624, 88.40144195493133, 87.62079613016726, 85.3311816234043, 83.05094756533747, 78.48061336234721, 73.53190604083932, 69.7371707239185, 69.68533804222274, 74.90023684193609, 79.06847033548955, 85.79433900586922, 79.84487116743128, 75.67566498248412, 71.4154488336843, 46.571943524137154, 61.15212184172138, 82.28040726564151, 90.620088187558, 89.19414276675205, 94.91379134552771, 102.43804078407054, 108.54923520472109, 117.05742032045993, 126.9616871225996, 122.90310957454167, 126.23411777079176, 119.93368229300063, 111.46841257772017, 101.17923758212255], [15.761955334788036, 8.14485851197349, 0.0, 10.705340656664552, 9.484130302269469, 11.94241132354974, 17.199600588486614, 56.422362092176876, 63.34554387762654, 73.80585094701385, 80.86981800911963, 87.62637324127783, 81.22239210415742, 74.24454852792122, 64.73924603486208, 27.306935980623788, 22.780953278113845, 17.15992510058937, 16.552354827306175, 20.48551227733343, 16.1680290965211, 11.866175854741787, 10.697956768131428, 16.579048537924034, 23.006914777197615, 61.48060876548765, 68.80123242055178, 76.43799563590552, 85.03001769091951, 91.60503825375211, 90.93910287101451, 83.79482715514337, 75.7037727439087, 67.32959993335861, 61.592149594714535, 33.21745608461173, 40.21932791273083, 45.57948201071303, 45.44031687446352, 54.17635399087888, 61.60760335793566, 68.81791417826412, 70.82185906975187, 68.96126092227638, 60.61561297397645, 52.471583666836544, 49.54292880508604, 68.63746673663783, 67.67125123578394, 68.96636345061061, 75.233569115666, 77.61378404520758, 82.78510608866817, 91.93644441971959, 90.53105733892151, 87.69672998096694, 84.795459978024, 79.37129609888494, 73.64531727576635, 69.40842649574557, 70.99478757368094, 77.20076069133701, 82.02401045422712, 89.15802627438906, 82.72094445468169, 77.8915601635315, 72.55391919413563, 41.566272204697235, 54.93826690896953, 76.59842150239042, 85.50313553027031, 84.5291453008284, 91.32640727435633, 100.35378533030165, 109.09519294969517, 119.1415153457, 129.91957536579105, 126.4785690130729, 129.78648250653504, 124.34075861006836, 116.9694555698385, 107.76624861937557], [24.469747690314303, 18.333898272471245, 10.705340656664552, 0.0, 10.432228980708823, 16.95866006867801, 23.43511499865546, 63.45269260710869, 70.75629374899704, 81.4893567284614, 87.92125211079956, 93.88892996176146, 87.81536051921317, 81.06565400659959, 71.6250555991488, 37.81928755556319, 33.359861793478416, 26.97968112648209, 21.759661143021347, 19.007000487059813, 14.68812452736502, 17.673990584961565, 21.053199977059784, 26.957350456270106, 32.815254231802825, 70.4457339516594, 77.66078206848454, 84.92184128867902, 92.95126265051417, 98.81984557001242, 98.11284992425858, 91.71286434367404, 83.97144088455858, 75.66063890702031, 70.21237462937985, 42.502288851812274, 48.22475035343547, 52.04446139430986, 48.42470846680609, 56.64125066774293, 65.61477288932234, 73.42576649413496, 75.20696577530875, 73.97052026027114, 67.53886128208006, 60.11077106980662, 58.15547170176724, 67.14893890322952, 67.76613470088273, 71.43365101762437, 78.01130056224, 80.98120595128086, 86.00034082061352, 94.56165320788855, 92.71991478024518, 89.55377676951429, 86.02138053783034, 79.80817018027031, 73.12287755597245, 68.38250796635411, 72.28466465866315, 79.49883366556293, 84.76467008156823, 91.73711886821445, 85.32336305229829, 80.03020654995487, 73.49734845384393, 36.68446664520019, 45.330413422753935, 66.71642240409086, 76.39615511233107, 76.3826994701625, 84.73659404631928, 95.75508118107963, 108.2893589379895, 119.19148916796219, 130.28329645507776, 127.54567035647469, 130.51420301475895, 126.19554810780203, 120.51496078928223, 113.33256790698277], [18.552270843043043, 14.221534640607146, 9.484130302269469, 10.432228980708823, 0.0, 7.612818747941595, 15.76424085733268, 56.27596045719977, 64.00658467826551, 74.93418381630066, 81.47877804885889, 87.55025884236645, 80.96851744039328, 73.75833326500991, 64.46065252631986, 32.313146653359645, 29.534403461207976, 25.664791320817805, 25.727038549242007, 27.370242641385715, 22.717198170433186, 20.7928048069562, 18.86756430926761, 21.921083265672, 26.439273203788748, 63.88743896844074, 71.36951032682046, 78.84693662189068, 87.68117621489154, 93.58604466501525, 92.52144361394566, 85.71845916508973, 77.62165782959698, 69.05635491070058, 63.49992077893793, 34.723998820112804, 38.518376032022154, 41.69194588024227, 38.47851821303671, 46.89750092561618, 55.408588496653216, 63.21558140691801, 65.36913271038235, 64.47779887879564, 57.61392188230553, 51.09496700703001, 50.57382263137532, 59.58100595626061, 59.16084361186877, 61.702817009014666, 68.23422595083122, 71.12362252690436, 76.39201685996352, 85.5855210109139, 83.56800395593832, 80.31437421787972, 76.98108520212656, 71.07141287265472, 64.93236841693835, 60.50472044130853, 63.068904521778954, 69.92375997492314, 75.18735006178679, 82.63207570926551, 75.80336177191826, 70.52771198891048, 64.46963549378258, 46.69313831713257, 54.022621208716416, 71.37059282774771, 78.33143149634516, 76.20653993373531, 82.27259864910674, 91.06829774625204, 100.45390283524327, 111.69971325574473, 123.95895354410791, 121.35856106253664, 125.51077900850814, 121.60781255982664, 116.63149640633081, 109.53480741780187], [12.612070600939957, 11.6412909606374, 11.94241132354974, 16.95866006867801, 7.612818747941595, 0.0, 8.60404565979063, 48.8392746683851, 56.61716281272238, 67.56168561602392, 74.16463608303161, 80.36238481896447, 73.62962578776381, 66.31383330458243, 57.03518823162676, 26.978830053476873, 25.844561472333574, 24.360794231837563, 27.996818996453488, 31.988221679562713, 27.64362413709805, 23.44079709894017, 17.8263821372343, 17.334952096837938, 20.192934095501744, 56.64714010738037, 64.16382070368319, 71.63462432550797, 80.68386678168737, 86.59031875064069, 85.41394104213299, 78.48179457935738, 70.31028203425515, 61.69779952451826, 56.157513356544996, 27.54888042181148, 31.505815402368746, 35.563126956395664, 33.87064779421423, 42.60027741825667, 50.38126497152214, 57.52905179940807, 59.27342007742386, 57.77881912362354, 50.59139492662209, 43.55768128885065, 43.084431390224054, 58.00151445727687, 56.504525278277185, 57.4975201615179, 63.61485863424835, 65.91995368766649, 70.96308993266763, 80.08648583846104, 78.59622953586944, 75.83400241456717, 73.05065917621405, 67.94038915018534, 62.516502605551395, 58.51355898828132, 59.52490970477322, 65.50668523631508, 70.18767103137526, 77.26308904122726, 70.86820029813599, 66.17931222499425, 61.075052386200966, 51.54621371337733, 59.4228955861844, 75.66557498933743, 81.74676605994527, 79.0080594303509, 83.78462214887567, 90.91208814491475, 97.69447316699406, 107.50684161479224, 119.16438434345116, 116.1204122948699, 120.47180895010045, 116.08914635531384, 110.67733477317157, 103.17985909533989], [7.690330459328649, 12.849890570905032, 17.199600588486614, 23.43511499865546, 15.76424085733268, 8.60404565979063, 0.0, 40.58249331470491, 48.24997652369833, 59.20001887964937, 65.72469281135231, 71.95591762806377, 65.3322815943567, 58.17322641748418, 48.80268078979426, 23.00352405816685, 23.913451212759586, 24.922042114886175, 30.982030725886013, 36.23160519688966, 32.51946425003739, 27.36887233351681, 19.588455632273565, 14.967964868834706, 14.94206654145841, 48.82982103988199, 56.215182275945935, 63.451295235544684, 72.27581706165016, 78.03014040764613, 76.86140434954399, 70.08802422575918, 62.06922326157073, 53.529797659477744, 48.15591691143436, 21.18155080872989, 27.132658022004804, 33.092920142544536, 33.21272854268885, 41.91767907965253, 48.85267904774982, 54.74756417372091, 55.33128756320613, 52.51745068421031, 45.5741428436115, 36.90081063210858, 35.46019510105783, 59.52973727309927, 57.17733498557509, 56.66480111011438, 62.034623843333065, 63.40450380209904, 67.75641893386165, 76.10927079253602, 75.65592190607755, 73.81985215613378, 71.80261559825564, 67.81359000108505, 63.14948734873815, 59.61872237952998, 59.24833704962471, 64.0317101750192, 67.67552712657934, 73.63040640989325, 68.40072807375373, 64.73855099363387, 60.8460705779831, 54.79568003952855, 63.193256013144776, 79.09974957453971, 85.08549414374961, 82.5163898054083, 86.59016989729722, 92.45339880886964, 97.24193042898862, 104.37519004247494, 114.22552020520683, 110.40002331854612, 114.3202000778419, 108.98103704956351, 102.60876495789, 94.65850372386636], [40.85926292989707, 49.33838334258877, 56.422362092176876, 63.45269260710869, 56.27596045719977, 48.8392746683851, 40.58249331470491, 0.0, 8.950085740608131, 20.065832695904273, 25.7438612811969, 32.47759656413886, 25.126870039356394, 17.85075247193678, 8.343902132164963, 39.9138207075925, 47.14661306163981, 54.52491256249852, 64.95999865133084, 72.57867169229216, 70.08780383307148, 63.31662426681448, 53.450392682438775, 44.039245510506476, 36.731246286330745, 19.616586304631216, 24.0132727964073, 28.1636602993555, 36.72495813316374, 40.778296914843736, 38.55125640088977, 32.25841319583809, 25.165360050288232, 17.76251919537758, 16.03070997652908, 28.24240451951871, 31.235111497525004, 38.72148310146008, 46.07524919183954, 50.33409817577284, 50.07177709361156, 47.84112650154746, 42.7555675644369, 33.457670796268424, 30.294181459906852, 17.65771472192325, 14.131529377629121, 72.74149960699556, 66.69221724143307, 58.87631136524225, 59.3958999374206, 55.85675928052792, 56.10208574683571, 59.90906255502607, 64.59323668729334, 67.40288602251005, 69.56923856575247, 71.53815063966009, 71.5879327774518, 70.98862796239328, 63.76271411258597, 61.6890604494823, 59.60809945308665, 59.49117699721783, 60.48951450319523, 62.493505487447884, 65.40428115032148, 88.05930387287718, 96.01410346231094, 106.98196952707202, 109.87335241799799, 106.08194366009049, 105.33553160490725, 103.84394080450697, 96.30005436546992, 91.45247301046643, 93.72551536600665, 86.40297612980181, 90.05530896540799, 80.70702891940947, 70.65570119512716, 60.5789459793684], [47.63822133793039, 55.95221732313602, 63.34554387762654, 70.75629374899704, 64.00658467826551, 56.61716281272238, 48.24997652369833, 8.950085740608131, 0.0, 11.274975839830168, 17.935752441736533, 26.195029235023064, 19.180093151750878, 13.272277756419356, 6.437041206994559, 44.678733606366926, 51.96333940546987, 59.72120846697756, 70.40857465436204, 78.44554501506242, 76.30161394357843, 69.27248835755786, 59.46336454854292, 50.033512789168164, 42.75587224288307, 15.502372924213828, 17.227257765001895, 19.696820578272018, 27.910697391360472, 32.23178231475847, 30.07796272675576, 23.318879045988425, 16.50720142496753, 10.268454523745138, 11.550114976719238, 34.309960255249, 38.294348199431184, 46.16366977335062, 54.653877211103435, 58.61781241242252, 57.39497235684058, 54.19059486817388, 48.770279194932094, 38.96080486721462, 35.77342335352983, 23.971215220182604, 18.109151280109128, 81.15685760114734, 74.85131723778085, 66.2894830980583, 66.20428920580275, 62.05628102909249, 61.69637105402279, 64.53077967276212, 70.08366013728359, 73.58628594482524, 76.3469478745535, 79.03498075189015, 79.61350622347567, 79.28556916699515, 71.442175927738, 68.54881338270522, 65.7053401872646, 64.57258403535985, 66.59917354113873, 69.36642933390583, 73.09154503780177, 93.29241169956332, 102.6258911070929, 114.46400679030384, 117.82504046365635, 114.41518333553276, 113.63587100970878, 111.69148981537414, 102.81514598386308, 95.81342622211478, 95.74902396156365, 87.3871908024255, 90.18690083843865, 79.01465962337342, 66.18074824037029, 53.541728865255415], [58.088930182476815, 66.22187373294894, 73.80585094701385, 81.4893567284614, 74.93418381630066, 67.56168561602392, 59.20001887964937, 20.065832695904273, 11.274975839830168, 0.0, 9.435975596819866, 19.75888933952233, 14.125794964053847, 12.654185006129397, 14.262712672318191, 53.48973507774123, 60.77575259937378, 68.8426414371145, 79.75935000027674, 88.15754190542673, 86.2688816028304, 79.0013687044014, 69.23615918644856, 59.84748496261007, 52.62929917192381, 18.04878762638981, 14.502905985609432, 11.62489155261321, 18.420140213899405, 22.502029936699333, 20.078298301693227, 12.462855299376384, 7.58401296057239, 9.174456816288577, 15.241017363900283, 44.07967023208243, 47.87893071212403, 55.49375110672496, 64.87782302608885, 68.24115790541705, 65.80524488531641, 61.369115829348985, 55.55888045205251, 45.48998944735375, 42.854322702644986, 32.90082405646727, 27.13925620466902, 90.79958826866203, 84.10064139954387, 74.57983755310521, 73.6632373986492, 68.78359632229802, 67.64977733196835, 69.28741421161284, 75.7827892193667, 80.1053116763872, 83.61901727344001, 87.27351252945071, 88.63051011248764, 88.73555891699608, 80.01202228239941, 76.0252682741371, 72.22175197148398, 69.87310734154651, 73.11694539150369, 76.84609627175233, 81.6502789779702, 102.47066352517983, 112.72372647044936, 124.75658184945765, 128.11808638986983, 124.78898781164321, 123.54633981910268, 120.62693617299921, 109.58130611144931, 100.04015142380288, 97.48058598533746, 88.05511585498826, 90.21651298981335, 77.26222001032173, 61.69734541428069, 46.251900481856744], [65.2510675467655, 73.5562577170488, 80.86981800911963, 87.92125211079956, 81.47877804885889, 74.16463608303161, 65.72469281135231, 25.7438612811969, 17.935752441736533, 9.435975596819866, 0.0, 10.48010317945396, 7.384629855217726, 12.273182702673582, 18.238717296481294, 62.03151935425317, 69.21707004785226, 76.97780577454695, 87.41538301659436, 95.17458688544703, 93.31593384155885, 86.59272552424262, 77.01972074933349, 67.6917368535151, 60.52272073138127, 27.476041532252673, 23.441747309236266, 18.102552905943238, 19.025961511199007, 18.028703696140248, 14.451219137551856, 12.760541693285361, 14.635480461312572, 18.608147839229026, 24.56204617320076, 52.146171632772216, 55.12613401041275, 61.7675944839453, 69.63957369141401, 72.2151989255187, 69.83500643882455, 64.58244237389206, 57.555812350352554, 47.212773351919665, 47.84600725715115, 39.32602166341554, 35.400904582647684, 93.36934124898522, 86.85564702101158, 77.56809340001386, 75.92351838770465, 70.53614083764528, 68.23378272763465, 67.79130356416309, 75.30905501783906, 80.56167098414537, 84.57734979911883, 89.02974665470113, 90.77104093124457, 91.18363009544059, 82.57101063122137, 77.92319167648105, 73.18872036085445, 68.99148988525705, 73.9772646787423, 78.62473423761354, 83.9664816237645, 108.49133958087309, 116.81893384891511, 126.96221742140725, 129.6531407530282, 126.41683758382086, 124.6199147679436, 120.83388622558415, 109.06228540925953, 96.46401476940274, 91.20696005770417, 81.05381462918488, 82.53340800479346, 68.85429796524421, 53.23468737608709, 39.562512929228284], [72.26164930457996, 80.69612335493247, 87.62637324127783, 93.88892996176146, 87.55025884236645, 80.36238481896447, 71.95591762806377, 32.47759656413886, 26.195029235023064, 19.75888933952233, 10.48010317945396, 0.0, 8.632226264924132, 17.16896220117177, 24.577879650930896, 70.71018326374875, 77.77685674568629, 85.15014551791668, 95.01726142234371, 101.99213114064935, 100.10755197604236, 94.03735335355339, 84.69623028176879, 75.48196211184185, 68.40382709504044, 37.682385639856044, 33.912939342030185, 28.157973146602316, 25.960211278460907, 20.264211058658805, 16.33712176945462, 20.887081356982673, 24.96398801635546, 28.86380945076628, 34.53213403667612, 60.25668610373998, 62.33312183074321, 67.87965780451734, 73.84748250319973, 75.57281454439205, 73.48515831657859, 67.60762465813517, 59.39992419991787, 49.10506537744591, 53.22078896647483, 46.142232909812996, 44.010842560780624, 94.81022186928423, 88.6500288598737, 79.91994239145693, 77.59278908236891, 71.82750272801212, 68.30777095392526, 65.51555394655537, 74.00534118389457, 80.16839960623874, 84.59819507734302, 89.78203694881373, 91.82954823021876, 92.53389838712408, 84.30113851542157, 79.12874655463182, 73.53060286681269, 67.36204011862458, 74.17635193761657, 79.67695639897138, 85.39295647023144, 114.30609918743181, 120.13558445831728, 127.83557901839306, 129.61783689847948, 126.4377236031894, 124.01233913982773, 119.3297083068588, 107.12817314114166, 91.28446577566302, 83.07981333356139, 72.2335724477373, 72.99616435738692, 58.85899510950701, 44.33899118156241, 35.10839756430889], [65.71214726147417, 74.18436574432586, 81.22239210415742, 87.81536051921317, 80.96851744039328, 73.62962578776381, 65.3322815943567, 25.126870039356394, 19.180093151750878, 14.125794964053847, 7.384629855217726, 8.632226264924132, 0.0, 8.619185314361735, 16.883202047288098, 63.787696043731145, 71.0983411262519, 78.7261713513871, 89.05643018615402, 96.4390704218935, 94.30056000616898, 87.82578199054221, 78.15591421968509, 68.77400372048848, 61.50010109217518, 31.206463949793267, 28.50771117188893, 24.49190093831332, 26.378808425651545, 24.19155486529297, 20.24726213232747, 19.87987888576354, 20.589055390933723, 22.618726458888283, 27.79151770779399, 52.78667676401144, 54.07921740669146, 59.5194833378572, 66.21204156949358, 68.05746215606679, 65.60369124538504, 59.88218538766872, 52.174379163996626, 41.818476733632714, 44.74738039203857, 37.71270095594773, 36.31655822126129, 88.33000097297898, 81.81149500545718, 72.58785833243873, 70.52069166377078, 64.9106355341578, 62.056762901460296, 60.8378025931358, 68.65440279188813, 74.24573224978349, 78.47024937610018, 83.32816995273083, 85.37013901663686, 86.03668056567649, 77.33621720869192, 72.30783522142019, 67.14280244347307, 62.22100889973837, 67.87522811093979, 72.94277784113424, 78.59791872501879, 110.01516101388772, 116.38178728944096, 124.45800710028358, 125.97358761360053, 122.13843533376503, 119.52598550012509, 114.88436332318913, 102.32913789957102, 89.1340253569606, 84.30647709879543, 74.48255669048464, 76.95638459035919, 64.63267414536448, 52.281088060849875, 42.78413030233742], [58.70398201105307, 67.1780432659567, 74.24454852792122, 81.06565400659959, 73.75833326500991, 66.31383330458243, 58.17322641748418, 17.85075247193678, 13.272277756419356, 12.654185006129397, 12.273182702673582, 17.16896220117177, 8.619185314361735, 0.0, 9.572991697564248, 56.6991213488719, 64.1858106696664, 71.95152763838004, 82.60898760260396, 90.26564721634169, 87.87222409441334, 81.10036867285471, 71.17593899858531, 61.69303491666619, 54.28071659256915, 26.00345809441079, 25.222372364074594, 23.967954032392, 29.65370885921328, 30.274658762642876, 26.70600884427482, 22.887320318265356, 19.739091693776036, 18.45759512305441, 22.27564747259945, 45.09467980633829, 45.575371567377815, 50.94776570478566, 58.21274176856338, 60.3038979311056, 57.73543381122285, 52.437995856420265, 45.34684497783957, 34.99594760723569, 36.453694001321416, 29.116403395916983, 28.71171915896319, 81.54797950559097, 74.78907111202733, 65.30426661264711, 63.68012307786313, 58.3949829673163, 56.38660305328444, 56.96138721616606, 63.880801876337856, 68.72382092702041, 72.57276004890679, 76.89593275791589, 78.7540882172926, 79.2860792657501, 70.34836288637, 65.70921853798477, 61.19403643239901, 57.77247505171689, 62.00869177330157, 66.42731595812242, 71.7752574317164, 104.97330042412443, 111.67073162201876, 120.07818774484873, 121.41030575042288, 117.03373110276128, 114.39399949491691, 110.03708028439003, 97.70589340282298, 87.42392703013675, 85.90061081930834, 77.15508253887052, 80.96512966502831, 70.31250965842, 59.79952045140173, 50.44214390033566], [49.189892839853705, 57.670501569530586, 64.73924603486208, 71.6250555991488, 64.46065252631986, 57.03518823162676, 48.80268078979426, 8.343902132164963, 6.437041206994559, 14.262712672318191, 18.238717296481294, 24.577879650930896, 16.883202047288098, 9.572991697564248, 0.0, 47.73400992938903, 55.07617013779612, 62.62638342394989, 73.11522103371709, 80.70361644975081, 78.29929272027587, 71.58081981888023, 61.728373138600354, 52.29587589414712, 44.95555503032689, 21.0541839817821, 22.862793522236164, 24.558614753842978, 32.029172741166484, 34.70112159193799, 31.93954107576718, 26.55995901523506, 20.8265436814446, 15.677864709365046, 17.04336445526076, 36.1756146021945, 37.99673276429551, 44.4801449495689, 51.73893937422511, 54.951837187211545, 53.63109892061937, 49.883386093194005, 43.67201138031842, 33.592190714427815, 32.798686102757884, 22.53859998652281, 20.549293559937382, 76.82672038056674, 70.45817721349724, 61.86643068253278, 61.357794555254685, 56.947992087311796, 56.08098185356164, 58.310283154498656, 64.12640578942441, 67.9491786636537, 70.92120592987519, 74.02210962147514, 74.90293149645551, 74.82838869814745, 66.81928084337754, 63.51936784739851, 60.24321421719717, 58.48210885459795, 61.094032102068745, 64.28068692033493, 68.35100022252277, 95.6472848960802, 102.96566381758043, 112.73483238779644, 114.96356298442936, 110.98654735887476, 109.4065306902233, 106.6169991051241, 96.96165963983256, 89.40645802586613, 89.72757359137687, 81.671656729836, 85.23717863169759, 75.14137904839569, 64.65900511178694, 54.769885997849926], [16.557761224665516, 19.518071596064427, 27.306935980623788, 37.81928755556319, 32.313146653359645, 26.978830053476873, 23.00352405816685, 39.9138207075925, 44.678733606366926, 53.48973507774123, 62.03151935425317, 70.71018326374875, 63.787696043731145, 56.6991213488719, 47.73400992938903, 0.0, 8.004124336871962, 17.07158794474038, 30.07022020975556, 41.13590018800265, 38.69650012536913, 28.901357064399605, 18.691044532328338, 10.909738456563339, 8.398734365508533, 37.88500092380652, 45.16418941300937, 53.5983128223125, 63.51660813067138, 71.80152307292391, 71.25557313636827, 62.29327509386596, 53.530555202738505, 45.407283852647836, 39.1244533994827, 13.873246932728438, 26.50072121370486, 36.977136918127705, 46.6640287770428, 55.015555208113376, 57.43797949559587, 61.54891286729762, 63.11454763625236, 58.95846765735969, 46.33119500494349, 35.70212121433752, 28.58966756595094, 77.18833356704266, 72.72682226642523, 67.99702257296242, 72.52947103605331, 72.73620327849372, 77.4131769033021, 86.837572210565, 87.18866794332347, 85.8767009058109, 85.02960267382538, 82.34710301411732, 79.42518613522375, 76.76545568397451, 72.73205676265366, 75.48092710755326, 78.2639010578065, 84.55522305855771, 79.25573161527372, 76.49316938615372, 74.91357456893371, 61.368978327210385, 79.4943333225718, 100.46899956847305, 107.79040207669911, 105.26838574016985, 108.80693766913632, 113.19973634991439, 112.96025574501321, 119.09082380942411, 127.72020496709997, 122.3495617530604, 126.08768143854843, 117.7212616365027, 106.1154725729779, 91.96736064687683], [16.710766451855008, 15.99830522039372, 22.780953278113845, 33.359861793478416, 29.534403461207976, 25.844561472333574, 23.913451212759586, 47.14661306163981, 51.96333940546987, 60.77575259937378, 69.21707004785226, 77.77685674568629, 71.0983411262519, 64.1858106696664, 55.07617013779612, 8.004124336871962, 0.0, 9.362977793125488, 22.582159021201445, 34.199111381292944, 32.01283103275255, 21.853140203019677, 12.661598248904083, 9.016786243706735, 12.411696427178597, 45.23502861871622, 52.285568471631265, 60.579168803326986, 69.97623625094738, 78.29851826063192, 77.98638530871962, 69.25268845928335, 60.710080179176444, 52.761628187935564, 46.57177939873283, 21.225163958296882, 32.87664766249261, 42.38144647274414, 50.521672559589334, 59.178399162084794, 62.560780836973905, 67.52682561841713, 69.49688526785283, 65.83094704052432, 53.5025128869845, 43.3131705108788, 36.41356755343454, 79.88364806201241, 76.18058745780272, 72.6870043558704, 77.7470952788475, 78.51275942035811, 83.48903525688442, 93.09417066962936, 93.01441995321238, 91.25867960588347, 89.90721348760312, 86.47118793206317, 82.86485866795333, 79.78092342282663, 76.95986472982483, 80.58186029250102, 83.96253898196913, 90.66981544728519, 84.91417529125559, 81.55486111707586, 79.07074045386733, 54.84039022349941, 74.93438947215476, 97.97047822308664, 106.48435622114386, 104.70369664592248, 109.44001780794143, 115.29860999040352, 117.28170069090358, 124.56924988924546, 133.5184053822825, 128.37461589330934, 131.7150212572603, 123.45146090432631, 111.73460654234466, 97.58308461962261], [18.2448194887357, 13.143038389510773, 17.15992510058937, 26.97968112648209, 25.664791320817805, 24.360794231837563, 24.922042114886175, 54.52491256249852, 59.72120846697756, 68.8426414371145, 76.97780577454695, 85.15014551791668, 78.7261713513871, 71.95152763838004, 62.62638342394989, 17.07158794474038, 9.362977793125488, 0.0, 13.303439798419989, 25.173978643672868, 23.15168750401689, 12.860287860691061, 6.81284639139134, 11.742064390828302, 18.608098431787248, 53.917479852857056, 60.86682654043395, 68.92703904870193, 77.7410467902889, 85.76738309393679, 85.59097739101848, 77.3374601849194, 69.0521310705083, 61.14331924107822, 55.09008425949921, 29.0768537479055, 39.75727048888782, 48.07712306456107, 53.78177511674172, 62.64010987726764, 67.38084510016822, 73.27650933316768, 75.45297625932497, 72.33190824578683, 60.898695379806036, 51.127388463939695, 44.829620058884, 81.15013571916677, 78.5036294882226, 76.72860967168597, 82.34436297701163, 83.74703646662434, 88.92432888763277, 98.50839159293955, 97.95822632032697, 95.74756522341877, 93.78784843060018, 89.49290662640327, 85.02424790028545, 81.4354877051421, 80.27703068248145, 84.9404519578891, 88.95019639922795, 95.94653569335128, 89.82869538426306, 85.83437508555042, 82.23266169859082, 46.38537802247707, 67.73534605311376, 92.61210417583507, 102.36343416318104, 101.49022340718984, 107.63648913478157, 115.25103820783102, 120.183143615067, 128.64352238815445, 137.9467612370151, 133.1987938151411, 136.10881851209427, 128.29404233852898, 117.09190937646376, 103.7394052274857], [26.02084922512563, 18.513605929562424, 16.552354827306175, 21.759661143021347, 25.727038549242007, 27.996818996453488, 30.982030725886013, 64.95999865133084, 70.40857465436204, 79.75935000027674, 87.41538301659436, 95.01726142234371, 89.05643018615402, 82.60898760260396, 73.11522103371709, 30.07022020975556, 22.582159021201445, 13.303439798419989, 0.0, 12.426847938697122, 11.600317938615001, 5.340486187082689, 13.684434861411741, 22.481381789281482, 29.934344866944286, 65.78224786519287, 72.51527715913303, 80.17266635399186, 88.0747283882078, 95.6154325678362, 95.64861704843725, 88.14381220557627, 80.3025100082748, 72.54513489063942, 66.74576060996647, 41.02587742061309, 51.06678371798618, 58.23267608896224, 60.91316695779324, 69.75800793184587, 76.11524862086105, 82.85327887493297, 84.9536255990004, 82.26200897232643, 72.21686849292564, 62.642237617518234, 56.69117440330975, 85.03795844455269, 83.87829677305858, 84.33598785336153, 90.45892336383115, 92.49898907717319, 97.6900215320141, 106.88573771545632, 105.95506473047993, 103.36955790340306, 100.74161448220691, 95.52436888793191, 90.0004130361893, 85.81439204508492, 86.88123845617062, 92.68712698131141, 97.26354050327899, 104.25629532384063, 98.03414741714025, 93.45778570833333, 88.5742316934247, 33.968247546253984, 57.537231068326676, 85.41294380035919, 97.25328174584858, 98.05848738237607, 106.35937929874346, 116.46045485365326, 125.54141330793321, 134.90861054666942, 144.0999766611161, 139.75572956236806, 141.8184162459774, 134.44958069718348, 123.79234619843474, 111.56541014250949], [33.23484844988287, 25.766084002070468, 20.48551227733343, 19.007000487059813, 27.370242641385715, 31.988221679562713, 36.23160519688966, 72.57867169229216, 78.44554501506242, 88.15754190542673, 95.17458688544703, 101.99213114064935, 96.4390704218935, 90.26564721634169, 80.70361644975081, 41.13590018800265, 34.199111381292944, 25.173978643672868, 12.426847938697122, 0.0, 4.936792988216741, 13.532059928394268, 23.5219672298018, 32.113408153818334, 39.36289640330971, 75.51966665408501, 82.16284362975397, 89.3999112650514, 96.56556882166758, 103.34597574463879, 103.40798006276849, 96.75819696023588, 89.3232775429669, 81.60936935022777, 76.09477643373377, 50.525303620985206, 59.79345988150528, 65.87917902129085, 65.5364504748805, 74.12331576748622, 81.98627594621026, 89.29113642457376, 91.04896131115746, 88.73303026064765, 80.46033910540238, 71.16179390321842, 65.93975345779936, 86.06811597165112, 86.3504247857517, 88.93986868744942, 95.36041579944045, 97.88879637592262, 102.88671028214964, 111.42211145865191, 110.22355617783919, 107.42558789794673, 104.24622248424895, 98.34060362748374, 91.91337423263148, 87.25731135308556, 90.43835133556858, 97.15540524619264, 102.08216037429105, 108.79042363940074, 102.7281494746183, 97.78116369332082, 91.8169579443785, 23.048905783701343, 46.11130755452712, 75.88401996933685, 89.39149870595226, 91.7893417764051, 101.96128144326651, 114.19917372832799, 127.17830322863749, 136.97409779524602, 145.96393962303353, 142.13577587254184, 143.50475379992196, 136.95011465171913, 127.58585695627698, 117.28419319856293], [30.009613857355212, 22.21680256584394, 16.1680290965211, 14.68812452736502, 22.717198170433186, 27.64362413709805, 32.51946425003739, 70.08780383307148, 76.30161394357843, 86.2688816028304, 93.31593384155885, 100.10755197604236, 94.30056000616898, 87.87222409441334, 78.29929272027587, 38.69650012536913, 32.01283103275255, 23.15168750401689, 11.600317938615001, 4.936792988216741, 0.0, 10.679381610778687, 20.42429671732268, 29.158265822672888, 36.44638480323022, 73.62230431321784, 80.49242778028639, 87.89042475003347, 95.48791308988514, 102.23608471198203, 102.0973711541171, 95.29001876431742, 87.63775000269291, 79.70529020441766, 74.09094034209885, 47.47637418315305, 55.93975409672311, 61.56394305812767, 60.93828081998641, 69.49312801563237, 77.39201163409037, 84.86850849235881, 86.85859086966983, 84.8719962035146, 76.59744841977378, 67.81346808939334, 63.32526385087647, 81.45761785520348, 81.65582415358199, 84.26076772502563, 90.76029554350438, 93.42158235858703, 98.56651824728705, 107.36271770564444, 105.92148324601617, 102.94592933357069, 99.6852414981564, 93.68510164852344, 87.27843805460891, 82.63774757026671, 85.74998235859563, 92.56055018483605, 97.64254483120642, 104.63495397402853, 98.28835424959148, 93.1899181781496, 87.1474934189154, 27.168416262884573, 47.00255480460322, 74.87710839817957, 87.31222142300119, 88.89033212206336, 98.45826708266993, 110.24401289019639, 122.69727105135333, 133.09112989633928, 142.89289288590507, 139.33338115163244, 141.28071251381058, 135.23082801114677, 126.62468981508566, 116.75518075359672], [23.193593964314367, 14.993022872985751, 11.866175854741787, 17.673990584961565, 20.7928048069562, 23.44079709894017, 27.36887233351681, 63.31662426681448, 69.27248835755786, 79.0013687044014, 86.59272552424262, 94.03735335355339, 87.82578199054221, 81.10036867285471, 71.58081981888023, 28.901357064399605, 21.853140203019677, 12.860287860691061, 5.340486187082689, 13.532059928394268, 10.679381610778687, 0.0, 10.778044702741214, 20.22173504126013, 27.82891088521663, 65.22656834756455, 72.23718825458317, 80.02776189045288, 88.34704826126409, 95.71440833654215, 95.50348079221668, 87.94607315025827, 79.900261071493, 71.87363327226886, 65.99053667600641, 38.82508833481137, 47.72290370185181, 54.194316438049015, 56.2098470459386, 65.00660343078445, 71.5882839454731, 78.62570804102425, 80.97947818382029, 78.74393744563586, 68.90026657829017, 60.003569514385674, 55.10937415563481, 79.94875816708574, 78.85086385019184, 79.57213223870436, 85.83612897558001, 88.10330709873334, 93.45735733972937, 102.89214126140327, 101.63066936483841, 98.80042962421466, 96.00292902784076, 90.58525030562518, 84.97964062995119, 80.76031347799412, 81.9866622934627, 88.02062141399107, 92.83558706867687, 100.14417293254303, 93.59092400667342, 88.7787485875798, 83.66696365352801, 36.28844320899585, 56.898131038915714, 83.01859393287846, 93.89629497038035, 94.01146052535233, 101.85158999312112, 111.69068008901795, 120.65815785217764, 130.79090265106137, 140.9105848798591, 136.96106006667418, 139.6008142139854, 132.95534629550792, 123.40806210713137, 112.02563287632944], [14.09346521330024, 7.035223008213029, 10.697956768131428, 21.053199977059784, 18.86756430926761, 17.8263821372343, 19.588455632273565, 53.450392682438775, 59.46336454854292, 69.23615918644856, 77.01972074933349, 84.69623028176879, 78.15591421968509, 71.17593899858531, 61.728373138600354, 18.691044532328338, 12.661598248904083, 6.81284639139134, 13.684434861411741, 23.5219672298018, 20.42429671732268, 10.778044702741214, 0.0, 9.634942025330925, 17.26145209782123, 55.229614455474376, 62.45578288457018, 70.44576141973151, 79.37316003379847, 86.85410582923362, 86.41453176321953, 78.49346130420865, 70.16808152966365, 61.95643478157401, 55.947834332630144, 28.11314824987031, 37.39181763692391, 44.72427032357064, 48.61169356757336, 57.50452514655226, 63.10990850174158, 69.49879113206003, 71.68343013644787, 69.0542608705401, 58.58573672800301, 49.45667021140031, 44.63436330764257, 74.99985629208636, 72.77388101720767, 71.88018650474811, 77.73176264394965, 79.47198124369586, 84.70110575872913, 94.25055253669896, 93.36308665697167, 90.91201867004847, 88.64550507925796, 83.99557350143506, 79.17013875109737, 75.40548773773509, 74.98897012421409, 80.14384089617026, 84.45037688296323, 91.58483490615076, 85.27503623537949, 80.9792715122271, 76.83856485104188, 45.401516979229015, 63.622309120962846, 86.88012808172546, 95.97585283706103, 94.78727297641164, 100.85200456203421, 108.65256326376988, 114.48874675295517, 123.5815492121403, 133.61914979327187, 129.3781536556365, 132.629207720114, 125.77279965136746, 116.14819222720061, 104.4185246918368], [7.907016408045196, 8.6270456787919, 16.579048537924034, 26.957350456270106, 21.921083265672, 17.334952096837938, 14.967964868834706, 44.039245510506476, 50.033512789168164, 59.84748496261007, 67.6917368535151, 75.48196211184185, 68.77400372048848, 61.69303491666619, 52.29587589414712, 10.909738456563339, 9.016786243706735, 11.742064390828302, 22.481381789281482, 32.113408153818334, 29.158265822672888, 20.22173504126013, 9.634942025330925, 0.0, 7.6363126054472765, 45.97147441349038, 53.328441663777376, 61.35090741725125, 70.60660274911295, 78.03220515969146, 77.41499576954251, 69.35638497527025, 60.906695956847756, 52.575524610831394, 46.54658518792549, 18.65196879972991, 29.354914045732343, 38.035068756939744, 43.67848738417782, 52.494167463130125, 57.169612450775155, 62.59864711688081, 64.15956897219452, 60.78312174945961, 50.127082914917295, 40.19690893091012, 35.0086602826033, 72.16847627284982, 68.97936972843955, 66.58272011106435, 71.84012909745837, 72.87376157350009, 77.69947562447022, 86.93828444692024, 86.68996472929706, 84.85518922033698, 83.21935704195084, 79.50208859080303, 75.45507613652242, 72.1658933686529, 70.27357680728643, 74.3983883495923, 77.94936175455572, 84.47255794439572, 78.82507466960512, 75.28319109842805, 72.2182125523373, 52.74651645680959, 69.08008526673852, 90.09204729123206, 97.93754043693797, 95.99731856537255, 100.67497254750359, 106.72319030149859, 109.93341469758063, 117.29308331746925, 126.58139695847322, 121.9104868083159, 125.40264467929471, 118.15761290624131, 108.29979492226961, 96.36769011949099], [9.24729886044184, 14.967964007035992, 23.006914777197615, 32.815254231802825, 26.439273203788748, 20.192934095501744, 14.94206654145841, 36.731246286330745, 42.75587224288307, 52.62929917192381, 60.52272073138127, 68.40382709504044, 61.50010109217518, 54.28071659256915, 44.95555503032689, 8.398734365508533, 12.411696427178597, 18.608098431787248, 29.934344866944286, 39.36289640330971, 36.44638480323022, 27.82891088521663, 17.26145209782123, 7.6363126054472765, 0.0, 38.93601625749529, 46.438238621967926, 54.48875649597589, 64.10402248121417, 71.44517571990438, 70.62966953535303, 62.43363234545597, 53.8477879623367, 45.381188740743156, 39.3314462511111, 11.212089136294852, 23.46111916052994, 33.31793581235664, 40.53596827966837, 49.07317670292956, 52.801603113533105, 57.302518928004076, 58.31345736556375, 54.29573988093877, 43.48032853059239, 32.84182705266753, 27.418652542162114, 70.36674368514609, 66.38272315868655, 62.68618187252143, 67.37468620188199, 67.78348857257947, 72.24364924729902, 81.21286747079445, 81.49475880969996, 80.18339289333089, 79.09845252393411, 76.20223439112894, 72.8659859279542, 70.01996700812509, 66.85919247425421, 70.04791043286693, 72.92525112251326, 78.9198925304826, 73.842497358297, 70.97152938473333, 68.8723472208316, 59.22664397985724, 74.0747589795671, 93.20056394633114, 99.96478336689023, 97.38478931125077, 100.8930475654215, 105.46156617963713, 106.42672898674104, 112.39602650986994, 121.1477898625052, 116.1592264450774, 119.93561518667643, 112.44733458043744, 102.52175839749253, 90.51029096244059], [46.09107184179877, 53.45245698143813, 61.48060876548765, 70.4457339516594, 63.88743896844074, 56.64714010738037, 48.82982103988199, 19.616586304631216, 15.502372924213828, 18.04878762638981, 27.476041532252673, 37.682385639856044, 31.206463949793267, 26.00345809441079, 21.0541839817821, 37.88500092380652, 45.23502861871622, 53.917479852857056, 65.78224786519287, 75.51966665408501, 73.62230431321784, 65.22656834756455, 55.229614455474376, 45.97147441349038, 38.93601625749529, 0.0, 7.8223089232142975, 16.374400087325522, 28.100518809431794, 36.65941415520792, 35.62709919937037, 25.345301944606696, 16.100462574051278, 8.87873000569282, 4.013193584272256, 30.50343417887406, 36.804835808135785, 46.58506161164965, 58.836604421411785, 63.839587650884, 61.59759189615859, 59.271729821578944, 56.29356525246868, 47.67177062638258, 38.56188865187934, 26.313486080643248, 15.340125363295373, 88.35843173360094, 81.58177433232127, 72.1088498734376, 72.77043008674531, 69.1