{
	"dissimilarities": [[0.0, 7.3613040673691135, 16.35229583767136, 25.596092354788187, 18.300065971817727, 12.14693769172412, 9.731761816276077, 43.083732801438146, 49.93202312372381, 59.25092676794687, 67.59444474516819, 74.77886429167047, 67.18566846290686, 59.97646394876062, 50.77047722590406, 19.282008075100816, 19.185027770912427, 20.863401697335963, 26.061689221236414, 33.879600651759944, 30.274128008421922, 21.895929481647247, 14.568005838044344, 12.549330158564201, 14.497863344007833, 49.11881222661005, 56.49021986235424, 63.43401634856081, 72.41671931329053, 78.79219359931523, 77.9692829170686, 70.91672908006859, 62.79551811551756, 54.35809213781835, 47.73760035201738, 19.864096302003823, 26.62745676554811, 36.2596283411462, 40.14219483334868, 48.36343948688279, 55.87401237558518, 60.236670386674476, 60.28543533296192, 57.2710059610735, 48.30423331833107, 38.2129700959433, 35.14198217609803, 68.11459344762503, 63.79665904664177, 63.87776540225947, 68.75098549902974, 71.20856664244678, 74.84883292251756, 83.29415308420337, 86.19465813697686, 86.2135896062644, 82.91174535596812, 79.14063795281456, 73.74028276931737, 68.57963282613525, 68.6361118345301, 71.7910091237787, 75.03694620570894, 80.54758290957281, 76.66525684649328, 74.29649451925324, 70.42996304058973, 53.92047342654003, 62.38107722683107, 73.49452221112523, 82.22564912142197, 91.12360958773293, 107.12347841508678, 114.65884634658501, 115.88495591332965, 130.74749419689292, 122.99765980547504, 117.06511071063909, 110.13198139686259, 107.10976553105, 100.54607970763281, 96.1971464724533], [7.3613040673691135, 0.0, 9.635403537234597, 20.262831448485798, 13.86987527400286, 10.67423505106221, 13.509481062785577, 50.444833005316546, 57.24189074830926, 66.54190002819308, 74.91271753176555, 82.08868050098526, 74.54575870152719, 67.33620479213188, 58.12562538667738, 22.591858179908844, 19.84239009067774, 18.662099929868987, 20.832117621685345, 27.85952725184693, 23.901134804371605, 15.735220146759241, 11.127184449171091, 13.94566511944389, 18.92903046714567, 55.732568082115996, 63.11013514893428, 70.11693438380593, 79.19020991256194, 85.7543437277734, 85.06376237265066, 77.90364037681647, 69.74242142856386, 61.33298556521659, 54.59707503379978, 26.383136885775563, 32.26520240923675, 40.720129328361594, 43.43373532069837, 51.859341893070386, 59.85478223648375, 65.09192684418866, 65.7914921519738, 63.50591371954922, 54.13114975237865, 44.88165913405036, 42.151076930135645, 69.76922660056124, 66.19745255972457, 67.25544742327433, 72.75755180074754, 75.85902891422636, 80.03432866822197, 88.72780646047175, 90.9724572190294, 90.3764341779345, 86.45553740185856, 81.91863540756658, 75.95581263582565, 70.88040536858486, 71.7660827328992, 75.68867364481294, 79.52912747623746, 85.63946296382139, 81.09299524905425, 78.10736563145534, 73.50946286324452, 49.02595490384158, 58.62626088523359, 71.19062579194883, 80.78241928764403, 90.23348920316273, 107.09362533396147, 115.65644248724247, 118.76992392718576, 134.947783767936, 128.43961651753165, 122.97250340671047, 116.37642519752148, 113.65730233384656, 107.3777401776059, 102.89185785318371], [16.35229583767136, 9.635403537234597, 0.0, 11.530254482543482, 8.545516532956507, 12.086222848355229, 18.861383266888065, 58.854667562435395, 65.97729873086313, 75.29990161988428, 83.44079082880758, 90.10579801035503, 82.82339324648267, 75.69452281091405, 66.3922909033782, 31.64428607766693, 27.541063700619787, 23.789233871799425, 20.155343649885953, 22.222945304641346, 17.551337578405725, 13.957567722819366, 16.58608734384122, 22.611130970304977, 28.425429821992527, 65.19115156023159, 72.48111882969222, 79.32229769773397, 88.04995928745541, 94.27984664624701, 93.53665451109532, 86.81759602468644, 78.89133738056255, 70.5761676922079, 63.976437434383904, 35.779534107084935, 40.128876902948456, 47.006418393628174, 46.84986960238679, 55.550690308352124, 64.7205348436416, 70.7926565867749, 71.75379832897936, 70.11948442758028, 61.6952052893845, 53.43312199738792, 51.44376962274942, 69.59448462737963, 67.55702208211858, 70.22700255409148, 76.44448157715479, 80.25588841774575, 84.84418535711006, 93.25047283503567, 94.79585089481016, 93.49475869752808, 88.86680558776979, 83.35171676984017, 76.57343024819285, 71.7138674636041, 74.00794542459951, 78.94298983362366, 83.42910786981342, 89.90515327807684, 84.79759384190956, 81.05552620911315, 75.55197990233644, 42.11696489775978, 50.82330500702883, 64.43596112093516, 74.95945184559346, 85.2102575292444, 102.96248188656106, 112.89987425315213, 119.09164048734326, 136.34820612064493, 131.7850235411268, 127.10609746490837, 121.07816464431161, 119.01932081743986, 113.78667344832807, 110.04186942821154], [25.596092354788187, 20.262831448485798, 11.530254482543482, 0.0, 9.702249892401303, 17.30434410735241, 24.522158257391077, 65.30166574144401, 72.96926511540488, 82.25037683472583, 89.86171999468485, 95.5233361044412, 88.70636343123313, 81.79506775351233, 72.45271120812909, 42.7260108978582, 38.86541275591825, 34.67830424909248, 28.295373797438618, 23.978355755300047, 19.527407456753213, 22.61759811875746, 27.817680266642757, 33.812332801260034, 39.10928091890906, 74.23743818148235, 81.35164751382248, 87.81512690111823, 95.79144170019377, 101.13234683779099, 100.11071926352403, 94.37592544675073, 86.95476247933053, 78.8148624744953, 72.61962328363279, 44.96330515864249, 47.538728039219436, 52.85417906260949, 48.86066028645256, 57.70509394226576, 68.39407554338008, 74.87513380851865, 75.50885771647427, 74.24874621163588, 68.13616171759332, 60.8360706970862, 59.85976659757723, 66.42805986549979, 66.47852725963203, 70.98503146386874, 77.70202630925425, 82.0094524883787, 86.65985964962309, 94.1069615361268, 95.13358855852202, 93.2817133028984, 88.13278786736552, 81.76797318326958, 74.1777205114799, 69.66582505084445, 73.6198756339424, 79.47077942862039, 84.3898874609679, 90.73173185502888, 85.44750438840214, 81.07497296617626, 74.82015685821197, 36.993696190547986, 40.274297536176235, 53.365982726205736, 64.51886054480003, 75.64203632981742, 93.96649594015817, 105.19973284547727, 114.92464974421517, 132.44691917882497, 130.10196695282553, 126.40117789565755, 121.12172927399784, 120.02391569024553, 116.58979897487859, 114.58096259256902], [18.300065971817727, 13.86987527400286, 8.545516532956507, 9.702249892401303, 0.0, 8.056846599260343, 16.054685393791498, 57.81164985950965, 65.63595881998548, 74.99922452070841, 82.81724443948143, 88.87532431132347, 81.45352014082164, 74.32271744656184, 64.95177892018994, 36.11673144453332, 33.54282207841156, 31.235058962782894, 28.698175240198335, 29.255993946587253, 24.499276986231656, 22.498809323282465, 23.66538502504607, 27.71449587065393, 31.926693178305218, 66.91753125654085, 74.28056183247412, 81.05877507286064, 89.53633252133298, 95.06558739402708, 93.85750691315613, 87.74156280052628, 79.95779782036978, 71.5365670680173, 65.174434329966, 36.54380071799696, 38.066219048745786, 43.265825609392934, 40.443306269799066, 49.264900771749424, 59.38981728835759, 65.79068509939748, 66.70941085467976, 65.6707692132247, 58.674037296492926, 51.787918197780236, 51.673281205032964, 61.34112315833561, 59.8769190134065, 63.29270031866365, 69.78897731590034, 73.93447751643464, 78.71357969280004, 86.92718696094626, 87.96448120947377, 86.29587408652358, 81.38856269194616, 75.54337349971179, 68.51442110062771, 63.73796115538916, 66.6008167400634, 71.96355672484628, 76.73456482292085, 83.37688894405598, 77.9681591257671, 73.87100724881154, 68.02117859792777, 45.736846672403026, 48.83474870739378, 58.837014841798684, 68.15174163601613, 77.50723403271458, 95.03894602695526, 104.63338222195188, 110.83137733275305, 128.96242451546, 125.4581088184515, 121.42543432624143, 116.29866881226855, 115.22257801115282, 111.80374802639456, 110.05624250920248], [12.14693769172412, 10.67423505106221, 12.086222848355229, 17.30434410735241, 8.056846599260343, 0.0, 8.33377627425317, 50.15826793030423, 58.00438830611293, 67.3826207646513, 75.2964812103223, 81.60005216681685, 73.89748810548127, 66.6741171068151, 57.312595145535845, 30.533901781070647, 29.548556784171122, 29.273202414044505, 30.224484921138725, 33.89044150153799, 29.367513410739438, 24.39921665902127, 21.709869331811788, 23.097847873328657, 25.74334552090738, 59.46276104618508, 66.89565947829594, 73.76411562487557, 82.41915690202894, 87.9958282435421, 86.68858341551467, 80.40522194211393, 72.4870059436494, 63.96433915035888, 57.591743246961734, 28.850818301793975, 30.236441528503814, 36.282971983539184, 35.19394022476088, 43.99213893984822, 53.46667805466038, 59.26411729032554, 59.92350771238848, 58.4617904906327, 51.05507446059761, 43.752333717819916, 43.794250150357456, 59.48008283602135, 56.64011356463919, 58.72349005117053, 64.67670654093239, 68.28347945597737, 72.7669638570001, 81.23814203696942, 82.79515849358971, 81.67889593946259, 77.33725703776022, 72.30587351657307, 65.96118922343769, 60.966017485767054, 62.63112820497256, 67.1851100900258, 71.46167363797288, 77.84925867782505, 72.848829914207, 69.33941817016158, 64.22058322674563, 51.63482007758583, 55.136169162385166, 63.77076717979549, 71.98991457503233, 80.41443164262569, 97.02035260703532, 105.26125890705349, 108.62424778468176, 125.9814636856905, 120.96906578652622, 116.38183512214229, 110.96372588620174, 109.56012413594131, 105.71579084844956, 103.89267422485621], [9.731761816276077, 13.509481062785577, 18.861383266888065, 24.522158257391077, 16.054685393791498, 8.33377627425317, 0.0, 41.86802924863168, 49.80967072251782, 59.17416970123952, 67.01216765130098, 73.28528377627208, 65.568756733736, 58.3620288138267, 48.99674001094765, 27.480554042330226, 28.580320857466386, 30.37790308699339, 34.0132746205999, 39.23348898278732, 35.12880996954861, 28.95813261510134, 23.568080871396916, 21.866444117582542, 22.049261693511212, 52.194717973409794, 59.524147308261355, 66.2380262298901, 74.69722514147053, 80.02491476151557, 78.5854797543397, 72.47654889745674, 64.67617018433337, 56.20015765060658, 50.04742444780851, 22.380928879266225, 24.127143282705994, 31.632524152183016, 32.050219554222885, 40.673894300632945, 49.57215321830514, 54.23747402259079, 54.01333977219081, 51.551865194637344, 44.74433849750076, 36.412189113231136, 36.220267832576674, 58.736683552829106, 54.900569222180685, 55.669445639587195, 60.80407162280895, 63.56230408147972, 67.34301908852918, 75.48987105193677, 77.9522147423065, 77.65914199400653, 74.12888402359259, 70.10021966698783, 64.48373377732909, 59.36346618231343, 59.92463347858504, 63.46557806461282, 66.96162053881376, 72.55694499674968, 68.43868088257477, 65.74179430605248, 61.5856869160375, 56.56993424317877, 59.86102046663142, 67.37384557950178, 74.71558857208154, 82.61746858366304, 98.14490194609961, 105.17579169079094, 106.28080505898089, 121.83795205669884, 115.19496245786651, 109.97098045769475, 104.03552902869934, 102.18449637218899, 97.88497035726695, 96.12070062077782], [43.083732801438146, 50.444833005316546, 58.854667562435395, 65.30166574144401, 57.81164985950965, 50.15826793030423, 41.86802924863168, 0.0, 9.064981823339911, 17.81958416571694, 25.33233359790862, 32.56813739615569, 24.14540503906234, 16.90852654179012, 7.916800011794286, 41.604041529645, 48.886805990325996, 55.84948896840839, 65.52584347134523, 74.21613058909605, 71.55166212112843, 63.35265541603763, 53.884659668490706, 45.96559857545447, 38.904438917965585, 22.93161273718554, 27.038584070495556, 31.26048978505954, 37.636733807007154, 41.09739883053591, 38.65070536595752, 33.5146453388641, 27.02524708801333, 20.137451378534696, 18.501660349450397, 28.242074864721978, 30.43700934303505, 38.196546867153266, 46.45144754292121, 49.3968313299773, 50.700710971491716, 47.04099911678561, 41.50433441333755, 32.097829026424904, 31.50254365120539, 19.451070501808427, 15.238774787461784, 73.87628492362006, 66.28031535339277, 60.290980126465115, 59.619063827902046, 56.701578233714706, 55.2443619242698, 60.193329581492776, 68.00810264461244, 72.64241787920558, 74.20989839448153, 76.09859296068475, 75.14219612186547, 70.54300978353376, 65.47383355118636, 62.742847401048955, 60.94886366544377, 60.7278514454705, 62.750970295185226, 65.33320469089246, 67.18930640805975, 89.75505385820834, 93.5358144466357, 97.69369727433438, 101.61174522073843, 106.89399718548677, 117.00883465021498, 118.20991229617931, 107.79839174829391, 112.8639940936502, 96.42435705258926, 87.09308350231784, 77.70515029318965, 72.143614903062, 63.19381258691482, 60.45627716255123], [49.93202312372381, 57.24189074830926, 65.97729873086313, 72.96926511540488, 65.63595881998548, 58.00438830611293, 49.80967072251782, 9.064981823339911, 0.0, 9.388774933830769, 17.950953159938802, 26.908961378967486, 18.846268015507736, 12.555101882669609, 8.512890210952387, 45.63742380661596, 53.104319290287805, 60.37413486301362, 70.6897336662124, 80.03533625703523, 77.70903410917064, 69.15496742479887, 59.397627310471705, 51.154919380878404, 43.90103849793538, 17.99808962175467, 19.877990485885313, 22.88396472444657, 28.900550719835636, 32.7478962174491, 30.53405646843126, 24.568081863201492, 18.156456158046318, 12.363255889719586, 13.741149094066552, 34.05129277590955, 37.59023442793439, 45.389448507292386, 54.901198686941854, 57.298249162727686, 57.28391376635055, 52.70908522577578, 47.05845711614663, 37.33361303922156, 36.47443569098771, 25.079594766014086, 18.793207918316078, 82.29500242007977, 74.34739570518468, 67.65930977310055, 66.29695742490182, 62.68564625333019, 60.50893717571746, 64.84308197973246, 73.34598503102825, 78.64835534333828, 80.91389312741329, 83.52429799561155, 83.12532971251831, 78.6374368911833, 72.98244748964936, 69.52487797759927, 67.05141976653752, 65.99358125955003, 68.89010182626481, 72.161231978256, 74.71174286729817, 95.71336837989811, 101.01674478224415, 106.02724889234344, 110.13502676438787, 115.5576534175649, 125.28206944258062, 126.03754350303663, 114.38152421281502, 117.47274959304477, 99.10469859400258, 88.81639401089389, 78.35182668894572, 71.31910447357662, 59.69500897557574, 54.53698362060115], [59.25092676794687, 66.54190002819308, 75.29990161988428, 82.25037683472583, 74.99922452070841, 67.3826207646513, 59.17416970123952, 17.81958416571694, 9.388774933830769, 0.0, 9.19779836163981, 19.548995814711738, 12.338990652811153, 9.461608735082265, 13.376177045725584, 54.060565521375906, 61.564811467544004, 68.92640771978277, 79.42461340439584, 88.87103403464906, 86.69902621191537, 78.14449574037351, 68.34796918723177, 60.02778439802321, 52.73188876154459, 21.2928985787903, 19.60537751993126, 19.37317973701514, 22.642699843957327, 25.011709954068, 22.282722495170333, 17.14394271317648, 13.244586137171856, 12.589133737030082, 18.109890010797553, 43.07809890161367, 46.17553755175687, 53.066823382113405, 62.6306216257418, 64.20054508634746, 63.0624214916143, 57.313297060177696, 51.10124115830138, 41.04656646244803, 41.9501734917574, 32.536314251869925, 27.23311342368571, 88.83673029673152, 80.67311166356802, 73.29029466952365, 70.98722328240265, 66.4782745296585, 63.256865987198694, 66.40040116723868, 75.71488819421465, 81.84838711842794, 85.04519539755523, 88.62207821279168, 88.98814717855268, 84.74396005727833, 78.46933032477268, 74.0932855585777, 70.70837329409272, 68.37106900723347, 72.49326130531352, 76.63152658500206, 80.11899748912543, 104.10151576955124, 109.3732175721462, 113.93838328629074, 117.56929967297407, 122.59898746714914, 131.36975938689602, 131.1615146161296, 117.66159595790711, 118.29987285200797, 97.9238384491163, 86.7652504693346, 75.51869945324168, 67.36942795552385, 54.052186641739794, 48.15260729684809], [67.59444474516819, 74.91271753176555, 83.44079082880758, 89.86171999468485, 82.81724443948143, 75.2964812103223, 67.01216765130098, 25.33233359790862, 17.950953159938802, 9.19779836163981, 0.0, 11.02162882612171, 7.409958824706721, 11.331223401726973, 19.183567663022952, 63.11633718252878, 70.52560964921844, 77.73348636099996, 87.91971242411597, 96.88112314723604, 94.76675182652903, 86.61763088793107, 77.05808885094878, 68.89130483375938, 61.6959607399928, 29.681206511101426, 26.404159163521452, 23.52388853934251, 22.105378433927363, 20.313311894033827, 16.18532889539196, 15.977983992139713, 17.42936844799974, 20.57253267774527, 26.954047839057438, 51.95602585657495, 54.31277797126036, 60.31449798626799, 68.79922098368188, 69.78070507824444, 68.32686732180024, 61.67004626383292, 54.608785532735936, 44.23392507974353, 48.10536087390956, 40.339240752167676, 36.24237338025702, 92.94895587047321, 85.02223013462884, 77.40154836544882, 74.30391146143081, 69.0127656117642, 64.66066173892972, 65.992255906865, 76.17622310971706, 83.10732304485933, 87.18419210120317, 91.58593053561518, 92.5458761962015, 88.60661551363329, 82.09773551365856, 77.01854837876441, 72.79008148177267, 68.92054689274417, 74.40176905956798, 79.28072026032237, 83.56402006687847, 110.97869842721722, 115.14750095217315, 118.64574657035148, 121.56766244918613, 126.16007298481712, 133.7491866172142, 132.58672288191045, 117.8363392602802, 115.49770199282953, 93.4238998341783, 81.53778365132706, 69.53341146187586, 60.47080619505451, 46.22283671847251, 41.35275945940966], [74.77886429167047, 82.08868050098526, 90.10579801035503, 95.5233361044412, 88.87532431132347, 81.60005216681685, 73.28528377627208, 32.56813739615569, 26.908961378967486, 19.548995814711738, 11.02162882612171, 0.0, 10.656833360785647, 17.68295755560053, 25.67715724770842, 72.22790922391513, 79.4109685470186, 86.24033675447362, 95.66066994412958, 103.58596365421998, 101.46614008638271, 94.12351907903087, 85.08895467424887, 77.30938442630303, 70.37311259180835, 40.38907186253956, 37.03020624778105, 33.26191324967935, 28.68253557496108, 22.37576930564849, 17.185296584579184, 23.415820999432285, 27.636589066146165, 31.329109107543324, 37.5091252059435, 60.47234763786749, 61.93671171966755, 67.06793450934293, 73.4551683521113, 74.08028199251105, 73.09626462489744, 65.87076693036438, 57.764832062335046, 47.151853515097216, 54.79855805065482, 48.32492721640218, 45.46898575465819, 94.53979991780287, 87.37180821965588, 80.03463974649858, 76.33449299155448, 70.43215461244122, 64.90694804133237, 63.72019431528037, 74.82142754957356, 82.48129332322615, 87.34900420446336, 92.3837116468092, 93.73151227013149, 90.17582099187977, 83.8827711424393, 78.37062801842288, 73.41050566091452, 67.75994638259444, 74.7147237931531, 80.16057215125971, 85.0516590481062, 115.83879885474212, 117.89354088233439, 119.72954664716245, 121.71397421571994, 125.84528841885768, 131.9903683264746, 129.91755417766242, 114.69984289212076, 108.6960273734241, 85.24597511679877, 72.73836530164377, 59.824927146416535, 49.94241666210446, 35.656276271300975, 34.84128523948602], [67.18566846290686, 74.54575870152719, 82.82339324648267, 88.70636343123313, 81.45352014082164, 73.89748810548127, 65.568756733736, 24.14540503906234, 18.846268015507736, 12.338990652811153, 7.409958824706721, 10.656833360785647, 0.0, 7.62355737830273, 16.683725402195186, 64.34495097412137, 71.84569667314732, 79.03949276618147, 88.96986073088163, 97.5247465454782, 95.1069750984153, 87.15413607256937, 77.67812190825637, 69.59194738954429, 62.34885972188071, 33.41457218854473, 31.525062216440826, 29.950811689968216, 29.50610773575258, 27.124210428320694, 22.532958036285315, 23.33050504608458, 23.628803606058984, 24.78203286749378, 30.02973234530994, 51.74439823617078, 52.24952283821592, 57.00845334310827, 64.40440512363188, 64.83298211193647, 63.3005607766131, 56.23687502128552, 48.64520043143201, 38.15211480577188, 44.305340688152825, 38.139249165796265, 36.410934921669806, 87.120047842684, 79.21573208846505, 71.45991419347521, 68.00150869730138, 62.43092710126231, 57.711663260058, 58.64141713618698, 68.94094082895755, 76.02978616264363, 80.34981852880738, 85.06002707651628, 86.33936070328531, 82.5695346706295, 75.89024117314739, 70.51263219265894, 65.99352227392126, 61.71255543632217, 67.53476902038183, 72.65151876603568, 77.26990388881558, 111.42806576506158, 113.70391271457277, 115.48914126347465, 117.5076816880486, 121.23960332012555, 128.2280391368917, 126.39753721585478, 110.68471832503648, 108.76654835940786, 87.0134996573004, 75.46714392006942, 64.33219233754984, 56.49699679277019, 45.362817441776016, 44.78596600186396], [59.97646394876062, 67.33620479213188, 75.69452281091405, 81.79506775351233, 74.32271744656184, 66.6741171068151, 58.3620288138267, 16.90852654179012, 12.555101882669609, 9.461608735082265, 11.331223401726973, 17.68295755560053, 7.62355737830273, 0.0, 9.371132810973336, 57.31012343755027, 64.86854103627188, 72.12484347490917, 82.14282072388424, 90.88511792197843, 88.33130595015139, 80.17042164324978, 70.58016087435041, 62.44344848384934, 55.14350484785258, 28.545901902853252, 28.326072289039036, 28.7526263086361, 31.170641806683133, 31.22180884006494, 27.32492672285788, 25.245520136492253, 22.52978498492278, 20.857220663159985, 24.66216484048852, 44.28824240713831, 44.65645063127926, 49.76781791507428, 57.66883173474533, 58.4876433567372, 57.31303527164409, 50.90280763102859, 43.78223186272519, 33.31160750265862, 37.79241042481815, 30.67497310627491, 29.120330052697444, 81.85137880342779, 73.7595013657257, 66.18844636871944, 63.34988208230265, 58.39589426318562, 54.59332477045864, 57.07825540988081, 66.64449195388526, 73.05912323775348, 76.6423225926468, 80.68171436806712, 81.48586321200324, 77.47156282959531, 70.97157355398741, 66.14940132981687, 62.311838781272215, 59.30527895447132, 63.99163866584286, 68.5008891538279, 72.48971429176824, 105.54559910201947, 108.12635505947144, 110.32222065499384, 112.71017390745683, 116.62987546695445, 124.49316865243284, 123.35616002737082, 108.62014337280966, 109.36840860060698, 89.26599854637627, 78.48118124982446, 68.19319416006583, 61.39723505382153, 51.474390765094064, 50.42926602679133], [50.77047722590406, 58.12562538667738, 66.3922909033782, 72.45271120812909, 64.95177892018994, 57.312595145535845, 48.99674001094765, 7.916800011794286, 8.512890210952387, 13.376177045725584, 19.183567663022952, 25.67715724770842, 16.683725402195186, 9.371132810973336, 0.0, 49.27310188852114, 56.67573271352491, 63.73124534637265, 73.4324072577748, 81.95829551564177, 79.278999715287, 71.22162266156647, 61.77692591294738, 53.82381422263553, 46.67647145896957, 25.873529195915, 28.096344995624857, 30.708008675379812, 35.369648762886534, 37.17077044605296, 33.963192708215786, 30.314137256276467, 25.33002506946791, 20.435404877076667, 21.43833967182489, 35.71159329339632, 36.31505322645105, 42.361506846783506, 50.05424684780432, 51.8540800925469, 52.056032057436234, 46.95176563401978, 40.36943619384801, 30.10203807562689, 32.808567961101815, 23.531014125751273, 21.689525607351094, 75.63791096404614, 67.81780681003633, 61.04905691255177, 59.284930976723324, 55.34040918427519, 52.71174097160497, 56.49108290427419, 65.1853613635508, 70.68229262286123, 73.22023952468723, 76.16317245649137, 76.07056127917187, 71.75990787138562, 65.98479556574897, 62.20923270897645, 59.40059390952121, 57.81070245876922, 61.137013671058114, 64.6643690326648, 67.58884194971267, 96.88676717929427, 99.52166645821544, 102.27035434901639, 105.23196953835956, 109.689909286468, 118.61414191366106, 118.59621529932161, 106.06108155446151, 109.25193239844276, 91.29423602948445, 81.41452497326598, 71.80228351276592, 65.9880206418725, 57.25546813632621, 56.00746640083877], [19.282008075100816, 22.591858179908844, 31.64428607766693, 42.7260108978582, 36.11673144453332, 30.533901781070647, 27.480554042330226, 41.604041529645, 45.63742380661596, 54.060565521375906, 63.11633718252878, 72.22790922391513, 64.34495097412137, 57.31012343755027, 49.27310188852114, 0.0, 8.159374071639075, 16.60919358109701, 29.33895318337826, 42.46486559686276, 40.25222874374647, 28.76356457715775, 17.73323163495704, 9.158823231337532, 5.6671036998481865, 38.075306415431456, 45.390867228657285, 52.959739429467646, 63.427972573513564, 71.86092454970908, 71.94191435106787, 62.76204956711331, 53.83344378517544, 45.61607254369039, 38.326133214434726, 16.38571589518032, 28.795311548914295, 40.28644319131623, 50.91257074942717, 57.439531240263875, 61.125648649326386, 64.04224447495797, 64.58447336832002, 60.849390785337796, 47.8879362592516, 36.10944388081771, 29.054099201355406, 82.34535886130635, 75.83738614962756, 73.31762962215124, 76.95270763809172, 78.32789367809471, 81.48919562624579, 90.87255482013039, 94.58981426603165, 95.52547565506514, 93.19978705106735, 90.81351002899537, 86.75333730744924, 81.50482919814222, 79.37120028363897, 80.91352663299384, 83.19252195702497, 88.44265627052384, 85.20761278811955, 84.01390775761878, 81.51567248633692, 65.37208251373256, 79.48058574687013, 92.59097290523418, 101.47901758072086, 110.03032963970875, 125.58550859341108, 132.02628944685745, 129.48325850294304, 143.3609366032066, 132.4511942521279, 125.02802474173441, 116.79030530338787, 111.92128571651608, 101.75368612525106, 93.43859310744658], [19.185027770912427, 19.84239009067774, 27.541063700619787, 38.86541275591825, 33.54282207841156, 29.548556784171122, 28.580320857466386, 48.886805990325996, 53.104319290287805, 61.564811467544004, 70.52560964921844, 79.4109685470186, 71.84569667314732, 64.86854103627188, 56.67573271352491, 8.159374071639075, 0.0, 8.580934676894472, 21.696745726467118, 35.47055137772569, 33.575283631101996, 21.857017495078054, 11.55876663619545, 6.723191758039928, 11.014253306294213, 45.52448434758997, 52.572842510611636, 59.892765889580765, 70.04836794593221, 78.5070340487842, 78.79318214260059, 69.7745743742083, 61.084290355517346, 53.10330284264768, 45.94296484050394, 23.467390854035326, 34.88254903122352, 45.7165166660478, 54.83138957558229, 61.91378238032283, 66.50914620030079, 70.24387809514224, 71.11965934872103, 67.78057391635758, 55.01178780067379, 43.718014106898636, 36.99428992940793, 85.09861960920782, 79.40692438128794, 77.90985239136658, 82.17721350911957, 84.11865002105243, 87.6706264808322, 97.04919500374626, 100.37081547247263, 100.83274763646385, 97.96227352966913, 94.84049245026453, 90.14466684935203, 84.91968802924276, 83.67378919540592, 85.97309116912724, 88.77796847591644, 94.415236038947, 90.7116994252951, 88.955663705702, 85.75149411173057, 59.24518727734689, 75.39775276372384, 90.41167804031768, 100.33745438719527, 109.7583483804225, 126.13923483889745, 133.71930466999902, 133.39403349414332, 147.9572954539047, 138.0978660246805, 131.0059626030724, 122.80942694744611, 118.03901374141329, 107.88229609334904, 99.17733492118998], [20.863401697335963, 18.662099929868987, 23.789233871799425, 34.67830424909248, 31.235058962782894, 29.273202414044505, 30.37790308699339, 55.84948896840839, 60.37413486301362, 68.92640771978277, 77.73348636099996, 86.24033675447362, 79.03949276618147, 72.12484347490917, 63.73124534637265, 16.60919358109701, 8.580934676894472, 0.0, 13.330550175849947, 27.571426732090053, 26.10024068095909, 14.597725212438066, 7.660045486836423, 11.164495367851877, 18.280185036604447, 53.3649726629143, 60.195747665113075, 67.2184235637032, 76.9092013159721, 85.16879509696034, 85.56765089008525, 76.91821600549588, 68.53845619569799, 60.749853538129116, 53.76006990924542, 30.772621448477267, 41.35701799233471, 51.589721497324774, 58.82627671088104, 66.4474273425455, 72.1098214282498, 76.52621759637579, 77.51127060252075, 74.42392293986576, 62.29770566938294, 51.30533804950193, 44.86346172042524, 87.42921210416266, 82.74857308954493, 82.37433310334195, 87.22411547814944, 89.66876340352826, 93.49727417424216, 102.65525476783995, 105.65903941134755, 105.69655712911474, 102.32726083648197, 98.48562763032184, 93.13035078637823, 87.96924442540515, 87.71541336784982, 90.76046871335684, 94.03161378769929, 99.8951387369222, 95.8482862184225, 93.56145535116664, 89.68099499025728, 51.95527461546583, 70.03200046467728, 86.97457037087088, 97.96035483500711, 108.34260110313053, 125.46968684240332, 134.24874319203724, 136.44148804692284, 151.4098052363504, 142.7102667091555, 136.0018556488652, 127.86448424295797, 123.26125461481686, 113.3207278777202, 104.53726490229715], [26.061689221236414, 20.832117621685345, 20.155343649885953, 28.295373797438618, 28.698175240198335, 30.224484921138725, 34.0132746205999, 65.52584347134523, 70.6897336662124, 79.42461340439584, 87.91971242411597, 95.66066994412958, 88.96986073088163, 82.14282072388424, 73.4324072577748, 29.33895318337826, 21.696745726467118, 13.330550175849947, 0.0, 14.636467102679767, 13.972882648214894, 6.30804844075638, 13.461443461871166, 21.93536710808189, 29.708235074422984, 65.26671626988464, 71.91423049179078, 78.5323766522046, 87.45406519142509, 95.10568697059276, 95.4757526945575, 87.62257325054593, 79.72414020236711, 72.10280397941102, 65.38230829767564, 41.46056151817032, 50.666335652000924, 59.92034787394856, 63.99576753689374, 72.27996809378612, 79.61846511088896, 84.88329352621436, 85.82786921779328, 83.07042648316323, 72.38467950254326, 61.8809342950654, 56.11360983703613, 89.30578530739231, 86.36329257936414, 87.75446366950938, 93.38260489989223, 96.50973921941453, 100.63837059004135, 109.23389753644209, 111.76839323136585, 111.19443776398094, 107.13496328180453, 102.25915414857249, 95.94169513329055, 90.96057731394002, 92.28551136140133, 96.40875980481786, 100.30534300382992, 106.34417539051275, 101.898121800056, 98.85341117190482, 94.02180568428332, 39.76587365457917, 60.02576470171671, 79.58005352254828, 92.03382589090803, 103.8188276331219, 121.87375852151861, 132.42765464257465, 138.63433401453563, 154.00698199006382, 147.3095476073295, 141.33647672877143, 133.48375488916506, 129.37836142306048, 120.31223274937808, 112.14099017046479], [33.879600651759944, 27.85952725184693, 22.222945304641346, 23.978355755300047, 29.255993946587253, 33.89044150153799, 39.23348898278732, 74.21613058909605, 80.03533625703523, 88.87103403464906, 96.88112314723604, 103.58596365421998, 97.5247465454782, 90.88511792197843, 81.95829551564177, 42.46486559686276, 35.47055137772569, 27.571426732090053, 14.636467102679767, 0.0, 4.910587658147446, 14.83091494656193, 25.557168072032642, 34.24286560103459, 41.728271492743175, 76.79899059110275, 83.26359673614043, 89.41095046324473, 97.38353732284772, 104.09920749639669, 104.29319753561902, 97.53579295695195, 90.24085615680319, 82.80714359860052, 76.47351345834258, 52.20216074269386, 60.050931972100635, 68.34797246232333, 68.98662316276291, 77.73957403972422, 86.77509103049583, 92.55318536069946, 93.11125521114215, 90.49545639556239, 81.93042854847816, 71.86677849362107, 66.81714545444142, 90.04608619159083, 89.1232790843065, 92.30592230434554, 98.50664179710695, 102.12791411288816, 106.30157908528389, 113.9034045212531, 116.10739769287086, 115.05632135918269, 110.4763366201329, 104.71641078997921, 97.5179141998827, 92.82909192355504, 95.80037783156958, 100.8606770187269, 105.19566376016967, 111.05560277610518, 106.4994328055998, 102.83357775062534, 97.22193467651329, 25.75640689381083, 47.404778182205646, 69.58295994819285, 83.484201405713, 96.81278685078931, 115.48243081870406, 127.79931103039716, 138.38579771577483, 153.47676846881703, 148.94551334346806, 143.82201541659882, 136.35323718789255, 132.90764494185638, 125.16578108412216, 118.2422181645823], [30.274128008421922, 23.901134804371605, 17.551337578405725, 19.527407456753213, 24.499276986231656, 29.367513410739438, 35.12880996954861, 71.55166212112843, 77.70903410917064, 86.69902621191537, 94.76675182652903, 101.46614008638271, 95.1069750984153, 88.33130595015139, 79.278999715287, 40.25222874374647, 33.575283631101996, 26.10024068095909, 13.972882648214894, 4.910587658147446, 0.0, 12.102611965028782, 22.883104319446577, 31.61976457146551, 39.0398682236546, 74.98839785556032, 81.68599304618789, 88.03415108977818, 96.22492526032543, 102.85379643008817, 102.83042559937525, 96.0614846786303, 88.58583440171189, 80.90985421773578, 74.47014192841048, 49.085181074501364, 56.16196581311815, 64.04397852449588, 64.33822116069415, 73.07701305398015, 82.2059965430243, 88.1609278672543, 88.88569927927131, 86.58246589844306, 78.0224808794874, 68.43243519360601, 64.08988661621282, 85.35144692300676, 84.34970167888238, 87.5896778728485, 93.88005145180503, 97.63762750189527, 101.97653155554134, 109.77648288104785, 111.7252375824409, 110.5164344697172, 105.82729194243142, 99.99656377758788, 92.80128453624052, 88.1075434322895, 91.08164905382637, 96.23361975650229, 100.68960334629088, 106.76695353666774, 101.99163844085224, 98.21236463959629, 92.51278317743926, 28.371890499311117, 46.77085531626629, 67.35700329257511, 80.70110992427426, 93.46147273345684, 112.09574495959897, 124.07894785454208, 134.05552078851343, 149.8765633327258, 145.5905085327756, 140.66548466474057, 133.6039138111899, 130.55504053804077, 123.4920589524977, 117.3555198292635], [21.895929481647247, 15.735220146759241, 13.957567722819366, 22.61759811875746, 22.498809323282465, 24.39921665902127, 28.95813261510134, 63.35265541603763, 69.15496742479887, 78.14449574037351, 86.61763088793107, 94.12351907903087, 87.15413607256937, 80.17042164324978, 71.22162266156647, 28.76356457715775, 21.857017495078054, 14.597725212438066, 6.30804844075638, 14.83091494656193, 12.102611965028782, 0.0, 11.200047446728291, 20.262451240824046, 28.011554260966474, 65.00206866159192, 71.95032006047613, 78.7425492388059, 87.73983370732945, 95.03740933236166, 95.05873408527444, 87.45101009595396, 79.4394432451991, 71.50878776909666, 64.72109827466026, 38.92954209872272, 46.82386682906913, 55.42690895585153, 58.485688768034755, 66.87076061514118, 74.66678734774945, 80.25577118700399, 81.32568194215959, 78.98459429820532, 68.70814948650109, 58.883896487896045, 54.26566682826888, 83.16719692313036, 80.43116567619694, 82.17536677562286, 88.01453600555821, 91.39478387277478, 95.73660931944295, 104.40140707300876, 106.56922633173544, 105.72560558308683, 101.45016346230646, 96.35061783397322, 89.89897929421407, 84.95195513393597, 86.53664584123821, 90.92540220993047, 95.04474337855494, 101.31820185273561, 96.58576032799658, 93.29804027185808, 88.23396859095038, 39.81776819540676, 56.924735997072965, 74.91097728676249, 86.84394238322673, 98.14409814658478, 116.17390948429326, 126.56571744047986, 132.72624324292747, 148.89935894172785, 142.89322097235714, 137.32965421018807, 130.07159217728076, 126.61254615672655, 118.72109114728326, 111.89577351344701], [14.568005838044344, 11.127184449171091, 16.58608734384122, 27.817680266642757, 23.66538502504607, 21.709869331811788, 23.568080871396916, 53.884659668490706, 59.397627310471705, 68.34796918723177, 77.05808885094878, 85.08895467424887, 77.67812190825637, 70.58016087435041, 61.77692591294738, 17.73323163495704, 11.55876663619545, 7.660045486836423, 13.461443461871166, 25.557168072032642, 22.883104319446577, 11.200047446728291, 0.0, 9.119572152404135, 16.95850218506145, 54.53349908122025, 61.697361452045016, 68.80538765452171, 78.34239594322577, 85.96692889027062, 85.91826395831461, 77.80888582943851, 69.43323900197234, 61.29333723569507, 54.29985811955435, 28.385101485667374, 37.34361808234829, 46.939097001316725, 52.543302913207754, 60.48807996814089, 67.05706236726103, 71.92603448576776, 72.9201514601379, 70.24232828077592, 58.97342819909061, 48.66924720848041, 43.71520360830097, 80.25317598035684, 76.02438468202634, 76.26735467308015, 81.44870675783208, 84.23380396397495, 88.28980582001144, 97.36398952275675, 99.97959246057917, 99.68843232683649, 96.02341049805254, 91.82581959205534, 86.18655591405972, 81.06223928232612, 81.30157713781385, 84.76723585940664, 88.33959701353213, 94.41249220740023, 90.06210045444077, 87.42941586661259, 83.18843085874317, 49.601232704109954, 64.72515701926076, 80.22799192623994, 90.78060850567196, 100.83797183156551, 117.96495885230873, 126.76208645010055, 129.46696777410136, 145.14788134876906, 137.4538339026058, 131.2886929141966, 123.81315538870092, 120.00377245339357, 111.56674464510341, 104.52112783123697], [12.549330158564201, 13.94566511944389, 22.611130970304977, 33.812332801260034, 27.71449587065393, 23.097847873328657, 21.866444117582542, 45.96559857545447, 51.154919380878404, 60.02778439802321, 68.89130483375938, 77.30938442630303, 69.59194738954429, 62.44344848384934, 53.82381422263553, 9.158823231337532, 6.723191758039928, 11.164495367851877, 21.93536710808189, 34.24286560103459, 31.61976457146551, 20.262451240824046, 9.119572152404135, 0.0, 7.902800251053613, 45.8157818884979, 53.14908203812237, 60.48210636195854, 70.39305462445482, 78.19984380321215, 78.07095490648126, 69.62311560888878, 60.99246324760946, 52.697742113079734, 45.5710462965441, 19.923669752034264, 30.35722421931928, 41.03117498118446, 48.880717573204784, 56.28839645645328, 61.70965048008002, 65.70868549408155, 66.42583576170497, 63.265539217172034, 51.40216420541821, 40.433837532362475, 34.94045912901966, 78.69716093378109, 73.3169786108142, 72.2352753403139, 76.708595986339, 78.84282834209687, 82.49001278458368, 91.70731369226772, 94.83584232278461, 95.1246424204942, 92.09517725034223, 88.77147712766161, 83.88625236156464, 78.66968151172439, 77.75586480770265, 80.31630314678559, 83.28901471769068, 88.981483100753, 85.14536872156006, 83.1821386684646, 79.76766086640009, 57.35654617346879, 71.00852259715833, 84.67045403265566, 94.13689307007353, 103.26634715810414, 119.51263388997496, 126.9986075858468, 126.96413346412504, 141.82576858156628, 132.65655209363322, 125.9576010086195, 118.23934894082538, 114.09122542733834, 105.18314053338233, 98.00957882465146], [14.497863344007833, 18.92903046714567, 28.425429821992527, 39.10928091890906, 31.926693178305218, 25.74334552090738, 22.049261693511212, 38.904438917965585, 43.90103849793538, 52.73188876154459, 61.6959607399928, 70.37311259180835, 62.34885972188071, 55.14350484785258, 46.67647145896957, 5.6671036998481865, 11.014253306294213, 18.280185036604447, 29.708235074422984, 41.728271492743175, 39.0398682236546, 28.011554260966474, 16.95850218506145, 7.902800251053613, 0.0, 38.589800182070455, 46.128094521980366, 53.657824832509895, 63.842541218728854, 71.65109954769214, 71.35355616139945, 62.72650615112875, 53.88635874889749, 45.39718268107136, 38.17338958312785, 12.559246615382866, 24.546008637263125, 36.136556654172836, 45.781908252704206, 52.58565611675552, 56.985869576983085, 60.09248855545217, 60.44656161422533, 56.81247201863381, 44.6734042599927, 33.05915041818125, 27.17272260196092, 76.95655577617606, 70.67261716879679, 68.45425808752788, 72.23928954055265, 73.75088410405276, 76.97202933489243, 86.21128263872022, 89.79934186273007, 90.61555304868132, 88.17940373067471, 85.65427672522588, 81.45689004082394, 76.20866880376747, 74.31488728817624, 76.04459210753863, 78.4419974213747, 83.71495416573426, 80.39472581654546, 79.05034166404324, 76.40628430780329, 63.95917033059279, 76.01869498086346, 87.93346496496314, 96.38620829757242, 104.66153110044351, 120.05229671692477, 126.37319915242458, 124.01690889305912, 138.09283787936835, 127.73189380130589, 120.6289715465897, 112.7866044150092, 108.44816722273082, 99.36626805567201, 92.40818976997141], [49.11881222661005, 55.732568082115996, 65.19115156023159, 74.23743818148235, 66.91753125654085, 59.46276104618508, 52.194717973409794, 22.93161273718554, 17.99808962175467, 21.2928985787903, 29.681206511101426, 40.38907186253956, 33.41457218854473, 28.545901902853252, 25.873529195915, 38.075306415431456, 45.52448434758997, 53.3649726629143, 65.26671626988464, 76.79899059110275, 74.98839785556032, 65.00206866159192, 54.53349908122025, 45.8157818884979, 38.589800182070455, 0.0, 7.939462525802739, 16.07084192859671, 27.62440832528699, 36.62742132342508, 36.78571344528726, 26.084420095858853, 16.509516720516473, 9.165074507211001, 4.511547448089734, 31.857320251052208, 39.52303877308921, 49.17902771343091, 62.33255028904891, 65.30035677018003, 64.25774979041859, 61.00821243130006, 57.77144961075675, 49.86200443539715, 41.981348298609475, 29.404025698434424, 18.299798954348677, 93.04384002764445, 84.4064