{
	"dissimilarities": [[0.0, 7.3760720028587645, 16.363330236670095, 25.312174236105474, 18.230370391918342, 12.07521407360275, 8.725762551852416, 43.07908418687739, 49.92100473872682, 59.26012202550445, 67.6099450335254, 74.74498843862702, 67.18144296991206, 59.96921691372417, 50.57851232612538, 19.30156888271241, 20.167788003919267, 20.896732173180784, 26.047880552533268, 33.92436158624941, 30.451090888115562, 22.425774179240122, 15.54039661520329, 12.494452754162344, 14.548586016711624, 49.139525660098606, 56.505885399002906, 63.45210735879463, 72.70627307790824, 78.72073455065494, 78.00082644980117, 70.90576737803788, 62.80402737288696, 54.35656493439858, 47.76852142250883, 19.837481794645463, 25.754881773716008, 37.218027853639185, 40.528980246874674, 47.784050514191584, 55.87250058848727, 59.88151076929534, 60.17152824216911, 57.34462907547329, 48.62903410219144, 38.382080261242855, 35.24416389806044, 67.05764145817012, 61.68772103984608, 62.06064564714203, 66.03572744253742, 68.99977337760691, 74.86294890005786, 83.28622741550768, 87.55217551678163, 85.87201458726196, 83.92228982446102, 80.16515816431027, 74.65578841535734, 67.29517110961663, 65.13058238622999, 69.0082855385739, 73.27213140014517, 80.80033047470444, 78.6633390369177, 75.04417487518495, 72.179214436848, 53.508507719266646, 61.03287530374791, 70.79497254221413, 80.13326356634778, 90.712436233188, 105.9290717612581, 113.22040104189935, 114.61462781948835, 128.96010850002153, 122.47663599583525, 116.598425687267, 108.7477064925065, 106.34071975694427, 100.16560027485568, 95.91238734328579], [7.3760720028587645, 0.0, 9.551029686409157, 19.780222835878593, 13.701227800300455, 10.575637182891867, 12.685732667260291, 50.45357746544952, 57.249424932514685, 66.55182159263795, 74.93166974507668, 82.04378827172707, 74.54808899825005, 67.34399910527213, 57.94887096150334, 22.73518541586369, 20.858893109723077, 18.778853060767318, 20.792279601047504, 27.796077224373047, 23.98485927937635, 16.399097261327164, 12.388054924861164, 14.017297324968673, 19.09154517898779, 55.80989334474227, 63.17296472455615, 70.16680773585064, 79.4484372301382, 85.67889682983235, 85.07031901220024, 77.90731789942947, 69.78048013891076, 61.3712451142759, 54.67699489258513, 26.46425541025881, 31.6280596013321, 41.717474854422534, 43.87016444457262, 51.3854430014164, 59.963452864323486, 64.85993356020685, 65.75837817818172, 63.62558423155016, 54.537756951692636, 45.120371559630854, 42.28292843578606, 68.72869150550063, 64.0609027841885, 65.45901508920298, 70.11857024202656, 73.81245586398708, 80.0923427519021, 88.73172474209636, 92.37315283378223, 90.00262103314353, 87.47380945345621, 82.95391393723133, 76.76833250771018, 69.40298974967874, 68.41947597848318, 72.9697665834783, 77.88558261687932, 86.05565220239532, 83.12917049903415, 78.86420259127762, 75.23703093350507, 48.39764517553115, 56.98564419119077, 68.2385268924756, 78.62489089241134, 89.710204112572, 105.79963655313625, 114.1534855741229, 117.51833207664636, 133.14396858440992, 127.87513042818392, 122.46422014903598, 114.98216240880663, 112.85473994839948, 106.94673700914784, 102.55806495422205], [16.363330236670095, 9.551029686409157, 0.0, 11.110981924842374, 8.517118133579045, 12.17641026687176, 18.415433354407757, 58.859827703577665, 65.96507436889043, 75.33847231528901, 83.42288222032494, 90.08095542775754, 82.8121708990792, 75.69696101158954, 66.2430462444112, 31.682544297605993, 28.321298619549523, 23.86612101937466, 20.16277730672759, 22.250604544428473, 18.06738700328559, 15.10127826662316, 17.693804461953455, 22.58222644380551, 28.48424716028368, 65.22311159071928, 72.50781080289924, 79.35468811004256, 88.29427562904544, 94.23674120219322, 93.60314352936287, 86.8284303684705, 78.91212604470115, 70.58336508311575, 64.01896085390847, 35.77622656347086, 39.53517061826116, 47.924197690247276, 47.33740321103575, 55.171590757795364, 64.7407967643668, 70.45767940459073, 71.64949679187286, 70.21313777039077, 62.01354426585816, 53.60159286403248, 51.569252406732645, 68.5803954976032, 65.39907587740116, 68.48749606797463, 73.94863079372575, 78.44762489743654, 84.87358920965204, 93.23736911628731, 96.10764747655377, 93.06780201720706, 89.8337648850589, 84.33976877896444, 77.12101851598631, 69.80394818374269, 71.00612619643884, 76.38978294597797, 81.89525026880631, 90.37021429506031, 86.61997796729719, 81.62876088820803, 76.98866952473175, 41.62204318318933, 49.28440353648957, 61.56010999954494, 73.04879602699042, 84.79497147648704, 101.80659262274138, 111.55578660430383, 118.08754000777454, 134.7457998992908, 131.32291335472476, 126.69803611155577, 119.8740714415014, 118.36491095237045, 113.46267244742063, 109.80177757996337], [25.312174236105474, 19.780222835878593, 11.110981924842374, 0.0, 9.44898275319089, 17.193805437888436, 24.189821043570653, 65.17468550769263, 72.80489359494919, 82.25829736226322, 89.68857430822729, 95.4595428767029, 88.57778183038832, 81.68249629267623, 72.24314625820989, 42.415523852232, 39.2828353381715, 34.451070170237486, 28.12226300174872, 24.03075722846263, 20.550243915909927, 23.61796890354962, 28.551940610189806, 33.423422554751696, 38.82712698409529, 74.05699679569439, 81.19186154176909, 87.70699238979464, 95.97289716730158, 101.0688572447689, 100.23702956296407, 94.30462174058525, 86.83575093509334, 78.64524125265687, 72.46568018965785, 44.63333660591325, 46.71385451037797, 53.51292369594896, 49.26488726852837, 57.293713833939066, 68.05878458946364, 74.14672704393139, 75.10933101723376, 74.16304700534309, 68.15240013371022, 60.73373327764719, 59.85700744060478, 65.34405736463393, 64.24646429649026, 69.27995524392443, 75.34786272236369, 80.41164676050218, 86.51281693594004, 93.97084465349651, 96.13358116128984, 92.73602465726574, 88.91758115404878, 82.56867348037986, 74.23537791438503, 67.05106681854885, 71.04061304170209, 77.11775207283972, 82.85753041094905, 90.9986158047963, 86.7081187193755, 81.18960292690396, 75.60272603946973, 36.98793551127034, 39.358192522246085, 50.91364105775608, 63.098220667653784, 75.51718162094785, 93.14648002407705, 104.18736421092751, 114.33658825488338, 131.19057996103638, 129.81803433025974, 126.1601731482287, 120.21560119050974, 119.60448321733263, 116.43410180931822, 114.4774747197029], [18.230370391918342, 13.701227800300455, 8.517118133579045, 9.44898275319089, 0.0, 8.129709623481336, 16.03065083455456, 57.78116438753873, 65.5823889550539, 75.12047439517475, 82.7674011698459, 88.84857597772738, 81.41486179865053, 74.2924232480191, 64.89688641224618, 36.02433883131577, 34.328288002014595, 31.20263089913657, 28.67828160681344, 29.351074946779548, 25.30887154453517, 23.589709754763707, 24.732590163425765, 27.569018569987108, 31.857115249920323, 66.87269827235858, 74.240906837, 81.0412776958654, 89.84784230997228, 95.0192778962734, 94.01709723068907, 87.72438789078623, 79.93119177163624, 71.48481756750616, 65.14635739757709, 36.41987549676494, 37.50910804760084, 44.13662572144902, 40.939276231915365, 48.92356422480822, 59.26870038035284, 65.28623659472453, 66.49222206618877, 65.70185285572673, 58.88106050068553, 51.853589828348134, 51.879726960291045, 60.30832538411298, 57.69375516017874, 61.59091441536011, 67.38526520463931, 72.27235255180969, 78.68252482874388, 86.88283638038824, 89.19507778807014, 85.81426407106974, 82.29303401170917, 76.47420475913043, 68.93995608491325, 61.64161695885732, 63.7746531112354, 69.50734969268578, 75.2319271076595, 83.87102174765461, 79.60324860104444, 74.28555875911171, 69.24647832962627, 45.477779371659274, 47.69169187749149, 56.10470947255198, 66.25415398258049, 77.1960809867771, 93.94648862140978, 103.32723028362368, 109.86607286585348, 127.39759174309832, 125.0515289640434, 121.07181126080023, 115.21490068498036, 114.63504706087066, 111.5460078546405, 109.87528564606875], [12.07521407360275, 10.575637182891867, 12.17641026687176, 17.193805437888436, 8.129709623481336, 0.0, 8.397387924182965, 50.11928932543223, 57.946575328595465, 67.49981026800114, 75.27290806035123, 81.58290724348696, 73.8656128270817, 66.63285761627498, 57.27080726568165, 30.36621110195742, 30.374960663752997, 29.200459445417174, 30.223167706796737, 34.06692089677136, 30.053539339913844, 25.33244231141027, 22.762735575606197, 22.901788454702942, 25.597785391750456, 59.37434449656838, 66.81970523087455, 73.71765353481943, 82.76460820212074, 87.94242824132114, 86.84709217245158, 80.3677269410634, 72.43536300738279, 63.88490944682931, 57.52279838534277, 28.646888626232375, 29.52204223377598, 37.0787616054184, 35.578467991126786, 43.46801398805501, 53.24997761139078, 58.6785807692794, 59.65236328506123, 58.442143586200295, 51.17298939236575, 43.741948883529346, 43.97816428031889, 58.41766153144676, 54.40979104695656, 56.88142526688501, 62.06160104322173, 66.35429303687035, 72.697760888865, 81.19660014588192, 84.07608199993659, 81.19628490051902, 78.24378450882804, 73.24328833694564, 66.61160201875092, 59.23492509380133, 59.43591310454666, 64.51454494105805, 69.80250982433984, 78.29736564251014, 74.61302041215434, 69.85292630269711, 65.65276864356966, 51.50264395085081, 54.20000414224724, 61.24061272270255, 70.07587005619533, 80.18218884048196, 95.96525709564634, 103.93761393237591, 107.471430274618, 124.33875458114608, 120.5725390796437, 116.03847928149816, 109.8384305926041, 108.9603825995291, 105.48135829558626, 103.7368594207461], [8.725762551852416, 12.685732667260291, 18.415433354407757, 24.189821043570653, 16.03065083455456, 8.397387924182965, 0.0, 41.80713479937006, 49.63341860486607, 59.189240642550395, 66.90138097822701, 73.23217547167408, 65.56981537184066, 58.373437868776605, 48.97766094677416, 26.64986081681062, 28.652111688123338, 29.44818703142713, 33.133904405208916, 38.58059353146212, 34.93900427193844, 28.93686869133609, 23.712615277114793, 20.893058592516727, 21.27867330044566, 51.77981980593416, 59.102647955773264, 65.8316657686877, 74.68901775571237, 79.65506989822585, 78.50406670094719, 72.1550065013968, 64.34969262827161, 55.867384423741846, 49.71245150469797, 21.957518992560022, 23.712767432337607, 33.376402965652034, 33.56503850855463, 41.1784496426821, 50.33833606036265, 54.51182414006867, 54.5557117457397, 52.22210940505689, 45.521553040419484, 36.739104645961014, 36.33632881730092, 58.73295545964675, 53.87510128574841, 54.97019742824494, 59.20291313035271, 62.45334719859061, 68.17190776703336, 76.26871016374153, 80.12358155899975, 78.27719489545171, 76.13026262286964, 72.15368992576822, 66.36280932245748, 58.96531994986152, 57.665966325329684, 61.821521357797636, 66.17033866317588, 73.65537738968378, 71.1670639902133, 67.32219403773041, 64.15551160926627, 55.713493981037814, 58.718502268670896, 65.17688788451821, 73.17666996597299, 83.02046407100283, 97.78839273116368, 104.64966310202823, 106.09002037284884, 120.86972655411542, 115.36807265000232, 110.10954814239408, 103.17693056779073, 101.7400839244984, 97.5670444394009, 95.62172881526627], [43.07908418687739, 50.45357746544952, 58.859827703577665, 65.17468550769263, 57.78116438753873, 50.11928932543223, 41.80713479937006, 0.0, 9.034206338570865, 18.227356505433587, 25.398781007474433, 32.5381471932571, 24.162181727976364, 16.905890422193472, 7.581304538330393, 41.581622492196104, 49.38181600945863, 55.83906831604254, 65.51255433191794, 74.25101059654573, 71.69899722736608, 63.60118919489346, 54.233601494417506, 45.9364869545854, 38.89320787668706, 22.937147220418673, 27.046225197906434, 31.288642560485894, 38.37929273145671, 40.99844100631443, 38.92849894587159, 33.50750878063599, 27.040723091828088, 20.11555641459052, 18.54067177611297, 28.191046663667972, 29.881353569851083, 38.98807128577577, 46.70647519688875, 48.895855438181734, 50.65121607012646, 46.55549827223355, 41.31117903408493, 32.198026098357886, 31.912724858100642, 19.69218110114065, 15.815130639295838, 72.99061347877873, 65.10475183788208, 59.26205973153917, 57.51293718855338, 54.21233070051264, 55.24750953847526, 60.18891771550009, 68.9984659739917, 72.82196038943354, 75.23266444716403, 77.06237085191654, 76.56989009675995, 70.7327696117291, 62.132110133908526, 60.53122431621145, 58.96398216584615, 59.72714614396116, 64.32199783854503, 66.10216818903989, 68.87992457994761, 89.51784047291561, 92.70813254523866, 95.70058301450855, 99.42767867183863, 106.55950707413838, 115.90985485506738, 116.80195812957457, 106.40227340325637, 110.84562608344007, 95.82009140328343, 86.53109279633068, 75.91041860731791, 71.09305028063892, 62.67405344228437, 60.07913135571329], [49.92100473872682, 57.249424932514685, 65.96507436889043, 72.80489359494919, 65.5823889550539, 57.946575328595465, 49.63341860486607, 9.034206338570865, 0.0, 9.576718670803167, 18.06328440913418, 26.796643967814234, 18.85670766754645, 12.54106094892027, 7.537701843058069, 45.65934342612475, 53.484088978355906, 60.37469287343498, 70.66496640025687, 80.03233366078774, 77.72791002963737, 69.27600011357451, 59.613953934667016, 51.15247620266079, 43.92284715900496, 18.11576387360141, 19.977361788575212, 22.963677755490192, 29.673087271616918, 32.55961967576259, 30.627953292861786, 24.542968320165144, 18.224347466056745, 12.433719396427602, 13.905536112608461, 34.06285226572448, 37.093828338518826, 46.087201402318655, 55.10634329249614, 56.79017284103409, 57.326925680105234, 52.39430790057923, 46.97164010870745, 37.459033134266264, 36.928467469076175, 25.35921899081904, 19.060688096294584, 81.43115226391697, 73.2651812613623, 66.69929730091545, 64.28104738207091, 60.180976434182696, 60.54425107782926, 64.84389681270993, 74.29616645846679, 78.90404357455627, 81.92927637656598, 84.47700022407233, 84.61932907485478, 79.01821051198992, 69.65519169653882, 67.3879677458894, 65.11494522122743, 64.84522769819831, 70.47483995214239, 73.005858749117, 76.46899001988328, 95.3992168727915, 100.06859438137298, 103.98631478945418, 107.90646720692047, 115.15593341024383, 124.1352598198444, 124.59290134840377, 112.93087916830818, 115.39152762860938, 98.41444417595584, 88.15950023902991, 76.3563062568092, 70.10587127532014, 58.99711949764663, 53.97983607702766], [59.26012202550445, 66.55182159263795, 75.33847231528901, 82.25829736226322, 75.12047439517475, 67.49981026800114, 59.189240642550395, 18.227356505433587, 9.576718670803167, 0.0, 9.874230217943273, 20.023683103241346, 13.275078610989954, 10.514629703347095, 13.470808674079409, 53.75483288726688, 61.53016922561485, 68.62172403807352, 79.17485465919022, 88.75136948844838, 86.60243800838583, 78.06606198865065, 68.31302461769044, 59.818220381183245, 52.53702183118587, 20.562765376097545, 18.65471711698671, 18.3547100048244, 22.706175780093705, 24.306711047929628, 22.047199854287644, 16.308059559788283, 12.233830429707492, 11.715376613450289, 17.54057698001648, 43.020913240383, 45.93781813930505, 53.98329872930172, 63.355254576650324, 64.32418295025187, 63.678841836524484, 57.68071307820767, 51.79017049385257, 41.98408645328603, 42.74125357223631, 32.98489361518428, 27.22115607803559, 88.82198273304495, 80.51135695834073, 73.22486377216836, 69.95912662465392, 64.88332261242884, 64.21302563440408, 67.44011735301834, 77.54025156412234, 83.14792189381839, 86.93380102897812, 90.40455733353595, 91.36780169913627, 86.1584113406543, 76.08657695995339, 72.98131098775201, 69.73317655677505, 67.9942152582515, 74.86799942243086, 78.35284608836564, 82.67135911104697, 103.80283911080409, 108.78022080787699, 112.56797780004179, 116.07639145760288, 123.0065304855336, 131.1561760793889, 130.73396237560905, 117.25875575346221, 117.33819068435308, 98.31718365383817, 87.15847957100927, 74.43673433899355, 66.988627820709, 53.880003922398345, 47.59111079545149], [67.6099450335254, 74.93166974507668, 83.42288222032494, 89.68857430822729, 82.7674011698459, 75.27290806035123, 66.90138097822701, 25.398781007474433, 18.06328440913418, 9.874230217943273, 0.0, 10.469585877849083, 7.434086882762872, 11.52935695996776, 18.845474990840135, 63.26196761205087, 70.93365435826107, 77.802694570152, 87.9084596142424, 96.81673575122092, 94.7614995519693, 86.75635069868564, 77.30906142021654, 68.96669655490527, 61.824933383892976, 30.03491519090467, 26.77161743151663, 23.866730108170266, 23.164480594477443, 19.961894391797788, 16.44776214603862, 16.160361163840925, 17.810677048664633, 20.9006948798622, 27.31874171162962, 52.103961026251056, 54.14585379523622, 61.144877165865836, 69.13921657624059, 69.581171060515, 68.60905070209193, 61.6220012811047, 54.72973494237631, 44.55561301242612, 48.81127314109989, 40.804911812331724, 36.64619158412451, 92.22279716116061, 84.42624513724613, 77.03512002009104, 73.04013766045375, 67.04750174211416, 64.83892909946879, 66.01942707777852, 76.81938589968483, 83.70463717713544, 88.22548415627044, 92.53197955666148, 94.06152376058647, 89.30097398854399, 79.4203462057681, 75.60514363998949, 71.18247413333225, 67.20618222785629, 75.56553303720406, 80.05808474285585, 85.0915000683391, 110.5436319971716, 114.127929675447, 116.66303054363112, 119.22280739882696, 125.62525280305846, 132.516199506345, 131.10112052868016, 116.54417133826671, 113.29904635654628, 92.51751026452175, 80.63334192556034, 67.08623183135542, 58.77739285847002, 44.94032179054134, 40.23907531595172], [74.74498843862702, 82.04378827172707, 90.08095542775754, 95.4595428767029, 88.84857597772738, 81.58290724348696, 73.23217547167408, 32.5381471932571, 26.796643967814234, 20.023683103241346, 10.469585877849083, 0.0, 10.416219494046295, 17.655385091413383, 25.436497016740454, 72.17511742970505, 79.7074630519342, 86.21208685421581, 95.63197174904968, 103.58780675720266, 101.60344974654573, 94.33252463958364, 85.34305349735797, 77.24518352267363, 70.33353174523694, 40.35102309893955, 37.000485491294924, 33.3008907244315, 29.594215068110476, 22.382750383023733, 18.257983367978515, 23.517538131720443, 27.64719285874517, 31.255687749695397, 37.50278654504757, 60.394100173650045, 61.551535096205754, 67.65592405383221, 73.72965992805234, 73.83209718280065, 73.00630885105583, 65.35628851050491, 57.514386298524485, 47.23999782234077, 55.0647717047754, 48.42707174398661, 45.68142733996639, 93.83627672938412, 86.89242537481984, 79.8056526801341, 75.31063017457795, 68.65615634564587, 64.89150333272265, 63.662710547616335, 75.01154372110727, 83.12356496954953, 88.22919460660333, 93.1697198558292, 95.02820920946726, 90.71938279529986, 81.57445935973372, 77.271145839959, 71.7945336536179, 65.45931824261932, 75.18299565383057, 80.53360752216571, 86.05379878189652, 115.68761458165389, 117.33269607147855, 118.29030281172774, 119.7739948282838, 125.60880503076905, 131.14895041116964, 128.82932913174193, 113.8465235521039, 106.98092438356151, 84.73452031336258, 72.25304418785863, 57.86948233164452, 48.82093605538641, 35.036509969993446, 34.43262966585965], [67.18144296991206, 74.54808899825005, 82.8121708990792, 88.57778183038832, 81.41486179865053, 73.8656128270817, 65.56981537184066, 24.162181727976364, 18.85670766754645, 13.275078610989954, 7.434086882762872, 10.416219494046295, 0.0, 7.7195865843775575, 16.703547368360592, 64.37770571425432, 72.2647114348986, 79.0513700126218, 88.95263454817977, 97.5132753683845, 95.22146363899404, 87.36845552267891, 77.97834602483412, 69.59738719218178, 62.38129388945442, 33.521642330016036, 31.633685269898386, 30.067667756146932, 30.54820263634601, 26.957559044906475, 23.16149226252294, 23.384836558273072, 23.741152889398396, 24.8587179788373, 30.156058060061678, 51.769054978564036, 52.05563031459037, 57.670791693880545, 64.65639439485084, 64.58725175587223, 63.37395350202063, 55.93409571514218, 48.57102913630779, 38.34039571761526, 44.76685226255252, 38.390250662121055, 36.83682899451917, 86.41136264150288, 78.67294833991016, 71.12109845718601, 66.78511650384299, 60.46245309395038, 57.78161572593782, 58.64154695780093, 69.4924332534906, 76.58676683323385, 81.3024726217502, 85.91995946302752, 87.82058648531118, 83.3376712308639, 73.29453416415899, 69.15304773425163, 64.33014043988156, 59.89657237602861, 68.51307680342124, 73.30230428074934, 78.64772554626036, 111.14603388973967, 112.93937145358392, 113.7249654621957, 115.2917793892162, 120.85081894980009, 127.13108118524184, 125.01075976351952, 109.37971375624923, 106.64397346245636, 86.26323978132449, 74.73122174390649, 62.12173639530739, 55.04088078065494, 44.46812447518616, 44.12161143665821], [59.96921691372417, 67.34399910527213, 75.69696101158954, 81.68249629267623, 74.2924232480191, 66.63285761627498, 58.373437868776605, 16.905890422193472, 12.54106094892027, 10.514629703347095, 11.52935695996776, 17.655385091413383, 7.7195865843775575, 0.0, 9.47890883409119, 57.28227309259401, 65.27934282470636, 72.10639264142256, 82.1268000131789, 90.91628150172146, 88.47548194759877, 80.3879361329925, 70.8731389262917, 62.41637483717563, 55.1240684663809, 28.53384288422099, 28.319691715033375, 28.77283142563259, 32.17452158934375, 31.101013862258654, 27.842044128367334, 25.23359488032688, 22.539616418378507, 20.825779651759234, 24.673121047370174, 44.24574513696161, 44.35420254095688, 50.323381347842016, 57.83463867426756, 58.088039491245915, 57.251711169824276, 50.45155022851847, 43.592508204289906, 33.38890904552637, 38.09699977205887, 30.797120088021543, 29.513077242699634, 81.09106376879676, 73.01420871483364, 65.57640981129241, 61.76918986489492, 56.12074868082431, 54.58809353891713, 57.07751677452565, 67.36982624000609, 73.45432830190647, 77.5800990571572, 81.54223658423996, 82.99536328785446, 78.17827247868743, 68.0442778636844, 64.43163353884188, 60.468819495163295, 57.777142167389094, 65.2052748707713, 69.20820041903671, 74.00833134219259, 105.34161650595793, 107.43103887621648, 108.5596501206017, 110.55625519351396, 116.32397632294291, 123.44818303032125, 121.98923051941965, 107.19497692591804, 107.28808972599067, 88.63129557120203, 77.87794268491633, 66.21691119325928, 60.188007970522264, 50.86707831725866, 50.00397906514171], [50.57851232612538, 57.94887096150334, 66.2430462444112, 72.24314625820989, 64.89688641224618, 57.27080726568165, 48.97766094677416, 7.581304538330393, 7.537701843058069, 13.470808674079409, 18.845474990840135, 25.436497016740454, 16.703547368360592, 9.47890883409119, 0.0, 48.87506562986681, 56.74278240145838, 63.30309291887891, 73.00803327266024, 81.59923987766186, 79.10537027593661, 71.14444017684829, 61.796575453868236, 53.47488778725374, 46.36193247978812, 25.15995063715462, 27.306327578499204, 29.88721313760569, 35.36603089104632, 36.30930217760861, 33.70142805396712, 29.543943848555003, 24.557672683163076, 19.62730205827365, 20.772557145395584, 35.531874969588564, 36.21754639321556, 43.678725981218335, 50.979417066569724, 52.2547145267005, 52.92772738874895, 47.47853779690257, 41.24435291395809, 31.311388677843222, 34.014099795045496, 24.17488027858786, 21.989752616564903, 75.62986805459163, 67.74384106618453, 61.21842292466732, 58.49420702268116, 54.06044808434418, 53.82533924209632, 57.54177690401833, 67.11962754471709, 72.05157306253895, 75.2587868261792, 78.06800116881357, 78.42657376973672, 73.04449489289227, 63.841336021461416, 61.2991628020869, 58.55532225882847, 57.60200403664403, 63.58022894047965, 66.41327251330165, 70.13027228718798, 96.23470865221223, 98.60695589290557, 100.52454763877577, 103.34730392729114, 109.83265554421764, 118.09371155235789, 117.8968463200113, 105.6316684518227, 107.9691155809464, 91.37080831483898, 81.45688238089873, 70.36570986255963, 65.10122373355404, 56.513779439411955, 54.971379834658606], [19.30156888271241, 22.73518541586369, 31.682544297605993, 42.415523852232, 36.02433883131577, 30.36621110195742, 26.64986081681062, 41.581622492196104, 45.65934342612475, 53.75483288726688, 63.26196761205087, 72.17511742970505, 64.37770571425432, 57.28227309259401, 48.87506562986681, 0.0, 8.579574892523405, 16.56458525866317, 29.312703407351716, 42.55186639661122, 39.87439078916214, 28.38921669157783, 17.375886909632726, 9.22723993011838, 5.648344612292083, 38.06937193149833, 45.38049210331971, 52.92785229898853, 63.57181928991061, 71.71268558536714, 71.66100740705265, 62.67815629746397, 53.805303211341474, 45.607264693314384, 38.31430347022538, 16.38685094178128, 27.741385321885012, 40.664546952561246, 50.86533249340911, 56.46688204376215, 61.10978940784766, 63.857844966818405, 64.54087724821203, 60.8339811032851, 48.04411314922599, 36.1514674688588, 28.581195246194216, 81.29971047663824, 73.71092217256434, 71.18785993830471, 73.7961013642743, 75.49512909878042, 81.47118186860553, 90.89079033014846, 96.15337034019743, 95.13519432783708, 94.16774582009602, 91.80478453767162, 88.05475546846758, 81.00545939862104, 75.19010293992578, 77.66047914115141, 81.21502040744244, 88.7619120047645, 87.6947656342089, 85.13134602695251, 83.81729454854658, 64.95878176834842, 78.0544996113737, 89.93075594275084, 99.39376197113997, 109.61744246363389, 124.35349018231932, 130.48175217813187, 127.71251134348522, 141.3660137189477, 131.85599844270746, 124.48540095240382, 115.16876281166864, 111.01358220980894, 101.2947873459101, 93.07836561499096], [20.167788003919267, 20.858893109723077, 28.321298619549523, 39.2828353381715, 34.328288002014595, 30.374960663752997, 28.652111688123338, 49.38181600945863, 53.484088978355906, 61.53016922561485, 70.93365435826107, 79.7074630519342, 72.2647114348986, 65.27934282470636, 56.74278240145838, 8.579574892523405, 0.0, 8.389459669753412, 21.657886236370274, 35.68987768008482, 33.28431906571881, 21.526421897102665, 11.322071718357641, 7.78204052782, 11.816888088041665, 45.59291196601938, 52.568192843318, 59.842285099290656, 70.08221918254193, 78.43352927219006, 78.61822552874621, 69.76987925801492, 61.14318500057557, 53.244791055320285, 46.10638221320239, 24.198443121050165, 34.753211334329855, 47.01200739392667, 55.85320261046352, 61.978891877406525, 67.40523558915667, 70.92015562268185, 71.92665190468165, 68.5795053847174, 55.90780963616416, 44.43871944740292, 36.99045432835738, 85.09116704434047, 78.23813726061286, 76.75090955456544, 80.0070981757558, 82.32225952697456, 88.55635206692124, 97.95153167752069, 102.85219797127723, 101.38005686031892, 99.92261928629426, 96.85256601814244, 92.3494859870883, 85.17900096606928, 80.61823105013208, 83.73183654203537, 87.80145031972515, 95.68938758481433, 94.09926048006832, 90.99709314973533, 88.9702412740236, 58.95175327916293, 74.4138061558486, 88.49458732130486, 99.2407734397717, 110.30129336462238, 125.9176374533779, 133.24579804274086, 132.78008166708616, 146.9942682374445, 138.36051248063237, 131.25901133997917, 121.92725172688094, 117.76425445505862, 107.82282838583222, 98.9651054689039], [20.896732173180784, 18.778853060767318, 23.86612101937466, 34.451070170237486, 31.20263089913657, 29.200459445417174, 29.44818703142713, 55.83906831604254, 60.37469287343498, 68.62172403807352, 77.802694570152, 86.21208685421581, 79.0513700126218, 72.10639264142256, 63.30309291887891, 16.56458525866317, 8.389459669753412, 0.0, 13.369826765375008, 27.754052486133443, 25.517491593247673, 13.844524047038021, 6.543682160171978, 11.129630672385945, 18.26170622215345, 53.3472845408355, 60.178512027495735, 67.20136996469435, 76.94214739725884, 85.08058950620304, 85.32107900664413, 76.87471645524487, 68.5195046439456, 60.73035639280017, 53.748329555431155, 30.732528606833167, 40.36753659149785, 52.025247711918595, 58.91280816777379, 65.59455031745254, 72.05577946032113, 76.27067324708796, 77.41972503552319, 74.42136689581126, 62.43169602498584, 51.345020479989344, 44.4445846229111, 86.37993901474799, 80.50291154444601, 80.24659109164682, 84.16510791974382, 87.09950046310082, 93.47330060788352, 102.65580730756065, 107.14255486636401, 105.2498410461186, 103.2796185499101, 99.46572777281837, 94.11950515368649, 86.85027040730851, 83.84860070820619, 87.63537239304316, 92.16519239895543, 100.25202987260244, 98.13747248613075, 94.4910676837386, 91.69842442824779, 51.598441370631974, 68.53969053687852, 84.35222696559926, 96.19491381844523, 108.01169755277391, 124.38715387858696, 132.89996579541236, 135.02252967094216, 149.69258689982357, 142.2276578279938, 135.5704505693826, 126.44558402340273, 122.53978247890868, 112.97931218660264, 104.28061501872881], [26.047880552533268, 20.792279601047504, 20.16277730672759, 28.12226300174872, 28.67828160681344, 30.223167706796737, 33.133904405208916, 65.51255433191794, 70.66496640025687, 79.17485465919022, 87.9084596142424, 95.63197174904968, 88.95263454817977, 82.1268000131789, 73.00803327266024, 29.312703407351716, 21.657886236370274, 13.369826765375008, 0.0, 14.785778626298786, 13.096094744383377, 5.326752473658599, 13.17700102025241, 21.85262190498728, 29.703418751532222, 65.26111158045842, 71.90832888913675, 78.5368799140342, 87.45461836402492, 95.05157668905669, 95.3022675171301, 87.61128644372256, 79.71901306335826, 72.08309657173125, 65.38746655723376, 41.41267238083479, 49.75815670240183, 60.52100055020222, 64.25866621006175, 71.61939769049935, 79.57993071513107, 84.58076446183433, 85.71274952644401, 83.10482415721015, 72.57915540648185, 61.965929707488755, 55.81062001393564, 88.26733392814837, 84.12458409720222, 85.77570923938652, 90.55628381138894, 94.26832675456572, 100.62872454971694, 109.21306018018753, 113.12464447646494, 110.7559284205851, 108.08731454580102, 103.23175433448974, 96.61997198291233, 89.29010219893493, 88.85003862985278, 93.54247138209884, 98.57606201186711, 106.65286936780845, 103.91292698722211, 99.57007200851827, 95.69030789179942, 39.33104597087835, 58.403063893420274, 76.96391907161636, 90.48353920351813, 103.49824228212269, 120.87802945139528, 131.22793153084982, 137.59569131243794, 152.5092496763302, 146.8858868285214, 140.96171272309522, 132.2094782573867, 128.76588029444753, 120.01643167776814, 111.92006044191594], [33.92436158624941, 27.796077224373047, 22.250604544428473, 24.03075722846263, 29.351074946779548, 34.06692089677136, 38.58059353146212, 74.25101059654573, 80.03233366078774, 88.75136948844838, 96.81673575122092, 103.58780675720266, 97.5132753683845, 90.91628150172146, 81.59923987766186, 42.55186639661122, 35.68987768008482, 27.754052486133443, 14.785778626298786, 0.0, 4.454719550611018, 15.329727635762545, 25.90311658208527, 34.248994019620255, 41.83423853561824, 76.86902997805912, 83.32756758199513, 89.49053187171938, 97.42246514163692, 104.11591331043495, 104.26294240900091, 97.60324200069769, 90.30089528806866, 82.84188912827214, 76.5582085757452, 52.23069094819192, 59.30383120933212, 69.23611226431011, 69.53766226628987, 77.39687623656897, 86.82541893784764, 92.24877982474462, 93.02244306156148, 90.63102945772498, 82.2764749245952, 72.07677845662829, 66.72110558464297, 89.07897739017443, 87.0361961399371, 90.65129908005675, 96.09356963109121, 100.35713371696947, 106.35854693703608, 113.89090762157825, 117.30049352749694, 114.71502923440438, 111.47367955416483, 105.71861208000007, 97.86256847486781, 90.59139741830609, 93.00826904136746, 98.4410263278986, 103.68681500175153, 111.26188390645447, 108.15501140400029, 103.31116931126124, 98.4579415344546, 25.121314131856074, 45.59371136589851, 67.0163660285203, 82.1841398424032, 96.49757401275092, 114.5975301639988, 126.80003965130975, 137.88315312458136, 152.25508065841709, 148.596211644494, 143.5196409904588, 135.25850077604034, 132.42338869840796, 124.92454369252403, 118.06771020097301], [30.451090888115562, 23.98485927937635, 18.06738700328559, 20.550243915909927, 25.30887154453517, 30.053539339913844, 34.93900427193844, 71.69899722736608, 77.72791002963737, 86.60243800838583, 94.7614995519693, 101.60344974654573, 95.22146363899404, 88.47548194759877, 79.10537027593661, 39.87439078916214, 33.28431906571881, 25.517491593247673, 13.096094744383377, 4.454719550611018, 0.0, 12.21791234226657, 22.883106540038938, 31.25241507744199, 38.84824977399921, 74.78091528382501, 81.46034223843922, 87.83949242279978, 96.09900169839936, 102.75975741832234, 102.76695198749219, 95.96802275103038, 88.45674185554093, 80.77265699828187, 74.34923398806038, 49.03222637788919, 55.56872401843917, 65.14105522687275, 65.40419356391052, 73.2320017569919, 82.62565070554733, 88.21113511608486, 89.19327171612875, 87.07646813958686, 78.50337772588537, 68.69835440181643, 63.94666649935509, 85.24648799067525, 82.96816486467598, 86.50350441817021, 92.00670341330313, 96.39406737155225, 102.57830339800564, 110.39907038373792, 113.6263515595304, 110.83955984209345, 107.53764776692111, 101.76494298976912, 94.01260159185753, 86.74754189958665, 88.92378327849956, 94.39889629593459, 99.7887559845006, 107.69364495095613, 104.34703204972409, 99.4005205455611, 94.53132902356997, 28.298512091048813, 46.12311832315346, 65.94477933589833, 80.52851185565095, 94.3445304804273, 112.3650068838521, 124.16881613031163, 134.39616846907367, 149.5422590897819, 146.0295538311226, 141.07117255338912, 133.13622231935994, 130.58166319903918, 123.57349677667797, 117.26765972292], [22.425774179240122, 16.399097261327164, 15.10127826662316, 23.61796890354962, 23.589709754763707, 25.33244231141027, 28.93686869133609, 63.60118919489346, 69.27600011357451, 78.06606198865065, 86.75635069868564, 94.33252463958364, 87.36845552267891, 80.3879361329925, 71.14444017684829, 28.38921669157783, 21.526421897102665, 13.844524047038021, 5.326752473658599, 15.329727635762545, 12.21791234226657, 0.0, 11.120255994162592, 20.00547045361878, 27.89846542768516, 64.81770001759897, 71.74448140144058, 78.5607149631306, 87.68061934729947, 94.96400554369406, 94.97846244150367, 87.37270020476447, 79.34008989138667, 71.41998304646555, 64.63149400947306, 38.99607033190423, 46.298836870729836, 56.4688308538398, 59.492495282117396, 66.92215293010139, 75.15099216681226, 80.43351774744731, 81.7412749083719, 79.52778826309581, 69.19949182055952, 59.19190417974253, 54.11544078666981, 83.11221701857586, 79.04902970988016, 80.94947777015338, 85.9228472656703, 89.88838193171496, 96.39742964333335, 105.12171792209257, 108.7104248145599, 106.06605611194625, 103.22540279499457, 98.19831134557792, 91.50055379053576, 84.19173867558654, 83.96394043564734, 88.83858283827456, 94.07887058366997, 102.45301819897148, 99.35324029490603, 94.79941432672891, 90.73283436293016, 39.93586032664434, 56.38038747846863, 73.43488081984452, 86.44005506532633, 99.03323148602546, 116.3594555662764, 126.50940156192033, 132.67167962919953, 148.37746973471366, 143.3337473942712, 137.74428644716107, 129.53337137017942, 126.60629896111801, 118.83642370153046, 111.84703758020564], [15.54039661520329, 12.388054924861164, 17.693804461953455, 28.551940610189806, 24.732590163425765, 22.762735575606197, 23.712615277114793, 54.233601494417506, 59.613953934667016, 68.31302461769044, 77.30906142021654, 85.34305349735797, 77.97834602483412, 70.8731389262917, 61.796575453868236, 17.375886909632726, 11.322071718357641, 6.543682160171978, 13.17700102025241, 25.90311658208527, 22.883106540038938, 11.120255994162592, 0.0, 9.04154873255489, 16.997910652053122, 54.3987635662778, 61.53041686160115, 68.64622209158446, 78.35164598916911, 85.89061519278972, 85.82970216919777, 77.74445289311477, 69.37165098058024, 61.2645283950109, 54.26714452933241, 28.646048682977096, 36.95110739992176, 48.0979664416834, 53.58855133718938, 60.54834930517689, 67.69575092568068, 72.28464064728259, 73.49178132940298, 70.89243865973731, 59.59800337481522, 49.10901798611728, 43.63213056463116, 80.24734768215122, 74.74342985247922, 75.06291066581329, 79.3056260326892, 82.59400722693658, 89.0532368166159, 98.18454116512919, 102.30104955279897, 100.12752134565574, 97.89985216515511, 93.77272906640948, 88.11932711028852, 80.82676738263419, 78.4891138831562, 82.5982104762368, 87.36749618760301, 95.65238977477424, 93.13566579561932, 89.19567900483513, 86.05727829146188, 49.572578464634226, 64.06942648904636, 78.59110900740967, 90.0538330748529, 101.6241905203864, 117.9996815933635, 126.5368038526644, 129.14744391104776, 144.43818310013518, 137.85128175758797, 131.66679022003026, 123.16266797188392, 119.90877944002334, 111.63989854988483, 104.43062466240939], [12.494452754162344, 14.017297324968673, 22.58222644380551, 33.423422554751696, 27.569018569987108, 22.901788454702942, 20.893058592516727, 45.9364869545854, 51.15247620266079, 59.818220381183245, 68.96669655490527, 77.24518352267363, 69.59738719218178, 62.41637483717563, 53.47488778725374, 9.22723993011838, 7.78204052782, 11.129630672385945, 21.85262190498728, 34.248994019620255, 31.25241507744199, 20.00547045361878, 9.04154873255489, 0.0, 7.958525469440055, 45.835750718666475, 53.16028243689875, 60.47499625161772, 70.54496598512236, 78.06937838070037, 77.87668946593692, 69.56514908058655, 60.981314412357406, 52.69642228722354, 45.587472601061734, 19.932827411009033, 29.40399885614244, 41.636863237095, 48.989684508113854, 55.471129423024784, 61.73848354309355, 65.50717386930748, 66.38136415301626, 63.29360622035504, 51.65306439996513, 40.54792369969515, 34.69251460995522, 77.63482968321946, 71.14038417250677, 70.18295852901895, 73.69986843077324, 76.28095548382505, 82.49422252673381, 91.71059043686908, 96.34252487858916, 94.72232682173392, 93.0786371485933, 89.77601604271784, 84.98974353687852, 77.76389735306435, 73.84188223570546, 77.21953737179814, 81.42077870120819, 89.34155389322758, 87.4783966146539, 84.1649679967134, 81.8643838069844, 56.82543018544412, 69.44700171750166, 81.87791890081814, 92.03728194524014, 102.7987478842776, 118.25013883919162, 125.46608387985165, 125.38858414727599, 139.90568798132676, 132.0638776261043, 125.41829942066384, 116.6908373974353, 113.21587160387848, 104.72064094448079, 97.64347325874537], [14.548586016711624, 19.09154517898779, 28.48424716028368, 38.82712698409529, 31.857115249920323, 25.597785391750456, 21.27867330044566, 38.89320787668706, 43.92284715900496, 52.53702183118587, 61.824933383892976, 70.33353174523694, 62.38129388945442, 55.1240684663809, 46.36193247978812, 5.648344612292083, 11.816888088041665, 18.26170622215345, 29.703418751532222, 41.83423853561824, 38.84824977399921, 27.89846542768516, 16.997910652053122, 7.958525469440055, 0.0, 38.58384268429851, 46.119360542504026, 53.63621899568183, 64.06876060548474, 71.52604614868463, 71.18025604992948, 62.66102733502446, 53.86621386857588, 45.388545633464595, 38.16747043689985, 12.541841007254915, 23.454011023614786, 36.64746121402913, 45.80539133889801, 51.6704743852105, 56.95484271215382, 59.84737207858284, 60.376874430850414, 56.81044235961392, 44.85819051058839, 33.12166120455079, 26.88382560432748, 75.91311224665073, 68.55972782471221, 66.3814918620056, 69.15297234602198, 71.01622146530848, 76.9561493402371, 86.22821093159467, 91.3291107752898, 90.23837689270138, 89.15776660216382, 86.65415455514506, 82.71808513320195, 75.62387468618324, 70.23101743005942, 72.86827263788165, 76.48807920393295, 84.02488821587139, 82.79507334365968, 80.10351557536343, 78.62062438702257, 63.588429784418786, 74.67929308805722, 85.30759416782658, 94.2884528487352, 104.2692820647163, 118.83569925573931, 124.84658028175119, 122.31989092707425, 136.1240704515734, 127.15872008279811, 120.10916402705406, 111.22109499138058, 107.5716222707531, 98.93708770581446, 92.07985434623917], [49.139525660098606, 55.80989334474227, 65.22311159071928, 74.05699679569439, 66.87269827235858, 59.37434449656838, 51.77981980593416, 22.937147220418673, 18.11576387360141, 20.562765376097545, 30.03491519090467, 40.35102309893955, 33.521642330016036, 28.53384288422099, 25.15995063715462, 38.06937193149833, 45.59291196601938, 53.3472845408355, 65.26111158045842, 76.86902997805912, 74.78091528382501, 64.81770001759897, 54.3987635662778, 45.835750718666475, 38.58384268429851, 0.0, 7.9349521547195865, 16.018047308847386, 28.007175238547173, 36.40357547935846, 36.30618061669276, 25.942120584901037, 16.473948874506835, 9.193224190675979, 4.485843061434048, 31.860406744873064, 38.77408366163415, 49.42495585927324, 62.25316864006644, 64.41345802838964, 64.22245544105695, 60.809115085704164, 57.719962423313746, 49.84219731343312, 42.12445750386569, 29.43517654067726, 17.53674881250564, 92.12485797238335, 82.9633080538608, 76.09581018247218, 74.4485