{
	"dissimilarities": [[0.0, 7.347392475858423, 14.7429712306144, 24.342133826930848, 17.41760042195692, 11.23304621184917, 8.529561173080415, 42.90718050430582, 49.89456941697614, 59.281578038063124, 66.44047229050292, 74.77055255565448, 67.00688659107986, 59.773186796665115, 51.409935460201716, 19.06987674057329, 17.93985857034288, 19.32536362357961, 25.171950043738406, 32.47159380470304, 28.791971296893315, 21.67411305655419, 14.267825279683164, 10.971357052256984, 14.301412728760786, 48.580310280686525, 56.24746503139871, 62.88275563624701, 72.07258476722382, 78.51264351828911, 77.82521078253448, 70.49494987295776, 62.64436208149894, 54.22547916087644, 47.582451625726996, 20.759722032875537, 27.175713146417227, 36.44957521538393, 39.285257800175614, 47.51918636346092, 55.14628193699209, 58.71034113705395, 59.24610608153839, 56.40886511569235, 47.873729687436416, 37.9589921598286, 35.283301989129846, 64.88948577958283, 60.97615710249168, 63.15506581248634, 67.19572448900466, 69.63642006496454, 74.04958217396982, 80.78625245215736, 82.19816433541062, 82.57133511132659, 79.12071607240168, 75.52100646812794, 69.80153881993655, 66.38146029994827, 66.942883284014, 70.35618510842973, 73.5051873422392, 78.61612713557835, 74.30321318772143, 71.14214541953785, 67.8156135762743, 54.820195222312094, 57.5007120320416, 68.39848978072588, 76.24491671970894, 85.32922584022505, 95.75893007341448, 106.5810581530532, 107.71398658524915, 120.10562979720729, 119.14577075100917, 114.24022824843694, 107.40901528846659, 104.81472952482663, 100.62269909376953, 97.55881592652322], [7.347392475858423, 0.0, 7.776792335885855, 18.961115416803256, 12.831441138759004, 9.62307996491217, 12.040465829732256, 50.23398348188929, 57.13434579631528, 66.47394039918203, 73.70150958044347, 82.09620216225387, 74.34531493860355, 67.09373401668259, 58.73752509419935, 22.156030377427832, 18.46435400903389, 16.870755731654967, 19.845023257822323, 26.475429593391794, 22.34771649392586, 15.513740141916712, 10.642318270031064, 12.405504776120317, 18.544508430429314, 55.149345749800204, 62.78231723590322, 69.55570531481732, 78.85815168355073, 85.52033552025479, 84.93706230378567, 77.49662397421991, 69.53199802261783, 61.12522898500201, 54.346470174606964, 26.768180385238384, 32.387795628088135, 40.55116678186117, 42.46102956974852, 50.863488647197634, 58.89125082891391, 63.43069068076737, 64.64915497336071, 62.58722213090567, 53.450569896540685, 44.41462366812989, 42.06599871143978, 66.54533532636964, 63.324086123067, 66.39440805625307, 71.09570779710369, 74.20337115838626, 79.1560407310908, 86.27503776456689, 86.97243324667454, 86.76367661971811, 82.67587121022831, 78.37530492648183, 72.11955517418127, 68.55591459860891, 69.99677444460373, 74.16051137953086, 77.92989472057373, 83.79614053684337, 78.7001299865961, 74.92505831738917, 70.85044997785786, 50.21944662676674, 53.85240138156802, 66.15379088925343, 75.11116865154727, 84.61401694176594, 96.01792896635584, 107.88164092680948, 110.77099228986116, 124.72232846036485, 124.84993304046735, 120.38503149196771, 113.86764056007348, 111.61975486618005, 107.58799806606072, 104.35133535377014], [14.7429712306144, 7.776792335885855, 0.0, 12.292445831609065, 8.685968937792143, 11.130361416800936, 16.828912096437993, 57.509649960894706, 64.61155579300386, 73.99803888910841, 81.11393954409814, 89.12066463140927, 81.54839478363922, 74.35115014313955, 65.97540837487487, 29.107568683855575, 24.221156670179504, 20.24500350583358, 18.110292286796426, 21.271923572394694, 16.498846068426875, 13.146170008265106, 14.249130676602206, 19.234751130722252, 26.020439055410435, 62.897774762466156, 70.48423596577821, 77.19729097752088, 86.30605883739092, 92.81185186115864, 92.23899367432884, 85.03566593222516, 77.18598278866963, 68.81976197854921, 62.08771157833918, 34.41692572253463, 38.902773841546185, 45.78107158801998, 45.651736003898336, 54.22419230107881, 63.05736186196014, 68.33189986587665, 69.90494514000669, 68.44876101788238, 59.78676645886989, 51.592703499263614, 49.780954629114355, 67.1468935574724, 65.05846637904797, 69.26359563354953, 74.62623602219118, 78.34288322052112, 83.64211093601833, 90.85292160689531, 90.87135770771921, 90.08478843513426, 85.37436420123562, 80.36993267025314, 73.47973988036784, 69.76239223936045, 72.42855176412046, 77.43093238452654, 81.74631776511984, 88.12545727706532, 82.45260463230692, 78.12818144155987, 73.21834576654763, 44.95933623537512, 48.125501727349814, 61.3864953406717, 71.40732010182758, 81.46747495356473, 93.897012499739, 106.84191552708359, 112.21239316684876, 127.33583749564045, 128.73526903138773, 124.83898438373205, 118.72606099340236, 117.04072133258927, 113.57308071874606, 110.78588752345553], [24.342133826930848, 18.961115416803256, 12.292445831609065, 0.0, 9.122012851870199, 16.482232215548233, 22.94196565636838, 64.77450084855715, 72.50802607897435, 82.02019862616646, 88.62847681776414, 95.29426104241513, 88.27068837433961, 81.329572656811, 72.99193868602471, 41.01213675219014, 36.36158114453114, 31.846935547259502, 25.97884205761914, 21.852881581924475, 17.455073844816635, 21.965117645381685, 26.279636817274877, 31.14966883826225, 37.46650526309186, 72.68378590003624, 80.19879804355882, 86.49534181826373, 94.83538810880985, 100.42812623546149, 99.67604624992937, 93.40499950728262, 86.12132703931944, 77.879099716008, 71.53277462198827, 44.65964806800234, 47.31911942498095, 52.48866647871121, 48.12486706511964, 56.86664306227929, 67.34495260929535, 72.9402954119217, 74.28759411016024, 73.25610182085501, 67.10417463565305, 59.92571188813715, 59.16152176095761, 64.54176364632269, 64.63159108059922, 70.55460410809984, 76.6154735316737, 80.86744202818137, 86.14168577758163, 92.8371341480501, 92.15948010966606, 90.74844791307476, 85.40992848317875, 79.66119115969964, 71.89035385256403, 67.98826814034312, 72.71119606434368, 78.78847526671433, 83.53096974423906, 89.96134735437097, 84.08950116357516, 79.31471668036124, 73.33493931835245, 39.33839317331882, 36.93437936376574, 49.66580417726802, 60.687963573717866, 71.76037238106973, 85.41938011369183, 99.60079376004093, 109.20694414504138, 124.71996099926443, 127.93247221513006, 124.97427095334562, 119.568230131347, 119.0234832320394, 117.12013135403637, 116.17949263954502], [17.41760042195692, 12.831441138759004, 8.685968937792143, 9.122012851870199, 0.0, 7.819558572028025, 14.880823809298297, 57.59281094166876, 65.43727054723716, 74.99960479152661, 81.74672878134476, 88.87464058090939, 81.26949918489716, 74.11310439832845, 65.7988732646393, 34.60215544272631, 31.02941919844819, 28.36253345280685, 26.56422719361284, 27.08789814664292, 22.229721947899954, 21.668525722371257, 22.052902704091043, 25.042169005628423, 30.48165325651771, 65.5421132017357, 73.32024134425787, 79.83103321638905, 88.69238658831337, 94.43387942129597, 93.50562397965156, 86.81194309717532, 79.2542821867555, 70.78620242713328, 64.30877781570355, 36.65682943868809, 38.33398257515882, 43.43139357787758, 40.146558305036876, 48.87800803592628, 58.845561947756686, 64.38253250906719, 65.93574748396753, 65.08661800955116, 58.13083630671295, 51.32677609885843, 51.36797663767243, 59.38254301871237, 58.14667067957227, 63.208076125023375, 68.98298859253084, 73.07398883493256, 78.48518825548021, 85.59880868690215, 85.02580620589505, 83.82192144143019, 78.74418542844678, 73.37419134397362, 66.09941436530922, 62.297483208264374, 65.86578771625354, 71.44653254008827, 76.05988501152528, 82.66965387027392, 76.68660491549336, 72.05528226122975, 66.57793106175978, 47.44698759947152, 44.98052852298412, 54.8223739102139, 63.64056327480093, 73.04779812283823, 85.27791261703695, 98.26907669389566, 104.449553166017, 120.35440172927278, 122.98816836300081, 119.8268759892331, 114.50648628111861, 114.01415147610446, 112.40274759073567, 111.66765495251461], [11.23304621184917, 9.62307996491217, 11.130361416800936, 16.482232215548233, 7.819558572028025, 0.0, 7.282101759982626, 50.05876095023118, 57.9122891616039, 67.47812410319658, 74.2784208618188, 81.67358065110912, 73.80999163292888, 66.56739090437323, 58.26560689235799, 29.070887421352193, 26.962606826289594, 26.381712933103206, 28.21134885898519, 31.72947385064596, 27.11970241759075, 23.450322222238352, 20.03538667963244, 20.25204029953402, 24.3107605463948, 58.148632272615096, 66.01680617133121, 72.55393154500368, 81.59352798559715, 87.35915991021976, 86.3409299221674, 79.47091288007704, 71.83617299707991, 63.295098115204866, 56.82429226335115, 29.25963583999782, 30.9000372865605, 36.85559923749889, 35.141592333712886, 43.87098567175164, 53.250092769023965, 58.14585983348566, 59.39028412885372, 58.07845740227756, 50.824594966224865, 43.553397150814476, 43.70237576423544, 57.41351021820392, 54.91265410437278, 58.83837601350172, 64.0070026234503, 67.55271417854186, 72.69244192870391, 79.7981166295808, 79.8176251029336, 79.14914798907257, 74.6536957903789, 69.9711961345055, 63.33071767562465, 59.67404859032934, 61.95951846929075, 66.73900648482376, 70.86110841276799, 77.06032972997617, 71.55296578480592, 67.4179757866929, 62.74293229599864, 52.905549475835116, 50.97427573777033, 59.58206039811508, 67.0266604738738, 75.62352141187145, 86.62034108657208, 98.3899349335779, 101.79286022107408, 116.71723305136815, 118.2063061658049, 114.56183799120043, 108.95870718897953, 108.10171376515765, 106.25692425290441, 105.42799451356366], [8.529561173080415, 12.040465829732256, 16.828912096437993, 22.94196565636838, 14.880823809298297, 7.282101759982626, 0.0, 42.807796570965124, 50.74839519610099, 60.32968846128607, 67.05656419972084, 74.41677564917417, 66.52993918665419, 59.30112165614492, 50.99713771363026, 26.145231119597337, 25.8987280881839, 27.315000342631574, 31.63005267431332, 36.58815762494704, 32.41082035911905, 27.451980903467092, 21.612236076174096, 18.836167402826987, 20.73438618067045, 51.63372991447406, 59.48123915533194, 65.86017960487494, 74.77358787800657, 80.34219180676114, 79.23631499321206, 72.46226657262545, 64.95063248344894, 56.43594484096601, 50.132843331946255, 23.661064686269146, 25.654984307221138, 32.805149949538915, 32.303194860479266, 40.899895117601666, 49.79162021328674, 53.63384928988842, 54.15473281034118, 51.985442867107984, 45.26847558058039, 37.103572650459064, 37.068818202547256, 56.67083962667846, 53.28075686118554, 56.12823789560198, 60.549822277717, 63.35309140439495, 67.92822210437245, 74.66905584727144, 75.49838390037466, 75.49141998329547, 71.70934257101294, 67.82094786372305, 61.8054753766777, 58.31321487626952, 59.51918208082208, 63.43003613330676, 66.86669946489994, 72.26339494945844, 67.59881681359875, 64.14375349968732, 60.33464381460702, 57.1934189009175, 55.313564372500345, 62.975301863207086, 69.37814104321252, 77.58768552659548, 87.53653115563331, 98.16928907021585, 99.57282773206715, 112.79561942970435, 113.03038951664045, 108.85778548012138, 102.86085226682505, 101.5640663410322, 99.43980238796713, 98.65784869223376], [42.90718050430582, 50.23398348188929, 57.509649960894706, 64.77450084855715, 57.59281094166876, 50.05876095023118, 42.807796570965124, 0.0, 9.141241067962381, 18.346790363455675, 24.4217391273509, 32.8248350671648, 24.151818412012187, 16.90250448025623, 8.558025062563674, 40.858279309243684, 47.64579733111662, 54.55176747622556, 64.59788216241097, 73.03498427794663, 70.4099101237046, 62.80239973447807, 53.25029984262003, 44.9230946625449, 38.28484358338874, 20.428060059331727, 25.54349502095827, 29.003126942209214, 36.1669152391788, 39.95489225469178, 38.02138983526591, 31.755243184363003, 25.866297295555448, 18.82655811464114, 17.04123214187739, 28.812505136206035, 31.328032115695827, 39.04034970497989, 46.54901248161647, 49.51357770624209, 50.87282006900535, 46.19924166848693, 41.19277081802231, 31.851862979257128, 31.774065718892714, 19.730329208336745, 15.639624061439617, 71.97354996186763, 64.71485101029373, 60.55866290632005, 59.02655622756879, 55.98981656181671, 55.35981305681624, 58.10682499679191, 65.04893301413829, 69.71928109781892, 71.33944412645103, 73.02024961378132, 71.89864407965183, 70.11807417659396, 64.82340359060734, 62.286784367631974, 60.312854100120674, 58.80728944938411, 61.199921394261814, 63.097880815596284, 65.65386562108684, 90.60689728443698, 90.33447184352933, 94.81268059172517, 96.86759681802121, 102.65141730937933, 106.94651288798572, 110.92607390326289, 100.32610123909663, 101.76431166742574, 92.60330923434782, 84.3325836975772, 75.2337533168871, 69.5071052044539, 63.703630778522644, 61.856861996011745], [49.89456941697614, 57.13434579631528, 64.61155579300386, 72.50802607897435, 65.43727054723716, 57.9122891616039, 50.74839519610099, 9.141241067962381, 0.0, 9.597973183169977, 16.703665282138946, 27.462149118704566, 18.965327349712183, 12.565266170060307, 7.607255819395452, 45.056465099955645, 52.16197466997961, 59.37278743999248, 69.97025690816935, 79.09814625804151, 76.78764092095713, 68.66019538830342, 58.91823291321772, 50.48162732882879, 43.489341004652786, 15.44405336261158, 18.12975084122752, 20.331223851436196, 27.400177312949165, 31.783371668898457, 30.026962447996187, 22.781580411385754, 16.823514950762135, 10.780238648664419, 12.245286240580946, 34.307556584903345, 38.04263349904994, 45.8248598021993, 54.870228945990924, 57.25494810457955, 57.21238031070453, 51.80543862669793, 46.647589253609134, 37.03416029102478, 36.39996995041728, 25.00837385390186, 18.841090721618666, 80.35211809414007, 72.67274598013036, 67.7411738937935, 65.50893357673142, 61.7937703801914, 60.49414486226046, 62.59217745632861, 70.35250062965397, 75.6171013780519, 77.9611809931182, 80.28887243119077, 79.78297999911582, 78.2097208845472, 72.17263182535768, 68.84648019022953, 66.22804665076751, 63.82748578988157, 67.13565727544511, 69.6821691682582, 73.01391506858808, 96.62669741492006, 98.03896916364289, 103.40332224090562, 105.6823075194859, 111.57783344855129, 115.58326961144493, 118.99269118229336, 106.92155574080263, 106.50641129519447, 95.38034258994432, 86.13975125984183, 76.18232766275605, 68.71393708429216, 60.39444206582604, 56.04726773978814], [59.281578038063124, 66.47394039918203, 73.99803888910841, 82.02019862616646, 74.99960479152661, 67.47812410319658, 60.32968846128607, 18.346790363455675, 9.597973183169977, 0.0, 8.132227179687865, 21.190293230538035, 13.599144849230523, 10.64514434880777, 12.84347214360984, 53.233824962241634, 60.45550118614627, 67.78905782941293, 78.60339425253292, 87.97719091284416, 85.84247539709258, 77.5458098004698, 67.75766518356613, 59.31249147331436, 52.1888615919468, 18.430610111328328, 16.739696877667704, 15.253424910552843, 20.06277328163437, 23.64725440961773, 21.617437920880565, 14.03128707084482, 10.301431739055156, 10.167039614284683, 16.35265279969782, 43.09113938174141, 46.57891536623648, 53.610213600536426, 63.101286189940524, 64.68785416126694, 63.41582852705448, 57.00852368689097, 51.389326934190116, 41.55190237792302, 42.08902086535848, 32.558653230062816, 27.01878156012541, 87.75180849375779, 79.77583365959377, 74.02103170757712, 70.92260945011003, 66.36219993733295, 64.09128859421395, 65.14494579944993, 73.81786426483701, 79.77428103826848, 83.03294565638524, 86.20912170083385, 86.4882488474137, 85.21359331464191, 78.41969750417013, 74.17124194717903, 70.70635293062728, 67.0386817015721, 71.59701585929199, 74.98907398255298, 79.23317462941993, 105.10904894075357, 107.00031226529259, 112.21688360634806, 114.09367135408652, 119.6853864850733, 122.93228795659775, 125.32538199809098, 111.36331490926884, 108.57297889765647, 95.3767177868239, 85.23772201743138, 74.63550879746646, 65.71836864955715, 55.65316251558172, 49.94427393498244], [66.44047229050292, 73.70150958044347, 81.11393954409814, 88.62847681776414, 81.74672878134476, 74.2784208618188, 67.05656419972084, 24.4217391273509, 16.703665282138946, 8.132227179687865, 0.0, 13.795688472240661, 8.557538087285911, 11.116781404207604, 17.19438707641869, 61.20115483927464, 68.34588866584738, 75.54350520442479, 86.05696963731685, 95.00669409043213, 92.92960679977988, 85.01460756045446, 75.39409401067846, 67.01132042886692, 60.00092242107782, 26.279933995594245, 23.21895477078695, 19.27512200618077, 19.1115269943718, 18.786564074272736, 15.71671945763883, 12.043723698416407, 14.290274750508926, 17.781846530434066, 24.41775174980025, 50.838596539225286, 53.57087515043505, 59.76665929858594, 68.23601160495919, 69.28917530373776, 67.7528835621817, 60.46160368736348, 54.05258304938775, 43.855418923751635, 47.22107361977637, 39.18352562407699, 34.85382092454328, 91.23575761662842, 83.44833611450703, 77.33501463213503, 73.59362936501779, 68.31934460471126, 64.97085705532551, 64.62960074306591, 74.15477959623367, 80.70501351056595, 84.7479721923707, 88.63481700661386, 89.45757450710899, 88.42374204609145, 81.39184660585077, 76.53592320656153, 72.29773819213507, 67.18985834395133, 73.1175170969953, 77.27407472837501, 82.12781628963415, 111.12880004829259, 112.15336516970862, 116.3932128058309, 117.51821478039933, 122.75764243144646, 125.14849703187333, 126.4901519398372, 111.55817929208428, 106.01182659806256, 91.15130644016428, 80.34322990020009, 69.22481738542398, 59.37215919901806, 48.75832961980313, 43.99603961080027], [74.77055255565448, 82.09620216225387, 89.12066463140927, 95.29426104241513, 88.87464058090939, 81.67358065110912, 74.41677564917417, 32.8248350671648, 27.462149118704566, 21.190293230538035, 13.795688472240661, 0.0, 11.109225135259567, 18.286685312305398, 25.059668313255546, 72.12424002054617, 78.92505581918428, 85.62548873096858, 95.15376524552381, 102.83635740349477, 100.82963219828653, 94.02965403530582, 84.96617211688056, 76.85381863373665, 70.30469410463994, 39.46770866286894, 36.554809974940646, 31.795383914953472, 27.082840075954, 20.38351180327504, 16.3534303417402, 21.719747377375846, 27.37278425673813, 31.14047459444772, 37.331257420047066, 61.25995922174297, 62.98346508352208, 68.1559540292972, 73.82913605320113, 74.51459172935574, 73.69789658815921, 65.51981233911602, 57.84727658669862, 47.23457390020046, 55.55924907102746, 48.961434415934484, 46.11037126226699, 93.45752749210612, 86.61983424722395, 80.66771137358762, 76.38213593801237, 70.36312247755477, 65.4306196679816, 62.59601956181503, 73.21241460692042, 80.43143488010695, 85.37331002451556, 90.02515099278261, 91.25834727837145, 90.47726663256846, 83.85892804462225, 78.62283379833805, 73.46079694727456, 66.13188316160891, 74.10670021756383, 79.17031491288314, 84.42284955626775, 116.6529582505185, 115.41130458180994, 117.66123157756739, 117.51899857074788, 122.39177226871858, 123.56587035951958, 123.43482860702748, 108.64030685656212, 98.20972507871335, 81.1351442158037, 69.41296413447948, 57.28736658484533, 46.08234826836043, 35.53302420483742, 35.79577625178164], [67.00688659107986, 74.34531493860355, 81.54839478363922, 88.27068837433961, 81.26949918489716, 73.80999163292888, 66.52993918665419, 24.151818412012187, 18.965327349712183, 13.599144849230523, 8.557538087285911, 11.109225135259567, 0.0, 7.759268948093048, 15.727777041551517, 63.808950789802715, 70.899449179415, 78.01258263563903, 88.19250372056217, 96.5064670513882, 94.13453072159021, 86.70292029259569, 77.1624967752929, 68.77801078746893, 61.89250551418772, 31.554951072471955, 30.178665389888053, 27.379012139076625, 27.415875661743343, 25.088106394636924, 21.326205515496518, 20.426661784625164, 22.201050716217374, 23.60672240944742, 29.050964365419475, 52.134253852682534, 52.88064578355346, 57.69821184821842, 64.51929801529043, 64.98840311445258, 63.555383644294444, 55.616077913274644, 48.45968544765677, 38.001514074596024, 44.65798587226435, 38.40343014709812, 36.67853666331532, 85.61801090594136, 78.05007634478386, 71.76714809189177, 67.63225223544983, 61.94342634524376, 57.913491848825835, 56.77466534377758, 66.65678282920415, 73.46515736557956, 77.90492427310238, 82.21114158362296, 83.40359674036226, 82.57282524407451, 75.45018868489903, 70.26698575486276, 65.56916090746914, 59.626577178416916, 66.32359193404452, 70.92647079253202, 76.11162325493568, 112.29462754272596, 111.01319059436989, 113.25240593318796, 113.14317115452016, 117.48249862368928, 118.94600555515798, 119.45031038436598, 103.71002770330881, 97.55640783408357, 82.85542073539627, 72.31450017219188, 61.72060364889949, 53.15978155578082, 45.94975297833239, 46.086859270715486], [59.773186796665115, 67.09373401668259, 74.35115014313955, 81.329572656811, 74.11310439832845, 66.56739090437323, 59.30112165614492, 16.90250448025623, 12.565266170060307, 10.64514434880777, 11.116781404207604, 18.286685312305398, 7.759268948093048, 0.0, 8.391086689547546, 56.58405769141991, 63.71712179912888, 70.92559715127217, 81.28016475248269, 89.80183093043601, 87.26720770025648, 79.6140626789248, 69.92962494014897, 61.47837392599523, 54.52747251419969, 26.129187108304805, 26.582848180467757, 25.848902097461433, 29.166387302571533, 29.53323913987267, 26.35432985841399, 22.405754264791646, 20.744750625471422, 19.175369863792092, 23.223823436478604, 44.55318372384094, 45.14952524792095, 50.30136011247931, 57.69110678302532, 58.523906634539884, 57.37997038575985, 50.077414373182656, 43.43903779652501, 33.04340487227533, 37.907016164933836, 30.753729877625805, 29.243381732111537, 80.15524656865071, 72.3782848814272, 66.36488719778795, 62.77332414050795, 57.698685560957735, 54.66700938811994, 54.94667596762084, 63.99687604013204, 70.24590181401831, 73.94927358356517, 77.62287323193205, 78.34471311791721, 77.30912752831392, 70.34804341293385, 65.68584594205547, 61.6775763895675, 57.11171142743185, 62.50148144298525, 66.41788320952936, 71.07877681304093, 106.51258201167546, 105.38433395446145, 108.01922469661675, 108.32297550452324, 112.77130212928887, 114.87999108738414, 116.27919011576759, 101.29982623822913, 98.06244531668769, 85.27783750899145, 75.58331155861599, 65.73767823963011, 58.514590446718785, 52.36899261474366, 52.00629047362946], [51.409935460201716, 58.73752509419935, 65.97540837487487, 72.99193868602471, 65.7988732646393, 58.26560689235799, 50.99713771363026, 8.558025062563674, 7.607255819395452, 12.84347214360984, 17.19438707641869, 25.059668313255546, 15.727777041551517, 8.391086689547546, 0.0, 48.92110892365858, 55.89056185072034, 62.94189300728662, 73.10257516629474, 81.50685938244425, 78.91866330459528, 71.35312976428001, 61.756294948305595, 53.37309619541979, 46.5826944677135, 22.493488958221754, 25.28338069180662, 26.704443726597148, 32.16045653016468, 34.33707517375161, 31.79285156289956, 26.537703446337797, 22.41002774488463, 17.64255003195275, 19.14274562297151, 36.78287957691995, 38.01203371112465, 44.20580011271972, 51.51133004145727, 53.304144391729174, 53.386355819295495, 47.21058541682053, 41.17803085919834, 30.976666556264103, 33.93598149123141, 24.550477911273457, 22.242380086883525, 75.32349672491954, 67.79307282120996, 62.639840019195105, 60.000914575665924, 55.85536384063831, 53.943532477562414, 55.42383221025757, 63.50833385458923, 69.02670026466566, 71.7392415084971, 74.47859009293138, 74.31871676825017, 72.92760763122551, 66.74803688103815, 63.07910056819002, 60.0118134204782, 56.87747418752752, 60.86844083864164, 63.84783924320175, 67.5246916920762, 98.52670601495858, 97.60909099805288, 100.95824712103929, 102.00388245807096, 107.0562208133594, 110.16547497254003, 112.7740590337368, 99.93050339589622, 98.95856779795788, 88.01532890994655, 79.05072793993541, 69.58068204414514, 63.20861698783663, 57.40206780791349, 56.49347794409446], [19.06987674057329, 22.156030377427832, 29.107568683855575, 41.01213675219014, 34.60215544272631, 29.070887421352193, 26.145231119597337, 40.858279309243684, 45.056465099955645, 53.233824962241634, 61.20115483927464, 72.12424002054617, 63.808950789802715, 56.58405769141991, 48.92110892365858, 0.0, 7.761666751483921, 16.166141660775896, 29.16382406144005, 41.59915303782377, 39.041799800966686, 27.81298139711791, 17.26527494194587, 9.887447450336866, 5.763450665698199, 38.03316274294089, 45.332064999167414, 52.791938755640004, 63.45319252470958, 71.92242628549972, 71.80943819843775, 62.61882330834432, 53.728505164763554, 45.57110313233055, 38.2892346647866, 14.68096973301614, 26.977984187989325, 38.448554297204204, 48.77424717038942, 55.281977745442234, 58.97567084482874, 61.60692578288025, 62.55211221877923, 59.11959592926129, 46.04273503587173, 34.530650179695044, 28.112596034794194, 77.71943728317085, 71.50466817404275, 71.17459555365802, 73.86911443819926, 75.31644982505408, 79.49920653997877, 86.68546733212989, 89.09836978083915, 90.34666754317816, 87.92602418198797, 85.46039922752888, 81.18865409969442, 78.2189158993948, 76.12088300725307, 77.77859877297902, 80.11267807104866, 84.88140584272053, 81.09135469049802, 78.77147321015407, 77.16336658332087, 66.0626886213532, 74.54987975699936, 87.34363527812528, 95.22776649995556, 103.67544234583674, 113.22892947052544, 122.94347556850107, 119.4418207629976, 131.17739747429331, 127.65395456147398, 121.4102590752845, 113.55203718161556, 108.93870094324335, 101.68415754901538, 94.68356864569654], [17.93985857034288, 18.46435400903389, 24.221156670179504, 36.36158114453114, 31.02941919844819, 26.962606826289594, 25.8987280881839, 47.64579733111662, 52.16197466997961, 60.45550118614627, 68.34588866584738, 78.92505581918428, 70.899449179415, 63.71712179912888, 55.89056185072034, 7.761666751483921, 0.0, 8.499489539426532, 21.73982541194029, 34.64173194216675, 32.234782960326314, 20.619665971120387, 10.689245485578622, 7.0635574544090725, 10.248204061229359, 45.41548698312257, 52.49338589469047, 59.80681438632114, 70.11316337429388, 78.5432292838872, 78.5634655618306, 69.64053516566254, 60.91919478564387, 52.901833965468, 45.71255063874063, 21.378575913567744, 32.33439648873337, 43.001236899538725, 51.676569243137095, 58.754838492304415, 63.41628118659783, 66.91097721550152, 68.23096828993091, 65.26299770302877, 52.44217185768035, 41.53772889124962, 35.62125823366571, 79.48473122651737, 74.08492214965224, 74.78150511869228, 78.17353303447189, 80.23110025049313, 84.81267034449154, 92.16806468974025, 94.04254328081498, 94.80151451694842, 91.77964238234907, 88.63181696384996, 83.7032017971259, 80.52559456117642, 79.46675684401329, 81.93774170321261, 84.82834854271364, 90.1300853967332, 85.76778695822445, 82.89196497786, 80.47880875144274, 59.866429152099734, 69.88620738146068, 84.2878802026126, 93.35893042783954, 102.54676251836878, 113.13012633079477, 123.89563240640891, 122.61870147437202, 135.29948377369345, 132.70226534715422, 126.80177218095388, 119.07006590461647, 114.6837067669734, 107.44880236539447, 100.31718678137617], [19.32536362357961, 16.870755731654967, 20.24500350583358, 31.846935547259502, 28.36253345280685, 26.381712933103206, 27.315000342631574, 54.55176747622556, 59.37278743999248, 67.78905782941293, 75.54350520442479, 85.62548873096858, 78.01258263563903, 70.92559715127217, 62.94189300728662, 16.166141660775896, 8.499489539426532, 0.0, 13.38680531269996, 26.72176796875014, 24.68711794811449, 12.971527604499208, 6.4885027367763355, 11.049350973059232, 17.559082893498196, 53.16697736408152, 60.02220176907183, 67.10036884405538, 76.89084045533382, 85.13985368755507, 85.28675185695293, 76.78355883320738, 68.33232622328825, 60.476426159445076, 53.43753172218445, 29.003788792492163, 39.070860778334236, 49.03459880519259, 55.711867982843344, 63.32703665792981, 69.06324745305886, 73.18204956010253, 74.63581696643575, 71.91010123007241, 59.8092820452572, 49.208276907449196, 43.493489231176206, 81.91857595934344, 77.52994218468416, 79.30396703907402, 83.32497936109787, 85.88283010481528, 90.69624884918673, 98.01862559406173, 99.48343154872039, 99.82868852106267, 96.28026236113402, 92.50752323624019, 86.90703393688418, 83.52447522962999, 83.62280860977056, 86.87785058260623, 90.2170360169127, 95.82884800126476, 91.10372641444478, 87.77397106337334, 84.58377459530047, 52.44134212787213, 64.28097492769325, 80.58275890975553, 91.01609660297898, 101.16310090603288, 112.85593278099701, 124.69997802639259, 126.06328312102046, 139.25494792005878, 137.50088804778844, 131.9103486963573, 124.23728520270463, 120.02126290763306, 112.76400758186344, 105.58002793447416], [25.171950043738406, 19.845023257822323, 18.110292286796426, 25.97884205761914, 26.56422719361284, 28.21134885898519, 31.63005267431332, 64.59788216241097, 69.97025690816935, 78.60339425253292, 86.05696963731685, 95.15376524552381, 88.19250372056217, 81.28016475248269, 73.10257516629474, 29.16382406144005, 21.73982541194029, 13.38680531269996, 0.0, 13.807531047982513, 12.881064215829257, 5.543220476160496, 13.782433620464204, 21.93303464227841, 29.45485993986705, 65.05405818645927, 71.70307504879841, 78.37946422015558, 87.31250743925366, 95.01506951724157, 95.2433368687688, 87.54466363519701, 79.58689561505086, 71.91220803546939, 65.14140222374519, 40.64359113172262, 49.52613713604286, 58.506602000575676, 61.956757482904166, 70.20949906841878, 77.57793093186423, 82.34566493649162, 83.76966061077188, 81.28026633872334, 70.73767658077875, 60.50462459314509, 55.207891694110145, 85.08766911657406, 82.41197881760375, 85.78512544359411, 90.62844214136264, 93.80602474530943, 98.7882528760634, 105.85153370607033, 106.77875867415452, 106.56501759241085, 102.32624475026861, 97.71976506006605, 91.16488942573291, 87.51690849206561, 89.42211556308251, 93.7753751964564, 97.65387688007876, 103.50290429459181, 98.44236836505402, 94.55903601327763, 90.27880213871511, 40.05613996155382, 54.36858731764029, 73.50755660057739, 85.98206742427624, 97.6465606033452, 110.94296516540332, 124.31666451176424, 129.98615441307822, 143.54010556239305, 143.1107481131913, 138.06781175620318, 130.57350902018817, 126.77806431442924, 119.84014801966742, 113.12298703422388], [32.47159380470304, 26.475429593391794, 21.271923572394694, 21.852881581924475, 27.08789814664292, 31.72947385064596, 36.58815762494704, 73.03498427794663, 79.09814625804151, 87.97719091284416, 95.00669409043213, 102.83635740349477, 96.5064670513882, 89.80183093043601, 81.50685938244425, 41.59915303782377, 34.64173194216675, 26.72176796875014, 13.807531047982513, 0.0, 5.226620444866456, 15.043937966214697, 25.278943853383176, 33.17792951509822, 40.785494521441976, 76.02541139601537, 82.6305664692974, 88.88476827954608, 96.9505313077484, 103.78891286604612, 103.92904775760306, 97.19710448777043, 89.8050247825169, 82.22393467621957, 75.76892995418142, 51.217148440069046, 58.73580049016104, 66.67440064251541, 66.67733083583776, 75.3453616398932, 84.32475420695114, 89.44631784322313, 90.6280057817001, 88.32863501640792, 79.8845084641611, 70.13995020689434, 65.5946301876908, 86.0231106195204, 85.21840191649481, 90.11625936470462, 95.62499600868193, 99.27893531625614, 104.23991207026906, 110.82138874521682, 111.25134331212777, 110.53443554391356, 105.73219773175056, 100.44085240082934, 93.04546680860722, 89.2019451423147, 92.92794290338405, 98.26157391185708, 102.52587180926986, 108.37638587180092, 103.19278848578323, 98.90378635764729, 93.64937160913742, 27.34033262517391, 42.31118212784688, 63.81289619475013, 78.08020138227663, 91.19425381909645, 105.86359742456081, 120.53101841247032, 130.6523967652299, 144.16604522196866, 145.19792717798606, 140.86465092887514, 133.76314325199854, 130.7172840154446, 124.745695113501, 119.36275255565523], [28.791971296893315, 22.34771649392586, 16.498846068426875, 17.455073844816635, 22.229721947899954, 27.11970241759075, 32.41082035911905, 70.4099101237046, 76.78764092095713, 85.84247539709258, 92.92960679977988, 100.82963219828653, 94.13453072159021, 87.26720770025648, 78.91866330459528, 39.041799800966686, 32.234782960326314, 24.68711794811449, 12.881064215829257, 5.226620444866456, 0.0, 12.12027914071767, 22.177650545754638, 30.09993327400208, 37.78374406115664, 73.98506485214529, 80.8934162733734, 87.32704223005159, 95.73801700371659, 102.53432877003469, 102.48610903624781, 95.58587394537132, 88.01962073404121, 80.18623488759665, 73.60161118626604, 47.9460121912025, 54.60955330934913, 62.08247069673038, 61.837806699563, 70.46626676866548, 79.47558455963795, 84.82610643288763, 86.24264020854127, 84.32410600385212, 75.73736797519238, 66.54665778051115, 62.77860263021846, 81.20005014471397, 80.27230167929369, 85.20042857090141, 90.81058105951382, 94.62667371581819, 99.78816327832007, 106.61189033955043, 106.75871310067453, 105.88055241103777, 100.95335066361534, 95.5739388262012, 88.19233577297449, 84.35916386437094, 88.03588973753536, 93.4536327398957, 97.86727895766451, 104.02078582409818, 98.53508409579085, 94.10123493911374, 88.76555094516593, 31.135249813914278, 42.437728342519954, 62.11682174183985, 75.58268685098466, 87.98982902524116, 102.33263386618148, 116.82256774586325, 126.17247385258733, 140.52920239148327, 141.97094352938925, 137.88520646683904, 131.14929906321163, 128.59372159166415, 123.40661458978218, 118.77037380292938], [21.67411305655419, 15.513740141916712, 13.146170008265106, 21.965117645381685, 21.668525722371257, 23.450322222238352, 27.451980903467092, 62.80239973447807, 68.66019538830342, 77.5458098004698, 85.01460756045446, 94.02965403530582, 86.70292029259569, 79.6140626789248, 71.35312976428001, 27.81298139711791, 20.619665971120387, 12.971527604499208, 5.543220476160496, 15.043937966214697, 12.12027914071767, 0.0, 10.885176023740684, 19.494553735531007, 27.29706490590821, 64.32696154082755, 71.35985977616775, 78.2018257938164, 87.43757497985544, 94.95835736010507, 94.94307969993223, 87.17487475858593, 79.08072268203807, 71.10090284022141, 64.20424046403193, 38.13266884076554, 45.77987751408688, 54.12102581949505, 57.01744502446456, 65.26901444419013, 72.82716640601464, 77.92614868726078, 79.62186163556008, 77.6192771138091, 67.07775529218699, 57.57514378101635, 53.374479326271214, 79.86944307618798, 77.20993281507421, 80.75340431313238, 85.78561293128344, 89.20957044737987, 94.43748878389384, 101.74583554719817, 102.28213658808232, 101.82391954515275, 97.37888399272887, 92.60158043145611, 85.98793217394359, 82.33772827325714, 84.34673283414921, 88.89476374286309, 92.99384749096404, 99.21084856449652, 93.77186308909114, 89.67192439549214, 85.20115016308048, 42.03503254926016, 53.24479896153555, 70.74188604099582, 82.49776149372094, 93.50125559901204, 106.53717649253564, 119.82067320086321, 125.09249086234438, 139.60383182174476, 139.8223761473148, 135.15566324776887, 128.13910741748467, 125.013655876006, 119.12930338759311, 113.48771908626227], [14.267825279683164, 10.642318270031064, 14.249130676602206, 26.279636817274877, 22.052902704091043, 20.03538667963244, 21.612236076174096, 53.25029984262003, 58.91823291321772, 67.75766518356613, 75.39409401067846, 84.96617211688056, 77.1624967752929, 69.92962494014897, 61.756294948305595, 17.26527494194587, 10.689245485578622, 6.4885027367763355, 13.782433620464204, 25.278943853383176, 22.177650545754638, 10.885176023740684, 0.0, 8.768319004901278, 16.529423933766743, 54.15780870699998, 61.4367500619713, 68.51622982145477, 78.29126926389917, 86.01945176321499, 85.86834721926176, 77.64404067493474, 69.2600045226509, 61.08538268616847, 54.026284403748726, 27.48297250809366, 35.89221858220784, 45.15919988247697, 50.3501122245636, 58.22241368329834, 64.71586545570051, 69.19268844593275, 70.75508381835202, 68.45917813238945, 57.07100187307577, 47.190693215612725, 42.89929224542258, 75.83714863592337, 71.82336870671593, 74.09652218734256, 78.44899312723224, 81.32324317543967, 86.33257451297665, 93.74113176842015, 94.78009100990121, 94.82372221215083, 90.98036078855858, 86.92466213984201, 81.06493500552568, 77.61555009322646, 78.19771017329637, 81.85349455234389, 85.46223819588285, 91.3668228412635, 86.31198014201013, 82.71095498181751, 79.12884348148087, 51.245549987262756, 60.20315770164949, 75.13128927098974, 85.06348854040729, 94.86326962085877, 106.4903956649252, 118.42018642899782, 120.28152433774217, 134.18422059090352, 133.3103982204871, 128.21727994301483, 121.06621179651289, 117.68596619238417, 111.74804551041181, 106.09304453053807], [10.971357052256984, 12.405504776120317, 19.234751130722252, 31.14966883826225, 25.042169005628423, 20.25204029953402, 18.836167402826987, 44.9230946625449, 50.48162732882879, 59.31249147331436, 67.01132042886692, 76.85381863373665, 68.77801078746893, 61.47837392599523, 53.37309619541979, 9.887447450336866, 7.0635574544090725, 11.049350973059232, 21.93303464227841, 33.17792951509822, 30.09993327400208, 19.494553735531007, 8.768319004901278, 0.0, 7.822078080386053, 45.77060048607177, 53.25661337868034, 60.423471465760805, 70.46334713196603, 78.17553846667771, 77.88516500172959, 69.4650908199778, 60.963874792902836, 52.64515877897178, 45.53013294421409, 18.806696119348157, 28.472588544321873, 38.87348635607191, 45.81237158077781, 53.29517976311242, 58.961879352477816, 62.57573481721586, 63.714372882776566, 60.88310374292911, 49.31889057323055, 38.74173970553109, 34.14950559065055, 73.10324436076606, 68.11950166409203, 69.2935951321088, 72.93846013609824, 75.1765571942226, 79.77870326405161, 87.02028203824813, 88.66650289820753, 89.2546329941464, 86.04968579685243, 82.72437113786454, 77.53556303521079, 74.27830983149467, 73.71583580988722, 76.52287352141806, 79.550197012954, 84.89087835274606, 80.44652024645016, 77.42703700522446, 74.68865665097678, 57.936808928178955, 65.16156080442948, 78.16729765428119, 86.68964728099151, 95.68792853698164, 106.14170993459491, 116.88330143436663, 116.25168148577342, 129.04930882426115, 127.12220281142021, 121.62561763879724, 114.28966026354055, 110.64478674100957, 104.6636327265838, 99.1624983288638], [14.301412728760786, 18.544508430429314, 26.020439055410435, 37.46650526309186, 30.48165325651771, 24.3107605463948, 20.73438618067045, 38.28484358338874, 43.489341004652786, 52.1888615919468, 60.00092242107782, 70.30469410463994, 61.89250551418772, 54.52747251419969, 46.5826944677135, 5.763450665698199, 10.248204061229359, 17.559082893498196, 29.45485993986705, 40.785494521441976, 37.78374406115664, 27.29706490590821, 16.529423933766743, 7.822078080386053, 0.0, 38.38839032015099, 46.06947736633458, 53.38725414382814, 63.815551873893796, 71.6448636217447, 71.24663088165443, 62.48679909324299, 53.787143620766194, 45.34012292452453, 38.1207728445883, 11.450832037811622, 23.04978602934858, 34.54263093017903, 43.64853036932069, 50.46035691436868, 54.93555728377534, 57.64112437762467, 58.43116400079101, 55.0985918246769, 43.006691576858145, 31.688590505014705, 26.56861622847726, 72.35889939873864, 66.39621794138574, 66.3773724875346, 69.24821128569671, 70.82445511650947, 75.03097989767038, 82.15389029212544, 84.39067643962412, 85.51576481292543, 82.96525009055705, 80.38661337693884, 75.94396557787125, 72.92264452800741, 71.14210915889296, 73.03090926232287, 75.46166994928105, 80.26950749299142, 76.40989631789591, 73.98817222779583, 72.1577662278388, 64.83795829444018, 71.1264388108417, 82.67297605745982, 90.00790734536274, 98.21136948930894, 107.57567367139774, 117.20114281642479, 114.06062064832055, 125.91400146650723, 122.92670751342757, 117.01280333673263, 109.49241392891645, 105.51638197010055, 99.35657339662524, 93.77752821074418], [48.580310280686525, 55.149345749800204, 62.897774762466156, 72.68378590003624, 65.5421132017357, 58.148632272615096, 51.63372991447406, 20.428060059331727, 15.44405336261158, 18.430610111328328, 26.279933995594245, 39.46770866286894, 31.554951072471955, 26.129187108304805, 22.493488958221754, 38.03316274294089, 45.41548698312257, 53.16697736408152, 65.05405818645927, 76.02541139601537, 73.98506485214529, 64.32696154082755, 54.15780870699998, 45.77060048607177, 38.38839032015099, 0.0, 8.34183787888065, 15.863107809528307, 27.79090378922585, 36.578851793921544, 36.25708216587139, 25.646327028618057, 16.160021376876056, 8.557673464031213, 3.4723562027953006, 30.57954688807071, 37.590636641039495, 47.02077505918212, 59.74173689941294, 62.55947933373929, 61.47381559292386, 57.669386996752884, 54.591948805308256, 46.749966542071654, 39.193556034258904, 26.70309789234189, 16.114106613282445, 87.949825