{
	"dissimilarities": [[0.0, 7.346226593978164, 14.825490178969835, 24.306462714541368, 17.94782762222105, 11.256769279224702, 8.538263136007112, 42.91435573703946, 49.899103530576106, 59.28273471712713, 66.43971354493571, 74.65121497986756, 66.99543443348658, 59.77289704707981, 51.409415056052204, 19.059094211456667, 17.832597247812615, 19.228599665604722, 25.22375822885487, 32.92057179532017, 29.070496893092034, 21.68329147571122, 14.253597713112084, 11.102092206111244, 14.359378532342303, 48.613551248150976, 56.272430142903985, 62.89590915836599, 72.06345940501085, 78.69222785865762, 77.76064490631886, 70.50131856095211, 62.67655826126924, 54.262291252095146, 47.61679223467354, 20.33595415244891, 26.660098755602483, 36.98928885000712, 39.01462339034955, 47.20694748936722, 54.9666122920649, 59.2461637695559, 59.482772773459075, 57.246174103268444, 49.14727108807939, 38.201278390004816, 35.3683112290232, 64.93460553336654, 60.93043739262231, 63.19959793977226, 67.29460971176822, 69.76063336468172, 74.87582589370776, 80.79216766403643, 82.65518265318472, 82.55370572124524, 79.09576891132042, 75.47658177368336, 69.74896448641287, 66.5157071127936, 66.87197474031431, 70.36437804697842, 73.52924189165371, 78.63186825615011, 74.31993446557114, 71.1400120338423, 67.74620951421977, 55.6716036839259, 58.25116370515605, 67.147253292766, 72.0500251280794, 85.55145801282377, 96.23999059101438, 107.25298243266339, 107.89356725597939, 118.84678715321678, 118.61256659466827, 113.28206803997244, 106.37690274280432, 103.60423839123473, 98.0202487335346, 97.21950759322448], [7.346226593978164, 0.0, 7.913803422373532, 18.817941476393052, 13.600441125116088, 9.639423450320512, 12.037921231074494, 50.23992965369561, 57.14287346148534, 66.48092841170592, 73.70323594439043, 81.97641152477517, 74.33399665916751, 67.09784847311465, 58.74153159171513, 22.184854482136522, 18.399627846289338, 16.787074853239737, 19.904455956112837, 26.99174372086535, 22.67604108324003, 15.526110028622202, 10.654930881363143, 12.556898974324989, 18.624406700403345, 55.194600813596736, 62.818202496330485, 69.57698847645459, 78.84954111200553, 85.668970922677, 84.87113907183928, 77.50419372371846, 69.56834437147872, 61.16797372269711, 54.39062623947069, 26.520408174130502, 32.00057919149529, 41.10273849209409, 42.23548854406226, 50.59988146889677, 58.78518145422087, 63.946622416302795, 64.8810410826085, 63.36702836252657, 54.63627016353547, 44.64412269114774, 42.18122005762973, 66.70616093120162, 63.29480760716831, 66.45515207814347, 71.20680745529204, 74.33489713951991, 79.95638007687815, 86.28602174773894, 87.50573105434553, 86.75871468106156, 82.66460979783999, 78.34557311032795, 72.08011009574207, 68.80127579706809, 69.94559682607863, 74.18494921146481, 77.96683967187293, 83.81826248430653, 78.72975840386633, 74.93913936367343, 70.79997556152527, 51.095181569018976, 54.553974483169185, 64.79221807257363, 70.89670464574256, 84.80773282587752, 96.47365850164081, 108.52671364635282, 110.94814832708029, 123.47610840318698, 124.31558282811935, 119.44231410348657, 112.90899114700363, 110.44273490941431, 105.03485287557876, 104.00906571025351], [14.825490178969835, 7.913803422373532, 0.0, 11.792843466432041, 9.614852202291306, 11.155261907856847, 16.856793041650864, 57.572629876182354, 64.67198006144832, 74.05602649501215, 81.15277611394511, 89.02371451868466, 81.57406153989187, 74.39348846016877, 66.01080831895348, 29.338045510872774, 24.368994065124337, 20.317417331037454, 18.116630745220675, 21.59373370645996, 16.651377137361965, 13.165958111712644, 14.471695891944423, 19.568116302415905, 26.28308304844959, 63.050861157481194, 70.61510624111254, 77.2919023563829, 86.3387311626428, 92.96479173407663, 92.19823461843099, 85.096384883264, 77.29720242090751, 68.94806295664851, 62.23233984929319, 34.32012258125327, 38.735824538218026, 46.456443079103614, 45.50618808664766, 54.07138583451304, 63.03935101189489, 69.02834939978555, 70.27777545389617, 69.27719446972347, 61.08496566993928, 51.97651458839327, 49.99959536466802, 67.47101275675466, 65.11262385611877, 69.45346180883114, 74.87114745451507, 78.60079950921794, 84.47543415711152, 90.91936684501366, 91.49915650153606, 90.1495926074322, 85.43582763959856, 80.4066069201741, 73.46916085990793, 70.17883927584391, 72.46302616130008, 77.56549572740582, 81.88456237125791, 88.21623015529997, 82.57931219287345, 78.24653274285049, 73.24820202203284, 45.5590413639176, 48.53288748487329, 59.69203053465865, 67.06488878344103, 81.48307603246285, 94.19146495519534, 107.33182139869771, 112.35286359934612, 126.10962508186863, 128.1606815239563, 123.89612341286075, 117.81793058166234, 115.87546811416527, 111.05758968489577, 110.39222284551927], [24.306462714541368, 18.817941476393052, 11.792843466432041, 0.0, 10.125856280594299, 16.8292144535789, 23.23765652332631, 64.93587148694206, 72.54666613584618, 82.02509909328158, 88.6516721274849, 95.32368061196095, 88.40356767200839, 81.44900284784116, 73.08600105702213, 40.80577338746885, 35.93945223667403, 31.191174529256607, 24.988449119808816, 20.90447207917717, 16.422475408481937, 21.11926972477507, 25.888699958855447, 31.06461860581002, 37.41154693108021, 72.64125563841993, 80.10008657093405, 86.36682999295621, 94.66763863484528, 100.46972862756338, 99.56804900826317, 93.34565789745437, 86.08872846962598, 77.88159946974258, 71.52835312241565, 44.26801921599472, 47.27546562568253, 53.376168876622344, 48.555356564391246, 57.32210532809711, 67.61945580746429, 74.33330354290406, 75.30209590804698, 74.54360429689521, 68.7000558203027, 60.500252663906615, 59.24450860572333, 66.01646825333482, 65.57405037233991, 71.592184115588, 77.67456806074772, 81.89857724873151, 87.57997362252755, 93.60499273659073, 93.51511073462704, 91.62555440255142, 86.32930332764695, 80.58456805558797, 72.74545465800266, 69.51603513222938, 73.58016875412572, 79.73854084799675, 84.4491073018879, 90.79024589538749, 85.00108829933853, 80.25243187265458, 74.2044817144157, 39.21217057418136, 37.6839199937238, 48.61781293854998, 57.475680510642185, 72.74670745560935, 86.67487494560883, 101.01421574852857, 110.22792744544566, 124.55814409406727, 128.11963395210532, 124.78681309657584, 119.38495391435474, 118.40169368627858, 114.9799477196858, 115.71863628391985], [17.94782762222105, 13.600441125116088, 9.614852202291306, 10.125856280594299, 0.0, 7.840873316690555, 14.909627712688904, 57.69263949997717, 65.58935782582849, 75.15544252771538, 81.86490880550659, 88.83887547756434, 81.28212984021961, 74.11837436581216, 65.81472900519897, 35.235927529456546, 31.727094101612725, 29.185398453689764, 27.564621802977253, 28.33644324319665, 23.32394323389527, 22.622111742215182, 22.939114462750236, 25.844995521419555, 31.072144637891185, 65.89871524123092, 73.69514856275565, 80.18185599503425, 89.0279787653267, 94.9426814347737, 93.68108449501392, 87.07997396439751, 79.56277814513946, 71.08183289160638, 64.62351873238482, 36.35691675444145, 37.77955418504385, 43.283639597231144, 39.02905056430559, 47.74847656197141, 57.72445872557311, 64.4048678658927, 65.67004336210175, 65.304625844434, 58.8622751881756, 51.499436220014836, 51.4615327835363, 58.71027125426193, 57.15874040156271, 62.44852613101027, 68.34294342039853, 72.52092582587522, 78.47335062077138, 84.95303503532092, 84.83717341560448, 82.97911623473439, 77.83716191922906, 72.38289029309121, 65.01834298391854, 61.742256669518994, 64.89131790568037, 70.657449886838, 75.3397885309083, 82.00113836081174, 75.948703578446, 71.24360498970732, 65.5956003416997, 48.90519473755811, 46.192514828844175, 52.95808460420226, 58.585922206363335, 72.3597368583405, 84.78453827877578, 97.93631216314267, 103.6102018575782, 118.4335660916482, 121.88513939570048, 118.46263814061439, 113.54350063269253, 112.73032775663373, 110.02892640560229, 111.61416293817501], [11.256769279224702, 9.639423450320512, 11.155261907856847, 16.8292144535789, 7.840873316690555, 0.0, 7.28552358471133, 50.08975265687766, 57.934883125548, 67.49666620057889, 74.29001502774585, 81.57165022770099, 73.81323037925253, 66.57885698361704, 58.27262456930244, 29.13483415824985, 26.946273871596034, 26.337528236553158, 28.22523371317887, 32.078875906710245, 27.321521798462154, 23.441646149886612, 20.071981758030596, 20.404554076293387, 24.42135398461662, 58.21923305613067, 66.07469036191821, 72.5925417879311, 81.60006338242168, 87.62057537501946, 86.29041757557023, 79.4968597832617, 71.89406631158197, 63.361235337939966, 56.89344965471771, 28.691628996302686, 30.492473035300403, 37.24367338333374, 34.833868257014245, 43.54743792502168, 52.89989596822897, 58.797753558561446, 59.7034499459969, 58.810607566772944, 51.98848439984156, 43.850000274538544, 43.63174108739372, 57.617552436464585, 54.88740690972039, 58.94239734816738, 64.17303300729027, 67.74208592635894, 73.44936333462844, 79.82613808091546, 80.37752605175447, 79.15365670675116, 74.6504317821028, 69.94015007264211, 63.26356355751043, 59.97846814063108, 61.90727966993825, 66.79190333347587, 70.92810505039856, 77.10503618337815, 71.60984306631974, 67.45640162354918, 62.6895708806689, 53.648975133772396, 51.99513420270344, 58.219586054485106, 62.56373395052904, 75.78933283036972, 87.06295857990783, 99.02649085989908, 101.9478532679422, 115.4549628534836, 117.65578579089942, 113.61087579243205, 108.23297022912996, 106.92654948006165, 103.72390537361768, 105.08638792380407], [8.538263136007112, 12.037921231074494, 16.856793041650864, 23.23765652332631, 14.909627712688904, 7.28552358471133, 0.0, 42.8340858201193, 50.76126716815049, 60.33697813706835, 67.06132069772896, 74.31233899330701, 66.52868123749457, 59.303652147563504, 50.995324756831764, 26.161391582401787, 25.83557585765624, 27.244414284885448, 31.647431806374268, 36.93074436026767, 32.61183838273417, 27.44227377534349, 21.614485943518527, 18.95009885332755, 20.806240028532283, 51.68258923515169, 59.51958623926505, 65.8836825366859, 74.77480651709064, 80.62789962162304, 79.18382464701033, 72.48123308544461, 64.99682699151552, 56.48774989192355, 50.18280541759595, 22.895477767739333, 25.089177489720566, 33.16707318040628, 31.931917035141034, 40.5107301431324, 49.36206926601032, 54.28873177328043, 54.45962586727583, 52.77499889678736, 46.5110801485067, 37.39917893368331, 36.94535644280345, 56.7337062692078, 53.229235230689774, 56.20096113861816, 60.68872795989011, 63.5216536293504, 68.71269580267003, 74.68598466215938, 75.97281589554277, 75.4759062409676, 71.68462317291728, 67.76825141920878, 61.72291633625525, 58.48086611496815, 59.43767840476708, 63.454444865219024, 66.90981275806705, 72.29430631604981, 67.6322430494746, 64.15439095795675, 60.253486868872294, 57.95192172120916, 56.342046353806, 61.75484842948119, 64.99513504394622, 77.79835801990777, 88.01761317979165, 98.84526179325165, 99.7345919191301, 111.5186725461357, 112.48416263553784, 107.89046686115998, 102.04790116219566, 100.35408087362435, 96.85586224177793, 98.32274733724175], [42.91435573703946, 50.23992965369561, 57.572629876182354, 64.93587148694206, 57.69263949997717, 50.08975265687766, 42.8340858201193, 0.0, 9.081583904853932, 18.287631029041158, 24.42026426300678, 32.67695616488519, 24.149499269259785, 16.88401535671207, 8.56950952589149, 40.74069359210427, 47.533194540763965, 54.48836786308223, 64.65528773833678, 73.35349756391432, 70.61460592416786, 62.824679302987676, 53.213302856006685, 44.88656803776198, 38.20744393333056, 20.27798035356475, 25.42804644534263, 28.92750197302513, 36.15535182745412, 40.5157020881104, 37.96433914393791, 31.744755253231375, 25.83605633025917, 18.755512308470863, 16.898730013256884, 28.204457041428952, 30.71825779369504, 39.19760498340364, 46.27517269549236, 49.12478137718161, 50.431887651056115, 46.64129648905666, 41.34900439586828, 32.999441271985155, 33.16111328088988, 19.84651044735769, 15.177030748496065, 71.37576421188353, 64.61004953044011, 60.48676809424313, 59.00461754383884, 56.01073987398194, 56.27236548959942, 58.07813850615222, 64.90695715603606, 69.63507244344345, 71.24833812035013, 72.92016790714328, 71.83072043190921, 69.57677805907909, 64.6763649630045, 62.189634700607776, 60.24128337632617, 58.772825744667706, 61.124961773063234, 62.99602422240084, 65.51378066848008, 91.33750501268531, 91.1905796303411, 94.14196365773714, 93.205509451202, 102.99918899542831, 107.54131023873919, 111.73394050386682, 100.5577277037327, 100.41121710096458, 92.08428645714287, 83.22804097431238, 73.57914641983724, 67.93984774480101, 60.586028226636756, 61.551630527210875], [49.899103530576106, 57.14287346148534, 64.67198006144832, 72.54666613584618, 65.58935782582849, 57.934883125548, 50.76126716815049, 9.081583904853932, 0.0, 9.589787949522398, 16.70249890525014, 27.138837158048133, 18.915836471950822, 12.578003541714121, 7.671948575576026, 45.03164362461106, 52.12548746922389, 59.357857759425116, 70.03208103149368, 79.37613821383128, 76.96164626916509, 68.69288461270595, 58.91280662951784, 50.48322144752679, 43.4838077906178, 15.46590995092419, 18.143795875643608, 20.334361669983025, 27.365420573485874, 32.24899686670534, 29.864588193218772, 22.775403409339887, 16.8817120065464, 10.860853430427369, 12.282715657837276, 34.098269936719916, 37.717071995358815, 46.230136537332136, 54.736960665821655, 57.03869389973505, 57.131012541779285, 52.292714167726096, 46.865635443880215, 38.207846074270776, 37.886031998614385, 25.25463779754443, 18.905709209357394, 79.73324629960433, 72.63709351320252, 67.75007998720578, 65.56505155408901, 61.88260826752104, 61.484468097331195, 62.58751404895252, 70.18926655911778, 75.59180282155823, 77.93206417798017, 80.25349598852662, 79.77490022341098, 77.64699307326106, 72.11144718453288, 68.83141767839487, 66.22859637145706, 63.828248388445104, 67.1307358038114, 69.66027007044103, 72.95614989022091, 97.22317743700773, 98.60896959400573, 102.5763902222591, 101.96296584763984, 111.80390303148461, 116.06014657347224, 119.68512502467962, 107.14951420041125, 105.04808100514495, 94.73507746008217, 84.88010274214858, 74.04913923218066, 66.88568000475087, 56.93081109749119, 55.50893005146196], [59.28273471712713, 66.48092841170592, 74.05602649501215, 82.02509909328158, 75.15544252771538, 67.49666620057889, 60.33697813706835, 18.287631029041158, 9.589787949522398, 0.0, 8.103873445840637, 20.69541058257209, 13.48954787825737, 10.658307129035359, 12.884136389130239, 53.228019805976054, 60.438983089745896, 67.78770866344529, 78.66524556674676, 88.23485744598104, 86.0029075733853, 77.58048463834635, 67.7577129213908, 59.31593984691187, 52.1935004499884, 18.482731779140796, 16.78937218750996, 15.280235824427777, 19.991351725865485, 24.146874426195826, 21.339533204144388, 13.999630053994496, 10.408581232463145, 10.278561144471391, 16.410032663805946, 43.01217800007149, 46.36047550776719, 54.03132619767749, 63.01941493047214, 64.53433582827888, 63.45061602943726, 57.454659936099354, 51.59248452059942, 42.6431869511137, 43.43185195009637, 32.76257900435045, 27.15833431531444, 87.07444638244198, 79.75852647866849, 74.0427265950677, 70.98649612172012, 66.45390616907608, 65.07398279539815, 65.14212380449115, 73.55875264796947, 79.76307468666555, 83.01931499105193, 86.19202253271956, 86.50105370541267, 84.58474666872502, 78.38289617245594, 74.17247914889668, 70.7194358338529, 67.04320079720381, 71.60482781322648, 74.98391537888175, 79.19909139501442, 105.64775612132682, 107.46927156552293, 111.38819894002742, 110.44196285594526, 119.87687457266618, 123.37108962125241, 125.979431907627, 111.59306469929486, 107.07968846131375, 94.68677586740837, 83.90371655580064, 72.1760805885956, 63.72055462017804, 51.954057118703005, 49.272006060420935], [66.43971354493571, 73.70323594439043, 81.15277611394511, 88.6516721274849, 81.86490880550659, 74.29001502774585, 67.06132069772896, 24.42026426300678, 16.70249890525014, 8.103873445840637, 0.0, 13.26987759909932, 8.510057710937158, 11.105038900205034, 17.193300636802842, 61.17845436049422, 68.31090759706848, 75.52368265553619, 86.09793732236828, 95.2252066460263, 93.06282368182393, 85.03337298016123, 75.38555750600318, 67.01217888599705, 59.99452769020787, 26.294762798495864, 23.232705222260968, 19.281253522298623, 19.09608963386855, 19.565588379842424, 15.484896767082626, 12.091681403604918, 14.390783806967885, 17.846511365778245, 24.44022581754897, 50.673573613991714, 53.31374182675167, 60.06900581400317, 68.10459393612041, 69.08688728005367, 67.63246817082972, 60.91213466651075, 54.26384138948305, 44.88660365597437, 48.42284236975274, 39.3591657966138, 34.89693347707734, 90.5005317097386, 83.40963218313179, 77.34324723686055, 73.64899727030975, 68.41019809668688, 65.89081407995428, 64.62737032226613, 73.73722907798961, 80.6747159324736, 84.71424079613499, 88.59336708820997, 89.43398986821717, 87.73127975860497, 81.32728170351156, 76.52033831453545, 72.29858581107737, 67.19385412458594, 73.1124912880486, 77.2512448072972, 82.06577220747235, 111.63679808864585, 112.63942890389154, 115.66180647129335, 114.06144208718204, 122.9570693892224, 125.57767753535735, 127.12392696768808, 111.75548699244929, 104.6168598190043, 90.51151211433988, 79.06969554015734, 66.62437591385564, 57.37240412413991, 45.007440966236366, 43.3550947359743], [74.65121497986756, 81.97641152477517, 89.02371451868466, 95.32368061196095, 88.83887547756434, 81.57165022770099, 74.31233899330701, 32.67695616488519, 27.138837158048133, 20.69541058257209, 13.26987759909932, 0.0, 10.742406142773557, 17.770784475108048, 24.667732910744046, 71.854290782572, 78.6617460569542, 85.41189866558668, 95.05467252636696, 102.93747156618755, 100.85524657281219, 93.90923684676171, 84.7998522530414, 76.69199230336521, 70.081942081237, 39.07690059040975, 36.14820479639328, 31.398121744979477, 26.921816169130015, 21.345759004227258, 16.30681443391725, 21.482274206858573, 27.044334689332572, 30.787588268869552, 36.959461275163434, 60.63076048984544, 62.309671623914646, 67.92648870618648, 73.34835251814604, 73.9262851328432, 72.83923708993582, 65.71695447953967, 57.80933763643484, 47.90838129629021, 56.232155238979374, 48.78823508383264, 45.692413600359735, 92.54315037502444, 86.34733116638313, 80.42547688395442, 76.1854116497341, 70.21629195629463, 65.9712642758902, 62.42633263883697, 72.3206145418251, 80.16623227494345, 85.10666814547403, 89.74687004583454, 90.98516541541362, 89.58416867951426, 83.52165157382642, 78.3442926560319, 73.21047871620895, 65.95269836828622, 73.85380622040829, 78.88723724857657, 84.09247444852619, 117.20025689332397, 116.0965296094621, 117.27630127225062, 114.63379413499223, 122.71351542908204, 124.06679940397838, 124.11098728779757, 108.68984870332392, 97.24996889634892, 80.83249328347246, 68.5926339012236, 54.84267330894387, 44.61881592716199, 32.31593748711724, 35.7400984002625], [66.99543443348658, 74.33399665916751, 81.57406153989187, 88.40356767200839, 81.28212984021961, 73.81323037925253, 66.52868123749457, 24.149499269259785, 18.915836471950822, 13.48954787825737, 8.510057710937158, 10.742406142773557, 0.0, 7.632509955537956, 15.671753132704906, 63.72979727405062, 70.81609331968623, 77.95695779204515, 88.21762183648151, 96.72425372668616, 94.26625478650396, 86.70386967669207, 77.12647767437288, 68.74758493386709, 61.83953185729139, 31.465770766364532, 30.0893955267937, 27.301901134625368, 27.408996986914154, 26.06964265745432, 21.249114595476467, 20.433386926382468, 22.18621408402123, 23.56273311941552, 28.97393122186318, 51.71877941783708, 52.50603600485001, 57.75309381822682, 64.29992547328199, 64.67549036248401, 63.11792395394656, 56.034941373702594, 48.62943700275311, 38.9297990456208, 45.65267517627921, 38.49053120086561, 36.403739519068424, 84.8183374220074, 77.9565600851538, 71.71350458375004, 67.62790706010826, 61.98336237574487, 58.73351039506238, 56.74668203699144, 66.11339628950188, 73.38105419786886, 77.81679281130283, 82.11413553259005, 83.32676976226142, 81.80905701794924, 75.31680284867608, 70.18561455968995, 65.51037244592305, 59.59744082963223, 66.25994137574689, 70.83879719807618, 75.9827796184753, 112.85140091722488, 111.73302797339831, 112.6863719042695, 109.80461543638249, 117.75359913789926, 119.44522742937804, 120.15852833539299, 103.90167503665647, 96.20398907958584, 82.28898610633588, 71.08745362558656, 59.41622221078605, 51.19747716579867, 42.312048505322906, 45.67068443022181], [59.77289704707981, 67.09784847311465, 74.39348846016877, 81.44900284784116, 74.11837436581216, 66.57885698361704, 59.303652147563504, 16.88401535671207, 12.578003541714121, 10.658307129035359, 11.105038900205034, 17.770784475108048, 7.632509955537956, 0.0, 8.402375604868302, 56.59078549682725, 63.705300729562815, 70.92133063696416, 81.32589706103317, 90.02160615166426, 87.40012248509349, 79.63845232742355, 69.93256811206359, 61.49463919809221, 54.54515418715783, 26.201963278149154, 26.646953885251705, 25.888899059526842, 29.137676704451046, 30.286686383278024, 26.153418094798415, 22.423539469771, 20.844793393573706, 19.282942414287994, 23.302264165306596, 44.216160493686985, 44.90694157861776, 50.55530990803922, 57.56869711937374, 58.328340928469046, 57.16567055270373, 50.679294237666234, 43.75041241399908, 34.17766526578508, 39.24579039287294, 31.039607712597412, 29.04496298148321, 79.42030122381006, 72.35826133922001, 66.41239380415436, 62.88027669140345, 57.8473902268122, 55.63559884901424, 54.956725509362634, 63.656550715690315, 70.23556298381804, 73.93520597575287, 77.59831637324626, 78.33301900028636, 76.62686655103474, 70.30315583250689, 65.70438386903281, 61.71329664516554, 57.13529897527535, 62.52877906334591, 66.42622743295769, 71.03533181867186, 106.99984455249738, 106.01874393838753, 107.25541976107354, 104.66705409825626, 112.94125433543856, 115.30163473843467, 116.9219235796608, 101.50798234512939, 96.49788949034433, 84.52579822404336, 74.14074726688547, 63.45180116158445, 56.342945279525296, 48.54146922204515, 51.34964292089601], [51.409415056052204, 58.74153159171513, 66.01080831895348, 73.08600105702213, 65.81472900519897, 58.27262456930244, 50.995324756831764, 8.56950952589149, 7.671948575576026, 12.884136389130239, 17.193300636802842, 24.667732910744046, 15.671753132704906, 8.402375604868302, 0.0, 48.956299471938, 55.893792629042004, 62.942937400792495, 73.14202823870971, 81.71455810745987, 79.03975688638786, 71.37439069948728, 61.7685620434858, 53.411363708358074, 46.62858557562656, 22.64192676127231, 25.404061102600608, 26.77949632205759, 32.142679062802515, 34.93585764042973, 31.617880111425325, 26.574153186306653, 22.549360007213465, 17.823909325852874, 19.3046933278458, 36.41874773344089, 37.749487256348516, 44.56872033390588, 51.37496538019852, 53.10218078419072, 53.188467933459265, 47.931995443671006, 41.57193487686895, 32.28257309140518, 35.57286528093268, 25.001432790609, 22.10043912393566, 74.66420640428673, 67.78640984824558, 62.724610738443914, 60.15457305971417, 56.05348361003597, 54.97139764197118, 55.44763628604828, 63.301588988613275, 69.03279268619659, 71.74088778091051, 74.46505169924323, 74.30447975324752, 72.33544932202813, 66.71761849590828, 63.12881357348042, 60.07902984609396, 56.92069177331608, 60.924988018099, 63.88450895371716, 67.49420383869311, 98.99451302002389, 98.20058059760466, 100.09062799377776, 98.20789403710273, 107.19042533609382, 110.55633222350207, 113.38464735975975, 100.1223147112799, 97.39887324876818, 87.25175822740228, 77.6424128538907, 67.44997400558508, 61.16111720150524, 53.72973406114285, 55.832572824383895], [19.059094211456667, 22.184854482136522, 29.338045510872774, 40.80577338746885, 35.235927529456546, 29.13483415824985, 26.161391582401787, 40.74069359210427, 45.03164362461106, 53.228019805976054, 61.17845436049422, 71.854290782572, 63.72979727405062, 56.59078549682725, 48.956299471938, 0.0, 7.808612297696755, 16.276698563372396, 29.422510870736044, 42.266251012376785, 39.48802651192258, 27.9772047095991, 17.27609806637329, 9.771110865645369, 5.720348588353685, 38.032838519855, 45.3284954373923, 52.780228468891686, 63.36830989430309, 71.91673540223911, 71.6324086658194, 62.54564079097239, 53.69557437664563, 45.549862420627726, 38.28178701804754, 15.515675162953658, 26.845813357537782, 39.363325479632266, 48.83317643946403, 55.24932657759314, 59.502990089960505, 61.84969540936204, 62.609418173336636, 59.92524633665201, 47.25009043331846, 34.60172717935789, 28.544939077498853, 77.62785547234407, 71.5199730487244, 71.1831794105293, 73.8929086810048, 75.33984088755915, 80.43082269338024, 86.66342109452303, 89.59981282736224, 90.35793253749071, 87.9385548135861, 85.48518987366653, 81.28968496137792, 78.1961579514834, 76.13137374955491, 77.78089954813828, 80.11353549445636, 84.86103232742087, 81.09135458181669, 78.7728706253689, 77.17858947478328, 66.98161758743738, 74.99535165701178, 86.06241810167168, 90.95967754071111, 103.906984514248, 113.7556748659049, 123.69601222532675, 119.75112219221329, 129.63922496288208, 126.99900430584182, 120.21810136103986, 112.06406807123687, 107.42162980778207, 98.70631076288375, 94.21337639184247], [17.832597247812615, 18.399627846289338, 24.368994065124337, 35.93945223667403, 31.727094101612725, 26.946273871596034, 25.83557585765624, 47.533194540763965, 52.12548746922389, 60.438983089745896, 68.31090759706848, 78.6617460569542, 70.81609331968623, 63.705300729562815, 55.893792629042004, 7.808612297696755, 0.0, 8.55575412019513, 21.93733067355392, 35.258442135287034, 32.615551541244244, 20.71607734589174, 10.617285425472089, 6.889861404297042, 10.239416989065784, 45.434357853716314, 52.504899131566106, 59.80029888470212, 70.0274043683975, 78.48165140637727, 78.38632112242733, 69.5729718065032, 60.89811745291696, 52.89364386896803, 45.72051384987784, 22.014834816340596, 32.214025119222114, 43.91222805606717, 51.697854846543315, 58.71142121697452, 63.922286959499395, 67.2137422123347, 68.3308721730388, 66.06301252337227, 53.6507175685891, 41.65414100871054, 36.05311017198719, 79.48378691208491, 74.0996074309431, 74.81617415487726, 78.23013160640244, 80.28763692554537, 85.72425218253872, 92.1486786244858, 94.58035538192065, 94.81717284669477, 91.79612272020518, 88.65452395137338, 83.77860589784036, 80.5975875863298, 79.47946649345447, 81.95997071606634, 84.84812997390046, 90.11795270400657, 85.78471619984622, 82.91048635745257, 80.49410385290135, 60.696679142206634, 70.11617458253912, 82.8397994664397, 89.07868718729823, 102.6926164762237, 113.56950856552076, 124.55572584488601, 122.88259862204774, 133.80492641765622, 132.0369368411524, 125.63872405240136, 117.60605646643694, 113.21796464942427, 104.54676119996212, 99.81995332222368], [19.228599665604722, 16.787074853239737, 20.317417331037454, 31.191174529256607, 29.185398453689764, 26.337528236553158, 27.244414284885448, 54.48836786308223, 59.357857759425116, 67.78770866344529, 75.52368265553619, 85.41189866558668, 77.95695779204515, 70.92133063696416, 62.942937400792495, 16.276698563372396, 8.55575412019513, 0.0, 13.528849726470684, 27.29556846683513, 25.007408680029602, 13.006900851487298, 6.438307491869429, 11.091541328991475, 17.64172466650619, 53.22477152336533, 60.06798173560782, 67.12074404330373, 76.83653456167664, 85.05758168722406, 85.14737149718428, 76.7515206131893, 68.34875515840879, 60.50667469733013, 53.48404015714007, 29.51280322462253, 38.94520104482226, 49.91846266481945, 55.68521141942598, 63.259216028628984, 69.48842042129162, 73.56978153074893, 74.80120830744758, 72.7411500358134, 61.05086033358903, 49.39300853158752, 43.960350934793844, 82.02669180823335, 77.55070259420474, 79.37529175128972, 83.42675846268914, 85.98824656577592, 91.5956116066518, 98.01939202248742, 100.04261834681435, 99.85540480435503, 96.30651270808248, 92.53135873073738, 86.953611420767, 83.70678927566759, 83.63949655281107, 86.92766546737721, 90.26600235819639, 95.84160595198159, 91.14760578948292, 87.81690492745471, 84.60088668800047, 53.20871842284998, 64.28702226190426, 79.01623114631367, 86.85161750123659, 101.25111836320394, 113.22373866283932, 125.27557455365096, 126.28013312468323, 137.8754101275428, 136.8715752434158, 130.8373763235812, 122.83165687969903, 118.67627545655932, 110.01817234321358, 105.1066439980259], [25.22375822885487, 19.904455956112837, 18.116630745220675, 24.988449119808816, 27.564621802977253, 28.22523371317887, 31.647431806374268, 64.65528773833678, 70.03208103149368, 78.66524556674676, 86.09793732236828, 95.05467252636696, 88.21762183648151, 81.32589706103317, 73.14202823870971, 29.422510870736044, 21.93733067355392, 13.528849726470684, 0.0, 14.251417606548276, 13.040773548503557, 5.59793376364342, 14.036496537664299, 22.244777255145348, 29.709832107302606, 65.2166116242688, 71.84434421438365, 78.48185240954119, 87.34598764257255, 94.96532201834097, 95.19980752617175, 87.60683712575172, 79.70253418900914, 72.04493249677738, 65.29229700297748, 41.04730308391591, 49.435905658799186, 59.380787018494566, 61.88736685618917, 70.13140532502058, 77.86348551405105, 82.93124203692383, 84.08988640568204, 82.20621490257187, 72.10124167871385, 60.84851286785669, 55.752647311226, 85.38908478151, 82.47726754220453, 85.95698849762375, 90.84572453039638, 94.03344491951007, 99.69717728460692, 105.91756521734223, 107.37583301531068, 106.63860605545293, 102.39776140769615, 97.77326537101594, 91.18575172312941, 87.894465287681, 89.47567938956485, 93.90588326416787, 97.78595898720508, 103.59019851718362, 98.56499880428112, 94.67649548949068, 90.32856913644828, 40.667067961647945, 53.97672951703312, 71.77679405242465, 82.11127351443054, 97.64657682927422, 111.19436014309687, 124.75185292051043, 130.13518476902436, 142.3895730361777, 142.56516351357166, 137.17180955835687, 129.30781431643013, 125.65786064759513, 117.38300408798862, 112.71706000389645], [32.92057179532017, 26.99174372086535, 21.59373370645996, 20.90447207917717, 28.33644324319665, 32.078875906710245, 36.93074436026767, 73.35349756391432, 79.37613821383128, 88.23485744598104, 95.2252066460263, 102.93747156618755, 96.72425372668616, 90.02160615166426, 81.71455810745987, 42.266251012376785, 35.258442135287034, 27.29556846683513, 14.251417606548276, 0.0, 5.408204159611583, 15.648411630172598, 26.02695903569962, 33.96693884419434, 41.45676730164673, 76.47001331621303, 83.03157302599283, 89.2147113920708, 97.18501343741141, 103.90287876704951, 104.07351754499136, 97.475470278866, 90.16373979786044, 82.61619143672245, 76.19674158884376, 51.73886064596454, 58.91498261486072, 67.76045898183885, 66.74740211819143, 75.43922874216832, 84.62240277040043, 90.46389063369404, 91.29929535224174, 89.50727789382363, 81.60651529474029, 70.85952035643382, 66.3745200860177, 86.63731279289692, 85.4906949177836, 90.57508654782583, 96.14435316261469, 99.80825241250251, 105.29271225580054, 111.07465164343752, 111.98631684380067, 110.78803737970554, 105.98745423357498, 100.66231597122972, 93.16114997142458, 89.90123501693331, 93.17418356850884, 98.6407103247962, 102.9004209120786, 108.67113057316566, 103.55023381805152, 99.25936779521541, 93.88374622655394, 27.434109395717556, 41.28266059307651, 61.802950400976314, 74.52727574725871, 91.04701595940642, 105.94706532529237, 120.77833553166217, 130.78149406942651, 143.285032918861, 144.7474397042453, 140.1680857671782, 132.69302399219515, 129.8334195608701, 122.59469557350758, 119.03665028910424], [29.070496893092034, 22.67604108324003, 16.651377137361965, 16.422475408481937, 23.32394323389527, 27.321521798462154, 32.61183838273417, 70.61460592416786, 76.96164626916509, 86.0029075733853, 93.06282368182393, 100.85524657281219, 94.26625478650396, 87.40012248509349, 79.03975688638786, 39.48802651192258, 32.615551541244244, 25.007408680029602, 13.040773548503557, 5.408204159611583, 0.0, 12.448524048571738, 22.678362311213693, 30.661493583059286, 38.24664492794599, 74.28600045805307, 81.16197566557858, 87.54256592250773, 95.88151911566956, 102.63274753053976, 102.5541745377618, 95.7651122573241, 88.26123511497883, 80.4516023711135, 73.89069696465909, 48.234370721155564, 54.6215083115732, 62.96473957051506, 61.79195751895764, 70.43386638902577, 79.61899600596769, 85.67621525535645, 86.76781267238474, 85.34115820934623, 77.24223664473394, 67.09520311529074, 63.33812576378244, 81.72579612751443, 80.43454936820949, 85.52747573893112, 91.19588558227002, 95.02479966440715, 100.72297398378257, 106.77722466815638, 107.43885817967903, 106.04001418820017, 101.11150265459455, 95.70031126222436, 88.23191324073034, 84.96633697366948, 88.17405851321348, 93.712588937037, 98.12676355823814, 104.21921092611879, 98.78009546919819, 94.34004245301165, 88.89499193430265, 31.515746522895924, 41.9199521632947, 60.217390934108316, 71.859624542695, 87.90878623049288, 102.48950768791526, 117.14812604555617, 126.28489502604062, 139.56555998998283, 141.49708114235432, 137.13440079280582, 130.16230648131472, 127.65372294336196, 121.17676564152964, 118.43702122296149], [21.68329147571122, 15.526110028622202, 13.165958111712644, 21.11926972477507, 22.622111742215182, 23.441646149886612, 27.44227377534349, 62.824679302987676, 68.69288461270595, 77.58048463834635, 85.03337298016123, 93.90923684676171, 86.70386967669207, 79.63845232742355, 71.37439069948728, 27.9772047095991, 20.71607734589174, 13.006900851487298, 5.59793376364342, 15.648411630172598, 12.448524048571738, 0.0, 11.04642892854306, 19.71446624216367, 27.469794557164747, 64.43599463270228, 71.45301596451871, 78.2659691121263, 87.44420599175078, 94.95828739187374, 94.87896242212273, 87.2049861037491, 79.15528941141486, 71.18863388897395, 64.30485550359056, 38.373256016448266, 45.62797516162735, 54.88536368081055, 56.91891563914071, 65.1502283925019, 73.03006954821682, 78.44776658887804, 79.88640394735593, 78.45443832207494, 68.31908542866763, 57.850632685611366, 53.76715435333646, 80.16029869960951, 77.24239339031035, 80.8789824872288, 85.95424055380383, 89.38878145115538, 95.29025819556159, 101.78479812682168, 102.88916228476936, 101.86803283503185, 97.42018557912647, 92.62721142158328, 85.99450911296523, 82.70346133017942, 84.3665882511677, 88.98350510407823, 93.0859868248389, 99.26690015128686, 93.85589531287957, 89.74937387413597, 85.21888100376053, 42.78786833695219, 53.22069249534612, 69.0921598171368, 78.50078481108766, 93.55816976635958, 106.8535860793319, 120.32503639171759, 125.25462311226816, 138.40406466224113, 139.27194638241852, 134.23358151046344, 127.00404260233199, 123.86826448432386, 116.63247293772179, 113.0976970256212], [14.253597713112084, 10.654930881363143, 14.471695891944423, 25.888699958855447, 22.939114462750236, 20.071981758030596, 21.614485943518527, 53.213302856006685, 58.91280662951784, 67.7577129213908, 75.38555750600318, 84.7998522530414, 77.12647767437288, 69.93256811206359, 61.7685620434858, 17.27609806637329, 10.617285425472089, 6.438307491869429, 14.036496537664299, 26.02695903569962, 22.678362311213693, 11.04642892854306, 0.0, 8.827578169172677, 16.566418942504715, 54.181163437873806, 61.4539980549304, 68.52252502222068, 78.2553257528147, 86.04580090338546, 85.76605519368287, 77.62126276118867, 69.26783190237761, 61.100734697568775, 54.04668288962076, 27.698757810018957, 35.640491801026045, 45.873095569808775, 50.25979048967071, 58.07282367621262, 64.93305744257617, 69.55266423256705, 70.89485184637516, 69.23012648129207, 58.20253052885283, 47.33390464063489, 43.19121163291614, 75.9746409103429, 71.81272404529109, 74.12877117918707, 78.51357983123579, 81.39833368575049, 87.1718355488649, 93.73646307362081, 95.34052188115315, 94.82444233950125, 90.97826394772191, 86.91821489267716, 81.08632844242426, 77.82395193684945, 78.17380625604433, 81.86490706394189, 85.47969090536934, 91.36838478850167, 86.32536732922672, 82.71673737832214, 79.10736549122191, 52.22839994214874, 60.626602989214234, 73.74808606585337, 80.94729520380702, 95.07037190597082, 106.9649898987989, 119.09198708526577, 120.50829011982472, 132.86854813998607, 132.75151106450832, 127.21998127134454, 119.89517812978471, 116.43932235006778, 109.10759879692563, 105.72009816080693], [11.102092206111244, 12.556898974324989, 19.568116302415905, 31.06461860581002, 25.844995521419555, 20.404554076293387, 18.95009885332755, 44.88656803776198, 50.48322144752679, 59.31593984691187, 67.01217888599705, 76.69199230336521, 68.74758493386709, 61.49463919809221, 53.411363708358074, 9.771110865645369, 6.889861404297042, 11.091541328991475, 22.244777255145348, 33.96693884419434, 30.661493583059286, 19.71446624216367, 8.827578169172677, 0.0, 7.779604946052531, 45.75614254106399, 53.242868272564856, 60.41332803833036, 70.42856544800725, 78.2635122294418, 77.78987278652188, 69.43497582839889, 60.95220560260036, 52.63698129419442, 45.51933458560168, 19.008022233319178, 28.120018300143, 39.55664574151384, 45.733312433766116, 53.12273939852325, 59.15029084026357, 62.8583656462632, 63.79621325550818, 61.65847058423874, 50.43103562216799, 38.82055214199568, 34.39306306598312, 73.12929955043514, 68.09457049641661, 69.27932926236608, 72.95049047037318, 75.20151322447333, 80.63172785366928, 87.00660145586248, 89.17649689965897, 89.23868398464631, 86.03063886218405, 82.70719338988678, 77.57434307733874, 74.3716382062781, 73.67242495913342, 76.49585021431685, 79.53271970459033, 84.87560326181531, 80.427510056381, 77.39792465331399, 74.65077921623251, 59.04204223192315, 65.86437459870288, 77.00999185624659, 82.59156283508192, 96.01611417866913, 106.73596848950315, 117.67775777030172, 116.52822271786113, 127.70145045207994, 126.59084703948884, 120.61553824442689, 113.10703933909149, 109.36755833180827, 101.96700247530178, 98.83845085068012], [14.359378532342303, 18.624406700403345, 26.28308304844959, 37.41154693108021, 31.072144637891185, 24.42135398461662, 20.806240028532283, 38.20744393333056, 43.4838077906178, 52.1935004499884, 59.99452769020787, 70.081942081237, 61.83953185729139, 54.54515418715783, 46.62858557562656, 5.720348588353685, 10.239416989065784, 17.64172466650619, 29.709832107302606, 41.45676730164673, 38.24664492794599, 27.469794557164747, 16.566418942504715, 7.779604946052531, 0.0, 38.38871755521179, 46.06739103987863, 53.381943368066715, 63.758574720614526, 71.73885921593677, 71.1091944960224, 62.43841606421778, 53.77030155777089, 45.3320265303592, 38.11943254573663, 11.910121578395788, 22.772552383467033, 35.35579631658716, 43.64758641789346, 50.35832941666484, 55.26871579659167, 57.933790657414114, 58.51464884901284, 55.90837926306185, 44.226661297998575, 31.787324099914013, 26.845715111460922, 72.27482862995916, 66.39642652096381, 66.38056696445906, 69.27368934300517, 70.8567982950776, 75.93987380926782, 82.13925772246805, 84.88086474067438, 85.51717252953645, 82.96585997127379, 80.39460749601469, 76.02074589212656, 72.91089736725176, 71.1297420175689, 73.02335975468786, 75.45823781297365, 80.25530249164237, 76.40502564506838, 73.97883534472045, 72.15062842369863, 65.80398110180872, 71.77803995291521, 81.48663048842245, 85.7623146903029, 98.4923148111874, 108.1446216145996, 117.98948333132064, 114.36261308340417, 124.4305726102813, 122.31561010632545, 115.87596917709611, 108.16194958862025, 104.06941247185911, 96.4561388743594, 93.36989734411246], [48.613551248150976, 55.194600813596736, 63.050861157481194, 72.64125563841993, 65.89871524123092, 58.21923305613067, 51.68258923515169, 20.27798035356475, 15.46590995092419, 18.482731779140796, 26.294762798495864, 39.07690059040975, 31.465770766364532, 26.201963278149154, 22.64192676127231, 38.032838519855, 45.434357853716314, 53.22477152336533, 65.2166116242688, 76.47001331621303, 74.28600045805307, 64.43599463270228, 54.181163437873806, 45.75614254106399, 38.38871755521179, 0.0, 8.341392098055456, 15.866416388402865, 27.675805156758056, 36.67774328580442, 36.00178572343564, 25.53807824071535, 16.1062286216804, 8.514560265812557, 3.4624685976974567, 30.970455738245782, 37.4904498257321, 47.71814613227119, 59.80709697024556, 62.53175212633967, 61.94495903447846, 57.88813911544289, 54.63887089458912, 47.74528419702914, 40.52181830403045, 26.764082675368794, 16.7922087780853, 87.42963752672838, 79.59371620101847, 74.67995